cond r run.time ndiv nbfmi ntree nbulk ntail maxRhat nRhat alpha.cor alpha.bias alpha.abbias alpha.rmse alpha.CI beta.cor beta.bias beta.abbias beta.rmse beta.CI theta.cor theta.bias theta.abbias theta.rmse theta.CI lambda.bias lambda.abbias lambda.CI corrupt efficiency
58 1 444 0 0 0 0 0 1.0003 0 0.363 0.027 0.2432 0.2809 1.6981 0.971 -0.063 0.2656 0.3427 3.1179 0.6885 0.0184 0.5731 0.7206 4.1397 -0.2645 0.2645 0.5912 0 0
58 2 4010 28 0 8972 118 61 1.2135 105 0.9121 -0.1032 0.1263 0.1538 2.103 0.9911 -0.1835 0.3723 0.5034 5.8184 0.5106 -0.054 0.6844 0.8919 4.5309 -0.3372 0.3372 1.0575 1 1
58 3 483 22 0 0 0 0 1.0008 0 0.39 -0.1028 0.5168 0.5235 2.7753 0.9647 -0.5154 0.752 1.0221 8.6144 0.5622 -0.0711 0.6441 0.8339 4.4056 0.0576 0.0576 0.81 1 0
58 4 452 614 0 0 0 0 1.0028 0 -0.3036 -0.3634 0.3634 0.4293 2.1415 0.9304 -0.7785 1.3899 1.9233 17.3044 0.4963 0.1253 0.7 0.8881 5.2485 -0.0729 0.0729 1.3457 1 0
58 5 430 0 0 0 0 0 1.0013 0 -0.4627 0.3001 0.5958 0.6258 2.7052 0.9075 0.3698 0.4774 0.6959 6.3359 0.4883 0.0793 0.7192 0.9429 4.1343 -0.2263 0.2263 0.634 0 0
58 6 431 0 0 0 0 0 1.0009 0 0.1447 0.3314 0.3512 0.4188 1.9189 0.9676 0.0243 0.1825 0.2189 1.9963 0.6742 0.1221 0.6557 0.8323 4.0362 -0.1349 0.1349 0.5124 0 0
58 7 440 239 0 0 0 0 1.0005 0 0.7814 -0.4392 0.4392 0.4784 1.3288 0.9796 -0.926 1.2321 1.6667 19.7807 0.669 0.2158 0.6925 0.8601 4.7026 0.0405 0.0405 0.9724 1 0
58 8 414 197 0 0 0 0 1.0004 0 0.9999 -0.2793 0.2793 0.286 1.4081 0.9983 0.2142 1.5429 1.7887 18.1633 0.3525 -0.0829 0.7485 0.9568 4.8781 0.0988 0.0988 1.1509 1 0
58 9 460 0 0 0 0 0 1.0014 0 0.9193 0.074 0.1914 0.2012 1.9398 0.9506 0.0104 0.316 0.4166 7.1442 0.5252 0.0289 0.6849 0.8571 4.457 0.1337 0.1337 0.6013 0 0
58 10 442 0 0 0 0 0 1.0005 0 0.7979 -0.0305 0.2363 0.2503 1.6436 0.9766 0.4258 0.452 0.6011 6.676 0.6861 0.0646 0.628 0.8134 4.3391 -0.0454 0.0454 0.7122 0 0
58 11 439 7 0 0 0 0 1.0011 0 -0.164 -0.107 0.2961 0.3678 2.0284 0.9869 -0.279 0.6979 0.9623 13.2366 0.5576 0.081 0.7682 0.959 4.5872 -0.004 0.004 0.9023 1 0
58 12 433 0 0 0 0 0 1.0008 0 0.9883 0.2008 0.2008 0.2207 2.0012 0.9904 -0.3583 0.3583 0.4177 3.6536 0.6122 -0.2991 0.6646 0.8458 4.3221 -0.1701 0.1701 0.6878 0 0
58 13 443 0 0 0 0 0 1.0001 0 -0.2366 -0.1431 0.3131 0.319 1.425 0.9833 -0.3231 0.4207 0.5129 5.2605 0.6701 -0.1097 0.6118 0.7693 4.2828 0.1372 0.1372 0.5745 0 0
58 14 450 0 0 0 0 0 1.0008 0 0.7888 0.2327 0.3159 0.3529 2.3044 0.9545 -0.1175 0.2827 0.3579 4.9403 0.6049 -0.0865 0.705 0.8814 4.2456 -0.0599 0.0599 0.6326 0 0
58 15 436 0 0 0 0 0 1.0003 0 -0.9172 -0.1698 0.5536 0.5617 2.2694 0.9888 -0.3444 0.4018 0.5919 5.929 0.6896 -0.0079 0.6018 0.7602 4.3846 0.2109 0.2109 0.5077 0 0
58 16 478 4 0 0 0 0 1.001 0 0.0948 -0.2759 0.5958 0.6165 2.0124 0.8164 -0.7334 1.2225 1.863 19.3435 0.5091 -0.041 0.6852 0.8675 4.3092 -0.5416 0.5416 0.8065 1 0
58 17 445 1 0 0 0 0 1.0008 0 0.9999 -0.1519 0.1542 0.2071 1.5219 0.9424 0.0401 0.4554 0.7626 7.8344 0.6302 -0.0636 0.5823 0.7174 4.2969 0.0354 0.0354 0.7023 1 0
58 18 441 14 0 0 0 0 1.0009 0 0.9157 0.0372 0.2115 0.2144 1.6203 0.9849 -0.2964 0.3014 0.41 4.588 0.6275 -0.098 0.6272 0.8167 4.5192 -0.0639 0.0639 0.9372 1 0
58 19 458 3 0 0 0 0 1.0004 0 0.8599 -0.2974 0.2974 0.3636 1.4416 0.8934 -0.042 0.4796 0.6449 6.5502 0.6678 -0.2551 0.6926 0.8373 4.5827 0.2097 0.2097 0.5733 1 0
58 20 472 12 0 0 0 0 1.001 0 0.6057 -0.2977 0.2977 0.3846 1.6685 0.9746 -0.4272 0.4407 0.6416 5.5764 0.6 0.1028 0.7086 0.8941 4.8747 0.2979 0.2979 0.6071 1 0
58 21 450 0 0 0 0 0 1.0002 0 -0.0142 0.1442 0.3227 0.3252 1.5904 0.9825 -0.0205 0.23 0.2656 2.9293 0.6152 -0.0276 0.6245 0.8233 4.2188 -0.0234 0.0234 0.6717 0 0
58 22 431 0 0 0 0 0 1.0005 0 0.1892 -0.0969 0.2758 0.348 1.7468 0.9474 -0.4574 0.5414 0.9636 11.7701 0.6174 0.0506 0.6144 0.7798 4.139 -0.1961 0.1961 0.816 0 0
58 23 453 15 0 0 0 0 1.002 0 0.5153 -0.3099 0.3099 0.3677 1.5386 0.989 0.0215 0.3337 0.3889 5.797 0.6098 0.0658 0.5762 0.7426 4.5224 -0.0522 0.0522 0.9334 1 0
58 24 449 16 0 0 0 0 1.0008 0 -0.6974 -0.3639 0.3969 0.5329 1.7192 0.824 -1.3269 1.4385 2.5186 23.0269 0.5297 -0.0398 0.692 0.8603 4.6732 -0.0949 0.0949 0.9719 1 0
58 25 451 0 0 0 0 0 1.0005 0 -0.778 0.2198 0.3547 0.4954 2.193 0.9677 0.3178 0.3178 0.3823 2.2486 0.6211 0.0917 0.6534 0.8455 4.1658 -0.2049 0.2049 0.5829 0 0
58 26 444 0 0 0 0 0 1.0004 0 0.8901 0.0457 0.1728 0.178 1.4041 0.9962 0.0949 0.1147 0.1341 1.8324 0.7464 0.1253 0.5538 0.7111 4.1123 -0.0347 0.0347 0.5526 0 0
58 27 457 1 0 0 0 0 1.0003 0 0.9836 -0.2865 0.2865 0.2897 1.472 0.9809 -0.084 0.4996 0.6179 6.9815 0.6826 -0.1544 0.5431 0.709 4.3047 0.0728 0.0728 0.7039 1 0
58 28 515 0 0 0 0 0 1.0019 0 -0.9946 -0.0596 0.379 0.431 2.1207 0.9593 0.4522 0.5737 0.9904 10.2461 0.5631 0.1713 0.7192 0.9108 4.3349 -0.0054 0.0054 0.83 0 0
58 29 462 0 0 0 0 0 1.0009 0 0.9881 -0.1613 0.1613 0.164 1.5839 0.9773 0.0347 0.2444 0.3223 3.6418 0.645 0.0878 0.5454 0.7082 4.2731 -0.0875 0.0875 0.6505 0 0
58 30 425 0 0 0 0 0 1.0006 0 0.8589 -0.0012 0.1593 0.1756 1.8434 0.986 -0.0325 0.1386 0.1733 3.3106 0.6034 -0.1284 0.6628 0.8489 4.3069 0.1089 0.1089 0.6529 0 0
58 31 639 377 0 0 0 0 1.0024 0 -0.9971 -0.2188 0.2958 0.327 1.8888 0.9921 0.3444 1.0145 1.2177 13.9422 0.4671 -0.0721 0.7095 0.9158 5.5357 -0.1906 0.1906 1.4376 1 0
58 32 423 93 0 0 0 0 1.0017 0 0.704 0.2203 0.2926 0.3656 2.3326 0.9712 -0.3458 0.3874 0.44 3.2671 0.5266 -0.2013 0.6826 0.8409 5.0172 0.0235 0.0235 0.9107 1 0
58 33 459 8 0 0 0 0 1.0023 0 0.9612 -0.1978 0.2524 0.2911 1.9725 0.9864 -0.08 0.1671 0.2009 4.5492 0.7154 -0.2751 0.6354 0.8507 4.3918 -0.004 0.004 0.8158 1 0
58 34 448 3 0 0 0 0 1.0007 0 0.9813 -0.064 0.1834 0.2255 1.4181 0.994 0.0725 0.2096 0.2658 5.2156 0.642 0.0587 0.6359 0.8035 4.6328 0.1817 0.1817 0.7286 1 0
58 35 472 0 0 0 0 0 1.0012 0 0.8236 0.2009 0.2049 0.3199 1.8821 0.9699 -0.1418 0.2167 0.2774 2.3716 0.7191 -0.2055 0.6074 0.7575 4.1657 -0.1013 0.1013 0.5902 0 0
58 36 447 0 0 0 0 0 1.0004 0 0.6901 0.0356 0.2692 0.3002 1.3925 0.9665 0.0075 0.2158 0.2583 2.1262 0.6268 0.1384 0.6391 0.8075 4.3062 0.134 0.134 0.5397 0 0
58 37 463 244 0 0 0 0 1.0036 0 -0.6246 -0.3867 0.3867 0.4758 1.9277 0.9691 0.8459 1.3921 1.75 17.241 0.4947 0.0771 0.6752 0.8451 4.6148 -0.1585 0.1585 1.2354 1 0
58 38 448 0 0 0 0 0 1.0004 0 0.635 -0.1929 0.2248 0.2852 1.7194 0.9684 0.0486 0.4004 0.5686 5.9113 0.5748 -0.0532 0.609 0.8012 4.3118 -0.2447 0.2447 0.7755 0 0
58 39 462 0 0 0 0 0 1.0004 0 0.7548 -0.0328 0.1511 0.1772 1.5253 0.98 0.0152 0.2198 0.2619 3.3416 0.6326 0.2425 0.6263 0.8337 4.1503 -0.0362 0.0362 0.5868 0 0
58 40 444 6 0 0 0 0 1.0016 0 0.1526 -0.24 0.3697 0.4583 2.3191 0.9728 -0.5663 0.6476 0.7884 10.3871 0.5082 0.0602 0.6879 0.8586 4.318 -0.2318 0.2318 0.8891 1 0
58 41 431 0 0 0 0 0 1.0009 0 -0.7902 0.1097 0.2388 0.2458 1.7476 0.9919 -0.0696 0.1384 0.1534 2.249 0.6478 -0.0342 0.6033 0.7418 4.1834 -0.0776 0.0776 0.6714 0 0
58 42 527 11 0 0 0 0 1.004 0 -0.9557 -0.1933 0.5334 0.5444 2.3936 0.9595 -0.9821 1.3353 2.1573 21.3038 0.4327 0.0367 0.7564 0.943 4.967 0.1134 0.1134 0.9667 1 0
58 43 475 0 0 0 0 0 1.0004 0 0.9994 -0.0558 0.0558 0.0689 1.3471 0.9896 0.0635 0.1578 0.2121 1.7999 0.6533 0.0228 0.6375 0.7784 4.2209 0.1082 0.1082 0.4815 0 0
58 44 454 120 0 0 0 0 1.0019 0 -0.8563 -0.0586 0.264 0.2891 2.4876 0.9319 0.5319 0.6813 1.0294 13.7574 0.4986 -0.0475 0.668 0.8415 4.7812 0.0333 0.0333 1.1153 1 0
58 45 454 10 0 0 0 0 1.001 0 0.9947 -0.2185 0.2185 0.2412 1.5274 0.9834 -0.3586 0.5637 0.7477 11.7089 0.5894 0.1693 0.7209 0.9186 4.5483 0.1332 0.1332 0.7403 1 0
58 46 455 0 0 0 0 0 1.0009 0 -0.9543 0.0463 0.3502 0.3701 1.6288 0.9441 -0.426 0.4915 0.6983 5.871 0.5513 -0.067 0.6687 0.8467 4.1651 -0.0549 0.0549 0.7386 0 0
58 47 458 1 0 0 0 0 1.0024 0 0.9914 -0.1061 0.3177 0.3293 2.4415 0.9752 -0.2413 0.9481 1.2414 13.4039 0.6171 -0.0784 0.6527 0.8299 4.355 -0.035 0.035 0.9788 1 0
58 48 424 0 0 0 0 0 1.0014 0 0.8386 0.1512 0.2717 0.3173 1.8788 0.9639 0.0987 0.2753 0.4157 5.8149 0.667 -0.0174 0.6751 0.8468 4.2374 0.0672 0.0672 0.5697 0 0
58 49 468 5 0 0 0 0 1.0006 0 -0.7941 -0.6119 0.6119 0.7356 1.4904 0.9636 0.2846 1.6768 1.9742 13.265 0.5557 0.0521 0.6438 0.8261 4.4983 -0.013 0.013 0.9584 1 0
58 50 415 1 0 0 0 0 1.0011 0 -0.9165 -0.1612 0.4534 0.4539 2.1146 0.9757 -0.4747 0.6075 0.8683 10.4751 0.541 -0.0035 0.6835 0.8682 4.4429 -0.284 0.284 0.947 1 0
58 51 446 4 0 0 0 0 1.0011 0 0.1865 0.0501 0.1845 0.2279 1.7228 0.9778 -0.1268 0.4021 0.5692 8.2703 0.4167 0.0114 0.7497 0.96 4.2399 -0.2885 0.2885 0.872 1 0
58 52 461 61 0 0 0 0 1.0008 0 0.9637 -0.0178 0.0445 0.0457 1.5086 0.994 -0.1723 0.2379 0.3365 9.7711 0.591 0.1196 0.6553 0.8184 4.7028 0.053 0.053 0.9179 1 0
58 53 453 0 0 0 0 0 1.0004 0 0.1044 -0.1506 0.1625 0.1986 1.5868 0.9922 -0.2121 0.36 0.4919 6.1844 0.6009 -0.1083 0.6844 0.8985 4.1053 -0.2063 0.2063 0.7339 0 0
58 54 445 0 0 0 0 0 1.0006 0 0.0763 -0.0208 0.17 0.1979 1.8254 0.9823 0.1218 0.2992 0.3832 5.7428 0.5477 0.0203 0.6314 0.7915 4.2167 -0.2676 0.2676 0.8493 0 0
58 55 475 0 0 0 0 0 1.0008 0 -0.0158 -0.0252 0.2822 0.3138 1.8429 0.9352 -0.2697 0.5531 0.9068 11.5993 0.5067 -0.0648 0.7171 0.8966 4.3878 0.1876 0.1876 0.6021 0 0
58 56 451 0 0 0 0 0 1.0013 0 0.0806 0.0399 0.294 0.3631 2.28 0.8824 -0.7151 0.9005 1.4937 17.9878 0.551 0.0587 0.6385 0.7973 4.3414 -0.0957 0.0957 0.8044 0 0
58 57 423 0 0 0 0 0 1.0009 0 0.0565 0.0513 0.13 0.1679 1.9706 0.9941 0.0408 0.1552 0.1784 6.974 0.5003 0.0696 0.7365 0.9096 4.4832 -0.2958 0.2958 0.8884 0 0
58 58 437 9 0 0 0 0 1.0003 0 0.4053 -0.0797 0.1433 0.1819 1.876 0.9868 -0.1513 0.6566 0.7775 9.4546 0.4871 -0.031 0.6818 0.8582 4.4407 0.0844 0.0844 0.8332 1 0
58 59 448 8 0 0 0 0 1.0005 0 0.9999 -0.0495 0.2227 0.2359 1.7945 0.9762 -0.3016 0.3195 0.4669 6.6238 0.6468 -0.0826 0.6307 0.8006 4.4163 0.1619 0.1619 0.6753 1 0
58 60 443 0 0 0 0 0 1.0017 0 0.7278 0.0252 0.2899 0.3265 2.4725 0.9819 0.1785 0.2363 0.3016 4.34 0.633 0.1603 0.6907 0.8497 4.12 -0.1836 0.1836 0.6745 0 0
58 61 448 0 0 0 0 0 1.0002 0 0.991 -0.2335 0.2335 0.2747 1.731 0.9731 -0.0831 0.3258 0.4782 3.8763 0.638 -0.0747 0.6006 0.7613 4.2681 -0.056 0.056 0.6564 0 0
58 62 459 0 0 0 0 0 1.0003 0 0.1019 0.0174 0.26 0.2847 1.6652 0.9854 0.047 0.1858 0.2149 2.8075 0.5809 0.1985 0.6465 0.835 4.2692 -0.1271 0.1271 0.6846 0 0
58 63 424 67 0 0 0 0 1.0006 0 0.9849 -0.2315 0.2765 0.3187 1.565 0.9478 0.9566 1.1089 1.5988 14.7275 0.5156 0.0091 0.6747 0.8492 5.1943 0.3636 0.3636 0.5873 1 0
58 64 422 9 0 0 0 0 1.0014 0 -0.983 -0.0568 0.5232 0.5657 2.965 0.957 1.0047 1.024 1.3861 14.4152 0.5048 -0.0836 0.6887 0.8605 4.2567 -0.2074 0.2074 0.8937 1 0
58 65 470 0 0 0 0 0 1.0014 0 -0.9816 -0.0353 0.2371 0.2723 1.6879 0.9537 0.096 0.3288 0.4074 3.7635 0.6149 0.1089 0.5732 0.7431 4.1405 -0.1341 0.1341 0.6747 0 0
58 66 453 3 0 0 0 0 1.0012 0 0.1965 -0.054 0.1555 0.1721 2.5747 0.9842 0.1719 0.4215 0.5598 8.5791 0.5686 -0.0184 0.6954 0.8625 4.2726 -0.0902 0.0902 0.854 1 0
58 67 421 1 0 0 0 0 1.0008 0 0.2476 0.0995 0.4402 0.5119 3.5183 0.9719 0.1892 0.4173 0.7116 10.9847 0.5639 -0.0258 0.6477 0.8383 4.4145 -0.1152 0.1152 0.7821 1 0
58 68 471 0 0 0 0 0 1.0015 0 0.0305 0.2026 0.3445 0.3584 2.4121 0.9597 -0.1799 0.3215 0.4125 4.0581 0.5933 0.1086 0.6218 0.8154 4.2903 -0.2718 0.2718 0.7444 0 0
58 69 458 50 0 0 0 0 1.0008 0 0.1556 -0.1293 0.3999 0.4011 1.6412 0.9383 -0.0576 0.3846 0.4425 3.1687 0.6393 0.0103 0.7173 0.9018 4.7935 0.2755 0.2755 0.673 1 0
58 70 445 0 0 0 0 0 1.0005 0 0.7059 0.0543 0.1683 0.1918 1.7393 0.9589 -0.1779 0.2725 0.3325 3.1456 0.6581 0.065 0.631 0.8133 4.211 0.1049 0.1049 0.5199 0 0
58 71 459 0 0 0 0 0 1.0012 0 0.444 -0.207 0.2674 0.3042 1.7274 0.9893 -0.2971 0.3909 0.5726 8 0.5915 0.0291 0.6662 0.8576 4.3707 -0.3685 0.3685 0.9362 0 0
58 72 580 903 0 0 0 0 1.0037 0 -0.7854 -0.4294 0.4294 0.6125 1.6661 0.9487 1.193 1.706 2.4567 21.9646 0.5683 -0.3044 0.7327 0.9237 5.9559 0.1938 0.1938 0.9961 1 0
58 73 433 14 0 0 0 0 1.0003 0 -0.4449 -0.2112 0.3237 0.3466 1.9331 0.9862 0.375 0.5481 0.6801 7.5395 0.6319 0.1047 0.6288 0.8098 4.2459 -0.0731 0.0731 0.8125 1 0
58 74 441 0 0 0 0 0 1.0007 0 -0.0172 -0.004 0.3464 0.389 1.9029 0.9794 0.2777 0.5547 0.6008 8.6233 0.4773 0.1685 0.7183 0.8949 4.093 -0.164 0.164 0.7826 0 0
58 75 475 0 0 0 0 0 1.0009 0 -0.2825 0.0572 0.2132 0.2152 1.951 0.9741 0.149 0.2257 0.3489 4.209 0.4687 0.1171 0.7449 0.9229 4.9415 0.189 0.189 0.7233 0 0
58 76 428 0 0 0 0 0 1.0018 0 -0.8893 -0.098 0.3933 0.4745 1.8122 0.8646 0.2064 0.4337 0.5632 3.3174 0.6443 0.1746 0.6519 0.8313 4.5463 -0.0576 0.0576 0.8909 0 0
58 77 446 2 0 0 0 0 1.0005 0 0.1728 -0.2475 0.327 0.3914 1.6585 0.9872 0.1695 0.3603 0.5424 4.9975 0.6738 -0.0215 0.6528 0.8467 4.5515 0.1226 0.1226 0.773 1 0
58 78 474 0 0 0 0 0 1.0008 0 0.9242 -0.0693 0.1483 0.16 1.5613 0.9887 -0.1042 0.2377 0.271 4.2237 0.6863 0.1597 0.5504 0.7254 4.0744 -0.1106 0.1106 0.5624 0 0
58 79 434 0 0 0 0 0 1.0004 0 -0.0478 0.146 0.1489 0.2413 1.5851 0.9841 0.0442 0.1788 0.2104 2.7143 0.6871 -0.0228 0.6544 0.813 4.3245 0.1164 0.1164 0.6178 0 0
58 80 426 2 0 0 0 0 1.0026 0 -0.9496 -0.3903 0.6358 0.7377 3.0173 0.9728 2.3426 2.8479 4.49 37.0606 0.3858 -0.1378 0.7626 0.9611 4.3731 -0.3668 0.3668 1.0768 1 0
58 81 421 0 0 0 0 0 1.0002 0 0.674 -0.2392 0.2656 0.3119 2.0063 0.9875 0.6996 0.6996 0.8696 11.3888 0.6057 -0.0046 0.65 0.8302 4.2785 -0.1125 0.1125 0.9366 0 0
58 82 438 0 0 0 0 0 1.0003 0 0.9481 -0.0639 0.351 0.4079 1.9874 0.845 -0.3621 0.8945 1.5081 16.6606 0.5972 -0.018 0.6337 0.8097 4.3323 0.1419 0.1419 0.6133 0 0
58 83 453 28 0 0 0 0 1.0006 0 0.9961 -0.2201 0.2201 0.2399 2.066 0.9805 -0.4373 1.0755 1.7456 21.0365 0.5585 -0.0899 0.6991 0.8714 4.3545 -0.005 0.005 0.9239 1 0
58 84 457 0 0 0 0 0 1.0004 0 0.1222 0.3103 0.3363 0.5602 2.1233 0.9758 -0.0606 0.1762 0.2573 2.1081 0.6139 -0.0072 0.6156 0.7856 4.0845 -0.2456 0.2456 0.5087 0 0
58 85 416 0 0 0 0 0 1.0001 0 0.7066 -0.0811 0.2108 0.2717 1.9166 0.9395 -1.5435 1.6445 2.9326 32.748 0.6243 -0.1723 0.7117 0.9214 4.2266 -0.0592 0.0592 0.8233 0 0
58 86 480 346 0 0 0 0 1.0013 0 0.9233 -0.0928 0.1093 0.1299 1.4419 0.9886 -0.249 0.2681 0.312 3.5197 0.5988 -0.3945 0.7507 0.924 5.128 0.368 0.368 0.5953 1 0
58 87 407 1 0 0 0 0 1.0005 0 0.3982 -0.2879 0.4593 0.5376 1.6019 0.9395 0.1664 0.6323 0.8357 8.6972 0.5789 -0.0017 0.6325 0.8359 4.3479 -0.0649 0.0649 0.8946 1 0
58 88 436 375 0 0 0 0 1.0045 0 -0.8095 -0.2011 0.3906 0.5042 2.0288 0.8953 -0.954 1.1136 2.1448 23.9674 0.4627 0.214 0.7309 0.9201 4.6598 -0.0258 0.0258 1.0625 1 0
58 89 467 0 0 0 0 0 1.0007 0 0.3445 -0.1055 0.2628 0.2848 1.6917 0.9795 -0.2486 0.4162 0.4976 4.9318 0.5676 -0.0638 0.6627 0.8335 4.2533 -0.4612 0.4612 0.8371 0 0
58 90 447 0 0 0 0 0 1.0007 0 -0.0374 0.1757 0.1864 0.2223 1.5707 0.992 -0.0599 0.1482 0.1656 3.368 0.6951 0.144 0.6131 0.7974 4.2789 -0.0544 0.0544 0.7583 0 0
58 91 415 2 0 0 0 0 1.0019 0 -0.626 -0.0512 0.3863 0.395 2.9277 0.9387 -0.4615 0.6373 0.7836 9.7832 0.4911 -0.0605 0.7879 0.9932 4.3569 -0.3404 0.3404 0.8745 1 0
58 92 470 0 0 0 0 0 1.0009 0 0.0183 0.0297 0.2156 0.2208 1.6527 0.9917 0.2391 0.3358 0.4716 6.1055 0.5427 -0.0245 0.6817 0.8452 4.3085 0.0845 0.0845 0.6373 0 0
58 93 422 6 0 0 0 0 1.0015 0 -0.7067 -0.0691 0.2845 0.2922 2.8093 0.9701 0.2595 0.4814 0.7279 9.4638 0.5426 0.0946 0.7079 0.9109 4.4854 -0.1756 0.1756 1.0418 1 0
58 94 436 0 0 0 0 0 1.0014 0 0.5654 -0.017 0.2897 0.3355 2.0207 0.8861 0.4831 0.6829 1.1239 10.2249 0.579 0.0258 0.6564 0.8257 4.4306 0.0534 0.0534 0.7546 0 0
58 95 415 0 0 0 0 0 1.0012 0 -0.2256 -0.0559 0.1961 0.2405 1.8912 0.9885 -0.0051 0.3687 0.4385 6.2306 0.5667 0.04 0.6989 0.893 4.3169 0.0704 0.0704 0.7174 0 0
58 96 409 1 0 0 0 0 1.0005 0 0.566 0.1347 0.1427 0.2049 1.5093 0.9894 -0.097 0.1635 0.2092 3.297 0.6211 -0.0885 0.6099 0.7731 4.4675 0.0702 0.0702 0.7426 1 0
58 97 430 3 0 0 0 0 1.0003 0 -0.9937 -0.3186 0.3952 0.4427 1.7583 0.9814 -0.1623 1.2726 1.6176 13.1534 0.5554 -0.0541 0.6992 0.8944 4.3942 -0.3282 0.3282 1.0399 1 0
58 98 459 0 0 0 0 0 1.0003 0 0.9589 -0.0828 0.1441 0.1667 2.1846 0.9829 -0.1419 0.2306 0.3099 3.6483 0.5651 -0.0316 0.6181 0.8029 4.2525 -0.471 0.471 0.7083 0 0
58 99 2383 999 0 190 43 155 1.04 181 0.8515 -0.2706 0.2706 0.2991 1.653 0.9521 0.2558 0.5364 0.6673 11.8915 0.4627 -0.2325 0.6829 0.8552 6.8058 -0.0237 0.0237 1.2477 1 1
58 100 436 0 0 0 0 0 1.0005 0 -0.0312 0.0402 0.2714 0.2773 2.0432 0.9692 0.2964 0.3855 0.502 6.3825 0.5905 -0.0369 0.6877 0.866 4.2893 -0.1644 0.1644 0.826 0 0
58 101 425 41 0 0 0 0 1.0005 0 0.7826 -0.1949 0.1949 0.2252 1.5068 0.9825 -0.0633 0.2396 0.3344 3.5538 0.5278 -0.0061 0.6499 0.8446 4.5565 0.1256 0.1256 0.7716 1 0
58 102 444 1 0 0 0 0 1.0008 0 -0.9988 -0.1482 0.2439 0.3347 1.7666 0.9655 -0.3485 0.507 0.9433 10.9609 0.5688 0.0693 0.7176 0.9014 4.2767 0.0892 0.0892 0.6726 1 0
58 103 499 135 0 0 0 0 1.0016 0 0.5702 -0.229 0.229 0.264 1.3233 0.9562 0.0943 0.4995 0.8213 7.0885 0.4589 0.137 0.7462 0.9518 5.0961 0.3384 0.3384 0.7017 1 0
58 104 441 0 0 0 0 0 1.0011 0 0.8964 0.0469 0.2603 0.2965 2.3569 0.9258 -0.448 0.5281 0.87 10.4173 0.6735 -0.0089 0.5799 0.7363 4.356 -0.0773 0.0773 0.6513 0 0
58 105 471 2 0 0 0 0 1.0004 0 -0.8752 -0.2706 0.4435 0.6316 1.4463 0.9519 -0.4851 0.6306 1.052 9.8115 0.5423 -0.0242 0.6313 0.8339 4.3536 0.1478 0.1478 0.6882 1 0
58 106 469 0 0 0 0 0 1.0023 0 -0.8897 -0.1091 0.5425 0.6249 2.357 0.8717 -1.6991 1.7574 2.8939 25.8209 0.45 -0.241 0.6981 0.9015 4.4095 -0.3575 0.3575 0.7916 0 0
58 107 417 9 0 0 0 0 1.0023 0 -0.2276 -0.1034 0.3648 0.3713 2.1452 0.9046 -0.608 0.7544 0.9894 9.6446 0.4911 0.0019 0.6698 0.8578 4.7051 -0.5327 0.5327 1.0079 1 0
58 108 458 0 0 0 0 0 1.0015 0 0.9694 0.059 0.1222 0.1605 2.722 0.9397 0.0338 0.3407 0.4237 6.0975 0.6243 0.0728 0.6763 0.8617 4.231 0.0159 0.0159 0.6487 0 0
58 109 472 48 0 0 0 0 1.0009 0 0.9934 -0.1689 0.1689 0.2075 1.6658 0.9883 -0.0378 0.4155 0.5003 7.6965 0.6617 0.0748 0.6042 0.7859 4.752 0.0907 0.0907 0.8948 1 0
58 110 464 0 0 0 0 0 1.002 0 0.1511 0.0095 0.1056 0.117 2.5147 0.9789 0.178 0.2813 0.3822 5.1564 0.5941 0.0655 0.7155 0.8864 4.4277 -0.1916 0.1916 0.9166 0 0
58 111 452 0 0 0 0 0 1.0006 0 -0.9895 -0.211 0.5146 0.5166 2.076 0.9505 -0.0493 0.6817 0.9502 7.0154 0.5326 0.0059 0.6542 0.7997 4.2393 0.0059 0.0059 0.6443 0 0
58 112 429 0 0 0 0 0 1.0005 0 0.5121 -0.189 0.2923 0.3392 1.6616 0.8896 0.148 0.7368 1.0751 9.7116 0.5533 0.0973 0.7108 0.9166 4.4313 0.1842 0.1842 0.6099 0 0
58 113 434 0 0 0 0 0 1.0006 0 0.866 -0.2621 0.2621 0.2929 1.5248 0.9874 -0.2057 0.4476 0.5607 8.0231 0.6733 0.0452 0.6508 0.8017 4.443 -0.2175 0.2175 0.9179 0 0
58 114 433 8 0 0 0 0 1.0053 0 -0.3848 -0.0965 0.3343 0.4036 3.4353 0.9701 1.1336 1.1828 1.7007 17.5192 0.4263 0.1458 0.7232 0.9509 4.3047 -0.2909 0.2909 1.0069 1 0
58 115 439 0 0 0 0 0 1.0004 0 0.9968 -0.2962 0.2962 0.3033 1.5134 0.9906 -0.0786 0.2411 0.3234 3.9996 0.6289 -0.1236 0.6361 0.8227 4.3472 0.0336 0.0336 0.7953 0 0
58 116 420 0 0 0 0 0 1.0015 0 -0.1982 -0.0062 0.3907 0.4743 2.1678 0.9559 -0.5379 0.714 1.221 14.3001 0.6086 0.1733 0.6665 0.8385 4.2721 0.0233 0.0233 0.6996 0 0
58 117 449 0 0 0 0 0 1.0004 0 0.5952 -0.0803 0.2685 0.2687 1.4403 0.969 0.4107 0.4851 0.5646 3.9758 0.6309 0.0615 0.7099 0.9032 4.3219 0.1584 0.1584 0.5351 0 0
58 118 433 0 0 0 0 0 1.0005 0 -0.1912 0.0271 0.1699 0.1778 1.7941 0.9789 -0.0339 0.1908 0.2501 3.7374 0.4286 -0.075 0.6956 0.8645 4.4347 -0.0102 0.0102 0.8067 0 0
58 119 455 0 0 0 0 0 1.0009 0 0.8921 -0.0358 0.1444 0.1631 1.9006 0.9825 -0.1931 0.3225 0.351 2.2758 0.6599 -0.0634 0.6763 0.8517 4.3419 0.0828 0.0828 0.553 0 0
58 120 459 0 0 0 0 0 1.0003 0 0.1713 0.1298 0.4791 0.6067 2.4353 0.9645 -0.2102 0.3092 0.3736 4.3325 0.643 -0.1058 0.7282 0.9132 4.174 0.0366 0.0366 0.5784 0 0
58 121 449 2 0 0 0 0 1.0006 0 0.4834 -0.1082 0.3541 0.3637 2.1946 0.9866 0.3372 0.4686 0.6647 7.7162 0.5967 0.2003 0.7193 0.9022 4.4817 0.0886 0.0886 0.7442 1 0
58 122 457 1 0 0 0 0 1.0009 0 -0.2568 0.2357 0.3904 0.5535 4.2802 0.9625 0.0148 0.3129 0.4121 7.3849 0.4334 0.1802 0.7952 0.9493 4.3637 0.1016 0.1016 0.6592 1 0
58 123 420 2 0 0 0 0 1.0008 0 0.1885 -0.2515 0.2515 0.2931 1.6356 0.9934 -0.4151 0.5984 0.7638 7.0224 0.6162 -0.1715 0.6195 0.8014 4.3552 -0.0049 0.0049 0.7536 1 0
58 124 452 0 0 0 0 0 1.0004 0 0.9328 0.0393 0.0781 0.0837 1.5148 0.9922 0.1679 0.1703 0.2059 1.5003 0.7375 0.1358 0.5514 0.7049 4.3608 -1e-04 1e-04 0.6258 0 0
58 125 441 39 0 0 0 0 1.0011 0 0.8869 -0.1267 0.1267 0.1475 1.5962 0.9765 -0.1003 0.4394 0.5255 6.0522 0.4939 0.0346 0.692 0.891 4.8501 -0.1006 0.1006 1.1794 1 0
58 126 421 0 0 0 0 0 1.0007 0 -0.9501 0.0543 0.3749 0.4405 2.635 0.9284 -0.1211 0.394 0.5009 4.9867 0.5011 0.0099 0.6938 0.8694 4.4319 -0.0656 0.0656 0.8193 0 0
58 127 606 135 0 0 0 0 1.0009 0 0.3777 -0.3142 0.4563 0.5029 1.6115 0.9469 0.358 0.7562 1.1662 9.7736 0.5941 0.168 0.6535 0.8419 5.2012 0.2316 0.2316 0.7821 1 0
58 128 425 4 0 0 0 0 1.001 0 0.6684 -0.1591 0.2479 0.3075 1.9983 0.9817 -0.1171 0.2864 0.3516 5.8326 0.6042 -0.0371 0.6485 0.8207 4.5257 -0.0529 0.0529 0.8268 1 0
58 129 440 59 0 0 0 0 1.0015 0 -0.1645 -0.3433 0.3433 0.4418 1.912 0.975 -0.3334 2.0604 2.7311 22.5417 0.5816 0.0527 0.6932 0.9103 4.3915 -0.2313 0.2313 1.1934 1 0
58 130 448 0 0 0 0 0 1.0003 0 -0.9959 -0.0715 0.3771 0.4314 1.6447 0.9456 -0.3888 0.5422 0.7291 6.1276 0.593 -0.0731 0.6609 0.8393 4.652 0.2442 0.2442 0.5377 0 0
58 131 416 1 0 0 0 0 1.002 0 -0.0992 0.1164 0.3256 0.406 2.6549 0.9819 0.0044 0.2926 0.3611 9.4367 0.584 -0.0461 0.7065 0.919 4.8742 -0.0837 0.0837 1.0316 1 0
58 132 414 0 0 0 0 0 1.0039 0 0.9123 -0.0617 0.2 0.2475 2.2393 0.9864 0.0424 0.25 0.3091 6.2542 0.5531 0.1231 0.6747 0.8525 4.0964 -0.1537 0.1537 0.7026 0 0
58 133 422 0 0 0 0 0 1.0004 0 0.5149 -0.0508 0.2021 0.2129 1.6099 0.9603 -0.3894 0.5056 0.611 6.4312 0.549 -0.1008 0.6831 0.8721 4.0981 -0.2987 0.2987 0.6914 0 0
58 134 436 5 0 0 0 0 1.0017 0 0.8714 -0.1231 0.1374 0.2243 1.8551 0.9939 -0.2693 0.371 0.4722 5.0193 0.5676 -0.1106 0.6745 0.8629 4.5758 -0.0295 0.0295 0.9348 1 0
58 135 427 42 0 0 0 0 1.0021 0 -0.9667 -0.2246 0.2771 0.4359 2.5713 0.9733 -1.3273 1.4635 2.1818 24.8316 0.4919 -0.0278 0.6831 0.8662 4.4625 -0.1751 0.1751 1.2285 1 0
58 136 471 0 0 0 0 0 1.0023 0 0.8922 -0.1047 0.1725 0.2436 1.6408 0.9827 -0.2715 0.333 0.3678 3.8786 0.6672 -0.1978 0.68 0.844 4.1656 -0.0258 0.0258 0.6144 0 0
58 137 455 0 0 0 0 0 1.0008 0 0.9732 0.1232 0.1232 0.1375 1.7172 0.9944 0.2767 0.2772 0.3486 1.5491 0.7254 0.1919 0.6337 0.8037 4.1521 0.035 0.035 0.55 0 0
58 138 438 0 0 0 0 0 1.0019 0 -0.2303 0.0658 0.5139 0.546 2.1243 0.9436 -0.2608 0.4431 0.5053 2.892 0.5887 -0.1334 0.693 0.8677 4.1859 -0.1159 0.1159 0.6533 0 0
58 139 453 0 0 0 0 0 1.0008 0 -0.1902 0.3218 0.3218 0.5268 2.3309 0.9781 0.039 0.1936 0.2528 3.3559 0.534 -0.0733 0.6992 0.8955 4.1583 -0.1972 0.1972 0.62 0 0
58 140 417 0 0 0 0 0 1.0006 0 0.9837 -0.1546 0.1546 0.1837 1.7075 0.9699 -0.076 0.3094 0.3981 4.8467 0.6221 -0.1249 0.6096 0.7543 4.1675 -0.024 0.024 0.6429 0 0
58 141 456 186 0 0 0 0 1.0017 0 0.2625 -0.2627 0.2715 0.3927 1.4497 0.9914 0.0311 0.4578 0.5648 6.7678 0.6219 -0.0235 0.6599 0.8276 4.6179 0.1974 0.1974 0.8544 1 0
58 142 429 0 0 0 0 0 1.0016 0 0.9488 0.1796 0.2061 0.2779 1.993 0.9225 -0.2437 0.3345 0.4443 4.1936 0.58 -0.014 0.6703 0.868 4.415 0.0684 0.0684 0.713 0 0
58 143 454 0 0 0 0 0 1.0022 0 -0.5017 -0.0237 0.5654 0.5918 3.0973 0.9653 -0.0557 0.5999 0.8002 8.627 0.6552 -0.0189 0.6404 0.7941 4.1549 -0.2272 0.2272 0.7296 0 0
58 144 460 175 0 0 0 0 1.0013 0 0.6125 -0.1588 0.2196 0.2404 1.9153 0.9358 -0.4477 0.7939 1.2207 13.833 0.5855 -0.1208 0.7386 0.8978 4.885 -0.1014 0.1014 1.2901 1 0
58 145 451 0 0 0 0 0 1.0016 0 -0.9874 -0.1175 0.6271 0.6437 2.9145 0.9739 -0.1628 0.5922 0.7608 6.3561 0.5272 -0.0401 0.7606 0.9595 4.2307 -0.3959 0.3959 0.7401 0 0
58 146 643 207 0 0 0 0 1.0009 0 0.8377 -0.3239 0.3239 0.3341 1.3081 0.9697 -0.1137 0.8346 1.1047 10.3164 0.5178 0.2698 0.6718 0.8789 5.1321 0.2352 0.2352 0.9852 1 0
58 147 437 0 0 0 0 0 1.0006 0 0.9281 0.0468 0.1243 0.1295 2.0454 0.9788 0.0366 0.138 0.1978 4.0888 0.6041 0.1118 0.6543 0.8374 4.1798 -0.2233 0.2233 0.6431 0 0
58 148 407 0 0 0 0 0 1.0023 0 -0.1397 -0.0389 0.3634 0.4158 2.4102 0.9614 0.4938 0.7713 1.1976 13.1728 0.4852 0.0948 0.7163 0.9073 4.3072 -0.4587 0.4587 0.7591 0 0
58 149 452 9 0 0 0 0 1.0008 0 -0.9036 -0.1255 0.3012 0.3168 2.1456 0.962 -0.3576 0.5152 0.7379 6.8914 0.5203 -0.1116 0.67 0.8465 4.4924 -0.0548 0.0548 0.9518 1 0
58 150 433 9 0 0 0 0 1.0009 0 0.9178 -0.4968 0.4968 0.528 1.399 0.9921 0.3359 0.8817 1.1292 11.455 0.6829 -0.0058 0.5636 0.7172 4.3898 -0.0367 0.0367 0.9712 1 0
58 151 591 53 0 0 0 0 1.0006 0 -0.2776 -0.1854 0.3624 0.3759 1.5561 0.9271 -0.5362 0.7274 0.8331 5.9449 0.6384 -0.1295 0.6375 0.7965 4.7763 0.17 0.17 0.7853 1 0
58 152 459 0 0 0 0 0 1.0012 0 -0.1848 -0.0658 0.3776 0.4416 2.2303 0.8538 -1.5492 1.6231 2.9577 25.9507 0.5864 -0.0343 0.6058 0.7673 4.2969 -0.0959 0.0959 0.7562 0 0
58 153 617 92 0 0 0 0 1.0014 0 -0.1657 -0.5363 0.5363 0.6043 1.7442 0.9715 -0.6545 0.8357 1.2418 12.375 0.642 0.0511 0.6055 0.766 4.7015 0.0475 0.0475 1.0496 1 0
58 154 434 0 0 0 0 0 1.001 0 -0.6613 0.044 0.1123 0.142 1.69 0.9803 -0.2801 0.3044 0.3386 2.2134 0.6326 -0.1368 0.6857 0.8859 4.3692 -0.1003 0.1003 0.6803 0 0
58 155 416 9 0 0 0 0 1.0007 0 -0.9982 -0.0193 0.4068 0.4792 2.0219 0.8975 -0.3977 0.6199 0.9621 11.472 0.5353 0.1064 0.6542 0.8171 4.5887 -0.4105 0.4105 1.0163 1 0
58 156 457 0 0 0 0 0 1.0014 0 0.9716 -0.0658 0.094 0.1036 1.586 0.9766 0.1217 0.3112 0.4121 6.1572 0.6251 0.0059 0.6318 0.8033 4.4548 0.0508 0.0508 0.7969 0 0
58 157 441 59 0 0 0 0 1.0016 0 -0.4663 -0.0125 0.2086 0.2481 1.859 0.9368 -0.5022 0.5391 0.6353 9.0478 0.5592 -0.0522 0.7345 0.9288 4.3575 -0.0413 0.0413 0.9974 1 0
58 158 408 0 0 0 0 0 1.0009 0 -0.4254 0.0587 0.5646 0.6274 3.2727 0.9663 -0.5145 0.5394 0.6897 7.3296 0.5221 -0.0447 0.703 0.888 4.3332 -0.144 0.144 0.7417 0 0
58 159 448 0 0 0 0 0 1.0004 0 0.9847 -0.0023 0.1163 0.1276 1.4643 0.9916 0.205 0.2235 0.2972 3.2654 0.6302 0.1637 0.6384 0.8009 4.3901 0.0864 0.0864 0.6653 0 0
58 160 440 0 0 0 0 0 1.0036 0 -0.6011 0.0987 0.463 0.4723 2.6783 0.9288 -0.3982 0.4515 0.6838 6.108 0.6238 -0.2866 0.6462 0.809 4.2475 -0.1304 0.1304 0.7959 0 0
58 161 575 351 0 0 0 0 1.0024 0 -0.2265 -0.2774 0.2774 0.3861 1.6703 0.8375 0.2261 0.9154 1.3802 13.7644 0.4664 -0.2087 0.6428 0.816 5.2537 0.2155 0.2155 1.0249 1 0
58 162 427 4 0 0 0 0 1.0009 0 -0.7757 -0.5358 0.5893 0.8845 2.0353 0.9824 -1.1147 1.2282 2.0956 19.9119 0.5536 0.032 0.7167 0.8721 4.2839 0.0175 0.0175 0.8749 1 0
58 163 591 70 0 0 0 0 1.0015 0 -0.2617 -0.2665 0.2665 0.3863 1.7059 0.9133 -0.0103 0.841 1.3755 16.3789 0.5451 -0.0513 0.6664 0.848 5.0884 -0.0326 0.0326 1.3782 1 0
58 164 442 3 0 0 0 0 1.0015 0 0.9643 -0.2043 0.2043 0.2573 2.0085 0.9343 0.2517 0.7984 1.1209 13.8229 0.5107 0.0493 0.7874 0.9913 4.5793 -0.361 0.361 1.042 1 0
58 165 434 23 0 0 0 0 1.0024 0 -0.9682 -0.4561 0.4561 0.5423 2.2424 0.9807 1.0533 1.2955 1.8437 18.4987 0.4487 -0.1348 0.6651 0.841 4.2683 -0.2605 0.2605 1.1231 1 0
58 166 453 115 0 0 0 0 1.001 0 -0.5091 -0.1972 0.1972 0.2902 2.1376 0.9955 0.3249 0.3799 0.4433 6.9875 0.606 -0.0481 0.5915 0.7683 4.6684 -0.0078 0.0078 0.8689 1 0
58 167 517 0 0 0 0 0 1.0022 0 -0.0086 -5e-04 0.4922 0.5254 3.6567 0.9233 0.5181 0.9665 1.8064 22.6184 0.4801 -0.1828 0.7134 0.9112 4.1555 -0.3086 0.3086 0.8181 0 0
58 168 436 0 0 0 0 0 1.002 0 0.9821 -0.1766 0.2251 0.3495 1.5414 0.995 0.2333 0.2333 0.263 3.5876 0.7087 0.0876 0.5821 0.7236 4.1863 0.0138 0.0138 0.6199 0 0
58 169 459 234 0 0 0 0 1.0013 0 0.45 -0.1833 0.2395 0.2795 1.9862 0.9288 0.3915 0.6582 0.9235 12.1529 0.489 -0.0616 0.6439 0.8358 5.1774 -0.4129 0.4129 1.2552 1 0
58 170 580 114 0 0 0 0 1.0011 0 0.9768 -0.2611 0.2611 0.3025 1.784 0.9646 0.4082 0.6299 1.037 9.6867 0.5837 0.2176 0.6578 0.8225 4.9714 0.0958 0.0958 1.0038 1 0
58 171 426 3 0 0 0 0 1.0014 0 0.5103 -0.1297 0.1482 0.2003 1.93 0.9565 0.7454 1.0281 1.4128 12.9758 0.4541 0.1044 0.756 0.9668 4.5376 -0.2895 0.2895 1.0336 1 0
58 172 435 0 0 0 0 0 1.0004 0 0.098 0.0235 0.2578 0.2994 1.7685 0.9866 -0.236 0.2495 0.2891 3.5886 0.627 -0.049 0.6278 0.801 4.1675 -0.0697 0.0697 0.695 0 0
58 173 434 9 0 0 0 0 1.0037 0 -0.9359 -0.0336 0.5314 0.5528 2.7808 0.9713 -0.0162 0.6174 0.8199 6.9775 0.551 -0.0399 0.7037 0.8988 5.0137 -0.0351 0.0351 1.068 1 0
58 174 420 0 0 0 0 0 1.0005 0 0.9949 -0.1533 0.1533 0.1571 1.6815 0.996 0.0146 0.1182 0.1437 4.3302 0.6704 0.0175 0.5711 0.773 4.3566 0.0118 0.0118 0.7444 0 0
58 175 457 6 0 0 0 0 1.0007 0 -0.7217 -0.1469 0.2077 0.2235 1.4598 0.9799 -0.0932 0.3527 0.4748 5.4609 0.6116 -0.1947 0.6515 0.8126 4.3015 0.0602 0.0602 0.8299 1 0
58 176 451 2 0 0 0 0 1.0007 0 0.3371 -0.1002 0.2208 0.2434 1.8791 0.9898 -0.015 0.4926 0.6134 6.9694 0.6217 0.0442 0.6444 0.8623 4.7376 -0.0496 0.0496 0.9717 1 0
58 177 458 0 0 0 0 0 1.0012 0 0.2959 0.3073 0.3073 0.4511 2.2674 0.9862 0.1673 0.2498 0.2952 1.6682 0.7081 0.1291 0.6919 0.8739 4.1263 -0.014 0.014 0.5012 0 0
58 178 410 0 0 0 0 0 1.001 0 -0.9088 -0.2346 0.2346 0.2774 1.4235 0.991 0.1349 0.5338 0.7241 8.1784 0.553 -0.0112 0.6022 0.771 4.3929 -0.3545 0.3545 1.0024 0 0
58 179 442 0 0 0 0 0 1.0017 0 0.6011 0.043 0.2857 0.291 1.5736 0.9901 0.0492 0.1089 0.146 1.6756 0.6672 0.0193 0.6545 0.823 4.3338 0.0382 0.0382 0.6902 0 0
58 180 462 2 0 0 0 0 1.0023 0 0.8233 -0.1021 0.2485 0.25 2.2258 0.983 -0.1015 0.5014 0.6426 7.438 0.6056 -0.0151 0.6655 0.8283 4.55 0.1305 0.1305 0.6916 1 0
58 181 469 0 0 0 0 0 1.0009 0 0.6295 0.0058 0.4601 0.4955 2.6139 0.9617 0.0401 0.3757 0.4697 3.6383 0.668 -0.0556 0.6365 0.7691 4.1178 -0.2549 0.2549 0.5595 0 0
58 182 441 0 0 0 0 0 1.0004 0 0.4886 0.0394 0.1869 0.22 1.7032 0.9781 0.0397 0.1506 0.1932 1.8212 0.6285 -0.0236 0.6376 0.8049 4.1239 -0.3668 0.3668 0.6529 0 0
58 183 461 0 0 0 0 0 1.001 0 -0.0973 -0.0152 0.4033 0.4431 2.3544 0.9293 -0.4591 0.6712 1.1381 12.5784 0.6282 -0.0699 0.661 0.8355 4.1823 -0.147 0.147 0.6869 0 0
58 184 435 0 0 0 0 0 1.0008 0 0.6241 0.2524 0.448 0.5317 2.6558 0.9784 -0.5002 0.5185 0.8517 9.741 0.6565 -0.0495 0.642 0.7904 4.3395 0.0443 0.0443 0.6633 0 0
58 185 468 4 0 0 0 0 1.0015 0 0.6993 0.0291 0.1942 0.2068 1.9248 0.9632 0.2978 0.3524 0.6141 6.2184 0.4376 0.0627 0.7551 0.9067 4.4998 0.1419 0.1419 0.8346 1 0
58 186 457 0 0 0 0 0 1.0006 0 0.5103 0.1212 0.3451 0.4046 1.9735 0.948 -0.5254 0.6363 1.0178 11.8123 0.5328 0.0293 0.6702 0.8801 4.2793 -0.0858 0.0858 0.6925 0 0
58 187 581 27 0 0 0 0 1.0013 0 -0.4211 -0.1035 0.201 0.2164 2.0101 0.9774 -0.1433 0.4282 0.6041 6.4476 0.5324 0.0296 0.6795 0.8743 4.5116 -0.5047 0.5047 0.9329 1 0
58 188 443 0 0 0 0 0 1.0017 0 -0.9741 0.0441 0.1846 0.2076 2.1 0.9782 -0.16 0.3243 0.3542 4.7764 0.5639 -0.0094 0.6552 0.8184 4.213 -0.3265 0.3265 0.8182 0 0
58 189 434 0 0 0 0 0 1.0006 0 -0.3698 -0.1185 0.3461 0.3952 2.2035 0.962 -0.0217 0.2547 0.3323 3.2819 0.6078 -0.1368 0.6069 0.7975 4.452 -0.3073 0.3073 0.7595 0 0
58 190 446 97 0 0 0 0 1.0003 0 0.9264 -0.1354 0.1354 0.1497 1.2764 0.9861 -0.1918 0.5513 0.7422 10.9191 0.4658 0.1632 0.7562 0.9797 4.9568 0.281 0.281 0.6746 1 0
58 191 450 0 0 0 0 0 1.0007 0 0.7757 0.0027 0.2649 0.2968 2.5205 0.9492 0.0096 0.4707 0.6766 6.9422 0.5299 -0.1153 0.6561 0.8313 4.1571 -0.2456 0.2456 0.785 0 0
58 192 402 0 0 0 0 0 1.0009 0 0.7759 0.3789 0.3789 0.4756 2.2904 0.9847 -0.2303 0.2474 0.3094 3.9966 0.6448 -0.0561 0.6335 0.8209 4.2189 -0.1239 0.1239 0.6167 0 0
58 193 471 0 0 0 0 0 1.0002 0 0.9993 0.0747 0.2918 0.3565 2.3686 0.9551 0.1691 0.3456 0.5047 4.9978 0.6831 0.2196 0.618 0.8019 4.5422 0.2251 0.2251 0.4819 0 0
58 194 435 25 0 0 0 0 1.0006 0 -0.5001 -0.0422 0.3271 0.3654 2.0372 0.9778 0.5721 0.7085 1.1928 15.0235 0.4985 -0.027 0.6457 0.845 4.913 -0.2732 0.2732 1.1427 1 0
58 195 435 1 0 0 0 0 1.0003 0 0.0038 -0.2865 0.3765 0.417 2.5015 0.9775 0.1563 0.9841 1.4065 14.5165 0.5199 0.0663 0.6559 0.828 4.2446 -0.1323 0.1323 0.8895 1 0
58 196 476 12 0 0 0 0 1.0014 0 -0.8714 -0.2144 0.2144 0.2459 1.6796 0.9944 0.3013 0.7409 0.8702 11.2852 0.4909 0.0869 0.712 0.8809 4.4046 -0.3317 0.3317 1.0951 1 0
58 197 437 0 0 0 0 0 1.0006 0 -0.6819 -0.1257 0.3021 0.3174 1.7591 0.9932 -0.1273 0.4868 0.7098 7.5077 0.635 0.102 0.6864 0.8726 4.2502 -0.0159 0.0159 0.7768 0 0
58 198 470 0 0 0 0 0 1.0006 0 -0.9993 -0.1406 0.3233 0.37 2.215 0.9352 -0.2657 0.5976 0.9138 8.598 0.5711 -0.0743 0.6026 0.7618 4.1891 -0.2166 0.2166 0.8014 0 0
58 199 438 5 0 0 0 0 1.0013 0 -0.7416 -0.1287 0.2562 0.2704 2.6281 0.9514 0.1599 0.5995 0.7967 10.4799 0.5451 0.0027 0.6905 0.8546 4.505 -0.181 0.181 0.9816 1 0
58 200 442 39 0 0 0 0 1.0015 0 -0.4264 -0.2524 0.2524 0.3083 1.7873 0.9891 0.2396 0.4248 0.5649 7.7282 0.5805 -0.1864 0.7554 0.9408 4.6807 0.0206 0.0206 0.8816 1 0
58 201 446 0 0 0 0 0 1.0038 0 0.0729 0.1505 0.4648 0.5742 3.993 0.8873 0.1949 0.5931 0.7645 8.7348 0.3936 -0.084 0.7662 0.9899 4.2695 -0.2969 0.2969 0.8602 0 0
58 202 723 179 0 0 0 0 1.0023 0 -0.5358 -0.0208 0.2909 0.314 2.1412 0.9281 -0.1463 0.6564 0.9222 10.6147 0.4707 0.1972 0.7403 0.9563 4.8792 0.0829 0.0829 1.1315 1 0
58 203 441 0 0 0 0 0 1.0005 0 0.8532 -0.0528 0.1133 0.1146 1.7379 0.9947 -0.3748 0.3748 0.4061 2.5299 0.6502 -0.3192 0.6602 0.8389 4.1675 -0.0757 0.0757 0.6204 0 0
58 204 432 0 0 0 0 0 1.0013 0 0.077 -0.1243 0.2849 0.3119 2.789 0.9543 0.0886 0.4332 0.6582 7.1039 0.5644 0.081 0.7264 0.9086 4.3103 -0.1138 0.1138 0.8505 0 0
58 205 454 0 0 0 0 0 1.001 0 0.8735 0.0945 0.1374 0.1542 2.077 0.9718 0.1247 0.2292 0.2811 2.585 0.5614 0.1966 0.7122 0.8719 4.2442 -0.1391 0.1391 0.7347 0 0
58 206 457 0 0 0 0 0 1.0004 0 0.9925 0.0496 0.2197 0.2504 1.7544 0.9731 0.3667 0.4174 0.6681 8.8388 0.6366 0.0901 0.6064 0.7831 4.1618 -0.0965 0.0965 0.6453 0 0
58 207 471 189 0 0 0 0 1.0009 0 -0.9758 -0.3045 0.3045 0.3523 1.3509 0.9925 -0.2256 0.8094 0.9408 9.2697 0.4865 0.0617 0.7356 0.9629 5.3289 0.2731 0.2731 0.7967 1 0
58 208 483 0 0 0 0 0 1.0003 0 0.9328 0.221 0.221 0.2729 1.6984 0.988 -0.1262 0.1913 0.2164 1.4248 0.6828 -0.0254 0.5794 0.7505 4.1629 -0.0988 0.0988 0.566 0 0
58 209 418 1 0 0 0 0 1.0004 0 0.9984 -0.3107 0.3107 0.3437 1.9524 0.996 -0.0224 0.1884 0.2248 5.2477 0.6565 0.0473 0.6157 0.8062 4.2452 -0.0907 0.0907 0.772 1 0
58 210 467 429 0 0 0 0 1.0046 0 -0.7404 -0.1791 0.2511 0.2729 1.6152 0.9718 -0.2784 0.4159 0.4743 4.385 0.6699 -0.2066 0.611 0.7946 4.8542 0.2314 0.2314 0.7316 1 0
58 211 457 3 0 0 0 0 1.0007 0 0.4961 -0.2504 0.2801 0.3356 1.8607 0.9825 -0.3292 0.3821 0.6384 11.6852 0.6024 -0.0251 0.6848 0.9149 4.2788 0.005 0.005 0.72 1 0
58 212 468 2 0 0 0 0 1.0018 0 0.5817 -0.308 0.308 0.3295 1.7848 0.9818 -0.09 0.3984 0.5643 6.0051 0.6143 -0.0096 0.5841 0.7463 4.3169 0.0998 0.0998 0.6886 1 0
58 213 452 25 0 0 0 0 1.0008 0 -0.8674 -0.2212 0.3751 0.3888 1.8871 0.9581 0.0053 0.6815 0.8523 6.7729 0.5891 0.0531 0.6824 0.8388 4.4733 0.1017 0.1017 0.7328 1 0
58 214 431 0 0 0 0 0 1.0003 0 0.3233 0.029 0.2537 0.2609 1.8047 0.9909 -0.0962 0.1715 0.2244 2.534 0.6645 -0.0956 0.632 0.7884 4.0993 -0.1674 0.1674 0.5541 0 0
58 215 473 0 0 0 0 0 1.0004 0 0.7654 0.0392 0.2081 0.2552 1.7517 0.9735 -0.0567 0.225 0.317 3.7465 0.6485 -0.0395 0.6451 0.8205 4.3262 0.0265 0.0265 0.6153 0 0
58 216 467 114 0 0 0 0 1.0005 0 0.9943 -0.2986 0.2986 0.3035 1.2668 0.9976 0.3974 2.3167 2.5862 21.9752 0.4886 -0.0306 0.6711 0.8421 5.3308 -0.2849 0.2849 1.4262 1 0
58 217 543 726 0 0 0 0 1.0013 0 0.8356 -0.4034 0.4034 0.4195 1.479 0.988 0.4775 0.9533 1.227 13.7256 0.5983 0.0262 0.6731 0.8415 5.8995 -0.0469 0.0469 1.4962 1 0
58 218 431 6 0 0 0 0 1.0003 0 -0.9915 -0.0867 0.199 0.2649 1.7451 0.9183 -0.4673 0.5444 0.7931 9.244 0.4489 -0.0701 0.7056 0.9148 4.2491 -0.3942 0.3942 0.9455 1 0
58 219 457 2 0 0 0 0 1.0008 0 0.7753 -0.2882 0.2882 0.3089 1.4831 0.9725 -0.1791 0.4564 0.6044 5.7272 0.6522 -0.1266 0.5702 0.7206 4.4326 0.0442 0.0442 0.9016 1 0
58 220 445 3 0 0 0 0 1.0005 0 -0.8092 0.0177 0.3615 0.3965 1.9557 0.9637 0.4796 0.5171 0.6835 6.1567 0.5716 0.1599 0.7301 0.9246 4.2938 -0.0304 0.0304 0.7965 1 0
58 221 457 0 0 0 0 0 1.0011 0 0.3273 0.071 0.2255 0.2767 2.0396 0.9446 -0.1026 0.2817 0.359 4.1634 0.5786 -0.0762 0.7126 0.8949 4.358 -0.0381 0.0381 0.7097 0 0
58 222 465 44 0 0 0 0 1.0011 0 -0.9878 -0.17 0.552 0.6313 2.216 0.9464 0.5448 0.6685 0.97 8.7875 0.5973 0.0081 0.6699 0.8211 4.5466 0.0285 0.0285 0.8038 1 0
58 223 453 0 0 0 0 0 1.0017 0 1 0.0513 0.0902 0.0968 2.3674 0.9931 0.1886 0.2023 0.2747 6.0364 0.6204 -0.0224 0.639 0.8391 4.4406 -0.2355 0.2355 0.9567 0 0
58 224 449 19 0 0 0 0 1.0003 0 0.7536 -0.2464 0.2464 0.2914 1.548 0.9711 0.1475 0.4886 0.6764 7.8524 0.5839 -0.2004 0.6877 0.8955 4.6827 0.3045 0.3045 0.5685 1 0
58 225 402 0 0 0 0 0 1.0005 0 0.9979 -0.2691 0.2993 0.3545 1.4735 0.9931 0.225 0.4181 0.4799 3.8671 0.6422 0.0231 0.5935 0.7707 4.3702 -0.0348 0.0348 0.7935 0 0
58 226 428 6 0 0 0 0 1.0001 0 -0.9889 0.0194 0.1008 0.1027 1.7372 0.9984 0.2094 0.3251 0.3679 9.641 0.4668 0.2187 0.7493 0.9125 4.3187 -0.2519 0.2519 1.0877 1 0
58 227 457 14 0 0 0 0 1.0005 0 0.9278 -0.3931 0.3931 0.4453 1.7352 0.9782 -0.8998 1.3029 1.9655 18.2099 0.5277 -0.116 0.6729 0.8402 4.5056 0.1848 0.1848 0.747 1 0
58 228 447 2 0 0 0 0 1.0007 0 0.125 -0.0987 0.1886 0.2325 2.466 0.9918 0.1242 0.3912 0.487 5.5418 0.4295 -0.118 0.715 0.9075 4.3709 -0.1404 0.1404 0.9124 1 0
58 229 452 0 0 0 0 0 1.0003 0 -0.678 -0.0569 0.152 0.1524 1.5333 0.9904 0.1682 0.2082 0.2368 2.3461 0.6528 0.1627 0.5828 0.7622 4.126 -0.0357 0.0357 0.6057 0 0
58 230 436 59 0 0 0 0 1.0013 0 0.4453 -0.0389 0.117 0.1302 1.9465 0.9975 -0.3048 0.3927 0.5105 7.5725 0.4857 -0.0288 0.6771 0.857 4.6546 -0.0909 0.0909 1.106 1 0
58 231 463 0 0 0 0 0 1.0012 0 0.8606 0.1002 0.2015 0.2147 2.3601 0.9637 -0.1764 0.2752 0.5084 7.3202 0.6563 -0.1145 0.6546 0.8536 4.1446 -0.2777 0.2777 0.7187 0 0
58 232 422 3 0 0 0 0 1.0028 0 0.7449 -0.1247 0.1448 0.1724 1.9873 0.9823 0.093 0.4343 0.6417 11.549 0.5027 0.0654 0.6582 0.8414 4.3495 -0.1169 0.1169 0.906 1 0
58 233 576 104 0 0 0 0 1.0008 0 0.1044 -0.4273 0.5317 0.6441 1.8435 0.9578 0.4444 1.0799 1.4074 13.2131 0.6054 0.0728 0.6719 0.8344 4.552 0.0051 0.0051 0.9554 1 0
58 234 597 497 0 0 0 0 1.0035 0 0.9407 -0.2302 0.2302 0.2782 1.5702 0.9975 -0.1348 0.4481 0.4906 4.4199 0.5445 -0.038 0.7183 0.8847 5.268 0.1441 0.1441 1.2596 1 0
58 235 444 0 0 0 0 0 1.0007 0 -0.2228 -0.0781 0.4477 0.5092 1.6913 0.9768 0.0975 0.2185 0.3082 3.8304 0.6177 -0.0077 0.5996 0.8027 4.148 -0.1308 0.1308 0.6549 0 0
58 236 414 0 0 0 0 0 1.0006 0 0.769 0.2698 0.3535 0.544 2.5752 0.9206 -0.3664 0.4787 0.5993 4.7625 0.5046 -0.1213 0.715 0.9125 4.2331 0.086 0.086 0.6107 0 0
58 237 440 3 0 0 0 0 1.0004 0 0.2779 0.1448 0.1822 0.2056 1.5903 0.9563 0.0672 0.2802 0.3481 3.0585 0.6066 0.0471 0.6522 0.8123 4.2948 -0.0061 0.0061 0.7557 1 0
58 238 500 0 0 0 0 0 1.0003 0 -0.1612 -0.212 0.5019 0.5338 1.6284 0.9863 -0.1938 0.2286 0.3473 3.2009 0.696 -0.1773 0.596 0.7644 4.3239 0.0031 0.0031 0.7173 0 0
58 239 522 40 0 0 0 0 1.0019 0 -0.8145 -0.1561 0.2725 0.3827 2.2433 0.9149 -0.8127 1.1491 1.91 18.9755 0.5201 -0.0103 0.6677 0.8621 4.5718 -0.2609 0.2609 1.162 1 0
58 240 440 75 0 0 0 0 1.0014 0 -0.8592 0.2845 0.4875 0.5489 2.7211 0.9237 -0.5391 0.6143 0.9508 11.5888 0.5166 -0.1355 0.7697 0.9566 4.9397 0.0192 0.0192 0.8976 1 0
58 241 454 11 0 0 0 0 1.0007 0 -0.9963 -0.2712 0.3428 0.4317 1.8107 0.9678 0.1302 0.4566 0.6768 7.6727 0.6167 -0.1741 0.673 0.8586 4.6502 -0.0684 0.0684 0.9083 1 0
58 242 440 0 0 0 0 0 1.0004 0 0.9939 0.1229 0.1229 0.1547 1.7545 0.9824 -0.1952 0.2778 0.3304 5.2255 0.5716 -0.1053 0.7078 0.9068 4.3005 0.0806 0.0806 0.6631 0 0
58 243 428 8 0 0 0 0 1.0007 0 0.9984 0.0711 0.1921 0.1926 1.5771 0.97 0.0721 0.2062 0.2591 2.8536 0.5969 0.1222 0.6688 0.8817 4.4812 0.0878 0.0878 0.7391 1 0
58 244 441 0 0 0 0 0 1.0009 0 0.1392 0.0247 0.1511 0.1833 1.6449 0.9889 -0.1946 0.4073 0.4438 8.051 0.5462 -0.2178 0.6789 0.8544 4.3583 -0.0474 0.0474 0.7286 0 0
58 245 430 0 0 0 0 0 1.0018 0 -0.1669 0.0387 0.437 0.4961 2.88 0.9503 0.1027 0.419 0.5247 5.2651 0.5166 0.19 0.6851 0.8508 4.2161 -0.0531 0.0531 0.6037 0 0
58 246 474 0 0 0 0 0 1.0007 0 -0.9512 0.1112 0.4485 0.4737 2.7628 0.9374 -0.5175 0.6304 1.0024 10.1377 0.6015 -0.1327 0.6888 0.8466 4.1879 -0.1344 0.1344 0.6594 0 0
58 247 434 3 0 0 0 0 1.0003 0 -0.0254 -0.2272 0.3447 0.3647 1.9728 0.9894 -0.2963 1.1065 1.5702 17.7837 0.5081 -0.0799 0.7146 0.9019 4.2496 -0.1713 0.1713 0.9252 1 0
58 248 423 184 0 0 0 0 1.0102 1 0.7244 -0.0319 0.4051 0.457 2.557 0.9462 0.3613 0.3856 0.6724 7.0634 0.6452 -0.0649 0.6327 0.7887 4.4361 0.104 0.104 0.6526 1 0
58 249 462 0 0 0 0 0 1.0008 0 0.9233 0.2215 0.5037 0.5163 1.7085 0.9304 -0.6832 0.884 1.3852 14.4877 0.6125 0.0283 0.6729 0.8585 4.1079 -0.0623 0.0623 0.524 0 0
58 250 438 3 0 0 0 0 1.0021 0 0.8881 0.1217 0.2992 0.3003 1.7266 0.9851 -0.1465 0.2267 0.4296 8.1688 0.5816 -0.0878 0.6773 0.8483 4.5887 -0.1999 0.1999 0.9851 1 0
58 251 434 5 0 0 0 0 1.0008 0 -0.7072 -0.2172 0.2414 0.2816 1.3506 0.9841 -0.0819 0.644 0.8227 7.9076 0.5221 0.0407 0.6546 0.8251 4.6586 0.2347 0.2347 0.6948 1 0
58 252 462 1 0 0 0 0 1.0018 0 -0.6616 -0.0328 1.0121 1.104 3.3455 0.9819 0.8793 1.0772 1.6178 14.1205 0.5538 -0.0022 0.7077 0.8901 4.4705 0.1768 0.1768 0.529 1 0
58 253 440 0 0 0 0 0 1.0011 0 -0.7792 -0.0505 0.2406 0.2634 1.9385 0.982 -0.5273 0.5787 0.7337 6.6756 0.5888 -0.0856 0.7203 0.9085 4.5009 0.2148 0.2148 0.6146 0 0
58 254 450 0 0 0 0 0 1.0008 0 -0.0252 0.0189 0.1237 0.1504 1.676 0.9951 -0.1913 0.2108 0.2401 5.0327 0.5847 -0.1323 0.7539 0.9103 4.1898 0.0251 0.0251 0.6226 0 0
58 255 455 0 0 0 0 0 1.0007 0 0.9555 0.0013 0.1108 0.1318 1.386 0.9955 -0.0893 0.1707 0.1923 3.7226 0.7289 -0.0979 0.5404 0.7 4.3209 0.0948 0.0948 0.5439 0 0
58 256 438 91 0 0 0 0 1.0004 0 0.4232 -0.1518 0.2106 0.3028 1.3756 0.9454 -0.0233 0.5862 0.7289 5.597 0.5846 -0.2982 0.7243 0.8835 4.9929 0.3417 0.3417 0.5778 1 0
58 257 431 0 0 0 0 0 1.0016 0 -0.3857 0.3166 0.5306 0.5515 2.1163 0.9423 -0.1322 0.3082 0.3848 3.3986 0.6288 -0.0392 0.6069 0.7725 4.5426 -0.1123 0.1123 0.8725 0 0
58 258 447 3 0 0 0 0 1.0004 0 0.937 0.0839 0.1078 0.1259 1.7847 0.9668 0.2707 0.3522 0.394 3.0395 0.6327 0.0468 0.6642 0.8348 4.2949 0.0952 0.0952 0.6565 1 0
58 259 459 0 0 0 0 0 1.0012 0 -0.9645 -0.0685 0.3594 0.3723 2.2487 0.9622 -0.7157 0.7886 1.1922 13.4731 0.5128 0.0771 0.6643 0.8251 4.2884 -0.1846 0.1846 0.7977 0 0
58 260 433 0 0 0 0 0 1.0017 0 0.9774 0.1957 0.2198 0.3258 2.5161 0.9851 0.0423 0.1654 0.2044 3.79 0.5711 0.035 0.6668 0.8496 4.3563 -0.1553 0.1553 0.7298 0 0
58 261 430 1 0 0 0 0 1.0008 0 0.5247 -0.0162 0.214 0.2381 1.5632 0.9124 0.368 0.699 0.9242 8.5339 0.5721 0.3177 0.7225 0.9221 4.4447 0.1508 0.1508 0.6767 1 0
58 262 450 0 0 0 0 0 1.0006 0 0.9908 0.0538 0.1926 0.193 1.5629 0.9917 0.0237 0.0951 0.1155 1.6212 0.6841 0.1117 0.5934 0.7343 4.116 -0.092 0.092 0.5201 0 0
58 263 566 90 0 0 0 0 1.0018 0 -0.9257 -0.1303 0.1303 0.154 1.4801 0.9669 -0.2413 0.6519 0.8314 8.7294 0.4516 -0.0419 0.6996 0.8679 4.9728 -0.3171 0.3171 1.35 1 0
58 264 468 77 0 0 0 0 1.0016 0 -0.9453 -0.3285 0.3285 0.4007 1.7469 0.9903 -0.4332 0.7425 0.8893 12.431 0.6449 0.1129 0.6201 0.7682 4.6805 0.0322 0.0322 1.2271 1 0
58 265 427 2 0 0 0 0 1.0005 0 0.9387 0.1101 0.126 0.1456 1.5612 0.9895 0.0114 0.1852 0.2398 5.2896 0.6438 -0.1451 0.6688 0.8376 4.4316 0.1671 0.1671 0.6326 1 0
58 266 449 1 0 0 0 0 1.0009 0 0.6075 -0.0107 0.232 0.2773 1.9675 0.9878 -0.0227 0.15 0.1782 3.2554 0.5991 -0.1484 0.6594 0.8406 4.3592 0.0441 0.0441 0.6538 1 0
58 267 445 1 0 0 0 0 1.0006 0 -0.6372 -0.1336 0.1683 0.2009 1.4183 0.994 0.1869 0.1971 0.2487 2.2794 0.6848 0.1697 0.6032 0.7477 4.3065 0.1131 0.1131 0.6203 1 0
58 268 409 46 0 0 0 0 1.0008 0 -0.8345 -0.2496 0.2838 0.3949 1.4204 0.9772 -0.3443 0.7799 1.0096 9.3756 0.4632 0.0742 0.6858 0.871 4.6757 0.1884 0.1884 0.8114 1 0
58 269 452 6 0 0 0 0 1.0006 0 0.4714 -0.0407 0.2225 0.2673 1.8474 0.9475 0.942 0.942 1.6212 18.7739 0.4711 0.0596 0.7074 0.8741 4.319 -0.2983 0.2983 1.0049 1 0
58 270 471 0 0 0 0 0 1.0005 0 0.9424 0.0677 0.0984 0.1091 1.3832 0.9883 0.0769 0.1721 0.1891 2.3194 0.6614 0.0663 0.6311 0.7909 4.3276 0.113 0.113 0.5735 0 0
58 271 418 49 0 0 0 0 1.001 0 -0.7817 -0.0688 0.486 0.5361 3.5459 0.933 0.4207 1.5139 2.3038 21.9681 0.435 0.0893 0.7343 0.918 4.7292 -0.2349 0.2349 1.2612 1 0
58 272 454 0 0 0 0 0 1.0006 0 -0.4674 0.0011 0.2043 0.2322 1.6014 0.9879 -0.3014 0.3373 0.4804 5.8845 0.6888 0.03 0.6578 0.8095 4.3183 0.1564 0.1564 0.5863 0 0
58 273 410 62 0 0 0 0 1.0008 0 -0.941 0.1384 0.2275 0.2738 2.2029 0.9637 -0.0674 0.3917 0.4421 6.7767 0.597 -0.0427 0.691 0.8578 4.4985 0.0376 0.0376 0.8657 1 0
58 274 442 0 0 0 0 0 1.0005 0 0.4258 0.1666 0.4223 0.4618 2.0563 0.8629 0.0445 0.4166 0.5436 5.1341 0.6264 0.0651 0.5914 0.7568 4.2381 -0.233 0.233 0.6468 0 0
58 275 449 0 0 0 0 0 1.0012 0 -0.992 0.0117 0.4859 0.5455 2.0965 0.9208 -0.3554 0.5498 0.8453 7.5871 0.5565 -0.0717 0.6462 0.8529 4.5103 -0.2561 0.2561 0.8316 0 0
58 276 459 0 0 0 0 0 1.0002 0 -0.792 0.0581 0.1328 0.1531 1.4881 0.9937 -0.06 0.0851 0.1154 1.3815 0.7197 -0.0311 0.622 0.7964 4.1982 0.1131 0.1131 0.4913 0 0
58 277 488 0 0 0 0 0 1.0005 0 -0.246 0.0723 0.2503 0.3 1.8551 0.9771 -0.0077 0.2126 0.2949 3.8131 0.6785 -0.128 0.608 0.7651 4.1178 -0.0956 0.0956 0.7295 0 0
58 278 465 0 0 0 0 0 1.0007 0 0.0048 -0.1223 0.2923 0.3756 1.9432 0.9178 0.1918 0.4461 0.7423 6.1939 0.6044 0.0226 0.6214 0.7702 4.4274 -0.1819 0.1819 0.7453 0 0
58 279 450 7 0 0 0 0 1.0004 0 -0.8629 -0.0863 0.2372 0.2425 1.6405 0.9819 -0.1214 0.3475 0.4724 4.8056 0.6143 -0.0806 0.6617 0.8289 4.6144 0.1973 0.1973 0.7116 1 0
58 280 7836 4779 0 8584 146 65 1.2421 165 0.9999 -0.4097 0.4097 0.4237 1.3534 0.9827 1.0464 1.1046 1.3769 7.6839 0.498 1.7666 1.792 2.1199 12.5557 0.5779 0.5779 0.7542 1 1
58 281 453 12 0 0 0 0 1.0008 0 0.1187 -0.3584 0.3584 0.4013 1.4774 0.9757 0.3338 1.3716 2.0063 23.0273 0.5204 -0.0542 0.6739 0.865 4.5217 -0.4013 0.4013 1.0636 1 0
58 282 443 0 0 0 0 0 1.0003 0 -0.9951 0.3961 0.3961 0.5398 2.0101 0.9898 -0.1274 0.2571 0.3741 2.9017 0.5764 -0.0246 0.7046 0.8724 4.1493 -0.1379 0.1379 0.6554 0 0
58 283 452 26 0 0 0 0 1.0019 0 0.794 -0.0867 0.1624 0.1975 2.2206 0.9825 0.0271 0.1887 0.2281 5.3953 0.5908 0.0191 0.6578 0.8149 4.9535 -0.0074 0.0074 0.8998 1 0
58 284 459 5 0 0 0 0 1.001 0 0.7197 0.0991 0.234 0.303 1.8918 0.971 0.3863 0.4769 0.7395 11.699 0.6286 0.0974 0.6431 0.7866 4.5019 -0.2462 0.2462 1.0322 1 0
58 285 440 0 0 0 0 0 1.0012 0 0.9034 -0.2581 0.2703 0.3398 1.9126 0.9679 -0.7104 0.7643 1.4526 16.0533 0.5724 0.0123 0.7403 0.9359 4.253 -0.1362 0.1362 0.728 0 0
58 286 442 0 0 0 0 0 1.0017 0 0.7392 0.2114 0.241 0.2826 1.9387 0.9941 0.0591 0.1605 0.1931 3.2746 0.6303 -0.013 0.6573 0.8242 4.3619 0.1306 0.1306 0.612 0 0
58 287 464 0 0 0 0 0 1.0008 0 -0.5542 0.0999 0.4674 0.5736 2.893 0.9466 -0.0778 0.3474 0.4609 4.4563 0.6355 -0.0718 0.6256 0.7901 4.1868 -0.1088 0.1088 0.6073 0 0
58 288 433 10 0 0 0 0 1.0013 0 0.8346 -0.0992 0.1701 0.1826 2.3214 0.9884 0.0513 0.7793 1.0248 11.6293 0.4678 0.0487 0.7214 0.9017 4.3495 -0.0738 0.0738 1.0176 1 0
58 289 448 0 0 0 0 0 1.001 0 -0.3973 0.1732 0.3091 0.3289 2.1779 0.9693 -0.0991 0.2714 0.35 4.2572 0.5995 0.0587 0.6608 0.836 4.3405 -0.2972 0.2972 0.7266 0 0
58 290 904 706 0 0 0 0 1.0018 0 0.6309 -0.3218 0.3218 0.3808 1.4703 0.9766 -0.214 0.5402 0.6621 7.1053 0.4664 0.1073 0.7589 0.9892 5.9945 0.316 0.316 0.8736 1 0
58 291 498 9 0 0 0 0 1.0014 0 0.6343 -0.1195 0.2384 0.2479 1.7855 0.9783 0.0515 0.2085 0.2553 3.1854 0.629 0.1407 0.64 0.7997 4.5944 0.2769 0.2769 0.5905 1 0
58 292 442 1 0 0 0 0 1.0007 0 0.9998 -0.3046 0.3046 0.323 1.5731 0.9782 0.1904 0.6901 0.8734 10.8421 0.5459 -0.1137 0.6106 0.7755 4.4283 0.1211 0.1211 0.7628 1 0
58 293 450 0 0 0 0 0 1.0004 0 -0.9314 -0.0664 0.2671 0.2938 1.5389 0.9674 -0.1963 0.5595 0.8879 9.6311 0.4637 -0.0189 0.7326 0.9326 4.4413 0.1814 0.1814 0.598 0 0
58 294 449 0 0 0 0 0 1.0013 0 -0.6428 -0.0068 0.5903 0.7062 2.5348 0.9807 0.3295 0.3936 0.5423 5.2619 0.636 0.0245 0.6205 0.7995 4.1831 -0.22 0.22 0.6102 0 0
58 295 476 85 0 0 0 0 1.0021 0 0.2017 -0.2018 0.2018 0.2575 1.6055 0.9757 -0.3058 0.5101 0.6484 5.9891 0.4756 -0.0351 0.6672 0.8464 4.8907 -0.5268 0.5268 1.1252 1 0
58 296 461 0 0 0 0 0 1.0015 0 -0.9248 -0.2172 0.3633 0.4131 2.1817 0.9442 -0.1315 0.6733 0.9966 10.4698 0.5369 0.0526 0.6568 0.8139 4.3534 -0.114 0.114 0.8386 0 0
58 297 460 0 0 0 0 0 1.0005 0 -0.0731 0.0904 0.3632 0.3964 2.117 0.8901 0.3667 0.4887 0.7584 7.9843 0.6127 -0.0013 0.6506 0.8308 4.1125 -0.258 0.258 0.5743 0 0
58 298 434 4 0 0 0 0 1.0009 0 0.7203 -0.1352 0.1352 0.1865 1.6434 0.9778 0.2475 0.4077 0.4858 5.5616 0.5832 -0.0169 0.6745 0.8373 4.6962 0.1261 0.1261 0.8322 1 0
58 299 467 242 0 0 0 0 1.0009 0 -0.7793 0.0408 0.4328 0.4882 2.863 0.9283 0.8264 0.8886 1.2528 13.1409 0.3172 -0.0349 0.7249 0.9475 5.0191 0.1701 0.1701 0.9663 1 0
58 300 461 925 0 0 0 0 1.0016 0 -0.2084 -0.3097 0.3097 0.3412 1.7178 0.9684 0.5785 0.6942 0.9208 14.3416 0.561 -0.2284 0.7221 0.9375 5.726 0.1472 0.1472 1.0828 1 0
58 301 467 1 0 0 0 0 1.0026 0 0.1869 -0.1076 0.2635 0.2673 2.2572 0.9927 -0.3894 0.4313 0.5805 9.4892 0.6106 -0.0862 0.72 0.899 4.3261 -0.1707 0.1707 0.7945 1 0
58 302 462 0 0 0 0 0 1.0009 0 0.8486 0.1532 0.1532 0.1716 1.6071 0.9989 -0.0146 0.0532 0.0669 3.653 0.5641 -0.0912 0.787 0.9682 4.1783 -0.2093 0.2093 0.7124 0 0
58 303 400 0 0 0 0 0 1.0002 0 -0.1252 0.1827 0.5256 0.5325 2.0951 0.9755 -0.4614 0.4823 0.6384 3.0493 0.6777 -0.1071 0.613 0.7466 4.1852 -0.1557 0.1557 0.6457 0 0
58 304 439 1 0 0 0 0 1.0008 0 -0.9881 -0.2151 0.5605 0.5763 2.7373 0.9542 -0.534 0.8679 1.297 11.556 0.5964 0.0456 0.6851 0.8824 4.4606 0.0562 0.0562 0.8039 1 0
58 305 452 2 0 0 0 0 1.0022 0 -0.9462 0.0095 0.4103 0.44 2.6016 0.9854 0.9054 0.9054 1.0491 10.6696 0.5624 0.2062 0.7396 0.9233 4.4475 0.0489 0.0489 0.7362 1 0
58 306 423 0 0 0 0 0 1.0005 0 0.0551 -0.1532 0.2347 0.2479 1.7651 0.9698 -0.0177 0.4108 0.5548 5.3996 0.5941 0.1077 0.7187 0.9204 4.3002 0.1377 0.1377 0.5804 0 0
58 307 435 0 0 0 0 0 1.001 0 -0.7279 -0.058 0.164 0.1852 2.2863 0.9446 0.2465 0.4423 0.6649 6.8367 0.6362 -0.054 0.6482 0.827 4.3635 0.0737 0.0737 0.7135 0 0
58 308 449 94 0 0 0 0 1.0017 0 -0.387 0.0152 0.2919 0.3121 1.6017 0.9817 0.0711 0.2644 0.3915 6.008 0.5819 -0.1918 0.635 0.8102 4.8677 0.1396 0.1396 0.7558 1 0
58 309 450 0 0 0 0 0 1.0025 0 -0.0264 -0.158 0.2839 0.293 2.314 0.9651 0.0851 0.3973 0.5093 5.1368 0.6156 -0.0355 0.6175 0.8076 4.5172 -0.2298 0.2298 0.9818 0 0
58 310 451 0 0 0 0 0 1.0004 0 -0.5478 2e-04 0.1445 0.1705 1.6468 0.9845 0.0448 0.2129 0.2836 4.6765 0.664 0.0699 0.6239 0.7857 4.5676 -0.1586 0.1586 0.8154 0 0
58 311 571 3 0 0 0 0 1.0016 0 -0.1717 -0.5232 0.6023 0.8689 2.2762 0.9774 -0.1969 0.795 1.1297 9.8886 0.5953 0.1193 0.5997 0.7826 4.2905 -0.0692 0.0692 0.9129 1 0
58 312 449 0 0 0 0 0 1.0014 0 0.5995 0.0417 0.4295 0.4972 2.7105 0.9815 0.0907 0.2622 0.3304 3.0858 0.6282 0.0106 0.6082 0.8085 4.2154 -0.3256 0.3256 0.5959 0 0
58 313 445 0 0 0 0 0 1.0009 0 -0.2271 0.1654 0.2853 0.3545 2.1336 0.9511 -0.1226 0.305 0.3821 3.1201 0.6139 0.0384 0.6454 0.8538 4.3223 0.1343 0.1343 0.529 0 0
58 314 469 64 0 0 0 0 1.0018 0 0.8551 -0.2201 0.2899 0.3253 2.3616 0.9714 -1.0188 1.2662 1.8177 14.6885 0.5196 0.0056 0.6391 0.8207 4.4148 0.0673 0.0673 1.0103 1 0
58 315 451 66 0 0 0 0 1.0034 0 0.9989 -0.3195 0.3195 0.3295 1.9437 0.9683 0.2845 1.0618 1.2495 13.5286 0.4261 -0.1203 0.7201 0.9134 4.5623 -0.2676 0.2676 1.3142 1 0
58 316 465 0 0 0 0 0 1.0007 0 0.1448 -0.1018 0.3018 0.374 1.4762 0.9688 0.1716 0.2671 0.4287 4.5843 0.7116 -0.0345 0.5632 0.7179 4.3364 0.0759 0.0759 0.5866 0 0
58 317 633 325 0 0 0 0 1.0012 0 -0.2872 -0.3157 0.3157 0.3591 1.5654 0.9557 -0.4579 0.7446 1.0518 11.6715 0.6026 0.369 0.715 0.9104 5.1889 0.2491 0.2491 0.8271 1 0
58 318 506 59 0 0 0 0 1.0018 0 -0.9994 -0.2658 0.3313 0.3735 2.2169 0.9674 -0.2055 0.8266 1.156 11.9595 0.4181 -0.3019 0.706 0.8958 4.6809 -0.1873 0.1873 1.2338 1 0
58 319 479 2 0 0 0 0 1.0007 0 0.8598 -0.0816 0.0868 0.1037 1.7206 0.9749 0.2905 0.7333 0.8991 10.3731 0.4468 -0.1013 0.6379 0.8003 4.4323 -0.3755 0.3755 0.9254 1 0
58 320 428 0 0 0 0 0 1.0006 0 0.5893 0.0925 0.3436 0.4265 2.7157 0.9004 -0.0695 0.4929 0.7807 7.7125 0.5526 0.2017 0.7042 0.897 4.2129 -0.1566 0.1566 0.7197 0 0
58 321 583 356 0 0 0 0 1.0008 0 -0.8745 -0.2983 0.6296 0.6367 2.1516 0.9658 0.2072 1.3648 1.7582 13.0096 0.466 0.1147 0.7491 0.9661 5.3299 0.3452 0.3452 0.7499 1 0
58 322 602 1583 0 0 0 0 1.0023 0 -0.7087 -0.2626 0.2726 0.3408 1.6886 0.9585 -2.0307 2.8103 3.9282 36.8657 0.4543 -0.0278 0.6852 0.8674 5.7285 0.0709 0.0709 1.2445 1 0
58 323 415 85 0 0 0 0 1.0024 0 0.357 -0.3562 0.3562 0.4815 1.9024 0.9911 -0.0743 0.7655 1.1101 11.3826 0.5797 0.0145 0.6966 0.8535 4.6738 -0.1771 0.1771 1.1494 1 0
58 324 401 1 0 0 0 0 1.0002 0 0.9995 -0.1327 0.1327 0.1328 1.7595 0.9919 0.1577 0.2795 0.3239 4.8535 0.5922 0.0792 0.7103 0.9187 4.2968 -0.0414 0.0414 0.7685 1 0
58 325 472 739 0 0 0 0 1.0065 0 -0.993 -0.4256 0.4256 0.5069 1.5033 0.9136 -0.5904 0.8554 1.2503 13.758 0.5972 0.235 0.7106 0.9013 5.3604 0.1753 0.1753 0.8962 1 0
58 326 453 0 0 0 0 0 1.0016 0 0.6402 -0.0514 0.1716 0.2067 2.4209 0.962 -0.1879 0.4193 0.6796 7.6347 0.5627 0.026 0.6761 0.8893 4.3978 -0.0997 0.0997 0.9289 0 0
58 327 459 1 0 0 0 0 1.0019 0 -0.492 -0.0204 0.4504 0.5011 2.454 0.9252 1.1349 1.188 1.9865 20.152 0.4361 -0.0431 0.683 0.8751 4.1685 -0.3234 0.3234 0.8188 1 0
58 328 433 0 0 0 0 0 1.001 0 -0.4698 -0.0255 0.4475 0.5307 2.3711 0.9705 0.349 0.4677 0.6837 6.6179 0.5683 0.0155 0.6941 0.8786 4.4005 -0.1822 0.1822 0.9292 0 0
58 329 547 813 0 0 0 0 1.0023 0 -0.4251 -0.3212 0.3212 0.4504 1.6694 0.9421 1.4688 1.715 2.2333 18.7627 0.4394 0.1835 0.7287 0.9229 5.9919 -0.6324 0.6324 1.2499 1 0
58 330 444 7 0 0 0 0 1.0005 0 0.9653 -0.0656 0.1123 0.1191 1.6154 0.976 0.3951 0.3951 0.5423 3.8353 0.6838 0.2097 0.6694 0.8251 4.7565 0.1587 0.1587 0.6841 1 0
58 331 426 0 0 0 0 0 1.0013 0 -0.1206 -0.1893 0.3023 0.3306 2.1606 0.9918 0.1555 0.353 0.4483 8.0274 0.5405 0.0333 0.6813 0.8618 4.2244 -0.1635 0.1635 0.8153 0 0
58 332 387 0 0 0 0 0 1.0005 0 -0.7437 -0.1444 0.1935 0.2702 1.9171 0.9644 -0.0841 0.4969 0.6949 7.8419 0.5931 0.0791 0.6891 0.8921 4.3978 -0.3242 0.3242 0.9457 0 0
58 333 429 0 0 0 0 0 1.0003 0 0.0029 0.1516 0.1894 0.2829 1.9102 0.9903 -0.0965 0.1787 0.2472 5.8441 0.5644 -0.0029 0.6559 0.8328 4.363 -0.1548 0.1548 0.7904 0 0
58 334 427 3 0 0 0 0 1.0043 0 0.6352 0.2254 0.4056 0.567 3.1115 0.9502 -0.3057 0.5498 0.8025 11.7893 0.5095 0.0308 0.633 0.8009 4.1833 -0.133 0.133 0.7351 1 0
58 335 457 0 0 0 0 0 1.002 0 0.1301 -0.1299 0.2069 0.2297 2.1912 0.9797 -0.6333 0.6998 0.9236 9.4672 0.4906 -0.2326 0.6568 0.8422 4.2837 -0.3321 0.3321 0.9607 0 0
58 336 459 3 0 0 0 0 1.002 0 0.9438 -0.2625 0.371 0.4382 2.1344 0.9591 -0.4405 1.0172 1.5917 12.276 0.6233 0.1166 0.6973 0.8745 5.1351 0.312 0.312 0.5745 1 0
58 337 446 2 0 0 0 0 1.0003 0 0.9444 -0.1821 0.1821 0.2445 1.5576 0.9933 0.0472 0.1693 0.2094 3.9211 0.7133 -0.0182 0.6148 0.7895 4.5018 0.2568 0.2568 0.5318 1 0
58 338 534 5 0 0 0 0 1.0032 0 0.1473 -0.1357 0.4633 0.4669 2.5742 0.9566 0.8909 0.9383 1.4547 14.793 0.6017 0.048 0.671 0.8529 4.9062 -0.2506 0.2506 1.0721 1 0
58 339 437 0 0 0 0 0 1.0005 0 0.2682 0.2242 0.2242 0.2831 1.8318 0.9862 0.0699 0.1976 0.2724 1.7776 0.684 0.0589 0.6277 0.8114 4.096 -0.0853 0.0853 0.5824 0 0
58 340 429 23 0 0 0 0 1.0013 0 0.9827 -0.0797 0.0836 0.1175 1.572 0.9899 0.2007 0.2616 0.3195 3.4186 0.6074 0.1985 0.6528 0.8303 4.7873 0.2502 0.2502 0.6686 1 0
58 341 453 0 0 0 0 0 1.0005 0 0.9814 -0.0594 0.1178 0.16 1.9906 0.9552 -0.4372 0.6182 1.0274 14.9939 0.6343 -0.087 0.6233 0.76 4.3253 -0.1376 0.1376 0.8082 0 0
58 342 454 6 0 0 0 0 1.0003 0 -0.2705 -0.1731 0.2091 0.2395 1.3918 0.9936 0.047 0.6343 0.8385 8.5538 0.5376 0.0772 0.6994 0.8626 4.5018 -0.0718 0.0718 0.9409 1 0
58 343 436 0 0 0 0 0 1.002 0 -0.4818 0.2031 0.2632 0.4055 2.0597 0.953 0.0229 0.2042 0.2597 1.7538 0.6152 0.0226 0.5827 0.7569 4.1219 -0.0584 0.0584 0.6604 0 0
58 344 475 7 0 0 0 0 1.001 0 0.3284 0.0745 0.1939 0.2458 1.6337 0.9896 -0.0653 0.1664 0.1874 3.5107 0.5825 -0.2154 0.7661 0.9507 4.5924 0.3091 0.3091 0.4719 1 0
58 345 476 0 0 0 0 0 1.0009 0 0.9722 -0.1123 0.2828 0.3613 1.2803 0.9919 0.0114 0.132 0.2032 2.6726 0.6449 -0.0025 0.6057 0.7616 4.4425 0.2018 0.2018 0.4873 0 0
58 346 433 0 0 0 0 0 1.0005 0 -0.8198 0.0133 0.6046 0.6387 1.5377 0.9619 0.2248 0.3216 0.3943 2.4362 0.6767 0.0898 0.6721 0.8462 4.2362 -0.0504 0.0504 0.5903 0 0
58 347 423 0 0 0 0 0 1.0011 0 0.9933 -0.0398 0.0643 0.0673 2.0648 0.9836 -0.0661 0.2643 0.3197 4.8582 0.6881 -0.0079 0.6039 0.7832 4.3452 -0.2131 0.2131 0.8145 0 0
58 348 432 0 0 0 0 0 1.0004 0 0.9777 -0.0854 0.2129 0.2194 1.8828 0.9924 0.0266 0.3044 0.3991 6.6554 0.5902 -0.0426 0.6327 0.8209 4.1693 -0.0953 0.0953 0.6794 0 0
58 349 434 0 0 0 0 0 1.0011 0 -0.9665 0.1092 0.4147 0.5062 2.258 0.9569 0.1352 0.3155 0.3757 3.5346 0.5249 0.0869 0.7673 0.962 4.5018 0.0135 0.0135 0.7126 0 0
58 350 468 2 0 0 0 0 1.0005 0 -0.5251 -0.028 0.2702 0.2801 2.0031 0.984 -0.292 0.5594 0.732 10.5186 0.5516 -0.0171 0.6726 0.8511 4.1794 0.0208 0.0208 0.7063 1 0
58 351 702 323 0 0 0 0 1.0017 0 0.7802 -0.2983 0.2983 0.3116 1.4569 0.9933 0.1121 0.5827 0.7948 6.8244 0.5898 0.1022 0.6737 0.8476 5.2141 0.2892 0.2892 0.7777 1 0
58 352 449 28 0 0 0 0 1.0014 0 -0.8192 -0.3397 0.4816 0.5527 2.2289 0.9799 0.4829 0.9707 1.2226 11.4931 0.5749 -0.0295 0.6455 0.8073 4.5906 -0.1299 0.1299 0.9935 1 0
58 353 521 356 0 0 0 0 1.0006 0 0.6998 0.1568 0.1989 0.2212 1.5981 0.9516 -0.7554 0.7554 0.8279 3.1255 0.6234 -0.4174 0.8349 1.0222 4.716 0.3242 0.3242 0.587 1 0
58 354 456 2 0 0 0 0 1.0006 0 -0.1216 -0.0351 0.2999 0.3092 1.7132 0.9536 -0.329 0.3425 0.4941 4.1287 0.6012 -0.0376 0.665 0.8075 4.4342 0.1388 0.1388 0.6105 1 0
58 355 454 0 0 0 0 0 1.001 0 0.9931 0.1338 0.1338 0.1589 1.6078 0.998 -0.1254 0.1789 0.2138 3.1431 0.6728 -0.1745 0.634 0.8147 4.1616 0.0069 0.0069 0.541 0 0
58 356 415 1 0 0 0 0 1.0006 0 -0.2104 0.1242 0.4299 0.4505 2.4232 0.9305 0.0975 0.3238 0.366 2.7678 0.6352 0.0515 0.6169 0.8076 4.3421 -0.0377 0.0377 0.7072 1 0
58 357 443 1 0 0 0 0 1.0024 0 0.5426 0.0925 0.3708 0.4607 2.4488 0.9051 0.121 0.5202 0.7247 7.0591 0.6188 -0.1875 0.6252 0.8301 4.3013 0.1178 0.1178 0.6378 1 0
58 358 448 0 0 0 0 0 1.0007 0 0.5319 -0.0491 0.1593 0.1683 2.0363 0.9956 -0.2326 0.3715 0.476 6.6834 0.4827 0.0563 0.7256 0.8924 4.385 0.1037 0.1037 0.7234 0 0
58 359 454 1 0 0 0 0 1.0013 0 -0.9265 0.1148 0.2882 0.3358 1.985 0.8432 -0.1842 0.412 0.6228 6.5561 0.5201 0.06 0.7295 0.8996 4.4373 0.0453 0.0453 0.7515 1 0
58 360 422 0 0 0 0 0 1.0008 0 -0.9308 0.0654 0.3755 0.3811 1.8838 0.956 0.2116 0.277 0.3521 2.7909 0.5539 0.2486 0.7432 0.9762 4.358 0.0377 0.0377 0.6998 0 0
58 361 445 154 0 0 0 0 1.0004 0 0.7291 -0.2179 0.2179 0.2205 1.3641 0.9871 -0.1196 0.3001 0.3574 6.3665 0.5728 0.1616 0.6876 0.8823 4.7491 -0.0213 0.0213 1.0627 1 0
58 362 446 0 0 0 0 0 1.0012 0 0.5644 0.2574 0.2574 0.3116 1.8718 0.9862 0.1325 0.2045 0.2522 2.6597 0.5835 -0.0066 0.6463 0.8165 4.1629 -0.12 0.12 0.6073 0 0
58 363 625 493 0 0 0 0 1.0026 0 0.9964 -0.2586 0.2586 0.2788 2.2081 0.9654 1.0225 1.1852 1.6776 19.4943 0.4131 -0.1013 0.715 0.9083 5.3681 0.0055 0.0055 1.2625 1 0
58 364 447 0 0 0 0 0 1.0009 0 -0.6668 -0.23 0.3201 0.3497 2.0625 0.9833 -0.3839 0.975 1.3883 13.7973 0.4805 -0.1208 0.7131 0.9311 4.3869 -0.6293 0.6293 0.6902 0 0
58 365 462 3 0 0 0 0 1.0012 0 -0.1324 -0.2098 0.2427 0.2802 1.497 0.9819 -0.08 0.3263 0.5175 5.2643 0.6566 -0.0476 0.6094 0.7789 4.7706 0.1759 0.1759 0.7893 1 0
58 366 408 3 0 0 0 0 1.0007 0 0.9725 -0.2145 0.2145 0.2234 2.2944 0.989 0.1887 0.3942 0.4767 9.5846 0.6022 -0.0694 0.6219 0.8255 4.2812 -0.2285 0.2285 0.9651 1 0
58 367 1653 2725 0 0 29 57 1.0325 39 0.9549 -0.2831 0.2831 0.2897 1.3458 0.978 0.0891 0.4517 0.5947 7.0703 0.4448 0.5957 1.0137 1.2641 7.5016 0.4573 0.4573 0.7049 1 1
58 368 460 11 0 0 0 0 1.0011 0 0.6671 -0.2667 0.3002 0.3502 1.6894 0.969 -0.1765 0.487 0.6949 7.295 0.5927 0.0479 0.6859 0.877 4.3834 0.0484 0.0484 0.8951 1 0
58 369 479 0 0 0 0 0 1.0004 0 0.6839 -0.1047 0.2021 0.2137 1.4035 0.9818 0.088 0.2426 0.3257 3.0346 0.6633 -0.0024 0.6192 0.7925 4.1303 -0.0421 0.0421 0.5525 0 0
58 370 442 22 0 0 0 0 1.0012 0 -0.537 -0.2328 0.257 0.3865 1.4457 0.9501 0.503 0.5965 0.7699 5.1631 0.6817 0.3348 0.6358 0.7982 4.4296 0.0591 0.0591 0.8245 1 0
58 371 505 22 0 0 0 0 1.0023 0 0.7843 -0.0076 0.1115 0.1268 2.4241 0.9715 -0.4078 0.5737 0.7137 6.763 0.5618 -0.1634 0.638 0.8136 4.4578 -0.0127 0.0127 1.0449 1 0
58 372 429 0 0 0 0 0 1.0004 0 0.6515 0.006 0.3269 0.3463 1.5303 0.9789 0.0608 0.1567 0.2079 1.5708 0.7064 0.0081 0.5704 0.7292 4.2358 0.0506 0.0506 0.5374 0 0
58 373 439 7 0 0 0 0 1.0005 0 -0.9146 -0.011 0.2453 0.2605 2.1442 0.9632 -0.3513 0.5347 0.6754 8.7857 0.514 -0.0557 0.6781 0.8565 4.4042 -0.139 0.139 0.9535 1 0
58 374 471 11 0 0 0 0 1.0012 0 0.374 -0.1334 0.2137 0.2577 1.9071 0.9927 0.2828 0.4675 0.6007 7.0433 0.5352 0.0281 0.6067 0.7758 4.3149 -0.143 0.143 1.0831 1 0
58 375 463 0 0 0 0 0 1.0004 0 0.3768 -0.024 0.3441 0.4031 1.8151 0.9668 0.2417 0.2858 0.3611 2.6376 0.6519 0.1828 0.6438 0.7985 4.169 -0.0534 0.0534 0.6715 0 0
58 376 436 0 0 0 0 0 1.0005 0 0.7253 -0.2953 0.2953 0.3067 1.6978 0.986 0.0333 0.3246 0.416 6.4019 0.6417 3e-04 0.6222 0.7783 4.6166 -0.1666 0.1666 0.9007 0 0
58 377 457 0 0 0 0 0 1.0005 0 -0.7687 0.1439 0.1859 0.2059 1.4817 0.9913 0.0784 0.1333 0.1508 1.7636 0.6363 -0.0834 0.6042 0.8141 4.087 -0.0027 0.0027 0.5426 0 0
58 378 449 5 0 0 0 0 1.0011 0 0.9481 -0.0541 0.1319 0.1391 1.777 0.9133 0.0022 0.6506 0.7628 6.8943 0.5151 0.1233 0.6003 0.7686 4.4609 -0.1982 0.1982 1.0078 1 0
58 379 442 5 0 0 0 0 1.0011 0 -0.6733 -0.3373 0.526 0.5555 1.8979 0.9565 -0.184 0.853 1.3598 13.978 0.5756 -0.0475 0.7025 0.8829 4.4689 0.1543 0.1543 0.6983 1 0
58 380 425 2 0 0 0 0 1.001 0 -0.3036 -0.0789 0.1697 0.2045 1.9717 0.9602 -0.0978 0.511 0.6812 9.2484 0.5213 0.0332 0.6479 0.7938 4.306 -0.1773 0.1773 0.9418 1 0
58 381 453 0 0 0 0 0 1.0007 0 -0.0524 -0.0884 0.4601 0.5076 2.214 0.9495 0.1001 0.4281 0.5639 6.4633 0.558 -0.0542 0.7078 0.8772 4.2288 0.0874 0.0874 0.611 0 0
58 382 950 3136 0 0 191 163 1.3957 189 -0.5835 -0.342 0.4606 0.5066 2.8525 0.975 -1.5792 1.8021 2.424 20.8915 0.5338 0.206 0.6912 0.8711 9.7385 -0.0166 0.0166 1.3338 1 1
58 383 449 0 0 0 0 0 1.0006 0 -0.0166 0.0644 0.4696 0.5249 2.5636 0.9713 -0.0212 0.4033 0.5417 4.542 0.6783 -0.001 0.6504 0.8017 4.2964 0.072 0.072 0.6301 0 0
58 384 466 10 0 0 0 0 1.0012 0 -0.7661 -0.102 0.102 0.1538 1.4014 0.9598 -0.1975 0.4349 0.6142 6.5149 0.5225 0.12 0.7 0.897 4.6776 0.2414 0.2414 0.6225 1 0
58 385 459 0 0 0 0 0 1.0007 0 0.0596 0.0158 0.0777 0.0908 1.564 0.9606 0.061 0.3427 0.4889 5.7787 0.4902 0.1492 0.7226 0.9134 4.2675 -0.0524 0.0524 0.8 0 0
58 386 416 0 0 0 0 0 1.0022 0 -0.5501 0.1419 0.6174 0.7308 3.4739 0.9644 -0.2499 0.4178 0.6036 6.6698 0.5303 -0.0183 0.6632 0.8488 4.4063 0.063 0.063 0.6813 0 0
58 387 492 15 0 0 0 0 1.0003 0 -0.9963 -0.306 0.3069 0.491 1.5459 0.8889 -0.7802 1.1369 2.069 18.4733 0.6092 0.1162 0.6409 0.7998 4.5598 0.0411 0.0411 0.8772 1 0
58 388 5795 10228 0 9708 215 213 1.3975 214 0.624 -0.5918 0.5918 0.6026 1.5977 0.9066 1.1285 2.5162 3.8956 34.9717 0.2469 2.667 2.6765 2.8914 11.786 0.4626 0.4626 1.2884 1 1
58 389 448 0 0 0 0 0 1.0003 0 0.1074 0.1896 0.4642 0.4657 1.5098 0.9879 0.053 0.1758 0.2154 1.724 0.744 0.0381 0.5288 0.6852 4.1936 0.0928 0.0928 0.4744 0 0
58 390 587 14 0 0 0 0 1.0018 0 0.8036 -0.1028 0.2315 0.2606 1.9347 0.9829 -0.3632 0.5444 0.7921 9.9552 0.5616 -0.1005 0.6987 0.8905 4.8363 0.2341 0.2341 0.9702 1 0
58 391 440 2 0 0 0 0 1.0005 0 0.7452 -0.0956 0.2128 0.2848 1.6372 0.9906 -0.0435 0.1701 0.2233 3.474 0.6891 -0.0488 0.6305 0.793 4.6693 0.2015 0.2015 0.6159 1 0
58 392 456 23 0 0 0 0 1.0044 0 -0.7896 -0.4164 0.4531 0.5513 2.0295 0.9624 -0.3621 1.2662 1.7371 16.0947 0.4657 0.0641 0.6983 0.8869 4.4283 0.0229 0.0229 0.9931 1 0
58 393 1685 1228 0 0 0 0 1.0039 0 0.6482 -0.2812 0.2882 0.367 1.4469 0.974 0.1444 0.4756 0.6803 5.8302 0.5558 0.647 0.8798 1.0979 6.5944 0.4585 0.4585 0.6341 1 0
58 394 441 0 0 0 0 0 1.001 0 0.9492 0.0232 0.218 0.2254 1.8756 0.929 0.1816 0.3268 0.5266 4.8343 0.5993 -0.03 0.5842 0.7517 4.1205 -0.2374 0.2374 0.6939 0 0
58 395 450 52 0 0 0 0 1.0015 0 -0.993 -0.2949 0.3885 0.4264 2.3218 0.9687 0.7954 0.8232 1.0724 9.8117 0.5995 0.0934 0.5825 0.7148 4.4792 0.0269 0.0269 0.8984 1 0
58 396 449 0 0 0 0 0 1.0005 0 -0.8623 0.2544 0.4057 0.4631 1.726 0.9608 0.155 0.2689 0.3309 1.6551 0.6692 0.0367 0.6103 0.7828 4.1266 -0.0248 0.0248 0.5821 0 0
58 397 423 0 0 0 0 0 1.001 0 0.9284 0.1305 0.1498 0.1733 2.1629 0.9761 -0.0711 0.1575 0.1802 3.9435 0.5486 0.0599 0.6927 0.8842 4.1988 -0.1625 0.1625 0.7613 0 0
58 398 469 2 0 0 0 0 1.0009 0 0.8426 -0.201 0.2197 0.2588 1.5694 0.984 0.1696 0.5329 0.7278 9.8223 0.6129 0.0497 0.6181 0.7682 4.3274 0.0317 0.0317 0.849 1 0
58 399 442 0 0 0 0 0 1.0006 0 0.4313 0.2092 0.4216 0.5631 3.0275 0.9787 0.053 0.2301 0.3229 4.8213 0.5927 -0.0062 0.656 0.8359 4.1985 0.0075 0.0075 0.5805 0 0
58 400 417 36 0 0 0 0 1.0005 0 0.8281 -0.1557 0.1557 0.1684 1.693 0.9961 -0.1154 0.1623 0.2007 4.291 0.6114 -0.0535 0.6423 0.8278 4.4842 0.1222 0.1222 0.7122 1 0
58 401 428 2 0 0 0 0 1.0011 0 -0.7745 -0.2247 0.2526 0.2956 1.7368 0.9917 0.1114 0.7411 0.9947 13.5961 0.5934 -0.0764 0.62 0.7802 4.4041 -0.1346 0.1346 0.8933 1 0
58 402 441 3 0 0 0 0 1.002 0 -0.3301 0.1088 0.3452 0.4179 2.3669 0.9496 0.3019 0.4387 0.7518 10.9172 0.5598 -0.1358 0.7397 0.918 4.2641 -0.0217 0.0217 0.7033 1 0
58 403 473 0 0 0 0 0 1.0014 0 -0.7733 0.0617 0.7462 0.8108 3.11 0.8199 0.6106 0.7831 1.3382 11.1023 0.5712 0.0205 0.6666 0.8209 4.3601 -0.1771 0.1771 0.6927 0 0
58 404 433 0 0 0 0 0 1.0004 0 -0.8423 -0.2059 0.3916 0.4463 1.9349 0.9553 -0.1674 0.5283 0.9042 10.059 0.4723 0.0739 0.6676 0.8428 4.22 -0.1168 0.1168 0.796 0 0
58 405 451 0 0 0 0 0 1.0019 0 0.3855 0.1652 0.6113 0.7261 3.7801 0.949 0.3651 0.5866 0.783 7.1115 0.5075 -0.0579 0.7216 0.9051 4.2352 -0.4367 0.4367 0.7625 0 0
58 406 443 0 0 0 0 0 1.0005 0 0.4785 -0.1067 0.3237 0.3241 1.9344 0.9604 -0.2091 0.3906 0.5017 4.5648 0.585 -0.1196 0.601 0.7786 4.2966 0.0764 0.0764 0.6381 0 0
58 407 524 14 0 0 0 0 1.0011 0 0.5595 -0.0932 0.0944 0.1436 1.5283 0.9871 -0.2102 0.2198 0.302 3.212 0.6445 -0.0914 0.6711 0.8242 5.0612 0.2695 0.2695 0.6166 1 0
58 408 462 0 0 0 0 0 1.0004 0 0.7531 -0.2161 0.2161 0.3183 1.648 0.993 0.1246 0.2639 0.2917 2.7823 0.6546 0.163 0.6443 0.8561 4.5949 0.233 0.233 0.484 0 0
58 409 478 0 0 0 0 0 1.0006 0 -0.9018 -0.1227 0.273 0.3343 1.6231 0.9868 -0.0901 0.2215 0.2986 2.8743 0.656 -0.0582 0.6707 0.8462 4.3565 0.1915 0.1915 0.5111 0 0
58 410 454 0 0 0 0 0 1.0004 0 0.9193 0.1016 0.3506 0.3512 1.8255 0.8612 0.014 0.6467 0.9638 9.0591 0.5866 0.0731 0.6682 0.8445 4.3977 0.1365 0.1365 0.6314 0 0
58 411 455 0 0 0 0 0 1.0002 0 0.4728 0.1124 0.1213 0.1475 1.4822 0.9813 -0.2605 0.2784 0.3325 2.1149 0.6739 -0.2504 0.6953 0.8833 4.3143 0.0888 0.0888 0.577 0 0
58 412 449 5 0 0 0 0 1.0004 0 0.6768 -0.5685 0.5685 0.585 1.6176 0.9944 0.8391 1.9273 2.7097 26.6396 0.5703 0.0734 0.6651 0.8569 4.2399 -0.1905 0.1905 1.0661 1 0
58 413 481 0 0 0 0 0 1.0002 0 -0.8461 -0.2436 0.2627 0.3921 1.4163 0.9681 -0.1019 0.2684 0.3665 4.164 0.6802 -0.044 0.632 0.8164 4.1852 0.0256 0.0256 0.6495 0 0
58 414 479 3 0 0 0 0 1.0009 0 0.9886 -0.1192 0.1192 0.1301 1.6969 0.9632 -0.0079 0.3144 0.4314 6.0192 0.6575 -0.1711 0.6829 0.8608 4.4747 -0.0169 0.0169 0.7847 1 0
58 415 456 0 0 0 0 0 1.0023 0 -0.2545 0.2459 0.2908 0.4591 2.9273 0.9755 0.1328 0.2228 0.3138 6.6779 0.5718 0.0999 0.6781 0.8809 4.1403 -0.1405 0.1405 0.7014 0 0
58 416 411 2 0 0 0 0 1.0014 0 -0.8435 0.0592 0.6737 0.7726 3.4014 0.9513 -2.1106 2.5416 4.1163 35.0959 0.3597 0.1026 0.8482 1.0543 4.1831 -0.0692 0.0692 0.7352 1 0
58 417 458 0 0 0 0 0 1.0005 0 -0.4528 -0.1035 0.1416 0.1543 1.549 0.9905 0.087 0.207 0.2702 4.0112 0.6741 0.144 0.6759 0.831 4.3278 0.0743 0.0743 0.6342 0 0
58 418 447 0 0 0 0 0 1.0009 0 -0.4223 -0.3164 0.3385 0.4226 1.1965 0.9951 0.0348 0.4261 0.5012 5.1116 0.5954 -0.0435 0.6298 0.8249 4.3835 0.1483 0.1483 0.6767 0 0
58 419 427 0 0 0 0 0 1.0018 0 0.935 0.1241 0.4676 0.5554 3.2187 0.984 0.1301 0.4883 0.7264 7.7955 0.5275 -0.0911 0.7292 0.8981 4.4565 0.0321 0.0321 0.7634 0 0
58 420 483 0 0 0 0 0 1.0028 0 -0.5738 0.024 0.4771 0.5348 2.8717 0.9238 -0.5964 0.8479 1.4684 14.7952 0.5576 0.0068 0.6591 0.8385 4.1911 -0.3 0.3 0.837 0 0
58 421 445 1 0 0 0 0 1.001 0 -0.4731 -0.0529 0.1832 0.2314 2.1713 0.991 0.123 0.4685 0.5716 9.0489 0.5369 -5e-04 0.7036 0.8555 4.263 -0.2609 0.2609 0.9355 1 0
58 422 472 0 0 0 0 0 1.0005 0 0.4093 0.021 0.3017 0.3325 1.6382 0.9635 -0.0797 0.3107 0.4429 8.0823 0.6139 -0.0674 0.6482 0.8201 4.1534 -0.1837 0.1837 0.6598 0 0
58 423 440 0 0 0 0 0 1.0005 0 0.1332 -0.2425 0.3643 0.3863 1.9528 0.9841 0.4689 0.7452 1.0207 13.2365 0.5211 -0.0153 0.6233 0.7984 4.2657 -0.2631 0.2631 0.8716 0 0
58 424 474 0 0 0 0 0 1.0006 0 0.4622 0.0275 0.3375 0.3957 1.9906 0.9607 -0.0899 0.3576 0.4498 3.804 0.7027 -0.2487 0.6323 0.858 4.2698 0.1046 0.1046 0.5142 0 0
58 425 443 0 0 0 0 0 1.001 0 0.3242 -0.0738 0.2558 0.2565 2.4933 0.9591 -0.2106 0.4012 0.5648 5.6018 0.5073 -0.029 0.6876 0.8819 4.2813 -0.3964 0.3964 0.8651 0 0
58 426 463 2 0 0 0 0 1.0004 0 -0.4505 0.13 0.4441 0.5362 2.8931 0.9452 0.5131 0.6536 0.8641 9.5432 0.5561 0.1188 0.7768 0.9635 4.5927 -0.0309 0.0309 0.7857 1 0
58 427 444 6 0 0 0 0 1.0014 0 0.9827 -0.2595 0.2595 0.2596 1.7306 0.9716 0.2186 0.7066 0.8521 8.0012 0.6002 -0.1803 0.6574 0.8146 4.3776 0.1181 0.1181 0.7852 1 0
58 428 426 10 0 0 0 0 1.0002 0 0.9821 4e-04 0.1481 0.1602 1.4351 0.9949 0.0417 0.1566 0.1867 4.8037 0.6149 0.0396 0.6586 0.8409 4.4754 0.167 0.167 0.6206 1 0
58 429 482 0 0 0 0 0 1.0002 0 -0.9143 -0.1832 0.3581 0.4814 1.3145 0.9516 -0.3181 0.4192 0.6061 3.8461 0.7001 -0.0351 0.5718 0.7048 4.4629 0.1745 0.1745 0.5073 0 0
58 430 438 0 0 0 0 0 1.0008 0 0.7735 0.0918 0.1899 0.2513 2.0435 0.967 -0.074 0.2816 0.3788 6.9379 0.5714 0.0179 0.6548 0.8152 4.2434 -0.1383 0.1383 0.7736 0 0
58 431 436 0 0 0 0 0 1.0007 0 0.482 -0.0022 0.2321 0.2651 1.6384 0.9718 -0.2168 0.336 0.3841 3.6687 0.6011 -0.133 0.6675 0.8442 4.3964 0.0458 0.0458 0.6493 0 0
58 432 464 0 0 0 0 0 1.0011 0 0.1885 -0.0573 0.3214 0.3551 1.9278 0.9583 0.4968 0.5607 0.8694 9.5869 0.4844 0.1017 0.7224 0.9012 4.2113 -0.5637 0.5637 0.6458 0 0
58 433 436 0 0 0 0 0 1.0006 0 0.1873 -0.188 0.2608 0.3099 1.8294 0.9252 -0.1634 1.137 1.6373 16.9275 0.4153 -0.0251 0.6493 0.839 4.2865 -0.1555 0.1555 0.918 0 0
58 434 458 5 0 0 0 0 1.0004 0 -0.1525 -0.0166 0.4868 0.5626 2.435 0.9695 -0.3641 0.4127 0.5321 6.216 0.5744 0.0302 0.7288 0.9148 4.3272 0.0474 0.0474 0.8018 1 0
58 435 429 0 0 0 0 0 1.0004 0 -0.8351 -0.1762 0.4793 0.4997 2.3467 0.9855 -0.095 0.3413 0.4831 5.0969 0.5919 0.028 0.679 0.8438 4.1425 -0.4009 0.4009 0.7426 0 0
58 436 872 1888 0 0 0 92 1.0264 65 0.9899 -0.5433 0.5433 0.5899 1.7148 0.9864 -0.2037 0.8196 0.9578 8.4515 0.5642 0.449 0.7595 0.956 7.115 0.3708 0.3708 0.8728 1 1
58 437 401 0 0 0 0 0 1.0025 0 0.2837 -0.2111 0.2337 0.3086 2.3433 0.9512 -0.4253 0.6277 0.9349 10.8148 0.4889 -0.0387 0.6768 0.8733 4.4058 -0.1744 0.1744 0.9801 0 0
58 438 453 0 0 0 0 0 1.0004 0 0.9512 -0.2727 0.2727 0.2906 1.7026 0.99 -0.0258 0.3283 0.4199 7.926 0.6318 0.0865 0.6428 0.8163 4.1744 -0.0391 0.0391 0.6964 0 0
58 439 458 0 0 0 0 0 1.001 0 0.1206 0.1446 0.2281 0.2865 2.0082 0.9341 0.3837 0.4761 0.5827 6.1224 0.564 0.2438 0.6772 0.8626 4.4654 -0.0784 0.0784 0.8142 0 0
58 440 484 1 0 0 0 0 1.0004 0 0.5509 -0.1035 0.2718 0.2781 1.8918 0.9799 -0.063 0.2379 0.261 3.9842 0.6719 0.0107 0.5533 0.7235 4.2904 0.0715 0.0715 0.6437 1 0
58 441 455 20 0 0 0 0 1.0015 0 0.6367 -0.2279 0.3577 0.397 2.3051 0.9844 0.8008 1.4201 2.073 18.0387 0.6008 0.0753 0.6823 0.8497 4.8362 0.2592 0.2592 0.6084 1 0
58 442 433 30 0 0 0 0 1.003 0 -0.9738 0.0134 0.5352 0.5772 3.4888 0.9302 0.0767 1.4744 1.9928 19.0053 0.4707 -0.0476 0.7264 0.9164 4.3001 -0.3339 0.3339 0.9957 1 0
58 443 449 1 0 0 0 0 1.0003 0 -0.471 0.1081 0.292 0.3256 2.0693 0.9887 -0.113 0.2148 0.3011 4.2083 0.7078 0.0366 0.6016 0.7597 4.3879 0.211 0.211 0.546 1 0
58 444 458 25 0 0 0 0 1.0003 0 0.6445 -0.0984 0.2091 0.2154 1.2785 0.9937 0.021 0.4207 0.5284 7.0282 0.5941 0.1306 0.6435 0.8185 4.7565 0.2047 0.2047 0.6694 1 0
58 445 447 0 0 0 0 0 1.0007 0 0.5588 -0.0114 0.2179 0.2278 1.7738 0.9862 0.0667 0.277 0.3696 4.5647 0.5794 0.1802 0.6279 0.809 4.1754 -0.0443 0.0443 0.7149 0 0
58 446 1164 586 0 0 0 0 1.0056 0 -0.8257 -0.3084 0.3353 0.4052 1.9164 0.9874 0.742 1.3158 1.7472 15.0176 0.6008 0.0928 0.6866 0.8482 5.9556 -0.1238 0.1238 1.5768 1 0
58 447 450 0 0 0 0 0 1.0003 0 0.0723 -0.0808 0.4157 0.4279 2.0012 0.9912 0.132 0.3003 0.3697 4.6428 0.6873 -0.0546 0.5672 0.7349 4.2227 -0.2655 0.2655 0.6684 0 0
58 448 441 0 0 0 0 0 1.0025 0 0.6477 0.1168 0.1796 0.2405 1.943 0.9823 0.0813 0.2133 0.3021 7.8891 0.5822 0.1105 0.6545 0.8237 4.1814 -0.0172 0.0172 0.7001 0 0
58 449 442 0 0 0 0 0 1.0006 0 0.5313 0.0796 0.2119 0.2748 1.525 0.9931 0.0842 0.1073 0.153 1.8632 0.7052 0.0733 0.6304 0.811 4.1991 -0.0178 0.0178 0.6539 0 0
58 450 576 145 0 0 0 0 1.0006 0 0.307 0.0843 0.186 0.2224 1.6626 0.9565 0.2673 0.3618 0.4897 3.78 0.598 -0.055 0.6825 0.8552 5.4196 0.1233 0.1233 0.9741 1 0
58 451 446 0 0 0 0 0 1.0029 0 -0.9407 -0.1083 0.5798 0.7133 3.1704 0.9512 1.08 1.1594 1.8298 15.5994 0.5862 0.0928 0.6528 0.8122 4.3594 -0.1193 0.1193 0.9331 0 0
58 452 432 62 0 0 0 0 1.0004 0 0.9848 -0.2542 0.2542 0.2584 1.536 0.9912 0.0783 1.0724 1.3887 12.7912 0.5113 -0.0454 0.6885 0.8874 4.5315 -0.3277 0.3277 1.1466 1 0
58 453 477 1 0 0 0 0 1.0008 0 -0.9995 -0.1206 0.402 0.5049 2.1428 0.9902 0.4507 0.4762 0.77 9.367 0.5711 0.1628 0.709 0.8718 4.2458 -0.0291 0.0291 0.72 1 0
58 454 446 0 0 0 0 0 1.0013 0 -0.9641 -0.0342 0.3758 0.391 2.1418 0.9715 -0.088 0.5202 0.7024 8.2945 0.607 0.0275 0.6413 0.8241 4.4525 0.0659 0.0659 0.7635 0 0
58 455 458 145 0 0 0 0 1.0065 0 -0.5696 -0.2137 0.2922 0.3597 2.8131 0.9861 0.2871 0.4536 0.5796 8.2474 0.6121 0.026 0.6475 0.8033 4.5126 -0.1158 0.1158 0.9732 1 0
58 456 446 0 0 0 0 0 1.0005 0 0.3384 0.3637 0.3997 0.4933 3.111 0.9784 0.1103 0.1782 0.2138 2.7808 0.569 -0.0047 0.6801 0.8844 4.0624 -0.2001 0.2001 0.6431 0 0
58 457 466 0 0 0 0 0 1.0009 0 -0.7899 -0.1299 0.2751 0.2823 1.6588 0.9912 -0.075 0.2521 0.321 4.5558 0.6707 -0.091 0.5721 0.7259 4.2067 -0.2933 0.2933 0.6312 0 0
58 458 425 0 0 0 0 0 1.0006 0 0.917 0.0131 0.398 0.4261 1.6223 0.9905 0.2353 0.2793 0.3359 3.962 0.6423 -0.0278 0.627 0.8106 4.1426 -0.058 0.058 0.6221 0 0
58 459 465 0 0 0 0 0 1.0004 0 0.8596 0.1684 0.1684 0.1914 1.7669 0.9945 -0.0917 0.1249 0.1549 1.3318 0.6689 -0.1223 0.5603 0.7437 4.1042 -0.0598 0.0598 0.5182 0 0
58 460 452 2 0 0 0 0 1.001 0 0.8437 -0.0242 0.1511 0.1667 2.376 0.9895 -0.0823 0.3311 0.4556 6.558 0.563 -0.0174 0.6145 0.8002 4.4286 0.045 0.045 0.8724 1 0
58 461 428 5 0 0 0 0 1.0005 0 -0.5445 -0.2726 0.3654 0.4337 1.9686 0.9656 0.403 0.5864 0.8237 8.9975 0.5819 0.0588 0.5925 0.7722 4.4446 -0.152 0.152 0.9802 1 0
58 462 430 0 0 0 0 0 1.0007 0 0.3547 0.0358 0.1537 0.1797 1.4432 0.9953 -0.0418 0.0917 0.1134 2.6958 0.6257 -0.0541 0.6059 0.7967 4.1689 -0.0292 0.0292 0.593 0 0
58 463 494 22 0 0 0 0 1.0008 0 0.6987 -0.0573 0.1194 0.1256 1.6281 0.9881 0.2294 0.3302 0.505 5.7554 0.6483 0.0505 0.6205 0.7775 4.7491 0.1213 0.1213 0.8511 1 0
58 464 476 1 0 0 0 0 1.0008 0 -0.6335 -0.217 0.3363 0.3608 1.6969 0.9769 0.3068 0.3982 0.4736 4.1148 0.7115 0.1579 0.5899 0.7338 4.2631 0.0762 0.0762 0.6509 1 0
58 465 580 369 0 0 0 0 1.0016 0 0.8821 -0.7777 0.7777 0.9968 1.2956 0.9972 0.7485 1.5842 1.9079 14.764 0.6089 -0.0098 0.5644 0.7296 4.9544 -0.3164 0.3164 1.367 1 0
58 466 456 0 0 0 0 0 1.0007 0 0.516 0.0837 0.4116 0.4777 2.402 0.9893 0.1886 0.4508 0.5919 9.7198 0.6654 0.0179 0.5703 0.7428 4.1899 -0.0158 0.0158 0.5959 0 0
58 467 502 69 0 0 0 0 1.0015 0 0.5126 -0.2752 0.2752 0.3341 1.4229 0.9454 0.1193 0.5985 0.8394 8.4005 0.5722 0.153 0.6711 0.898 4.9561 0.341 0.341 0.6651 1 0
58 468 467 10 0 0 0 0 1.002 0 -0.9286 0.0101 0.2355 0.2467 2.0154 0.9551 -0.4746 0.4842 0.7307 9.1462 0.5936 -0.1099 0.7263 0.9196 4.5825 0.0648 0.0648 0.9016 1 0
58 469 442 174 0 0 0 0 1.0022 0 -0.0673 -0.2241 0.2241 0.3166 2.4257 0.9411 -0.4616 1.0472 1.5036 16.0035 0.532 0.004 0.642 0.8259 4.7777 0.0935 0.0935 1.0529 1 0
58 470 445 0 0 0 0 0 1.0007 0 0.3059 -0.002 0.0992 0.1144 1.4983 0.9586 -0.28 0.4096 0.4623 4.7784 0.495 -0.0184 0.7426 0.9481 4.1867 -0.0285 0.0285 0.6928 0 0
58 471 451 0 0 0 0 0 1.0007 0 0.9885 -0.0966 0.145 0.1567 2.1214 0.9828 0.0951 0.2564 0.345 4.6126 0.5829 0.123 0.6098 0.7832 4.1328 -0.0116 0.0116 0.6285 0 0
58 472 450 0 0 0 0 0 1.0007 0 0.837 0.203 0.203 0.2469 1.7765 0.9659 0.0272 0.2212 0.2895 3.6817 0.5859 -0.0538 0.6494 0.8315 4.2251 -0.0907 0.0907 0.6475 0 0
58 473 501 0 0 0 0 0 1.0006 0 0.9362 -0.1327 0.1648 0.1843 1.4323 0.9973 0.1152 0.1334 0.1562 1.9046 0.7179 0.0974 0.5373 0.6769 4.3435 -0.2041 0.2041 0.6293 0 0
58 474 452 0 0 0 0 0 1.0007 0 0.898 -0.1163 0.1836 0.204 1.6208 0.9758 -0.0462 0.259 0.3383 4.0963 0.6215 0.0243 0.5948 0.7665 4.2897 0.0647 0.0647 0.6259 0 0
58 475 435 147 0 0 0 0 1.0008 0 -0.9979 -0.4346 0.4346 0.5364 1.6668 0.951 -0.8077 1.9334 2.7367 25.4966 0.4838 -0.0812 0.6996 0.8881 4.5203 -0.1668 0.1668 1.1851 1 0
58 476 470 1 0 0 0 0 1.0008 0 -0.3813 -0.4611 0.4611 0.6323 1.7425 0.9853 -0.2012 0.4752 0.6808 8.0062 0.6249 0.0089 0.6523 0.8469 4.3178 -0.0143 0.0143 0.9307 1 0
58 477 437 0 0 0 0 0 1.0008 0 -0.5084 0.0277 0.2093 0.2347 1.9526 0.9954 -0.2372 0.2785 0.3683 6.4218 0.6271 -0.0628 0.6023 0.7643 4.177 0.0081 0.0081 0.6761 0 0
58 478 414 0 0 0 0 0 1.0005 0 -0.5885 -0.0259 0.3452 0.4034 2.5608 0.9767 -0.0919 0.4001 0.5139 6.5753 0.5976 0.1541 0.7195 0.937 4.2234 -0.0944 0.0944 0.783 0 0
58 479 442 1 0 0 0 0 1.0016 0 0.8388 -0.056 0.0975 0.1072 1.6857 0.983 0.233 0.3534 0.5504 9.1691 0.5548 0.0088 0.6268 0.8307 4.6457 -0.0435 0.0435 0.946 1 0
58 480 442 0 0 0 0 0 1.0015 0 0.9152 -0.1638 0.1788 0.2102 1.6202 0.9936 -0.1078 0.2676 0.3022 3.3473 0.6594 -0.1039 0.571 0.7405 4.3436 -0.0052 0.0052 0.7852 0 0
58 481 456 4 0 0 0 0 1.001 0 0.9995 -0.1616 0.1616 0.2017 1.777 0.9775 -0.2979 0.4633 0.6495 9.6207 0.6282 0.0917 0.6727 0.8487 4.5473 -0.2531 0.2531 1.0445 1 0
58 482 447 1 0 0 0 0 1.0012 0 -0.4131 0.0188 0.4664 0.5045 3.4957 0.9817 0.0875 0.5183 0.7065 7.8496 0.5531 -0.0567 0.6585 0.8245 4.3557 0.0421 0.0421 0.8327 1 0
58 483 446 0 0 0 0 0 1.0008 0 -0.526 0.1509 0.3159 0.4016 2.5139 0.9702 0.0384 0.3234 0.3978 4.5954 0.5845 -0.0143 0.6938 0.8663 4.3593 0.1192 0.1192 0.5826 0 0
58 484 478 1 0 0 0 0 1.001 0 -0.7526 -0.0446 0.2933 0.3001 2.0549 0.9874 0.1172 0.2455 0.343 4.9059 0.5581 -0.0304 0.6055 0.7832 4.164 -0.2838 0.2838 0.7489 1 0
58 485 430 0 0 0 0 0 1.0005 0 0.0844 0.0125 0.2547 0.2893 1.9363 0.9611 -0.2315 0.3297 0.4401 5.9459 0.6076 -0.0362 0.6403 0.8317 4.1856 -0.2275 0.2275 0.8145 0 0
58 486 421 0 0 0 0 0 1.0006 0 0.2754 0.0644 0.3022 0.3521 2.0616 0.9865 0.0288 0.1654 0.2069 4.7948 0.6671 0.0694 0.5949 0.7627 4.2883 -0.1003 0.1003 0.6477 0 0
58 487 449 0 0 0 0 0 1.0007 0 -0.7327 0.1211 0.5247 0.6534 2.3788 0.9045 0.018 0.504 0.6139 3.46 0.524 -0.0302 0.7205 0.9142 4.1106 -0.4305 0.4305 0.6081 0 0
58 488 443 0 0 0 0 0 1.0017 0 -0.9882 -0.105 0.1787 0.1894 1.7416 0.9773 -0.1359 0.2897 0.381 4.8536 0.5505 -0.1504 0.6354 0.8004 4.2222 -0.4186 0.4186 0.7651 0 0
58 489 427 0 0 0 0 0 1.0023 0 -0.9851 0.0191 0.3114 0.3376 2.4292 0.9531 0.2315 0.6147 0.7588 7.4554 0.5633 0.1791 0.6955 0.8713 4.1932 -0.1591 0.1591 0.8114 0 0
58 490 431 0 0 0 0 0 1.0013 0 -0.768 0.0433 0.3045 0.3654 2.7398 0.9891 -0.0899 0.3582 0.4961 7.593 0.5268 0.1602 0.7063 0.9039 4.321 -0.2553 0.2553 0.9148 0 0
58 491 460 146 0 0 0 0 1.0038 0 -0.4937 0.0371 0.1951 0.2428 1.5042 0.9764 -0.0861 0.2838 0.3061 3.0649 0.7181 -0.0675 0.6408 0.7961 4.6133 0.065 0.065 0.7909 1 0
58 492 445 144 0 0 0 0 1.0011 0 0.3524 -0.0687 0.2952 0.3468 1.9533 0.9228 1.5985 1.5985 2.7486 26.5355 0.5484 0.2025 0.6754 0.8842 4.6061 0.0661 0.0661 1.0658 1 0
58 493 418 20 0 0 0 0 1.0014 0 -0.6859 -0.0808 0.3416 0.3797 2.8329 0.9383 -0.3204 0.5841 0.7891 10.377 0.5129 -0.0565 0.7169 0.9078 4.5029 -0.1951 0.1951 1.105 1 0
58 494 455 2 0 0 0 0 1.0019 0 -0.9627 -0.1724 0.4175 0.4336 2.5674 0.9449 -0.185 0.5502 0.7017 7.5095 0.4813 0.0582 0.7184 0.8687 4.3035 -0.4229 0.4229 0.8522 1 0
58 495 438 0 0 0 0 0 1.0005 0 0.8793 0.0553 0.0942 0.0976 1.5556 0.9896 -0.0925 0.2008 0.2425 3.2923 0.5513 0.011 0.6247 0.8028 4.3454 -0.0086 0.0086 0.7416 0 0
58 496 418 6 0 0 0 0 1.0004 0 -0.7553 -0.0536 0.3593 0.4036 1.8488 0.9353 0.6742 0.6742 1.1087 11.1462 0.494 0.0931 0.7141 0.9119 4.4415 -0.2819 0.2819 0.9262 1 0
58 497 443 2 0 0 0 0 1.0008 0 0.596 -0.0232 0.1508 0.1697 1.5203 0.9898 0.2944 0.3165 0.3658 3.1368 0.6148 0.2033 0.6502 0.8268 4.3541 0.0834 0.0834 0.648 1 0
58 498 455 7 0 0 0 0 1.0012 0 0.0369 -0.4164 0.4164 0.5142 1.8058 0.92 0.938 1.4677 2.3502 23.6194 0.6042 -0.1981 0.6199 0.773 4.7677 -0.2043 0.2043 1.169 1 0
58 499 435 0 0 0 0 0 1.0006 0 0.9973 -0.0237 0.141 0.1735 1.8138 0.9905 -0.0518 0.1554 0.2202 3.9879 0.5826 0.0401 0.6001 0.7942 4.1335 -0.0898 0.0898 0.6572 0 0
58 500 450 15 0 0 0 0 1.0007 0 -0.5447 -0.1094 0.2553 0.2678 1.3731 0.9158 0.2236 0.6025 0.8263 7.2536 0.5775 -0.1482 0.6646 0.8394 4.65 0.3006 0.3006 0.5788 1 0
