cond r run.time ndiv nbfmi ntree nbulk ntail maxRhat nRhat alpha.cor alpha.bias alpha.abbias alpha.rmse alpha.CI beta.cor beta.bias beta.abbias beta.rmse beta.CI theta.cor theta.bias theta.abbias theta.rmse theta.CI lambda.bias lambda.abbias lambda.CI corrupt efficiency
62 1 893 0 0 0 0 0 1.0007 0 0.1323 -0.0756 0.3637 0.4856 1.5362 0.9686 0.4674 0.5338 0.6864 6.8445 0.7274 0.1495 0.5937 0.735 4.1049 -0.0114 0.0114 0.4805 0 0
62 2 857 0 0 0 0 0 1.0004 0 0.8664 0.0316 0.126 0.1375 1.2475 0.9607 0.19 0.3 0.3801 2.3514 0.7463 0.2565 0.6052 0.7742 4.2544 0.0931 0.0931 0.5448 0 0
62 3 936 0 0 0 0 0 1.0004 0 0.7666 0.0402 0.1674 0.2088 1.1804 0.9466 -0.0268 0.2747 0.4403 7.2513 0.7887 -0.1042 0.5068 0.6499 4.1966 0.1591 0.1591 0.4337 0 0
62 4 855 0 0 0 0 0 1.0006 0 0.8523 0.1723 0.2535 0.3245 1.3751 0.9768 0.048 0.1843 0.2574 6.796 0.7501 -0.1222 0.587 0.7709 4.199 0.0927 0.0927 0.4058 0 0
62 5 910 0 0 0 0 0 1.0002 0 0.7179 0.0346 0.1455 0.1799 1.0961 0.981 -0.1566 0.2387 0.294 2.2591 0.7726 -0.1134 0.5218 0.6497 4.1032 0.0526 0.0526 0.4406 0 0
62 6 879 0 0 0 0 0 1.001 0 0.3646 -0.1598 0.2926 0.4025 1.1184 0.9301 -0.1287 0.5139 0.6357 6.8037 0.6167 -0.1252 0.5944 0.7506 4.2826 0.07 0.07 0.5598 0 0
62 7 817 0 0 0 0 0 1.0003 0 0.0886 0.025 0.1899 0.2226 1.2638 0.9688 0.2406 0.4008 0.4765 7.1479 0.6587 0.1655 0.6195 0.7841 4.3943 -0.0011 0.0011 0.7033 0 0
62 8 832 0 0 0 0 0 1.0004 0 0.5758 -0.2524 0.3293 0.3684 1.3823 0.9657 -0.2373 0.6917 1.1767 12.0493 0.6803 -0.0267 0.4923 0.6542 4.1258 -0.0209 0.0209 0.5214 0 0
62 9 848 0 0 0 0 0 1.0002 0 0.9072 0.1282 0.1475 0.2049 1.3311 0.9789 -0.0193 0.192 0.2681 4.8488 0.6971 -0.0015 0.582 0.7688 4.0828 -0.0046 0.0046 0.5177 0 0
62 10 856 0 0 0 0 0 1.0003 0 0.9201 -0.1278 0.1413 0.2199 1.2689 0.9837 -0.0118 0.1913 0.2302 3.3633 0.7158 0.0356 0.5456 0.7287 4.1951 -0.2067 0.2067 0.577 0 0
62 11 815 0 0 0 0 0 1.0006 0 0.3651 -0.2554 0.3418 0.3815 1.9394 0.9494 -0.1395 0.693 1.0014 11.3155 0.5716 -0.0386 0.6562 0.8214 4.2635 -0.043 0.043 0.6862 0 0
62 12 851 0 0 0 0 0 1.001 0 0.564 0.0314 0.1924 0.2287 1.4219 0.9634 0.0812 0.2872 0.381 5.39 0.7282 0.0017 0.5886 0.776 4.3874 -0.0397 0.0397 0.5772 0 0
62 13 865 0 0 0 0 0 1.0006 0 0.5207 -0.1062 0.2752 0.2842 1.5383 0.9732 -0.2973 0.5264 0.7304 10.9483 0.6567 -0.2259 0.5826 0.7323 4.4578 -0.1059 0.1059 0.6655 0 0
62 14 827 0 0 0 0 0 1.0002 0 0.8297 0.1103 0.1676 0.2494 1.525 0.9839 0.0852 0.1663 0.2432 4.5093 0.7047 0.057 0.5752 0.7431 4.1015 -0.1508 0.1508 0.5089 0 0
62 15 836 0 0 0 0 0 1.0003 0 0.3252 -0.1365 0.2897 0.3246 1.4208 0.9561 -0.0117 0.4727 0.5759 5.5812 0.6185 0.0312 0.5703 0.7427 4.1707 -0.0741 0.0741 0.595 0 0
62 16 859 0 0 0 0 0 1.0002 0 0.3771 0 0.3435 0.403 1.4519 0.9051 -0.6076 0.6966 1.3608 18.0756 0.7178 -0.2321 0.5931 0.753 4.2491 0.1235 0.1235 0.4482 0 0
62 17 831 0 0 0 0 0 1.0007 0 0.7351 0.173 0.173 0.2209 1.2902 0.9828 0.0729 0.1665 0.1945 1.3298 0.76 0.0257 0.5604 0.7049 4.1719 0.0523 0.0523 0.5038 0 0
62 18 847 1 0 0 0 0 1.001 0 0.7068 -0.1501 0.2166 0.2574 1.2496 0.9621 -0.3663 0.4874 0.6629 5.5804 0.6787 -0.2354 0.6226 0.803 4.2557 0.0809 0.0809 0.5491 1 0
62 19 837 0 0 0 0 0 1.0005 0 0.8805 -0.0199 0.164 0.2132 1.5305 0.9263 0.2317 0.3514 0.5118 5.9941 0.7213 0.1135 0.594 0.7842 4.0961 -0.0893 0.0893 0.5231 0 0
62 20 831 0 0 0 0 0 1.0006 0 0.44 -0.0082 0.1922 0.2333 1.3474 0.9758 -0.0224 0.2147 0.3144 4.0875 0.7385 -0.1508 0.5716 0.7365 4.2533 0.0232 0.0232 0.6045 0 0
62 21 817 0 0 0 0 0 1.0003 0 0.7409 0.0019 0.1339 0.1914 1.2884 0.9763 0.1179 0.224 0.28 2.6046 0.713 0.0825 0.5606 0.7339 4.1821 -0.1823 0.1823 0.5562 0 0
62 22 878 0 0 0 0 0 1.0004 0 0.4852 -0.0607 0.2242 0.2334 1.2173 0.9619 -0.1063 0.3422 0.4994 6.6186 0.7163 0.0164 0.5964 0.7476 4.1636 -0.238 0.238 0.666 0 0
62 23 832 0 0 0 0 0 1.0005 0 0.4021 0.0338 0.2247 0.2731 1.3444 0.9657 0.0654 0.3112 0.3936 4.4148 0.6528 -0.0658 0.5998 0.7933 4.2498 -0.0915 0.0915 0.6004 0 0
62 24 804 0 0 0 0 0 1.0008 0 0.6626 -0.1528 0.219 0.2912 1.3269 0.9218 -0.0191 0.4056 0.6606 11.3675 0.6538 0.1748 0.5819 0.7527 4.2164 0.0063 0.0063 0.5648 0 0
62 25 869 0 0 0 0 0 1.0002 0 0.2362 -0.1009 0.2519 0.2794 1.2352 0.9846 0.2995 0.3754 0.4252 4.6812 0.7191 0.1748 0.5876 0.7652 4.2118 0.1073 0.1073 0.4993 0 0
62 26 843 2 0 0 0 0 1.0004 0 -0.1743 0.082 0.1358 0.1765 1.2824 0.9686 0.3491 0.3586 0.4735 3.6699 0.7326 0.1098 0.5712 0.7387 4.3082 0.1103 0.1103 0.5375 1 0
62 27 828 0 0 0 0 0 1.0004 0 0.4739 -0.0956 0.271 0.31 1.3241 0.971 0.0218 0.2534 0.3146 4.3627 0.6617 -0.0207 0.6416 0.8342 4.2535 0.0012 0.0012 0.5646 0 0
62 28 853 0 0 0 0 0 1.0006 0 0.7799 0.1516 0.2066 0.2471 1.4127 0.9703 0.1088 0.2443 0.3141 4.4923 0.6468 0.0387 0.6053 0.7959 4.2457 -0.21 0.21 0.5572 0 0
62 29 861 0 0 0 0 0 1.0009 0 0.6489 -0.1386 0.2336 0.2529 1.2347 0.9837 -0.2426 0.255 0.341 3.3174 0.6956 -0.0928 0.5907 0.784 4.0415 -0.1509 0.1509 0.5229 0 0
62 30 880 0 0 0 0 0 1.0002 0 0.813 -0.1517 0.2484 0.2917 1.5536 0.9201 0.2363 0.7817 1.1852 14.3376 0.6827 -0.0844 0.6172 0.7711 4.424 0.1831 0.1831 0.4381 0 0
62 31 875 0 0 0 0 0 1.0005 0 0.8092 -0.1153 0.2497 0.2842 1.5272 0.9755 -0.155 0.4516 0.6569 9.1913 0.7517 -0.0568 0.5177 0.671 4.3634 -0.0662 0.0662 0.6152 0 0
62 32 780 2 0 0 0 0 1.0006 0 -0.1347 -0.0742 0.3386 0.4315 2.0364 0.9588 0.2483 0.6555 0.8404 9.3875 0.5751 -0.098 0.7249 0.9172 4.5014 -0.1426 0.1426 0.8844 1 0
62 33 912 0 0 0 0 0 1.0002 0 0.7305 -0.1324 0.1894 0.2585 1.1097 0.9478 0.1277 0.4013 0.5391 6.0294 0.7624 0.191 0.5266 0.6763 4.1645 0.1004 0.1004 0.4657 0 0
62 34 868 0 0 0 0 0 1.0012 0 0.6226 0.052 0.1906 0.1953 1.4037 0.978 -0.1039 0.2822 0.358 7.7324 0.7105 -0.0486 0.5835 0.7569 4.262 -0.187 0.187 0.6626 0 0
62 35 795 0 0 0 0 0 1.0006 0 0.5035 -0.0161 0.1494 0.197 1.607 0.9683 0.2068 0.3598 0.6182 10.8414 0.6627 0.0351 0.6523 0.8119 4.2848 -0.0356 0.0356 0.6693 0 0
62 36 808 0 0 0 0 0 1.0008 0 0.4309 -0.1516 0.2872 0.3216 1.3985 0.8511 0.1787 0.6087 0.9003 11.4331 0.5941 0.0124 0.5837 0.7498 4.0676 -0.2392 0.2392 0.6491 0 0
62 37 1163 24 0 0 0 0 1.0009 0 0.8221 -0.0021 0.12 0.1357 1.3628 0.9875 -0.0102 0.176 0.2157 3.8332 0.7172 0.0377 0.5468 0.7051 4.386 0.113 0.113 0.701 1 0
62 38 850 0 0 0 0 0 1.0002 0 0.9461 -0.007 0.169 0.1827 1.3873 0.9773 0.1306 0.3026 0.3793 6.4857 0.7583 0.0626 0.4856 0.6324 4.2338 0.0257 0.0257 0.4871 0 0
62 39 843 0 0 0 0 0 1.0014 0 -0.4013 -0.0321 0.3318 0.3794 1.2501 0.9798 0.0127 0.227 0.2923 3.5417 0.7366 -0.0075 0.5659 0.7459 4.1396 0.0153 0.0153 0.4856 0 0
62 40 854 0 0 0 0 0 1.0003 0 0.8132 -0.0133 0.1378 0.1996 1.3099 0.9901 0.0655 0.1329 0.1941 2.74 0.7159 -0.0366 0.5225 0.718 4.1337 -0.0362 0.0362 0.4795 0 0
62 41 804 0 0 0 0 0 1.0007 0 0.5185 -0.133 0.2691 0.2913 1.2879 0.955 0.1681 0.2958 0.3931 5.4956 0.6525 0.044 0.6086 0.7954 4.3671 -0.3385 0.3385 0.6904 0 0
62 42 839 10 0 0 0 0 1.0013 0 0.7057 -0.1158 0.1724 0.2184 1.1498 0.983 0.2156 0.3508 0.4816 5.5328 0.6668 0.2765 0.6985 0.9044 4.7758 0.3162 0.3162 0.4922 1 0
62 43 870 0 0 0 0 0 1.0004 0 0.5354 -0.3413 0.3511 0.5048 1.4566 0.9834 -0.0976 0.4082 0.5972 8.229 0.6822 0.0331 0.5669 0.7402 4.4399 0.1708 0.1708 0.5489 0 0
62 44 810 0 0 0 0 0 1.0005 0 -0.1186 -0.0953 0.1811 0.3045 1.2295 0.9751 -0.1052 0.2531 0.4163 4.845 0.6488 0.026 0.6019 0.7799 4.2523 -0.2157 0.2157 0.6581 0 0
62 45 847 12 0 0 0 0 1.0015 0 0.538 -0.0682 0.1682 0.1964 1.1616 0.9657 -0.3673 0.4179 0.6276 7.2861 0.6843 -0.0856 0.6049 0.7569 4.4918 0.1404 0.1404 0.697 1 0
62 46 782 6 0 0 0 0 1.0004 0 0.8409 -0.1341 0.1852 0.2111 1.4782 0.9854 -0.3484 0.4622 0.6155 6.6353 0.6043 -0.219 0.6377 0.823 4.3443 0.0823 0.0823 0.6236 1 0
62 47 866 0 0 0 0 0 1.0003 0 0.6028 0.0513 0.2363 0.2661 1.3838 0.9634 -0.0107 0.2333 0.2932 4.1031 0.754 -0.0573 0.567 0.7349 4.1527 -0.0638 0.0638 0.5154 0 0
62 48 859 0 0 0 0 0 1.0002 0 -0.2764 -0.0487 0.2593 0.3013 1.5811 0.9602 0.1529 0.3183 0.3923 6.3018 0.6672 -0.1091 0.5775 0.754 4.0848 -0.082 0.082 0.6064 0 0
62 49 819 0 0 0 0 0 1.001 0 0.6028 0.0048 0.2309 0.293 1.6594 0.9754 -0.0828 0.2786 0.3601 6.1382 0.7279 -0.0449 0.5472 0.6848 4.1759 -0.0712 0.0712 0.5623 0 0
62 50 889 2 0 0 0 0 1.0011 0 0.9046 -0.2436 0.2436 0.2744 1.5666 0.9523 -0.1947 0.449 0.7096 7.3028 0.5829 -0.0941 0.6421 0.8589 4.5543 0.1865 0.1865 0.7134 1 0
62 51 872 0 0 0 0 0 1.0008 0 0.6203 -0.1199 0.2099 0.28 1.2729 0.9906 0.276 0.3176 0.403 3.6944 0.7503 0.1404 0.523 0.6666 4.2345 0.1228 0.1228 0.5051 0 0
62 52 908 0 0 0 0 0 1.0003 0 0.9586 0.0538 0.0849 0.1116 1.3759 0.9776 0.0589 0.1921 0.2275 2.0179 0.7176 0.1191 0.5687 0.7052 4.298 0.15 0.15 0.4669 0 0
62 53 818 0 0 0 0 0 1.001 0 -0.7238 -0.1833 0.4504 0.4657 1.4891 0.951 0.0719 0.4709 0.6666 7.5567 0.6495 0.2665 0.6258 0.7938 4.1662 -0.0684 0.0684 0.6477 0 0
62 54 836 0 0 0 0 0 1.0018 0 0.4986 0.1864 0.2527 0.3006 1.2953 0.9761 0.2704 0.317 0.3792 4.4752 0.7859 0.2165 0.5534 0.715 4.2252 0.0368 0.0368 0.5701 0 0
62 55 827 0 0 0 0 0 1.0004 0 0.8825 -0.0309 0.122 0.1354 1.5462 0.9793 0.072 0.208 0.2621 3.7647 0.7713 -0.1081 0.5306 0.6658 4.2814 0.0818 0.0818 0.484 0 0
62 56 880 0 0 0 0 0 1.0003 0 0.6163 0.0455 0.1962 0.2465 1.5151 0.9614 -0.0394 0.3055 0.3525 4.9538 0.7464 -0.1306 0.5218 0.6764 4.1107 -0.0276 0.0276 0.5643 0 0
62 57 856 0 0 0 0 0 1.001 0 0.9193 0.0183 0.1292 0.1635 1.341 0.9574 0.0591 0.3065 0.3792 4.5839 0.668 0.1791 0.6302 0.7826 4.0599 -0.0442 0.0442 0.4992 0 0
62 58 844 0 0 0 0 0 1.0011 0 0.6139 0.097 0.1443 0.2039 1.2591 0.9559 0.2313 0.3023 0.3715 2.4331 0.7267 0.1731 0.5844 0.7755 4.2208 0.0172 0.0172 0.5515 0 0
62 59 843 0 0 0 0 0 1.0002 0 0.4349 0.0217 0.1756 0.2407 1.7563 0.9858 0.0614 0.1833 0.2418 3.1773 0.6525 -0.0196 0.6013 0.7524 4.0755 -0.0593 0.0593 0.5278 0 0
62 60 851 0 0 0 0 0 1.0003 0 0.3999 -0.1081 0.1604 0.2334 1.212 0.9208 -0.1737 0.517 0.9371 10.4028 0.6606 -0.0293 0.5517 0.705 4.1781 0.0406 0.0406 0.5271 0 0
62 61 844 0 0 0 0 0 1.0007 0 0.5049 -0.085 0.2316 0.259 1.275 0.9644 -0.0616 0.3535 0.4316 5.9294 0.668 -0.2329 0.6284 0.8193 4.2987 -0.0523 0.0523 0.6349 0 0
62 62 867 0 0 0 0 0 1.0004 0 0.6174 0.0723 0.2374 0.2609 1.4275 0.9567 0.3335 0.4214 0.6806 8.98 0.6437 0.049 0.6619 0.8678 4.543 0.1442 0.1442 0.5396 0 0
62 63 856 0 0 0 0 0 1.0004 0 -0.7989 0.0373 0.3284 0.3669 1.2806 0.9735 0.3453 0.3544 0.4296 2.8422 0.7299 0.1615 0.5836 0.7488 4.1688 0.0498 0.0498 0.483 0 0
62 64 805 0 0 0 0 0 1.0006 0 0.8151 0.1363 0.1772 0.2621 1.7113 0.9375 -0.3257 0.4397 0.552 5.6087 0.6779 -0.0592 0.6325 0.8033 4.2 -0.0977 0.0977 0.5721 0 0
62 65 844 0 0 0 0 0 1.0004 0 0.6518 -0.0908 0.2655 0.3119 2.0469 0.9641 0.4165 0.6544 0.9511 15.1989 0.6257 0.1303 0.5942 0.7783 4.1 -0.1103 0.1103 0.5655 0 0
62 66 768 0 0 0 0 0 1.0017 0 0.2452 0.0949 0.2094 0.2374 1.3452 0.9838 0.1694 0.2555 0.2932 2.4835 0.7819 0.1845 0.5507 0.7227 4.2379 0.0255 0.0255 0.5368 0 0
62 67 851 0 0 0 0 0 1.0007 0 0.1089 -0.1937 0.2746 0.3116 1.3205 0.9685 -0.4813 0.5251 0.7549 7.2887 0.717 0.0499 0.5435 0.697 4.1216 -0.0781 0.0781 0.6582 0 0
62 68 873 0 0 0 0 0 1.0005 0 0.8734 0.0618 0.1699 0.21 1.3705 0.98 -0.1881 0.2126 0.2957 4.9765 0.7255 -0.1051 0.579 0.7599 4.0469 -0.1832 0.1832 0.5033 0 0
62 69 829 1 0 0 0 0 1.0003 0 0.4213 -0.2798 0.2798 0.3102 1.1547 0.9733 0.1596 0.6519 0.9193 9.557 0.6894 0.0388 0.5964 0.7512 4.5774 0.1955 0.1955 0.5841 1 0
62 70 896 0 0 0 0 0 1.001 0 0.6893 -0.0316 0.2459 0.27 1.4489 0.9739 -0.0559 0.2352 0.3542 4.2863 0.7697 -0.0222 0.5237 0.662 4.2473 0.0901 0.0901 0.4883 0 0
62 71 786 0 0 0 0 0 1.0004 0 0.4807 -0.0079 0.1839 0.2259 1.5241 0.9744 -0.4236 0.4859 0.6492 7.7813 0.663 -0.035 0.6105 0.7694 4.3328 0.0488 0.0488 0.646 0 0
62 72 856 0 0 0 0 0 1.0005 0 0.6456 -0.0756 0.2234 0.2366 1.3454 0.9494 -0.0605 0.3693 0.4874 5.9935 0.692 0.155 0.5939 0.7508 4.1603 -0.0541 0.0541 0.5445 0 0
62 73 893 0 0 0 0 0 1.0004 0 0.4059 0.1276 0.1726 0.222 1.1539 0.9921 -0.2239 0.2386 0.2745 1.7017 0.8021 -0.1888 0.4928 0.6368 4.0793 -0.0487 0.0487 0.4309 0 0
62 74 865 0 0 0 0 0 1.0011 0 0.852 -9e-04 0.1276 0.1405 1.1877 0.9731 0.2048 0.2914 0.3696 3.2013 0.6966 0.1112 0.5581 0.7275 4.4359 0.1884 0.1884 0.4803 0 0
62 75 842 0 0 0 0 0 1.0007 0 0.8291 -0.2018 0.3203 0.3613 1.5602 0.986 -0.5469 0.8296 1.5008 20.6873 0.6791 -0.1983 0.6049 0.7875 4.5461 0.21 0.21 0.4584 0 0
62 76 875 0 0 0 0 0 1.0003 0 0.7764 -0.0587 0.1283 0.147 1.1659 0.979 0.0869 0.2154 0.2641 3.3882 0.8171 0.0931 0.4928 0.6311 4.2373 0.0532 0.0532 0.5055 0 0
62 77 808 0 0 0 0 0 1.001 0 0.6427 -0.1978 0.2787 0.3284 1.4719 0.948 0.0762 0.4743 0.5539 8.8839 0.6973 0.0461 0.553 0.6988 4.264 -0.1497 0.1497 0.6347 0 0
62 78 870 0 0 0 0 0 1.0004 0 0.6543 -0.1031 0.1889 0.2354 1.5025 0.9605 -0.4593 0.5184 0.9072 11.7394 0.6531 -0.0712 0.5766 0.7493 4.1303 -0.1701 0.1701 0.5478 0 0
62 79 860 2 0 0 0 0 1.0007 0 0.5793 -0.1661 0.1869 0.288 1.3248 0.9777 -0.3648 0.5221 0.801 10.4664 0.7281 0.0986 0.5477 0.7064 4.479 0.0646 0.0646 0.7147 1 0
62 80 888 0 0 0 0 0 1.0002 0 0.6917 0.089 0.2462 0.2935 1.5531 0.9427 0.1573 0.4194 0.5514 8.1031 0.7211 0.1307 0.5729 0.7323 4.1261 -0.1469 0.1469 0.5375 0 0
62 81 924 0 0 0 0 0 1.0003 0 0.4456 0.068 0.185 0.2432 1.1847 0.9579 -0.1648 0.4249 0.8454 16.6774 0.7457 0.0571 0.5424 0.7007 4.0832 -0.0861 0.0861 0.4733 0 0
62 82 813 0 0 0 0 0 1.0004 0 0.8636 0.0341 0.1942 0.2184 1.3357 0.9624 -0.0729 0.2549 0.3834 10.2236 0.7169 0.0206 0.5693 0.7354 4.2743 0.0054 0.0054 0.4691 0 0
62 83 874 0 0 0 0 0 1.0002 0 0.558 -0.0574 0.3671 0.4205 1.7203 0.9507 0.1132 0.7728 1.3364 15.0305 0.7681 0.0324 0.5041 0.6538 4.2783 0.1341 0.1341 0.4762 0 0
62 84 827 0 0 0 0 0 1.0008 0 0.7658 0.1467 0.2449 0.2983 1.4606 0.988 0.1401 0.2026 0.2365 3.7793 0.7403 0.087 0.5452 0.7353 4.1153 0.0382 0.0382 0.4183 0 0
62 85 872 0 0 0 0 0 1.0007 0 0.7505 0.0781 0.151 0.1739 1.1848 0.9808 -0.0321 0.2517 0.2918 3.1703 0.6898 -0.1676 0.5634 0.7318 4.1552 0.0401 0.0401 0.4995 0 0
62 86 809 0 0 0 0 0 1.0002 0 0.7309 -0.1314 0.2145 0.2539 1.6698 0.9544 -0.0015 0.4856 0.6583 8.0803 0.5974 -0.0698 0.6071 0.7816 4.2804 0.0161 0.0161 0.613 0 0
62 87 799 1 0 0 0 0 1.0007 0 0.2341 -0.0652 0.2435 0.278 1.2382 0.9698 -0.0474 0.251 0.3514 3.7535 0.6751 -0.0203 0.5599 0.7216 4.5609 0.122 0.122 0.5954 1 0
62 88 839 0 0 0 0 0 1.0011 0 0.7767 -0.1211 0.1802 0.2229 1.4755 0.9447 0.0264 0.3431 0.5483 8.5193 0.7117 0.2614 0.5814 0.7562 4.16 -0.2596 0.2596 0.5895 0 0
62 89 820 0 0 0 0 0 1.0002 0 0.9399 0.0336 0.1649 0.1987 1.5185 0.9564 -0.0965 0.2917 0.4548 7.0731 0.5813 0.1014 0.6658 0.8593 4.2295 -0.0058 0.0058 0.5315 0 0
62 90 829 0 0 0 0 0 1.0004 0 0.8078 -0.1184 0.2374 0.2756 1.292 0.9071 0.0217 0.4794 0.8272 9.8917 0.7058 -0.0116 0.5323 0.6988 4.3907 0.1483 0.1483 0.5107 0 0
62 91 836 0 0 0 0 0 1.0005 0 0.9129 -0.0177 0.1411 0.1592 1.4977 0.9582 -0.1854 0.4092 0.7143 14.8369 0.6698 -0.0286 0.5967 0.782 4.1708 -0.0799 0.0799 0.6156 0 0
62 92 854 0 0 0 0 0 1.0006 0 0.1481 -0.0602 0.1734 0.2215 1.2856 0.9564 -0.0957 0.3135 0.4275 5.091 0.718 -0.0608 0.5685 0.7361 4.2862 0.0491 0.0491 0.6117 0 0
62 93 852 0 0 0 0 0 1.0009 0 0.958 -0.0251 0.0729 0.084 1.341 0.9799 0.1466 0.2242 0.282 3.1724 0.7047 0.1173 0.5587 0.7181 4.2608 0.0721 0.0721 0.5574 0 0
62 94 878 0 0 0 0 0 1.0004 0 0.8898 -0.0125 0.1934 0.2119 1.4905 0.893 -0.355 0.4719 0.7415 8.746 0.7609 0.0575 0.5012 0.6476 4.1547 -0.0013 0.0013 0.486 0 0
62 95 795 0 0 0 0 0 1.0005 0 0.05 -0.004 0.1878 0.2239 1.35 0.9903 0.1914 0.2285 0.2973 3.509 0.7151 0.1898 0.6227 0.7805 4.1038 -0.0205 0.0205 0.5379 0 0
62 96 797 0 0 0 0 0 1.0005 0 0.9224 -0.0829 0.1185 0.1396 1.2175 0.9784 0.0158 0.2396 0.3545 4.4279 0.7114 0.0525 0.5537 0.7136 4.2895 0.0422 0.0422 0.5325 0 0
62 97 888 0 0 0 0 0 1.0006 0 0.9718 -0.1038 0.1115 0.1297 1.4034 0.9834 0.179 0.2334 0.3166 2.9958 0.7207 0.1412 0.5231 0.6711 4.1348 -0.2222 0.2222 0.6138 0 0
62 98 902 0 0 0 0 0 1.0004 0 0.1384 -0.0926 0.2878 0.3167 1.3412 0.9595 -0.1751 0.4384 0.641 9.2803 0.7203 0.1185 0.5045 0.6785 4.1499 -0.0058 0.0058 0.5313 0 0
62 99 805 0 0 0 0 0 1.0005 0 0.3704 -0.0044 0.1774 0.2133 1.3326 0.9768 -0.145 0.2397 0.3139 3.5668 0.7037 -0.0446 0.6166 0.7715 4.2577 0.1176 0.1176 0.5602 0 0
62 100 825 0 0 0 0 0 1.0004 0 0.2862 -0.1969 0.3682 0.4488 1.2376 0.8956 0.1007 0.6048 0.9649 13.4363 0.614 -0.1543 0.6246 0.7945 4.1799 0.0805 0.0805 0.4851 0 0
62 101 867 0 0 0 0 0 1.0008 0 0.7408 -0.1395 0.1827 0.1996 1.2962 0.9765 0.0869 0.246 0.3168 3.9045 0.6743 0.034 0.544 0.7254 4.3172 -0.0911 0.0911 0.605 0 0
62 102 850 0 0 0 0 0 1.0007 0 -0.3992 -0.0072 0.1761 0.2105 1.2875 0.9797 0.107 0.2252 0.2654 3.2634 0.7254 0.1513 0.5689 0.7285 4.0848 -0.0521 0.0521 0.5234 0 0
62 103 877 0 0 0 0 0 1.0007 0 0.8604 0.0949 0.2319 0.2902 1.6146 0.993 -0.2704 0.285 0.3218 5.1553 0.7474 -0.182 0.6156 0.7621 4.2505 0.2001 0.2001 0.4513 0 0
62 104 713 0 0 0 0 0 1.0003 0 -0.6078 0.0515 0.5443 0.5603 1.4289 0.8846 0.2025 0.6131 0.919 8.9474 0.6264 -0.0118 0.6604 0.8282 4.1551 -0.3424 0.3424 0.6091 0 0
62 105 752 0 0 0 0 0 1.0006 0 0.1965 0.0306 0.3207 0.3527 1.4834 0.8957 -9e-04 0.4191 0.5204 5.5498 0.6805 0.0667 0.6137 0.7838 4.3221 0.0562 0.0562 0.5365 0 0
62 106 816 0 0 0 0 0 1.0003 0 0.7777 0.07 0.2781 0.3304 1.7676 0.9118 -0.1122 0.4503 0.6527 8.5873 0.6192 -0.0495 0.6161 0.8011 4.4958 -0.2851 0.2851 0.6417 0 0
62 107 851 0 0 0 0 0 1.0002 0 0.435 -0.1495 0.1646 0.2605 1.0353 0.9951 0.1013 0.1785 0.211 4.0599 0.7569 0.023 0.5531 0.7277 4.4067 0.184 0.184 0.4684 0 0
62 108 863 0 0 0 0 0 1.0003 0 0.8705 -0.0034 0.1588 0.1985 1.2626 0.9318 -0.0029 0.3049 0.506 5.4334 0.7363 0.0095 0.5202 0.6783 4.1848 -0.0899 0.0899 0.5287 0 0
62 109 921 0 0 0 0 0 1.0003 0 0.7493 -0.029 0.1794 0.1986 1.2627 0.9528 -0.2605 0.4227 0.5492 5.4326 0.7299 -0.1505 0.5915 0.7269 4.1875 0.0958 0.0958 0.4732 0 0
62 110 841 0 0 0 0 0 1.0003 0 0.48 -0.1648 0.1899 0.2301 1.1501 0.9408 -0.2402 0.5993 1.0826 16.4304 0.6382 -0.0506 0.6671 0.8523 4.2315 0.0322 0.0322 0.6042 0 0
62 111 876 0 0 0 0 0 1.0003 0 0.5864 0.2292 0.2596 0.3228 1.3834 0.9617 0.4196 0.423 0.5397 5.7517 0.7496 0.2427 0.5833 0.7279 4.0727 -0.0405 0.0405 0.4817 0 0
62 112 868 0 0 0 0 0 1.0004 0 0.6965 4e-04 0.2272 0.2702 1.5002 0.9886 0.1146 0.2264 0.273 2.2976 0.8199 0.0119 0.5034 0.6556 4.0725 -0.0126 0.0126 0.4503 0 0
62 113 859 0 0 0 0 0 1.0002 0 0.9152 -0.2265 0.2527 0.3106 1.4788 0.8828 0.7529 1.2938 2.5489 33.9004 0.6661 -0.2518 0.5865 0.7551 4.2876 -0.0494 0.0494 0.6709 0 0
62 114 842 0 0 0 0 0 1.0001 0 0.6043 0.0158 0.2295 0.2931 1.5636 0.8806 -0.0463 0.4355 0.739 8.4024 0.6987 0.1089 0.5805 0.7359 4.0994 -0.1138 0.1138 0.5213 0 0
62 115 876 0 0 0 0 0 1.0006 0 0.3041 0.1002 0.2183 0.3147 1.4639 0.9715 -0.0906 0.2405 0.3472 4.7426 0.7078 -0.0152 0.6317 0.784 4.3039 0.1189 0.1189 0.5536 0 0
62 116 821 0 0 0 0 0 1.0008 0 0.9037 -0.1355 0.1572 0.1805 1.3133 0.9606 -0.1258 0.325 0.4576 6.622 0.7196 0.0142 0.5385 0.6974 4.3152 -0.0946 0.0946 0.6623 0 0
62 117 843 0 0 0 0 0 1.0004 0 -0.0816 -0.0446 0.2598 0.3025 1.4041 0.9939 -0.1534 0.2906 0.3565 5.7614 0.7 -0.1318 0.5622 0.7197 4.3733 0.1809 0.1809 0.4648 0 0
62 118 884 0 0 0 0 0 1.0007 0 0.7356 0.0553 0.1956 0.2298 1.4326 0.9448 0.171 0.2926 0.4132 5.421 0.7354 0.0613 0.535 0.685 4.4178 -0.164 0.164 0.6176 0 0
62 119 878 0 0 0 0 0 1.0003 0 0.8577 0.017 0.1599 0.2094 1.2763 0.9839 0.2388 0.3066 0.3655 4.1614 0.805 0.2024 0.5953 0.7636 4.2034 0.2229 0.2229 0.4022 0 0
62 120 861 0 0 0 0 0 1.0004 0 0.7523 -0.1989 0.3094 0.355 1.1907 0.9666 -0.4478 0.5118 1.0115 16.7037 0.7135 -0.0285 0.5373 0.7159 4.3117 0.1676 0.1676 0.4365 0 0
62 121 792 0 0 0 0 0 1.0008 0 0.8003 -0.022 0.1587 0.2021 1.3252 0.9698 -0.1823 0.2348 0.2957 1.9692 0.7004 -0.1031 0.6155 0.8108 4.1979 -0.0606 0.0606 0.5777 0 0
62 122 801 0 0 0 0 0 1.0006 0 0.554 0.0162 0.3721 0.4099 1.6993 0.9626 0.2008 0.4826 0.5809 9.0854 0.6953 0.1789 0.596 0.7746 4.3112 -0.0233 0.0233 0.6065 0 0
62 123 813 0 0 0 0 0 1.0003 0 0.946 0.0284 0.1061 0.1375 1.4693 0.9824 0.043 0.1896 0.2559 4.8913 0.6615 0.0544 0.6037 0.8233 4.2737 0.0499 0.0499 0.5607 0 0
62 124 847 0 0 0 0 0 1.0004 0 0.374 -0.2133 0.2133 0.245 1.0338 0.9775 0.1385 0.4836 0.7137 7.3764 0.6153 -0.0496 0.6174 0.7828 4.601 0.3019 0.3019 0.4928 0 0
62 125 817 1 0 0 0 0 1.0008 0 0.0871 -0.2748 0.3533 0.4253 1.4964 0.98 -0.1812 0.5951 0.8123 11.3307 0.674 0 0.5379 0.6944 4.4408 0.0848 0.0848 0.6575 1 0
62 126 787 0 0 0 0 0 1.0007 0 0.7941 -0.1603 0.1881 0.2244 1.1995 0.9802 0.148 0.2602 0.3572 3.7951 0.685 0.0666 0.5962 0.7756 4.0961 -0.1515 0.1515 0.5427 0 0
62 127 899 0 0 0 0 0 1.0003 0 0.4142 -0.0508 0.2036 0.2543 1.2932 0.9821 -0.0521 0.1967 0.2792 2.9521 0.7079 -0.1603 0.5914 0.7662 4.0472 -0.0671 0.0671 0.4864 0 0
62 128 846 0 0 0 0 0 1.0002 0 0.8084 -0.0074 0.1845 0.2495 1.3794 0.9493 -0.5268 0.5738 1.0876 14.1625 0.7426 -0.0191 0.5356 0.7459 4.2586 0.1106 0.1106 0.4743 0 0
62 129 811 0 0 0 0 0 1.0006 0 0.9536 0.0124 0.1331 0.1495 1.1308 0.9843 0.099 0.168 0.2132 2.0875 0.7089 0.0601 0.5289 0.6924 4.1541 -0.1961 0.1961 0.5369 0 0
62 130 854 0 0 0 0 0 1.0008 0 0.2423 -0.0977 0.1993 0.231 1.1513 0.9699 -0.1043 0.2766 0.3254 3.6592 0.6869 -0.2053 0.6138 0.8127 4.1991 0.0748 0.0748 0.529 0 0
62 131 854 0 0 0 0 0 1.0009 0 0.8989 -0.2644 0.2644 0.3589 1.5984 0.9673 0.2082 0.6121 0.8881 9.6075 0.7274 0.148 0.5486 0.7251 4.0613 -0.0556 0.0556 0.5133 0 0
62 132 852 0 0 0 0 0 1.0004 0 0.8181 -0.2309 0.2906 0.3218 1.1371 0.979 0.003 0.2025 0.2871 6.1136 0.7752 -0.0391 0.4372 0.5895 4.1358 -0.0508 0.0508 0.4961 0 0
62 133 824 0 0 0 0 0 1.0002 0 0.8294 -0.1225 0.134 0.1606 1.3068 0.9796 -0.1027 0.2824 0.3948 5.4722 0.691 -0.0372 0.5438 0.6855 4.3252 -0.1925 0.1925 0.776 0 0
62 134 899 0 0 0 0 0 1.0005 0 0.6407 -0.013 0.1235 0.1377 1.0484 0.9778 -0.0475 0.1819 0.2332 2.5254 0.7729 0.0252 0.5555 0.7249 4.1265 0.1815 0.1815 0.4523 0 0
62 135 823 0 0 0 0 0 1.0008 0 0.4391 0.0756 0.3438 0.3847 1.6929 0.9554 -0.0973 0.353 0.4513 6.2473 0.7192 0.0089 0.5628 0.7261 4.1358 -0.0889 0.0889 0.563 0 0
62 136 803 0 0 0 0 0 1.0003 0 0.6353 -0.1136 0.2903 0.3572 1.2637 0.8969 -0.5017 0.6972 1.3963 21.0843 0.6825 -0.0464 0.5993 0.7961 4.2641 0.0739 0.0739 0.5292 0 0
62 137 763 0 0 0 0 0 1.0002 0 -0.3394 -0.1058 0.2574 0.3009 1.2214 0.9664 0.1158 0.3698 0.5703 6.4793 0.6627 -0.0107 0.5368 0.6792 4.282 -0.0497 0.0497 0.598 0 0
62 138 838 0 0 0 0 0 1.0003 0 0.4164 -0.1379 0.1894 0.2388 1.3663 0.978 0.1772 0.2633 0.3391 3.246 0.7386 0.0245 0.5052 0.6561 4.2432 -0.1027 0.1027 0.6535 0 0
62 139 887 0 0 0 0 0 1.0008 0 0.6681 0.0395 0.2126 0.2261 1.2074 0.9665 0.2216 0.278 0.4798 6.5799 0.7798 -0.0926 0.5383 0.6898 4.198 0.1819 0.1819 0.4398 0 0
62 140 813 0 0 0 0 0 1.0006 0 0.1454 0.0059 0.2627 0.294 1.3978 0.9112 0.1336 0.3458 0.4656 4.6931 0.688 0.165 0.569 0.7283 4.1791 -0.1643 0.1643 0.6218 0 0
62 141 880 0 0 0 0 0 1.0002 0 0.9042 -0.2338 0.2338 0.3068 1.6268 0.9761 -0.004 0.6413 0.9586 9.7311 0.7733 -0.0983 0.5291 0.6588 4.4123 0.1942 0.1942 0.4453 0 0
62 142 810 0 0 0 0 0 1.0002 0 0.7764 0.0302 0.328 0.363 1.7477 0.9295 -0.2185 0.5482 0.7639 11.4544 0.688 -0.0762 0.6086 0.764 4.1676 0.0284 0.0284 0.535 0 0
62 143 817 1 0 0 0 0 1.0009 0 0.9307 -0.2156 0.2156 0.2472 1.6544 0.9468 -0.2836 0.7844 1.1828 14.1448 0.6663 -0.0587 0.6151 0.799 4.1566 -0.0498 0.0498 0.7127 1 0
62 144 835 0 0 0 0 0 1.0005 0 0.4637 -0.1677 0.2542 0.2849 1.4256 0.9782 0.0234 0.329 0.5061 7.365 0.7049 -0.0015 0.6011 0.7654 4.1948 -0.0145 0.0145 0.5476 0 0
62 145 835 0 0 0 0 0 1.0009 0 0.9139 0.0569 0.1527 0.1738 1.387 0.9661 0.0149 0.2482 0.3732 4.3151 0.6789 0.0239 0.5764 0.7852 4.0637 -0.1563 0.1563 0.5218 0 0
62 146 845 0 0 0 0 0 1.0003 0 -0.6859 -0.0584 0.3287 0.3918 1.4576 0.9298 -0.4168 0.6434 1.1991 14.7234 0.6521 -0.0548 0.6101 0.7759 4.1792 -0.2404 0.2404 0.6438 0 0
62 147 835 0 0 0 0 0 1.0006 0 -0.1057 -0.0079 0.3286 0.3883 1.3183 0.919 -0.4767 0.6906 1.2745 17.5519 0.7111 0.0888 0.5967 0.7477 4.1235 -0.1166 0.1166 0.5623 0 0
62 148 840 0 0 0 0 0 1.0005 0 0.5897 -0.2022 0.3185 0.3426 1.2445 0.8898 -0.1297 0.6532 0.9785 14.6546 0.7588 -0.2926 0.5779 0.7365 4.1102 0.0618 0.0618 0.4918 0 0
62 149 836 0 0 0 0 0 1.0002 0 -0.5154 -0.1116 0.2419 0.295 1.366 0.983 -0.383 0.4707 0.6514 9.3211 0.6777 -0.0367 0.5854 0.7309 4.2472 -0.1938 0.1938 0.6086 0 0
62 150 819 0 0 0 0 0 1.0008 0 0.7126 -0.1191 0.1191 0.1593 1.2315 0.9905 0.0777 0.2587 0.3374 5.6628 0.7342 0.1095 0.6443 0.7918 4.3579 -0.0462 0.0462 0.6307 0 0
62 151 834 0 0 0 0 0 1.0004 0 0.8025 -0.0594 0.1641 0.1867 1.3704 0.9713 -0.1629 0.2606 0.3739 4.7142 0.7411 -0.1303 0.5338 0.7128 4.0851 -0.1031 0.1031 0.542 0 0
62 152 879 0 0 0 0 0 1.0007 0 0.8859 0.0256 0.1494 0.2163 1.5312 0.9901 0.1192 0.1742 0.2188 2.965 0.7483 0.0888 0.5551 0.742 4.1713 0.0335 0.0335 0.4533 0 0
62 153 851 21 0 0 0 0 1.0007 0 0.4733 -0.0811 0.3255 0.3535 1.5578 0.9062 -0.2691 0.6946 0.9049 12.3359 0.6399 -0.2876 0.6475 0.8029 4.2038 -0.1255 0.1255 0.6783 1 0
62 154 838 1 0 0 0 0 1.0008 0 0.9011 0.1862 0.2754 0.3063 1.3457 0.9431 -0.2781 0.4305 0.4722 4.6602 0.72 -0.2332 0.6048 0.7886 4.273 0.1489 0.1489 0.4741 1 0
62 155 863 0 0 0 0 0 1.0001 0 0.7403 0.0414 0.1031 0.1434 1.3996 0.9869 0.0786 0.2025 0.2312 4.6675 0.7161 -0.0444 0.5826 0.7663 4.1099 -0.0695 0.0695 0.4588 0 0
62 156 811 0 0 0 0 0 1.0011 0 0.3068 0.0069 0.1607 0.1837 1.086 0.9712 -0.0041 0.218 0.2622 2.0828 0.703 0.0628 0.6006 0.7917 4.2928 0.0604 0.0604 0.5659 0 0
62 157 849 0 0 0 0 0 1.0007 0 0.8906 -0.0661 0.164 0.1802 1.3444 0.988 -0.197 0.288 0.4436 8.3436 0.7431 -0.1173 0.5651 0.7358 4.2189 0.1187 0.1187 0.4654 0 0
62 158 831 0 0 0 0 0 1.0003 0 0.6784 -0.0455 0.1795 0.2183 1.4674 0.9876 0.1882 0.2868 0.3787 4.6895 0.7576 0.1403 0.5741 0.7101 4.161 0.003 0.003 0.5501 0 0
62 159 809 0 0 0 0 0 1.0007 0 -0.9586 -0.0375 0.18 0.2148 1.2169 0.973 -0.066 0.4416 0.6027 9.5742 0.6323 -0.0253 0.6442 0.8164 4.4269 0.155 0.155 0.5534 0 0
62 160 853 0 0 0 0 0 1.0016 0 0.945 -0.104 0.1573 0.1863 1.6818 0.9663 -0.0639 0.4262 0.5602 4.584 0.6924 -0.0925 0.605 0.7691 4.1318 -0.0298 0.0298 0.5821 0 0
62 161 897 0 0 0 0 0 1.0002 0 0.3141 -0.1462 0.2068 0.2554 1.2775 0.9379 0.0139 0.3418 0.4989 5.9222 0.7129 -0.0476 0.5086 0.6319 4.1703 -0.265 0.265 0.6058 0 0
62 162 825 0 0 0 0 0 1.0008 0 0.1858 -0.1292 0.1998 0.235 1.213 0.9682 0.1732 0.3571 0.4768 5.2987 0.6657 0.1398 0.5917 0.7609 4.4889 -0.0143 0.0143 0.6853 0 0
62 163 844 1 0 0 0 0 1.0008 0 -0.0466 -0.1462 0.1944 0.2631 1.5437 0.9467 -0.1355 0.4457 0.6747 8.7022 0.677 -0.1056 0.5853 0.7627 4.3945 0.1446 0.1446 0.7093 1 0
62 164 869 0 0 0 0 0 1.0002 0 0.4021 -0.0429 0.2408 0.2797 1.2145 0.9492 0.2058 0.4423 0.7789 12.1394 0.6683 -0.0562 0.5666 0.7111 4.0726 -0.3783 0.3783 0.5339 0 0
62 165 775 0 0 0 0 0 1.0018 0 0.3992 -0.1048 0.2395 0.2771 1.4028 0.9642 -0.0841 0.2868 0.3969 4.7432 0.6895 -0.1261 0.6045 0.7556 4.1614 -0.2071 0.2071 0.5743 0 0
62 166 784 0 0 0 0 0 1.0012 0 0.7223 -0.0064 0.1522 0.1844 1.2558 0.9888 0.0662 0.1638 0.2207 4.7836 0.6578 -0.0024 0.5821 0.7649 4.4159 0.0656 0.0656 0.5618 0 0
62 167 851 0 0 0 0 0 1.0005 0 -0.6623 -0.0614 0.3456 0.4283 1.8142 0.975 0.0901 0.3326 0.4176 6.3443 0.7184 0.1453 0.5794 0.7301 4.0994 -0.2502 0.2502 0.5553 0 0
62 168 868 0 0 0 0 0 1.0013 0 0.82 0.0848 0.1276 0.1424 1.1749 0.9857 -0.151 0.2554 0.325 4.7304 0.7336 -0.0359 0.5811 0.7059 4.1227 0.0227 0.0227 0.4759 0 0
62 169 810 0 0 0 0 0 1.0004 0 -0.5158 -0.0687 0.235 0.2753 1.5286 0.968 0.2473 0.4141 0.5529 7.498 0.5862 0.0415 0.6382 0.8492 4.1285 -0.1571 0.1571 0.6484 0 0
62 170 828 0 0 0 0 0 1.0002 0 0.8416 -0.1007 0.2399 0.2793 1.5711 0.9515 0.3586 0.6758 1.1509 16.92 0.6951 0.0713 0.5575 0.7086 4.1628 0.0294 0.0294 0.4935 0 0
62 171 800 0 0 0 0 0 1.0012 0 0.7088 -0.1918 0.2266 0.3153 1.5271 0.9449 -0.5792 0.7002 1.2503 15.0882 0.6447 0.0305 0.5854 0.7712 4.2693 -0.2724 0.2724 0.7102 0 0
62 172 902 0 0 0 0 0 1.0004 0 0.9171 0.0031 0.0793 0.1224 1.2475 0.9927 0.1104 0.2173 0.2517 7.1318 0.7211 0.2428 0.5886 0.7722 4.1231 -0.184 0.184 0.517 0 0
62 173 855 0 0 0 0 0 1.0008 0 0.7807 0.0314 0.103 0.131 1.1571 0.9829 -0.1862 0.2322 0.3217 4.4665 0.7331 -0.254 0.5862 0.7481 4.1098 -0.0462 0.0462 0.5332 0 0
62 174 856 0 0 0 0 0 1.0003 0 0.9309 -0.0167 0.0613 0.0869 1.1132 0.9888 0.1571 0.1886 0.2385 3.4909 0.6672 0.053 0.5472 0.7067 4.2897 -0.1789 0.1789 0.6028 0 0
62 175 888 0 0 0 0 0 1.0005 0 0.4519 -0.0189 0.1966 0.2694 1.4841 0.974 -0.1708 0.3332 0.3788 4.053 0.6735 -0.1599 0.6162 0.7736 4.2413 0.073 0.073 0.532 0 0
62 176 891 0 0 0 0 0 1.0005 0 0.8869 -0.1986 0.2011 0.2217 1.1119 0.991 -0.2053 0.3394 0.4097 4.8531 0.7452 0.0273 0.5823 0.7281 4.5001 0.213 0.213 0.4606 0 0
62 177 882 0 0 0 0 0 1.001 0 0.8401 -0.1089 0.1658 0.1942 1.3594 0.9508 0.2655 0.4058 0.589 6.7329 0.6207 0.0251 0.6206 0.7988 4.0736 -0.235 0.235 0.5718 0 0
62 178 1089 37 0 0 0 0 1.0004 0 0.8425 -0.3072 0.3232 0.351 1.0958 0.9724 -0.0959 0.5274 0.6556 7.6047 0.7051 -0.3268 0.6194 0.7992 4.9946 0.3273 0.3273 0.5217 1 0
62 179 855 0 0 0 0 0 1.0002 0 0.1878 -0.0239 0.2556 0.2777 1.3206 0.9832 0.1457 0.3296 0.403 7.3212 0.6331 0.1221 0.5981 0.7561 4.4206 0.0865 0.0865 0.5227 0 0
62 180 874 0 0 0 0 0 1.0003 0 0.3522 -0.2029 0.3047 0.3727 1.0876 0.9933 -0.0742 0.2457 0.3046 4.8979 0.717 0.0141 0.5805 0.7369 4.4255 0.2137 0.2137 0.4157 0 0
62 181 824 0 0 0 0 0 1.0014 0 0.5822 0.0315 0.2498 0.3082 1.4106 0.931 0.0366 0.3301 0.4613 4.6781 0.6845 0.0547 0.5834 0.7561 4.1306 -0.0899 0.0899 0.513 0 0
62 182 829 0 0 0 0 0 1.0005 0 0.3844 0.0417 0.2694 0.3583 1.586 0.9422 -0.331 0.3924 0.6657 7.4366 0.6918 6e-04 0.5528 0.719 4.2721 0.0851 0.0851 0.4997 0 0
62 183 834 0 0 0 0 0 1.0009 0 -0.0502 0.0377 0.2883 0.3828 1.8682 0.9261 0.2163 0.8333 1.2285 14.1028 0.6922 -0.0934 0.5983 0.7625 4.3201 0.0614 0.0614 0.5848 0 0
62 184 820 0 0 0 0 0 1.0003 0 0.4386 -0.0119 0.23 0.2702 1.2262 0.9755 0.1909 0.2415 0.3521 2.7766 0.7543 0.0548 0.5533 0.7218 4.1513 0.0213 0.0213 0.5395 0 0
62 185 859 0 0 0 0 0 1.0008 0 0.6988 0.0238 0.1421 0.2087 1.3305 0.9875 0.1875 0.2222 0.295 4.0455 0.756 0.1435 0.5454 0.7003 4.2009 0.1278 0.1278 0.4703 0 0
62 186 841 0 0 0 0 0 1.0004 0 0.1427 -0.072 0.1926 0.233 1.374 0.9499 0.0376 0.3412 0.5759 8.1029 0.6322 -0.0849 0.5985 0.7747 4.1736 -0.1364 0.1364 0.6336 0 0
62 187 821 0 0 0 0 0 1.0003 0 -0.3354 -0.1009 0.3002 0.335 1.4337 0.9654 -0.1386 0.4033 0.4909 4.6177 0.6594 -0.1168 0.6271 0.8273 4.4612 0.2257 0.2257 0.4532 0 0
62 188 839 0 0 0 0 0 1.0005 0 -0.6023 -0.0441 0.3274 0.3747 1.4192 0.8888 -0.1186 0.7169 1.1415 10.8696 0.5941 0.1655 0.6396 0.8508 4.1854 0.2004 0.2004 0.467 0 0
62 189 804 0 0 0 0 0 1.0003 0 0.5802 0.036 0.2272 0.239 1.4574 0.9591 -0.001 0.3061 0.4639 5.0288 0.744 -0.1061 0.6015 0.7531 4.3145 0.1194 0.1194 0.5382 0 0
62 190 841 0 0 0 0 0 1.0008 0 0.5676 -0.0654 0.2824 0.3434 1.2903 0.9694 0.0882 0.3459 0.4314 6.4093 0.6665 0.1406 0.5933 0.77 4.2461 -0.1174 0.1174 0.5931 0 0
62 191 866 0 0 0 0 0 1.0001 0 0.8114 0.0672 0.1073 0.1601 1.3494 0.9853 0.1988 0.2544 0.3316 7.2698 0.6627 0.089 0.5859 0.7347 4.2115 -0.1346 0.1346 0.6228 0 0
62 192 822 0 0 0 0 0 1.0004 0 0.8851 -0.0543 0.096 0.1173 1.166 0.9851 0.0901 0.2143 0.2579 3.4961 0.7053 0.0502 0.5812 0.7681 4.1227 0.0171 0.0171 0.4777 0 0
62 193 834 0 0 0 0 0 1.0002 0 0.9293 -0.0968 0.2028 0.2079 1.6482 0.9627 -0.4523 0.544 0.8816 11.0325 0.7198 -0.1159 0.5503 0.6965 4.25 0.0878 0.0878 0.4911 0 0
62 194 844 0 0 0 0 0 1.0007 0 0.0951 0.0101 0.1375 0.1661 1.3128 0.9924 -0.0314 0.1507 0.1824 3.7016 0.6414 -0.0729 0.6173 0.7914 4.0826 -0.1962 0.1962 0.5424 0 0
62 195 820 0 0 0 0 0 1.0001 0 0.4472 0.1541 0.2134 0.2763 1.3093 0.9759 0.0887 0.2152 0.2901 2.4855 0.7626 -0.0219 0.5067 0.6413 4.3169 0.0878 0.0878 0.4778 0 0
62 196 826 0 0 0 0 0 1.0003 0 0.9411 0.0678 0.1004 0.111 1.2986 0.9777 0.1075 0.2065 0.2738 3.8786 0.7598 0.0455 0.4924 0.6569 4.144 0.0413 0.0413 0.4732 0 0
62 197 837 1 0 0 0 0 1.0005 0 0.3341 -0.0351 0.2225 0.2731 1.3644 0.9763 -0.0446 0.2896 0.3754 6.0328 0.6999 -0.1208 0.5699 0.7343 4.1595 -0.0449 0.0449 0.6054 1 0
62 198 819 0 0 0 0 0 1.0009 0 0.8653 0.0322 0.1543 0.2055 1.7054 0.9766 -0.0121 0.2027 0.2744 3.948 0.6598 -0.041 0.5826 0.7749 4.099 -0.097 0.097 0.4966 0 0
62 199 884 0 0 0 0 0 1.0008 0 0.2825 -0.104 0.2073 0.2876 1.2095 0.9799 0.1936 0.4176 0.5549 6.1628 0.7535 0.2056 0.552 0.6937 4.2814 0.0841 0.0841 0.4989 0 0
62 200 846 0 0 0 0 0 1.0004 0 0.1624 -0.139 0.4128 0.48 1.9359 0.9452 -0.1316 0.4436 0.7692 8.4373 0.6824 0.0521 0.5615 0.7141 4.0994 0.0754 0.0754 0.4318 0 0
62 201 886 0 0 0 0 0 1.001 0 0.1955 -0.0968 0.2939 0.309 1.372 0.9398 -0.0287 0.4992 0.7283 9.1489 0.5598 -0.0683 0.6147 0.7879 4.5235 -0.342 0.342 0.7175 0 0
62 202 779 286 0 0 0 0 1.0031 0 0.5618 -0.1807 0.1948 0.2798 1.2143 0.991 -0.0864 0.276 0.326 7.3952 0.7181 -0.0995 0.6309 0.7814 4.4861 -0.0516 0.0516 0.7574 1 0
62 203 871 0 0 0 0 0 1.0003 0 0.6859 -0.0807 0.3546 0.4315 2.0546 0.9779 -0.0404 0.3021 0.4004 4.1459 0.6977 -0.1264 0.5731 0.7534 4.2061 0.0854 0.0854 0.4241 0 0
62 204 838 0 0 0 0 0 1.001 0 0.687 -0.0718 0.2061 0.2404 1.4266 0.9507 -0.0075 0.3296 0.5726 10.1544 0.7071 0.0478 0.5723 0.7797 4.0971 -0.035 0.035 0.5137 0 0
62 205 876 0 0 0 0 0 1.0005 0 0.2636 -0.1411 0.1918 0.2268 1.2567 0.9646 0.161 0.421 0.694 8.8951 0.6346 -0.1027 0.6293 0.795 4.2273 0.0271 0.0271 0.5686 0 0
62 206 843 0 0 0 0 0 1.0005 0 0.2639 -0.2421 0.3408 0.3992 1.5462 0.9589 0.2326 0.7508 1.0645 12.1121 0.5796 0.2162 0.6787 0.8379 4.3559 0.0195 0.0195 0.7039 0 0
62 207 833 0 0 0 0 0 1.0005 0 0.4547 -0.0941 0.3306 0.3479 1.4926 0.9779 -0.4004 0.5108 0.9724 15.2496 0.6723 -0.039 0.6328 0.8047 4.1241 0.0117 0.0117 0.4633 0 0
62 208 852 0 0 0 0 0 1.0003 0 0.8751 -0.1634 0.1634 0.1901 1.05 0.9905 0.1787 0.2846 0.3524 2.9314 0.7188 0.0918 0.5187 0.6791 4.1553 0.0261 0.0261 0.492 0 0
62 209 788 0 0 0 0 0 1.0006 0 -0.2994 -0.1256 0.2215 0.2711 1.3942 0.9636 -0.1325 0.4106 0.7205 10.5511 0.6557 -0.059 0.5876 0.7677 4.1626 -0.0455 0.0455 0.621 0 0
62 210 824 0 0 0 0 0 1.0003 0 0.5104 -0.1777 0.1777 0.2181 1.0363 0.9897 0.0971 0.2905 0.3805 4.3068 0.7024 0.164 0.5827 0.7312 4.4129 0.147 0.147 0.5143 0 0
62 211 819 0 0 0 0 0 1.0002 0 0.758 -0.0357 0.2857 0.3756 2.147 0.9845 0.1678 0.3195 0.4547 7.4002 0.6429 0.0778 0.6689 0.8441 4.2359 0.0486 0.0486 0.5665 0 0
62 212 920 0 0 0 0 0 1.0006 0 0.3188 0.0771 0.2516 0.408 1.4848 0.9613 0.1096 0.3092 0.4567 6.8451 0.6726 -0.0895 0.6014 0.7421 4.1026 0.0531 0.0531 0.446 0 0
62 213 825 0 0 0 0 0 1.0007 0 -0.505 -0.112 0.2689 0.2819 1.2439 0.9872 -0.1207 0.3249 0.4131 5.9277 0.6711 0.0417 0.6023 0.7767 4.4621 -0.1032 0.1032 0.7608 0 0
62 214 818 0 0 0 0 0 1.0007 0 0.6635 0.0554 0.2093 0.2965 1.7902 0.9442 0.0321 0.3429 0.4621 6.5333 0.6417 0.0448 0.6313 0.8011 4.2091 0.0273 0.0273 0.5703 0 0
62 215 876 0 0 0 0 0 1.001 0 0.9655 0.0322 0.1794 0.225 1.9317 0.9786 -0.1778 0.2397 0.3117 3.3268 0.731 -0.1524 0.5776 0.7274 4.0444 -0.0416 0.0416 0.4686 0 0
62 216 854 0 0 0 0 0 1.0008 0 0.8689 -0.0339 0.2292 0.2926 1.6246 0.99 0.1503 0.2044 0.3052 4.3946 0.7602 0.0128 0.5461 0.7145 4.3953 0.1563 0.1563 0.4097 0 0
62 217 862 0 0 0 0 0 1.0007 0 0.5532 -0.0156 0.2391 0.2615 1.2075 0.9604 -0.1546 0.2912 0.3921 5.2651 0.6981 -0.0681 0.5605 0.7169 4.1705 0.0741 0.0741 0.4733 0 0
62 218 864 0 0 0 0 0 1.0002 0 0.6764 0.0866 0.239 0.3025 1.4029 0.985 -0.0085 0.1623 0.2372 4.3088 0.7571 0.1186 0.5269 0.6573 4.161 0.0509 0.0509 0.4814 0 0
62 219 847 0 0 0 0 0 1.0005 0 0.73 0.0267 0.1772 0.2104 1.2633 0.9821 -0.0013 0.1733 0.225 3.2787 0.7764 -0.0347 0.5058 0.662 4.1865 0.0368 0.0368 0.4837 0 0
62 220 860 0 0 0 0 0 1.0004 0 0.4687 -0.1066 0.2596 0.3122 1.3428 0.9664 -0.1616 0.3333 0.621 8.0867 0.7347 0.0106 0.56 0.715 4.0986 -0.011 0.011 0.4871 0 0
62 221 864 0 0 0 0 0 1.0002 0 0.7499 -0.0056 0.1659 0.2446 1.3454 0.9872 0.0231 0.1914 0.2309 3.8057 0.7456 0.0088 0.5146 0.6533 4.1334 0.1259 0.1259 0.4314 0 0
62 222 784 0 0 0 0 0 1.0009 0 0.8064 -0.1049 0.1765 0.2148 1.251 0.9883 0.0082 0.2388 0.3679 6.9193 0.6942 -0.1732 0.5624 0.7326 4.1869 -0.1667 0.1667 0.6732 0 0
62 223 862 0 0 0 0 0 1.0006 0 0.9544 -0.1062 0.124 0.1484 1.0063 0.9796 0.1359 0.204 0.2817 3.5127 0.7231 0.0922 0.5915 0.7726 4.3577 0.2065 0.2065 0.4998 0 0
62 224 880 0 0 0 0 0 1.0007 0 0.6599 0.0364 0.1558 0.1629 1.1189 0.984 0.1606 0.2402 0.3007 4.8338 0.7003 0.0948 0.6443 0.7901 4.2158 -0.0433 0.0433 0.5707 0 0
62 225 829 0 0 0 0 0 1.0003 0 0.8225 -0.2656 0.2754 0.337 1.21 0.9123 -0.136 0.6416 1.1777 15.0637 0.7231 0.1016 0.5267 0.6504 4.3302 0.0113 0.0113 0.606 0 0
62 226 829 0 0 0 0 0 1.0007 0 -0.1214 -0.1904 0.2384 0.3301 1.5176 0.9602 -0.8011 0.8993 1.4318 15.7113 0.6857 -0.1508 0.5822 0.7304 4.3209 0.0352 0.0352 0.6649 0 0
62 227 827 0 0 0 0 0 1.0005 0 0.8322 -0.0763 0.1636 0.1764 1.5196 0.9575 -0.1001 0.3155 0.3712 3.8406 0.6487 -0.0605 0.5941 0.7566 4.1284 -0.0851 0.0851 0.5759 0 0
62 228 835 0 0 0 0 0 1.0005 0 0.7046 0.2925 0.307 0.4099 1.6859 0.9859 -0.0126 0.1838 0.236 2.1867 0.7678 -0.0083 0.5676 0.717 4.0942 -0.0491 0.0491 0.4594 0 0
62 229 808 0 0 0 0 0 1.0006 0 0.5114 -0.2388 0.2691 0.3189 1.33 0.9352 0.559 0.7348 1.2948 17.3545 0.6512 -0.0143 0.5749 0.7314 4.56 0.0555 0.0555 0.6205 0 0
62 230 2126 533 0 0 0 0 1.0008 0 0.7772 -0.4179 0.4179 0.4938 1.1531 0.9822 -0.0305 0.663 0.8525 9.11 0.6112 0.4805 0.7391 0.978 5.5718 0.3608 0.3608 0.6312 1 0
62 231 815 2 0 0 0 0 1.0004 0 0.5342 -0.1661 0.1764 0.214 1.2059 0.9908 -0.2861 0.4418 0.6429 8.4037 0.6373 -0.1117 0.6225 0.7908 4.2207 0.0159 0.0159 0.6334 1 0
62 232 806 0 0 0 0 0 1.0006 0 0.7076 -0.0855 0.1321 0.1619 1.2834 0.9641 0.0539 0.2899 0.3659 4.3801 0.6963 -0.0392 0.5961 0.7574 4.393 0.0951 0.0951 0.6367 0 0
62 233 852 0 0 0 0 0 1.0003 0 0.2267 6e-04 0.1867 0.2476 1.3056 0.986 -0.1155 0.2331 0.2917 3.5793 0.726 0.0246 0.5512 0.6945 4.1096 -0.0458 0.0458 0.5153 0 0
62 234 839 0 0 0 0 0 1.0004 0 0.6662 0.163 0.2902 0.3304 1.4289 0.9873 -0.1605 0.2174 0.2859 2.1173 0.7324 0.0563 0.5738 0.7372 4.1563 -0.1868 0.1868 0.4811 0 0
62 235 861 0 0 0 0 0 1.0008 0 -0.3251 -0.2319 0.3076 0.3492 1.3239 0.9782 -0.2502 0.5929 0.9024 11.6971 0.6409 0.0163 0.5738 0.7322 4.2228 -0.1219 0.1219 0.7237 0 0
62 236 834 0 0 0 0 0 1.0003 0 0.0515 4e-04 0.2378 0.3153 1.6204 0.9433 -0.0272 0.3381 0.4083 3.8567 0.6394 -0.0417 0.6027 0.7722 4.1178 0.068 0.068 0.5025 0 0
62 237 841 0 0 0 0 0 1.0004 0 0.8766 0.0791 0.2215 0.264 1.5295 0.9731 0.1265 0.2355 0.2852 4.7699 0.7546 0.1177 0.5732 0.758 4.167 -0.0679 0.0679 0.526 0 0
62 238 811 1 0 0 0 0 1.0008 0 0.6181 -0.0553 0.2611 0.3337 1.7661 0.9824 0.1673 0.2441 0.3242 5.5596 0.7298 0.1327 0.5836 0.7319 4.4509 0.1214 0.1214 0.5485 1 0
62 239 824 0 0 0 0 0 1.0004 0 0.6896 0.1252 0.2594 0.3145 1.2872 0.9849 -0.2609 0.2715 0.3673 3.1402 0.7063 -0.0796 0.6166 0.78 4.2393 -0.0524 0.0524 0.5593 0 0
62 240 868 0 0 0 0 0 1.0002 0 -0.3487 -0.0624 0.1743 0.2182 1.4447 0.9702 0.088 0.2851 0.3613 4.0984 0.754 -0.0171 0.5583 0.6991 4.1533 -0.1918 0.1918 0.587 0 0
62 241 832 0 0 0 0 0 1.0012 0 0.3847 -0.2542 0.2542 0.3067 1.135 0.9553 -0.1774 0.5094 0.6315 5.8199 0.6614 -0.1506 0.5863 0.7887 4.2351 0.1342 0.1342 0.572 0 0
62 242 805 0 0 0 0 0 1.0011 0 -0.2783 -0.0383 0.2567 0.2767 1.5726 0.9867 0.0511 0.4151 0.6067 12.5813 0.6411 -0.0947 0.6986 0.8803 4.5378 -0.3425 0.3425 0.7875 0 0
62 243 828 0 0 0 0 0 1.0004 0 0.9103 0.1822 0.1898 0.2234 1.4468 0.9932 0.0827 0.1501 0.1855 2.3322 0.6981 -0.0368 0.579 0.754 4.2997 -0.1749 0.1749 0.5778 0 0
62 244 830 0 0 0 0 0 1.0002 0 0.3471 -0.1066 0.2582 0.308 1.3753 0.9637 0.1037 0.4232 0.6536 8.0429 0.6954 -0.0219 0.5813 0.7424 4.1894 -0.1498 0.1498 0.5707 0 0
62 245 868 0 0 0 0 0 1.0006 0 0.1485 -0.2121 0.2663 0.3017 1.1295 0.9537 0.4759 0.8065 1.3827 17.5117 0.6489 0.0463 0.6138 0.7618 4.4692 0.1931 0.1931 0.6108 0 0
62 246 860 5 0 0 0 0 1.0002 0 0.6762 -0.1327 0.2592 0.286 1.3819 0.9427 0.19 0.5754 0.7662 11.1148 0.6719 -0.1362 0.5548 0.7148 4.0634 -0.0886 0.0886 0.649 1 0
62 247 840 1 0 0 0 0 1.0003 0 0.8209 -0.0862 0.1386 0.1844 1.3035 0.9424 -0.2573 0.4407 0.8102 12.5405 0.7018 0.026 0.5756 0.7225 4.2433 0.0581 0.0581 0.6354 1 0
62 248 788 0 0 0 0 0 1.0005 0 0.5965 -0.0795 0.2021 0.2352 1.3585 0.9242 -0.5781 0.7489 1.388 21.5351 0.6152 -0.0818 0.634 0.8264 4.138 -0.0158 0.0158 0.5713 0 0
62 249 856 0 0 0 0 0 1.0006 0 0.5013 0.2852 0.3042 0.5129 2.1426 0.9854 -0.2045 0.2323 0.2755 2.0836 0.7517 -0.1364 0.5779 0.7674 4.2233 -0.1408 0.1408 0.5138 0 0
62 250 842 0 0 0 0 0 1.0003 0 0.709 -0.0307 0.0989 0.1184 1.1117 0.995 0.1253 0.1496 0.1802 3.1151 0.7819 0.0174 0.5201 0.6931 4.2099 0.158 0.158 0.4396 0 0
62 251 851 0 0 0 0 0 1.0006 0 0.9697 0.0165 0.0702 0.0897 1.4193 0.9693 -0.1139 0.1811 0.2738 3.0587 0.6986 -0.0667 0.6215 0.7861 4.1478 0.1177 0.1177 0.4586 0 0
62 252 834 0 0 0 0 0 1.0005 0 0.7656 -0.0285 0.1089 0.14 1.3121 0.989 -0.2392 0.2682 0.2937 3.1994 0.6982 -0.1734 0.6126 0.7989 4.2484 0.0707 0.0707 0.4975 0 0
62 253 779 0 0 0 0 0 1.0005 0 0.7972 -0.0688 0.2121 0.2449 1.6153 0.9548 0.1793 0.4206 0.5231 4.3505 0.7282 0.0989 0.536 0.7039 4.1609 -0.0596 0.0596 0.5174 0 0
62 254 839 0 0 0 0 0 1.0003 0 0.4881 0.058 0.2512 0.3171 1.6087 0.9684 0.0254 0.2302 0.2776 3.1715 0.6917 0.0582 0.5455 0.749 4.277 0.1023 0.1023 0.4166 0 0
62 255 894 0 0 0 0 0 1.0008 0 0.5674 -0.0167 0.1616 0.1809 1.2026 0.991 0.336 0.3459 0.3797 2.7805 0.7394 0.2667 0.5811 0.7278 4.1066 0.0025 0.0025 0.4642 0 0
62 256 787 0 0 0 0 0 1.0007 0 0.7902 0.0268 0.1509 0.1837 1.3271 0.9736 -0.1312 0.2358 0.2961 3.3714 0.7423 -0.1439 0.5581 0.726 4.2819 0.0737 0.0737 0.5785 0 0
62 257 860 0 0 0 0 0 1.0002 0 0.9719 0.0887 0.186 0.2477 1.5542 0.967 0.1034 0.4062 0.4968 7.5789 0.7901 0.2419 0.5445 0.669 4.1241 0.0163 0.0163 0.4403 0 0
62 258 817 0 0 0 0 0 1.0006 0 -0.4423 -0.1535 0.3753 0.4616 1.8125 0.9239 -0.1961 0.9726 1.3736 15.4587 0.543 0.0461 0.6588 0.879 4.1822 -0.3065 0.3065 0.664 0 0
62 259 865 73 0 0 0 0 1.0008 0 0.5097 -0.3694 0.3694 0.4291 1.3213 0.9129 1.0587 1.1148 1.6692 16.7159 0.59 -0.1084 0.5903 0.7748 4.3981 0.0644 0.0644 0.7282 1 0
62 260 821 0 0 0 0 0 1.0009 0 0.6247 -0.0561 0.2304 0.3015 1.1503 0.9754 0.1825 0.2757 0.3888 3.1467 0.7459 0.142 0.5779 0.7432 4.3743 0.1854 0.1854 0.4419 0 0
62 261 864 0 0 0 0 0 1.0004 0 0.465 -0.0483 0.1305 0.1684 1.0731 0.9611 -0.0034 0.248 0.3355 4.5188 0.7461 -0.1266 0.5423 0.7264 4.2283 0.1287 0.1287 0.5052 0 0
62 262 864 0 0 0 0 0 1.0005 0 0.7216 -0.0454 0.1636 0.207 1.2279 0.9499 0.0125 0.3294 0.569 9.6301 0.7468 -0.0363 0.5216 0.6656 4.0834 -0.0966 0.0966 0.5448 0 0
62 263 805 0 0 0 0 0 1.0003 0 0.8653 -0.0369 0.1381 0.152 1.2396 0.9782 0.1453 0.2686 0.4069 6.8465 0.7172 -0.015 0.5953 0.7462 4.2296 0.0869 0.0869 0.4862 0 0
62 264 817 0 0 0 0 0 1.0004 0 0.8966 0.0269 0.1755 0.1881 1.8106 0.983 0.2213 0.291 0.3496 4.7601 0.6531 0.0818 0.5713 0.7443 4.0671 -0.0432 0.0432 0.5143 0 0
62 265 843 22 0 0 0 0 1.0003 0 0.2077 -0.1481 0.2667 0.3069 1.2554 0.9609 -0.0216 0.3363 0.4504 4.9166 0.6962 0.0482 0.5501 0.7253 4.6904 0.0438 0.0438 0.7739 1 0
62 266 802 0 0 0 0 0 1.0006 0 0.8545 6e-04 0.2962 0.3306 1.7498 0.9406 0.1057 0.3676 0.5244 8.5246 0.7022 -0.0773 0.572 0.7499 4.2684 -0.1554 0.1554 0.6733 0 0
62 267 897 0 0 0 0 0 1.0005 0 0.8189 0.0136 0.1554 0.1732 1.2761 0.9744 0.0183 0.197 0.2356 2.4208 0.7469 -0.052 0.5451 0.7051 4.3348 0.1023 0.1023 0.5028 0 0
62 268 818 0 0 0 0 0 1.0008 0 0.5477 -0.1081 0.2217 0.2422 1.2909 0.9572 0.0292 0.3535 0.5029 6.6904 0.6891 0.0322 0.5608 0.7339 4.1127 -0.0353 0.0353 0.5292 0 0
62 269 809 0 0 0 0 0 1.0006 0 0.9151 -0.2807 0.2807 0.3217 1.429 0.894 -0.4584 0.8269 1.4952 16.7802 0.5745 0.0975 0.6392 0.8378 4.5333 0.2159 0.2159 0.4979 0 0
62 270 807 0 0 0 0 0 1.0011 0 -0.5727 0.0568 0.3184 0.3535 1.2964 0.9782 -0.0498 0.2215 0.3098 4.2228 0.6412 0.0613 0.6307 0.8039 4.1922 -0.394 0.394 0.5559 0 0
62 271 852 0 0 0 0 0 1.0001 0 0.8476 -0.0503 0.1714 0.1923 1.6403 0.9858 -0.0652 0.1916 0.2349 3.226 0.7455 -0.1012 0.5453 0.7097 4.1346 -0.1598 0.1598 0.5196 0 0
62 272 803 0 0 0 0 0 1.0004 0 0.4564 -0.1572 0.2328 0.2912 1.2294 0.9637 0.1649 0.5399 0.7944 8.1759 0.6645 -0.0619 0.6271 0.7866 4.3696 0.1047 0.1047 0.5654 0 0
62 273 817 0 0 0 0 0 1.0002 0 0.7777 -0.0137 0.2753 0.38 2.2392 0.9705 0.5164 0.6367 0.8574 8.229 0.6881 0.4233 0.6831 0.8588 4.1519 0.0183 0.0183 0.5559 0 0
62 274 870 0 0 0 0 0 1.0002 0 0.3 -0.0083 0.2124 0.2296 1.1484 0.9677 0.0962 0.2703 0.3446 4.0459 0.746 0.0144 0.5036 0.661 4.2992 0.0872 0.0872 0.4304 0 0
62 275 787 0 0 0 0 0 1.0006 0 0.8038 0.0062 0.1508 0.1955 1.4524 0.9733 0.271 0.4381 0.552 7.2859 0.7168 0.1729 0.6179 0.7507 4.3517 0.1332 0.1332 0.5302 0 0
62 276 829 0 0 0 0 0 1.0005 0 0.7679 -0.0027 0.1693 0.2078 1.3249 0.9893 -0.1823 0.2131 0.2533 2.2816 0.8021 -0.1285 0.4874 0.6271 4.3437 0.188 0.188 0.4526 0 0
62 277 859 0 0 0 0 0 1.0005 0 0.5591 -0.1799 0.2514 0.3251 1.3125 0.9499 -0.3784 0.5001 0.9177 10.4276 0.7151 -0.1844 0.5796 0.7618 4.2707 0.0979 0.0979 0.5884 0 0
62 278 773 0 0 0 0 0 1.0003 0 0.9018 -0.1783 0.2244 0.2585 1.3408 0.9831 0.1462 0.3137 0.4446 6.4944 0.755 0.0619 0.5381 0.7013 4.178 0.0714 0.0714 0.4345 0 0
62 279 880 0 0 0 0 0 1.0006 0 0.5594 -0.0211 0.1981 0.2285 1.149 0.9783 0.0445 0.3292 0.4308 5.4229 0.7466 -0.1861 0.5595 0.7232 4.1577 0.1242 0.1242 0.4246 0 0
62 280 895 0 0 0 0 0 1.0016 0 0.6157 -0.1758 0.2086 0.2722 1.1614 0.9683 0.0783 0.4513 0.7021 11.5678 0.6053 -0.0819 0.6389 0.8116 4.3523 0.0747 0.0747 0.6162 0 0
62 281 836 0 0 0 0 0 1.0007 0 0.3919 -0.0525 0.1586 0.1893 1.3108 0.9724 0.2272 0.3467 0.4157 4.8331 0.6682 0.0813 0.5818 0.743 4.4864 -0.1632 0.1632 0.7386 0 0
62 282 845 0 0 0 0 0 1.0004 0 -0.2044 0.1151 0.1341 0.1703 1.1193 0.9925 -0.0774 0.1294 0.1828 2.7826 0.6973 0.0121 0.5329 0.6839 4.0807 -0.0969 0.0969 0.561 0 0
62 283 848 0 0 0 0 0 1.0005 0 0.7665 -0.2711 0.2711 0.3081 1.2622 0.9506 -0.3354 0.5217 0.7384 8.9963 0.6542 -0.2409 0.6359 0.7915 4.3087 0.0778 0.0778 0.65 0 0
62 284 916 132 0 0 0 0 1.0004 0 0.9033 -0.0237 0.2114 0.2635 1.3279 0.9711 -0.2909 0.3351 0.4148 2.4318 0.7447 -0.2695 0.5521 0.7117 4.6373 0.1679 0.1679 0.6475 1 0
62 285 898 0 0 0 0 0 1.0002 0 0.3893 0.0152 0.1637 0.1998 1.3122 0.9455 -0.2001 0.3074 0.5229 8.7469 0.6368 -0.0786 0.6353 0.8039 4.176 -0.2204 0.2204 0.5925 0 0
62 286 880 0 0 0 0 0 1.0004 0 -0.2712 -0.1759 0.2174 0.2906 1.1954 0.9713 -0.2548 0.3946 0.553 6.8314 0.7332 0.0245 0.5209 0.6838 4.4106 0.2455 0.2455 0.4666 0 0
62 287 787 0 0 0 0 0 1.0005 0 0.2489 -0.0817 0.246 0.2784 1.3233 0.9478 0.2618 0.4429 0.6714 9.4719 0.6704 0.0336 0.6119 0.7616 4.3518 -0.1071 0.1071 0.6938 0 0
62 288 886 0 0 0 0 0 1.0004 0 0.7551 0.1206 0.2254 0.2433 1.2406 0.9669 -0.0576 0.3264 0.4141 4.6513 0.7782 -0.0122 0.5658 0.7067 4.1308 -0.0687 0.0687 0.5006 0 0
62 289 881 0 0 0 0 0 1.0005 0 0.1969 -0.1666 0.2013 0.2705 1.1954 0.9816 -0.1815 0.3433 0.472 6.3885 0.7454 -0.0486 0.6118 0.78 4.1444 -0.0157 0.0157 0.6387 0 0
62 290 800 0 0 0 0 0 1.0003 0 0.2556 -0.0561 0.1698 0.2041 1.3781 0.9721 0.0363 0.2999 0.4046 5.8389 0.6302 -0.0404 0.6472 0.8206 4.1147 -0.0035 0.0035 0.5426 0 0
62 291 866 0 0 0 0 0 1.0006 0 0.7975 -0.0191 0.1167 0.1618 1.2811 0.9666 -0.0766 0.2568 0.3344 3.014 0.6854 -0.0523 0.6099 0.8038 4.3203 0.0996 0.0996 0.501 0 0
62 292 859 0 0 0 0 0 1.0005 0 0.6867 0.0705 0.1707 0.1934 1.2098 0.9715 -0.1063 0.282 0.3518 4.9007 0.7229 -0.1463 0.637 0.7861 4.2176 0.0088 0.0088 0.5354 0 0
62 293 834 0 0 0 0 0 1.0007 0 0.7538 -0.1426 0.3158 0.3773 1.8168 0.9637 -0.3033 0.5829 1.0785 14.7185 0.7594 -0.1453 0.469 0.6151 4.033 -0.1091 0.1091 0.4849 0 0
62 294 808 2 0 0 0 0 1.0005 0 -0.3059 -0.1062 0.1897 0.2485 1.4225 0.95 -0.1673 0.5259 0.9112 15.335 0.5798 0.0129 0.5947 0.767 4.5113 0.0072 0.0072 0.7712 1 0
62 295 896 0 0 0 0 0 1.0002 0 -0.0145 -0.1129 0.3159 0.4184 1.3814 0.9536 -0.3094 0.4863 0.8023 9.9244 0.6454 -0.0301 0.6066 0.8034 4.0205 -0.1778 0.1778 0.5166 0 0
62 296 759 0 0 0 0 0 1.0008 0 0.6602 -0.1307 0.1672 0.2094 1.4602 0.9659 -0.2922 0.5514 0.8263 10.9669 0.6195 -0.0395 0.6745 0.8611 4.4129 0.1225 0.1225 0.6624 0 0
62 297 851 0 0 0 0 0 1.0008 0 0.5677 -0.0221 0.425 0.4581 1.4403 0.8423 0.125 0.7594 1.1471 13.9734 0.7366 -0.1504 0.5656 0.7122 4.0992 0.0722 0.0722 0.4564 0 0
62 298 813 0 0 0 0 0 1.0002 0 0.5719 -0.1067 0.1808 0.199 1.1756 0.9682 0.0071 0.2614 0.3231 3.7714 0.7407 -0.1457 0.6081 0.7715 4.236 0.1393 0.1393 0.5331 0 0
62 299 854 0 0 0 0 0 1.0004 0 0.8636 -0.0072 0.1331 0.1709 1.2169 0.97 -0.2303 0.3676 0.4403 4.2562 0.6456 -0.2011 0.6442 0.8125 4.5796 0.246 0.246 0.4508 0 0
62 300 847 0 0 0 0 0 1.0002 0 0.3985 -0.231 0.231 0.3084 1.0864 0.9583 -0.1147 0.398 0.499 4.279 0.753 -0.1511 0.4789 0.6055 4.2805 0.1213 0.1213 0.5123 0 0
62 301 842 0 0 0 0 0 1.0003 0 0.0385 0.0475 0.254 0.3105 1.3758 0.9586 -0.1016 0.2449 0.3337 3.3605 0.7229 -0.1024 0.5923 0.7711 4.4304 0.2456 0.2456 0.432 0 0
62 302 812 0 0 0 0 0 1.0007 0 0.1842 -0.108 0.355 0.3771 1.7253 0.9697 0.1977 0.5306 0.7687 9.3792 0.5956 -0.0538 0.6677 0.8569 4.2199 -0.254 0.254 0.7138 0 0
62 303 812 73 0 0 0 0 1.0009 0 0.9504 -0.2851 0.2851 0.2974 1.2243 0.9691 0.2584 0.4876 0.6503 8.2313 0.6506 -0.026 0.5643 0.7232 4.4112 -0.0334 0.0334 0.7855 1 0
62 304 827 0 0 0 0 0 1.0009 0 0.6127 0.1206 0.3297 0.488 1.9355 0.8894 -0.1204 0.4431 0.6733 8.9062 0.6081 -0.2125 0.6436 0.7982 4.2215 0.0877 0.0877 0.4919 0 0
62 305 848 0 0 0 0 0 1.0003 0 0.4431 -0.2747 0.3131 0.4134 1.5245 0.9534 0.0871 0.5339 0.7357 6.5314 0.6853 0.0611 0.5285 0.6878 4.1729 -0.0132 0.0132 0.5602 0 0
62 306 829 0 0 0 0 0 1.0003 0 0.3646 0.0586 0.1411 0.2066 1.4187 0.9733 -0.0784 0.2165 0.2978 4.3071 0.617 -0.0162 0.5874 0.76 4.1313 -0.2124 0.2124 0.5926 0 0
62 307 833 0 0 0 0 0 1.0003 0 0.7616 -0.1451 0.1636 0.2481 1.2313 0.9894 0.1199 0.1968 0.2386 3.393 0.7258 0.0095 0.5146 0.6832 4.1014 -0.1731 0.1731 0.5259 0 0
62 308 849 0 0 0 0 0 1.0002 0 0.5363 -0.0047 0.1468 0.1807 1.3063 0.9731 -0.12 0.2355 0.3003 3.9172 0.6655 -0.167 0.6156 0.782 4.126 0.0216 0.0216 0.5087 0 0
62 309 873 0 0 0 0 0 1.0004 0 0.7078 -0.0049 0.2279 0.2588 1.4578 0.9689 0.1044 0.2861 0.3772 3.6129 0.7615 0.1068 0.5076 0.6671 4.115 -0.0909 0.0909 0.5502 0 0
62 310 862 0 0 0 0 0 1.0003 0 0.2987 -0.1035 0.2647 0.3713 1.4096 0.9535 0.0329 0.3384 0.4415 3.2729 0.6946 0.0766 0.5596 0.7419 4.2087 0.0897 0.0897 0.4705 0 0
62 311 824 2 0 0 0 0 1.0009 0 0.8886 -0.3167 0.3167 0.3414 1.4539 0.9378 -0.2076 0.85 1.1473 10.2885 0.5712 -0.0482 0.6088 0.8031 4.7892 0.0602 0.0602 0.7865 1 0
62 312 810 0 0 0 0 0 1.0003 0 0.614 0.0032 0.1455 0.2082 1.4125 0.9703 0.2479 0.3442 0.4826 5.7245 0.6326 0.0374 0.6045 0.7591 4.1106 -0.044 0.044 0.5489 0 0
62 313 777 0 0 0 0 0 1.0008 0 0.5603 0.017 0.2369 0.3203 1.7265 0.9767 -0.1651 0.4505 0.5701 10.9457 0.6755 0.0138 0.6107 0.7763 4.1618 0.0154 0.0154 0.5592 0 0
62 314 819 0 0 0 0 0 1.0011 0 0.203 -0.0313 0.3016 0.4096 1.3246 0.9628 -0.3977 0.432 0.6142 5.9575 0.7508 -0.1444 0.5569 0.7089 4.2184 0.0606 0.0606 0.5678 0 0
62 315 887 0 0 0 0 0 1.0002 0 0.039 0.0531 0.1777 0.2019 1.1315 0.979 -0.0672 0.1679 0.2362 2.1935 0.7446 -0.0111 0.532 0.672 4.2203 0.01 0.01 0.4956 0 0
62 316 806 0 0 0 0 0 1.0005 0 0.3196 -0.0994 0.313 0.3759 1.8389 0.9462 0.4602 0.5336 0.7669 9.2185 0.5568 0.2049 0.645 0.826 4.1597 -0.0237 0.0237 0.5896 0 0
62 317 824 0 0 0 0 0 1.0006 0 0.6049 0.0414 0.2548 0.2864 1.6139 0.9665 0.0591 0.3001 0.4147 6.3013 0.6804 0.0245 0.5745 0.7529 4.1324 -0.0785 0.0785 0.5925 0 0
62 318 809 0 0 0 0 0 1.0004 0 0.9463 -0.1756 0.2525 0.2678 1.8606 0.9773 0.5077 0.7733 1.1118 13.3595 0.6492 -0.0451 0.604 0.7354 4.2987 0.1483 0.1483 0.5492 0 0
62 319 832 0 0 0 0 0 1.0007 0 0.6618 -0.1558 0.2913 0.3454 1.9883 0.9049 0.0303 0.5551 0.7608 8.1688 0.6189 0.1571 0.5897 0.7325 4.2804 -0.1685 0.1685 0.732 0 0
62 320 841 1 0 0 0 0 1.0006 0 0.455 -0.0502 0.2276 0.2899 1.6142 0.9814 0.0554 0.3698 0.4593 7.9133 0.6904 0.0124 0.6065 0.7965 4.1506 0.0118 0.0118 0.5511 1 0
62 321 816 0 0 0 0 0 1.0009 0 0.1002 -0.0101 0.2446 0.327 1.1991 0.9686 0.1984 0.2719 0.3457 3.1028 0.6843 0.2534 0.6123 0.785 4.1225 -0.1313 0.1313 0.57 0 0
62 322 852 0 0 0 0 0 1.0006 0 0.6411 -0.1237 0.1795 0.2143 1.1975 0.9914 0.2 0.2844 0.3395 6.0095 0.6631 0.1201 0.5874 0.7228 4.1359 0.0215 0.0215 0.4887 0 0
62 323 805 0 0 0 0 0 1.0006 0 0.6187 -0.1282 0.1979 0.2235 1.1895 0.9767 -0.1476 0.3588 0.5429 6.5878 0.6905 -0.114 0.6286 0.7947 4.4106 0.1989 0.1989 0.5241 0 0
62 324 842 0 0 0 0 0 1.0009 0 0.498 -0.2269 0.2728 0.313 1.3985 0.9769 -0.2038 0.6175 0.8614 10.4681 0.654 0.1386 0.5562 0.7147 4.1814 0.0197 0.0197 0.5821 0 0
62 325 842 0 0 0 0 0 1.0003 0 0.7829 -0.1541 0.1977 0.2316 1.2679 0.9494 -0.3218 0.4701 0.5998 4.5851 0.6966 -0.1694 0.6253 0.7779 4.3682 0.1914 0.1914 0.4514 0 0
62 326 843 0 0 0 0 0 1.0009 0 0.6609 -0.1554 0.239 0.2995 1.357 0.9842 0.5568 0.6592 0.9527 14.1292 0.6697 0.0085 0.5108 0.6792 4.2689 -0.2019 0.2019 0.5922 0 0
62 327 891 0 0 0 0 0 1.0006 0 0.1563 -0.0823 0.3441 0.4054 1.4991 0.9626 0.233 0.3786 0.4484 3.5431 0.7322 0.2162 0.5681 0.7239 4.1316 0.1388 0.1388 0.4491 0 0
62 328 832 0 0 0 0 0 1.0003 0 0.4664 -0.1807 0.1807 0.307 1.1209 0.9895 -0.0541 0.2212 0.2804 3.1765 0.7272 -0.0783 0.4971 0.6539 4.1953 -0.2027 0.2027 0.5631 0 0
62 329 927 27 0 0 0 0 1.0016 0 0.5553 0.0246 0.2345 0.2485 1.3702 0.9664 -0.2152 0.3417 0.3893 5.0274 0.6675 -0.1854 0.6346 0.8091 4.5984 0.1751 0.1751 0.5798 1 0
62 330 811 25 0 0 0 0 1.0003 0 -0.4243 -0.1551 0.2938 0.3194 1.3967 0.9871 -0.2575 0.3312 0.3958 4.638 0.6612 -0.2774 0.6534 0.8354 4.424 0.1746 0.1746 0.5625 1 0
62 331 820 0 0 0 0 0 1.0005 0 0.4624 0.1196 0.2761 0.3065 1.3678 0.9722 0.1353 0.2254 0.2852 2.5573 0.7368 0.0036 0.5574 0.7195 4.0794 -0.1085 0.1085 0.5299 0 0
62 332 787 0 0 0 0 0 1.0003 0 0.8976 0.0334 0.24 0.2749 1.619 0.9289 1.1745 1.3098 2.7853 36.961 0.7389 0.0308 0.5509 0.704 4.1634 0.0337 0.0337 0.4919 0 0
62 333 816 0 0 0 0 0 1.0002 0 0.3667 0.307 0.3197 0.4425 1.5249 0.965 -0.1082 0.2671 0.3313 2.8604 0.7169 -0.1153 0.5929 0.7617 4.1507 0.0532 0.0532 0.4489 0 0
62 334 1094 15 0 0 0 0 1.0004 0 0.8719 -0.0812 0.1181 0.1665 1.1542 0.9881 -0.0037 0.2011 0.2502 4.3599 0.6701 -0.0549 0.6179 0.7941 4.5755 0.1698 0.1698 0.6209 1 0
62 335 826 0 0 0 0 0 1.0008 0 0.5867 -0.1148 0.1908 0.2457 1.4737 0.9563 0.4742 0.5755 0.8181 11.6432 0.6603 0.0863 0.6031 0.7595 4.3078 -0.3517 0.3517 0.7409 0 0
62 336 907 0 0 0 0 0 1.0004 0 -0.2757 -0.0546 0.2291 0.2889 1.2229 0.9883 -0.3554 0.397 0.4637 6.7459 0.7495 -0.1133 0.5822 0.7512 4.2738 -0.0242 0.0242 0.6106 0 0
62 337 799 0 0 0 0 0 1.0004 0 0.3515 -0.0474 0.2437 0.3158 1.5076 0.9444 -0.269 0.3773 0.7622 9.034 0.5945 0.0298 0.6319 0.8181 4.257 -0.0588 0.0588 0.6055 0 0
62 338 859 0 0 0 0 0 1.0003 0 0.5545 0.0435 0.2991 0.3204 1.4018 0.9952 -0.0753 0.2014 0.2562 7.065 0.763 -0.1214 0.572 0.7443 4.1478 0.0243 0.0243 0.4636 0 0
62 339 871 0 0 0 0 0 1.0008 0 0.8866 0.0291 0.0981 0.1371 1.3185 0.9773 -0.0085 0.199 0.2587 3.7055 0.7408 -0.0194 0.5595 0.7074 4.0778 -0.0212 0.0212 0.4904 0 0
62 340 831 0 0 0 0 0 1.0002 0 0.7489 -0.0538 0.1465 0.1916 1.3087 0.9613 -0.0342 0.3558 0.5452 5.9882 0.7065 -0.0248 0.5826 0.7447 4.1317 -0.0423 0.0423 0.5743 0 0
62 341 818 0 0 0 0 0 1.0003 0 0.7863 -0.082 0.1686 0.21 1.3676 0.9414 -0.399 0.4502 0.9531 16.1259 0.6731 0.0665 0.6596 0.821 4.0726 -0.0253 0.0253 0.542 0 0
62 342 792 0 0 0 0 0 1.0007 0 0.5949 -0.0592 0.1656 0.2109 1.2323 0.9829 0.1439 0.2706 0.3459 3.6287 0.6675 0.0642 0.5724 0.7398 4.186 -0.0258 0.0258 0.5785 0 0
62 343 880 1 0 0 0 0 1.0003 0 0.9667 -0.232 0.232 0.2448 1.3045 0.9472 -0.0981 0.5549 0.7221 7.6629 0.6515 0.1227 0.604 0.758 4.4361 0.107 0.107 0.63 1 0
62 344 814 0 0 0 0 0 1.0007 0 0.3488 0.0719 0.3589 0.4306 1.4812 0.8327 -0.0372 0.5405 0.8687 11.8333 0.6948 -0.0855 0.5941 0.7518 4.0974 -0.0472 0.0472 0.5128 0 0
62 345 851 0 0 0 0 0 1.0009 0 0.7404 -0.1076 0.3307 0.3667 1.9886 0.9844 -0.0757 0.2188 0.2751 3.6187 0.7758 -0.0134 0.4831 0.6442 4.0573 -0.0099 0.0099 0.4256 0 0
62 346 804 0 0 0 0 0 1.0003 0 0.1854 -0.0388 0.1628 0.1895 1.2414 0.9757 -0.0425 0.1989 0.2552 2.3107 0.7425 -0.113 0.5193 0.6767 4.1269 -0.0991 0.0991 0.509 0 0
62 347 810 0 0 0 0 0 1.0002 0 0.4315 -0.0589 0.1652 0.1746 1.2482 0.9726 -0.0693 0.2619 0.3481 6.0512 0.6655 -0.0014 0.5869 0.8052 4.1775 -0.1487 0.1487 0.5704 0 0
62 348 858 0 0 0 0 0 1.0002 0 0.4768 -0.1063 0.1986 0.2439 1.426 0.9613 0.1753 0.3891 0.568 6.5473 0.7125 -0.0277 0.5912 0.774 4.3916 0.0189 0.0189 0.681 0 0
62 349 871 0 0 0 0 0 1.0003 0 0.7304 0.0498 0.2066 0.2561 1.3803 0.9623 0.1531 0.2447 0.3827 5.7125 0.7613 -0.0282 0.4945 0.6308 4.0965 0.0032 0.0032 0.5066 0 0
62 350 867 0 0 0 0 0 1.0006 0 0.4512 -0.0906 0.1538 0.2013 1.1798 0.9859 -0.0214 0.2139 0.2615 3.0124 0.7325 0.0266 0.5431 0.7122 4.125 -0.0546 0.0546 0.5281 0 0
62 351 809 0 0 0 0 0 1.0003 0 0.5994 0.0485 0.1867 0.2347 1.2793 0.9723 -0.0041 0.2143 0.2868 4.4184 0.6486 0.0238 0.5719 0.7444 4.06 -0.153 0.153 0.5247 0 0
62 352 863 0 0 0 0 0 1.0005 0 0.4851 -0.1285 0.2708 0.2846 1.3661 0.9607 0.1179 0.39 0.5343 5.3522 0.6344 -0.0409 0.6225 0.7933 4.3991 -0.127 0.127 0.593 0 0
62 353 799 0 0 0 0 0 1.0005 0 -0.1574 0.0758 0.2472 0.3135 1.533 0.9582 0.1073 0.2819 0.4039 5.3244 0.7107 0.0526 0.5637 0.7399 4.3153 0.0646 0.0646 0.5595 0 0
62 354 918 0 0 0 0 0 1.0007 0 0.8358 -0.1657 0.2302 0.2558 1.256 0.9841 -0.032 0.1767 0.2303 2.8734 0.7959 -0.1056 0.4716 0.5985 4.0385 -0.042 0.042 0.4438 0 0
62 355 868 0 0 0 0 0 1.0001 0 0.5575 0.1322 0.2171 0.2259 1.1827 0.9826 -0.0283 0.2454 0.2988 3.6786 0.7139 -0.0754 0.5948 0.7747 4.1183 -0.0087 0.0087 0.5028 0 0
62 356 899 0 0 0 0 0 1.0004 0 0.8382 -0.0406 0.1867 0.229 1.5365 0.9721 0.0291 0.2887 0.3757 5.293 0.6782 0.1306 0.5718 0.735 4.0325 -0.179 0.179 0.5139 0 0
62 357 851 0 0 0 0 0 1.0004 0 0.5349 -0.155 0.1733 0.267 1.2901 0.9865 0.0637 0.2767 0.425 5.4957 0.7069 -0.0806 0.6175 0.7894 4.1922 -0.1413 0.1413 0.6036 0 0
62 358 816 0 0 0 0 0 1.0004 0 0.5825 0.0059 0.2433 0.288 1.2718 0.9794 -0.4095 0.4301 0.4671 3.7663 0.7131 -0.3547 0.6284 0.7848 4.2908 0.075 0.075 0.5238 0 0
62 359 839 0 0 0 0 0 1.0003 0 0.5182 -0.0606 0.1287 0.1711 1.3236 0.9843 0.1639 0.3053 0.3597 4.408 0.7525 0.1425 0.5621 0.7093 4.1456 0.0409 0.0409 0.5368 0 0
62 360 786 0 0 0 0 0 1.0007 0 0.4601 -0.0086 0.2947 0.3525 1.3205 0.8835 -0.1806 0.5237 0.7947 10.6322 0.6913 0.0568 0.5984 0.7915 4.2468 0.1096 0.1096 0.5078 0 0
62 361 836 0 0 0 0 0 1.0002 0 0.9316 0.0168 0.1637 0.1928 1.3481 0.9885 -0.0942 0.2056 0.2377 4.1704 0.663 -0.1563 0.5804 0.7653 4.1929 -0.155 0.155 0.4989 0 0
62 362 833 0 0 0 0 0 1.0003 0 0.8862 0.0162 0.1784 0.2087 1.551 0.9486 0.1993 0.3778 0.5999 7.1518 0.6817 0.0665 0.5961 0.783 4.1435 -0.0167 0.0167 0.5568 0 0
62 363 836 0 0 0 0 0 1.0008 0 0.8735 -0.1204 0.1796 0.2595 1.3692 0.9468 0.0481 0.2847 0.3816 4.2679 0.7117 0.0093 0.5882 0.7658 4.2059 0.0209 0.0209 0.5772 0 0
62 364 808 1 0 0 0 0 1.0004 0 -0.1079 -0.2278 0.2619 0.3659 1.2553 0.9331 0.1063 0.6209 0.9788 11.2056 0.651 0.0064 0.5901 0.7553 4.3939 0.0833 0.0833 0.6485 1 0
62 365 834 0 0 0 0 0 1.0008 0 0.9576 -0.1059 0.126 0.1613 1.4597 0.9365 -0.4275 0.6953 1.2853 18.7931 0.6266 -0.0367 0.5999 0.7606 4.1629 -0.2997 0.2997 0.6411 0 0
62 366 796 0 0 0 0 0 1.0005 0 0.7415 -0.0923 0.1728 0.206 1.3175 0.9724 -0.0018 0.1865 0.2398 2.6781 0.6929 -0.0473 0.5431 0.7202 4.2399 -0.0396 0.0396 0.6623 0 0
62 367 844 0 0 0 0 0 1.0005 0 0.3193 -0.3574 0.3574 0.4667 1.3017 0.9733 -0.1856 0.7019 1.1072 14.5171 0.6226 -0.0172 0.5698 0.7301 4.2262 -0.0791 0.0791 0.6427 0 0
62 368 829 0 0 0 0 0 1.0016 0 0.6209 0.0241 0.3682 0.4724 1.6473 0.9247 0.4169 0.4982 0.7929 7.2498 0.6568 0.0388 0.585 0.7714 4.0998 -0.1221 0.1221 0.5363 0 0
62 369 841 0 0 0 0 0 1.0003 0 0.6068 -0.1373 0.1619 0.2779 1.3505 0.9835 0.3082 0.5536 0.887 14.5087 0.6956 -0.0064 0.6046 0.7577 4.3909 0.1234 0.1234 0.62 0 0
62 370 829 0 0 0 0 0 1.0003 0 0.3352 0.0061 0.2864 0.4154 1.5636 0.9642 0.218 0.3463 0.5584 5.9821 0.7063 0.0077 0.5454 0.6783 4.0923 -0.0977 0.0977 0.4899 0 0
62 371 844 2 0 0 0 0 1.0002 0 -0.002 -0.1261 0.2007 0.2674 1.2699 0.937 -0.0299 0.3744 0.4873 5.4144 0.7255 0.0656 0.5434 0.7083 4.472 0.0971 0.0971 0.6139 1 0
62 372 880 0 0 0 0 0 1.0003 0 0.7737 -0.1778 0.24 0.2733 1.3092 0.9492 0.0062 0.4746 0.6384 7.5302 0.6969 0.0808 0.5512 0.7248 4.2911 0.1548 0.1548 0.518 0 0
62 373 801 0 0 0 0 0 1.0004 0 -0.1271 -0.0505 0.2378 0.2988 1.4732 0.9832 0.1059 0.3114 0.3848 5.1817 0.7179 0.2062 0.5857 0.7313 4.2723 -0.1131 0.1131 0.623 0 0
62 374 9390 0 1 9000 229 232 17.265 226 0.5587 -0.3171 0.3171 0.3344 1.7743 0.3626 2010250.6579 4098055.3708 11373978.9337 161877033.3731 0.6463 0.0495 0.6712 0.8804 5.7861 -0.0997 0.0997 0.758 1 1
62 375 838 0 0 0 0 0 1.0007 0 -0.0308 -0.0669 0.3323 0.4002 1.3733 0.9594 -0.2302 0.5235 0.9427 12.1827 0.6848 -0.0107 0.5379 0.7092 4.1702 0.0703 0.0703 0.495 0 0
62 376 860 0 0 0 0 0 1.0002 0 0.4818 -0.013 0.2374 0.2786 1.208 0.9528 0.0499 0.3617 0.484 4.3956 0.7223 0.1261 0.5948 0.7598 4.236 0.0242 0.0242 0.5844 0 0
62 377 885 0 0 0 0 0 1.0003 0 0.9525 -0.2156 0.2156 0.2333 1.3216 0.9843 -0.1326 0.2897 0.3705 3.6463 0.7398 -0.0523 0.4755 0.6701 4.2427 0.1647 0.1647 0.5224 0 0
62 378 873 0 0 0 0 0 1.0003 0 0.6781 -0.2421 0.3101 0.3758 1.266 0.9677 0.0239 0.3089 0.457 4.8653 0.7047 -0.0775 0.5277 0.7171 4.2991 0.1332 0.1332 0.463 0 0
62 379 812 0 0 0 0 0 1.0002 0 0.7691 0.022 0.2008 0.2239 1.5525 0.984 0.0187 0.2736 0.3564 7.328 0.735 0.0194 0.5589 0.714 4.3015 0.1289 0.1289 0.4668 0 0
62 380 886 0 0 0 0 0 1.0003 0 0.5557 -0.1139 0.1914 0.2141 1.1847 0.9299 -0.0575 0.3945 0.6572 7.8076 0.6922 0.1639 0.5347 0.7119 4.1214 -0.1119 0.1119 0.5299 0 0
62 381 861 0 0 0 0 0 1.0007 0 0.0873 -0.132 0.2899 0.3207 1.259 0.9748 0.0458 0.3025 0.3571 3.8329 0.7394 0.0634 0.5179 0.6791 4.3698 0.1799 0.1799 0.4572 0 0
62 382 811 0 0 0 0 0 1.0003 0 0.8602 -0.016 0.1165 0.1414 1.3796 0.9754 -0.2754 0.3088 0.4128 4.0532 0.6875 -0.1759 0.6217 0.8161 4.3157 0.1636 0.1636 0.5189 0 0
62 383 842 0 0 0 0 0 1.0004 0 0.5743 0.213 0.3382 0.3502 1.2019 0.9699 0.349 0.3556 0.4442 2.629 0.7294 0.1392 0.5817 0.7504 4.1692 0.0422 0.0422 0.4804 0 0
62 384 857 0 0 0 0 0 1.0002 0 0.8424 0.0266 0.1228 0.1387 1.1801 0.9764 0.2203 0.2683 0.3542 3.0702 0.6971 0.057 0.5731 0.7687 4.1851 0.0477 0.0477 0.4774 0 0
62 385 909 0 0 0 0 0 1.0002 0 0.7837 -0.0721 0.2345 0.2668 1.4501 0.95 0.2486 0.3368 0.5562 6.8974 0.7817 0.1329 0.5149 0.6681 4.2603 0.1613 0.1613 0.4219 0 0
62 386 817 0 0 0 0 0 1.0006 0 0.5155 0.0886 0.293 0.4488 2.3514 0.9891 0.2813 0.2821 0.3183 2.3034 0.6687 0.1446 0.6087 0.7873 4.1129 -0.0916 0.0916 0.5017 0 0
62 387 839 0 0 0 0 0 1.0007 0 0.434 -0.053 0.222 0.2649 1.482 0.959 0.0827 0.2825 0.4472 7.7362 0.617 0.0339 0.6337 0.8067 4.1946 -0.0713 0.0713 0.5837 0 0
62 388 856 0 0 0 0 0 1.0011 0 -0.5413 0.0242 0.1424 0.1897 1.1952 0.974 0.0921 0.2735 0.3892 6.5364 0.655 0.1017 0.5919 0.7493 4.2611 0.0428 0.0428 0.607 0 0
62 389 963 19 0 0 0 0 1.0009 0 0.8722 -0.2638 0.2638 0.3266 1.0683 0.9813 -0.0985 0.4137 0.5123 5.2577 0.7251 -0.067 0.5769 0.7485 4.6011 0.2556 0.2556 0.5739 1 0
62 390 899 0 0 0 0 0 1.0002 0 0.6222 0.2259 0.2723 0.2954 1.4134 0.9639 -0.1139 0.2984 0.3639 2.6939 0.7812 -0.205 0.6088 0.7674 4.0382 -0.2137 0.2137 0.4618 0 0
62 391 856 0 0 0 0 0 1.0006 0 0.1395 0.0237 0.203 0.2762 1.3651 0.9888 0.3434 0.3512 0.4371 2.7952 0.7571 0.0909 0.5637 0.7117 4.2619 0.1083 0.1083 0.5116 0 0
62 392 836 0 0 0 0 0 1.0006 0 0.0289 -0.0263 0.1117 0.1721 1.2343 0.9854 -0.1344 0.2725 0.3437 5.7292 0.7628 0.0132 0.6506 0.8091 4.2076 0.0668 0.0668 0.508 0 0
62 393 886 0 0 0 0 0 1.0005 0 0.224 -0.2568 0.3217 0.4362 1.2744 0.9887 0.0317 0.3124 0.435 5.1266 0.6986 -0.0498 0.5543 0.7061 4.4174 0.204 0.204 0.4844 0 0
62 394 869 0 0 0 0 0 1.0009 0 0.7664 -0.112 0.2171 0.2605 1.1825 0.9625 -0.1506 0.2767 0.3796 4.7143 0.7545 -0.0712 0.5851 0.7541 4.4615 0.2292 0.2292 0.4561 0 0
62 395 908 0 0 0 0 0 1.0002 0 0.9451 -0.0232 0.2236 0.2509 2.0011 0.9762 0.3423 0.4084 0.567 8.2156 0.7479 0.0969 0.5453 0.7154 4.2541 0.1135 0.1135 0.5113 0 0
62 396 849 0 0 0 0 0 1.0003 0 0.6339 0.1027 0.2469 0.3 1.4883 0.9395 -0.3063 0.4488 0.5564 3.6297 0.7121 -0.1089 0.5866 0.7375 4.2698 0.1104 0.1104 0.4303 0 0
62 397 805 5 0 0 0 0 1.0004 0 -0.4144 -0.0792 0.2295 0.299 1.3245 0.9234 0.1775 0.4326 0.6123 5.7354 0.6768 0.0812 0.6342 0.7881 4.5983 0.18 0.18 0.6094 1 0
62 398 846 0 0 0 0 0 1.0008 0 0.9022 -0.0639 0.1074 0.1423 1.3952 0.9685 0.0471 0.2932 0.361 5.2166 0.6677 0.0676 0.6064 0.7841 4.482 0.1321 0.1321 0.575 0 0
62 399 845 0 0 0 0 0 1.0003 0 0.6679 -0.0755 0.1825 0.205 1.1115 0.9146 -0.1975 0.3989 0.7099 8.5964 0.6739 -0.0665 0.5844 0.7409 4.3124 0.1067 0.1067 0.4955 0 0
62 400 808 0 0 0 0 0 1.0006 0 0.7756 -0.0661 0.2037 0.2398 1.9777 0.9226 0.2074 0.5425 0.8936 14.1037 0.5407 -0.1459 0.6667 0.8556 4.201 -0.2507 0.2507 0.6751 0 0
62 401 774 0 0 0 0 0 1.0004 0 -0.1525 0.0134 0.2869 0.3052 1.424 0.9726 0.1977 0.2744 0.4707 5.5405 0.6191 0.0592 0.593 0.7809 4.1173 -0.2076 0.2076 0.6171 0 0
62 402 763 0 0 0 0 0 1.0005 0 0.2776 -0.1752 0.3277 0.3606 1.4753 0.9598 0.4758 0.7074 1.0974 12.6453 0.6377 0.0517 0.6158 0.7798 4.3333 -0.0195 0.0195 0.7054 0 0
62 403 853 0 0 0 0 0 1.0002 0 0.5771 -0.0729 0.2063 0.3023 1.1932 0.9873 0.0038 0.186 0.2404 4.2445 0.7129 -0.0052 0.5296 0.676 4.0724 -0.2507 0.2507 0.5099 0 0
62 404 846 0 0 0 0 0 1.0006 0 0.0214 -2e-04 0.2898 0.3114 1.3902 0.9706 0.2019 0.4172 0.5699 7.0738 0.6863 0.0684 0.604 0.756 4.1524 -0.2593 0.2593 0.5649 0 0
62 405 822 1 0 0 0 0 1.0003 0 0.4822 -0.1707 0.1849 0.2648 1.3038 0.9661 0.1476 0.3723 0.4077 4.5944 0.7376 0.1986 0.5845 0.7454 4.4224 0.1791 0.1791 0.5333 1 0
62 406 864 0 0 0 0 0 1.0005 0 0.607 -0.0924 0.1703 0.2071 1.5798 0.9833 -0.0174 0.2919 0.3762 4.6891 0.7163 0.0058 0.5786 0.7282 4.1687 0.028 0.028 0.5313 0 0
62 407 886 0 0 0 0 0 1.0004 0 0.9035 0.0064 0.1023 0.1221 1.1287 0.9854 0.0822 0.1719 0.2182 2.6774 0.7967 0.1371 0.5447 0.6983 4.4913 0.2173 0.2173 0.4596 0 0
62 408 864 0 0 0 0 0 1.0007 0 0.4076 -0.2567 0.2631 0.3148 1.3642 0.9781 -0.0703 0.4917 0.6449 7.8914 0.6549 -0.1189 0.5944 0.7559 4.4068 0.1417 0.1417 0.6125 0 0
62 409 868 0 0 0 0 0 1.0004 0 0.5104 -0.1441 0.218 0.2581 1.1394 0.9743 -0.0504 0.2858 0.3683 3.7902 0.6983 -0.0185 0.5613 0.7234 4.3389 -0.14 0.14 0.6428 0 0
62 410 882 0 0 0 0 0 1.0007 0 0.2241 0.0969 0.1943 0.3113 1.7064 0.9699 0.0296 0.2202 0.279 3.1841 0.7151 -0.0125 0.5663 0.7057 4.1871 0.0755 0.0755 0.6069 0 0
62 411 856 0 0 0 0 0 1.0002 0 -0.0675 -0.0488 0.2389 0.2888 1.8057 0.9605 -0.0857 0.3383 0.3955 4.1662 0.67 -0.1085 0.6425 0.8108 4.1771 -0.1524 0.1524 0.5939 0 0
62 412 798 0 0 0 0 0 1.0005 0 0.485 -0.0859 0.1958 0.2333 1.6013 0.9737 0.0316 0.3531 0.4706 8.2483 0.7053 -0.0243 0.6094 0.7559 4.4831 0.0495 0.0495 0.6694 0 0
62 413 799 0 0 0 0 0 1.0006 0 0.8541 0.085 0.1782 0.2218 1.2703 0.9744 -0.1447 0.2495 0.3199 4.6432 0.7104 -0.0247 0.5638 0.7453 4.2018 0.0141 0.0141 0.5181 0 0
62 414 877 0 0 0 0 0 1.0005 0 0.3851 -0.0213 0.2711 0.319 1.327 0.9814 0.2082 0.2759 0.3445 2.9408 0.7585 0.0794 0.5099 0.6544 4.2544 0.1384 0.1384 0.452 0 0
62 415 892 0 0 0 0 0 1.0012 0 0.8776 0.0423 0.121 0.1449 1.2223 0.9833 0.2424 0.2544 0.2918 2.1145 0.7076 0.2729 0.5639 0.7738 4.5077 0.2241 0.2241 0.4145 0 0
62 416 844 0 0 0 0 0 1.0002 0 0.6539 -0.119 0.193 0.212 1.185 0.9706 0.4189 0.5079 0.794 11.1121 0.703 0.1165 0.5317 0.7002 4.2495 -0.0757 0.0757 0.6776 0 0
62 417 852 0 0 0 0 0 1.0007 0 0.6433 0.077 0.2628 0.3037 1.2453 0.9116 0.2953 0.5671 0.7952 7.168 0.7212 0.1948 0.5767 0.7516 4.4634 0.0459 0.0459 0.4954 0 0
62 418 1426 1592 0 0 0 21 1.0123 5 0.7705 -0.3075 0.3075 0.3351 1.1887 0.8123 0.5736 1.1311 2.0888 27.2445 0.6656 -0.4351 0.7093 0.9018 6.3443 0.361 0.361 0.7586 1 1
62 419 846 0 0 0 0 0 1.0003 0 0.4538 -0.0542 0.2804 0.304 1.191 0.9798 0.0788 0.2772 0.358 4.5996 0.7735 0.0871 0.5443 0.7106 4.3124 0.1211 0.1211 0.4495 0 0
62 420 866 0 0 0 0 0 1.0003 0 0.5779 0.2003 0.2557 0.3537 1.4248 0.9819 -0.0361 0.1981 0.2435 2.503 0.7971 0.0417 0.5157 0.696 4.1924 -0.1016 0.1016 0.4886 0 0
62 421 801 0 0 0 0 0 1.0005 0 0.2141 -0.0578 0.2452 0.2973 1.6231 0.9634 -0.0425 0.3206 0.6005 6.3775 0.6892 0.0062 0.5573 0.7246 4.0644 -0.1653 0.1653 0.5593 0 0
62 422 825 0 0 0 0 0 1.0002 0 0.9153 0.0468 0.1715 0.1922 1.3756 0.9353 -0.3277 0.4978 1.0241 17.6071 0.7031 0.1306 0.594 0.7729 4.2342 -0.0426 0.0426 0.5705 0 0
62 423 829 0 0 0 0 0 1.0003 0 0.8755 -0.1873 0.1873 0.2522 1.1467 0.9874 0.0908 0.2569 0.3135 4.8189 0.7449 0.0293 0.5448 0.7032 4.3436 0.146 0.146 0.4655 0 0
62 424 839 0 0 0 0 0 1.0001 0 -0.7705 -0.2062 0.2225 0.385 1.0959 0.9321 -0.3632 0.5782 1.1533 13.296 0.6013 -0.0642 0.5736 0.7748 4.362 0.1035 0.1035 0.5608 0 0
62 425 845 0 0 0 0 0 1.0005 0 0.8159 -0.0475 0.1856 0.2726 1.4158 0.9519 1.135 1.2437 2.6327 35.0457 0.6938 0.0243 0.5681 0.7409 4.1446 0.0501 0.0501 0.5348 0 0
62 426 780 0 0 0 0 0 1.0009 0 0.5476 0.1112 0.3165 0.4011 1.8549 0.9704 -0.0941 0.2409 0.3284 5.0905 0.6674 -0.1773 0.6216 0.8086 4.1496 -0.0926 0.0926 0.5234 0 0
62 427 816 0 0 0 0 0 1.0007 0 0.6349 0.139 0.2517 0.3194 1.6282 0.962 0.1935 0.3355 0.3817 4.0771 0.7042 0.1343 0.6109 0.7794 4.1367 -0.1087 0.1087 0.5439 0 0
62 428 786 0 0 0 0 0 1.0004 0 -0.0981 -0.0276 0.2288 0.3237 1.8441 0.9734 0.1116 0.348 0.4513 4.7284 0.6848 0.0159 0.5488 0.6989 4.1229 -0.0406 0.0406 0.5623 0 0
62 429 753 0 0 0 0 0 1.0004 0 0.385 -0.1007 0.2437 0.2802 1.7391 0.9643 -0.1982 0.4157 0.6062 12.0017 0.6083 0.0369 0.6072 0.7905 4.1805 -0.1036 0.1036 0.6275 0 0
62 430 825 1 0 0 0 0 1.0007 0 0.3781 0.008 0.2889 0.3349 1.5867 0.9813 -0.4044 0.4414 0.5344 4.5622 0.682 -0.2848 0.6622 0.8256 4.361 -0.0144 0.0144 0.61 1 0
62 431 852 0 0 0 0 0 1.0004 0 0.8831 -0.2098 0.2098 0.2442 1.4891 0.9842 -0.1164 0.4904 0.6353 9.0243 0.6719 0.0698 0.5783 0.7703 4.3648 -0.2338 0.2338 0.6702 0 0
62 432 876 0 0 0 0 0 1.0003 0 0.8018 -0.0579 0.0906 0.1119 1.1618 0.9772 0.1302 0.2391 0.3179 4.5854 0.7229 0.1609 0.5867 0.7891 4.1458 0.005 0.005 0.5181 0 0
62 433 854 0 0 0 0 0 1.0007 0 0.6018 -0.1443 0.319 0.3447 1.7171 0.9731 0.2023 0.4884 0.7004 9.4102 0.6503 -0.1138 0.5988 0.7594 4.2833 0.0025 0.0025 0.594 0 0
62 434 837 0 0 0 0 0 1.0007 0 0.7791 0.078 0.1091 0.1478 1.2155 0.9868 -0.1835 0.201 0.2625 2.4177 0.7248 -0.0494 0.558 0.7269 4.0227 -0.0882 0.0882 0.5012 0 0
62 435 800 0 0 0 0 0 1.0005 0 0.4119 -0.1213 0.2002 0.2172 1.4304 0.9795 -0.0378 0.3008 0.5029 7.6742 0.6018 0.1162 0.6026 0.7872 4.1138 -0.3108 0.3108 0.676 0 0
62 436 852 0 0 0 0 0 1.0002 0 0.7854 0.0678 0.1425 0.2089 1.6597 0.9877 0.0177 0.1385 0.1985 2.9034 0.7523 0.0013 0.5299 0.6655 4.1339 -0.1621 0.1621 0.5058 0 0
62 437 774 0 0 0 0 0 1.0008 0 0.6723 0.0777 0.1355 0.1876 1.4925 0.975 -0.2582 0.3221 0.3624 4.006 0.7338 -0.0935 0.5701 0.7224 4.2065 -0.1574 0.1574 0.591 0 0
62 438 829 0 0 0 0 0 1.0002 0 -0.0622 -0.1844 0.2738 0.3247 1.3815 0.9864 0.1999 0.3302 0.4404 6.0093 0.7687 0.1239 0.568 0.7286 4.1252 -0.0116 0.0116 0.5649 0 0
62 439 832 0 0 0 0 0 1.0001 0 0.8019 -0.1351 0.1983 0.2079 1.2914 0.9712 0.2106 0.3805 0.4543 5.6359 0.6577 0.1364 0.5574 0.7233 4.1054 -0.2256 0.2256 0.5761 0 0
62 440 824 0 0 0 0 0 1.0005 0 -0.2872 -0.0466 0.2401 0.3076 1.5195 0.9545 -0.3657 0.466 0.6374 6.336 0.6729 -0.0867 0.6648 0.8759 4.1925 -0.045 0.045 0.6186 0 0
62 441 855 0 0 0 0 0 1.0001 0 0.5791 -0.0629 0.1709 0.2394 1.3109 0.954 -0.0872 0.2885 0.3268 2.1104 0.7793 -0.034 0.5148 0.6482 4.3738 0.1664 0.1664 0.4713 0 0
62 442 1153 1016 0 0 0 83 1.0227 40 0.9394 -0.381 0.381 0.4258 1.1878 0.9866 0.2928 0.8092 0.9384 10.7159 0.6953 0.0283 0.56 0.7187 5.6766 0.1681 0.1681 0.8976 1 1
62 443 835 0 0 0 0 0 1.0007 0 0.6147 -0.0041 0.2191 0.2628 1.8509 0.9801 -0.0851 0.3021 0.401 6.6677 0.6333 -0.0057 0.6218 0.7947 4.1183 -0.2528 0.2528 0.5545 0 0
62 444 848 0 0 0 0 0 1.0008 0 0.4907 -0.0584 0.3512 0.3879 2.0186 0.9644 0.4876 0.7071 1.1133 13.347 0.618 -0.0277 0.5825 0.7423 4.1686 0.0089 0.0089 0.5534 0 0
62 445 828 0 0 0 0 0 1.0006 0 0.2362 -0.2153 0.2517 0.2958 1.1908 0.992 -0.1742 0.2801 0.3754 5.4267 0.6862 -0.0761 0.5797 0.7555 4.6743 0.2416 0.2416 0.4892 0 0
62 446 821 0 0 0 0 0 1.0002 0 0.3477 -0.0031 0.1484 0.186 1.4611 0.9915 0.2523 0.3071 0.4176 5.9002 0.621 0.1877 0.6145 0.7727 4.5301 -0.237 0.237 0.6954 0 0
62 447 850 0 0 0 0 0 1.0004 0 -0.1104 -0.1178 0.1601 0.2147 1.1311 0.9416 0.1949 0.3847 0.5724 8.0442 0.6445 -0.0103 0.5751 0.7732 4.1964 0.0314 0.0314 0.615 0 0
62 448 911 0 0 0 0 0 1.0005 0 0.658 -0.051 0.1809 0.1988 1.1052 0.9881 -0.0266 0.1908 0.2317 3.3635 0.7745 0.0096 0.5251 0.659 4.2624 -0.0242 0.0242 0.5018 0 0
62 449 856 0 0 0 0 0 1.0011 0 0.7297 -0.052 0.1886 0.1972 1.1492 0.9559 0.0525 0.2677 0.4162 6.0487 0.7414 -0.0132 0.5098 0.6706 4.2069 0.129 0.129 0.4472 0 0
62 450 784 0 0 0 0 0 1.0003 0 0.0415 -0.0623 0.1896 0.2606 1.3976 0.9682 0.0083 0.3871 0.5309 6.5474 0.5957 -0.1197 0.6457 0.8251 4.4222 0.1537 0.1537 0.5557 0 0
62 451 1041 44 0 0 0 0 1.0004 0 -0.6265 0.0234 0.1777 0.2051 1.2572 0.9735 0.1891 0.2638 0.314 3.191 0.617 0.2117 0.6659 0.8516 4.775 0.2797 0.2797 0.6141 1 0
62 452 829 0 0 0 0 0 1.0008 0 0.6214 0.0152 0.2024 0.234 1.2998 0.9513 -0.0671 0.3277 0.4623 6.4361 0.6265 0.02 0.6347 0.8131 4.1702 -0.1435 0.1435 0.5765 0 0
62 453 902 0 0 0 0 0 1.0004 0 0.7904 0.0432 0.2173 0.2598 1.8271 0.9741 -0.0434 0.2043 0.2829 3.2348 0.7844 -0.0464 0.5298 0.6984 4.106 -0.0086 0.0086 0.4687 0 0
62 454 888 0 0 0 0 0 1.0004 0 0.5847 -0.1612 0.1808 0.2355 1.1126 0.9852 -0.1147 0.315 0.4512 6.3311 0.7825 0.0599 0.5026 0.6699 4.2616 0.0946 0.0946 0.4428 0 0
62 455 866 0 0 0 0 0 1.0006 0 0.9511 0.021 0.1006 0.1248 1.503 0.9567 0.0608 0.2985 0.4661 9.3293 0.7124 -0.0734 0.5441 0.7189 4.3736 -0.0293 0.0293 0.6136 0 0
62 456 853 0 0 0 0 0 1.0003 0 0.3993 0.0182 0.1795 0.2052 1.1494 0.9851 -0.4111 0.4171 0.5194 8.3765 0.6793 -0.0891 0.6176 0.7781 4.0809 -0.0129 0.0129 0.4766 0 0
62 457 742 0 0 0 0 0 1.0006 0 -6e-04 0.2427 0.3712 0.4573 1.6128 0.9552 0.159 0.2791 0.3807 2.3071 0.7169 4e-04 0.6135 0.7921 4.1273 -0.1097 0.1097 0.591 0 0
62 458 882 0 0 0 0 0 1.0006 0 0.1834 0.1315 0.2391 0.3107 1.4686 0.9607 0.1162 0.209 0.3092 3.2746 0.7409 -0.0126 0.5407 0.7036 4.3228 -0.1154 0.1154 0.6163 0 0
62 459 846 0 0 0 0 0 1.0004 0 0.2056 -0.0031 0.2716 0.3323 1.6028 0.8828 -0.0425 0.4869 0.7896 8.1401 0.5996 0.0045 0.6146 0.8015 4.509 -0.3925 0.3925 0.7091 0 0
62 460 866 0 0 0 0 0 1.0006 0 0.4389 -0.0508 0.222 0.2722 1.55 0.9566 0.0589 0.4141 0.5319 7.4656 0.6676 0.1884 0.5763 0.7403 4.1321 -0.069 0.069 0.5722 0 0
62 461 869 0 0 0 0 0 1.0003 0 0.2282 -0.0803 0.2679 0.3214 1.3158 0.9928 0.1127 0.2271 0.2713 5.2603 0.6712 -0.0871 0.631 0.8329 4.4394 0.2187 0.2187 0.4175 0 0
62 462 852 0 0 0 0 0 1.0003 0 0.8534 0.0046 0.1024 0.1264 1.1506 0.9954 0.14 0.1787 0.2213 4.8239 0.7101 0.0326 0.5884 0.745 4.2465 0.0626 0.0626 0.5483 0 0
62 463 809 0 0 0 0 0 1.0005 0 0.1309 -0.2605 0.3254 0.3932 1.3178 0.8987 0.4078 0.8221 1.4703 17.9592 0.6125 -0.0822 0.5569 0.7561 4.2657 -0.3871 0.3871 0.6571 0 0
62 464 837 0 0 0 0 0 1.0012 0 0.742 -0.1765 0.2393 0.2449 1.2907 0.961 -0.1998 0.5262 0.6786 9.9715 0.5445 -0.0992 0.5826 0.7644 4.3101 -0.3086 0.3086 0.6934 0 0
62 465 898 0 0 0 0 0 1.0004 0 0.0346 0.1105 0.1777 0.2157 1.2351 0.9874 0.1374 0.216 0.2601 3.1862 0.7064 0.1443 0.5779 0.7116 4.1278 -0.0219 0.0219 0.5626 0 0
62 466 889 0 0 0 0 0 1.0006 0 0.1338 -0.0582 0.163 0.1896 1.3066 0.9845 0.114 0.228 0.2867 3.9325 0.7561 0.1499 0.5676 0.72 4.1319 -0.116 0.116 0.5158 0 0
62 467 853 0 0 0 0 0 1.0001 0 0.8873 -0.1158 0.1348 0.1937 1.3743 0.9407 0.1598 0.5633 0.8856 11.5933 0.6727 0.0036 0.5309 0.6958 4.0967 -0.0419 0.0419 0.5401 0 0
62 468 834 0 0 0 0 0 1.0004 0 0.2764 -0.0262 0.2405 0.2806 1.3827 0.9501 0.0171 0.3108 0.4286 5.0463 0.7325 -0.0488 0.537 0.6909 4.2312 0.0379 0.0379 0.5673 0 0
62 469 866 17 0 0 0 0 1.0009 0 0.5675 -0.1777 0.1777 0.2065 1.169 0.9712 0.1759 0.4547 0.6136 6.9053 0.6649 0.0353 0.6694 0.862 4.4725 0.1278 0.1278 0.7225 1 0
62 470 834 0 0 0 0 0 1.0003 0 0.4148 0.023 0.1981 0.2698 1.4111 0.9688 0.0899 0.2356 0.2841 2.148 0.7282 0.0771 0.5911 0.7612 4.262 0.1196 0.1196 0.4722 0 0
62 471 786 0 0 0 0 0 1.0004 0 0.5515 -0.0289 0.1632 0.2159 1.4806 0.9859 -0.113 0.2289 0.3038 3.9738 0.6079 -0.0645 0.5958 0.794 4.3307 -0.0404 0.0404 0.5946 0 0
62 472 847 0 0 0 0 0 1.0004 0 0.728 0.08 0.1383 0.1816 1.3145 0.9836 -0.1644 0.2114 0.2582 3.6469 0.6887 -0.0221 0.5949 0.7769 4.1614 -0.1685 0.1685 0.6273 0 0
62 473 841 0 0 0 0 0 1.0008 0 0.5276 -0.1751 0.2258 0.2871 1.3611 0.958 0.3519 0.5478 1.1096 16.1512 0.6744 0.0735 0.5343 0.6944 4.3093 0.1477 0.1477 0.4978 0 0
62 474 852 0 0 0 0 0 1.0007 0 0.813 0.2378 0.3046 0.4229 1.7376 0.9705 -0.0376 0.2075 0.2585 2.5497 0.7625 0.0202 0.6396 0.8484 4.1025 -0.0639 0.0639 0.4813 0 0
62 475 837 0 0 0 0 0 1.0005 0 -0.079 -0.0507 0.4202 0.4616 2.1963 0.9497 0.3874 0.5794 0.9546 13.5455 0.5959 0.0784 0.6404 0.8525 4.2516 -0.2389 0.2389 0.6604 0 0
62 476 891 0 0 0 0 0 1.0008 0 0.7633 -0.0662 0.1766 0.2649 1.3199 0.9779 0.1742 0.2322 0.3183 4.2142 0.7544 0.0107 0.5041 0.6297 4.068 -0.1011 0.1011 0.4729 0 0
62 477 851 0 0 0 0 0 1.001 0 0.8897 -0.1163 0.2799 0.2894 1.4437 0.9439 0.8345 0.8404 1.5042 19.8857 0.7806 0.0304 0.5212 0.6948 4.3184 0.1582 0.1582 0.4219 0 0
62 478 905 1 0 0 0 0 1.0012 0 0.8315 -0.0772 0.2016 0.2122 1.2961 0.8907 -0.1743 0.5776 0.8176 12.4534 0.5695 -0.2574 0.6691 0.8693 4.2343 0.0938 0.0938 0.5675 1 0
62 479 1020 37 0 0 0 0 1.001 0 0.1738 -0.2749 0.3297 0.3807 1.3228 0.9295 -0.7609 0.8329 1.1241 13.5749 0.614 -0.1513 0.6179 0.8031 4.6798 0.2213 0.2213 0.7324 1 0
62 480 767 0 0 0 0 0 1.0006 0 0.249 0.0332 0.2667 0.2917 2.0596 0.9273 -0.1613 0.3919 0.5131 5.4602 0.6279 0.0634 0.6449 0.8221 4.168 -0.009 0.009 0.6178 0 0
62 481 820 0 0 0 0 0 1.0009 0 -0.1628 -0.0387 0.1626 0.2127 1.3414 0.9795 -0.1044 0.2722 0.3326 4.5855 0.6456 0.0449 0.5719 0.7455 4.1085 -0.1131 0.1131 0.6182 0 0
62 482 822 0 0 0 0 0 1.0011 0 0.6934 -0.2309 0.3027 0.3218 1.5175 0.9716 0.2943 0.6583 0.9629 11.1853 0.6722 0.01 0.5454 0.7193 4.4252 -0.1546 0.1546 0.665 0 0
62 483 831 0 0 0 0 0 1.0002 0 0.9373 -0.0415 0.2515 0.26 1.7995 0.9243 -0.3552 0.5604 0.9929 11.8173 0.6568 0.0146 0.5975 0.7651 4.1364 0.0092 0.0092 0.5439 0 0
62 484 825 0 0 0 0 0 1.001 0 0.7234 -0.2033 0.2282 0.256 1.3982 0.9648 -0.1413 0.6346 0.8379 9.5061 0.6142 0.0132 0.5812 0.7315 4.3129 -0.2327 0.2327 0.748 0 0
62 485 851 2 0 0 0 0 1.0008 0 0.7834 -0.2322 0.2653 0.3063 1.2673 0.9812 -0.3394 0.4547 0.683 10.3666 0.7028 0.0927 0.5848 0.7832 4.4507 0.1852 0.1852 0.5499 1 0
62 486 881 0 0 0 0 0 1.0004 0 0.9454 -0.1515 0.1936 0.2123 1.3242 0.9801 -0.2578 0.3854 0.5822 7.8146 0.7347 -0.1801 0.5544 0.7314 4.4264 0.2136 0.2136 0.4719 0 0
62 487 810 0 0 0 0 0 1.0007 0 0.4405 -0.1676 0.1891 0.2736 1.217 0.9817 -0.2177 0.3448 0.4039 3.6577 0.612 0.0221 0.593 0.7536 4.0969 -0.1917 0.1917 0.6172 0 0
62 488 851 0 0 0 0 0 1.0004 0 0.2848 -0.112 0.1864 0.2828 1.3744 0.9569 0.1664 0.3847 0.5912 9.4032 0.6382 0.0063 0.6114 0.8099 4.1142 -0.1092 0.1092 0.6209 0 0
62 489 854 0 0 0 0 0 1.0005 0 0.3609 0.1366 0.2492 0.3546 1.4849 0.9702 -0.0189 0.2144 0.266 2.4184 0.7239 0.0012 0.563 0.7174 4.0905 -0.1534 0.1534 0.4851 0 0
62 490 848 0 0 0 0 0 1.0009 0 0.8853 -0.138 0.2105 0.2303 1.3935 0.9423 -0.2679 0.4645 0.6752 8.2989 0.7617 -0.0204 0.5331 0.6658 4.371 0.0388 0.0388 0.607 0 0
62 491 852 0 0 0 0 0 1.0002 0 0.5537 -0.0503 0.2546 0.3018 1.496 0.9587 -0.1417 0.376 0.5159 6.1743 0.7034 -0.1142 0.558 0.7186 4.135 -0.0065 0.0065 0.5877 0 0
62 492 837 0 0 0 0 0 1.0005 0 0.7198 0.128 0.1495 0.2283 1.3939 0.9863 0.0343 0.1963 0.2331 2.3777 0.7368 0.0514 0.5808 0.7376 4.1894 0.048 0.048 0.4568 0 0
62 493 952 3 0 0 0 0 1.0028 0 0.0522 -0.2248 0.2453 0.3113 1.3043 0.9704 0.3125 0.6386 1.0982 15.3975 0.6353 0.1043 0.6277 0.7967 4.4705 -0.1765 0.1765 0.9005 1 0
62 494 800 0 0 0 0 0 1.0007 0 -0.2519 -0.0198 0.2744 0.3342 1.3012 0.981 -0.0438 0.1949 0.262 3.6336 0.7173 -0.0233 0.5615 0.7329 4.2148 0.0632 0.0632 0.5064 0 0
62 495 808 0 0 0 0 0 1.0002 0 0.964 -0.0016 0.1534 0.2064 1.8003 0.9766 0.117 0.2583 0.3262 3.1246 0.6823 0.039 0.5916 0.7881 4.0656 -0.0958 0.0958 0.4587 0 0
62 496 827 0 0 0 0 0 1.0008 0 0.775 -0.0452 0.1786 0.2161 1.2091 0.9766 -0.0217 0.1812 0.2179 2.9857 0.7184 -0.0446 0.5558 0.737 4.226 0.0732 0.0732 0.4301 0 0
62 497 869 0 0 0 0 0 1.0012 0 0.6198 -0.1161 0.2782 0.3031 1.751 0.9616 0.4985 0.6895 1.1513 16.4362 0.6352 0.0773 0.6092 0.7629 4.3436 -0.0515 0.0515 0.6874 0 0
62 498 877 0 0 0 0 0 1.0008 0 0.5224 -0.008 0.1633 0.1822 1.4135 0.9804 0.196 0.3157 0.3924 5.1214 0.6321 0.084 0.5868 0.7596 4.2732 -0.1002 0.1002 0.6621 0 0
62 499 756 0 0 0 0 0 1.001 0 0.2574 0.0981 0.325 0.4363 2.681 0.9781 -0.0331 0.2937 0.3582 7.3735 0.6273 -0.0474 0.6457 0.8309 4.1441 -0.1729 0.1729 0.6148 0 0
62 500 869 0 0 0 0 0 1.0003 0 0.817 -0.1264 0.2169 0.2679 1.3479 0.9308 0.0085 0.6729 1.1164 14.3096 0.7172 -0.0688 0.564 0.7474 4.3067 0.1656 0.1656 0.4792 0 0
