cond r run.time ndiv nbfmi ntree nbulk ntail maxRhat nRhat beta.cor beta.bias beta.abbias beta.rmse beta.CI theta.cor theta.bias theta.abbias theta.rmse theta.CI lambda.bias lambda.abbias lambda.CI corrupt efficiency
31 1 1210 0 0 0 0 0 1.0001 0 0.9515 -0.0761 0.2559 0.3172 1.6514 0.8196 -0.0813 0.4138 0.5812 4.0453 -0.0354 0.0354 0.3117 0 0
31 2 1241 0 0 0 0 0 1.0003 0 0.9896 -0.0265 0.1283 0.157 1.8689 0.8573 -0.0637 0.4136 0.534 4.1417 -0.028 0.028 0.3304 0 0
31 3 1275 0 0 0 0 0 1.0003 0 0.9786 0.0663 0.1905 0.2456 1.6243 0.8349 0.0365 0.4076 0.5676 4.0511 0.0215 0.0215 0.2931 0 0
31 4 1192 0 0 0 0 0 1.0014 0 0.9734 0.001 0.266 0.3468 2.7595 0.7881 -0.0465 0.4408 0.591 4.0622 0.1161 0.1161 0.3203 0 0
31 5 1215 0 0 0 0 0 1.0014 0 0.9869 -0.1608 0.1905 0.2251 1.8354 0.8053 -0.1186 0.4092 0.5647 4.0364 0.0029 0.0029 0.3005 0 0
31 6 1248 0 0 0 0 0 1.0001 0 0.9912 -0.0424 0.1343 0.1651 1.6197 0.8691 -0.0217 0.4055 0.5353 4.0094 0.0915 0.0915 0.2844 0 0
31 7 1269 0 0 0 0 0 1.0006 0 0.9693 -0.0866 0.218 0.3143 1.9339 0.8632 -0.0198 0.3686 0.4934 4.0227 0.0241 0.0241 0.3057 0 0
31 8 1216 0 0 0 0 0 1.0004 0 0.9633 0.0253 0.2248 0.3572 2.2858 0.791 0.0613 0.4583 0.618 4.0039 0.0426 0.0426 0.2974 0 0
31 9 1244 0 0 0 0 0 1.0001 0 0.9859 -0.0202 0.1632 0.2095 1.3581 0.7993 0.0417 0.4329 0.6072 4.049 -0.0216 0.0216 0.2985 0 0
31 10 1260 0 0 0 0 0 1.0007 0 0.9832 -0.0154 0.1816 0.227 1.7252 0.8472 0.0176 0.4063 0.5369 4.0478 0.055 0.055 0.3149 0 0
31 11 1268 0 0 0 0 0 1.0007 0 0.983 0.1332 0.222 0.318 2.1193 0.828 0.0277 0.4465 0.608 4.0482 -0.0211 0.0211 0.3138 0 0
31 12 1227 0 0 0 0 0 1.0004 0 0.9775 -0.1714 0.2967 0.4525 2.4804 0.8064 -0.0021 0.4693 0.6017 4.0103 0.0382 0.0382 0.3216 0 0
31 13 1234 0 0 0 0 0 1.0005 0 0.9566 0.2238 0.2936 0.494 2.0851 0.8159 0.1069 0.4296 0.6055 4.0141 0.0328 0.0328 0.321 0 0
31 14 1239 0 0 0 0 0 1.0005 0 0.9651 -0.1257 0.2393 0.3793 2.0091 0.8051 0.0049 0.4632 0.6097 4.013 -0.0567 0.0567 0.3163 0 0
31 15 1251 0 0 0 0 0 1.0001 0 0.9826 0.0134 0.1765 0.2593 2.3424 0.8319 0.0395 0.4046 0.5528 4.0943 -0.0282 0.0282 0.3134 0 0
31 16 1230 0 0 0 0 0 1.0002 0 0.9735 0.0864 0.2127 0.2597 1.3969 0.8237 0.0493 0.4099 0.5663 4.038 0.1198 0.1198 0.2995 0 0
31 17 1240 0 0 0 0 0 1.0002 0 0.9806 -0.067 0.1938 0.2618 1.9279 0.8036 -0.007 0.4325 0.5849 3.9949 -0.0683 0.0683 0.3014 0 0
31 18 1232 0 0 0 0 0 1.0005 0 0.9779 0.0637 0.2442 0.3212 2.4488 0.8103 0.076 0.4416 0.6156 4.0394 0.0467 0.0467 0.304 0 0
31 19 1239 0 0 0 0 0 1.0008 0 0.9786 -0.0234 0.1529 0.1992 1.67 0.8298 -0.0149 0.4005 0.5328 4.0019 -0.0687 0.0687 0.2944 0 0
31 20 1222 0 0 0 0 0 1.0015 0 0.9679 0.0516 0.2177 0.271 2.0428 0.8412 0.0406 0.378 0.5152 4.0135 -0.0403 0.0403 0.3233 0 0
31 21 1229 0 0 0 0 0 1.0001 0 0.984 0.0409 0.1477 0.1853 1.6876 0.8261 0.0086 0.3888 0.5326 4.0319 -0.0029 0.0029 0.3042 0 0
31 22 1225 0 0 0 0 0 1.001 0 0.9655 0.0225 0.1846 0.2469 1.3348 0.8223 0.0362 0.3776 0.5296 4.0469 0.0412 0.0412 0.3332 0 0
31 23 1168 0 0 0 0 0 1.0007 0 0.9719 0.0171 0.1933 0.2712 1.4166 0.8189 4e-04 0.3857 0.5552 4.0038 0.1007 0.1007 0.3165 0 0
31 24 1231 0 0 0 0 0 1.0011 0 0.9752 0.0256 0.1766 0.227 1.4434 0.8098 -0.0583 0.4298 0.613 4.0976 0.1055 0.1055 0.3169 0 0
31 25 1274 0 0 0 0 0 1.0006 0 0.9813 -0.0152 0.1284 0.1756 1.2028 0.8624 -0.0188 0.3822 0.5139 4.0236 0.005 0.005 0.2971 0 0
31 26 1215 0 0 0 0 0 1.0003 0 0.9535 -0.0103 0.256 0.3871 1.6928 0.8496 0.0038 0.4115 0.5398 4.1125 0.0318 0.0318 0.3036 0 0
31 27 1193 0 0 0 0 0 1.0001 0 0.9859 -0.0944 0.1892 0.2323 1.6973 0.8403 -0.015 0.4016 0.5631 4.0398 -0.0223 0.0223 0.3025 0 0
31 28 1212 0 0 0 0 0 1.0003 0 0.979 0.0097 0.213 0.2492 1.6688 0.8117 -0.0287 0.4354 0.5794 3.9946 0.0333 0.0333 0.3033 0 0
31 29 1249 0 0 0 0 0 1.0004 0 0.9878 -0.0326 0.1868 0.2441 1.7073 0.8496 -0.038 0.3945 0.5237 4.037 -0.063 0.063 0.3035 0 0
31 30 1135 0 0 0 0 0 1.0002 0 0.9695 -0.1836 0.2806 0.4395 2.3182 0.7931 -0.0102 0.4547 0.5997 4.0444 -0.065 0.065 0.3119 0 0
31 31 1283 0 0 0 0 0 1.0003 0 0.9798 0.022 0.1392 0.1631 1.2389 0.877 -0.0019 0.3459 0.4693 4.1153 -0.0402 0.0402 0.3066 0 0
31 32 1242 0 0 0 0 0 1.0001 0 0.988 -0.0106 0.1298 0.1668 1.5792 0.8349 -0.0181 0.4029 0.5482 4.0432 -0.1718 0.1718 0.3162 0 0
31 33 1234 0 0 0 0 0 1.0004 0 0.9563 0.0615 0.2187 0.3179 2.089 0.8503 0.0264 0.4187 0.549 4.0393 0.0215 0.0215 0.3304 0 0
31 34 1289 0 0 0 0 0 1.0003 0 0.9571 0.0124 0.2084 0.2775 1.501 0.8266 0.0076 0.3978 0.5498 4.0057 0.0839 0.0839 0.2915 0 0
31 35 1259 0 0 0 0 0 1.0008 0 0.972 0.1456 0.2124 0.2695 1.9911 0.8409 0.0535 0.414 0.5364 4.0323 -0.2019 0.2019 0.3174 0 0
31 36 1279 0 0 0 0 0 1.0004 0 0.9496 -0.0078 0.2482 0.4727 2.2682 0.8612 -0.0949 0.4026 0.5402 4.0231 0.0403 0.0403 0.2692 0 0
31 37 1202 0 0 0 0 0 1.0003 0 0.9733 -0.0751 0.2218 0.2545 1.7349 0.8214 -0.0181 0.4065 0.5664 3.9847 0.0539 0.0539 0.277 0 0
31 38 1257 0 0 0 0 0 1.0002 0 0.9851 -0.0013 0.1592 0.2019 1.5801 0.8472 -0.0354 0.3883 0.5214 3.9997 0.0742 0.0742 0.2807 0 0
31 39 1216 0 0 0 0 0 1.0006 0 0.9738 0.0997 0.1876 0.2316 1.4592 0.8172 0.0777 0.431 0.582 4.0534 -0.0385 0.0385 0.3422 0 0
31 40 1227 0 0 0 0 0 1.0003 0 0.9803 -0.0232 0.1629 0.2078 1.2411 0.8177 0.0134 0.3996 0.5734 4.0058 0.0069 0.0069 0.2927 0 0
31 41 1207 0 0 0 0 0 1.0006 0 0.9758 -0.0847 0.1791 0.2291 1.3022 0.8352 -0.0657 0.3713 0.5108 4.0869 -0.0303 0.0303 0.3555 0 0
31 42 1186 0 0 0 0 0 1.0006 0 0.9792 -0.0266 0.1827 0.2298 1.5667 0.8014 -0.0024 0.4328 0.5879 4.021 -0.1247 0.1247 0.331 0 0
31 43 1075 0 0 0 0 0 1.0009 0 0.9417 -0.2592 0.3858 0.6416 2.8021 0.8058 -0.0702 0.4578 0.6244 4.0116 0.0253 0.0253 0.2984 0 0
31 44 1200 0 0 0 0 0 1.0004 0 0.9862 -0.1455 0.2202 0.2724 1.6942 0.8412 -0.1219 0.4344 0.5889 4.0618 0.009 0.009 0.3263 0 0
31 45 1241 0 0 0 0 0 1.001 0 0.966 -0.0313 0.1957 0.2425 1.3476 0.8014 -0.0215 0.4301 0.6098 4.0235 -0.0167 0.0167 0.3048 0 0
31 46 1245 0 0 0 0 0 1.0012 0 0.9473 0.1503 0.2516 0.3901 2.4413 0.7729 0.0471 0.4772 0.6627 3.9995 0.1181 0.1181 0.3192 0 0
31 47 1188 0 0 0 0 0 1.0002 0 0.9818 -0.0407 0.1705 0.229 1.705 0.8235 -0.0524 0.4052 0.5597 4.0291 -0.0767 0.0767 0.3226 0 0
31 48 1280 0 0 0 0 0 1.0009 0 0.9627 -0.1174 0.265 0.4475 2.715 0.7991 -0.0419 0.4334 0.5945 4.0333 -0.0475 0.0475 0.3489 0 0
31 49 1193 0 0 0 0 0 1.0007 0 0.9723 -0.092 0.1952 0.2608 1.6065 0.8362 -0.1172 0.4222 0.5584 4.045 0.0263 0.0263 0.303 0 0
31 50 1235 0 0 0 0 0 1.0008 0 0.9853 -0.086 0.1771 0.2189 1.8712 0.8171 -0.0623 0.44 0.5836 4.0683 -0.0133 0.0133 0.3034 0 0
31 51 1233 0 0 0 0 0 1.0005 0 0.973 -0.2156 0.2344 0.3107 1.6918 0.8287 -0.0889 0.4124 0.5513 4.0934 0.0014 0.0014 0.3026 0 0
31 52 1241 0 0 0 0 0 1.0003 0 0.9817 0.1405 0.2211 0.2739 1.614 0.8569 0.0836 0.414 0.5356 3.9799 -0.1078 0.1078 0.2923 0 0
31 53 1250 0 0 0 0 0 1.0001 0 0.9834 -0.003 0.2952 0.3804 2.1452 0.8254 0.0023 0.4307 0.5695 4.017 0.0236 0.0236 0.3055 0 0
31 54 1231 0 0 0 0 0 1 0 0.947 -0.2564 0.3001 0.5388 2.6291 0.8213 -0.1417 0.4411 0.5969 4.0526 0.0542 0.0542 0.3034 0 0
31 55 1251 0 0 0 0 0 1.0003 0 0.9813 -0.0947 0.2156 0.2776 1.5228 0.8495 -0.0822 0.3939 0.5046 3.9946 0.0523 0.0523 0.2927 0 0
31 56 1263 0 0 0 0 0 1.0003 0 0.9688 -0.1169 0.2045 0.2701 1.8701 0.8499 -0.0562 0.3935 0.5053 4.044 0.0335 0.0335 0.315 0 0
31 57 1280 0 0 0 0 0 1.0011 0 0.9905 0.0187 0.1427 0.1747 1.571 0.8566 -0.0012 0.3889 0.5148 4.0581 0.0123 0.0123 0.3128 0 0
31 58 1235 0 0 0 0 0 1.0001 0 0.965 0.0626 0.1832 0.2635 1.8259 0.8357 0.021 0.3845 0.4942 4.108 0.0721 0.0721 0.3418 0 0
31 59 1233 0 0 0 0 0 1.0008 0 0.97 0.1603 0.312 0.4152 2.007 0.8387 0.0745 0.4035 0.5327 4.0275 0.0231 0.0231 0.3068 0 0
31 60 1251 0 0 0 0 0 1.0008 0 0.9839 -0.0376 0.213 0.3407 1.8969 0.8235 0.0602 0.4588 0.6098 4.0075 -0.1219 0.1219 0.3046 0 0
31 61 1208 0 0 0 0 0 1.0003 0 0.9526 0.1686 0.3081 0.5364 2.7998 0.8328 0.0122 0.415 0.5684 4.0404 0.0623 0.0623 0.3232 0 0
31 62 1221 0 0 0 0 0 1.0011 0 0.9829 -0.0081 0.1956 0.2665 1.7229 0.8417 -0.058 0.415 0.548 3.9964 0.0499 0.0499 0.3099 0 0
31 63 1245 0 0 0 0 0 1.0008 0 0.9774 -0.0688 0.2024 0.2772 2.1315 0.8369 0.0078 0.4 0.5424 3.9803 0.1207 0.1207 0.2872 0 0
31 64 1204 0 0 0 0 0 1.0003 0 0.9846 -0.0662 0.2706 0.3753 2.6231 0.8263 0.0615 0.4555 0.5998 3.9835 -0.0928 0.0928 0.3146 0 0
31 65 1273 0 0 0 0 0 1.0001 0 0.9773 -0.122 0.1829 0.2206 1.1269 0.8678 -0.1349 0.3926 0.5332 3.9799 0.1402 0.1402 0.2717 0 0
31 66 1254 0 0 0 0 0 1.0002 0 0.9601 0.1838 0.2253 0.4298 2.5103 0.821 0.0748 0.4212 0.5678 4.0343 -0.0062 0.0062 0.3058 0 0
31 67 1216 0 0 0 0 0 1.0003 0 0.9868 -0.0141 0.1393 0.172 1.5564 0.8131 -0.0049 0.4111 0.5618 4.0171 0.1207 0.1207 0.289 0 0
31 68 1233 0 0 0 0 0 1.0001 0 0.9758 -0.032 0.1488 0.2354 1.5406 0.8133 0.0089 0.4079 0.5978 4.0236 -0.0735 0.0735 0.2846 0 0
31 69 1225 0 0 0 0 0 1.0018 0 0.9803 0.0625 0.1745 0.2111 1.2468 0.8452 0.0444 0.3917 0.5341 4.0771 0.051 0.051 0.3094 0 0
31 70 1067 0 0 0 0 0 1.0019 0 0.9531 0.1342 0.2454 0.4255 2.3298 0.8524 -0.0142 0.3981 0.5159 4.008 -0.0921 0.0921 0.3066 0 0
31 71 1257 0 0 0 0 0 1.0002 0 0.9769 0.0606 0.2061 0.2948 1.8221 0.8611 0.0666 0.3992 0.5212 4.0274 0.0751 0.0751 0.2915 0 0
31 72 1310 0 0 0 0 0 1.002 0 0.9747 0.0254 0.1661 0.2052 1.1162 0.8484 0.0022 0.3945 0.5764 4.046 0.1168 0.1168 0.2755 0 0
31 73 1232 0 0 0 0 0 1.0002 0 0.9854 -0.0568 0.2061 0.2626 1.7209 0.831 -0.1056 0.4164 0.5648 4.0516 0.1048 0.1048 0.2955 0 0
31 74 1244 0 0 0 0 0 1.0009 0 0.9664 0.0389 0.2089 0.331 2.4485 0.7891 -0.032 0.4443 0.5939 3.9949 -0.1384 0.1384 0.2938 0 0
31 75 1217 0 0 0 0 0 1.0001 0 0.9744 0.0433 0.2111 0.2767 1.561 0.7987 -0.0084 0.4646 0.6546 4.0169 -0.0991 0.0991 0.3151 0 0
31 76 1217 0 0 0 0 0 1.0006 0 0.9781 -0.0664 0.2105 0.3 2.0856 0.8118 -0.0666 0.4107 0.5565 3.9953 0.032 0.032 0.3011 0 0
31 77 1240 0 0 0 0 0 1.0002 0 0.979 0.0072 0.1457 0.2083 1.3692 0.8546 -0.0249 0.3836 0.5165 4.0339 -0.0115 0.0115 0.3029 0 0
31 78 1179 0 0 0 0 0 1.0001 0 0.9755 0.1254 0.2568 0.3598 2.3719 0.7989 0.0148 0.4606 0.6075 4.1151 0.0267 0.0267 0.3355 0 0
31 79 1227 0 0 0 0 0 1.0009 0 0.9811 -0.0159 0.2445 0.3114 1.9626 0.8212 -0.0334 0.401 0.5412 4.0306 -0.0355 0.0355 0.3226 0 0
31 80 1051 0 0 0 0 0 1.0004 0 0.9495 0.1171 0.2343 0.299 1.6071 0.7856 -0.0047 0.4709 0.6503 4.0108 -0.0742 0.0742 0.2961 0 0
31 81 1213 0 0 0 0 0 1.0005 0 0.9757 -0.0611 0.18 0.2297 1.4802 0.8257 -0.0036 0.4055 0.5491 4.0068 -0.0373 0.0373 0.3074 0 0
31 82 1246 0 0 0 0 0 1.0005 0 0.9838 0.0179 0.1566 0.197 1.5615 0.8435 -0.0321 0.4249 0.5837 4.0141 -0.0393 0.0393 0.2931 0 0
31 83 1188 0 0 0 0 0 1.0006 0 0.9754 0.0295 0.1688 0.2146 1.2269 0.8091 0.0081 0.425 0.5769 4.0761 0.048 0.048 0.3302 0 0
31 84 1119 0 0 0 0 0 1.0016 0 0.9613 0.1072 0.2089 0.3876 2.4255 0.8309 0.0374 0.4344 0.5761 4.0252 -0.0453 0.0453 0.2857 0 0
31 85 1254 0 0 0 0 0 1.0001 0 0.9923 -0.0894 0.1346 0.1815 1.7686 0.8185 -0.0612 0.4471 0.605 4.0043 0.1048 0.1048 0.2955 0 0
31 86 1273 0 0 0 0 0 1.0004 0 0.9883 0.0404 0.1258 0.1576 1.1744 0.8587 0.0205 0.3841 0.5392 4.0412 0.1508 0.1508 0.2927 0 0
31 87 1217 0 0 0 0 0 1.0006 0 0.9812 0.1561 0.2874 0.3825 2.4504 0.8013 0.1231 0.4483 0.6054 4.0765 -0.0147 0.0147 0.3285 0 0
31 88 1233 0 0 0 0 0 1.0001 0 0.9711 -0.1416 0.2365 0.3004 2.0726 0.8174 -0.0735 0.4327 0.5793 3.982 0.0744 0.0744 0.2902 0 0
31 89 1254 0 0 0 0 0 1.0004 0 0.9731 -0.0775 0.2372 0.3478 2.0493 0.8326 -0.0074 0.417 0.5698 4.0164 -0.0511 0.0511 0.2722 0 0
31 90 1200 0 0 0 0 0 1.0005 0 0.9724 0.3075 0.31 0.4451 2.5461 0.8229 0.1679 0.4363 0.5637 4.0155 -0.0048 0.0048 0.3151 0 0
31 91 1134 0 0 0 0 0 1.0007 0 0.9699 -0.0582 0.1957 0.2578 2.3596 0.7704 -0.0132 0.4564 0.5976 4.034 0.1006 0.1006 0.3232 0 0
31 92 1258 0 0 0 0 0 1.0005 0 0.9527 0.0291 0.2498 0.3415 2.7611 0.8134 -0.0139 0.4132 0.5648 4.019 0.0641 0.0641 0.3 0 0
31 93 1219 0 0 0 0 0 1.0001 0 0.9633 0.0209 0.1777 0.2448 1.1159 0.8244 0.0388 0.4023 0.5572 4.0054 0.0389 0.0389 0.2973 0 0
31 94 1242 0 0 0 0 0 1.0004 0 0.9481 -0.1609 0.218 0.447 2.8376 0.8049 -0.049 0.3922 0.5519 3.9817 -0.0779 0.0779 0.3165 0 0
31 95 1263 0 0 0 0 0 1.0003 0 0.9797 0.0618 0.1764 0.2297 2.1719 0.8173 0.0143 0.3823 0.5407 4.0598 0.048 0.048 0.3029 0 0
31 96 1305 0 0 0 0 0 1.0005 0 0.9853 -0.0015 0.191 0.2499 1.6211 0.8498 -0.0323 0.3899 0.5441 4.0483 -0.0385 0.0385 0.2984 0 0
31 97 1197 0 0 0 0 0 1.0004 0 0.9878 -0.0347 0.1453 0.1812 1.4232 0.8133 -0.0067 0.4332 0.5995 4.0103 -0.0171 0.0171 0.3097 0 0
31 98 1278 0 0 0 0 0 1.0006 0 0.9503 0.1534 0.2347 0.3016 1.5607 0.8504 0.0768 0.4087 0.5401 3.986 0.109 0.109 0.2807 0 0
31 99 1256 0 0 0 0 0 1.0005 0 0.9844 0.0124 0.1991 0.2829 2.0202 0.8341 0.0479 0.4132 0.5603 4.0296 -0.187 0.187 0.273 0 0
31 100 1241 0 0 0 0 0 1.0003 0 0.9911 -0.1427 0.1532 0.1884 1.4067 0.85 -0.1064 0.4003 0.5312 4.0282 0.0946 0.0946 0.3178 0 0
31 101 1248 0 0 0 0 0 1.0013 0 0.9784 -0.0619 0.1489 0.1808 1.1188 0.8268 -0.0166 0.4029 0.5606 4.0277 0.1913 0.1913 0.2827 0 0
31 102 1208 0 0 0 0 0 1.0001 0 0.9524 -0.0292 0.2163 0.3968 2.7462 0.8045 -0.0202 0.416 0.5874 4.007 -0.0434 0.0434 0.311 0 0
31 103 1248 0 0 0 0 0 1.0007 0 0.9908 -0.0222 0.1305 0.1797 2.1414 0.8457 0.004 0.3787 0.5007 4.0117 0.073 0.073 0.3088 0 0
31 104 1207 0 0 0 0 0 1.0004 0 0.9867 -0.039 0.1968 0.2287 2.0173 0.8284 -0.0107 0.4271 0.5512 3.9954 -0.0501 0.0501 0.2916 0 0
31 105 1222 0 0 0 0 0 1.0002 0 0.9669 0.0115 0.2353 0.3384 1.7207 0.8438 0.0511 0.413 0.5593 4.0203 -0.037 0.037 0.2922 0 0
31 106 1244 0 0 0 0 0 1.0006 0 0.9788 0.033 0.1906 0.2354 1.4515 0.8398 0.0257 0.3984 0.5475 4.0397 3e-04 3e-04 0.2914 0 0
31 107 1240 0 0 0 0 0 1.0003 0 0.9909 0.058 0.1901 0.2535 2.2301 0.8357 0.0343 0.389 0.5317 4.03 0.05 0.05 0.3008 0 0
31 108 1237 0 0 0 0 0 1.0001 0 0.9872 0.0451 0.1301 0.1734 1.3798 0.8534 0.0239 0.3993 0.534 4.0135 0.0419 0.0419 0.2866 0 0
31 109 1229 0 0 0 0 0 1.0008 0 0.9373 -0.2505 0.3972 0.8215 2.8499 0.8294 0.0116 0.4208 0.5795 4.0591 -0.1054 0.1054 0.3477 0 0
31 110 1128 0 0 0 0 0 1.0003 0 0.9779 0.0129 0.1977 0.2537 1.6038 0.8291 -0.0061 0.4105 0.5343 4.0512 0.0267 0.0267 0.299 0 0
31 111 1250 0 0 0 0 0 1.0002 0 0.9709 -0.1282 0.1938 0.2992 1.5202 0.8466 -0.0394 0.3904 0.5155 4.0302 -0.0814 0.0814 0.3146 0 0
31 112 1221 0 0 0 0 0 1.0005 0 0.9852 -0.0844 0.1417 0.1776 1.2183 0.8031 -0.0116 0.4217 0.5989 4.0318 -0.0835 0.0835 0.305 0 0
31 113 1224 0 0 0 0 0 1.0004 0 0.9842 -0.0336 0.1658 0.2521 1.6489 0.8286 -0.0514 0.4088 0.5684 4.0352 -0.0745 0.0745 0.3111 0 0
31 114 1209 0 0 0 0 0 1.0008 0 0.9844 -0.0077 0.1736 0.2117 1.5435 0.8401 -1e-04 0.3957 0.547 4.0598 -0.051 0.051 0.3005 0 0
31 115 1226 0 0 0 0 0 1.0008 0 0.9846 0.0907 0.132 0.1935 1.307 0.8271 0.017 0.4023 0.5508 4.0376 0.0032 0.0032 0.2962 0 0
31 116 1257 0 0 0 0 0 1.0002 0 0.9753 0.0696 0.2042 0.2708 1.5038 0.8334 -0.0177 0.3916 0.5199 4.0809 0.0187 0.0187 0.3126 0 0
31 117 1239 0 0 0 0 0 1.0001 0 0.9835 -0.1665 0.201 0.2689 1.5356 0.8694 -0.1137 0.3881 0.498 3.9921 -0.0936 0.0936 0.2954 0 0
31 118 1224 0 0 0 0 0 1.0004 0 0.9421 -0.0471 0.3609 0.6291 2.7196 0.8119 0.1051 0.4283 0.5922 4.0627 -0.0577 0.0577 0.3023 0 0
31 119 1232 0 0 0 0 0 1.0001 0 0.9832 -0.0567 0.1492 0.1841 1.5354 0.8141 0.0416 0.4055 0.574 4.0845 -0.0479 0.0479 0.3173 0 0
31 120 1261 0 0 0 0 0 1.0013 0 0.9822 0.074 0.2054 0.2936 2.5285 0.8345 0.0351 0.4246 0.5803 4.0004 -0.1653 0.1653 0.3024 0 0
31 121 1210 0 0 0 0 0 1.0005 0 0.9762 0.1179 0.1883 0.2272 1.3155 0.8189 0.1121 0.4335 0.5975 4.0688 0.0188 0.0188 0.3003 0 0
31 122 1241 0 0 0 0 0 1.0004 0 0.9822 -0.1549 0.1999 0.2773 1.9583 0.8204 -0.0293 0.4119 0.5482 4.0695 0.0043 0.0043 0.3353 0 0
31 123 1259 0 0 0 0 0 1.0002 0 0.9861 0.1501 0.1857 0.2297 1.4159 0.8588 0.1016 0.4358 0.5805 4.0061 0.169 0.169 0.3002 0 0
31 124 1158 0 0 0 0 0 1.0004 0 0.9814 -0.0462 0.2322 0.3027 1.8785 0.7854 -0.07 0.4398 0.5987 4.0104 0.0128 0.0128 0.3025 0 0
31 125 1258 0 0 0 0 0 1.001 0 0.9824 0.0728 0.1839 0.2429 1.3506 0.8192 0.0142 0.4178 0.5623 4.03 0.0589 0.0589 0.2883 0 0
31 126 1203 0 0 0 0 0 1.0001 0 0.9878 0.0391 0.138 0.1687 1.6948 0.787 -5e-04 0.433 0.5985 4.0097 -0.099 0.099 0.3077 0 0
31 127 1266 0 0 0 0 0 1.0004 0 0.9828 -0.0923 0.1873 0.2926 1.9831 0.8272 0.0042 0.4161 0.5794 4.0411 0.0171 0.0171 0.2941 0 0
31 128 1231 0 0 0 0 0 1.0006 0 0.9798 -0.1245 0.2114 0.2685 1.4846 0.8294 -0.0604 0.4249 0.5586 4.0264 0.0334 0.0334 0.3312 0 0
31 129 1255 0 0 0 0 0 1.0001 0 0.9831 -0.0459 0.124 0.169 1.1045 0.835 -0.0271 0.4133 0.5664 4.0098 0.0508 0.0508 0.2866 0 0
31 130 1255 0 0 0 0 0 1.0002 0 0.9458 -0.0321 0.2246 0.3529 1.8375 0.838 0.0443 0.4208 0.5633 4.0245 0.018 0.018 0.2889 0 0
31 131 1216 0 0 0 0 0 1.0005 0 0.9825 0.0358 0.1676 0.222 1.7639 0.8584 -0.0184 0.3881 0.4962 4.0701 -0.0523 0.0523 0.3025 0 0
31 132 1240 0 0 0 0 0 1.0004 0 0.9893 -0.0401 0.1779 0.2243 1.7046 0.8658 0.0088 0.3715 0.4894 4.006 0.005 0.005 0.3203 0 0
31 133 1245 0 0 0 0 0 1.0009 0 0.946 -0.0406 0.1597 0.2645 1.8338 0.798 -0.0303 0.4398 0.5823 4.0324 0.0862 0.0862 0.3272 0 0
31 134 1189 0 0 0 0 0 1.0001 0 0.9592 0.2414 0.2737 0.3433 1.4826 0.8241 0.1315 0.4438 0.6001 4.0537 0.1494 0.1494 0.3177 0 0
31 135 1252 0 0 0 0 0 1.0002 0 0.9513 0.0739 0.2592 0.4515 2.4628 0.8457 0.0225 0.3736 0.5205 4.0207 -0.1143 0.1143 0.3033 0 0
31 136 1206 0 0 0 0 0 1.0003 0 0.9648 0.1328 0.2561 0.3363 1.8222 0.8327 0.0546 0.4108 0.5506 4.0135 0.0521 0.0521 0.3114 0 0
31 137 1268 0 0 0 0 0 1.0007 0 0.9287 0.1254 0.2521 0.3875 1.6272 0.8379 0.0419 0.408 0.5451 4.0077 -0.0684 0.0684 0.2937 0 0
31 138 1253 0 0 0 0 0 1 0 0.9867 -0.1467 0.2002 0.2602 1.5018 0.854 -0.1435 0.3957 0.5287 4.0232 0.0213 0.0213 0.2966 0 0
31 139 1182 0 0 0 0 0 1.0009 0 0.9837 0.0864 0.1694 0.2066 1.3548 0.8093 0.0712 0.4268 0.5837 3.9953 -0.0366 0.0366 0.3031 0 0
31 140 1211 0 0 0 0 0 1.0009 0 0.9889 0.0747 0.1437 0.2005 1.8302 0.8486 0.0278 0.3772 0.5148 4.007 0.0499 0.0499 0.3032 0 0
31 141 1267 0 0 0 0 0 1.0003 0 0.9836 0.0293 0.1394 0.1738 1.6404 0.8427 0.0547 0.4183 0.5972 4.0774 0.1139 0.1139 0.3082 0 0
31 142 1050 0 0 0 0 0 1.0014 0 0.9728 -0.0721 0.1837 0.2422 1.6067 0.8272 -0.071 0.4426 0.57 4.0754 0.0552 0.0552 0.3089 0 0
31 143 1241 0 0 0 0 0 1.0001 0 0.9608 -0.0574 0.2364 0.3476 1.8035 0.8338 -0.0759 0.4151 0.5494 3.9959 -0.0833 0.0833 0.2935 0 0
31 144 1282 0 0 0 0 0 1.0005 0 0.959 0.0274 0.2041 0.2562 1.1205 0.8599 0.0355 0.3705 0.5052 4.0099 0.1442 0.1442 0.2849 0 0
31 145 1288 0 0 0 0 0 1.0006 0 0.9739 -0.0844 0.2948 0.5153 2.624 0.8476 0.043 0.3858 0.5061 4.0078 0.0726 0.0726 0.2974 0 0
31 146 1195 0 0 0 0 0 1.0001 0 0.9931 -0.0182 0.1416 0.1964 2.3081 0.8151 -0.0566 0.4232 0.5728 4.0665 0.0597 0.0597 0.3329 0 0
31 147 1227 0 0 0 0 0 1.0002 0 0.9828 0.0372 0.1831 0.2174 1.9799 0.8459 0.0139 0.396 0.5166 4.0326 -0.0173 0.0173 0.3214 0 0
31 148 1259 0 0 0 0 0 1.0004 0 0.9678 0.1169 0.2142 0.2743 1.6005 0.8255 0.0857 0.4129 0.5848 4.0398 0.0092 0.0092 0.3104 0 0
31 149 1251 0 0 0 0 0 1.0002 0 0.976 0.054 0.2267 0.3029 1.7566 0.8548 0.0098 0.3845 0.5153 4.0042 0.0697 0.0697 0.2866 0 0
31 150 1237 0 0 0 0 0 1.0012 0 0.9381 0.2126 0.2864 0.4766 2.2134 0.8496 0.0577 0.4281 0.5687 4.085 0.0937 0.0937 0.3196 0 0
31 151 1211 0 0 0 0 0 1.0002 0 0.9896 -0.0657 0.1698 0.1922 1.7788 0.8167 -0.0042 0.4072 0.551 4.0185 0.0786 0.0786 0.3042 0 0
31 152 1269 0 0 0 0 0 1.0005 0 0.9765 -0.0635 0.1984 0.2954 2.3905 0.8239 -0.0025 0.4012 0.534 4.0793 0.0729 0.0729 0.3194 0 0
31 153 1232 0 0 0 0 0 1.0004 0 0.9854 -0.0565 0.1453 0.184 1.1373 0.8273 -0.0361 0.4219 0.5935 4.0875 0.0953 0.0953 0.3196 0 0
31 154 1171 0 0 0 0 0 1.0004 0 0.9821 0.0647 0.1542 0.2088 1.4274 0.8282 0.0087 0.3963 0.5233 3.987 0.1573 0.1573 0.2964 0 0
31 155 1210 0 0 0 0 0 1.0008 0 0.9761 0.0579 0.2276 0.2898 1.5457 0.8436 0.0463 0.4272 0.5517 4.0532 -0.0335 0.0335 0.3008 0 0
31 156 1248 0 0 0 0 0 1.0003 0 0.9499 0.1108 0.1955 0.3148 1.9187 0.8363 0.0402 0.405 0.5491 3.9999 -0.2477 0.2477 0.3023 0 0
31 157 1248 0 0 0 0 0 1.0001 0 0.9761 0.1853 0.2579 0.3416 1.8064 0.8419 0.0326 0.4116 0.5618 4.0023 -0.028 0.028 0.295 0 0
31 158 1200 0 0 0 0 0 1.0003 0 0.9786 0.107 0.1739 0.2184 1.4263 0.8124 0.1102 0.4355 0.6203 4.0047 -0.1113 0.1113 0.2958 0 0
31 159 1231 0 0 0 0 0 1.0007 0 0.9248 0.0776 0.3261 0.5889 2.5256 0.8349 -0.0027 0.4319 0.5938 4.0662 -0.0897 0.0897 0.3034 0 0
31 160 1195 0 0 0 0 0 1.0009 0 0.9764 0.1062 0.197 0.2872 2.2627 0.7815 0.0671 0.4102 0.5466 4.055 -0.0063 0.0063 0.3139 0 0
31 161 1209 0 0 0 0 0 1.0003 0 0.9474 0.0853 0.2342 0.3586 2.1359 0.8246 -0.015 0.4145 0.5547 4.0007 0.0624 0.0624 0.2918 0 0
31 162 1179 0 0 0 0 0 1.0012 0 0.9761 -0.1252 0.2389 0.2936 1.381 0.8353 -0.0844 0.4553 0.5969 4.0351 0.0712 0.0712 0.3172 0 0
31 163 1238 0 0 0 0 0 1.0006 0 0.9673 -0.0403 0.171 0.3259 2.6126 0.83 -0.0157 0.4143 0.5498 4.0174 -0.0576 0.0576 0.2922 0 0
31 164 1284 0 0 0 0 0 1.0002 0 0.9781 -0.0113 0.2275 0.3205 1.785 0.8141 0.0095 0.411 0.5685 4.0158 -0.0378 0.0378 0.307 0 0
31 165 1088 0 0 0 0 0 1.0022 0 0.9827 0.0288 0.1882 0.2281 1.5947 0.8591 0.0584 0.3892 0.5007 3.9975 -0.0449 0.0449 0.2969 0 0
31 166 1222 0 0 0 0 0 1.0008 0 0.9264 0.0234 0.2264 0.2805 1.0463 0.8401 -0.0057 0.3944 0.5369 4.043 -0.0578 0.0578 0.2908 0 0
31 167 1269 0 0 0 0 0 1.0001 0 0.9782 -0.0982 0.1652 0.2095 1.3437 0.8508 -0.0869 0.4165 0.5541 4.0224 -0.0382 0.0382 0.286 0 0
31 168 1324 0 0 0 0 0 1.0015 0 0.9862 -0.0131 0.1549 0.1874 1.7605 0.8447 -0.0067 0.3957 0.5543 4.0047 -0.0428 0.0428 0.2798 0 0
31 169 1289 0 0 0 0 0 1.0001 0 0.9882 -0.0957 0.1605 0.2068 1.7054 0.8509 -0.1097 0.3921 0.5515 4.0023 -0.0225 0.0225 0.2893 0 0
31 170 1276 0 0 0 0 0 1.0002 0 0.9794 0.0164 0.1694 0.2425 2.4126 0.8753 0.0139 0.3715 0.503 4.0133 -0.0943 0.0943 0.2957 0 0
31 171 1199 0 0 0 0 0 1.0006 0 0.9454 0.108 0.2119 0.3703 2.3318 0.8175 0.0213 0.4084 0.5286 4.0033 -0.1241 0.1241 0.318 0 0
31 172 1214 0 0 0 0 0 1.0001 0 0.9875 0.0018 0.1379 0.1774 2.2259 0.7925 0.0351 0.4391 0.6192 3.9939 -0.1262 0.1262 0.3061 0 0
31 173 1257 0 0 0 0 0 1.0015 0 0.984 0.1242 0.1882 0.2263 1.5519 0.8344 0.1362 0.4132 0.5423 4.0585 0.0406 0.0406 0.3083 0 0
31 174 1238 0 0 0 0 0 1.0013 0 0.9884 0.0505 0.1491 0.1858 2.0286 0.8182 0.0382 0.401 0.5504 3.9908 0.0165 0.0165 0.2932 0 0
31 175 1254 0 0 0 0 0 1.0002 0 0.9785 0.0347 0.1801 0.2458 1.4024 0.8332 0.0141 0.4013 0.5357 3.984 0.1583 0.1583 0.3085 0 0
31 176 1172 0 0 0 0 0 1.0018 0 0.9497 0.0373 0.2194 0.3235 1.8369 0.8298 0.0135 0.3972 0.5508 4.1145 0.0082 0.0082 0.3111 0 0
31 177 1214 0 0 0 0 0 1.0003 0 0.9809 -0.0336 0.186 0.2646 2.1561 0.8132 -0.008 0.4255 0.5668 4.0991 -0.0364 0.0364 0.3179 0 0
31 178 1188 0 0 0 0 0 1.0001 0 0.91 -0.1557 0.3261 0.5629 2.7893 0.8045 -0.0257 0.4688 0.6165 4.0392 0.0689 0.0689 0.3059 0 0
31 179 1227 0 0 0 0 0 1.0002 0 0.9668 -0.0324 0.2808 0.4105 2.2093 0.8389 -0.0025 0.4092 0.5581 4.0375 0.1648 0.1648 0.2961 0 0
31 180 1237 0 0 0 0 0 1.0002 0 0.9776 -0.0482 0.1617 0.2241 1.9881 0.8154 -0.0173 0.4228 0.5771 4.0079 0.0845 0.0845 0.3253 0 0
31 181 1250 0 0 0 0 0 1.0002 0 0.9754 0.0129 0.19 0.2584 1.6108 0.7851 -0.0075 0.4492 0.6193 4.0132 0.0524 0.0524 0.3042 0 0
31 182 1189 0 0 0 0 0 1.0005 0 0.979 -0.0528 0.1465 0.2195 2.142 0.8267 -0.0091 0.3979 0.5578 4.0974 0.0816 0.0816 0.3287 0 0
31 183 1248 0 0 0 0 0 1.0005 0 0.9682 -0.032 0.2097 0.3047 1.7623 0.832 0.0183 0.4299 0.5857 4.0297 -0.0439 0.0439 0.3036 0 0
31 184 1187 0 0 0 0 0 1.0004 0 0.9768 -0.018 0.1775 0.2233 1.4751 0.7922 0.035 0.442 0.6112 4.0326 0.045 0.045 0.321 0 0
31 185 1213 0 0 0 0 0 1.0004 0 0.9859 -0.1003 0.1667 0.2089 1.5253 0.8579 -0.0339 0.3974 0.5241 3.9844 0.063 0.063 0.2841 0 0
31 186 1196 0 0 0 0 0 1.0007 0 0.9855 -0.1276 0.1658 0.2072 1.5274 0.8237 -0.0924 0.43 0.5772 4.0117 0.0248 0.0248 0.2992 0 0
31 187 1216 0 0 0 0 0 1.0006 0 0.9544 0.0172 0.2735 0.3813 1.9151 0.8635 -0.0489 0.4208 0.5518 4.0705 0.0164 0.0164 0.3124 0 0
31 188 1237 0 0 0 0 0 1.0006 0 0.9778 -0.2208 0.258 0.3451 2.0647 0.8112 -0.1433 0.4433 0.6054 3.9972 -0.1392 0.1392 0.2872 0 0
31 189 1264 0 0 0 0 0 1.0003 0 0.9805 -0.1343 0.2314 0.3023 2.5323 0.8266 -0.0475 0.4112 0.5561 4.0373 -0.0328 0.0328 0.3114 0 0
31 190 1215 0 0 0 0 0 1.0001 0 0.9832 0.0411 0.1435 0.192 1.8038 0.8223 -0.0264 0.4 0.5438 4.0171 0.034 0.034 0.3149 0 0
31 191 1211 0 0 0 0 0 1.0002 0 0.9841 -0.0414 0.1428 0.2152 1.8035 0.8504 0.0154 0.377 0.5039 4.0232 -0.105 0.105 0.3024 0 0
31 192 1259 0 0 0 0 0 1.0002 0 0.9774 0.1307 0.198 0.2553 1.2525 0.8228 0.14 0.4296 0.5904 4.0436 0.0772 0.0772 0.3195 0 0
31 193 1206 0 0 0 0 0 1.0002 0 0.9618 0.1322 0.2077 0.3847 2.6856 0.7857 0.0395 0.4471 0.6142 3.9949 0.0744 0.0744 0.3074 0 0
31 194 1248 0 0 0 0 0 1.0005 0 0.984 -0.0581 0.2018 0.2624 2.0304 0.835 -0.0263 0.4294 0.572 4.0543 -0.0655 0.0655 0.295 0 0
31 195 1220 0 0 0 0 0 1.0003 0 0.9727 0.075 0.2202 0.2866 1.5461 0.8594 0.0152 0.413 0.5582 4.0349 -0.0253 0.0253 0.3038 0 0
31 196 1240 0 0 0 0 0 1.0003 0 0.976 0.0797 0.1868 0.2426 1.3757 0.855 0.0051 0.3848 0.5274 4.0852 0.0272 0.0272 0.288 0 0
31 197 1272 0 0 0 0 0 1.0007 0 0.9677 -0.0349 0.1736 0.2539 1.478 0.809 0.0031 0.4018 0.5501 4.0093 0.0652 0.0652 0.2872 0 0
31 198 1245 0 0 0 0 0 1.0012 0 0.9789 0.0457 0.1719 0.1999 1.1288 0.8548 0.0677 0.396 0.5197 4.095 -0.0893 0.0893 0.3065 0 0
31 199 1241 0 0 0 0 0 1.0002 0 0.9782 -0.1247 0.1721 0.2424 1.5782 0.8387 -0.0614 0.4085 0.5443 4.0322 0.0376 0.0376 0.2925 0 0
31 200 1177 0 0 0 0 0 1.0001 0 0.9683 0.0998 0.1827 0.2422 1.5528 0.8271 0.0155 0.427 0.5768 4.007 -0.0682 0.0682 0.3062 0 0
31 201 1187 0 0 0 0 0 1.0007 0 0.9809 0.0754 0.1994 0.2388 1.3477 0.8125 0.0537 0.4383 0.5979 4.084 -0.0109 0.0109 0.3271 0 0
31 202 1231 0 0 0 0 0 1.0002 0 0.9712 -0.0953 0.2436 0.4066 2.1495 0.8044 -0.0188 0.4327 0.5751 3.9748 -0.0464 0.0464 0.2956 0 0
31 203 1232 0 0 0 0 0 1.0002 0 0.9883 -0.0028 0.1383 0.1827 1.5982 0.8287 0.0012 0.4093 0.5383 3.9948 0.0466 0.0466 0.2962 0 0
31 204 1231 0 0 0 0 0 1.0009 0 0.9851 -0.0051 0.1489 0.2237 1.9754 0.8371 -0.0912 0.4312 0.5765 3.995 -0.1873 0.1873 0.2766 0 0
31 205 1208 0 0 0 0 0 1.0001 0 0.979 -0.1284 0.1704 0.2227 1.0391 0.8187 -0.0759 0.4371 0.6045 4.0122 0.0798 0.0798 0.2918 0 0
31 206 1245 0 0 0 0 0 1.0002 0 0.9846 0.0376 0.1424 0.2058 1.5814 0.8377 0.0162 0.3991 0.5366 4.1097 0.1073 0.1073 0.3227 0 0
31 207 1238 0 0 0 0 0 1.0015 0 0.9694 -0.0038 0.2035 0.2898 1.8413 0.8678 -0.0468 0.3804 0.5076 4.0286 -0.003 0.003 0.3027 0 0
31 208 1242 0 0 0 0 0 1.0001 0 0.9867 -0.0233 0.1486 0.1822 1.5591 0.8424 0.036 0.4265 0.5633 4.1084 -0.08 0.08 0.3153 0 0
31 209 1227 0 0 0 0 0 1.0001 0 0.9566 0.1118 0.2521 0.3507 1.9183 0.8379 0.0444 0.4006 0.5534 4.0074 0.0177 0.0177 0.2865 0 0
31 210 1214 0 0 0 0 0 1.001 0 0.9819 0.044 0.1639 0.2129 1.277 0.8606 0.0075 0.3628 0.5008 4.0042 -0.0627 0.0627 0.2887 0 0
31 211 1235 0 0 0 0 0 1.0001 0 0.9586 0.0132 0.2443 0.3516 1.7255 0.8635 0.0217 0.3857 0.5075 4.0155 -0.0441 0.0441 0.2943 0 0
31 212 1200 0 0 0 0 0 1.0006 0 0.9706 -0.057 0.2193 0.3132 2.3369 0.8264 -0.0388 0.4183 0.5623 4.0403 0.1427 0.1427 0.2992 0 0
31 213 1230 0 0 0 0 0 1.0004 0 0.9842 -0.0341 0.1259 0.1662 1.353 0.8117 0.0072 0.4214 0.5801 4.052 -0.0395 0.0395 0.2962 0 0
31 214 1274 0 0 0 0 0 1.0002 0 0.9822 -0.0581 0.1674 0.2112 1.5514 0.8537 0.0108 0.3777 0.5134 4.002 -0.0835 0.0835 0.3061 0 0
31 215 1236 0 0 0 0 0 1.0003 0 0.9832 0.0639 0.1785 0.2178 1.3543 0.8093 0.0505 0.399 0.5812 4.0384 0.0332 0.0332 0.31 0 0
31 216 1294 0 0 0 0 0 1.0016 0 0.9499 0.1744 0.2446 0.4819 2.6001 0.8624 0.0503 0.3924 0.5176 4.0527 0.0101 0.0101 0.2934 0 0
31 217 1219 0 0 0 0 0 1.0004 0 0.9248 0.3613 0.4468 0.6987 2.8426 0.8205 0.0646 0.4323 0.5655 4.0715 0.1079 0.1079 0.3302 0 0
31 218 1258 0 0 0 0 0 1.0001 0 0.982 0.0379 0.1928 0.255 2.3088 0.8391 0.0105 0.4276 0.5606 3.9873 -0.0902 0.0902 0.2865 0 0
31 219 1143 0 0 0 0 0 1.0002 0 0.9858 -0.0949 0.1663 0.2188 1.8057 0.8361 -0.0395 0.4143 0.5569 4.0504 -0.0961 0.0961 0.3072 0 0
31 220 1242 0 0 0 0 0 1.0001 0 0.9738 0.0362 0.1982 0.2494 1.4971 0.8412 0.0056 0.4133 0.5347 3.9898 -0.0622 0.0622 0.278 0 0
31 221 1224 0 0 0 0 0 1.0003 0 0.9628 0.1729 0.2207 0.3522 1.8647 0.8288 0.0841 0.4193 0.5555 4.0703 -0.0506 0.0506 0.2991 0 0
31 222 1187 0 0 0 0 0 1.0003 0 0.9859 -0.0552 0.1607 0.2168 1.8402 0.8152 -0.0233 0.4374 0.5877 4.0304 0.0912 0.0912 0.3147 0 0
31 223 1282 0 0 0 0 0 1.0005 0 0.9696 0.0019 0.1531 0.2004 1.0507 0.8377 -0.0033 0.4082 0.5874 4.0661 -0.0601 0.0601 0.3026 0 0
31 224 1204 0 0 0 0 0 1.0002 0 0.9811 -0.0353 0.1774 0.2516 1.8165 0.8398 -0.06 0.4075 0.5362 3.986 0.0048 0.0048 0.3023 0 0
31 225 1237 0 0 0 0 0 1.0001 0 0.964 0.0273 0.2085 0.2357 1.2925 0.8472 0.0422 0.3935 0.5407 4.0344 -0.0305 0.0305 0.3191 0 0
31 226 1242 0 0 0 0 0 1.0004 0 0.9269 0.0575 0.2531 0.473 1.9383 0.8424 -0.0119 0.4244 0.5692 4.0685 0.0131 0.0131 0.2885 0 0
31 227 1219 0 0 0 0 0 1.0005 0 0.9804 0.0344 0.1872 0.2257 1.6712 0.8315 0.0425 0.4167 0.5689 4.0228 0.0013 0.0013 0.2849 0 0
31 228 1185 0 0 0 0 0 1.0008 0 0.9734 -0.0039 0.2623 0.3322 1.9585 0.8239 -0.0222 0.4056 0.5457 4.0135 0.0652 0.0652 0.3032 0 0
31 229 1179 0 0 0 0 0 1.0006 0 0.9827 0.1208 0.1733 0.2086 1.2391 0.8223 0.0512 0.4197 0.5791 4.0157 -0.0315 0.0315 0.3024 0 0
31 230 1221 0 0 0 0 0 1.001 0 0.9872 0.0884 0.199 0.2438 1.8628 0.8609 0.051 0.4049 0.5316 4.015 -0.0725 0.0725 0.2871 0 0
31 231 1245 0 0 0 0 0 1.0001 0 0.9833 -0.024 0.1564 0.1851 1.6905 0.8204 0.0228 0.4099 0.5812 4.0006 0.1135 0.1135 0.2791 0 0
31 232 1219 0 0 0 0 0 1.0001 0 0.9729 0.0786 0.2013 0.2374 1.3417 0.8237 0.025 0.3978 0.5607 3.9981 0.0076 0.0076 0.2971 0 0
31 233 1097 0 0 0 0 0 1.0014 0 0.9875 -0.1204 0.1716 0.212 1.398 0.8489 -0.0786 0.3857 0.5387 3.9894 0.0694 0.0694 0.2845 0 0
31 234 1240 0 0 0 0 0 1.0001 0 0.9532 0.1065 0.2735 0.3841 2.4944 0.8604 0.0443 0.4157 0.5603 4.07 -0.0404 0.0404 0.3014 0 0
31 235 1214 0 0 0 0 0 1.0002 0 0.9849 -0.1372 0.1639 0.2213 1.4382 0.8476 -0.0969 0.3996 0.5308 4.0303 -0.0315 0.0315 0.3047 0 0
31 236 1227 0 0 0 0 0 1.0001 0 0.9726 -0.0608 0.228 0.3088 1.8357 0.8272 -0.0286 0.4273 0.5686 4.0231 -0.0029 0.0029 0.3202 0 0
31 237 1238 0 0 0 0 0 1.0004 0 0.9908 -0.0275 0.1364 0.1737 1.8185 0.8385 -0.0417 0.3855 0.5293 4.0017 -0.0989 0.0989 0.2922 0 0
31 238 1234 0 0 0 0 0 1.0003 0 0.9868 -0.0651 0.1675 0.2162 1.5065 0.8671 -0.0526 0.3646 0.4902 4.0009 0.0603 0.0603 0.3015 0 0
31 239 1239 0 0 0 0 0 1.0001 0 0.9814 -0.0019 0.1622 0.2222 2.1827 0.8367 -0.0217 0.3899 0.5323 4.026 0.0172 0.0172 0.3093 0 0
31 240 1281 0 0 0 0 0 1.0003 0 0.9763 -0.0147 0.1969 0.2478 1.6725 0.8158 -0.0323 0.4057 0.5441 4.0197 -0.0653 0.0653 0.3049 0 0
31 241 1188 0 0 0 0 0 1.0005 0 0.9794 -0.0359 0.1372 0.1726 1.1057 0.8105 -0.0459 0.4204 0.5941 4.0046 0.0372 0.0372 0.2856 0 0
31 242 1210 0 0 0 0 0 1.0002 0 0.9617 0.0739 0.2227 0.3242 1.5899 0.842 0.0364 0.3898 0.5213 4.0413 0.0993 0.0993 0.3159 0 0
31 243 1206 0 0 0 0 0 1.0005 0 0.9681 0.0561 0.1774 0.2365 1.4275 0.8447 0.0227 0.3889 0.5404 4.0042 0.0396 0.0396 0.3075 0 0
31 244 1256 0 0 0 0 0 1.0005 0 0.9736 -0.0255 0.1928 0.2726 2.2193 0.8566 -0.0493 0.3877 0.5132 3.9651 0.1218 0.1218 0.2833 0 0
31 245 1233 0 0 0 0 0 1.0005 0 0.9812 0.2145 0.2661 0.3429 1.8426 0.8086 0.1491 0.4446 0.6003 4.1259 0.0273 0.0273 0.3445 0 0
31 246 1227 0 0 0 0 0 1.0003 0 0.9873 0.0445 0.1796 0.2329 2.3059 0.8279 -0.016 0.3805 0.5126 4.0095 -0.0426 0.0426 0.3132 0 0
31 247 1231 0 0 0 0 0 1.0004 0 0.9834 0.0283 0.1559 0.2699 2.222 0.8197 -0.0632 0.4049 0.5583 4.0695 -0.0549 0.0549 0.3097 0 0
31 248 1230 0 0 0 0 0 1.0002 0 0.9699 -0.1098 0.2022 0.237 1.1188 0.8465 -0.1547 0.4153 0.5548 4.0294 0.0237 0.0237 0.2868 0 0
31 249 1208 0 0 0 0 0 1.0008 0 0.9648 -0.0097 0.2849 0.449 2.5774 0.828 0.027 0.3995 0.5444 4.0133 -0.1066 0.1066 0.3156 0 0
31 250 1155 0 0 0 0 0 1.0002 0 0.9862 -0.0922 0.1896 0.2534 2.0991 0.8042 -0.0722 0.4315 0.5808 4.0245 -0.0993 0.0993 0.3079 0 0
31 251 1224 0 0 0 0 0 1.0008 0 0.9856 -0.0344 0.1906 0.2632 2.112 0.8329 0.0113 0.4175 0.5392 4.1106 0.0134 0.0134 0.3066 0 0
31 252 1239 0 0 0 0 0 1.0003 0 0.9819 0.1513 0.1875 0.2456 1.1584 0.847 0.1009 0.3891 0.5487 3.998 -0.048 0.048 0.294 0 0
31 253 1251 0 0 0 0 0 1.0005 0 0.9832 -0.098 0.1694 0.2344 1.5727 0.8375 -0.042 0.4058 0.5382 3.9989 0.068 0.068 0.2906 0 0
31 254 1254 0 0 0 0 0 1.0003 0 0.9961 -1e-04 0.099 0.1141 2.2615 0.8322 -0.0203 0.4005 0.5474 3.9891 -0.0171 0.0171 0.3042 0 0
31 255 1227 0 0 0 0 0 1.0004 0 0.9837 -0.0767 0.1701 0.2229 1.5621 0.7915 -0.0179 0.4661 0.6086 4.0407 -0.1291 0.1291 0.3199 0 0
31 256 1260 0 0 0 0 0 1.0003 0 0.9608 -0.0804 0.1943 0.2617 1.4031 0.8196 -0.0203 0.4067 0.5426 4.0822 -0.0107 0.0107 0.3064 0 0
31 257 1255 0 0 0 0 0 1.0002 0 0.9874 -0.051 0.1169 0.1529 1.1168 0.884 -0.0417 0.3941 0.4999 3.984 0.0679 0.0679 0.2617 0 0
31 258 1237 0 0 0 0 0 1.0003 0 0.9782 -0.1 0.207 0.272 1.6466 0.8269 -0.0851 0.4127 0.553 3.9959 0.0964 0.0964 0.2834 0 0
31 259 1263 0 0 0 0 0 1.0003 0 0.9734 0.0673 0.2011 0.2568 1.8476 0.8287 0.0508 0.4057 0.5485 4.0403 0.1964 0.1964 0.2991 0 0
31 260 1207 0 0 0 0 0 1.0004 0 0.9839 -0.181 0.2543 0.3538 2.0475 0.7796 -0.0947 0.4549 0.6161 4.0585 -0.0744 0.0744 0.3266 0 0
31 261 1206 0 0 0 0 0 1.0016 0 0.9803 -0.1279 0.1979 0.2908 1.9648 0.8306 -0.068 0.4312 0.5655 4.0425 0.0105 0.0105 0.3236 0 0
31 262 1243 0 0 0 0 0 1.0008 0 0.9618 -0.067 0.2878 0.4294 2.5813 0.8302 -0.0942 0.4369 0.5952 4.0243 -0.1544 0.1544 0.288 0 0
31 263 1239 0 0 0 0 0 1.0001 0 0.9658 -0.0455 0.304 0.4827 2.6733 0.8496 -0.072 0.4043 0.5386 4.0158 0.1081 0.1081 0.2857 0 0
31 264 1193 0 0 0 0 0 1.0001 0 0.9903 0.0323 0.1407 0.1769 2.0472 0.7888 0.0536 0.432 0.5889 4.0153 0.1075 0.1075 0.3042 0 0
31 265 1232 0 0 0 0 0 1.0007 0 0.9708 0.0556 0.1815 0.2249 1.1986 0.8688 0.0298 0.4039 0.53 4.0304 0.0305 0.0305 0.2906 0 0
31 266 1272 0 0 0 0 0 1.0001 0 0.9828 -0.0235 0.1515 0.1876 1.4468 0.8355 0.0021 0.4148 0.5667 4.0315 -0.0379 0.0379 0.3156 0 0
31 267 1136 0 0 0 0 0 1.0003 0 0.9779 -0.0384 0.1931 0.2708 1.7827 0.8162 0.0085 0.4236 0.5895 4.0329 -0.075 0.075 0.314 0 0
31 268 1247 0 0 0 0 0 1.0006 0 0.9835 0.0031 0.1427 0.2092 1.8974 0.849 0.0219 0.3681 0.4975 4.0383 -0.0459 0.0459 0.2854 0 0
31 269 1232 0 0 0 0 0 1.0004 0 0.9774 -0.0348 0.1386 0.2054 1.3084 0.8641 -0.0672 0.3713 0.4877 3.9964 -0.0419 0.0419 0.2669 0 0
31 270 1232 0 0 0 0 0 1.0002 0 0.9878 0.0578 0.1638 0.2127 1.6027 0.855 0.0115 0.4095 0.5557 4.0337 -2e-04 2e-04 0.324 0 0
31 271 1255 0 0 0 0 0 1.0006 0 0.9892 0.0201 0.1721 0.2074 1.6382 0.8501 -0.0051 0.3911 0.5538 4.0029 0.0747 0.0747 0.2804 0 0
31 272 1031 0 0 0 0 0 1.001 0 0.9777 -0.0368 0.1579 0.188 1.1195 0.8387 -0.0011 0.406 0.5597 4.0914 0.0208 0.0208 0.307 0 0
31 273 1204 0 0 0 0 0 1.0003 0 0.976 0.0465 0.2318 0.3442 2.303 0.7823 -0.0268 0.4407 0.6074 4.0452 0.0771 0.0771 0.3145 0 0
31 274 1222 0 0 0 0 0 1.0001 0 0.9822 -0.1677 0.2471 0.3465 2.4899 0.8452 -0.0751 0.4004 0.5504 4.0205 -0.066 0.066 0.3097 0 0
31 275 1241 0 0 0 0 0 1.0002 0 0.9887 -0.1012 0.1775 0.2708 2.2729 0.8387 -0.096 0.3933 0.5428 4.0426 -0.0354 0.0354 0.3139 0 0
31 276 1192 0 0 0 0 0 1.0003 0 0.9855 -0.1431 0.1901 0.2345 1.5059 0.8419 -0.1062 0.408 0.5388 4.0215 0.0604 0.0604 0.3107 0 0
31 277 1184 0 0 0 0 0 1.0005 0 0.9761 -0.1066 0.2627 0.3536 2.1638 0.779 -0.0487 0.5074 0.6899 4.1327 0.0128 0.0128 0.3168 0 0
31 278 1224 0 0 0 0 0 1.0011 0 0.9849 0.0875 0.1531 0.1791 1.0066 0.8535 0.049 0.4112 0.5298 4.0134 0.013 0.013 0.2876 0 0
31 279 1231 0 0 0 0 0 1.0007 0 0.9775 0.0561 0.1542 0.1944 1.2691 0.8529 0.0245 0.3866 0.5308 4.0344 0.0626 0.0626 0.318 0 0
31 280 1212 0 0 0 0 0 1.0001 0 0.9794 0.0258 0.1281 0.1672 0.9597 0.8315 0.0388 0.4238 0.5796 4.0277 0.0347 0.0347 0.2946 0 0
31 281 1216 0 0 0 0 0 1.0014 0 0.9812 0.0963 0.2095 0.2562 1.5755 0.832 0.1073 0.4116 0.5476 4.0132 -0.0287 0.0287 0.2906 0 0
31 282 1247 0 0 0 0 0 1.0012 0 0.9806 0.0257 0.1887 0.2293 1.6053 0.8679 0.028 0.3998 0.5121 4.0273 0.0098 0.0098 0.287 0 0
31 283 1228 0 0 0 0 0 1.0011 0 0.9813 0.0978 0.2078 0.2534 1.8415 0.8304 0.0308 0.3902 0.5465 4.0283 0.0168 0.0168 0.3098 0 0
31 284 1124 0 0 0 0 0 1.0008 0 0.9683 0.0932 0.2402 0.3398 1.7358 0.8055 0.0375 0.4302 0.6029 4.0302 0.0675 0.0675 0.3019 0 0
31 285 1194 0 0 0 0 0 1.0001 0 0.9689 -0.0996 0.2076 0.2411 1.3571 0.824 -0.1266 0.4384 0.5993 4.0793 0.0179 0.0179 0.3242 0 0
31 286 1245 0 0 0 0 0 1.0004 0 0.9676 0.1629 0.2745 0.3559 1.9051 0.8473 0.0903 0.4102 0.5515 4.0129 -0.0589 0.0589 0.2976 0 0
31 287 1229 0 0 0 0 0 1.0001 0 0.9836 0.05 0.2494 0.3249 2.422 0.8345 0.027 0.4213 0.5609 4.0857 -0.0801 0.0801 0.3292 0 0
31 288 1213 0 0 0 0 0 1.0006 0 0.9716 -0.0565 0.2049 0.303 2.0634 0.8058 -0.0322 0.4262 0.5823 4.0456 -0.0633 0.0633 0.3118 0 0
31 289 1194 0 0 0 0 0 1.0005 0 0.9789 -0.0458 0.1805 0.2262 1.6119 0.8471 -0.0574 0.4011 0.5406 4.0173 -0.0086 0.0086 0.3187 0 0
31 290 1211 0 0 0 0 0 1.0006 0 0.9575 -0.1291 0.3181 0.4859 2.6126 0.8208 -0.0402 0.4203 0.5842 4.1331 0.0111 0.0111 0.3332 0 0
31 291 1240 0 0 0 0 0 1.0002 0 0.9712 0.0069 0.186 0.2257 1.1886 0.8551 0.0149 0.3932 0.5439 3.9983 -0.0449 0.0449 0.2853 0 0
31 292 1316 0 0 0 0 0 1.0005 0 0.983 -0.0248 0.2094 0.2585 2.1094 0.8499 -0.0181 0.4005 0.5381 3.9868 -0.0183 0.0183 0.2755 0 0
31 293 1213 0 0 0 0 0 1.0009 0 0.9608 -0.0915 0.2192 0.3471 1.8914 0.852 -0.0382 0.3982 0.5313 4.0395 -0.0925 0.0925 0.3115 0 0
31 294 1192 0 0 0 0 0 1.0012 0 0.9704 -0.0156 0.2516 0.3076 1.4542 0.8195 -0.0192 0.4238 0.5682 4.058 -0.0721 0.0721 0.2968 0 0
31 295 1201 0 0 0 0 0 1.0003 0 0.9545 0.0243 0.2036 0.2454 0.9221 0.8459 0.0372 0.3829 0.5216 3.9973 0.062 0.062 0.2884 0 0
31 296 1176 0 0 0 0 0 1.0003 0 0.9823 0.0533 0.1818 0.2202 2.0804 0.8198 0.0227 0.4418 0.6141 4.0371 0.1485 0.1485 0.3279 0 0
31 297 1226 0 0 0 0 0 1.0007 0 0.9733 -0.0441 0.2026 0.2625 1.5014 0.8464 -0.0184 0.4178 0.5629 3.9961 0.0714 0.0714 0.2924 0 0
31 298 1217 0 0 0 0 0 1.0001 0 0.9792 0.0339 0.1881 0.2383 1.5555 0.8379 -0.0141 0.4006 0.5254 4.0383 0.0726 0.0726 0.3133 0 0
31 299 1235 0 0 0 0 0 1.0005 0 0.9753 0.0848 0.1958 0.251 1.6884 0.8145 0.0478 0.4097 0.554 4.0085 -0.0398 0.0398 0.2907 0 0
31 300 1197 0 0 0 0 0 1.0002 0 0.955 0.1157 0.2421 0.4944 2.043 0.7755 0.0095 0.4776 0.6408 4.0269 -0.1028 0.1028 0.3235 0 0
31 301 1252 0 0 0 0 0 1.001 0 0.9808 -6e-04 0.1307 0.1619 1.1045 0.8474 -0.033 0.3891 0.5239 4.0215 -0.0265 0.0265 0.2906 0 0
31 302 1228 0 0 0 0 0 1.0001 0 0.9821 0.0435 0.1599 0.1986 1.4124 0.8113 0.0146 0.4213 0.5873 4.0185 -0.0077 0.0077 0.3076 0 0
31 303 1236 0 0 0 0 0 1.0008 0 0.9849 -0.0551 0.1582 0.1923 1.3073 0.841 -0.0319 0.3841 0.5168 4.0807 -0.0635 0.0635 0.3247 0 0
31 304 1251 0 0 0 0 0 1.0003 0 0.9747 -0.0718 0.2279 0.2763 1.7627 0.8415 -0.0049 0.3998 0.5521 3.9991 0.056 0.056 0.2867 0 0
31 305 1247 0 0 0 0 0 1.0008 0 0.9883 0.1486 0.1745 0.218 1.4571 0.8299 0.1343 0.3897 0.5353 4.0619 0.0233 0.0233 0.3398 0 0
31 306 1236 0 0 0 0 0 1.0009 0 0.9736 0.2337 0.2513 0.3222 1.4886 0.8449 0.1464 0.4377 0.5736 4.0323 -0.0227 0.0227 0.3044 0 0
31 307 1197 0 0 0 0 0 1.0001 0 0.9656 0.0399 0.2231 0.2888 1.5658 0.8453 0.035 0.3747 0.5267 4.0284 0.0589 0.0589 0.3017 0 0
31 308 1158 0 0 0 0 0 1.0006 0 0.9869 -0.0182 0.1668 0.2034 1.8302 0.8255 0.0052 0.4214 0.5838 4.0097 -0.0016 0.0016 0.3144 0 0
31 309 1201 0 0 0 0 0 1.0009 0 0.9712 0.0962 0.2083 0.2527 1.8321 0.8241 0.0375 0.4055 0.5442 4.0468 -0.0146 0.0146 0.3348 0 0
31 310 1203 0 0 0 0 0 1.0003 0 0.9724 -0.1962 0.2657 0.3849 2.0415 0.7855 -0.0582 0.4379 0.5944 4.0326 -0.0941 0.0941 0.3369 0 0
31 311 1234 0 0 0 0 0 1.0001 0 0.9833 0.0107 0.203 0.2609 1.6547 0.821 0.0449 0.435 0.5915 3.9984 -0.0547 0.0547 0.2827 0 0
31 312 1231 0 0 0 0 0 1.0006 0 0.9786 -0.1179 0.2066 0.2508 1.8444 0.8228 -0.0392 0.3894 0.5082 4.0346 0.0724 0.0724 0.2899 0 0
31 313 1188 0 0 0 0 0 1.0003 0 0.9715 0.0499 0.2244 0.2813 1.5475 0.8033 0.0529 0.4183 0.5821 4.0066 -0.0152 0.0152 0.3154 0 0
31 314 1214 0 0 0 0 0 1.0004 0 0.9642 -0.3201 0.3365 0.4665 2.4923 0.8026 -0.1298 0.4695 0.6126 4.0884 -0.0117 0.0117 0.3303 0 0
31 315 1244 0 0 0 0 0 1.0004 0 0.9784 0.084 0.1952 0.2687 1.4528 0.8646 0.0412 0.4079 0.5348 4.005 -0.0173 0.0173 0.2791 0 0
31 316 1242 0 0 0 0 0 1.0004 0 0.9789 -0.1155 0.2655 0.4348 2.5731 0.8304 -0.0058 0.4369 0.6043 4.0182 -0.0267 0.0267 0.3065 0 0
31 317 1247 0 0 0 0 0 1.0011 0 0.976 0.1252 0.214 0.2808 1.5376 0.8483 0.1457 0.3997 0.5275 4.0667 -0.0968 0.0968 0.2981 0 0
31 318 1219 0 0 0 0 0 1.0008 0 0.9769 -0.0926 0.1814 0.2414 1.7134 0.8179 -0.0286 0.4408 0.5982 3.986 0.0966 0.0966 0.2958 0 0
31 319 1208 0 0 0 0 0 1.0009 0 0.9767 0.0346 0.2096 0.2535 2.0444 0.8297 0.0719 0.3859 0.5324 4.0298 -0.0327 0.0327 0.3036 0 0
31 320 1219 0 0 0 0 0 1.0009 0 0.9712 0.0039 0.1893 0.2341 1.3634 0.8533 -0.0188 0.4168 0.571 4.0848 0.0508 0.0508 0.3288 0 0
31 321 1242 0 0 0 0 0 1.0006 0 0.9848 0.0217 0.139 0.1735 1.4028 0.8457 0.0494 0.4037 0.541 4.0065 0.0148 0.0148 0.2775 0 0
31 322 1231 0 0 0 0 0 1.0009 0 0.9718 0.0455 0.2445 0.3638 2.5435 0.8455 0.0411 0.4128 0.5407 4.0237 0.0799 0.0799 0.3186 0 0
31 323 1250 0 0 0 0 0 1.0007 0 0.9822 0.0516 0.1245 0.1662 1.0112 0.8671 -0.0199 0.3533 0.4893 4.0913 0.076 0.076 0.3101 0 0
31 324 1164 0 0 0 0 0 1.0003 0 0.9798 0.1533 0.1936 0.2829 1.7066 0.838 0.0811 0.3992 0.5536 4.0425 0.0268 0.0268 0.2852 0 0
31 325 1217 0 0 0 0 0 1.0002 0 0.957 0.0357 0.2323 0.4266 2.453 0.8182 -0.0032 0.4332 0.5771 3.9967 -0.0683 0.0683 0.2994 0 0
31 326 1233 0 0 0 0 0 1.0007 0 0.9893 0.0701 0.1378 0.172 2.0511 0.8342 0.052 0.408 0.5309 4.0099 0.0171 0.0171 0.3083 0 0
31 327 1221 0 0 0 0 0 1.0008 0 0.9719 0.0766 0.1637 0.217 1.7862 0.8355 0.1072 0.4023 0.5249 3.9925 -0.0299 0.0299 0.2942 0 0
31 328 1255 0 0 0 0 0 1.0002 0 0.9802 -0.2299 0.2489 0.2953 1.3939 0.8558 -0.1799 0.4135 0.5546 3.9874 -0.0152 0.0152 0.2782 0 0
31 329 1238 0 0 0 0 0 1.0008 0 0.9784 0.1172 0.1764 0.2039 1.1719 0.8307 0.1095 0.426 0.5521 4.0288 -0.0103 0.0103 0.3072 0 0
31 330 1279 0 0 0 0 0 1.0003 0 0.9711 -0.0059 0.1783 0.2225 1.2091 0.878 -0.0435 0.3626 0.4843 4.0227 -0.0401 0.0401 0.2796 0 0
31 331 1235 0 0 0 0 0 1.0004 0 0.9889 -0.0291 0.1623 0.2055 1.534 0.8498 0.0198 0.3906 0.5218 4.031 0.0722 0.0722 0.2923 0 0
31 332 1217 0 0 0 0 0 1.0004 0 0.9891 0.0121 0.1312 0.161 1.5212 0.8094 0.0342 0.4344 0.6064 4.0711 0.1509 0.1509 0.3042 0 0
31 333 1225 0 0 0 0 0 1.0007 0 0.9799 -0.0108 0.1393 0.1683 0.9897 0.8244 0.0928 0.3928 0.551 4.0118 -0.1185 0.1185 0.2889 0 0
31 334 1274 0 0 0 0 0 1.0006 0 0.9753 0.0159 0.1803 0.2451 1.5198 0.8471 -0.008 0.3917 0.5405 4.0355 -0.0445 0.0445 0.3249 0 0
31 335 1226 0 0 0 0 0 1.0007 0 0.9859 0.0431 0.1486 0.1822 1.7273 0.8132 -0.0174 0.4362 0.5984 4.0117 0.0245 0.0245 0.3142 0 0
31 336 1238 0 0 0 0 0 1.0004 0 0.9765 0.0132 0.192 0.2221 1.4507 0.8412 -0.049 0.3879 0.5231 4.0513 -0.0483 0.0483 0.3247 0 0
31 337 1247 0 0 0 0 0 1.0008 0 0.9722 -0.1148 0.231 0.2755 2.5041 0.8349 -0.1243 0.4318 0.5832 4.0548 0.2288 0.2288 0.2845 0 0
31 338 1226 0 0 0 0 0 1.0005 0 0.9634 0.0665 0.1877 0.2652 1.0186 0.8368 0.0301 0.4224 0.5858 4.0098 0.0855 0.0855 0.3099 0 0
31 339 1215 0 0 0 0 0 1.0005 0 0.9772 0.0855 0.2213 0.2448 1.4777 0.8482 0.0454 0.3742 0.5188 4.0257 0.0327 0.0327 0.2887 0 0
31 340 1228 0 0 0 0 0 1.0005 0 0.9786 -0.0648 0.1651 0.206 1.4735 0.827 0.008 0.4109 0.551 3.9962 -0.057 0.057 0.3159 0 0
31 341 1175 0 0 0 0 0 1.0006 0 0.9594 0.1679 0.2182 0.3411 2.1933 0.7967 0.0632 0.4478 0.5768 4.0179 0.1661 0.1661 0.3219 0 0
31 342 1249 0 0 0 0 0 1.0007 0 0.9601 -0.0395 0.245 0.3119 1.8952 0.8029 0.0232 0.4179 0.569 4.0165 -0.0481 0.0481 0.3234 0 0
31 343 1250 0 0 0 0 0 1.0004 0 0.9759 -0.1878 0.2206 0.3386 2.0258 0.8381 -0.1015 0.4209 0.5676 4.0599 0.0296 0.0296 0.3088 0 0
31 344 1210 0 0 0 0 0 1.0003 0 0.9847 -5e-04 0.1821 0.2719 2.2596 0.8355 0.0334 0.4071 0.5413 4.0669 -0.0723 0.0723 0.3032 0 0
31 345 1288 0 0 0 0 0 1.0002 0 0.981 -0.0509 0.1375 0.1711 1.0201 0.8551 -0.041 0.3715 0.5318 3.9926 -0.0859 0.0859 0.2765 0 0
31 346 1194 0 0 0 0 0 1.0011 0 0.9449 -0.002 0.2452 0.3415 1.8255 0.864 0.1003 0.4115 0.546 4.0674 -0.0117 0.0117 0.3131 0 0
31 347 1235 0 0 0 0 0 1.0003 0 0.9768 0.0158 0.1483 0.2419 2.3589 0.8335 -0.0295 0.3895 0.5231 4.0385 -0.0873 0.0873 0.339 0 0
31 348 1249 0 0 0 0 0 1.0002 0 0.9824 -0.0605 0.1885 0.22 1.3672 0.8231 -0.0517 0.3826 0.5338 3.9716 -0.0638 0.0638 0.2798 0 0
31 349 1227 0 0 0 0 0 1.0001 0 0.968 0.0549 0.3013 0.4593 2.6368 0.8424 -0.0421 0.3945 0.5189 4.0119 -0.1781 0.1781 0.3137 0 0
31 350 1262 0 0 0 0 0 1.0006 0 0.98 -0.0326 0.1339 0.1571 1.1028 0.8185 -0.0158 0.4158 0.5952 4.0462 -6e-04 6e-04 0.2926 0 0
31 351 1232 0 0 0 0 0 1.0003 0 0.9879 -0.0163 0.1343 0.1726 1.306 0.8444 -0.0729 0.379 0.5017 3.9885 0.0533 0.0533 0.2991 0 0
31 352 1203 0 0 0 0 0 1.0003 0 0.9814 -0.0339 0.1806 0.2215 1.8496 0.826 -0.0186 0.4041 0.5646 4.0334 0.0848 0.0848 0.3051 0 0
31 353 1247 0 0 0 0 0 1.0002 0 0.9819 0.071 0.1579 0.2038 1.361 0.8729 0.0224 0.3757 0.4824 4.0743 -0.101 0.101 0.3065 0 0
31 354 1050 0 0 0 0 0 1.0011 0 0.969 0.0894 0.2271 0.3362 2.2519 0.8434 0.0334 0.4152 0.5417 4.0457 -0.0163 0.0163 0.2993 0 0
31 355 1237 0 0 0 0 0 1.0008 0 0.9736 0.0289 0.1397 0.1822 1.2471 0.8278 0.0164 0.4007 0.5605 4.0252 0.0315 0.0315 0.2888 0 0
31 356 1154 0 0 0 0 0 1.0001 0 0.9338 0.3022 0.391 0.601 2.773 0.7532 0.111 0.5189 0.7128 4.0003 0.1297 0.1297 0.3461 0 0
31 357 1166 0 0 0 0 0 1.0001 0 0.9896 0.0806 0.1253 0.1544 1.0509 0.821 0.0112 0.4217 0.5675 4.0049 -0.0545 0.0545 0.2902 0 0
31 358 1262 0 0 0 0 0 1.0002 0 0.9616 -0.0902 0.2354 0.3591 1.86 0.8237 -0.0175 0.4171 0.5728 4.0522 0.1136 0.1136 0.3224 0 0
31 359 1171 0 0 0 0 0 1.0005 0 0.9556 -0.0312 0.1899 0.2551 1.4964 0.8472 0.0208 0.4083 0.546 4.0232 -0.045 0.045 0.2973 0 0
31 360 1219 0 0 0 0 0 1.0006 0 0.9626 -0.0064 0.2019 0.2805 1.8764 0.8331 0.0545 0.3996 0.5403 4.0556 0.0328 0.0328 0.3154 0 0
31 361 1213 0 0 0 0 0 1.0001 0 0.9837 0.1176 0.1832 0.2435 1.4885 0.8418 0.0745 0.4168 0.5587 4.0352 -0.0896 0.0896 0.302 0 0
31 362 1208 0 0 0 0 0 1.0003 0 0.9766 -0.1322 0.2288 0.2902 1.9158 0.8039 -0.0172 0.4015 0.5767 4.0929 -0.0503 0.0503 0.3026 0 0
31 363 1264 0 0 0 0 0 1.0001 0 0.9861 0.0759 0.1793 0.2305 2.1505 0.8553 0.0222 0.3834 0.5036 4.0417 -0.082 0.082 0.3065 0 0
31 364 1236 0 0 0 0 0 1.0001 0 0.9741 -0.151 0.2336 0.3032 1.4331 0.8529 -0.1051 0.4111 0.5332 4.0445 -0.0122 0.0122 0.2862 0 0
31 365 1217 0 0 0 0 0 1.0007 0 0.9709 0.0199 0.2317 0.2998 1.7131 0.8673 0.0086 0.3718 0.4839 4.0183 -0.0355 0.0355 0.3186 0 0
31 366 1225 0 0 0 0 0 1.0006 0 0.9908 0.0514 0.1127 0.1446 1.3413 0.832 0.0957 0.4162 0.558 4.0295 -0.0043 0.0043 0.2926 0 0
31 367 1272 0 0 0 0 0 1.0002 0 0.9686 -0.0618 0.1633 0.2272 1.016 0.8671 0.0234 0.3725 0.506 4.0439 -0.0061 0.0061 0.2818 0 0
31 368 1208 0 0 0 0 0 1.0003 0 0.9831 0.1402 0.1883 0.2594 2.4269 0.7716 0.075 0.4452 0.5986 4.002 -0.0109 0.0109 0.3122 0 0
31 369 1227 0 0 0 0 0 1.0004 0 0.9555 -0.0706 0.2997 0.6041 2.8917 0.8373 -0.0589 0.4142 0.5592 4.0412 -0.0237 0.0237 0.3176 0 0
31 370 1223 0 0 0 0 0 1.0001 0 0.9729 0.0125 0.1854 0.232 1.3694 0.7801 -0.0115 0.4405 0.6291 4.0129 -0.1216 0.1216 0.3041 0 0
31 371 1245 0 0 0 0 0 1.0008 0 0.9636 -0.0322 0.1795 0.2231 1.037 0.8413 -0.0481 0.407 0.5508 4.0438 -0.0711 0.0711 0.299 0 0
31 372 1182 0 0 0 0 0 1.0011 0 0.9854 -0.074 0.1911 0.2288 1.8883 0.8138 -0.0274 0.4382 0.5884 3.9916 0.0199 0.0199 0.3115 0 0
31 373 1276 0 0 0 0 0 1.0007 0 0.9646 -0.0792 0.2118 0.2434 1.2607 0.8648 -0.0622 0.3866 0.5086 4.0505 -0.0456 0.0456 0.3132 0 0
31 374 1250 0 0 0 0 0 1.0016 0 0.9655 0.0629 0.2013 0.244 1.3751 0.8488 -0.0209 0.3852 0.523 4.0402 0.0683 0.0683 0.2942 0 0
31 375 1201 0 0 0 0 0 1.0011 0 0.9678 -0.0182 0.2738 0.3665 1.9988 0.7771 0.0231 0.461 0.6625 4.015 0.1019 0.1019 0.313 0 0
31 376 1260 0 0 0 0 0 1.0008 0 0.9848 -0.045 0.1445 0.1829 1.3699 0.8569 -0.049 0.4021 0.5464 4.0076 0.003 0.003 0.2795 0 0
31 377 1243 0 0 0 0 0 1.0003 0 0.9795 -9e-04 0.1646 0.2089 1.5002 0.8518 0.007 0.3997 0.5487 4.0245 -0.0471 0.0471 0.3044 0 0
31 378 1206 0 0 0 0 0 1.001 0 0.9566 0.1877 0.334 0.4833 2.547 0.794 0.0453 0.4491 0.5811 4.0692 -0.0574 0.0574 0.3325 0 0
31 379 1222 0 0 0 0 0 1.0005 0 0.9507 0.0075 0.1998 0.2773 1.3423 0.8555 -0.0166 0.3947 0.5374 4.0396 0.1187 0.1187 0.3092 0 0
31 380 1249 0 0 0 0 0 1.0005 0 0.9918 -0.0356 0.1547 0.1957 2.4427 0.8156 0.0145 0.4137 0.5568 4.0569 0.0916 0.0916 0.3078 0 0
31 381 1229 0 0 0 0 0 1.0008 0 0.9637 0.1105 0.1908 0.2534 1.4135 0.851 0.0959 0.3927 0.524 4.0473 -0.0026 0.0026 0.3132 0 0
31 382 1236 0 0 0 0 0 1.0001 0 0.9673 0.0108 0.1988 0.2665 1.3926 0.8403 -0.0069 0.3883 0.5278 4.0766 -0.1345 0.1345 0.3034 0 0
31 383 1248 0 0 0 0 0 1.0009 0 0.9812 0.0633 0.2008 0.2668 2.1983 0.7998 0.0399 0.4364 0.5874 4.0649 0.0045 0.0045 0.3138 0 0
31 384 1220 0 0 0 0 0 1.0015 0 0.961 -0.086 0.1888 0.2345 1.1797 0.8349 -0.0646 0.3988 0.5405 4.0193 0.1096 0.1096 0.3144 0 0
31 385 1223 0 0 0 0 0 1.0004 0 0.986 0.1054 0.1551 0.2133 1.6081 0.8411 0.036 0.3922 0.5273 3.9921 0.1429 0.1429 0.3192 0 0
31 386 1209 0 0 0 0 0 1.0003 0 0.9706 -0.1076 0.2182 0.2946 2.1041 0.8293 -0.0658 0.4379 0.582 4.0701 -0.0861 0.0861 0.3108 0 0
31 387 1237 0 0 0 0 0 1.0002 0 0.978 -0.1464 0.2352 0.2872 1.7605 0.8435 -0.1115 0.4027 0.5397 4.0072 0.106 0.106 0.2923 0 0
31 388 1242 0 0 0 0 0 1.0001 0 0.9882 0.0445 0.1188 0.1537 1.4639 0.827 0.0528 0.4309 0.6047 3.9912 -0.0134 0.0134 0.2685 0 0
31 389 1238 0 0 0 0 0 1.0006 0 0.9599 0.1952 0.242 0.3413 1.8839 0.8175 0.1036 0.4492 0.5953 4.0195 0.0365 0.0365 0.3041 0 0
31 390 1249 0 0 0 0 0 1.0001 0 0.9686 -0.0614 0.2078 0.3187 1.9386 0.8412 -0.0357 0.4269 0.5658 4.0051 0.0369 0.0369 0.293 0 0
31 391 1227 0 0 0 0 0 1.0004 0 0.9807 -0.0553 0.1792 0.2531 1.7408 0.8303 -0.0623 0.4222 0.5684 4.0158 -0.0714 0.0714 0.2998 0 0
31 392 1230 0 0 0 0 0 1.0014 0 0.9886 0.0486 0.1732 0.2336 1.9812 0.8417 -2e-04 0.3965 0.528 4.0329 0.0169 0.0169 0.3151 0 0
31 393 1218 0 0 0 0 0 1.0006 0 0.9808 -0.0486 0.1697 0.2021 1.1716 0.8199 -0.025 0.4185 0.5841 3.9885 -0.0341 0.0341 0.3065 0 0
31 394 1258 0 0 0 0 0 1.0007 0 0.9736 -0.0472 0.2078 0.2591 2.2198 0.8433 -0.0551 0.3882 0.5185 4.0188 -0.0117 0.0117 0.2977 0 0
31 395 1211 0 0 0 0 0 1.0001 0 0.9729 -0.0497 0.2169 0.2857 1.9301 0.8525 -0.0287 0.3927 0.5132 4.0012 0.1096 0.1096 0.2889 0 0
31 396 1226 0 0 0 0 0 1.0024 0 0.971 0.1899 0.2229 0.316 1.9174 0.8441 0.1193 0.4178 0.5435 4.0414 -0.0356 0.0356 0.3176 0 0
31 397 1223 0 0 0 0 0 1.0004 0 0.9684 -0.0145 0.2741 0.4317 2.7242 0.8396 -0.0288 0.4109 0.5339 3.9891 0.1125 0.1125 0.3108 0 0
31 398 1158 0 0 0 0 0 1.0003 0 0.9737 0.0129 0.1684 0.2077 1.1505 0.8299 0.0508 0.4111 0.5824 3.986 0.0521 0.0521 0.2753 0 0
31 399 1202 0 0 0 0 0 1.0002 0 0.958 -0.0188 0.1583 0.2293 1.1449 0.8472 -0.0349 0.4036 0.5386 4.0274 -0.0334 0.0334 0.2922 0 0
31 400 1106 0 0 0 0 0 1.0003 0 0.9868 0.0096 0.1373 0.1797 1.5241 0.8405 0.0207 0.3866 0.5139 4.0037 -0.0215 0.0215 0.2951 0 0
31 401 1246 0 0 0 0 0 1.0006 0 0.9415 0.117 0.3461 0.5185 2.6265 0.8445 0.0136 0.4092 0.5366 4.022 -0.016 0.016 0.3103 0 0
31 402 1234 0 0 0 0 0 1.0003 0 0.9805 0.0061 0.179 0.2422 1.5451 0.8553 0.0572 0.3866 0.5073 4.0294 -0.0207 0.0207 0.3207 0 0
31 403 1233 0 0 0 0 0 1.0008 0 0.9748 -0.1141 0.2581 0.3937 2.5246 0.8172 0.0017 0.3902 0.5414 4.0538 -0.035 0.035 0.3169 0 0
31 404 1240 0 0 0 0 0 1.0006 0 0.9803 0.0119 0.1693 0.2154 2.154 0.83 -0.023 0.4189 0.5698 4.0164 -0.0693 0.0693 0.2979 0 0
31 405 1138 0 0 0 0 0 1.0009 0 0.9625 0.1304 0.2225 0.3757 2.0231 0.8305 0.1126 0.4323 0.5769 4.011 -0.0595 0.0595 0.3086 0 0
31 406 1226 0 0 0 0 0 1.0006 0 0.987 -0.0385 0.1649 0.2055 1.9149 0.8183 -0.0256 0.4195 0.5774 3.9878 -0.1818 0.1818 0.2865 0 0
31 407 1222 0 0 0 0 0 1.0002 0 0.987 0.1722 0.2086 0.2493 1.6392 0.841 0.1409 0.4217 0.5425 3.9873 -0.0699 0.0699 0.3031 0 0
31 408 1202 0 0 0 0 0 1.0012 0 0.9823 -0.1309 0.2031 0.2572 1.7174 0.8241 -0.0822 0.4044 0.564 3.9983 0.0368 0.0368 0.2988 0 0
31 409 1032 0 0 0 0 0 1.0005 0 0.9747 -0.0449 0.2224 0.3085 2.1816 0.7909 -0.0393 0.4297 0.5815 4.0192 -0.0736 0.0736 0.3052 0 0
31 410 1267 0 0 0 0 0 1.0006 0 0.9902 -0.0859 0.1224 0.155 1.2348 0.8597 -0.0128 0.3635 0.5033 4.0304 0.02 0.02 0.2888 0 0
31 411 1210 0 0 0 0 0 1.0014 0 0.9811 -0.0055 0.1717 0.2363 2.2621 0.8324 0.019 0.4017 0.5315 4.015 0.1289 0.1289 0.289 0 0
31 412 1215 0 0 0 0 0 1.0002 0 0.9847 -0.2271 0.2311 0.3144 2.2084 0.8365 -0.0909 0.4123 0.5605 4.0569 -0.0171 0.0171 0.3144 0 0
31 413 1210 0 0 0 0 0 1.0007 0 0.9803 -0.1085 0.2288 0.3428 2.5374 0.8336 -0.0811 0.4349 0.5893 4.0222 -0.0453 0.0453 0.3248 0 0
31 414 1219 0 0 0 0 0 1.0001 0 0.9752 -0.0742 0.1557 0.1957 1.3468 0.8376 -0.0232 0.3963 0.5462 4.0004 -0.0599 0.0599 0.281 0 0
31 415 1239 0 0 0 0 0 1.0002 0 0.9908 -0.0405 0.1493 0.199 1.6451 0.8171 -0.0039 0.4264 0.588 4.0108 -0.1176 0.1176 0.2914 0 0
31 416 1193 0 0 0 0 0 1.0005 0 0.9863 -0.0052 0.1369 0.1739 1.4441 0.8471 0.0011 0.375 0.5143 3.9953 -0.121 0.121 0.3035 0 0
31 417 1229 0 0 0 0 0 1.0001 0 0.9815 0.0222 0.1883 0.2301 1.484 0.8376 0.0159 0.3886 0.5155 4.0143 -0.0564 0.0564 0.2903 0 0
31 418 1238 0 0 0 0 0 1.0004 0 0.9754 -5e-04 0.2194 0.2683 1.5729 0.8266 0.0287 0.3942 0.5531 3.9942 0.0798 0.0798 0.3049 0 0
31 419 1255 0 0 0 0 0 1.0002 0 0.9852 -0.0664 0.1713 0.2083 1.5135 0.8367 -0.025 0.3981 0.5278 4.0389 -0.0925 0.0925 0.2888 0 0
31 420 1235 0 0 0 0 0 1.0009 0 0.9714 -0.0235 0.2218 0.3198 1.4603 0.8196 -0.0078 0.4216 0.5878 4.0256 0.106 0.106 0.3159 0 0
31 421 1244 0 0 0 0 0 1.0004 0 0.986 0.0277 0.1456 0.182 2.3128 0.851 0.0285 0.3981 0.5358 3.9941 0.0747 0.0747 0.2896 0 0
31 422 1213 0 0 0 0 0 1.0002 0 0.9257 -0.1691 0.2947 0.525 2.5286 0.8225 -0.0243 0.4302 0.5776 4.0355 0.0989 0.0989 0.3349 0 0
31 423 1197 0 0 0 0 0 1.0003 0 0.9835 0.0358 0.1878 0.2339 1.5508 0.8369 0.0387 0.4117 0.5582 4.0168 -0.0927 0.0927 0.3211 0 0
31 424 1216 0 0 0 0 0 1.0015 0 0.9818 -0.0161 0.181 0.2234 1.5817 0.8142 -0.0414 0.3962 0.5375 3.9935 -0.0903 0.0903 0.2923 0 0
31 425 1196 0 0 0 0 0 1.0005 0 0.9694 -0.0902 0.1763 0.2599 1.4965 0.8586 -0.0664 0.3941 0.5237 4.0371 -0.0588 0.0588 0.2953 0 0
31 426 1246 0 0 0 0 0 1.0002 0 0.9884 -0.0667 0.1329 0.1714 1.3134 0.8305 -0.0237 0.4126 0.5735 4.0302 -0.0566 0.0566 0.2885 0 0
31 427 1198 0 0 0 0 0 1.0002 0 0.9751 0.1019 0.2606 0.3463 2.5548 0.7835 0.0576 0.4714 0.6245 4.0317 -0.053 0.053 0.3345 0 0
31 428 1243 0 0 0 0 0 1.0001 0 0.9798 0.0187 0.1487 0.1912 1.4519 0.8264 0.0342 0.3817 0.5338 4.0473 -0.0226 0.0226 0.2982 0 0
31 429 1290 0 0 0 0 0 1.0001 0 0.9814 -0.0735 0.2013 0.2372 1.9082 0.8443 -0.1275 0.409 0.5418 4.0368 -0.0245 0.0245 0.299 0 0
31 430 1205 0 0 0 0 0 1.0005 0 0.9785 0.0125 0.156 0.1842 1.0956 0.8142 0.0178 0.4263 0.5756 4.0261 -0.0483 0.0483 0.3002 0 0
31 431 1290 0 0 0 0 0 1.0003 0 0.9827 0.0109 0.1408 0.1985 1.2514 0.8341 -0.0102 0.4185 0.5652 3.9828 0.0432 0.0432 0.3038 0 0
31 432 1204 0 0 0 0 0 1.0007 0 0.9525 -0.0507 0.2504 0.407 2.5801 0.7973 -0.0719 0.408 0.5678 4.1193 0.0656 0.0656 0.3203 0 0
31 433 1196 0 0 0 0 0 1.0006 0 0.996 -0.0276 0.0943 0.1199 1.5853 0.808 -0.0482 0.4076 0.5683 4.0311 -0.0567 0.0567 0.3273 0 0
31 434 1217 0 0 0 0 0 1.0001 0 0.9888 0.0334 0.1827 0.2173 1.7687 0.8126 0.066 0.4061 0.5714 4.0455 -0.1325 0.1325 0.3108 0 0
31 435 1225 0 0 0 0 0 1.0008 0 0.9668 -0.0273 0.2407 0.3403 2.276 0.813 -0.0491 0.4151 0.5704 4.0413 -0.0045 0.0045 0.2983 0 0
31 436 1200 0 0 0 0 0 1.0002 0 0.9792 -0.0581 0.1624 0.2042 1.2354 0.8239 -0.0155 0.418 0.5848 4.0253 -0.0577 0.0577 0.3072 0 0
31 437 1233 0 0 0 0 0 1.0004 0 0.9778 0.0318 0.1941 0.2216 1.522 0.8541 0.0271 0.3889 0.5267 4.0028 0.0405 0.0405 0.2943 0 0
31 438 1235 0 0 0 0 0 1.0005 0 0.9623 -0.191 0.2647 0.4521 2.4505 0.8492 -0.0634 0.411 0.5475 3.9931 0.1202 0.1202 0.2847 0 0
31 439 1196 0 0 0 0 0 1.0008 0 0.9946 0.0695 0.1255 0.1625 2.2803 0.8085 0.0101 0.4313 0.5836 4.0358 -0.048 0.048 0.3138 0 0
31 440 1237 0 0 0 0 0 1.0013 0 0.9495 -0.0372 0.2381 0.4234 2.5645 0.8529 -0.018 0.3844 0.5325 4.064 -0.0767 0.0767 0.3239 0 0
31 441 1254 0 0 0 0 0 1.0003 0 0.9778 0.018 0.1676 0.1946 1.058 0.8614 0.0029 0.4007 0.5596 3.994 0.0725 0.0725 0.2747 0 0
31 442 1197 0 0 0 0 0 1.0016 0 0.9911 -0.0938 0.1608 0.1861 1.5421 0.8314 -0.1073 0.4187 0.5778 4.0577 -0.0163 0.0163 0.3317 0 0
31 443 1101 0 0 0 0 0 1.0002 0 0.9853 -0.025 0.2 0.2816 1.8695 0.8263 -0.036 0.4124 0.5568 4.1559 -0.0152 0.0152 0.3348 0 0
31 444 1265 0 0 0 0 0 1.0007 0 0.9881 0.1136 0.1421 0.1826 1.5337 0.8369 0.0513 0.4058 0.5551 3.9684 0.1325 0.1325 0.2793 0 0
31 445 1225 0 0 0 0 0 1.0007 0 0.9838 -0.0117 0.2047 0.2704 2.4763 0.8644 -0.0123 0.4086 0.5298 4.0266 0.106 0.106 0.3056 0 0
31 446 1268 0 0 0 0 0 1.0006 0 0.9719 0.0413 0.1534 0.1888 1.1892 0.8167 -0.0078 0.4218 0.6111 4.0201 -0.1779 0.1779 0.2738 0 0
31 447 1225 0 0 0 0 0 1.0002 0 0.9877 0.1215 0.1716 0.2134 1.6587 0.8332 0.0726 0.425 0.5685 4.0088 0.1334 0.1334 0.3016 0 0
31 448 1181 0 0 0 0 0 1.0014 0 0.9778 0.1875 0.2074 0.2562 1.0082 0.8237 0.0858 0.4207 0.5697 3.9935 -0.014 0.014 0.3004 0 0
31 449 1232 0 0 0 0 0 1.0005 0 0.9586 -0.0049 0.2897 0.3382 2.372 0.8578 -0.0092 0.4007 0.5378 4.0494 -0.0578 0.0578 0.2984 0 0
31 450 1193 0 0 0 0 0 1.0005 0 0.9803 -0.026 0.1395 0.1683 1.0233 0.8337 0.0234 0.3964 0.5462 4.1565 -0.0847 0.0847 0.3426 0 0
31 451 1243 0 0 0 0 0 1.0002 0 0.984 -0.0305 0.1554 0.1792 1.5686 0.842 -0.0387 0.3995 0.5279 4.1563 -0.0647 0.0647 0.3083 0 0
31 452 1221 0 0 0 0 0 1.0005 0 0.9747 -0.0044 0.1913 0.2867 1.9441 0.8043 -0.0289 0.425 0.5914 4.026 0.0163 0.0163 0.2996 0 0
31 453 1205 0 0 0 0 0 1.0005 0 0.9709 -0.0715 0.1999 0.3183 2.0927 0.8259 0.0189 0.3991 0.5382 4.0592 -3e-04 3e-04 0.3372 0 0
31 454 1227 0 0 0 0 0 1.0005 0 0.9894 -0.1068 0.1711 0.2065 1.8772 0.8171 -0.0523 0.4209 0.556 4.076 -0.0141 0.0141 0.3085 0 0
31 455 1244 0 0 0 0 0 1.0007 0 0.982 0.0105 0.1575 0.1868 1.5437 0.8383 -0.005 0.401 0.5264 4.0153 0.0456 0.0456 0.2934 0 0
31 456 1167 0 0 0 0 0 1.0007 0 0.9886 0.0242 0.1257 0.1607 1.3495 0.8217 -0.012 0.3961 0.5348 4.0149 -0.0901 0.0901 0.291 0 0
31 457 1203 0 0 0 0 0 1.0003 0 0.9854 0.0776 0.1836 0.2405 1.495 0.8012 0.0866 0.439 0.6085 4.0442 -0.0242 0.0242 0.3229 0 0
31 458 1220 0 0 0 0 0 1.0008 0 0.9634 0.1692 0.2761 0.5682 2.7404 0.8312 0.1094 0.416 0.5599 4.0929 -0.0195 0.0195 0.3326 0 0
31 459 1214 0 0 0 0 0 1.0008 0 0.9783 -0.0227 0.2162 0.2791 1.9964 0.8292 -0.0104 0.4091 0.5634 4.0547 -0.0523 0.0523 0.3229 0 0
31 460 1225 0 0 0 0 0 1.0004 0 0.9789 0.111 0.1857 0.2232 1.5411 0.8115 0.0774 0.4052 0.5418 4.0219 -0.0255 0.0255 0.2913 0 0
31 461 1251 0 0 0 0 0 1.0007 0 0.9859 -0.0052 0.1814 0.2328 1.481 0.8324 0.0198 0.4302 0.5873 4.0671 0.0737 0.0737 0.3069 0 0
31 462 1264 0 0 0 0 0 1.0002 0 0.9875 -0.1507 0.2368 0.2658 1.9997 0.8465 -0.1003 0.423 0.5679 3.9851 -0.0315 0.0315 0.2936 0 0
31 463 1122 0 0 0 0 0 1.0006 0 0.9731 0.0073 0.2127 0.2569 1.5682 0.8425 -0.0257 0.4156 0.5597 4.1166 0.0454 0.0454 0.2826 0 0
31 464 1191 0 0 0 0 0 1.0001 0 0.9888 0.0055 0.1217 0.1469 1.2996 0.8122 0.061 0.4305 0.5607 4.0214 0.0088 0.0088 0.2894 0 0
31 465 1246 0 0 0 0 0 1.001 0 0.9744 0.1394 0.2009 0.2455 1.2304 0.8599 0.114 0.3909 0.5061 3.9805 0.0376 0.0376 0.2798 0 0
31 466 1276 0 0 0 0 0 1.0004 0 0.9789 -0.0552 0.2527 0.3846 2.3233 0.8518 0.0162 0.4071 0.5391 4.0252 0.0128 0.0128 0.3081 0 0
31 467 1304 0 0 0 0 0 1.0001 0 0.9801 -0.015 0.1755 0.2168 1.7037 0.8502 -0.0763 0.4102 0.5375 4.0564 0.0619 0.0619 0.3089 0 0
31 468 1223 0 0 0 0 0 1.001 0 0.9702 0.1516 0.2357 0.4067 2.6412 0.8219 0.0534 0.4054 0.5759 4.0534 -0.0395 0.0395 0.3028 0 0
31 469 1221 0 0 0 0 0 1.0011 0 0.976 -0.0609 0.2239 0.3762 2.7932 0.8417 2e-04 0.4101 0.5375 4.0596 0.0613 0.0613 0.341 0 0
31 470 1234 0 0 0 0 0 1.0002 0 0.9684 -0.0284 0.2897 0.4547 2.6944 0.8374 0.0424 0.3963 0.543 4.0182 -0.0172 0.0172 0.305 0 0
31 471 1212 0 0 0 0 0 1.0004 0 0.965 -0.1435 0.2464 0.4399 2.7463 0.8427 -0.08 0.389 0.5276 4.0423 -0.0822 0.0822 0.3009 0 0
31 472 1210 0 0 0 0 0 1.001 0 0.9818 -0.0162 0.1644 0.211 1.4562 0.8173 -0.0042 0.4063 0.5456 4.007 -0.1171 0.1171 0.3347 0 0
31 473 1263 0 0 0 0 0 1.0002 0 0.9668 0.112 0.2513 0.4039 2.4124 0.8564 0.0361 0.3853 0.5319 3.9982 0.0411 0.0411 0.2868 0 0
31 474 1228 0 0 0 0 0 1.0004 0 0.9656 0.0607 0.2188 0.3006 1.89 0.8186 0.0363 0.4302 0.576 4.1011 0.0965 0.0965 0.2921 0 0
31 475 1247 0 0 0 0 0 1.0004 0 0.9822 -0.0938 0.2054 0.2788 2.0662 0.8151 -0.0125 0.3966 0.5398 4.0031 -0.0898 0.0898 0.2985 0 0
31 476 1199 0 0 0 0 0 1.0004 0 0.9805 -0.0147 0.1606 0.2101 1.4929 0.8127 -0.0366 0.4169 0.5617 4.0083 0.106 0.106 0.3119 0 0
31 477 1201 0 0 0 0 0 1.0001 0 0.9844 0.062 0.1802 0.2591 1.6506 0.8437 0.0538 0.4124 0.5593 4.0314 0.0484 0.0484 0.2963 0 0
31 478 1210 0 0 0 0 0 1.0009 0 0.97 0.1167 0.2424 0.3354 2.0922 0.8279 0.0435 0.4384 0.5934 3.9995 -0.0111 0.0111 0.2928 0 0
31 479 1248 0 0 0 0 0 1.0008 0 0.987 -0.059 0.1528 0.1957 2.1427 0.8401 -0.0057 0.3975 0.5184 4.0177 -0.08 0.08 0.3321 0 0
31 480 1206 0 0 0 0 0 1.001 0 0.9928 0.002 0.1211 0.1543 1.7005 0.8273 0.0304 0.4013 0.5513 4.0269 -0.1589 0.1589 0.2995 0 0
31 481 1087 0 0 0 0 0 1.0012 0 0.9768 0.064 0.1699 0.2057 1.3326 0.8584 0.102 0.3839 0.5069 4.0576 -0.001 0.001 0.2759 0 0
31 482 1235 0 0 0 0 0 1.0002 0 0.9898 0.0322 0.1397 0.1748 2.0373 0.8513 0.0314 0.3895 0.5208 4.0488 0.0552 0.0552 0.3007 0 0
31 483 1201 0 0 0 0 0 1.0009 0 0.9764 0.0364 0.2187 0.2964 2.0896 0.827 0.015 0.391 0.5665 3.9947 -0.0536 0.0536 0.2961 0 0
31 484 1235 0 0 0 0 0 1.0003 0 0.9714 -0.0445 0.2057 0.254 2.0569 0.8515 -0.0592 0.3775 0.51 4.0692 -0.0612 0.0612 0.3127 0 0
31 485 1234 0 0 0 0 0 1.0009 0 0.9529 -0.0778 0.2359 0.3403 1.9246 0.845 -0.0053 0.401 0.5376 4.0046 -0.0467 0.0467 0.2754 0 0
31 486 1181 0 0 0 0 0 1.0006 0 0.9711 0.0707 0.2538 0.4027 2.3301 0.8313 0.0176 0.4156 0.5446 3.9851 0.0365 0.0365 0.3126 0 0
31 487 1201 0 0 0 0 0 1.0002 0 0.9781 -0.0791 0.173 0.2061 1.4161 0.8276 -0.0787 0.42 0.5923 3.9854 0.0168 0.0168 0.2926 0 0
31 488 1238 0 0 0 0 0 1.0005 0 0.9742 0.0294 0.2488 0.3383 2.5468 0.8357 -0.0074 0.4055 0.5398 3.9776 0.1077 0.1077 0.2995 0 0
31 489 1240 0 0 0 0 0 1.0001 0 0.9435 0.0027 0.1955 0.2973 1.3913 0.8364 0.0517 0.3993 0.5489 4.0117 -0.063 0.063 0.3034 0 0
31 490 1214 0 0 0 0 0 1.0006 0 0.9757 0.0981 0.2233 0.3183 1.7297 0.8134 -1e-04 0.4272 0.5737 3.9685 0.0101 0.0101 0.2865 0 0
31 491 1230 0 0 0 0 0 1.0002 0 0.979 -0.0267 0.1408 0.1955 1.9676 0.8267 0.0189 0.4569 0.6036 3.9941 -0.1598 0.1598 0.2859 0 0
31 492 1261 0 0 0 0 0 1.0005 0 0.9485 -0.0984 0.2465 0.4097 2.6764 0.8253 -0.0414 0.3936 0.5589 4.0845 0.0854 0.0854 0.3316 0 0
31 493 1246 0 0 0 0 0 1.0006 0 0.974 -0.0159 0.2041 0.2397 1.3995 0.8468 -0.0235 0.3823 0.5135 4.1303 0.0385 0.0385 0.3196 0 0
31 494 1288 0 0 0 0 0 1.0001 0 0.9621 0.1581 0.2126 0.3756 2.0236 0.8507 0.0775 0.4255 0.5612 3.9968 0.0496 0.0496 0.2659 0 0
31 495 1226 0 0 0 0 0 1.0007 0 0.9872 0.0018 0.1354 0.1708 1.5568 0.8435 -0.0126 0.4083 0.5468 4.0148 -0.066 0.066 0.3038 0 0
31 496 1212 0 0 0 0 0 1.0011 0 0.9739 0.0217 0.1866 0.2473 1.3013 0.8272 0.0164 0.4137 0.5594 4.1705 -0.0224 0.0224 0.3524 0 0
31 497 1253 0 0 0 0 0 1.001 0 0.9785 0.0144 0.152 0.1996 1.2228 0.8478 0.0699 0.4233 0.5683 4.1263 0.0151 0.0151 0.3041 0 0
31 498 1146 0 0 0 0 0 1.0014 0 0.9871 -0.0038 0.1387 0.1803 2.0182 0.8326 -0.0066 0.3955 0.5412 4.053 -0.0366 0.0366 0.3172 0 0
31 499 1223 0 0 0 0 0 1.0014 0 0.9666 0.1055 0.1826 0.2683 1.4068 0.8172 0.0433 0.4145 0.5676 4.0113 0.0347 0.0347 0.3129 0 0
31 500 1230 0 0 0 0 0 1.0001 0 0.9774 -0.1023 0.1704 0.2169 1.0912 0.8184 -0.0692 0.4064 0.5703 4.0281 -0.1035 0.1035 0.2816 0 0
