cond r run.time ndiv nbfmi ntree nbulk ntail maxRhat nRhat alpha.cor alpha.bias alpha.abbias alpha.rmse alpha.CI beta.cor beta.bias beta.abbias beta.rmse beta.CI theta.cor theta.bias theta.abbias theta.rmse theta.CI lambda.bias lambda.abbias lambda.CI corrupt efficiency
28 1 1228 0 0 0 0 0 1.0008 0 -0.984 -0.1272 0.4811 0.5766 1.2979 0.9406 -0.1074 0.3209 0.4226 3.1229 0.5627 0.0452 0.6656 0.872 4.0996 0.1172 0.1172 0.5233 0 0
28 2 1280 0 0 0 0 0 1.0016 0 0.9886 0.0259 0.0397 0.058 1.1086 0.9974 -0.0033 0.0683 0.0778 1.5489 0.6624 0.0091 0.6091 0.7757 4.0157 0.1051 0.1051 0.3835 0 0
28 3 1222 0 0 0 0 0 1.0002 0 0.7385 -0.202 0.202 0.2501 1.3665 0.9775 -0.4853 0.65 1.0471 12.4843 0.5324 0.0323 0.69 0.8788 4.2699 -0.2676 0.2676 0.6702 0 0
28 4 1229 0 0 0 0 0 1.0009 0 0.9091 0.0383 0.1129 0.1402 1.2772 0.9709 -0.0409 0.217 0.2834 2.4521 0.6188 0.0033 0.616 0.7805 4.1207 0.089 0.089 0.4337 0 0
28 5 1242 0 0 0 0 0 1.0019 0 -0.5112 -0.2868 0.2889 0.3649 1.2161 0.992 0.3895 0.7127 0.9004 8.7502 0.5363 -0.017 0.6529 0.8331 4.0901 -0.041 0.041 0.6977 0 0
28 6 1249 0 0 0 0 0 1.0017 0 0.9698 0.1751 0.1975 0.3133 1.6594 0.9854 0.0787 0.1433 0.1865 1.8519 0.5877 0.0876 0.649 0.8084 4.0208 0.0066 0.0066 0.3919 0 0
28 7 1181 0 0 0 0 0 1.0038 0 0.845 -0.0976 0.2715 0.2753 1.9383 0.9874 0.4912 0.5619 0.8349 7.9634 0.5781 -0.0049 0.6297 0.8053 4.1562 -0.145 0.145 0.5292 0 0
28 8 1221 0 0 0 0 0 1.0011 0 0.5709 -0.0303 0.1774 0.1977 1.0201 0.9921 -0.0158 0.1735 0.2007 2.2952 0.6615 0.027 0.5892 0.7544 4.0357 -0.0909 0.0909 0.4016 0 0
28 9 1233 0 0 0 0 0 1.0014 0 1 -0.0404 0.0404 0.0405 1.6259 0.9963 0.1683 0.1683 0.1895 2.2581 0.6249 0.0015 0.6339 0.818 4.0678 0.1197 0.1197 0.4833 0 0
28 10 1226 0 0 0 0 0 1.0022 0 -0.9942 -0.1124 0.324 0.3727 1.3645 0.9866 0.1415 0.3302 0.4599 3.692 0.6114 -0.0328 0.606 0.7596 4.1208 -0.0774 0.0774 0.5038 0 0
28 11 1241 0 0 0 0 0 1.0014 0 1 0.1235 0.1311 0.1629 1.0863 0.9923 0.0633 0.1096 0.1346 1.1684 0.6773 -0.0127 0.5716 0.7355 4.0375 0.0649 0.0649 0.3545 0 0
28 12 1177 0 0 0 0 0 1.0011 0 0.9999 0.019 0.019 0.0213 1.2893 0.9956 0.1278 0.134 0.1662 3.8346 0.5609 0.0561 0.6362 0.8101 4.0976 0.0503 0.0503 0.5337 0 0
28 13 1268 0 0 0 0 0 1.0006 0 0.895 -0.0393 0.3311 0.3686 1.3195 0.9684 0.3186 0.3354 0.5556 3.7475 0.6597 -0.0282 0.6053 0.7511 4.0828 0.1441 0.1441 0.3694 0 0
28 14 1204 0 0 0 0 0 1.0008 0 0.9606 -0.2235 0.2235 0.2504 1.385 0.9959 -0.2408 0.4785 0.6722 7.1369 0.592 -0.0222 0.6528 0.8254 4.0797 -0.0165 0.0165 0.6346 0 0
28 15 1207 0 0 0 0 0 1.0008 0 0.5964 0.1899 0.1899 0.2343 1.3043 0.9917 -0.0743 0.2254 0.2678 3.1459 0.5522 0.05 0.6981 0.8705 4.0453 0.1091 0.1091 0.4162 0 0
28 16 1217 0 0 0 0 0 1.001 0 0.7318 0.031 0.3104 0.3535 1.2424 0.9898 0.1578 0.1583 0.2214 1.1745 0.6779 0.0035 0.5719 0.7447 4.0348 -0.1424 0.1424 0.3599 0 0
28 17 1243 0 0 0 0 0 1.0006 0 0.9644 -0.1808 0.1808 0.2135 1.2572 0.9839 -0.2363 0.2616 0.4271 5.3259 0.6342 0.0903 0.625 0.7813 4.0973 -1e-04 1e-04 0.5053 0 0
28 18 1192 0 0 0 0 0 1.0015 0 -0.7626 -0.1056 0.139 0.2132 1.2278 0.9843 0.006 0.2256 0.3154 2.6219 0.6096 0.0597 0.6583 0.8274 4.1657 -0.1636 0.1636 0.5039 0 0
28 19 1192 0 0 0 0 0 1.0011 0 0.9529 -0.0187 0.0978 0.0992 1.5455 0.9842 0.28 0.3174 0.4474 5.7097 0.5281 0.0495 0.6506 0.8223 4.0992 -0.019 0.019 0.4995 0 0
28 20 1221 0 0 0 0 0 1.0014 0 0.9614 -0.0727 0.2371 0.2386 1.7974 0.9884 0.0557 0.205 0.2603 1.7348 0.6833 0.056 0.5792 0.727 4.0283 0.1584 0.1584 0.389 0 0
28 21 1222 0 0 0 0 0 1.0004 0 0.8061 -0.1453 0.1654 0.2288 1.2649 0.9887 0.1166 0.2483 0.3898 4.1352 0.6289 0.0322 0.6159 0.7783 4.1775 -0.1857 0.1857 0.5076 0 0
28 22 1249 0 0 0 0 0 1.005 0 -0.9625 -0.0389 0.3702 0.3864 2.401 0.9628 0.1487 0.6197 0.8616 7.5185 0.5134 -0.0617 0.6949 0.8759 4.117 -0.0862 0.0862 0.5687 0 0
28 23 1255 0 0 0 0 0 1.0021 0 0.8847 -0.1612 0.1716 0.2262 1.3527 0.9809 0.0923 0.2778 0.3159 2.9799 0.647 0.0654 0.5784 0.74 4.1354 -0.1561 0.1561 0.5468 0 0
28 24 1276 0 0 0 0 0 1.0036 0 0.7242 -0.2877 0.2877 0.3244 1.6855 0.9867 -0.1956 0.6617 0.8176 5.6302 0.5882 0.0103 0.6199 0.7746 4.1494 0.073 0.073 0.6096 0 0
28 25 1233 0 0 0 0 0 1.0014 0 0.9451 -0.0351 0.0891 0.1139 1.3411 0.9799 -0.1759 0.2981 0.5372 6.6292 0.499 -0.0349 0.6725 0.8561 4.1008 -0.114 0.114 0.6046 0 0
28 26 1213 0 0 0 0 0 1.0074 0 -0.9904 -0.17 0.3482 0.3961 1.9249 0.9766 0.8295 1.1931 1.8958 17.3535 0.5118 -0.0043 0.6882 0.8687 4.121 0.1075 0.1075 0.6807 0 0
28 27 1248 0 0 0 0 0 1.0024 0 0.1235 -0.0927 0.2597 0.2646 1.4162 0.9815 -0.4293 0.541 0.8124 6.9428 0.5923 0.036 0.6247 0.7761 4.2405 -0.1847 0.1847 0.5528 0 0
28 28 1222 0 0 0 0 0 1.0013 0 0.218 0.0651 0.3419 0.3987 1.2936 0.9946 0.3376 0.3522 0.428 3.6322 0.6582 0.0414 0.6226 0.7703 4.0551 -0.0189 0.0189 0.4127 0 0
28 29 1249 0 0 0 0 0 1.0013 0 0.9679 -0.065 0.2128 0.2301 1.4892 0.9675 -0.3273 0.4576 0.8154 7.9226 0.6669 -0.003 0.6065 0.752 4.0431 -0.0599 0.0599 0.389 0 0
28 30 1220 0 0 0 0 0 1.001 0 0.925 -0.1431 0.1431 0.158 1.1158 0.9987 -0.0366 0.2077 0.2382 3.3977 0.5851 0.0074 0.6024 0.7596 4.094 -0.196 0.196 0.4888 0 0
28 31 1257 0 0 0 0 0 1.0008 0 0.9715 -0.0569 0.0569 0.0752 1.3219 0.9914 -0.1487 0.1912 0.2304 2.1895 0.6909 0.0297 0.5445 0.6923 4.1043 -0.0349 0.0349 0.4159 0 0
28 32 1244 0 0 0 0 0 1.0021 0 -0.7569 -0.0326 0.2292 0.234 1.4893 0.9902 -0.0821 0.2802 0.3291 4.5538 0.503 0.0137 0.6742 0.8488 4.0664 -0.1118 0.1118 0.4915 0 0
28 33 1260 0 0 0 0 0 1.0019 0 -0.9806 -0.2406 0.3391 0.3686 1.7056 0.9822 -0.5785 0.5865 0.8377 5.1438 0.6308 0.0379 0.6156 0.7664 4.2017 0.1451 0.1451 0.6099 0 0
28 34 1237 0 0 0 0 0 1.002 0 -0.6018 0.0636 0.2363 0.2965 1.4049 0.9937 -0.1066 0.1414 0.1614 1.6941 0.675 0.0286 0.5678 0.7411 4.0499 -0.1085 0.1085 0.3744 0 0
28 35 1221 0 0 0 0 0 1.0007 0 0.2046 0.0565 0.2311 0.2432 1.1701 0.9859 0.2127 0.2351 0.2817 1.0426 0.6567 0.1159 0.5891 0.7464 4.0233 -0.0065 0.0065 0.364 0 0
28 36 1206 0 0 0 0 0 1.0004 0 0.377 -0.1553 0.2506 0.2907 1.211 0.9907 -0.1907 0.2722 0.3961 3.7057 0.5963 0.0212 0.6378 0.8141 4.0776 -0.1297 0.1297 0.4988 0 0
28 37 1217 0 0 0 0 0 1.0035 0 -0.1389 0.0968 0.1711 0.1808 1.3722 0.9942 9e-04 0.1952 0.2237 3.9996 0.5204 -0.0505 0.7024 0.8876 4.2213 0.1673 0.1673 0.5409 0 0
28 38 1283 0 0 0 0 0 1.0025 0 0.973 -0.2629 0.2629 0.309 1.1065 0.9949 -0.101 0.3654 0.4603 4.9994 0.5869 -0.0105 0.6186 0.7949 4.2204 0.2185 0.2185 0.701 0 0
28 39 1274 0 0 0 0 0 1.0007 0 0.6213 -0.045 0.2469 0.2883 1.5453 0.9749 -0.1739 0.3493 0.5084 3.725 0.6075 -0.0448 0.6029 0.7623 4.0617 0.1313 0.1313 0.414 0 0
28 40 1253 0 0 0 0 0 1.0011 0 0.9723 0.0089 0.1584 0.1806 1.5065 0.9893 0.0278 0.1323 0.2122 2.7025 0.6109 -0.0445 0.592 0.7479 4.0774 -0.0208 0.0208 0.4029 0 0
28 41 1212 0 0 0 0 0 1.001 0 -0.3008 0.2108 0.3888 0.5379 1.78 0.9323 -0.1305 0.2907 0.3892 1.7814 0.5438 -0.0155 0.6862 0.8717 4.0851 -0.085 0.085 0.4424 0 0
28 42 1183 0 0 0 0 0 1.0028 0 0.9378 0.0669 0.233 0.279 1.7152 0.9624 0.0721 0.2828 0.3429 4.003 0.554 0.0105 0.6681 0.8451 4.0564 -0.0044 0.0044 0.4906 0 0
28 43 1227 0 0 0 0 0 1.0022 0 0.7017 -0.1892 0.2524 0.2763 1.3446 0.9784 -0.1438 0.3271 0.4947 4.9463 0.6108 -0.0733 0.5739 0.7448 4.1787 0.0717 0.0717 0.6392 0 0
28 44 1253 0 0 0 0 0 1.0023 0 -0.9062 0.1031 0.2586 0.3052 1.7719 0.989 -0.2865 0.3007 0.4065 4.0694 0.5942 -0.0847 0.6291 0.7914 4.0505 -0.1149 0.1149 0.4281 0 0
28 45 1278 0 0 0 0 0 1.005 0 0.6066 0.1334 0.2568 0.2906 1.7379 0.9813 0.0453 0.1435 0.1815 1.5524 0.6054 0.032 0.6353 0.8151 4.0806 -0.1474 0.1474 0.3863 0 0
28 46 1229 0 0 0 0 0 1.0011 0 -0.7982 0.1381 0.5513 0.5761 2.0651 0.9534 -0.3414 0.4488 0.7335 4.8151 0.5902 0.0141 0.6676 0.8219 4.0423 -0.0588 0.0588 0.3759 0 0
28 47 1250 0 0 0 0 0 1.0008 0 0.8442 -0.1689 0.1689 0.2585 1.1543 0.9893 -0.1503 0.2017 0.2727 2.4063 0.6887 -0.0167 0.5986 0.7483 4.0351 -0.0067 0.0067 0.4165 0 0
28 48 1251 0 0 0 0 0 1.0007 0 0.0836 0.1328 0.2404 0.3091 1.6062 0.9906 -0.0468 0.1791 0.2034 1.9327 0.659 -0.0238 0.6256 0.7825 4.054 0.0599 0.0599 0.3802 0 0
28 49 1246 0 0 0 0 0 1.0049 0 0.8881 -0.148 0.148 0.1641 1.6367 0.9948 -0.1097 0.4377 0.4936 5.0977 0.561 -0.038 0.6353 0.813 4.1039 0.0106 0.0106 0.6173 0 0
28 50 1255 0 0 0 0 0 1.0007 0 0.9334 -0.0203 0.0704 0.0715 1.3073 0.9974 0.1047 0.1592 0.2334 3.1587 0.6767 -0.0122 0.5903 0.7517 4.1324 -0.1344 0.1344 0.472 0 0
28 51 1274 0 0 0 0 0 1.0034 0 -0.8177 -0.0048 0.2701 0.3062 1.6434 0.9734 -0.2721 0.4448 0.6673 6.3154 0.5167 -0.0373 0.6839 0.8725 4.2146 0.3103 0.3103 0.5259 0 0
28 52 1238 0 0 0 0 0 1.0007 0 0.435 0.2178 0.2178 0.2476 1.2122 0.9951 0.0788 0.1197 0.1434 1.447 0.5632 0.0139 0.6697 0.8439 4.1148 -0.2482 0.2482 0.4084 0 0
28 53 1250 0 0 0 0 0 1.0004 0 -0.9529 -0.0772 0.1714 0.2231 1.0871 0.9932 0.1051 0.1643 0.1837 1.17 0.6306 0.0579 0.5788 0.7387 4.0818 0.0868 0.0868 0.3789 0 0
28 54 1278 0 0 0 0 0 1.001 0 -0.9786 -0.1843 0.3381 0.4671 1.182 0.9185 -0.1121 0.4755 0.7365 4.706 0.5102 0.0208 0.6176 0.7866 4.2072 0.0209 0.0209 0.6595 0 0
28 55 1242 0 0 0 0 0 1.0013 0 -0.9928 -0.1292 0.1542 0.217 1.019 0.9818 -0.0775 0.2057 0.2416 1.543 0.6465 -0.0526 0.611 0.801 4.0485 -0.1512 0.1512 0.4112 0 0
28 56 1257 0 0 0 0 0 1.0003 0 0.4904 -0.1642 0.3191 0.3251 0.9373 0.9563 0.1466 0.2879 0.3467 1.4602 0.6908 0.092 0.5716 0.7282 4.046 -0.0833 0.0833 0.3703 0 0
28 57 1225 0 0 0 0 0 1.0014 0 0.8867 0.1273 0.1428 0.1665 1.3476 0.9921 0.0118 0.0825 0.1076 0.9826 0.6328 0.059 0.5912 0.7473 4.048 -0.0285 0.0285 0.3496 0 0
28 58 1225 0 0 0 0 0 1.005 0 0.6004 0.0214 0.2296 0.2661 1.7734 0.9612 1.1377 1.2091 2.0045 19.5649 0.5141 -0.0324 0.7074 0.9073 4.3812 -0.146 0.146 0.7256 0 0
28 59 1457 0 1 0 0 0 1.0117 1 -0.1256 0.1053 0.2992 0.3848 2.9084 0.9803 0.2533 0.3778 0.5594 6.4492 0.4223 0.0358 0.7051 0.8833 4.2026 -0.1148 0.1148 0.656 1 0
28 60 1207 0 0 0 0 0 1.0015 0 0.72 -0.1586 0.3114 0.3222 1.4155 0.9768 0.0885 0.3312 0.5432 6.9733 0.6812 -0.0363 0.5906 0.7376 4.1955 0.0732 0.0732 0.4559 0 0
28 61 1240 0 0 0 0 0 1.0011 0 0.8801 0.0629 0.2013 0.2049 1.2661 0.997 0.0288 0.0834 0.1056 1.6836 0.7179 -0.0122 0.5807 0.747 4.0262 -0.0611 0.0611 0.3132 0 0
28 62 1226 0 0 0 0 0 1.0022 0 0.797 -0.0776 0.1043 0.1143 1.3535 0.9804 0.0492 0.1704 0.2364 2.9769 0.6563 0.0015 0.6033 0.765 4.098 0.0481 0.0481 0.6156 0 0
28 63 1225 0 0 0 0 0 1.0005 0 0.6819 -0.0043 0.0931 0.0973 0.9632 0.9981 -0.0298 0.1212 0.1426 2.3504 0.6566 -0.0167 0.601 0.7698 4.0722 0.1271 0.1271 0.4184 0 0
28 64 1246 0 0 0 0 0 1.0013 0 0.9682 -0.0931 0.1038 0.1375 1.3127 0.9938 0.108 0.1632 0.2371 2.8554 0.6852 0.0063 0.5831 0.7374 4.0417 -0.1095 0.1095 0.4258 0 0
28 65 1245 0 0 0 0 0 1.0009 0 0.9928 -8e-04 0.0302 0.0338 1.1827 0.9905 0.0189 0.0973 0.1188 0.8885 0.7069 0.0455 0.5938 0.7334 4.0489 0.1027 0.1027 0.3588 0 0
28 66 1213 0 0 0 0 0 1.0004 0 0.9997 0.3034 0.3034 0.3083 1.3182 0.9954 -0.0572 0.3011 0.3671 1.1027 0.6712 -0.0169 0.6096 0.7617 4.0581 0.0224 0.0224 0.3535 0 0
28 67 1207 0 0 0 0 0 1.0005 0 0.6143 -0.0338 0.1457 0.152 1.1413 0.9897 -0.0716 0.17 0.1876 2.2563 0.6509 -0.087 0.6018 0.7611 4.0334 0.059 0.059 0.3947 0 0
28 68 1216 0 0 0 0 0 1.0005 0 0.922 -0.0383 0.1228 0.1489 1.6261 0.974 -0.1399 0.2285 0.4079 3.8573 0.6186 0.0282 0.6233 0.7908 4.1214 -0.0343 0.0343 0.5664 0 0
28 69 1251 0 0 0 0 0 1.0012 0 0.4559 0.151 0.2434 0.2846 1.2172 0.9942 -0.144 0.1713 0.2117 2.2809 0.6921 -0.0867 0.608 0.7594 4.0312 0.1529 0.1529 0.3345 0 0
28 70 1198 0 0 0 0 0 1.0047 0 -0.7808 0.0089 0.2244 0.2418 1.903 0.9861 0.0516 0.2548 0.2914 4.2659 0.5045 0.0078 0.6912 0.8719 4.1083 0.004 0.004 0.5283 0 0
28 71 1226 0 0 0 0 0 1.0031 0 -0.4651 0.0262 0.3382 0.3739 1.847 0.9813 0.0738 0.2481 0.2882 2.5468 0.5991 0.0589 0.6407 0.7896 4.0889 -0.1516 0.1516 0.4529 0 0
28 72 1219 0 0 0 0 0 1.0015 0 -0.9426 -0.0296 0.1592 0.1863 1.3376 0.9893 0.2558 0.3306 0.3771 2.6414 0.4897 0.0467 0.6897 0.8742 4.076 -0.0086 0.0086 0.5282 0 0
28 73 1371 0 0 0 0 0 1.0055 0 0.9416 -0.2103 0.2103 0.2155 1.3236 0.9919 0.0187 0.5062 0.5821 4.761 0.572 0.0255 0.6029 0.7867 4.2912 0.0876 0.0876 0.7008 0 0
28 74 1281 0 0 0 0 0 1.0015 0 -0.5868 -0.08 0.3605 0.4514 1.4444 0.9785 -0.0431 0.2288 0.3494 2.5449 0.6701 0.0044 0.5772 0.729 4.0526 -0.0013 0.0013 0.4097 0 0
28 75 1267 0 0 0 0 0 1.0008 0 -0.8101 2e-04 0.1226 0.131 0.969 0.9938 0.0097 0.1146 0.1327 1.4471 0.6319 0.0561 0.6307 0.8018 4.0467 -0.0667 0.0667 0.3799 0 0
28 76 1251 0 0 0 0 0 1.0007 0 0.5624 0.1191 0.1714 0.1877 1.2176 0.9922 -0.0763 0.1137 0.1356 1.6147 0.6964 -0.024 0.5645 0.7173 4.0215 -0.0571 0.0571 0.3275 0 0
28 77 1212 0 0 0 0 0 1.0011 0 0.906 -0.0246 0.0941 0.1044 1.1156 0.9959 -0.1079 0.1141 0.1376 1.1059 0.6752 -0.0685 0.5779 0.7477 4.0419 -0.1502 0.1502 0.3872 0 0
28 78 1225 0 0 0 0 0 1.0022 0 -0.4042 -0.0344 0.236 0.2886 1.5121 0.9967 -0.1264 0.2023 0.276 4.8391 0.627 0.0209 0.6488 0.8148 4.0322 -0.0254 0.0254 0.4344 0 0
28 79 1209 0 0 0 0 0 1.0042 0 0.9665 0.077 0.1698 0.1712 1.7415 0.9827 0.2124 0.2386 0.3821 5.9394 0.5424 -0.0208 0.6409 0.8123 4.0335 -0.0036 0.0036 0.5344 0 0
28 80 1240 0 0 0 0 0 1.0007 0 0.9995 0.1002 0.1002 0.103 1.3783 0.9977 0.0431 0.1599 0.2044 2.3086 0.577 -0.0039 0.623 0.787 4.0524 0.0306 0.0306 0.4246 0 0
28 81 1200 0 0 0 0 0 1.0008 0 0.9713 0.1265 0.136 0.1673 1.1284 0.9926 -0.0453 0.0926 0.1178 1.1261 0.6949 0.0124 0.5687 0.7331 4.0535 0.0221 0.0221 0.3379 0 0
28 82 1217 0 0 0 0 0 1.0008 0 0.7922 -0.2153 0.2951 0.3626 1.1847 0.9916 -0.0896 0.3604 0.472 3.5196 0.6071 0.01 0.6214 0.7904 4.2642 -0.169 0.169 0.5327 0 0
28 83 1221 0 0 0 0 0 1.0011 0 0.3343 0.1157 0.1501 0.1732 1.2316 0.98 -0.145 0.2056 0.2527 2.2504 0.5999 -0.0615 0.6804 0.8562 4.0482 0.069 0.069 0.4007 0 0
28 84 1240 0 0 0 0 0 1.0004 0 0.9711 -0.0889 0.1272 0.139 1.1207 0.9975 -0.0621 0.1167 0.1447 2.2658 0.6588 -0.0338 0.5908 0.7443 4.0523 0.0869 0.0869 0.4477 0 0
28 85 1262 0 0 0 0 0 1.0027 0 0.3171 -0.1726 0.1726 0.2568 1.4969 0.9688 -0.2373 0.3115 0.5862 4.2622 0.598 -0.0541 0.6265 0.792 4.0917 0.0297 0.0297 0.4924 0 0
28 86 1251 0 0 0 0 0 1.0006 0 0.7696 -0.2384 0.2734 0.317 1.0318 0.9872 -0.0329 0.2331 0.3059 1.7887 0.687 -0.01 0.5696 0.7352 4.0551 -0.1067 0.1067 0.4291 0 0
28 87 1213 0 0 0 0 0 1.0052 0 0.0962 -0.1445 0.1599 0.2638 1.4317 0.9952 0.3556 0.4016 0.5963 6.6935 0.5877 0.0321 0.6504 0.814 4.0317 -0.02 0.02 0.5052 0 0
28 88 1240 0 0 0 0 0 1.0006 0 0.8029 -0.0749 0.1329 0.1512 1.2709 0.9926 0.0252 0.1089 0.148 1.956 0.6872 -0.0924 0.5602 0.7002 4.0641 -0.0625 0.0625 0.4134 0 0
28 89 1230 0 0 0 0 0 1.0009 0 0.4942 0.1136 0.2225 0.2294 1.1295 0.9967 -0.0253 0.1206 0.1411 0.9864 0.6975 -0.0288 0.568 0.7293 4.0382 -0.0506 0.0506 0.3813 0 0
28 90 1222 0 0 0 0 0 1.0006 0 0.9562 -0.1518 0.1518 0.1594 0.976 0.9988 0.2533 0.3409 0.4136 3.9622 0.5042 0.0324 0.6843 0.8734 4.2418 0.2633 0.2633 0.6224 0 0
28 91 1229 0 0 0 0 0 1.0011 0 0.6541 -0.0956 0.204 0.2695 0.9977 0.9937 0.0302 0.1256 0.1707 1.9287 0.6818 -0.029 0.5793 0.7467 4.0393 -0.0905 0.0905 0.4221 0 0
28 92 1371 2 0 0 0 0 1.0034 0 0.4696 -0.2717 0.2717 0.3405 1.3167 0.9884 -0.4216 0.842 1.2154 10.1504 0.5255 -0.0062 0.6864 0.8707 4.7485 -0.1933 0.1933 1.0493 1 0
28 93 1229 0 0 0 0 0 1.0006 0 0.9902 -0.0905 0.141 0.2029 1.1813 0.9832 0.1021 0.2539 0.32 3.7103 0.5741 0.0337 0.6536 0.8357 4.084 0.056 0.056 0.5816 0 0
28 94 1266 0 0 0 0 0 1.0043 0 0.9828 0.0352 0.1511 0.1564 1.5038 0.9475 0.2017 0.3601 0.643 7.3513 0.6811 0.0505 0.56 0.7175 4.0202 0.055 0.055 0.3814 0 0
28 95 1236 0 0 0 0 0 1.0007 0 -0.8379 -0.1775 0.2635 0.306 1.2007 0.9984 0.1647 0.2863 0.412 3.5027 0.6703 -0.0594 0.5724 0.7223 4.0371 0.0068 0.0068 0.4128 0 0
28 96 1252 0 0 0 0 0 1.0007 0 0.6829 -0.0691 0.204 0.2074 1.0186 0.9913 0.1297 0.1823 0.2144 1.4867 0.7029 0.0079 0.5714 0.7201 4.0312 0.0153 0.0153 0.3642 0 0
28 97 1249 0 0 0 0 0 1.0007 0 0.2903 -0.2276 0.4202 0.4687 1.2242 0.9764 0.4309 0.5311 0.6468 3.2281 0.6323 0.0401 0.6227 0.769 4.0877 0.1547 0.1547 0.4875 0 0
28 98 1200 0 0 0 0 0 1.0014 0 -0.946 -0.2442 0.2442 0.2684 1.1157 0.9984 0.2036 0.4767 0.5953 4.6441 0.5674 0.049 0.6449 0.8226 4.2596 0.1488 0.1488 0.757 0 0
28 99 1236 0 0 0 0 0 1.0007 0 0.7228 -0.2434 0.307 0.3927 0.9431 0.9684 0.174 0.6152 0.7571 5.5698 0.6293 0.0293 0.6169 0.791 4.1321 0.2431 0.2431 0.5294 0 0
28 100 1215 0 0 0 0 0 1.0007 0 -0.5542 0.114 0.1769 0.2145 1.0681 0.994 -0.0135 0.0947 0.1192 1.5187 0.6531 -0.0548 0.6119 0.7697 4.0455 0.0535 0.0535 0.3374 0 0
28 101 1238 0 0 0 0 0 1.013 1 0.2815 -0.1265 0.1463 0.1837 1.8257 0.9893 0.2933 0.4224 0.6015 4.8848 0.4751 0.0102 0.6814 0.8826 4.4262 0.381 0.381 0.616 1 0
28 102 1239 0 0 0 0 0 1.002 0 0.757 0.1362 0.2808 0.3724 1.561 0.9916 0.0843 0.1513 0.2115 2.1461 0.6432 -0.0389 0.6142 0.7817 4.0344 -0.0152 0.0152 0.3825 0 0
28 103 1283 0 0 0 0 0 1.0009 0 0.562 0.017 0.1359 0.1559 1.0967 0.9941 0.0732 0.1229 0.148 1.6696 0.6565 -0.004 0.5888 0.7513 4.0408 -0.0491 0.0491 0.4514 0 0
28 104 1225 0 0 0 0 0 1.0014 0 0.3724 -0.0907 0.2378 0.2402 1.1309 0.9923 0.157 0.2316 0.3178 4.1269 0.6041 0.0154 0.6442 0.8022 4.0305 -0.0532 0.0532 0.4531 0 0
28 105 1235 0 0 0 0 0 1.0007 0 -0.2122 0.0912 0.155 0.2119 1.0494 0.9838 -0.1588 0.2071 0.274 1.5236 0.5663 -0.0177 0.658 0.8491 4.1434 -0.2354 0.2354 0.4563 0 0
28 106 1248 0 0 0 0 0 1.0022 0 0.7009 -0.1341 0.246 0.26 1.3687 0.9926 0.0417 0.174 0.2332 2.0895 0.6908 0.0152 0.5875 0.7302 4.0202 -0.0239 0.0239 0.4009 0 0
28 107 1222 0 0 0 0 0 1.0036 0 0.876 0.0737 0.252 0.3063 1.7721 0.9545 -0.1584 0.2945 0.4167 3.6696 0.6074 0.0048 0.6646 0.8371 4.0883 0.0132 0.0132 0.438 0 0
28 108 1298 0 0 0 0 0 1.0006 0 0.8174 -0.1894 0.1894 0.2185 1.1976 0.9935 -0.1761 0.3034 0.3675 3.5397 0.638 -0.0288 0.5857 0.7377 4.0629 -0.0507 0.0507 0.4138 0 0
28 109 1249 0 0 0 0 0 1.0013 0 0.9203 0.0017 0.1095 0.1188 1.3486 0.9868 -0.0342 0.2122 0.2707 3.9798 0.5686 -0.0562 0.6716 0.8373 4.1715 0.2192 0.2192 0.5566 0 0
28 110 1182 0 0 0 0 0 1.0012 0 0.9986 0.0953 0.1286 0.1401 1.1579 0.9954 -0.0576 0.1148 0.1397 1.7146 0.6123 -0.018 0.6376 0.79 4.1723 0.1537 0.1537 0.4778 0 0
28 111 1269 0 0 0 0 0 1.0006 0 -0.7983 -0.0392 0.1731 0.2122 1.1534 0.9893 -0.0371 0.2198 0.2526 1.965 0.649 -0.0614 0.5749 0.7232 4.0158 -0.0482 0.0482 0.352 0 0
28 112 1289 1 0 0 0 0 1.0032 0 0.5471 -0.4777 0.4777 0.4992 1.2281 0.9955 -0.5873 1.3993 1.7194 14.0256 0.6202 -0.0085 0.6027 0.7569 4.4806 0.046 0.046 1.0993 1 0
28 113 1236 0 0 0 0 0 1.0003 0 -0.7019 -0.0237 0.26 0.2706 1.3861 0.9884 0.201 0.2373 0.331 2.9811 0.6378 0.0415 0.5936 0.7383 4.0274 -0.0113 0.0113 0.4354 0 0
28 114 1180 0 0 0 0 0 1.0023 0 0.8841 -0.1036 0.192 0.2083 1.3959 0.9679 0.2806 0.3409 0.5414 5.4772 0.6165 -0.024 0.614 0.7668 4.1206 -0.1011 0.1011 0.4791 0 0
28 115 1235 0 0 0 0 0 1.0045 0 0.3177 -0.1102 0.4471 0.4584 2.1191 0.954 -0.0636 0.3718 0.4733 4.2382 0.6142 -0.026 0.6279 0.7856 4.0444 -0.1173 0.1173 0.4747 0 0
28 116 1259 0 0 0 0 0 1.0012 0 0.9654 -0.0875 0.0875 0.1188 1.2581 0.9901 -0.0655 0.2763 0.4078 3.8584 0.6756 0.0503 0.585 0.7652 4.0773 0.0314 0.0314 0.4136 0 0
28 117 1183 0 0 0 0 0 1.0012 0 0.0539 0.3057 0.402 0.4705 1.9811 0.979 0.1439 0.2977 0.3439 2.5464 0.5648 0.0416 0.7243 0.9126 4.0401 -0.099 0.099 0.3959 0 0
28 118 1235 0 0 0 0 0 1.0013 0 0.6783 -0.0894 0.254 0.3141 1.0745 0.9748 0.0028 0.1925 0.244 1.6547 0.5859 -0.0105 0.6681 0.8471 4.3508 -0.3146 0.3146 0.548 0 0
28 119 1198 0 0 0 0 0 1.0019 0 0.7872 -7e-04 0.1288 0.1471 1.4008 0.991 -0.0695 0.1852 0.3121 4.9766 0.6178 0.0638 0.6084 0.7679 4.1571 0.0578 0.0578 0.4744 0 0
28 120 1274 0 0 0 0 0 1.0046 0 0.9791 -0.0877 0.0877 0.1044 1.4142 0.9857 -0.0135 0.2142 0.2948 3.5334 0.613 0.0304 0.5944 0.7683 4.0834 0.0681 0.0681 0.5118 0 0
28 121 1208 0 0 0 0 0 1.0019 0 0.9148 -0.169 0.2487 0.3619 1.008 0.9969 0.0994 0.1657 0.2414 4.4206 0.6103 0.0896 0.644 0.8105 4.0936 -0.1938 0.1938 0.4679 0 0
28 122 1232 0 0 0 0 0 1.0008 0 -0.981 -0.1837 0.2189 0.2521 1.2464 0.9925 -0.3641 0.3984 0.5623 4.3521 0.605 0.0238 0.6445 0.8095 4.1399 -0.0488 0.0488 0.5642 0 0
28 123 1237 0 0 0 0 0 1.0012 0 0.0682 -0.1307 0.1437 0.2156 0.9869 0.9908 -0.1129 0.1799 0.2433 1.9482 0.6668 -0.0744 0.6146 0.7689 4.0604 0.0091 0.0091 0.4652 0 0
28 124 1220 0 0 0 0 0 1.0008 0 0.9881 0.0079 0.0425 0.0525 1.2771 0.9938 -0.2 0.2226 0.2793 1.9621 0.6202 -0.1116 0.5927 0.7547 4.0502 0.0294 0.0294 0.4326 0 0
28 125 1279 0 0 0 0 0 1.0013 0 -0.9259 -0.045 0.3375 0.3894 1.3155 0.9669 0.1304 0.3085 0.4386 2.5432 0.629 0.0715 0.5857 0.7458 4.0645 0.1481 0.1481 0.3941 0 0
28 126 1209 0 0 0 0 0 1.0007 0 0.7783 -0.0159 0.1439 0.1595 1.3268 0.967 -0.276 0.3541 0.4809 3.0822 0.5782 -0.06 0.62 0.791 4.0656 0.1768 0.1768 0.4469 0 0
28 127 1228 0 0 0 0 0 1.0013 0 0.6946 0.0495 0.1135 0.1142 1.1765 0.9887 0.0162 0.1416 0.1689 1.9968 0.5101 -0.0166 0.7114 0.8955 4.1844 0.1993 0.1993 0.5167 0 0
28 128 1253 0 0 0 0 0 1.0019 0 -0.5795 0.1463 0.3408 0.4406 2.7079 0.952 -0.0271 0.2158 0.2695 2.2739 0.5859 -0.0169 0.6279 0.7868 4.1599 -0.1118 0.1118 0.4872 0 0
28 129 1250 0 0 0 0 0 1.0011 0 0.702 0.0054 0.1197 0.1269 1.0781 0.9965 0.0424 0.1002 0.1406 2.3653 0.5915 0.0243 0.6498 0.8141 4.158 -0.1305 0.1305 0.4359 0 0
28 130 1273 0 0 0 0 0 1.0007 0 -0.382 -0.1616 0.3022 0.3141 1.265 0.9889 0.194 0.3217 0.4039 3.6195 0.6248 0.044 0.6144 0.7854 4.0844 0.0215 0.0215 0.5556 0 0
28 131 1169 0 0 0 0 0 1.0005 0 -0.8326 -0.3325 0.3325 0.4698 1.2741 0.9829 0.7031 0.7503 1.024 8.1457 0.6494 0.0204 0.608 0.7834 4.0751 0.0092 0.0092 0.5781 0 0
28 132 1220 0 0 0 0 0 1.0033 0 0.3852 -0.022 0.2722 0.2824 1.7802 0.994 -0.05 0.1529 0.1933 2.1189 0.6609 0.0047 0.58 0.733 4.0578 -0.0055 0.0055 0.3878 0 0
28 133 1621 0 2 0 0 0 1.0081 0 -0.1979 0.0455 0.4987 0.5524 2.7233 0.9677 0.7373 0.917 1.2244 9.9786 0.5034 0.0382 0.6734 0.844 4.0705 0.0743 0.0743 0.5732 1 0
28 134 1254 0 0 0 0 0 1.0026 0 0.5925 -0.0113 0.1581 0.1642 1.1749 0.9861 0.1379 0.2302 0.3064 2.8554 0.5582 -0.0842 0.621 0.8097 4.0508 -0.0811 0.0811 0.4927 0 0
28 135 1335 0 0 0 0 0 1.0009 0 0.7135 -0.085 0.2357 0.2531 1.1751 0.9952 -0.0132 0.1245 0.1652 1.6141 0.7027 -0.0343 0.5799 0.7417 3.9908 0.0444 0.0444 0.3489 0 0
28 136 1179 0 0 0 0 0 1.0015 0 0.0084 0.0856 0.4931 0.5613 1.7615 0.9863 -0.0212 0.1995 0.2408 1.6981 0.6194 -0.0287 0.6404 0.7929 4.1204 0.049 0.049 0.3735 0 0
28 137 1227 0 0 0 0 0 1.0009 0 0.9773 -0.0226 0.0836 0.0863 1.3008 0.9986 0.0645 0.0797 0.0948 1.8208 0.6633 0.0619 0.5919 0.7546 4.0636 -0.0882 0.0882 0.366 0 0
28 138 1265 0 0 0 0 0 1.0006 0 0.7124 0.0977 0.269 0.2692 1.4404 0.9813 0.3759 0.3951 0.5321 3.7599 0.597 0.0636 0.6347 0.809 4.0695 -0.1185 0.1185 0.364 0 0
28 139 1241 0 0 0 0 0 1.0015 0 0.9958 0.0349 0.0889 0.0892 1.31 0.9923 0.0564 0.1637 0.1874 3.0782 0.6054 -0.0055 0.6402 0.8024 4.1192 0.2052 0.2052 0.5188 0 0
28 140 1248 0 0 0 0 0 1.004 0 0.9527 -0.0744 0.2123 0.2163 2.1177 0.9911 0.2256 0.4323 0.5672 5.8601 0.5706 -0.0104 0.647 0.8095 4.0252 -0.0638 0.0638 0.4987 0 0
28 141 1265 0 0 0 0 0 1.0003 0 0.8707 -0.0237 0.1414 0.1681 1.1451 0.9955 0.0064 0.1261 0.1442 1.6321 0.6728 0.0374 0.5632 0.723 4.0616 -0.0089 0.0089 0.4155 0 0
28 142 1323 0 0 0 0 0 1.0035 0 0.4395 -0.0571 0.254 0.2997 1.5452 0.9684 0.56 0.6516 1.0645 8.426 0.6088 -0.0383 0.644 0.7954 4.0249 0.097 0.097 0.429 0 0
28 143 1524 0 0 0 0 0 1.0012 0 0.6204 0.0913 0.2736 0.3199 1.7572 0.9835 -0.0359 0.2077 0.3073 2.8485 0.5977 -6e-04 0.6126 0.7666 4.0694 0.0569 0.0569 0.4389 0 0
28 144 1214 0 0 0 0 0 1.0014 0 0.9354 0.0151 0.1364 0.1511 1.242 0.9914 -0.0718 0.1657 0.1972 2.5707 0.588 -0.0293 0.6351 0.8025 4.0769 0.0125 0.0125 0.4024 0 0
28 145 1209 0 0 0 0 0 1.0017 0 -0.5024 0.0954 0.4887 0.5 1.9174 0.957 0.2836 0.4224 0.5271 3.9184 0.5479 -0.0025 0.6609 0.8227 4.1051 0.0962 0.0962 0.4811 0 0
28 146 1240 0 0 0 0 0 1.0013 0 -0.5705 -0.1843 0.2711 0.3712 1.6784 0.9911 0.1005 0.2735 0.4008 3.0302 0.6358 0.0063 0.573 0.7239 4.0885 0.0876 0.0876 0.4536 0 0
28 147 1175 0 0 0 0 0 1.0012 0 0.4914 -0.2211 0.2509 0.3156 1.3192 0.9846 0.3086 0.3762 0.4583 2.9803 0.5935 0.0664 0.6039 0.7743 4.2286 0.0521 0.0521 0.5931 0 0
28 148 1217 0 0 0 0 0 1.0005 0 0.8407 0.0165 0.1055 0.1193 1.148 0.9923 -0.0593 0.131 0.1596 1.8134 0.6305 -0.0341 0.6236 0.784 4.0498 -0.0231 0.0231 0.4226 0 0
28 149 1237 0 0 0 0 0 1.0004 0 0.7119 -0.0476 0.1024 0.1343 1.2702 0.9948 0.0175 0.0997 0.143 2.1504 0.6164 -0.0408 0.6089 0.7699 4.1009 -0.0133 0.0133 0.4344 0 0
28 150 1220 0 0 0 0 0 1.0013 0 0.8655 0.2026 0.2026 0.2458 1.3381 0.9925 -0.1394 0.1672 0.2076 1.9998 0.5536 -0.0346 0.709 0.8883 4.0864 0.2136 0.2136 0.4379 0 0
28 151 1231 0 0 0 0 0 1.0004 0 0.9374 -0.0248 0.0632 0.0663 1.0788 0.9977 -0.0032 0.0984 0.1129 1.1893 0.674 -0.0081 0.576 0.7287 4.009 0.0983 0.0983 0.3887 0 0
28 152 1215 0 0 0 0 0 1.0032 0 0.9879 0.0356 0.1281 0.1528 2.1488 0.9948 0.015 0.1042 0.1288 2.4956 0.6632 -0.0475 0.5989 0.7501 4.0701 0.0371 0.0371 0.3754 0 0
28 153 1254 0 0 0 0 0 1.0009 0 0.9941 -0.0267 0.0504 0.0606 1.2995 0.9953 0.0928 0.1426 0.1728 1.5538 0.6897 0.0705 0.5577 0.7112 4.0012 0.099 0.099 0.3774 0 0
28 154 1238 0 0 0 0 0 1.0011 0 0.734 0.0631 0.1011 0.1073 1.0217 0.9947 0.1503 0.1587 0.1931 1.6482 0.6488 -0.0075 0.596 0.7651 4.1147 0.1825 0.1825 0.3747 0 0
28 155 1198 0 0 0 0 0 1.0073 0 0.8741 0.0461 0.082 0.1053 2.3456 0.9869 -0.1381 0.2157 0.303 5.5284 0.4771 -0.0015 0.7474 0.9421 4.1068 -0.1512 0.1512 0.6044 0 0
28 156 1233 0 0 0 0 0 1.0045 0 0.8454 -0.044 0.1402 0.1538 1.6334 0.9714 0.2938 0.3559 0.4708 4.1122 0.5146 0.035 0.6604 0.8459 4.0787 -0.0232 0.0232 0.4801 0 0
28 157 1225 0 0 0 0 0 1.0059 0 0.6414 -0.085 0.2599 0.2621 1.7004 0.9652 0.1716 0.3607 0.5309 5.993 0.5882 0.0144 0.6301 0.793 4.0601 0.018 0.018 0.5345 0 0
28 158 1236 0 0 0 0 0 1.0005 0 0.9845 0.1423 0.1577 0.2156 1.0663 0.9886 -0.0136 0.132 0.1903 1.2167 0.6395 -0.0208 0.6281 0.8163 4.0258 0.0621 0.0621 0.3565 0 0
28 159 1228 0 0 0 0 0 1.0034 0 0.7701 -0.19 0.1925 0.2694 1.407 0.9957 -0.002 0.167 0.2433 2.4638 0.6553 -0.0323 0.5959 0.76 4.0892 -0.0047 0.0047 0.5015 0 0
28 160 1237 0 0 0 0 0 1.0005 0 0.989 -0.1523 0.1523 0.1584 1.1512 0.9915 -0.0195 0.1342 0.173 1.3784 0.6701 -0.0169 0.5703 0.7361 4.1565 -0.0904 0.0904 0.4301 0 0
28 161 1249 0 0 0 0 0 1.0007 0 0.7086 -0.0645 0.1225 0.1667 1.3246 0.9921 0.0338 0.1374 0.2065 2.0388 0.6742 -0.06 0.6012 0.7671 4.0395 -0.0392 0.0392 0.3871 0 0
28 162 1293 0 0 0 0 0 1.0008 0 0.3245 0.0125 0.2166 0.2356 1.2129 0.9928 -0.0423 0.1176 0.1569 1.6188 0.664 0.0323 0.5729 0.7346 4.0766 -0.0164 0.0164 0.4044 0 0
28 163 1236 0 0 0 0 0 1.0011 0 -0.963 -0.0017 0.3223 0.3812 1.4184 0.9598 0.1325 0.2387 0.3847 2.4696 0.6317 -0.0118 0.5745 0.755 4.0207 -0.1014 0.1014 0.3902 0 0
28 164 1275 0 0 0 0 0 1.0003 0 -0.8756 -0.198 0.3206 0.3843 1.2435 0.9818 0.4126 0.5507 0.7693 5.7935 0.5843 0.0423 0.6323 0.8073 4.1486 -0.1268 0.1268 0.4448 0 0
28 165 1247 0 0 0 0 0 1.0008 0 0.9731 -0.0948 0.1247 0.191 1.2659 0.9877 -0.0314 0.1793 0.2668 2.674 0.5991 -0.023 0.6291 0.7854 4.0164 0.008 0.008 0.4155 0 0
28 166 1259 0 0 0 0 0 1.0011 0 1 0.2502 0.3375 0.5142 2.0341 0.9948 -0.0536 0.145 0.1855 3.0604 0.6423 0.0313 0.6286 0.7961 4.0263 0.0179 0.0179 0.3492 0 0
28 167 1236 0 0 0 0 0 1.0011 0 -0.5426 -0.0992 0.4562 0.5358 1.4797 0.9432 0.6002 0.8532 1.3704 9.313 0.6507 -0.018 0.6174 0.7791 4.0153 -0.0032 0.0032 0.4076 0 0
28 168 1201 0 0 0 0 0 1.001 0 -0.9391 0.0487 0.4965 0.5474 1.91 0.9733 -0.114 0.2399 0.2913 2.0884 0.5946 0.0271 0.6167 0.7799 4.0686 0.1152 0.1152 0.4009 0 0
28 169 1240 0 0 0 0 0 1.0014 0 0.8591 -0.1432 0.2436 0.2724 1.2453 0.9968 -0.008 0.0864 0.1014 1.7902 0.7284 5e-04 0.5534 0.7098 4.0109 0.092 0.092 0.3339 0 0
28 170 1224 0 0 0 0 0 1.0013 0 -0.7662 -0.1708 0.2243 0.2465 1.6306 0.9882 -0.1249 0.3811 0.4854 4.2277 0.5509 -0.009 0.6514 0.8091 4.0747 0.0676 0.0676 0.6032 0 0
28 171 1227 0 0 0 0 0 1.0008 0 0.6488 -0.0438 0.1612 0.1933 1.3749 0.9467 -0.1804 0.3275 0.4712 3.8044 0.5886 -0.0179 0.6584 0.8183 4.0697 0.067 0.067 0.4937 0 0
28 172 1208 0 0 0 0 0 1.0004 0 0.9107 -0.2496 0.2496 0.2672 1.0921 0.998 -0.0552 0.3619 0.4588 4.3943 0.617 -0.0345 0.5947 0.7765 4.0904 -0.0047 0.0047 0.4651 0 0
28 173 1296 0 0 0 0 0 1.0012 0 0.7781 0.0767 0.1463 0.1979 1.353 0.9969 0.0594 0.0746 0.1 1.841 0.6505 0.0164 0.605 0.7537 4.0185 0.1195 0.1195 0.3485 0 0
28 174 1238 0 0 0 0 0 1.0039 0 -0.9989 -0.1678 0.3292 0.4332 1.4183 0.9276 -0.8626 0.8844 1.4176 12.1685 0.4599 -0.0264 0.6966 0.8752 4.2662 0.218 0.218 0.6994 0 0
28 175 1228 0 0 0 0 0 1.0023 0 -0.9584 0.0532 0.2748 0.3235 1.8854 0.9772 0.1995 0.3539 0.4825 4.4319 0.5096 0.0069 0.6645 0.8532 4.0905 0.0289 0.0289 0.5334 0 0
28 176 1234 0 0 0 0 0 1.0013 0 -0.2362 -0.189 0.4924 0.4958 1.1738 0.9866 0.0945 0.3689 0.4976 2.8151 0.6694 0.0059 0.5569 0.6993 4.0332 -0.1365 0.1365 0.3493 0 0
28 177 1291 0 0 0 0 0 1.0005 0 -0.538 -0.0602 0.2372 0.2983 1.0193 0.9919 0.0798 0.1544 0.1842 1.3868 0.7052 -0.052 0.5568 0.6999 4.1461 -0.0134 0.0134 0.3853 0 0
28 178 1222 0 0 0 0 0 1.0009 0 0.7297 0.0548 0.2835 0.2879 1.5617 0.9605 0.0842 0.2371 0.3943 4.5729 0.5526 -0.0294 0.6721 0.858 4.0698 -0.2019 0.2019 0.422 0 0
28 179 1242 0 0 0 0 0 1.0069 0 0.7857 -0.0924 0.2146 0.2278 1.6801 0.9671 -0.1882 0.3739 0.5535 5.2762 0.5419 -0.1091 0.7 0.8852 4.0614 0.0225 0.0225 0.5537 0 0
28 180 1231 0 0 0 0 0 1.0064 0 -0.9863 0.0825 0.5258 0.6173 2.6488 0.9211 -0.6058 0.8461 1.6463 13.6001 0.4833 0.0464 0.6826 0.8741 4.0483 -0.1309 0.1309 0.4655 0 0
28 181 1160 0 0 0 0 0 1.0052 0 -0.8976 -0.0251 0.3653 0.411 2.0788 0.9839 -0.3936 0.4367 0.7135 6.4746 0.5018 -0.016 0.6552 0.8311 4.1163 -0.0062 0.0062 0.5497 0 0
28 182 1223 0 0 0 0 0 1.0004 0 0.9259 -0.0365 0.142 0.1788 0.9725 0.996 -0.1263 0.1267 0.1655 1.1996 0.7155 -0.0211 0.5672 0.723 4.053 0.1162 0.1162 0.3399 0 0
28 183 1248 0 0 0 0 0 1.0004 0 0.9204 -0.0288 0.0758 0.0978 1.0745 0.9962 -0.0375 0.0944 0.1139 1.3355 0.6849 -0.0552 0.5742 0.7385 4.0018 0.0688 0.0688 0.3454 0 0
28 184 1236 0 0 0 0 0 1.0019 0 -0.8487 -0.0102 0.2389 0.2513 1.8229 0.9928 0.0413 0.3293 0.4096 4.36 0.5302 0.0072 0.6508 0.8151 4.1728 -0.0082 0.0082 0.682 0 0
28 185 1290 0 0 0 0 0 1.0025 0 0.8906 0.0235 0.0597 0.0776 1.3225 0.9882 -0.1131 0.1608 0.1758 1.7997 0.6635 -0.0597 0.6106 0.7646 4.0893 -2e-04 2e-04 0.3994 0 0
28 186 1248 0 0 0 0 0 1.0006 0 -0.5045 -0.1491 0.4106 0.4119 1.2901 0.9667 -0.0437 0.4616 0.6116 3.8083 0.6385 0.0449 0.5786 0.7292 4.1789 0.1455 0.1455 0.5292 0 0
28 187 1209 0 0 0 0 0 1.001 0 0.6152 0.1315 0.2574 0.2696 1.184 0.9904 -0.2179 0.2198 0.3049 1.1142 0.7224 -0.0653 0.5584 0.7185 4.015 -0.0855 0.0855 0.3306 0 0
28 188 1281 0 0 0 0 0 1.0011 0 -0.5911 -0.1145 0.1217 0.2038 1.0838 0.9914 -0.2855 0.3446 0.4895 3.7645 0.5922 -0.0803 0.6276 0.8181 4.1533 -0.2634 0.2634 0.4968 0 0
28 189 1207 0 0 0 0 0 1.0015 0 0.5809 -0.0974 0.1643 0.1827 1.289 0.9847 -0.0589 0.2024 0.2461 1.6998 0.6717 0.0358 0.5648 0.7255 4.1708 0.0197 0.0197 0.5254 0 0
28 190 1195 0 0 0 0 0 1.0013 0 0.486 0.1909 0.2887 0.3345 1.4038 0.9904 0.0106 0.1992 0.2429 2.7311 0.6679 -0.0719 0.6178 0.7896 4.0284 0.0946 0.0946 0.3376 0 0
28 191 1236 0 0 0 0 0 1.001 0 0.9911 -0.1005 0.2063 0.2118 1.5311 0.987 -0.2633 0.3036 0.4355 3.421 0.6068 -0.0409 0.6001 0.763 4.1007 0.1539 0.1539 0.49 0 0
28 192 1171 0 0 0 0 0 1.0007 0 -0.1778 -0.2007 0.4848 0.4971 1.4421 0.9946 0.2881 0.2893 0.391 2.8555 0.5669 -0.0371 0.6654 0.8302 4.0436 -0.0142 0.0142 0.3736 0 0
28 193 1298 0 0 0 0 0 1.0009 0 0.624 0.0327 0.2632 0.2969 1.2723 0.9852 0.0851 0.1692 0.2446 2.1972 0.6668 0.0026 0.5726 0.7072 4.0458 -0.0096 0.0096 0.346 0 0
28 194 1247 0 0 0 0 0 1.0008 0 0.9927 -0.0583 0.12 0.1379 1.3094 0.9978 0.0324 0.0687 0.0918 2.2033 0.6793 0.0302 0.5735 0.7338 4.0302 0.0163 0.0163 0.4003 0 0
28 195 1247 0 0 0 0 0 1.0017 0 0.78 0.0684 0.2233 0.2486 1.3353 0.9767 -0.018 0.2223 0.2812 2.8726 0.6434 -0.052 0.6256 0.8083 4.0423 -0.1112 0.1112 0.366 0 0
28 196 1278 0 0 0 0 0 1.0007 0 0.8256 -0.1641 0.1641 0.1944 1.0166 0.9958 0.045 0.1382 0.188 1.3768 0.7264 -0.0263 0.5332 0.6936 4.0305 0.0388 0.0388 0.3118 0 0
28 197 1319 0 0 0 0 0 1.0094 0 -0.4055 -0.0348 0.4247 0.4551 2.3892 0.9691 0.4271 0.6983 0.9255 6.8529 0.6128 0.0045 0.6328 0.8115 4.0404 0.0747 0.0747 0.5007 0 0
28 198 1289 0 0 0 0 0 1.0025 0 0.6763 0.1532 0.2764 0.3826 1.929 0.9365 0.1968 0.3959 0.4719 3.3857 0.5274 0.0183 0.6718 0.8407 4.0698 -0.085 0.085 0.4317 0 0
28 199 1250 0 0 0 0 0 1.0013 0 0.8844 0.1432 0.1685 0.2449 1.5695 0.9901 0.1993 0.2004 0.2532 1.9625 0.6201 0.0632 0.6441 0.8141 4.0535 -0.0461 0.0461 0.4558 0 0
28 200 1199 0 0 0 0 0 1.002 0 0.5113 -0.0515 0.0858 0.0921 1.1991 0.9887 0.124 0.1674 0.2132 3.2693 0.5468 -0.0477 0.6816 0.862 4.1971 0.0029 0.0029 0.6285 0 0
28 201 1250 0 0 0 0 0 1.002 0 0.4563 -0.0601 0.2415 0.244 1.4693 0.9689 -0.2536 0.4309 0.5522 4.8733 0.5574 -0.0447 0.6644 0.8557 4.0247 -0.0705 0.0705 0.4779 0 0
28 202 1209 0 0 0 0 0 1.0022 0 -0.9638 0.0599 0.2934 0.3379 2.1132 0.9919 -0.0061 0.3913 0.4574 3.8044 0.5277 -0.0881 0.69 0.8768 4.0787 -0.1691 0.1691 0.4873 0 0
28 203 1253 0 0 0 0 0 1.0005 0 0.6343 -0.0228 0.1466 0.153 1.0704 0.9973 -0.1365 0.1406 0.1996 2.7934 0.6176 -0.0107 0.6098 0.7638 4.0551 -0.0634 0.0634 0.4363 0 0
28 204 1243 0 0 0 0 0 1.0009 0 0.7373 0.0586 0.3231 0.374 1.9676 0.9951 -0.0583 0.236 0.2871 3.7411 0.6536 0.0087 0.5922 0.768 4.0376 0.1547 0.1547 0.3671 0 0
28 205 1224 0 0 0 0 0 1.0026 0 -0.034 -0.199 0.3288 0.3971 1.7812 0.9914 -0.2342 0.4011 0.5317 5.1751 0.545 0.0673 0.6385 0.8243 4.126 -0.0604 0.0604 0.6264 0 0
28 206 1179 0 0 0 0 0 1.0025 0 0.2023 -0.0152 0.1764 0.1934 1.3867 0.9652 0.1916 0.2905 0.4528 3.7494 0.5816 0.0134 0.6241 0.7927 4.1768 -0.1274 0.1274 0.566 0 0
28 207 1249 0 0 0 0 0 1.0023 0 0.9322 -0.1858 0.1858 0.2133 1.3766 0.9785 -0.3338 0.5303 0.6564 6.4445 0.5201 -0.0161 0.6745 0.8517 4.2674 0.1772 0.1772 0.6217 0 0
28 208 1555 0 0 0 0 0 1.0074 0 -0.7436 -0.106 0.2229 0.2355 2.0201 0.9883 -0.1252 0.6821 1.0327 11.211 0.4822 -3e-04 0.6832 0.8614 4.2424 0.1913 0.1913 0.7077 0 0
28 209 1247 0 0 0 0 0 1.0009 0 -0.8733 -0.1157 0.2601 0.285 1.3089 0.977 0.385 0.407 0.5646 4.594 0.6119 0.0463 0.639 0.8 4.08 0.1066 0.1066 0.4548 0 0
28 210 1190 0 0 0 0 0 1.0003 0 0.85 0.2042 0.225 0.2643 1.151 0.998 0.0722 0.1839 0.2277 1.1069 0.6457 0.0501 0.622 0.7757 4.0668 -0.1458 0.1458 0.3459 0 0
28 211 1436 0 0 0 0 0 1.0031 0 -0.1416 -0.2462 0.2462 0.3094 1.8337 0.9881 0.9722 1.0701 1.5527 14.6738 0.5278 0.0309 0.6496 0.8381 4.225 -0.0046 0.0046 0.9343 0 0
28 212 1285 0 0 0 0 0 1.0005 0 0.6283 -0.0984 0.1849 0.2003 1.0394 0.9858 -0.0301 0.2129 0.2757 2.13 0.6216 0.0033 0.5959 0.7443 4.0874 0.1739 0.1739 0.4327 0 0
28 213 1217 0 0 0 0 0 1.0011 0 0.9002 -0.012 0.1319 0.1535 1.1446 0.9977 -0.0165 0.077 0.0986 1.7628 0.6865 0.0372 0.5831 0.7288 4.0198 -0.0726 0.0726 0.3961 0 0
28 214 1248 0 0 0 0 0 1.0003 0 0.9975 -0.1622 0.1622 0.1627 1.0323 0.9976 -0.0023 0.1325 0.1543 2.0279 0.6219 0.0525 0.6159 0.7795 4.2263 -0.1848 0.1848 0.5067 0 0
28 215 1252 0 0 0 0 0 1.0003 0 0.9916 -0.1003 0.1699 0.2244 1.0075 0.996 -0.0722 0.1369 0.1636 1.5817 0.6943 -0.083 0.5662 0.7084 4.0778 0.0773 0.0773 0.3992 0 0
28 216 1232 0 0 0 0 0 1.0015 0 0.4441 -0.1677 0.2481 0.2938 1.3077 0.9902 -0.1784 0.5613 0.7361 7.1746 0.6034 -0.093 0.6391 0.8024 4.126 -0.0454 0.0454 0.6468 0 0
28 217 1267 0 0 0 0 0 1.0011 0 0.9958 -0.0517 0.2125 0.2498 0.9471 0.9834 0.0466 0.1679 0.2042 1.5731 0.6678 0.0179 0.5911 0.7635 4.1362 0.1477 0.1477 0.4298 0 0
28 218 1269 0 0 0 0 0 1.0018 0 0.8198 0.0656 0.1601 0.1617 1.3523 0.9914 -0.01 0.1763 0.2214 3.0091 0.5667 -0.0186 0.6408 0.812 4.0278 0.1101 0.1101 0.4358 0 0
28 219 1246 0 0 0 0 0 1.0004 0 0.9991 0.0674 0.0674 0.0839 0.9481 0.9976 -0.0329 0.0773 0.1003 1.2448 0.7247 -0.0219 0.55 0.7177 4.0391 -0.1924 0.1924 0.3347 0 0
28 220 1236 0 0 0 0 0 1.0046 0 0.9429 0.0404 0.1344 0.1422 1.5485 0.9818 0.023 0.1919 0.2725 2.9762 0.5596 -0.0041 0.66 0.8389 4.1827 0.096 0.096 0.6305 0 0
28 221 1223 0 0 0 0 0 1.0051 0 0.9963 -0.0636 0.3154 0.3212 2.373 0.9646 0.4769 0.5725 0.7781 8.284 0.479 0.0396 0.7101 0.8941 4.0388 -0.0528 0.0528 0.5981 0 0
28 222 1225 0 0 0 0 0 1.0009 0 0.2508 -0.0668 0.1062 0.1131 1.0776 0.9948 -0.0606 0.1297 0.1873 2.0312 0.6673 0.0208 0.6389 0.7824 4.107 -0.067 0.067 0.443 0 0
28 223 1235 0 0 0 0 0 1.0112 1 -0.8387 -0.0496 0.3204 0.3559 2.0129 0.9536 0.171 0.4167 0.6831 6.0671 0.4834 0.0277 0.647 0.8371 4.0468 -5e-04 5e-04 0.5074 1 0
28 224 1242 0 0 0 0 0 1.0007 0 0.903 0.0118 0.0774 0.0958 1.0393 0.9973 -0.0712 0.1117 0.1298 2.2162 0.6582 -0.0354 0.586 0.7355 4.0968 -0.0083 0.0083 0.3968 0 0
28 225 1237 0 0 0 0 0 1.0018 0 0.3961 0.0287 0.2302 0.2569 1.7278 0.9763 0.2594 0.3281 0.5645 7.7845 0.5676 0.0011 0.6129 0.7876 4.0794 -0.0231 0.0231 0.5868 0 0
28 226 1229 0 0 0 0 0 1.0021 0 -0.585 0.0513 0.2354 0.2727 1.9976 0.985 0.1409 0.1838 0.2487 2.1699 0.6194 0.0253 0.6046 0.7715 4.0764 0.0346 0.0346 0.5377 0 0
28 227 1255 0 0 0 0 0 1.0015 0 -0.7187 -0.0867 0.3114 0.3748 1.4432 0.9798 -0.4013 0.4013 0.5737 3.0052 0.6836 -0.071 0.5924 0.757 4.0381 0.0919 0.0919 0.3894 0 0
28 228 1207 0 0 0 0 0 1.0021 0 0.8785 -0.0645 0.0698 0.107 1.325 0.9801 -0.0286 0.237 0.3425 3.8238 0.57 -0.0231 0.6611 0.8269 4.0849 0.0556 0.0556 0.6272 0 0
28 229 1244 0 0 0 0 0 1.0007 0 0.8046 -0.0694 0.0818 0.0994 1.1127 0.9909 -0.1801 0.2405 0.2988 2.9546 0.5574 -0.0296 0.6667 0.866 4.1959 -0.1995 0.1995 0.571 0 0
28 230 1246 0 0 0 0 0 1.0019 0 -0.9246 0.1575 0.3719 0.4844 1.7843 0.9785 0.0224 0.1628 0.1905 1.268 0.6346 0.0511 0.642 0.8053 4.1342 -0.2177 0.2177 0.4263 0 0
28 231 1212 0 0 0 0 0 1.0004 0 0.3263 -0.0484 0.152 0.1744 0.9803 0.9935 -0.0279 0.1634 0.186 2.0751 0.6228 -0.072 0.6223 0.7946 4.0603 -0.1434 0.1434 0.4096 0 0
28 232 1247 0 0 0 0 0 1.0018 0 0.5137 -0.1292 0.3338 0.3662 1.3005 0.9738 0.1415 0.3457 0.4461 2.8276 0.6228 -0.0601 0.6355 0.8094 4.1362 0.2306 0.2306 0.4362 0 0
28 233 1251 0 0 0 0 0 1.0006 0 0.8697 -0.09 0.2173 0.2198 1.3616 0.9769 -0.1397 0.2217 0.3024 2.4917 0.664 -0.0574 0.5707 0.7333 4.0679 -0.1073 0.1073 0.3696 0 0
28 234 1254 0 0 0 0 0 1.001 0 0.7763 0.0208 0.3536 0.3863 2.1993 0.9803 0.8496 0.8814 1.5492 13.1177 0.6152 -0.028 0.6391 0.8064 4.0189 0.0113 0.0113 0.3864 0 0
28 235 1262 0 0 0 0 0 1.0013 0 -0.8112 0.074 0.1725 0.2179 1.3522 0.996 -0.0894 0.126 0.1566 1.9275 0.595 -0.0306 0.6316 0.7979 4.1384 0.0204 0.0204 0.5213 0 0
28 236 1188 0 0 0 0 0 1.0023 0 0.9137 -0.0879 0.1927 0.2422 1.6292 0.9882 0.8874 0.8874 1.4005 13.4156 0.5682 0.0469 0.6776 0.8438 4.0389 -0.0824 0.0824 0.5338 0 0
28 237 1283 0 0 0 0 0 1.0014 0 0.7912 -0.0913 0.1371 0.2 1.7001 0.9786 -0.148 0.2189 0.3142 2.6575 0.6564 -0.0738 0.5921 0.7527 4.0507 -0.0144 0.0144 0.4061 0 0
28 238 1245 0 0 0 0 0 1.0004 0 0.972 0.0056 0.1675 0.1974 0.9782 0.9935 0.026 0.1067 0.1347 1.0032 0.7466 0.0254 0.5239 0.6619 4.09 0.0914 0.0914 0.3297 0 0
28 239 1248 0 0 0 0 0 1.0036 0 0.8782 -0.0784 0.2004 0.2038 1.4105 0.9935 -0.1966 0.2284 0.3331 3.5258 0.6756 -2e-04 0.5882 0.7488 4.0617 -0.0061 0.0061 0.4321 0 0
28 240 1218 0 0 0 0 0 1.0014 0 0.2062 0.085 0.2547 0.3162 1.6848 0.9897 0.1823 0.234 0.3023 3.8586 0.5646 -0.0434 0.6811 0.8594 4.1619 0.1019 0.1019 0.5455 0 0
28 241 1258 0 0 0 0 0 1.0006 0 0.235 -0.0362 0.3435 0.3671 1.1995 0.9667 0.1003 0.2738 0.3296 1.4788 0.6337 -0.0014 0.5873 0.7577 4.0698 -0.243 0.243 0.3405 0 0
28 242 1204 0 0 0 0 0 1.0041 0 -0.9959 -0.1722 0.3302 0.4462 1.9564 0.988 1.4372 1.4985 2.5452 21.0037 0.454 -0.0066 0.7036 0.8948 4.2661 -0.1047 0.1047 0.859 0 0
28 243 1277 0 0 0 0 0 1.002 0 0.2405 -0.1987 0.231 0.2886 1.721 0.9959 -0.3111 0.4468 0.5812 4.3058 0.6097 -0.0096 0.6009 0.768 4.0436 -0.1057 0.1057 0.4926 0 0
28 244 1183 0 0 0 0 0 1.0011 0 0.973 -0.0258 0.0677 0.0682 1.4188 0.993 0.0596 0.1749 0.23 3.4216 0.5877 -0.0549 0.6473 0.8288 4.0163 -0.0348 0.0348 0.419 0 0
28 245 1300 0 0 0 0 0 1.004 0 0.0244 -0.0925 0.3897 0.4014 2.4413 0.9832 -0.5517 0.8298 1.0987 10.7582 0.5352 -0.0394 0.6636 0.8331 4.1424 0.0237 0.0237 0.6315 0 0
28 246 1282 0 0 0 0 0 1.0008 0 0.9963 -0.0464 0.107 0.1261 1.3198 0.9951 0.0391 0.1328 0.1662 1.8123 0.7107 0.0392 0.5502 0.7039 4.0427 -0.1179 0.1179 0.3436 0 0
28 247 1259 0 0 0 0 0 1.0009 0 0.9986 -0.1693 0.1693 0.1878 1.112 0.9945 0.0459 0.1777 0.2346 2.7038 0.5855 -0.0098 0.6431 0.8029 4.118 -0.0276 0.0276 0.548 0 0
28 248 1232 0 0 0 0 0 1.0022 0 -0.0504 -0.1535 0.4531 0.4531 1.8476 0.9901 -0.5176 0.7443 1.1633 8.2423 0.5657 -0.0813 0.6453 0.8392 4.0497 -0.0887 0.0887 0.4004 0 0
28 249 1236 0 0 0 0 0 1.0005 0 -0.1784 0.0149 0.3404 0.3773 1.6277 0.9892 0.1355 0.1785 0.2267 1.9913 0.6137 -0.0235 0.62 0.7848 4.0297 -0.0107 0.0107 0.3935 0 0
28 250 1234 0 0 0 0 0 1.0003 0 0.9974 -0.0234 0.0917 0.1121 1.6118 0.9984 0.0445 0.1064 0.129 2.1639 0.6244 0.0568 0.6165 0.7947 4.0596 0.0591 0.0591 0.421 0 0
28 251 1214 0 0 0 0 0 1.0003 0 0.3728 0.042 0.1688 0.2063 1.2728 0.99 -8e-04 0.1378 0.1588 1.8419 0.6421 0.0417 0.6407 0.8301 4.0982 0.0942 0.0942 0.484 0 0
28 252 1443 0 0 0 0 0 1.0045 0 -0.6548 -0.1849 0.2335 0.2597 1.961 0.9881 -0.2057 0.4633 0.5927 4.8142 0.567 -0.1355 0.6298 0.7785 4.1509 5e-04 5e-04 0.7007 0 0
28 253 1239 0 0 0 0 0 1.0012 0 0.9426 -0.3001 0.3001 0.3276 1.3844 0.9964 0.4247 0.5608 0.7135 7.1275 0.5715 -0.0202 0.6041 0.7761 4.1882 0.1647 0.1647 0.6053 0 0
28 254 1224 0 0 0 0 0 1.0006 0 0.8171 -0.1294 0.1977 0.2155 1.2512 0.9974 -0.0478 0.0962 0.1203 1.8344 0.7492 -0.02 0.4896 0.6294 4.0361 0.0555 0.0555 0.3414 0 0
28 255 1245 0 0 0 0 0 1.0009 0 0.9948 -0.1578 0.2139 0.3245 1.3484 0.9936 0.0069 0.1512 0.1976 2.8791 0.6674 0.076 0.5529 0.7009 4.0109 -0.0919 0.0919 0.4068 0 0
28 256 1513 0 0 0 0 0 1.0025 0 0.7851 0.0126 0.2195 0.2492 1.6982 0.994 0.0069 0.1732 0.2077 4.077 0.6392 -0.0296 0.6357 0.7988 4.0959 0.0337 0.0337 0.4361 0 0
28 257 1260 0 0 0 0 0 1.0013 0 0.9904 0.2389 0.2389 0.276 1.4646 0.995 -0.0331 0.1157 0.1346 0.8763 0.6532 -0.0872 0.6171 0.7824 4.0487 -0.0171 0.0171 0.3774 0 0
28 258 1257 0 0 0 0 0 1.0006 0 0.9943 0.0668 0.0668 0.07 1.0527 0.9954 0.0403 0.1351 0.1489 2.16 0.5726 0.0758 0.6443 0.8174 4.0149 -0.0165 0.0165 0.4139 0 0
28 259 1261 0 0 0 0 0 1.0031 0 -0.9552 -0.084 0.3883 0.3914 2.163 0.9425 -0.0948 0.4655 0.6467 6.1565 0.4965 0.0397 0.7234 0.8979 4.1105 0.085 0.085 0.6063 0 0
28 260 1276 0 0 0 0 0 1.0011 0 0.9963 -0.0148 0.0656 0.082 0.9578 0.9935 -0.0295 0.1355 0.1502 1.4121 0.6487 -0.0274 0.5758 0.7407 4.0855 0.0046 0.0046 0.4371 0 0
28 261 1233 0 0 0 0 0 1.0011 0 -0.1485 0.1233 0.3244 0.3823 1.6668 0.9893 -0.13 0.182 0.251 2.6677 0.5868 -0.0386 0.6454 0.801 4.1083 -0.1659 0.1659 0.4043 0 0
28 262 1268 0 0 0 0 0 1.0039 0 -0.3534 0.1949 0.3479 0.4814 1.9186 0.978 0.2427 0.2482 0.338 2.0503 0.6075 0.0753 0.6475 0.8106 4.0874 0.0046 0.0046 0.4397 0 0
28 263 1214 0 0 0 0 0 1.0002 0 0.6336 -0.0614 0.3801 0.4578 1.1307 0.9821 -0.1658 0.2634 0.3203 2.5319 0.6642 -0.0972 0.5702 0.739 4.1236 -0.0801 0.0801 0.393 0 0
28 264 1246 0 0 0 0 0 1.002 0 -0.861 -0.0931 0.3727 0.3747 1.8989 0.987 -0.6499 0.7365 1.0126 8.4338 0.5283 0.0257 0.6577 0.8271 4.1241 -0.0867 0.0867 0.5285 0 0
28 265 1224 0 0 0 0 0 1.0014 0 0.7413 -0.2006 0.2006 0.2635 1.189 0.9945 0.291 0.3311 0.4514 3.9714 0.6676 0.0769 0.6223 0.7823 4.1704 0.0156 0.0156 0.4565 0 0
28 266 1216 0 0 0 0 0 1.0007 0 0.3548 0.0656 0.3432 0.4244 1.7754 0.9481 0.1382 0.3777 0.424 2.7125 0.5808 -0.0086 0.6831 0.8545 4.0453 0.0973 0.0973 0.5125 0 0
28 267 1240 0 0 0 0 0 1.0008 0 0.8597 -0.1478 0.1515 0.1978 1.1416 0.995 -0.1118 0.1799 0.2782 3.1337 0.6948 -0.0567 0.5925 0.748 4.1015 -0.1471 0.1471 0.4394 0 0
28 268 1254 0 0 0 0 0 1.001 0 0.9006 -0.0737 0.1923 0.1985 1.2715 0.987 -0.1157 0.1855 0.2234 2.1009 0.6658 -0.0698 0.5934 0.7604 4.0374 -0.1398 0.1398 0.403 0 0
28 269 1225 0 0 0 0 0 1.0014 0 -0.7615 0.0379 0.388 0.4195 1.762 0.9317 0.1935 0.4197 0.6314 4.9931 0.531 -0.0434 0.6716 0.8349 4.1181 0.0919 0.0919 0.5109 0 0
28 270 1229 0 0 0 0 0 1.0012 0 -0.8976 0.2528 0.2528 0.3964 1.4335 0.9888 0.0083 0.2467 0.3314 2.3182 0.5771 0.0552 0.6832 0.8583 4.0994 -0.0993 0.0993 0.5166 0 0
28 271 1218 0 0 0 0 0 1.0005 0 0.6001 -0.0087 0.1798 0.2162 1.1778 0.9845 -0.0753 0.2114 0.2545 2.5132 0.6427 -0.0026 0.6418 0.8081 4.0312 -0.0795 0.0795 0.4331 0 0
28 272 1851 0 0 0 0 0 1.003 0 -0.3942 -0.167 0.2513 0.3445 2.078 0.8737 1.1666 1.1666 1.9266 17.2077 0.5296 -0.065 0.7049 0.8769 4.2482 0.07 0.07 0.8932 0 0
28 273 1266 0 0 0 0 0 1.0005 0 0.4863 -0.0709 0.2849 0.2979 1.479 0.9882 0.0208 0.2414 0.3409 3.1264 0.6281 -0.0326 0.5925 0.7628 4.0307 -0.1161 0.1161 0.4022 0 0
28 274 1209 0 0 0 0 0 1.0018 0 -0.9777 0.076 0.1657 0.2164 1.2569 0.9805 0.0269 0.2032 0.2213 1.4701 0.6346 -0.0425 0.6202 0.7901 4.0994 -0.0163 0.0163 0.4356 0 0
28 275 1253 0 0 0 0 0 1.0004 0 0.2153 0.0419 0.1647 0.1874 1.0454 0.9879 -0.0729 0.1451 0.2005 1.4404 0.5951 -0.0518 0.6358 0.7971 4.1646 0.0441 0.0441 0.4366 0 0
28 276 1194 0 0 0 0 0 1.0025 0 -0.8793 -0.0186 0.2727 0.3268 1.4431 0.9836 0.0758 0.2452 0.3289 4.5828 0.6469 -0.0801 0.6036 0.7661 4.0376 0.0656 0.0656 0.3786 0 0
28 277 1236 0 0 0 0 0 1.003 0 -0.1686 -0.112 0.2809 0.3038 1.5604 0.9885 -0.1793 0.3748 0.5399 4.6549 0.5939 0.0408 0.6023 0.7714 4.0409 -0.0717 0.0717 0.4228 0 0
28 278 1212 0 0 0 0 0 1.0022 0 0.817 -0.0794 0.1507 0.1581 1.7718 0.9945 0.009 0.1592 0.1973 4.106 0.5933 0.0859 0.6478 0.8202 4.0862 -0.1162 0.1162 0.5131 0 0
28 279 1273 0 0 0 0 0 1.0015 0 0.1909 0.038 0.2363 0.2406 1.641 0.9774 -0.1148 0.2222 0.3225 2.8864 0.5745 -0.0605 0.641 0.8223 4.049 0.0385 0.0385 0.4898 0 0
28 280 1219 0 0 0 0 0 1.0006 0 0.7269 0.0833 0.22 0.2357 1.264 0.9923 -0.0157 0.1343 0.1612 1.4431 0.677 -9e-04 0.5743 0.7306 4.0505 0.0194 0.0194 0.3245 0 0
28 281 1452 0 0 0 0 0 1.0047 0 -0.9362 -0.0813 0.2115 0.2685 1.5851 0.9686 0.0912 0.2693 0.3979 3.7167 0.5769 0.0049 0.6359 0.8129 4.1191 -0.0138 0.0138 0.6113 0 0
28 282 1316 0 0 0 0 0 1.0007 0 -0.3968 -0.0506 0.5643 0.5908 1.9983 0.9739 0.0548 0.4769 0.6055 3.8638 0.6008 0.0401 0.6557 0.8131 4.0375 0.0951 0.0951 0.4222 0 0
28 283 1236 0 0 0 0 0 1.0002 0 0.7539 0.0017 0.1601 0.1829 1.2008 0.9802 -0.1209 0.2372 0.3181 2.1388 0.6149 -0.086 0.6345 0.8009 4.0762 0.0956 0.0956 0.4702 0 0
28 284 1212 0 0 0 0 0 1.0018 0 0.7833 -0.3689 0.3689 0.4389 1.2118 0.9926 0.124 0.6564 0.7898 5.4482 0.592 -0.0157 0.6079 0.7696 4.0859 -0.1353 0.1353 0.6414 0 0
28 285 1212 0 0 0 0 0 1.0018 0 0.0263 -0.1385 0.4063 0.4169 1.3387 0.9752 0.0046 0.617 0.8514 6.5523 0.5806 -0.0406 0.6577 0.8261 4.1231 0.2022 0.2022 0.4697 0 0
28 286 1220 0 0 0 0 0 1.0025 0 0.5554 0.2039 0.2792 0.421 2.3881 0.8309 -0.0534 0.3793 0.4696 4.1244 0.4955 0.0321 0.7172 0.9109 4.0269 -0.0272 0.0272 0.4656 0 0
28 287 1229 0 0 0 0 0 1.0015 0 -0.7912 -0.2053 0.2885 0.431 1.3745 0.9446 0.6441 0.8727 1.63 12.3029 0.5013 -0.0241 0.6928 0.8787 4.0903 -0.1773 0.1773 0.497 0 0
28 288 1149 0 0 0 0 0 1.0021 0 0.8083 -0.2242 0.239 0.2842 1.1248 0.9902 0.4244 0.4244 0.4903 3.7936 0.5517 -0.0257 0.6497 0.845 4.0679 0.0023 0.0023 0.5355 0 0
28 289 1222 0 0 0 0 0 1.0003 0 0.0525 -0.0592 0.1775 0.1943 0.957 0.9964 -0.1422 0.1638 0.1894 1.6149 0.6839 -0.0636 0.5601 0.741 4.0463 0.0318 0.0318 0.358 0 0
28 290 1251 0 0 0 0 0 1.0012 0 0.9807 0.0886 0.285 0.3467 1.9928 0.9914 0.1327 0.2092 0.2395 1.6372 0.6606 0.1129 0.5932 0.7622 4.0512 0.0539 0.0539 0.3571 0 0
28 291 1305 0 0 0 0 0 1.009 0 0.0935 0.058 0.3271 0.3324 1.6715 0.9207 -0.1531 0.4042 0.6229 5.911 0.4854 0.0447 0.7279 0.9038 4.145 -0.0838 0.0838 0.5387 0 0
28 292 1245 0 0 0 0 0 1.0015 0 0.0995 -0.1097 0.2076 0.2124 1.2387 0.9831 0.0739 0.2246 0.2593 2.1312 0.6844 0.0528 0.5833 0.7237 4.1163 0.1564 0.1564 0.4459 0 0
28 293 1236 0 0 0 0 0 1.0009 0 0.9571 0.0965 0.0965 0.1538 1.2619 0.9992 -0.0311 0.06 0.0689 2.5278 0.5631 0.0239 0.6263 0.7808 4.0603 -0.1314 0.1314 0.4411 0 0
28 294 1207 0 0 0 0 0 1.0014 0 -0.7056 0.0484 0.4635 0.5118 1.5624 0.9687 -0.0011 0.1722 0.2134 0.9778 0.6584 -0.0066 0.5896 0.7845 4.0247 0.0548 0.0548 0.3455 0 0
28 295 1259 0 0 0 0 0 1.0063 0 0.906 0.0865 0.1489 0.1865 1.7368 0.9826 0.1496 0.2268 0.3003 4.1691 0.6411 -0.0239 0.6045 0.7651 4.0419 -0.017 0.017 0.3761 0 0
28 296 1235 0 0 0 0 0 1.0045 0 -0.362 0.0728 0.5184 0.6143 2.2592 0.9629 0.271 0.4105 0.4909 4.1102 0.4944 0.0248 0.6723 0.8665 4.0696 -0.0332 0.0332 0.4661 0 0
28 297 1244 0 0 0 0 0 1.0008 0 0.8367 -0.0691 0.1208 0.1522 0.9894 0.989 -0.0238 0.1536 0.2024 2.3746 0.6295 -0.1024 0.6135 0.7906 4.059 -0.0806 0.0806 0.4115 0 0
28 298 1270 0 0 0 0 0 1.0005 0 -0.1518 -0.022 0.2513 0.2799 1.1636 0.9814 0.0683 0.1637 0.2386 1.7136 0.641 0.0809 0.5883 0.7476 4.1146 0.0345 0.0345 0.4518 0 0
28 299 1283 0 0 0 0 0 1.0024 0 -0.5583 0.1555 0.3439 0.453 2.0387 0.9696 0.0088 0.2426 0.3227 3.4021 0.5479 0.0715 0.6639 0.8388 4.0454 0.0678 0.0678 0.3815 0 0
28 300 1217 0 0 0 0 0 1.0011 0 0.9978 -0.0291 0.0528 0.0734 1.0476 0.9978 0.1918 0.1918 0.2227 1.1192 0.6997 0.1142 0.5675 0.7193 4.0273 0.0728 0.0728 0.3259 0 0
28 301 1246 0 0 0 0 0 1.0011 0 0.7902 -0.0687 0.1283 0.1458 1.0787 0.9865 -0.0528 0.2395 0.267 4.3338 0.6378 0.0844 0.603 0.7527 4.1153 -0.1034 0.1034 0.5435 0 0
28 302 1260 0 0 0 0 0 1.0008 0 0.6337 -0.1286 0.3531 0.3556 1.2319 0.9659 0.0024 0.2341 0.2934 1.746 0.6164 0.072 0.6108 0.7649 4.0316 -0.0349 0.0349 0.4602 0 0
28 303 1211 0 0 0 0 0 1.001 0 -0.6284 -0.0479 0.1757 0.2153 1.4099 0.9907 -0.1515 0.2387 0.3071 4.1792 0.633 -0.0535 0.6137 0.7707 4.0938 -0.0353 0.0353 0.4392 0 0
28 304 1187 0 0 0 0 0 1.0013 0 -0.7487 0.018 0.2588 0.2844 1.4782 0.9946 -0.3976 0.4451 0.6678 6.8554 0.4512 0.0945 0.6992 0.883 4.0971 -0.0372 0.0372 0.7323 0 0
28 305 1257 0 0 0 0 0 1.0012 0 0.8136 0.0146 0.1781 0.1875 1.4291 0.9907 -0.0742 0.1008 0.1414 1.2798 0.6629 -0.0805 0.5831 0.7471 4.0345 0.0461 0.0461 0.37 0 0
28 306 1246 0 0 0 0 0 1.0007 0 0.2553 -0.1901 0.1901 0.2342 1.1312 0.9857 0.0448 0.2951 0.4201 3.9037 0.6239 -0.0562 0.6219 0.7905 4.1487 -2e-04 2e-04 0.5374 0 0
28 307 1303 0 0 0 0 0 1.0039 0 -0.3317 -0.0575 0.1938 0.1948 2.3867 0.9881 0.342 0.4095 0.5731 6.0818 0.5524 0.1201 0.6792 0.865 4.3498 -0.0174 0.0174 0.8275 0 0
28 308 1221 0 0 0 0 0 1.0025 0 0.5897 0.0912 0.2335 0.2352 1.3096 0.967 0.0289 0.2346 0.3323 3.5269 0.5844 0.014 0.6403 0.8033 4.0876 -0.1348 0.1348 0.5241 0 0
28 309 1230 0 0 0 0 0 1.0012 0 0.9442 -0.0385 0.2714 0.2787 1.4141 0.9718 0.0442 0.319 0.3876 2.6337 0.6329 -0.0609 0.6463 0.8114 4.0308 0.0843 0.0843 0.4157 0 0
28 310 1206 0 0 0 0 0 1.0005 0 0.2273 0.0038 0.1361 0.1539 1.0642 0.9963 0.0041 0.114 0.1411 2.3458 0.6302 0.0304 0.5977 0.7746 4.0328 0.0271 0.0271 0.458 0 0
28 311 1293 0 0 0 0 0 1.0008 0 0.5398 -0.0693 0.3005 0.3393 1.1099 0.95 0.0231 0.4172 0.6067 3.4456 0.6288 -0.0225 0.5982 0.7675 4.097 -0.1015 0.1015 0.3879 0 0
28 312 1239 0 0 0 0 0 1.0004 0 0.8508 -0.0713 0.2192 0.2225 1.4298 0.988 0.3521 0.5054 0.7725 8.4333 0.5943 0.072 0.649 0.8114 4.0129 0.0453 0.0453 0.4157 0 0
28 313 1271 0 0 0 0 0 1.0021 0 -0.0889 0.0966 0.2749 0.3467 1.9528 0.9823 -0.205 0.264 0.3906 4.0443 0.5242 0.0314 0.6727 0.8436 4.0575 -0.0236 0.0236 0.5041 0 0
28 314 1222 0 0 0 0 0 1.0023 0 -0.9999 -0.2629 0.2629 0.2817 1.071 0.9935 0.0998 0.4567 0.598 5.7376 0.5466 -0.0366 0.6173 0.7943 4.1565 -0.1069 0.1069 0.6607 0 0
28 315 1214 0 0 0 0 0 1.0011 0 0.7463 -0.0273 0.1436 0.1773 1.4758 0.9884 -0.0479 0.2041 0.3325 4.0568 0.6223 0.0509 0.5942 0.7745 4.2847 0.0641 0.0641 0.5958 0 0
28 316 1219 0 0 0 0 0 1.0002 0 0.7523 -0.1104 0.2328 0.2577 1.4592 0.9945 0.1718 0.261 0.3301 3.3049 0.7013 -0.009 0.556 0.7111 4.0771 -0.1675 0.1675 0.3917 0 0
28 317 1255 0 0 0 0 0 1.0005 0 0.5344 -0.0462 0.1203 0.157 1.2416 0.988 0.0388 0.1929 0.2478 2.9608 0.645 -0.009 0.6055 0.7666 4.0572 -0.0325 0.0325 0.4206 0 0
28 318 1168 0 0 0 0 0 1.0012 0 0.8011 -0.2309 0.2309 0.2576 1.7059 0.9822 0.5419 0.5992 0.8247 7.5219 0.5301 0.0428 0.6615 0.8394 4.1241 -0.015 0.015 0.623 0 0
28 319 1255 0 0 0 0 0 1.0027 0 0.1002 0.0854 0.3175 0.339 1.5045 0.9653 0.0755 0.2398 0.324 2.6044 0.6213 0.0235 0.6619 0.8363 4.0516 -0.0109 0.0109 0.3963 0 0
28 320 1244 0 0 0 0 0 1.0016 0 0.9891 -0.0062 0.0344 0.04 1.1187 0.9924 -0.0142 0.1428 0.1583 2.5888 0.5968 0.0342 0.6358 0.8076 4.0405 0.0284 0.0284 0.517 0 0
28 321 1428 0 0 0 0 0 1.0005 0 -0.0068 0.0516 0.3463 0.4005 2.3124 0.9863 -0.1482 0.4583 0.6484 5.0988 0.5058 0.0229 0.7095 0.877 4.0827 0.18 0.18 0.4932 0 0
28 322 1247 0 0 0 0 0 1.0008 0 0.7267 -0.1273 0.1928 0.2098 1.3891 0.962 -0.0054 0.2928 0.3483 2.2807 0.6548 -0.0099 0.6182 0.7658 4.1261 0.0755 0.0755 0.527 0 0
28 323 1275 0 0 0 0 0 1.0009 0 0.2369 0.1088 0.1192 0.1587 1.0975 0.9874 -0.0019 0.1318 0.1522 1.3339 0.6312 -0.0257 0.6042 0.7513 4.1471 -0.0104 0.0104 0.4458 0 0
28 324 1619 0 0 0 0 0 1.0039 0 -0.7237 0.1288 0.2949 0.3876 2.091 0.959 0.0467 0.3061 0.3737 2.7234 0.5505 0.011 0.6662 0.8552 4.0681 -0.085 0.085 0.5135 0 0
28 325 1282 0 0 0 0 0 1.0011 0 0.8593 0.147 0.2314 0.2434 1.4947 0.9677 0.0511 0.2292 0.2858 2.147 0.5221 0.0908 0.6618 0.8374 4.0833 -0.0427 0.0427 0.4619 0 0
28 326 1259 0 0 0 0 0 1.0006 0 0.9049 -0.1373 0.2221 0.2501 0.9426 0.9904 0.0384 0.1903 0.2543 1.9398 0.6177 -0.0172 0.6248 0.7977 4.1976 0.3086 0.3086 0.4613 0 0
28 327 1201 0 0 0 0 0 1.0014 0 0.5743 -0.2028 0.2189 0.3234 1.4448 0.9972 -0.0773 0.4649 0.6048 4.9452 0.5772 0.0553 0.645 0.8326 4.0973 -0.1572 0.1572 0.5076 0 0
28 328 1219 0 0 0 0 0 1.001 0 0.8933 -0.0518 0.17 0.1787 1.0646 0.9853 0.0997 0.2296 0.2905 2.368 0.6511 -0.0548 0.6209 0.7789 4.1694 0.0386 0.0386 0.4758 0 0
28 329 1242 0 0 0 0 0 1.002 0 0.3709 -0.1051 0.2958 0.313 1.4993 0.9802 0.0954 0.3919 0.5227 3.8338 0.6006 0.0104 0.6091 0.7425 4.0586 0.0341 0.0341 0.5609 0 0
28 330 1289 0 0 0 0 0 1.0009 0 0.2322 -0.0486 0.2472 0.2957 1.345 0.9704 -0.059 0.2381 0.4155 2.075 0.6838 -0.0187 0.5726 0.7387 4.0367 0.1158 0.1158 0.401 0 0
28 331 1236 5 0 0 0 0 1.0031 0 -0.508 -0.141 0.3702 0.4645 1.837 0.9035 -1.8107 1.8328 3.2498 28.6969 0.3158 -0.0207 0.7803 0.9678 4.9191 0.3473 0.3473 0.9687 1 0
28 332 1235 0 0 0 0 0 1.0044 0 0.8635 -0.0934 0.1765 0.2417 2.0748 0.9302 0.2323 0.5307 0.9121 10.5675 0.5797 -0.0392 0.6497 0.8147 4.1339 0.0458 0.0458 0.5167 0 0
28 333 1238 0 0 0 0 0 1.0011 0 -0.8005 -0.0363 0.254 0.2792 1.4187 0.9932 0.0118 0.2031 0.2536 2.0283 0.617 -0.0023 0.6196 0.7881 4.0293 0.0241 0.0241 0.4512 0 0
28 334 1228 0 0 0 0 0 1.0022 0 0.4587 -0.0642 0.1611 0.163 1.1198 0.9909 0.121 0.2455 0.3119 4.2182 0.5937 -0.0095 0.6696 0.8553 4.0911 -0.1235 0.1235 0.4912 0 0
28 335 1251 0 0 0 0 0 1.0003 0 0.7851 -0.1734 0.2317 0.2534 1.2798 0.9882 0.1493 0.3424 0.4527 3.5504 0.5931 0.0749 0.6419 0.8108 4.0654 -0.0645 0.0645 0.5858 0 0
28 336 1241 0 0 0 0 0 1.0004 0 0.8685 -0.231 0.231 0.263 1.0623 0.9878 0.1351 0.2347 0.3086 1.9129 0.6785 -0.0195 0.5476 0.6983 4.0591 0.0781 0.0781 0.4526 0 0
28 337 1225 0 0 0 0 0 1.0016 0 0.5638 -0.0167 0.3483 0.3645 1.4184 0.9387 0.1426 0.3395 0.5114 5.3056 0.5907 -0.0586 0.6872 0.8644 4.08 -0.0262 0.0262 0.511 0 0
28 338 1207 0 0 0 0 0 1.0013 0 0.5982 0.1425 0.3511 0.3522 1.2866 0.8069 -0.0035 0.4826 0.5995 3.7933 0.6006 0.018 0.6476 0.8008 4.0386 -0.0354 0.0354 0.4386 0 0
28 339 1261 0 0 0 0 0 1.0015 0 0.9958 -0.0145 0.2902 0.3038 2.1521 0.9865 -0.0118 0.2852 0.3567 2.8419 0.6041 -0.0101 0.6014 0.7522 4.0725 -0.0075 0.0075 0.4243 0 0
28 340 1244 0 0 0 0 0 1.0008 0 -0.112 -0.2249 0.2529 0.3393 0.9979 0.9806 -0.0696 0.2337 0.3066 2.0657 0.6666 0.0557 0.5793 0.7298 4.0764 0.2343 0.2343 0.3924 0 0
28 341 1232 0 0 0 0 0 1.0007 0 -0.8941 0.1088 0.3792 0.4816 1.5172 0.9551 0.1003 0.2817 0.3368 1.6605 0.5937 -0.0387 0.6309 0.7798 4.0794 0.0604 0.0604 0.3858 0 0
28 342 1182 0 0 0 0 0 1.0011 0 -0.0524 0.1715 0.3046 0.3195 1.3318 0.9448 0.1385 0.2741 0.3224 2.2321 0.6294 0.0621 0.641 0.7941 4.0255 -0.0864 0.0864 0.4139 0 0
28 343 1214 0 0 0 0 0 1.0033 0 0.983 -0.2064 0.2064 0.2114 1.7518 0.9949 0.242 0.5582 0.7705 8.2586 0.6067 0.03 0.6113 0.7878 4.1354 -0.0321 0.0321 0.5326 0 0
28 344 1245 0 0 0 0 0 1.0011 0 0.2761 -0.0705 0.2253 0.2321 0.9974 0.9955 -0.0833 0.1615 0.2015 3.5278 0.5858 -0.0016 0.6449 0.8005 4.0544 -0.0777 0.0777 0.4577 0 0
28 345 1186 0 0 0 0 0 1.0007 0 0.9725 -0.1151 0.1168 0.1565 1.0989 0.9984 -0.0032 0.2461 0.3138 3.7129 0.5327 -0.0711 0.6377 0.8072 4.102 -0.0056 0.0056 0.543 0 0
28 346 1256 0 0 0 0 0 1.0016 0 -0.4553 0.0561 0.2664 0.3307 1.3375 0.9798 0.1138 0.1775 0.2347 2.0177 0.616 0.0196 0.6001 0.7574 4.0859 0.0621 0.0621 0.3405 0 0
28 347 1234 0 0 0 0 0 1.0006 0 0.285 -0.2133 0.2133 0.229 1.2756 0.9943 -0.1921 0.4101 0.5751 6.1389 0.6045 0.0341 0.6484 0.8204 4.1973 0.0957 0.0957 0.6661 0 0
28 348 1280 0 0 0 0 0 1.0025 0 0.9484 0.0785 0.0945 0.1503 1.4543 0.9903 -0.076 0.1381 0.1636 1.9092 0.6932 0.0308 0.5917 0.76 4.0298 -0.0708 0.0708 0.3819 0 0
28 349 1267 0 0 0 0 0 1.0014 0 0.7812 -0.084 0.1724 0.2268 1.2962 0.9865 -0.0713 0.1708 0.2036 1.7715 0.6466 0.0192 0.5762 0.7347 4.032 -0.1492 0.1492 0.3946 0 0
28 350 1277 0 0 0 0 0 1.0005 0 0.7795 -0.1447 0.2089 0.2447 1.2731 0.9547 -0.5602 0.6609 1.1424 9.6291 0.6578 0.0053 0.5914 0.7502 4.091 0.1474 0.1474 0.4558 0 0
28 351 1206 0 0 0 0 0 1.0014 0 0.0886 -0.4593 0.4593 0.591 1.1112 0.9954 0.2475 1.1372 1.4364 9.1244 0.4834 0.0078 0.6749 0.8602 4.2479 0.2007 0.2007 0.7229 0 0
28 352 1244 0 0 0 0 0 1.0039 0 0.3206 -0.1464 0.1464 0.2032 1.1036 0.9962 -0.0753 0.4587 0.5499 5.3593 0.6035 0.0717 0.6417 0.8195 4.2934 0.1455 0.1455 0.6366 0 0
28 353 1239 0 0 0 0 0 1.0007 0 0.4405 0.0141 0.195 0.2288 1.054 0.9923 -0.0171 0.1161 0.1434 1.6593 0.671 -0.0135 0.6139 0.7776 4.0437 -0.1001 0.1001 0.4267 0 0
28 354 1194 0 0 0 0 0 1.0052 0 0.9334 -0.2302 0.2507 0.3161 2.1598 0.9742 -1.1394 1.1648 1.721 13.4546 0.5988 0.022 0.6399 0.7924 4.2053 0.165 0.165 0.6334 0 0
28 355 1240 0 0 0 0 0 1.0005 0 0.9905 0.0185 0.0845 0.0851 1.3027 0.9944 0.1124 0.1218 0.1526 1.0663 0.6752 0.0264 0.5829 0.7527 4.0136 0.1016 0.1016 0.3514 0 0
28 356 1231 0 0 0 0 0 1.0006 0 -0.9493 0.0282 0.2404 0.2482 1.1859 0.9906 -0.1762 0.2022 0.3214 2.8933 0.6101 -0.0399 0.6103 0.7719 4.0925 0.0321 0.0321 0.5061 0 0
28 357 1216 0 0 0 0 0 1.0056 0 -0.4516 -0.0559 0.4718 0.5068 2.4777 0.9631 0.2039 0.6122 0.7175 5.7405 0.4822 -0.0843 0.6804 0.8487 4.1272 -0.116 0.116 0.5461 0 0
28 358 1251 0 0 0 0 0 1.0026 0 -0.745 0.0601 0.1338 0.1561 1.4078 0.9967 -0.0521 0.1551 0.2106 3.0925 0.6222 0.0332 0.6338 0.7913 4.2231 0.0137 0.0137 0.5843 0 0
28 359 1233 0 0 0 0 0 1.001 0 0.6814 0.1197 0.1377 0.2077 1.2042 0.9929 -0.0118 0.1473 0.1797 2.7913 0.5883 0.0183 0.622 0.7875 4.2003 -0.0146 0.0146 0.4196 0 0
28 360 1253 0 0 0 0 0 1.0006 0 -0.2676 0.0714 0.3014 0.3743 1.4536 0.9777 -0.2644 0.3563 0.5373 4.3824 0.5873 -0.0254 0.659 0.8272 4.0808 0.058 0.058 0.4653 0 0
28 361 1212 0 0 0 0 0 1.0007 0 0.9258 -0.2393 0.2393 0.2719 1.2483 0.9984 0.1015 0.2163 0.2916 2.5059 0.6682 -0.0627 0.5637 0.7071 4.0539 0.1097 0.1097 0.45 0 0
28 362 1284 0 0 0 0 0 1.0015 0 0.8756 0.098 0.2113 0.2548 1.2163 0.9927 -0.0447 0.1188 0.1468 1.7674 0.6962 0.0919 0.5769 0.7329 4.0102 -0.061 0.061 0.3662 0 0
28 363 1228 0 0 0 0 0 1.0012 0 0.7928 -0.0903 0.2003 0.2042 1.1015 0.9909 0.0283 0.1501 0.1707 1.4312 0.7011 0.0036 0.545 0.7137 4.0681 0.1375 0.1375 0.3584 0 0
28 364 1213 0 0 0 0 0 1.0009 0 -0.3178 -0.0876 0.194 0.2132 0.9398 0.9818 -0.1986 0.2433 0.3719 3.6562 0.5154 0.1026 0.7371 0.9323 4.4315 0.4329 0.4329 0.52 0 0
28 365 1235 0 0 0 0 0 1.0013 0 0.6037 -0.1937 0.2866 0.3053 1.1782 0.975 -0.0551 0.3554 0.5248 3.4049 0.6531 0.0501 0.5906 0.7546 4.122 -0.2173 0.2173 0.434 0 0
28 366 1251 0 0 0 0 0 1.001 0 0.9964 -0.0256 0.0963 0.0965 1.2712 0.9849 -0.0684 0.1293 0.1764 1.4761 0.6344 -0.0941 0.6265 0.7898 4.0752 0.0438 0.0438 0.4913 0 0
28 367 1270 0 0 0 0 0 1.001 0 0.9721 -0.1187 0.1187 0.1305 1.0461 0.9976 0.0124 0.1107 0.1402 2.0664 0.6958 -0.0791 0.5708 0.7276 4.0317 -0.147 0.147 0.3702 0 0
28 368 1236 0 0 0 0 0 1.0036 0 0.9663 0.052 0.2946 0.3379 2.237 0.9873 -0.084 0.2107 0.2484 2.3068 0.7002 -0.0102 0.5666 0.7197 4.0079 0.0955 0.0955 0.3621 0 0
28 369 1172 0 0 0 0 0 1.0035 0 -0.8513 -0.3821 0.5087 0.5805 1.5573 0.9609 1.3853 1.6363 2.4177 16.5725 0.4916 -0.0028 0.7316 0.9261 4.3881 -0.3295 0.3295 0.7416 0 0
28 370 1268 0 0 0 0 0 1.0012 0 0.9706 0.0904 0.0927 0.1333 1.1663 0.9967 -0.0034 0.0557 0.0804 1.4635 0.6911 0.0332 0.5522 0.6921 4.0257 0.0938 0.0938 0.3476 0 0
28 371 1244 0 0 0 0 0 1.0013 0 0.9515 0.0368 0.053 0.0578 1.1766 0.9907 -0.1145 0.1364 0.1963 2.6178 0.56 -0.0322 0.6872 0.8677 4.0983 0.0951 0.0951 0.4585 0 0
28 372 1246 0 0 0 0 0 1.0005 0 -0.7863 -0.0841 0.2503 0.2806 1.0491 0.9908 -0.1354 0.3523 0.48 3.5732 0.5871 0.0206 0.6601 0.8434 4.2062 -0.3124 0.3124 0.4693 0 0
28 373 1286 0 0 0 0 0 1.001 0 0.686 -0.0602 0.206 0.252 1.081 0.9963 0.0625 0.1246 0.1387 1.7427 0.6785 -0.0143 0.5883 0.7672 4.078 0.0164 0.0164 0.3865 0 0
28 374 1233 0 0 0 0 0 1.0021 0 -0.3128 -0.0221 0.2735 0.2857 1.6158 0.9707 0.1541 0.3646 0.4541 3.4058 0.5534 0.0129 0.6654 0.8532 4.121 0.1403 0.1403 0.5045 0 0
28 375 1207 0 0 0 0 0 1.0011 0 0.8898 -0.1425 0.2155 0.2288 1.2671 0.979 0.1002 0.1775 0.2837 2.096 0.6917 0.0278 0.575 0.7292 4.0862 -0.0364 0.0364 0.4405 0 0
28 376 1181 0 0 0 0 0 1.0026 0 -0.8955 0.0072 0.2755 0.3232 2.0014 0.8648 -0.3837 0.4976 0.8306 8.0087 0.4166 0.0152 0.6889 0.8518 4.2911 0.1565 0.1565 0.5842 0 0
28 377 1230 0 0 0 0 0 1.0032 0 0.9323 -0.0671 0.1364 0.1825 1.497 0.9713 0.0159 0.1978 0.2993 4.1049 0.5425 -0.0314 0.6824 0.8647 4.1573 0.073 0.073 0.6357 0 0
28 378 1222 0 0 0 0 0 1.0005 0 0.942 -0.0323 0.1289 0.1419 1.1443 0.9992 -0.0363 0.0725 0.1001 1.0977 0.6765 -0.006 0.5596 0.7143 4.0283 -0.0564 0.0564 0.345 0 0
28 379 1208 0 0 0 0 0 1.0014 0 0.0188 -0.2256 0.3684 0.4276 1.6472 0.9811 -0.2532 0.8756 1.2104 11.5483 0.5064 -0.0055 0.6643 0.8397 4.2808 -0.0949 0.0949 0.6943 0 0
28 380 1265 0 0 0 0 0 1.0034 0 0.1602 -0.047 0.4181 0.4353 2.57 0.9742 -0.2525 0.416 0.6109 4.9758 0.6325 -0.0407 0.6066 0.7719 4.0666 0.0373 0.0373 0.419 0 0
28 381 1205 0 0 0 0 0 1.0012 0 -0.4652 -0.114 0.2427 0.2516 1.4099 0.9796 -0.3353 0.3433 0.476 5.023 0.5578 -0.0447 0.6442 0.81 4.4429 0.1623 0.1623 0.7315 0 0
28 382 1271 0 0 0 0 0 1.0034 0 -0.8745 -0.028 0.3487 0.4198 1.857 0.935 -0.1997 0.332 0.5919 4.1073 0.5799 -0.0263 0.6301 0.8023 4.0733 0.0406 0.0406 0.475 0 0
28 383 1232 0 0 0 0 0 1.0005 0 0.4761 -0.0296 0.1518 0.1537 1.1271 0.987 -0.0992 0.1768 0.2001 1.4528 0.6451 -0.0601 0.6026 0.7498 4.047 -0.0222 0.0222 0.4636 0 0
28 384 1242 0 0 0 0 0 1.0017 0 0.9986 -0.0994 0.0994 0.0998 1.0883 0.9948 0.241 0.2698 0.3558 2.7423 0.618 0.0044 0.6477 0.836 4.0988 0.0052 0.0052 0.5137 0 0
28 385 1271 0 0 0 0 0 1.0015 0 0.7137 -0.1767 0.199 0.2592 1.7024 0.9396 0.0606 0.4434 0.6786 5.3623 0.5521 0.0735 0.637 0.7967 4.088 0.0268 0.0268 0.5999 0 0
28 386 1194 0 0 0 0 0 1.0004 0 0.3385 0.0507 0.179 0.2211 1.2306 0.9632 0.1428 0.2453 0.3277 1.4983 0.5966 -0.0342 0.617 0.7685 4.0904 0.0243 0.0243 0.462 0 0
28 387 1211 0 0 0 0 0 1.0015 0 -0.1864 -0.1968 0.201 0.3343 1.1938 0.9943 0.1879 0.3265 0.4698 4.0378 0.633 -0.0503 0.6089 0.7699 4.1324 0.1076 0.1076 0.513 0 0
28 388 1243 0 0 0 0 0 1.0017 0 0.999 -0.0247 0.0504 0.067 1.6194 0.996 -0.0143 0.1239 0.1437 2.1226 0.6061 -0.0153 0.6207 0.8008 4.1929 -0.0263 0.0263 0.5161 0 0
28 389 1234 0 0 0 0 0 1.0012 0 0.8584 -0.1379 0.1446 0.1887 1.3725 0.998 -0.1128 0.2011 0.2518 2.4557 0.6077 -0.0831 0.5948 0.7505 4.117 0.094 0.094 0.5235 0 0
28 390 1235 0 1 0 0 0 1.0061 0 -0.7812 -0.0378 0.3993 0.4611 2.7604 0.8842 0.2882 0.4902 0.7423 6.2067 0.4943 -0.0197 0.685 0.8654 4.0727 0.1336 0.1336 0.5074 1 0
28 391 1245 0 0 0 0 0 1.0005 0 0.9891 0.0429 0.0825 0.0911 1.7652 0.9972 -0.0328 0.1256 0.1562 3.4032 0.5914 -0.0166 0.6528 0.8109 4.0844 -0.0785 0.0785 0.5353 0 0
28 392 1250 0 0 0 0 0 1.0015 0 0.9964 0.2051 0.2051 0.234 1.0488 0.9927 0.0469 0.1307 0.1674 0.8853 0.6458 0.0104 0.6213 0.802 4.0468 0.1299 0.1299 0.3587 0 0
28 393 1207 0 0 0 0 0 1.0015 0 0.2732 0.115 0.4734 0.567 1.9704 0.9673 -0.0915 0.1991 0.2626 1.7911 0.6835 -0.0316 0.6169 0.7975 4.0414 -0.0921 0.0921 0.3763 0 0
28 394 1234 0 0 0 0 0 1.0007 0 -0.8682 0.1671 0.4186 0.4938 1.5219 0.9796 0.1557 0.2274 0.286 1.577 0.6523 0.072 0.5793 0.7456 3.9987 0.019 0.019 0.3537 0 0
28 395 1230 0 0 0 0 0 1.0007 0 0.9997 -0.1196 0.1246 0.1605 1.1961 0.9941 0.1287 0.1539 0.1971 1.5135 0.668 0.0316 0.5732 0.7239 4.0768 -0.0171 0.0171 0.4158 0 0
28 396 1289 0 0 0 0 0 1.0036 0 -0.989 -0.1559 0.3564 0.359 1.5613 0.9929 -0.2068 0.2649 0.3411 3.1816 0.661 -0.0281 0.6169 0.7894 4.068 -0.0035 0.0035 0.4579 0 0
28 397 1245 0 0 0 0 0 1.0013 0 -0.2212 -0.204 0.2928 0.3527 1.5922 0.9907 -0.1855 0.7641 1.0012 8.8312 0.5047 -0.0536 0.6976 0.883 4.1123 -0.011 0.011 0.6326 0 0
28 398 1227 0 0 0 0 0 1.0015 0 0.6645 -0.1936 0.1968 0.2424 1.2139 0.9933 -0.206 0.3374 0.4177 4.1802 0.579 0.0265 0.6544 0.8183 4.1104 0.1753 0.1753 0.6608 0 0
28 399 1221 0 0 0 0 0 1.0013 0 -0.8221 -0.0365 0.2531 0.2886 1.3345 0.9195 0.2426 0.4789 0.6774 6.6434 0.514 -0.0143 0.6731 0.8464 4.1481 -0.1111 0.1111 0.5758 0 0
28 400 1225 0 0 0 0 0 1.0074 0 -0.4056 0.0323 0.3427 0.3789 3.406 0.99 0.5761 0.7518 1.078 11.9026 0.5542 -0.011 0.6289 0.7886 4.1514 0.0204 0.0204 0.6817 0 0
28 401 1198 0 0 0 0 0 1.0027 0 -0.5896 -0.0325 0.3538 0.4197 2.1761 0.9818 -0.2321 0.3407 0.4972 3.9303 0.5824 -0.0657 0.6718 0.8387 4.1172 0.0165 0.0165 0.6189 0 0
28 402 1259 0 0 0 0 0 1.0006 0 0.9976 -0.0029 0.0167 0.0183 0.9789 0.9963 -0.0479 0.1011 0.1227 1.4249 0.6596 -0.0791 0.5913 0.7576 4.067 -0.0075 0.0075 0.3994 0 0
28 403 1212 0 0 0 0 0 1.001 0 0.7343 -0.1132 0.2657 0.3449 1.1897 0.9847 -0.0917 0.1832 0.2506 1.8868 0.6718 -0.0057 0.5549 0.7042 4.1023 0.0312 0.0312 0.427 0 0
28 404 1249 0 0 0 0 0 1.002 0 -0.4332 0.044 0.3396 0.3493 1.1392 0.9238 0.0318 0.3303 0.4151 2.3474 0.652 0.0134 0.5951 0.7581 4.1819 0.0698 0.0698 0.4776 0 0
28 405 1170 0 0 0 0 0 1.0006 0 0.5861 -0.1784 0.3702 0.3767 1.0817 0.9919 0.5852 0.5859 0.6777 6.3224 0.5617 -0.0443 0.6701 0.8333 4.1687 -0.0238 0.0238 0.6391 0 0
28 406 1283 0 0 0 0 0 1.0014 0 0.9462 0.0019 0.1262 0.1346 1.3762 0.9977 0.023 0.0653 0.0861 1.9895 0.6338 0.0102 0.5924 0.7545 4.0738 -0.0032 0.0032 0.3614 0 0
28 407 1222 0 0 0 0 0 1.0005 0 0.9977 0.0192 0.0215 0.0296 1.3998 0.9976 0.1612 0.1662 0.1973 2.9465 0.5755 0.0161 0.6385 0.8153 4.1102 -0.0465 0.0465 0.5075 0 0
28 408 1205 0 0 0 0 0 1.0007 0 0.5576 -0.2354 0.3846 0.4088 1.4159 0.6599 2.1425 2.2904 3.7915 30.5861 0.5 0.0051 0.6824 0.8854 4.1351 0.1921 0.1921 0.6606 0 0
28 409 1234 0 0 0 0 0 1.0006 0 0.8135 -0.2093 0.2093 0.2415 1.0211 0.967 0.2003 0.3432 0.4572 5.0037 0.5994 -0.0936 0.6597 0.8185 4.3023 0.2717 0.2717 0.5372 0 0
28 410 1236 0 0 0 0 0 1.0007 0 0.3876 -0.1354 0.1354 0.1493 1.1918 0.9985 0.0031 0.1732 0.2251 2.6737 0.6365 0.0187 0.6153 0.7806 4.1287 0.1021 0.1021 0.5052 0 0
28 411 1253 0 0 0 0 0 1.003 0 -0.4694 0.1249 0.2935 0.3128 1.6141 0.9851 -0.1295 0.1965 0.2391 2.4442 0.6002 -0.0134 0.6407 0.8131 4.05 0.1377 0.1377 0.4276 0 0
28 412 1461 0 0 0 0 0 1.004 0 -0.6233 0.0828 0.5631 0.663 3.0333 0.9202 0.6329 0.755 1.1762 7.6405 0.5219 0.0608 0.6754 0.8436 4.0311 0.0514 0.0514 0.4963 0 0
28 413 1258 0 0 0 0 0 1.0048 0 0.6863 -0.2134 0.2134 0.2344 1.4942 0.9882 -0.2124 0.6106 0.7254 5.7909 0.5675 -0.0687 0.6106 0.7927 4.103 -0.1466 0.1466 0.5395 0 0
28 414 1232 0 0 0 0 0 1.0006 0 0.995 0.0341 0.0907 0.1106 1.359 0.9869 0.1009 0.19 0.2668 2.6335 0.7095 -0.0072 0.5607 0.7203 4.0324 0 0 0.3263 0 0
28 415 1275 0 0 0 0 0 1.0009 0 0.8862 -0.008 0.1185 0.1262 1.1305 0.9969 -0.0428 0.1017 0.123 1.7971 0.699 0.0652 0.5682 0.7331 4.0346 0.0541 0.0541 0.3677 0 0
28 416 1227 0 0 0 0 0 1.0016 0 -0.974 0.106 0.1097 0.1555 1.3417 0.9932 -1e-04 0.1369 0.1649 2.681 0.5922 0.0877 0.6503 0.8158 4.0396 0.0042 0.0042 0.4754 0 0
28 417 1197 0 0 0 0 0 1.0011 0 0.4129 -0.0776 0.184 0.1916 1.6289 0.9946 0.1899 0.3187 0.4182 4.2062 0.6178 0.0368 0.6317 0.8168 4.1832 0.1342 0.1342 0.603 0 0
28 418 1202 0 0 0 0 0 1.0024 0 0.3619 0.0976 0.2445 0.3108 1.5412 0.9717 -0.0672 0.2486 0.2739 2.2002 0.5945 -0.0971 0.6412 0.8114 4.0786 0.0274 0.0274 0.4439 0 0
28 419 1190 0 0 0 0 0 1.0036 0 0.9999 -0.264 0.264 0.3019 1.7536 0.9456 1.4433 1.6735 2.7422 22.9906 0.5525 -0.0245 0.6296 0.799 4.0929 0.0184 0.0184 0.5257 0 0
28 420 1246 0 0 0 0 0 1.0011 0 0.4664 0.0643 0.154 0.1939 1.1215 0.9902 -0.1162 0.1635 0.2084 2.0013 0.5747 -0.0294 0.6525 0.8164 4.0865 -0.0717 0.0717 0.4671 0 0
28 421 1245 0 0 0 0 0 1.0006 0 0.546 -0.0858 0.1528 0.1659 1.1309 0.9982 -0.1015 0.1614 0.1777 1.9518 0.6513 -0.0946 0.606 0.8063 4.0699 -0.0191 0.0191 0.4204 0 0
28 422 1278 0 0 0 0 0 1.0009 0 0.7121 0.0554 0.1325 0.1739 1.1907 0.9921 -0.0696 0.146 0.191 2.8978 0.592 0.0115 0.6351 0.7843 4.0302 0.112 0.112 0.3725 0 0
28 423 1305 0 0 0 0 0 1.0013 0 0.8699 0.0542 0.1419 0.1554 1.5489 0.9977 0.0788 0.0806 0.1052 1.3885 0.624 0.1359 0.5924 0.753 4.0839 -0.062 0.062 0.4205 0 0
28 424 1479 0 0 0 0 0 1.0051 0 -0.0295 0.0778 0.5264 0.6002 2.4324 0.9759 -0.0288 0.2718 0.3349 2.3329 0.5865 -0.013 0.6438 0.8012 4.0857 0.007 0.007 0.4565 0 0
28 425 1208 0 0 0 0 0 1.0012 0 -0.5083 0.1019 0.3525 0.3766 1.622 0.9535 -0.1357 0.3395 0.4157 3.562 0.5749 -0.0466 0.6486 0.8107 4.0967 0.1296 0.1296 0.5021 0 0
28 426 1272 0 0 0 0 0 1.0004 0 -0.016 -0.1213 0.2788 0.3668 0.9684 0.9872 0.0624 0.2463 0.3039 2.4857 0.6796 0.0168 0.5748 0.7421 4.0171 0.0261 0.0261 0.4011 0 0
28 427 1250 0 0 0 0 0 1.0008 0 -0.9789 0.0162 0.352 0.391 1.4344 0.9739 0.1461 0.3027 0.4669 3.5915 0.5401 0.0309 0.6726 0.8547 4.0368 0.1201 0.1201 0.3893 0 0
28 428 1219 0 0 0 0 0 1.0015 0 -0.1838 -0.1851 0.4488 0.4507 1.0305 0.9277 -0.1713 0.5062 0.6443 3.8743 0.6039 0.0983 0.6073 0.7725 4.0599 -0.2079 0.2079 0.4206 0 0
28 429 1242 0 0 0 0 0 1.0025 0 0.9846 0.0675 0.1082 0.1294 1.2688 0.9979 0.0555 0.0933 0.1375 2.1032 0.7012 -0.0189 0.5599 0.7185 4.0195 0.0731 0.0731 0.3558 0 0
28 430 1264 0 0 0 0 0 1.0011 0 0.8839 -0.0506 0.1382 0.1448 1.3118 0.9937 0.0592 0.143 0.1801 3.16 0.6516 0.0552 0.6009 0.7639 4.0627 -0.0292 0.0292 0.4224 0 0
28 431 1261 0 0 0 0 0 1.0039 0 -0.1649 -0.1149 0.209 0.2778 1.6601 0.9224 0.3197 0.7128 1.2424 13.1477 0.4795 0.0692 0.6885 0.8496 4.3424 0.2452 0.2452 0.8113 0 0
28 432 1226 0 0 0 0 0 1.0051 0 -0.7927 0.0627 0.537 0.6044 2.5319 0.9925 -0.2193 0.5471 0.6805 4.8916 0.5785 -0.052 0.6745 0.8514 4.0068 0.0244 0.0244 0.3797 0 0
28 433 1217 2 0 0 0 0 1.0019 0 -0.2227 -0.1067 0.1565 0.1691 1.2133 0.9755 0.0131 0.3933 0.4612 3.5321 0.4124 0.002 0.7369 0.9368 4.8782 -0.4395 0.4395 0.6775 1 0
28 434 1265 0 0 0 0 0 1.0019 0 0.2143 0.0736 0.1348 0.1651 1.1095 0.9964 -0.0967 0.1724 0.2093 3.3172 0.599 -0.0426 0.6383 0.7964 4.0075 -0.0334 0.0334 0.4294 0 0
28 435 1212 0 0 0 0 0 1.0036 0 0.632 -0.0434 0.1681 0.1768 1.5918 0.9755 0.1138 0.2136 0.2882 2.7286 0.5357 -0.0111 0.6946 0.8806 4.1276 0.1191 0.1191 0.6283 0 0
28 436 1256 0 0 0 0 0 1.0017 0 -0.8137 0.0028 0.3166 0.3392 1.4911 0.9662 -0.0785 0.296 0.3642 2.6847 0.5963 0.068 0.6041 0.782 4.0657 0.1309 0.1309 0.4616 0 0
28 437 1225 0 0 0 0 0 1.001 0 0.5917 0.0053 0.2047 0.2421 1.1039 0.9864 -3e-04 0.1642 0.2288 2.1655 0.6415 -0.0755 0.608 0.7761 4.0564 0.0229 0.0229 0.3949 0 0
28 438 1388 0 0 0 0 0 1.001 0 0.8867 -0.095 0.128 0.1814 1.1035 0.9899 -0.067 0.1131 0.1817 2.2608 0.6463 0.0086 0.6135 0.7749 4.0484 -0.084 0.084 0.4951 0 0
28 439 1205 0 0 0 0 0 1.001 0 0.6362 0.0896 0.1915 0.2254 1.3158 0.9906 0.144 0.2075 0.2729 2.7796 0.6031 0.0508 0.6212 0.7789 4.1637 -0.0423 0.0423 0.4994 0 0
28 440 1203 0 0 0 0 0 1.0017 0 -0.754 -0.1076 0.254 0.2778 1.4986 0.9622 -0.2198 0.4013 0.5345 4.9534 0.5669 0.0531 0.6402 0.8307 4.0668 0.1712 0.1712 0.492 0 0
28 441 1234 0 0 0 0 0 1.0011 0 0.7825 0.0247 0.135 0.1542 1.3257 0.98 0.1012 0.186 0.2335 1.9318 0.6103 0.1013 0.6162 0.7688 4.098 -0.1102 0.1102 0.4181 0 0
28 442 1187 0 0 0 0 0 1.0019 0 0.9998 -0.0655 0.1542 0.1555 1.7369 0.9872 0.0159 0.1621 0.221 2.0057 0.5882 -0.1071 0.6178 0.794 4.0325 0.0145 0.0145 0.4319 0 0
28 443 1212 0 0 0 0 0 1.001 0 0.6921 0.1415 0.2573 0.2735 1.2464 0.9828 -0.0721 0.1516 0.182 1.2726 0.628 -0.0603 0.6403 0.8141 4.0931 0.1437 0.1437 0.3777 0 0
28 444 1286 0 0 0 0 0 1.0011 0 0.7326 0.2174 0.3085 0.4606 1.4455 0.9811 -0.08 0.1944 0.2304 2.0792 0.711 -0.0181 0.5716 0.7312 4.017 0.0568 0.0568 0.3016 0 0
28 445 1437 0 0 0 0 0 1.0025 0 0.4424 -0.1379 0.389 0.3904 2.4911 0.9736 0.5194 0.796 1.2233 9.3237 0.6042 -0.0068 0.5994 0.7658 4.0068 0.027 0.027 0.3987 0 0
28 446 1235 0 0 0 0 0 1.0014 0 0.8854 -0.0319 0.1736 0.186 1.392 0.9892 -0.0736 0.1804 0.2875 3.3227 0.6263 -0.001 0.6429 0.8101 4.1032 -0.0223 0.0223 0.4398 0 0
28 447 1228 0 0 0 0 0 1.0064 0 0.0426 0.1907 0.4111 0.4968 2.5653 0.9759 -0.0021 0.2031 0.2453 1.7206 0.5501 0.0648 0.6788 0.8607 4.0735 -0.1475 0.1475 0.4121 0 0
28 448 1247 0 0 0 0 0 1.0015 0 -0.3372 -0.1329 0.2207 0.2545 1.0442 0.9923 -0.091 0.2569 0.3316 2.8175 0.6291 0.0091 0.6207 0.7829 4.1486 0.0118 0.0118 0.5066 0 0
28 449 1243 0 0 0 0 0 1.0008 0 0.9917 0.017 0.1311 0.1431 1.3877 0.9966 0.1234 0.1394 0.1891 3.25 0.6488 0.0055 0.6197 0.7914 4.016 -0.1014 0.1014 0.3882 0 0
28 450 1183 0 0 0 0 0 1.0009 0 0.9342 -0.2461 0.2461 0.251 1.2457 0.9992 -0.4239 0.6222 0.8124 8.7128 0.5593 -0.0296 0.6637 0.8431 4.2231 -0.1965 0.1965 0.7282 0 0
28 451 1216 0 0 0 0 0 1.0003 0 0.8732 -0.1312 0.1633 0.19 1.2143 0.9952 -0.1635 0.2753 0.3902 3.9742 0.6313 0.0283 0.6001 0.7589 4.2109 0.284 0.284 0.483 0 0
28 452 1265 0 0 0 0 0 1.0013 0 -0.4027 0.0563 0.2702 0.2736 1.177 0.9758 -0.0283 0.2477 0.2796 1.9799 0.6481 -0.0028 0.6135 0.779 4.0253 -0.0862 0.0862 0.4349 0 0
28 453 1214 0 0 0 0 0 1.0012 0 -0.4216 -0.0525 0.4215 0.4358 1.5718 0.9578 -0.06 0.3291 0.392 3.0131 0.6113 -0.1063 0.6724 0.8469 4.0668 0.0901 0.0901 0.4318 0 0
28 454 1271 0 0 0 0 0 1.0012 0 0.8973 0.0632 0.1241 0.1369 1.5709 0.9962 -0.0068 0.0806 0.1044 1.2801 0.632 -0.0048 0.6117 0.8028 4.0523 -0.0036 0.0036 0.4042 0 0
28 455 1255 0 0 0 0 0 1.0043 0 0.8842 -0.1575 0.2111 0.2305 1.8097 0.9436 -0.179 0.3545 0.5127 4.6386 0.5684 0.0092 0.6409 0.8204 4.3357 -0.1697 0.1697 0.7031 0 0
28 456 1196 0 0 0 0 0 1.0004 0 0.9485 -0.2143 0.2578 0.3451 1.2407 0.9252 0.0268 0.4487 0.7642 5.008 0.6011 -0.0856 0.6346 0.7988 4.1645 -0.2109 0.2109 0.4519 0 0
28 457 1286 0 0 0 0 0 1.0002 0 0.9718 0.0245 0.0631 0.0649 0.9359 0.9967 -0.0264 0.0793 0.0959 1.0847 0.7386 -0.0054 0.5138 0.6731 4.0177 0.1563 0.1563 0.3113 0 0
28 458 1182 0 0 0 0 0 1.0023 0 0.9386 -0.2036 0.2036 0.2342 1.2107 0.9886 0.0218 0.2817 0.3603 3.0615 0.5741 0.0648 0.6403 0.8109 4.1269 -0.0877 0.0877 0.4981 0 0
28 459 1259 0 0 0 0 0 1.0022 0 0.7621 -0.2819 0.2819 0.3074 1.2673 0.9941 -0.4174 0.5673 0.7464 6.699 0.6056 -0.0729 0.5915 0.7573 4.0747 -0.0103 0.0103 0.5506 0 0
28 460 1270 0 0 0 0 0 1.0016 0 0.3515 -0.056 0.1308 0.1522 1.2081 0.9899 0.1016 0.1667 0.2171 1.9585 0.582 0.034 0.629 0.7994 4.114 -0.0287 0.0287 0.5239 0 0
28 461 1224 0 0 0 0 0 1.0006 0 -0.2304 0.0461 0.2843 0.3212 1.4954 0.9843 -0.0123 0.1984 0.2351 3.0423 0.5537 0.0037 0.6921 0.8693 4.1244 0.003 0.003 0.5166 0 0
28 462 1203 0 0 0 0 0 1.0008 0 0.4199 -0.2161 0.3486 0.3773 1.6929 0.9657 -0.0342 0.4246 0.5911 4.4531 0.6275 0.006 0.6258 0.7966 4.1635 -0.0061 0.0061 0.5124 0 0
28 463 1233 0 0 0 0 0 1.0008 0 0.978 -0.0987 0.0987 0.1167 1.1622 0.9872 0.1139 0.2166 0.2495 1.6025 0.6872 0.1599 0.5575 0.7275 4.0357 -0.0127 0.0127 0.4434 0 0
28 464 1588 0 0 0 0 0 1.0013 0 0.9954 0.0544 0.1669 0.1689 1.7865 0.9799 -0.3404 0.3722 0.7389 9.8151 0.5548 0.0476 0.6665 0.8264 4.0853 -0.1356 0.1356 0.5292 0 0
28 465 1251 0 0 0 0 0 1.0018 0 0.9392 -0.0966 0.1716 0.1821 1.4076 0.9767 0.376 0.5345 0.874 7.105 0.6128 -0.0743 0.5997 0.7708 4.05 0.046 0.046 0.456 0 0
28 466 1217 0 0 0 0 0 1.0049 0 -0.8001 -0.2378 0.2378 0.3129 1.6656 0.9244 0.9073 1.0688 1.5782 16.942 0.4913 0.0145 0.6715 0.8521 4.4264 0.067 0.067 1.0864 0 0
28 467 1315 0 0 0 0 0 1.0008 0 0.9335 0.1249 0.1249 0.1695 1.1346 0.9973 -0.0659 0.0858 0.1087 1.5334 0.6811 -0.0312 0.5479 0.6938 4.0537 -0.0032 0.0032 0.3552 0 0
28 468 1231 0 3 0 0 0 1.0022 0 -0.1926 0.284 0.4307 0.6299 3.3084 0.9644 0.0178 0.2235 0.2825 2.9021 0.4395 0.0183 0.7052 0.9083 4.0367 0.02 0.02 0.4639 1 0
28 469 1203 0 0 0 0 0 1.0005 0 -0.7369 0.1062 0.1747 0.2221 1.3278 0.991 0.0409 0.1133 0.1351 1.54 0.5932 0.0067 0.6559 0.8248 4.0312 0.0173 0.0173 0.3857 0 0
28 470 1235 0 0 0 0 0 1.0006 0 -0.1321 0.0132 0.1434 0.1487 1.1448 0.9935 0.0951 0.1251 0.1718 1.805 0.6505 0.0279 0.6317 0.7998 4.0907 -0.0429 0.0429 0.4528 0 0
28 471 1283 0 0 0 0 0 1.0035 0 0.4871 -0.0655 0.2912 0.3166 1.3922 0.9884 0.0318 0.1891 0.2171 2.1471 0.6693 -0.015 0.564 0.7076 4.0356 0.0129 0.0129 0.3917 0 0
28 472 1245 0 0 0 0 0 1.0003 0 0.8179 -0.2154 0.2154 0.247 1.1028 0.9972 0.0867 0.3483 0.4429 3.6571 0.5735 -0.0586 0.6236 0.7752 4.1497 -0.169 0.169 0.5795 0 0
28 473 1227 0 0 0 0 0 1.0016 0 0.9846 0.0403 0.0403 0.0549 1.0155 0.999 0.0495 0.0636 0.0809 1.6976 0.6732 0.0516 0.6031 0.7591 4.0351 0.1459 0.1459 0.3514 0 0
28 474 1472 0 0 0 0 0 1.0043 0 0.9134 0.0109 0.338 0.3859 2.1332 0.9561 0.245 0.4329 0.619 4.4187 0.5699 0.006 0.6326 0.8067 4.1497 -0.1727 0.1727 0.5139 0 0
28 475 1222 0 0 0 0 0 1.0006 0 0.9867 0.0277 0.2545 0.2811 1.7408 0.986 -0.0529 0.1693 0.1963 1.747 0.6463 -0.0377 0.6195 0.788 4.0378 0.0531 0.0531 0.3898 0 0
28 476 1294 0 0 0 0 0 1.0014 0 0.8717 -0.3103 0.3103 0.3507 1.616 0.9909 0.148 0.4378 0.619 4.454 0.6457 -0.0013 0.5569 0.7114 4.153 0.0431 0.0431 0.5594 0 0
28 477 1251 0 0 0 0 0 1.0016 0 -0.2798 -0.0438 0.1847 0.2168 1.2303 0.988 -0.0806 0.146 0.2199 2.0832 0.6202 -0.0036 0.5941 0.751 4.0408 -0.0049 0.0049 0.4367 0 0
28 478 1234 0 0 0 0 0 1.0014 0 0.4081 0.1351 0.2579 0.3069 1.2575 0.9569 0.245 0.2888 0.4211 3.7839 0.5391 -0.0078 0.6976 0.8787 4.064 -0.1947 0.1947 0.4417 0 0
28 479 1272 0 0 0 0 0 1.0011 0 0.2145 -0.204 0.3104 0.3469 1.1312 0.9852 0.0688 0.2213 0.2752 1.7742 0.6829 -0.021 0.5282 0.6601 4.1723 0.0611 0.0611 0.4746 0 0
28 480 1222 0 0 0 0 0 1.0009 0 -0.7988 -0.1398 0.2872 0.3382 1.6977 0.9534 -0.1804 0.2563 0.4287 4.006 0.5862 0.0362 0.6545 0.8166 4.2714 0.0574 0.0574 0.6494 0 0
28 481 1192 0 0 0 0 0 1.0009 0 -0.0936 0.1511 0.2127 0.2454 1.0674 0.9784 0.0227 0.1651 0.2343 1.3279 0.6418 -0.0095 0.6138 0.7798 4.0503 0.0182 0.0182 0.4218 0 0
28 482 1264 0 0 0 0 0 1.0005 0 0.6452 0.0347 0.1324 0.1606 1.0533 0.9828 0.0218 0.1578 0.1836 1.4489 0.6885 -8e-04 0.5913 0.7372 4.0643 0.0147 0.0147 0.3895 0 0
28 483 1365 0 0 0 0 0 1.0012 0 -0.9368 -0.3056 0.393 0.5879 1.491 0.9915 -0.9792 1.253 1.9846 13.803 0.5659 5e-04 0.6972 0.8567 4.1283 0.1466 0.1466 0.5676 0 0
28 484 1260 0 0 0 0 0 1.0009 0 0.3764 -0.0217 0.2222 0.2529 1.0186 0.9828 -0.1286 0.1868 0.2426 1.305 0.6924 -0.001 0.5383 0.6844 4.0408 -0.0545 0.0545 0.3241 0 0
28 485 1467 0 0 0 0 0 1.0037 0 0.5248 -0.2451 0.2451 0.2849 1.5054 0.9747 -0.4004 0.7275 1.022 9.8211 0.5427 -0.009 0.6724 0.8504 4.1237 0.0174 0.0174 0.6369 0 0
28 486 1237 0 0 0 0 0 1.0013 0 0.641 -0.1829 0.1829 0.2333 1.1554 0.9875 -0.2453 0.2761 0.3998 2.6599 0.6104 -0.0599 0.62 0.7816 4.0969 -0.1159 0.1159 0.4283 0 0
28 487 1214 0 0 0 0 0 1.001 0 0.6464 -0.0833 0.1626 0.1754 1.143 0.9892 0.0831 0.1813 0.2451 3.2094 0.6593 9e-04 0.5996 0.7543 4.0944 0.0114 0.0114 0.4344 0 0
28 488 1218 2 0 0 0 0 1.0006 0 0.1601 -0.2433 0.3022 0.3396 1.3854 0.9761 0.1533 0.7121 0.9259 6.7181 0.507 0.0073 0.696 0.8705 4.6138 0.3836 0.3836 0.6411 1 0
28 489 1213 0 0 0 0 0 1.0012 0 0.2683 0.0995 0.1859 0.2403 1.3621 0.9903 0.0132 0.146 0.1776 2.3683 0.633 -0.0157 0.6296 0.812 4.1008 0.1018 0.1018 0.4387 0 0
28 490 1201 0 0 0 0 0 1.0017 0 0.7768 0.1121 0.1901 0.2486 1.3937 0.9934 0.1898 0.2538 0.3488 2.9954 0.629 0.0403 0.6399 0.8013 4.0446 0.0332 0.0332 0.4311 0 0
28 491 1236 0 0 0 0 0 1.0006 0 0.9337 0.0209 0.1081 0.1239 1.2345 0.9928 0.0174 0.129 0.18 2.5387 0.5776 -0.0211 0.6582 0.8214 4.0821 0.1232 0.1232 0.4355 0 0
28 492 1270 0 0 0 0 0 1.0018 0 -0.7703 -0.0266 0.1498 0.1725 1.1882 0.9902 -0.1257 0.201 0.27 3.2331 0.593 -0.0693 0.6343 0.8171 4.0741 -0.0423 0.0423 0.5477 0 0
28 493 1241 0 0 0 0 0 1.0019 0 0.8858 -0.141 0.197 0.2503 1.1925 0.9928 -0.0065 0.2112 0.2747 2.3256 0.6007 0.0677 0.609 0.7821 4.1076 -0.0582 0.0582 0.5256 0 0
28 494 1219 0 0 0 0 0 1.0028 0 0.9719 0.0066 0.0804 0.0902 1.2801 0.991 -0.0026 0.1241 0.1477 1.7347 0.604 0.0206 0.5848 0.7767 4.0429 -0.021 0.021 0.367 0 0
28 495 1246 0 0 0 0 0 1.0004 0 0.9338 -0.2944 0.2944 0.3055 1.0002 0.9974 -0.0098 0.1803 0.2158 1.1258 0.699 -0.0348 0.5153 0.6717 4.063 -0.0207 0.0207 0.3514 0 0
28 496 1248 0 0 0 0 0 1.0013 0 0.9124 -0.1771 0.1771 0.2109 1.2203 0.9969 0.077 0.1966 0.2196 3.1112 0.6266 0.0298 0.5889 0.7525 4.0882 0.1399 0.1399 0.4769 0 0
28 497 1215 0 0 0 0 0 1.0005 0 0.6116 -0.0527 0.1372 0.1767 1.4075 0.9861 0.1836 0.249 0.3311 3.3618 0.5853 0.0388 0.6281 0.7962 4.0715 0.0875 0.0875 0.5239 0 0
28 498 1258 0 0 0 0 0 1.0015 0 0.8208 0.0035 0.1717 0.1975 1.0714 0.9731 0.0655 0.1518 0.2525 2.1649 0.6806 -0.0489 0.5755 0.7237 4.1092 0.025 0.025 0.4023 0 0
28 499 1263 0 0 0 0 0 1.002 0 0.957 -0.071 0.1342 0.1485 1.3538 0.9882 0.0719 0.2277 0.3462 4.7512 0.5904 -0.0669 0.6568 0.8427 4.0873 -0.0525 0.0525 0.4929 0 0
28 500 1172 0 0 0 0 0 1.0032 0 0.9864 -0.0442 0.1411 0.1647 1.4746 0.9764 0.3843 0.4453 0.6738 8.5602 0.5295 0.0057 0.6529 0.8287 4.0464 -0.0503 0.0503 0.4722 0 0
