cond r run.time ndiv nbfmi ntree nbulk ntail maxRhat nRhat alpha.cor alpha.bias alpha.abbias alpha.rmse alpha.CI beta.cor beta.bias beta.abbias beta.rmse beta.CI theta.cor theta.bias theta.abbias theta.rmse theta.CI lambda.bias lambda.abbias lambda.CI corrupt efficiency
48 1 2414 0 0 0 0 0 1.0004 0 0.8476 0.0467 0.0888 0.1061 0.7424 0.9916 0.0227 0.1446 0.1906 1.4187 0.797 0.0618 0.5354 0.6696 4.0788 -0.1355 0.1355 0.282 0 0
48 2 2537 0 0 0 0 0 1.0005 0 0.91 0.0299 0.1365 0.1457 0.7666 0.9784 -0.1244 0.2156 0.3031 2.8221 0.8396 -0.0243 0.515 0.67 4.3756 0.0145 0.0145 0.2282 0 0
48 3 2487 0 0 0 0 0 1.0003 0 0.9467 -0.0513 0.0777 0.0822 0.6559 0.996 0.0333 0.0917 0.1141 1.3608 0.7854 -0.015 0.5391 0.6977 4.1547 -0.0498 0.0498 0.2693 0 0
48 4 2520 0 0 0 0 0 1.0004 0 0.8558 0.093 0.1238 0.1658 0.7502 0.9922 -0.1446 0.1752 0.2182 1.5741 0.8315 -0.0697 0.5026 0.6556 4.3069 -0.0243 0.0243 0.2472 0 0
48 5 2478 0 0 0 0 0 1.0004 0 0.8978 0.0239 0.1322 0.1579 0.7947 0.9914 -0.0453 0.1173 0.1514 1.2736 0.8283 -0.0543 0.5312 0.6599 4.3133 -0.0076 0.0076 0.2226 0 0
48 6 3923 0 0 0 0 0 1.0003 0 0.9228 -0.0533 0.0931 0.117 0.6819 0.9937 0.1538 0.1717 0.2026 1.3612 0.8273 0.2171 0.5672 0.7005 4.6267 0.1539 0.1539 0.2158 0 0
48 7 2517 0 0 0 0 0 1.0002 0 0.8362 -0.0606 0.1282 0.1716 0.7263 0.9699 -0.3469 0.4209 0.6661 6.1478 0.7667 -0.2244 0.5887 0.76 4.4235 0.0116 0.0116 0.2531 0 0
48 8 2517 0 0 0 0 0 1.0002 0 0.9081 0.0051 0.0889 0.1281 0.8588 0.995 -0.036 0.119 0.1501 2.2575 0.8024 0.0097 0.5253 0.6599 4.2845 -0.071 0.071 0.2752 0 0
48 9 2509 0 0 0 0 0 1.0007 0 0.9249 -0.0305 0.114 0.1339 0.7311 0.9947 0.1071 0.1397 0.1768 2.0228 0.7937 0.0768 0.5455 0.6927 4.5174 -0.0055 0.0055 0.2448 0 0
48 10 2444 0 0 0 0 0 1.0004 0 0.9297 -0.0351 0.0671 0.0789 0.6737 0.995 -0.0374 0.0897 0.1084 1.3822 0.8054 0.0134 0.4969 0.6413 4.3759 -0.0334 0.0334 0.2651 0 0
48 11 2515 0 0 0 0 0 1.0007 0 0.8964 0.0025 0.0813 0.0939 0.7026 0.991 -0.0497 0.1212 0.2124 2.0789 0.8071 -0.069 0.5235 0.6936 4.3593 -0.061 0.061 0.2729 0 0
48 12 2455 0 0 0 0 0 1.0005 0 0.9865 0.0653 0.0716 0.0985 0.9721 0.9914 0.0748 0.1734 0.2172 1.5664 0.8058 0.0507 0.5402 0.7115 4.3041 -0.0517 0.0517 0.2426 0 0
48 13 2855 0 0 0 0 0 1.0008 0 0.9517 0.0325 0.0986 0.1356 0.8035 0.9941 -0.1554 0.1775 0.2307 2.1399 0.8486 -0.0553 0.4546 0.6111 4.3051 -0.004 0.004 0.2131 0 0
48 14 2495 0 0 0 0 0 1.0002 0 0.9695 0.1523 0.1839 0.2024 0.7988 0.9922 -0.0776 0.1906 0.2379 1.5971 0.7937 -0.0416 0.5762 0.7517 4.2624 -0.1596 0.1596 0.2462 0 0
48 15 2637 0 0 0 0 0 1.0008 0 0.9375 -5e-04 0.078 0.0993 0.7416 0.9923 0.0759 0.1366 0.1718 1.5643 0.8375 0.0823 0.5132 0.6761 4.1071 0.0606 0.0606 0.2248 0 0
48 16 3349 0 0 0 0 0 1.0007 0 0.9657 -0.0693 0.1022 0.1165 0.849 0.9828 0.1956 0.239 0.2899 1.8058 0.8002 0.1425 0.5432 0.6991 4.3682 0.0555 0.0555 0.231 0 0
48 17 2474 0 0 0 0 0 1.0006 0 0.9079 0.0264 0.1286 0.1483 0.7138 0.9776 0.03 0.1674 0.2625 2.2943 0.7991 0.0155 0.5318 0.6774 4.3351 -0.0637 0.0637 0.2651 0 0
48 18 2471 0 0 0 0 0 1.0002 0 0.8516 -0.1227 0.1389 0.1784 0.6458 0.9849 -0.0378 0.2051 0.2403 1.4457 0.7534 -0.1322 0.5783 0.7478 4.4937 0.0207 0.0207 0.2422 0 0
48 19 2611 0 0 0 0 0 1.001 0 0.8611 3e-04 0.1274 0.1682 0.7172 0.9929 -0.0729 0.1348 0.1865 1.4513 0.8304 -0.0813 0.5358 0.701 4.1159 0.0532 0.0532 0.2142 0 0
48 20 2494 0 0 0 0 0 1.0005 0 0.7947 -0.0601 0.119 0.1343 0.7307 0.9912 0.0442 0.1976 0.2967 3.5023 0.7572 7e-04 0.5977 0.7547 4.1785 0.0299 0.0299 0.2644 0 0
48 21 2507 0 0 0 0 0 1.0005 0 0.8159 -0.0268 0.1358 0.1489 0.8528 0.9825 0.0976 0.1786 0.2252 2.1604 0.7728 0.1598 0.5701 0.7215 4.2797 -0.0743 0.0743 0.2865 0 0
48 22 2510 0 0 0 0 0 1.0003 0 0.7551 -0.0056 0.1172 0.1603 0.6603 0.9945 0.0843 0.1509 0.196 2.7584 0.7755 0.1395 0.5763 0.7258 4.36 0.0345 0.0345 0.2543 0 0
48 23 2496 0 0 0 0 0 1.0004 0 0.9125 0.023 0.0861 0.0998 0.6742 0.9922 -0.0715 0.1326 0.1623 1.8016 0.8088 -0.1099 0.548 0.7221 4.5021 0.0633 0.0633 0.2431 0 0
48 24 2476 0 0 0 0 0 1.0005 0 0.9876 -0.0399 0.0996 0.1098 0.7779 0.996 -0.0855 0.1597 0.2082 2.7631 0.7721 -0.1139 0.6056 0.787 4.6015 0.1025 0.1025 0.2218 0 0
48 25 2489 0 0 0 0 0 1.0004 0 0.747 -0.1302 0.1816 0.2046 0.7056 0.996 -0.2737 0.3315 0.3857 2.5928 0.7948 -0.1753 0.5898 0.7728 4.6093 0.1131 0.1131 0.2367 0 0
48 26 3957 0 0 0 0 0 1.0003 0 0.8094 0.0626 0.1167 0.1485 0.728 0.9835 -0.1153 0.1714 0.2337 1.3196 0.8607 -0.1158 0.5196 0.6604 4.1721 0.0982 0.0982 0.2001 0 0
48 27 2370 0 0 0 0 0 1.0002 0 0.8406 -0.0134 0.0857 0.1033 0.6743 0.9913 0.0334 0.1388 0.1764 1.7773 0.759 0.0677 0.5609 0.7248 4.3413 -0.0281 0.0281 0.2751 0 0
48 28 2595 0 0 0 0 0 1.0008 0 0.9739 0.0596 0.0831 0.1038 0.8158 0.9943 0.1962 0.2033 0.2315 0.9923 0.8344 0.1996 0.5153 0.6595 4.0835 -0.073 0.073 0.2301 0 0
48 29 2508 0 0 0 0 0 1.0003 0 0.5334 -0.1193 0.1543 0.1726 0.6312 0.9806 -0.1286 0.2162 0.3162 1.5646 0.8014 -0.0722 0.5238 0.6584 4.4569 0.0579 0.0579 0.2398 0 0
48 30 2546 0 0 0 0 0 1.0003 0 0.613 0.014 0.0817 0.0978 0.6504 0.9962 -0.0085 0.1025 0.145 1.9534 0.7526 -0.0896 0.6052 0.759 4.2923 -0.0646 0.0646 0.2813 0 0
48 31 3038 0 0 0 0 0 1.0005 0 0.9326 0.006 0.0984 0.1199 0.7048 0.9921 -0.0151 0.1554 0.1925 1.5971 0.8397 -0.0953 0.5128 0.6525 4.5023 0.1021 0.1021 0.2147 0 0
48 32 2420 0 0 0 0 0 1.0012 0 0.8035 -0.0066 0.0995 0.1332 0.7577 0.9924 0.0825 0.176 0.2002 1.7345 0.784 0.1007 0.5489 0.6922 4.3371 -4e-04 4e-04 0.2667 0 0
48 33 2453 0 0 0 0 0 1.0003 0 0.9556 -0.0089 0.1196 0.1579 1.0695 0.9876 -0.1619 0.1887 0.2466 1.6819 0.8214 -0.0485 0.5203 0.6765 4.2158 -0.116 0.116 0.2503 0 0
48 34 2536 0 0 0 0 0 1.0003 0 0.973 0.0286 0.0759 0.082 0.7056 0.993 0.0614 0.1482 0.1697 1.4376 0.8161 0.066 0.5078 0.6592 4.3494 -0.0097 0.0097 0.2368 0 0
48 35 3566 0 0 0 0 0 1.0004 0 0.8572 -0.1567 0.1584 0.1908 0.5994 0.9939 -0.0151 0.1515 0.2088 2.2662 0.8311 0.0034 0.4877 0.609 4.4044 0.0663 0.0663 0.211 0 0
48 36 2357 0 0 0 0 0 1.0006 0 0.5952 -0.0027 0.1126 0.1211 0.698 0.9956 0.0068 0.1054 0.1261 1.9071 0.7797 -0.024 0.5351 0.6793 4.1639 -0.0949 0.0949 0.2838 0 0
48 37 2569 0 0 0 0 0 1.0005 0 0.7599 -0.1142 0.1943 0.2602 0.7448 0.9951 -0.0597 0.2483 0.3458 3.57 0.8368 -0.0487 0.525 0.6919 4.1306 0.033 0.033 0.225 0 0
48 38 2520 0 0 0 0 0 1.0005 0 0.8335 -0.0465 0.1256 0.1459 0.8242 0.9924 0.1058 0.1722 0.2387 3.0589 0.7873 -0.0364 0.5275 0.6768 4.1827 -0.1303 0.1303 0.2674 0 0
48 39 2479 0 0 0 0 0 1.0009 0 0.8333 0.0374 0.122 0.179 0.8265 0.9937 -0.0462 0.1329 0.1668 1.9723 0.8025 -0.043 0.5725 0.7436 4.3938 -0.0028 0.0028 0.2565 0 0
48 40 2450 0 0 0 0 0 1.0012 0 0.8246 0.0712 0.1173 0.1426 0.7052 0.995 -0.0742 0.1258 0.1606 2.3774 0.8156 -0.1079 0.5548 0.713 4.2124 0.0457 0.0457 0.2336 0 0
48 41 3789 0 0 0 0 0 1.0005 0 0.9087 -0.1299 0.1452 0.1741 0.6563 0.9931 0.1034 0.2113 0.3384 3.087 0.8541 0.0288 0.4768 0.6208 4.5234 0.1263 0.1263 0.1953 0 0
48 42 3635 0 0 0 0 0 1.0003 0 0.9691 -0.162 0.162 0.1752 0.6351 0.996 0.093 0.2265 0.3079 2.0626 0.8348 -0.0216 0.5065 0.6397 4.4843 0.1204 0.1204 0.2175 0 0
48 43 2576 0 0 0 0 0 1.0008 0 0.9138 -0.1507 0.1575 0.2218 0.8042 0.9933 0.0544 0.1851 0.2559 2.0195 0.8134 0.0208 0.4795 0.6222 4.1023 -0.0284 0.0284 0.2403 0 0
48 44 2511 0 0 0 0 0 1.0008 0 0.5379 -0.1287 0.2228 0.2388 0.6204 0.995 7e-04 0.1512 0.1852 2.3041 0.8287 -0.0305 0.5058 0.6539 4.1286 0.0396 0.0396 0.2514 0 0
48 45 2504 0 0 0 0 0 1.0002 0 0.9293 -0.1031 0.1178 0.1505 0.6808 0.9961 -0.0142 0.1274 0.1466 1.7481 0.7924 -0.0719 0.5029 0.6579 4.2091 -0.1096 0.1096 0.2586 0 0
48 46 2569 0 0 0 0 0 1.0009 0 0.8646 -0.1072 0.1374 0.139 0.6745 0.9949 -0.2359 0.2437 0.2785 1.8631 0.7787 -0.2476 0.5768 0.734 4.331 -0.0469 0.0469 0.2525 0 0
48 47 2628 0 0 0 0 0 1.0004 0 0.8948 0.0315 0.1008 0.1159 0.6797 0.9832 0.1638 0.2292 0.2868 1.6725 0.7904 0.1008 0.5672 0.7543 4.496 0.0409 0.0409 0.2196 0 0
48 48 2502 0 0 0 0 0 1.0003 0 0.8131 0.0474 0.0663 0.0797 0.6635 0.9951 0.2487 0.2489 0.2749 1.4932 0.7672 0.1543 0.5951 0.7617 4.4006 0.0048 0.0048 0.255 0 0
48 49 2450 0 0 0 0 0 1.0003 0 0.4642 -0.0076 0.0724 0.0981 0.6749 0.9859 0.0973 0.1717 0.2535 2.3499 0.7434 0.0313 0.5584 0.7186 4.3043 -0.0819 0.0819 0.271 0 0
48 50 2430 0 0 0 0 0 1.0003 0 0.8473 -0.083 0.1175 0.1307 0.6398 0.9941 0.1513 0.1766 0.2025 1.1931 0.7828 0.0875 0.5463 0.7026 4.2555 -0.1151 0.1151 0.2754 0 0
48 51 3247 0 0 0 0 0 1.0002 0 0.8126 -0.0677 0.1275 0.1685 0.7709 0.9956 -0.0736 0.14 0.1717 2.2936 0.8182 -0.1852 0.5254 0.687 4.2784 0.0843 0.0843 0.2158 0 0
48 52 2514 0 0 0 0 0 1.0004 0 0.9721 0.0553 0.0974 0.1089 0.8581 0.9907 0.1403 0.1634 0.2022 2.0611 0.81 0.1735 0.5513 0.7181 4.2337 -0.0625 0.0625 0.2411 0 0
48 53 2442 0 0 0 0 0 1.0003 0 -0.0173 0.1037 0.1392 0.1764 0.6795 0.9931 0.1461 0.1768 0.2113 1.7117 0.7766 0.0761 0.6114 0.787 4.0892 -0.0657 0.0657 0.2507 0 0
48 54 2439 0 0 0 0 0 1.0002 0 0.9334 0.024 0.0643 0.0812 0.6741 0.9947 0.0265 0.0969 0.1305 2.1469 0.7884 0.0343 0.5473 0.7161 4.2045 -0.1022 0.1022 0.283 0 0
48 55 2816 0 0 0 0 0 1.0004 0 0.8525 -0.0766 0.1493 0.1856 0.6353 0.9872 0.1635 0.2168 0.3105 2.1315 0.8252 0.0222 0.5149 0.6451 4.4354 0.0887 0.0887 0.2061 0 0
48 56 2754 0 0 0 0 0 1.0002 0 0.7208 -0.0345 0.2094 0.2217 0.7011 0.9902 -0.0744 0.1602 0.2479 2.2259 0.806 -0.1063 0.5554 0.7165 4.4391 0.0663 0.0663 0.2099 0 0
48 57 2534 0 0 0 0 0 1.0004 0 0.8399 -0.0116 0.1138 0.1494 0.7771 0.9865 -0.168 0.2022 0.2621 1.1658 0.7954 -0.1302 0.5661 0.7116 4.5034 0.0481 0.0481 0.2175 0 0
48 58 2606 0 0 0 0 0 1.0005 0 0.9716 -0.0536 0.0978 0.1147 0.8565 0.9866 -0.1762 0.1952 0.3083 2.825 0.8105 -0.0821 0.4815 0.6377 4.3662 -0.0268 0.0268 0.2409 0 0
48 59 2933 0 0 0 0 0 1.0003 0 0.961 -0.0761 0.1193 0.14 0.8293 0.9763 -0.1279 0.38 0.4856 6.6146 0.8239 -0.2943 0.5839 0.7542 4.6035 0.125 0.125 0.2012 0 0
48 60 2499 0 0 0 0 0 1.0005 0 0.9511 -0.0089 0.072 0.0964 0.7069 0.9942 0.0941 0.1669 0.1922 2.1129 0.8104 0.1528 0.5315 0.6994 4.4435 0.0074 0.0074 0.2297 0 0
48 61 2863 0 0 0 0 0 1.0006 0 0.8144 -0.059 0.0867 0.1168 0.6298 0.9925 -0.1155 0.1577 0.1892 1.5056 0.8037 -0.1008 0.5692 0.7224 4.1793 0.0763 0.0763 0.2211 0 0
48 62 2528 0 0 0 0 0 1.0004 0 0.9813 -0.0601 0.1118 0.1307 0.7853 0.9908 -0.1875 0.2117 0.2457 1.4091 0.8382 -0.1838 0.4822 0.6294 4.3435 -0.0017 0.0017 0.2349 0 0
48 63 2522 0 0 0 0 0 1.0004 0 0.982 -0.0925 0.1032 0.137 0.7933 0.9943 0.0851 0.1634 0.2142 1.7151 0.8077 0.0395 0.4976 0.6331 4.4578 0.0049 0.0049 0.228 0 0
48 64 2504 0 0 0 0 0 1.0007 0 0.9707 0.0779 0.0987 0.1155 0.6359 0.9947 -0.147 0.1578 0.1899 1.2181 0.8296 -0.0725 0.5033 0.6508 4.3687 -0.037 0.037 0.2396 0 0
48 65 2779 0 0 0 0 0 1.0006 0 0.9215 0.0324 0.1044 0.1374 0.8445 0.9591 0.1099 0.1989 0.3537 2.244 0.8014 0.0788 0.5401 0.6769 4.6252 0.0453 0.0453 0.2372 0 0
48 66 3500 0 0 0 0 0 1.0005 0 0.9565 0.03 0.104 0.1515 1.0206 0.9963 0.3808 0.3808 0.3925 1.3488 0.8553 0.2848 0.5323 0.6747 4.5931 0.0653 0.0653 0.2174 0 0
48 67 2483 0 0 0 0 0 1.0002 0 0.8979 -0.0466 0.1166 0.1316 0.7165 0.9963 0.0295 0.0874 0.1115 1.4766 0.8038 0.0633 0.5496 0.711 4.5141 0.047 0.047 0.2308 0 0
48 68 2491 0 0 0 0 0 1.0005 0 0.7262 0.0273 0.0861 0.1113 0.6089 0.9911 -0.1314 0.1747 0.247 2.8433 0.7725 -0.003 0.6135 0.7917 4.4178 0.0407 0.0407 0.2447 0 0
48 69 2334 0 0 0 0 0 1.0006 0 0.8465 -0.0857 0.145 0.1861 0.8042 0.9905 -0.3393 0.3511 0.5689 6.6296 0.782 -0.181 0.5561 0.7132 4.3951 -0.0337 0.0337 0.2721 0 0
48 70 2830 0 0 0 0 0 1.0004 0 0.806 -0.1759 0.1759 0.1952 0.6721 0.9965 -0.0896 0.162 0.2187 1.7218 0.8461 -0.1513 0.4671 0.6105 4.4205 0.0522 0.0522 0.2175 0 0
48 71 2491 0 0 0 0 0 1.0002 0 0.9628 0.1015 0.1189 0.1277 0.7878 0.9963 -0.116 0.1584 0.1965 1.4734 0.8695 -0.0111 0.4407 0.5615 4.2215 -0.0359 0.0359 0.225 0 0
48 72 2598 0 0 0 0 0 1.0002 0 0.8569 -0.0476 0.1341 0.1427 0.6723 0.9853 0.0845 0.2256 0.2899 2.7231 0.8137 0.0095 0.5123 0.6541 4.0689 -0.0106 0.0106 0.2395 0 0
48 73 2671 0 0 0 0 0 1.0005 0 0.9517 0.0305 0.0916 0.1061 0.7977 0.9898 -0.1148 0.1405 0.1869 1.0988 0.8288 -0.0963 0.5316 0.6656 4.1171 0.0189 0.0189 0.2251 0 0
48 74 2455 0 0 0 0 0 1.0003 0 0.7525 -0.106 0.1451 0.1646 0.6797 0.9923 -0.0886 0.3047 0.4197 2.948 0.782 0.0749 0.5601 0.7136 4.2213 0.0135 0.0135 0.2601 0 0
48 75 2391 0 0 0 0 0 1.0004 0 0.8677 -0.0813 0.1239 0.1501 0.6088 0.9964 -0.0921 0.1677 0.1922 2.2573 0.7698 -0.0553 0.5498 0.7134 4.4513 0.0113 0.0113 0.2702 0 0
48 76 2456 0 0 0 0 0 1.0004 0 0.9623 -0.1036 0.1332 0.1548 0.8752 0.9921 -0.0318 0.3298 0.4416 5.3254 0.8211 -0.1244 0.4959 0.6528 4.4227 0.0075 0.0075 0.2422 0 0
48 77 2412 0 0 0 0 0 1.0003 0 0.8442 0.0712 0.0959 0.1216 0.6978 0.9968 0.0403 0.0873 0.1111 1.7421 0.7934 0.0749 0.5345 0.6896 4.3473 -0.0348 0.0348 0.2616 0 0
48 78 2560 0 0 0 0 0 1.0008 0 0.849 -0.0984 0.1176 0.1284 0.6283 0.9967 0.0633 0.1416 0.1711 2.2084 0.8135 0.0583 0.5308 0.6717 4.188 0.0667 0.0667 0.2339 0 0
48 79 2497 0 0 0 0 0 1.0002 0 0.9596 0.0976 0.0979 0.1346 0.8681 0.9941 -0.0475 0.1067 0.1294 1.0136 0.8098 -0.0125 0.5028 0.6529 4.1614 -0.122 0.122 0.2633 0 0
48 80 2790 0 0 0 0 0 1.0006 0 0.9767 0.0361 0.0876 0.1129 0.7115 0.9939 0.1736 0.182 0.2212 1.4264 0.8269 0.194 0.4882 0.6527 4.1221 -0.012 0.012 0.2297 0 0
48 81 2576 0 0 0 0 0 1.0004 0 0.8445 -0.0982 0.1428 0.1583 0.7503 0.9945 0.0374 0.1281 0.155 1.4425 0.8362 0.0907 0.4984 0.645 4.3584 -0.0026 0.0026 0.2409 0 0
48 82 2464 0 0 0 0 0 1.0008 0 0.5748 0.1002 0.1201 0.1381 0.7126 0.9938 0.2128 0.2173 0.2499 1.2635 0.827 0.1131 0.5025 0.6431 4.2965 0.0052 0.0052 0.2407 0 0
48 83 2446 0 0 0 0 0 1.0015 0 0.947 0.0487 0.1045 0.1381 0.9205 0.996 -0.0984 0.1257 0.1603 1.7626 0.8201 -0.0087 0.5419 0.6924 4.4419 -0.014 0.014 0.2358 0 0
48 84 2476 0 0 0 0 0 1.0004 0 0.607 -0.0136 0.1045 0.1295 0.6682 0.9924 -0.1399 0.1922 0.2748 3.7247 0.7527 -0.0346 0.6239 0.7955 4.2923 0.008 0.008 0.2759 0 0
48 85 2574 0 0 0 0 0 1.0005 0 0.8902 -0.0172 0.0907 0.1048 0.7456 0.9841 0.0136 0.1491 0.1944 1.4139 0.7864 0.0158 0.5381 0.707 4.3673 0.0022 0.0022 0.2383 0 0
48 86 2549 0 0 0 0 0 1.0007 0 0.9715 -0.0162 0.057 0.0669 0.694 0.9899 -0.0557 0.1168 0.1803 1.9982 0.833 -0.0027 0.4966 0.6514 4.3673 0.0186 0.0186 0.2464 0 0
48 87 2515 0 0 0 0 0 1.0004 0 0.7728 0.0168 0.1583 0.1896 0.6612 0.9883 -0.0169 0.1672 0.2283 3.5364 0.7936 -0.1616 0.5937 0.7465 4.2079 0.0237 0.0237 0.2536 0 0
48 88 2565 0 0 0 0 0 1.0002 0 0.9373 -0.0163 0.0723 0.0934 0.8289 0.9897 0.0663 0.1354 0.1703 1.1403 0.8361 0.0355 0.4807 0.6183 4.3587 -0.0588 0.0588 0.2446 0 0
48 89 2566 0 0 0 0 0 1.0007 0 0.8034 -0.0799 0.1203 0.153 0.7732 0.9885 0.2759 0.3128 0.556 5.7666 0.7973 0.1138 0.5598 0.7093 4.2982 -0.0174 0.0174 0.252 0 0
48 90 2550 0 0 0 0 0 1.0016 0 0.9134 -0.083 0.1 0.106 0.6079 0.9898 0.1309 0.2315 0.2608 1.9152 0.7823 0.1296 0.6071 0.7617 4.3286 0.1428 0.1428 0.212 0 0
48 91 3002 0 0 0 0 0 1.0007 0 0.7604 -0.0951 0.1934 0.2325 0.7349 0.9874 -0.0636 0.179 0.2614 2.5899 0.7964 0.0646 0.5223 0.6672 4.5198 0.035 0.035 0.2235 0 0
48 92 2328 0 0 0 0 0 1.0007 0 0.9387 0.0123 0.0908 0.0998 0.7328 0.9979 -0.0204 0.0799 0.0935 2.8623 0.8006 -0.0187 0.5265 0.6977 4.342 -0.053 0.053 0.2566 0 0
48 93 2988 0 0 0 0 0 1.0007 0 0.8002 -0.0315 0.1297 0.1525 0.6421 0.9882 -0.1642 0.2491 0.4306 5.6308 0.8267 0.0752 0.5202 0.6809 4.5121 0.0507 0.0507 0.2391 0 0
48 94 2454 0 0 0 0 0 1.0002 0 0.8615 -0.0811 0.1285 0.1574 0.609 0.9535 0.1328 0.3106 0.5972 6.1561 0.7725 -0.0773 0.5541 0.7045 4.1641 0.0133 0.0133 0.2521 0 0
48 95 2517 0 0 0 0 0 1.001 0 0.9324 -0.1328 0.1328 0.1677 0.582 0.9842 -0.0261 0.2833 0.4322 3.4448 0.7726 -0.018 0.5618 0.7213 4.4284 0.0485 0.0485 0.2503 0 0
48 96 2521 0 0 0 0 0 1.0009 0 0.9178 -0.1039 0.145 0.1583 0.7078 0.9775 0.1501 0.2269 0.2916 1.4847 0.7867 0.0592 0.5317 0.6844 4.4509 0.0208 0.0208 0.2472 0 0
48 97 2551 0 0 0 0 0 1.0003 0 0.5945 -0.1613 0.1613 0.1811 0.5573 0.9953 0.0647 0.2326 0.273 1.8799 0.7731 0.0413 0.5629 0.7229 4.5296 0.0774 0.0774 0.2537 0 0
48 98 2447 0 0 0 0 0 1.0016 0 0.5836 -0.1125 0.199 0.2217 0.6692 0.9932 -0.0552 0.207 0.2599 3.2907 0.7432 0.0358 0.5634 0.73 4.4915 0.0215 0.0215 0.2627 0 0
48 99 2363 0 0 0 0 0 1.0007 0 0.3276 -0.2385 0.2581 0.3186 0.6448 0.9939 0.3314 0.585 0.7705 6.8498 0.6713 0.1659 0.6684 0.8604 4.7724 0.1026 0.1026 0.3228 0 0
48 100 2415 0 0 0 0 0 1.0003 0 0.6024 -0.0174 0.1879 0.257 0.772 0.9902 -0.06 0.1835 0.2433 3.0044 0.7807 -0.1208 0.557 0.705 4.1261 -0.1842 0.1842 0.3074 0 0
48 101 2535 0 0 0 0 0 1.0004 0 0.6652 -0.0312 0.1225 0.1753 0.7089 0.9927 0.1098 0.1555 0.2023 1.7795 0.7902 0.1174 0.5588 0.7103 4.2563 0.0397 0.0397 0.2545 0 0
48 102 2442 0 0 0 0 0 1.0003 0 0.8842 -0.0968 0.1505 0.1624 0.7382 0.9869 0.0049 0.2172 0.3643 6.7077 0.7588 0.028 0.5485 0.6971 4.3128 -0.0185 0.0185 0.296 0 0
48 103 2455 0 0 0 0 0 1.001 0 0.8801 -0.047 0.1229 0.1407 0.6774 0.9886 -0.1217 0.1778 0.2112 1.4861 0.7471 0.0093 0.566 0.7397 4.1936 0.0126 0.0126 0.2669 0 0
48 104 2656 0 0 0 0 0 1.0009 0 0.8061 -0.0744 0.1039 0.1277 0.6026 0.9971 0.1786 0.1999 0.2586 2.0884 0.8101 0.2012 0.5846 0.7208 4.2931 0.0958 0.0958 0.2343 0 0
48 105 2536 0 0 0 0 0 1.0004 0 0.9502 0.0891 0.0907 0.125 0.808 0.9982 -0.0345 0.0812 0.1065 1.8478 0.8053 -0.071 0.5232 0.6586 4.2519 -0.0808 0.0808 0.2466 0 0
48 106 3451 0 0 0 0 0 1.0004 0 0.9453 -0.0341 0.0928 0.1089 0.7397 0.9959 0.0083 0.086 0.1102 1.0417 0.8787 0.0351 0.4493 0.5739 4.0885 0.0531 0.0531 0.2017 0 0
48 107 2457 0 0 0 0 0 1.0004 0 0.7886 -0.1018 0.1036 0.1384 0.6516 0.9958 -0.0252 0.1264 0.1642 2.1206 0.7861 0.012 0.5804 0.7405 4.6107 0.0472 0.0472 0.2571 0 0
48 108 2484 0 0 0 0 0 1.0005 0 0.9017 0.0345 0.1063 0.1205 0.7571 0.9873 -0.0111 0.1326 0.1601 1.2923 0.8107 -0.0121 0.5436 0.6908 4.3195 -0.02 0.02 0.2424 0 0
48 109 2412 0 0 0 0 0 1.0004 0 0.946 -0.0207 0.0942 0.1301 0.7423 0.9974 -0.2015 0.205 0.2279 1.8308 0.7973 -0.183 0.5651 0.7309 4.489 0.0361 0.0361 0.2506 0 0
48 110 2442 0 0 0 0 0 1.0007 0 0.6736 0.002 0.1177 0.1353 0.6533 0.9937 -0.1956 0.198 0.2353 1.7348 0.7956 -0.1301 0.5466 0.7033 4.1736 -0.0434 0.0434 0.2446 0 0
48 111 2435 0 0 0 0 0 1.0007 0 0.8319 -0.0779 0.1074 0.1228 0.6378 0.9778 0.2073 0.263 0.3431 2.8392 0.7626 0.1396 0.6285 0.7962 4.2596 0.0456 0.0456 0.2809 0 0
48 112 2586 0 0 0 0 0 1.0009 0 0.6696 0.0243 0.1207 0.1861 0.808 0.9908 -0.2771 0.2786 0.3271 2.0813 0.775 -0.1796 0.6004 0.7692 4.3373 -0.0401 0.0401 0.2606 0 0
48 113 2502 0 0 0 0 0 1.0004 0 0.5348 0.0303 0.168 0.1802 0.6629 0.9892 -0.1489 0.1831 0.2313 1.511 0.7995 -0.1345 0.5617 0.7209 4.3494 -0.002 0.002 0.2618 0 0
48 114 2375 0 0 0 0 0 1.0003 0 0.688 -0.0781 0.1806 0.2059 0.6592 0.9787 -0.0469 0.2551 0.3242 2.7753 0.7565 -0.1154 0.5765 0.7327 4.2213 -0.0674 0.0674 0.3008 0 0
48 115 2535 0 0 0 0 0 1.001 0 0.332 -0.0614 0.1701 0.2248 0.6203 0.9669 0.1235 0.2595 0.3763 2.5414 0.769 0.1513 0.6134 0.7576 4.4264 0.0495 0.0495 0.2545 0 0
48 116 2438 0 0 0 0 0 1.0003 0 0.7781 0.0795 0.1475 0.162 0.7377 0.9873 0.0503 0.1828 0.2257 1.5476 0.8213 0.103 0.5418 0.7084 4.3379 -0.0588 0.0588 0.2596 0 0
48 117 2649 0 0 0 0 0 1.0008 0 0.8594 -0.0585 0.1158 0.1339 0.6654 0.9963 0.095 0.1301 0.167 1.3366 0.8188 0.096 0.5135 0.6669 4.3411 0.0369 0.0369 0.2109 0 0
48 118 3006 0 0 0 0 0 1.0004 0 0.9615 -0.077 0.1049 0.1611 0.6668 0.9944 0.0577 0.1362 0.1832 1.6152 0.8358 0.1496 0.5273 0.6704 4.396 0.0422 0.0422 0.2414 0 0
48 119 2563 0 0 0 0 0 1.0007 0 0.8268 -0.0868 0.1192 0.1443 0.6518 0.9863 -0.1417 0.1875 0.2372 1.4679 0.8326 -0.0272 0.4901 0.6346 4.1613 0.0634 0.0634 0.2324 0 0
48 120 2443 0 0 0 0 0 1.0003 0 0.8922 -0.0085 0.1217 0.1401 0.6822 0.9833 -0.0541 0.1916 0.2439 2.72 0.8052 -0.1298 0.5233 0.6837 4.4848 0.0377 0.0377 0.2466 0 0
48 121 2382 0 0 0 0 0 1.0003 0 0.845 -0.0275 0.1082 0.1226 0.8184 0.9958 0.1164 0.1837 0.2592 3.997 0.7209 0.0827 0.5712 0.7437 4.2281 -0.0935 0.0935 0.3117 0 0
48 122 2701 0 0 0 0 0 1.0009 0 0.8144 -0.0585 0.1328 0.1649 0.625 0.9953 0.0306 0.0989 0.1135 1.1568 0.8165 -0.0154 0.5172 0.6604 4.0861 0.0042 0.0042 0.2326 0 0
48 123 2432 0 0 0 0 0 1.0003 0 0.1278 0.1215 0.1429 0.1855 0.6939 0.9789 -0.3324 0.3324 0.4729 1.5445 0.7919 -0.1668 0.5873 0.7503 4.2805 -0.0542 0.0542 0.2751 0 0
48 124 2649 0 0 0 0 0 1.0002 0 0.7338 -0.0837 0.1751 0.2109 0.668 0.9844 -0.0612 0.293 0.388 1.8467 0.8237 -0.0737 0.5225 0.6631 4.0783 0.0239 0.0239 0.2141 0 0
48 125 2523 0 0 0 0 0 1.0009 0 0.944 0.0131 0.071 0.092 0.7349 0.9955 -0.1012 0.1402 0.1551 1.4602 0.8244 -0.0841 0.4982 0.6433 4.4473 -0.0025 0.0025 0.2205 0 0
48 126 2818 0 0 0 0 0 1.0007 0 0.9179 0.1041 0.1095 0.1489 0.7458 0.9917 0.1667 0.1742 0.2679 1.9143 0.8071 0.0628 0.5716 0.7142 4.3807 0.0127 0.0127 0.2402 0 0
48 127 2773 0 0 0 0 0 1.0007 0 0.6618 -0.0033 0.1238 0.1511 0.7081 0.9963 -0.0049 0.0771 0.1119 1.5753 0.8205 0.0347 0.5051 0.6574 4.3143 -0.0399 0.0399 0.2406 0 0
48 128 2497 0 0 0 0 0 1.0002 0 0.8442 -0.0669 0.0887 0.1384 0.7022 0.9926 0.1737 0.1991 0.2525 1.7617 0.7894 0.0825 0.538 0.6795 4.2387 -0.1153 0.1153 0.2814 0 0
48 129 2461 0 0 0 0 0 1.0008 0 0.9786 0.0365 0.055 0.0623 0.6166 0.9945 -0.0132 0.129 0.16 3.5943 0.7937 -0.0532 0.5315 0.6831 4.2587 -0.0681 0.0681 0.2652 0 0
48 130 2705 0 0 0 0 0 1.0004 0 0.5699 -0.0123 0.1086 0.1457 0.6773 0.9857 -0.1671 0.2066 0.2957 2.7086 0.7976 -0.0839 0.5668 0.7244 4.3789 0.0401 0.0401 0.2449 0 0
48 131 3918 0 0 0 0 0 1.0005 0 0.9877 -0.0896 0.0933 0.1101 0.8469 0.9951 -0.1012 0.1518 0.2025 1.4662 0.865 -0.0583 0.4843 0.6176 4.4381 0.123 0.123 0.1995 0 0
48 132 2396 0 0 0 0 0 1.0004 0 0.9466 -0.0734 0.0882 0.1096 0.8145 0.9918 -0.0477 0.1659 0.2131 2.2123 0.7788 0.028 0.5295 0.6871 4.3919 -0.0388 0.0388 0.2761 0 0
48 133 2511 0 0 0 0 0 1.0003 0 0.7368 -0.0287 0.0706 0.0903 0.5956 0.9914 -0.2122 0.2269 0.2615 2.1471 0.8108 -0.1969 0.5774 0.7321 4.4786 0.0383 0.0383 0.2516 0 0
48 134 2625 0 0 0 0 0 1.0004 0 0.8991 -0.0179 0.168 0.2028 0.6261 0.9855 -0.0194 0.1567 0.2034 1.3182 0.8421 0.0728 0.4832 0.6229 4.1284 0.0115 0.0115 0.235 0 0
48 135 2578 0 0 0 0 0 1.0006 0 0.9078 -0.0052 0.1099 0.1424 0.8147 0.9917 -0.0927 0.1424 0.1742 1.2461 0.8302 -0.0563 0.5002 0.6416 4.3178 -0.0173 0.0173 0.229 0 0
48 136 2527 0 0 0 0 0 1.0006 0 0.7231 0.0267 0.1044 0.171 0.6707 0.9957 0.1062 0.1381 0.1657 1.8738 0.8182 0.0891 0.4967 0.6432 4.1271 -0.0016 0.0016 0.2466 0 0
48 137 2664 0 0 0 0 0 1.0002 0 0.4949 -0.0583 0.1351 0.1539 0.6108 0.964 0.0767 0.2482 0.2979 2.0637 0.7615 0.1426 0.5879 0.7558 4.5309 0.044 0.044 0.2542 0 0
48 138 2532 0 0 0 0 0 1.0006 0 0.8581 -0.0463 0.1154 0.1296 0.6733 0.9889 0.1351 0.1854 0.2244 2.0678 0.8049 0.1401 0.55 0.7005 4.1765 0.0371 0.0371 0.2536 0 0
48 139 2546 0 0 0 0 0 1.0007 0 0.752 -0.1789 0.1896 0.2236 0.6226 0.9748 0.1948 0.2881 0.4126 2.7813 0.7844 -0.0687 0.5556 0.709 4.7165 0.0885 0.0885 0.2532 0 0
48 140 2397 0 0 0 0 0 1.0004 0 0.9327 -0.0785 0.1323 0.1504 0.8405 0.9911 0.0305 0.1782 0.2392 2.7087 0.7609 0.0175 0.626 0.7724 4.3421 -0.0822 0.0822 0.3776 0 0
48 141 2446 0 0 0 0 0 1.0011 0 0.8841 0.0026 0.1282 0.1439 0.6765 0.9915 -0.1435 0.1871 0.2267 1.124 0.8176 -0.1025 0.504 0.649 4.311 -0.061 0.061 0.2429 0 0
48 142 2445 0 0 0 0 0 1.0003 0 0.9839 -0.009 0.0806 0.1044 0.6624 0.9897 0.015 0.1408 0.1915 1.5234 0.8318 -0.0669 0.4995 0.6514 4.2657 -0.0439 0.0439 0.24 0 0
48 143 2923 0 0 0 0 0 1.0008 0 0.9558 0.0058 0.0878 0.0991 0.7399 0.98 -0.2703 0.2737 0.3449 1.2371 0.8162 -0.2303 0.5576 0.6987 4.1448 0.0318 0.0318 0.223 0 0
48 144 2528 0 0 0 0 0 1.0002 0 0.8845 0.0286 0.0941 0.1181 0.6899 0.9902 -0.2545 0.281 0.3655 4.0457 0.7798 -0.1575 0.5671 0.7122 4.0766 -0.0592 0.0592 0.2628 0 0
48 145 2446 0 0 0 0 0 1.0002 0 0.9982 0.0127 0.0327 0.0397 0.7181 0.996 -0.0033 0.0912 0.118 2.4203 0.8206 -0.0571 0.5174 0.662 4.2397 -0.0553 0.0553 0.253 0 0
48 146 2472 0 0 0 0 0 1.0006 0 0.807 -0.1185 0.1291 0.1512 0.6296 0.9932 0.0496 0.1577 0.2042 1.7104 0.8016 0.083 0.5031 0.6577 4.1118 -0.0413 0.0413 0.2482 0 0
48 147 2439 0 0 0 0 0 1.0007 0 0.7988 -0.0304 0.0604 0.0755 0.6003 0.9949 0.1595 0.1662 0.2333 2.8697 0.7851 0.0598 0.5445 0.6907 4.3777 -0.0557 0.0557 0.2744 0 0
48 148 2473 0 0 0 0 0 1.0004 0 0.5199 -0.0724 0.1436 0.1596 0.6361 0.9899 0.2149 0.2415 0.3035 1.7893 0.7888 0.1259 0.5618 0.7098 4.5085 0.0446 0.0446 0.2335 0 0
48 149 2470 0 0 0 0 0 1.0005 0 0.9793 0.0473 0.119 0.1337 0.82 0.9912 -0.1874 0.2053 0.2549 1.6648 0.7941 -0.2184 0.5572 0.7314 4.1077 -0.0802 0.0802 0.2534 0 0
48 150 2538 0 0 0 0 0 1.0005 0 0.6708 0.0819 0.1107 0.1386 0.6472 0.9899 0.1282 0.1901 0.2905 1.6143 0.819 0.0472 0.5458 0.6926 4.8275 0.0573 0.0573 0.2479 0 0
48 151 2471 0 0 0 0 0 1.0005 0 0.9501 -0.0057 0.0416 0.0458 0.6141 0.9943 0.1761 0.2195 0.2408 1.6494 0.7757 0.0765 0.5734 0.7381 4.3728 -0.0036 0.0036 0.2669 0 0
48 152 2605 0 0 0 0 0 1.0004 0 0.7757 -0.0498 0.1481 0.1775 0.6954 0.9924 -0.0119 0.1285 0.1629 1.6483 0.8313 -0.0453 0.4836 0.6148 4.3999 -0.0336 0.0336 0.2343 0 0
48 153 3191 0 0 0 0 0 1.0002 0 0.8973 -0.205 0.2056 0.2338 0.6085 0.9948 0.0985 0.2796 0.3493 2.7522 0.8239 0.2468 0.5403 0.6792 4.1945 0.0601 0.0601 0.2251 0 0
48 154 2341 0 0 0 0 0 1.0003 0 0.8786 -0.042 0.1257 0.1495 0.8527 0.9966 0.0604 0.1084 0.1597 2.6287 0.7876 0.0011 0.5514 0.7294 4.3895 -0.0443 0.0443 0.2716 0 0
48 155 2576 0 0 0 0 0 1.0006 0 0.6494 -0.0918 0.1425 0.1593 0.6042 0.9784 -0.2229 0.2869 0.3808 2.0937 0.7784 -0.0905 0.5666 0.7231 4.4087 0.0275 0.0275 0.2699 0 0
48 156 3896 0 0 0 0 0 1.0004 0 0.804 -0.1175 0.165 0.2001 0.7867 0.9927 0.3325 0.3325 0.3962 1.6524 0.8192 0.1693 0.5312 0.6792 4.4683 0.067 0.067 0.227 0 0
48 157 2500 0 0 0 0 0 1.0006 0 0.6705 0.0849 0.144 0.1835 0.6776 0.9949 0.2029 0.215 0.2494 1.7499 0.8018 0.1699 0.5435 0.7073 4.3518 -0.0372 0.0372 0.2773 0 0
48 158 2398 0 0 0 0 0 1.0003 0 0.6829 -0.0091 0.102 0.1176 0.7492 0.993 0.1582 0.2143 0.3024 4.8974 0.7539 0.0018 0.6031 0.7628 4.372 -0.0318 0.0318 0.3071 0 0
48 159 2800 0 0 0 0 0 1.0012 0 0.9046 -0.0554 0.0943 0.1114 0.6273 0.992 0.1419 0.2197 0.2852 3.7262 0.8214 0.0152 0.5179 0.6492 4.6032 0.0804 0.0804 0.2254 0 0
48 160 2509 0 0 0 0 0 1.0007 0 0.8127 -0.0907 0.134 0.1626 0.6832 0.9874 -0.0983 0.2147 0.2465 1.6568 0.8148 -0.1211 0.5122 0.6509 4.2758 -0.0554 0.0554 0.2981 0 0
48 161 2624 0 0 0 0 0 1.0005 0 0.8693 -0.1052 0.1496 0.1869 0.9085 0.9918 -0.1787 0.2056 0.2514 1.6047 0.8243 -0.1291 0.5308 0.6776 4.4073 0.0024 0.0024 0.2374 0 0
48 162 2518 0 0 0 0 0 1.0013 0 0.1827 -0.1058 0.1357 0.174 0.5926 0.9957 -0.1202 0.1799 0.223 1.6624 0.7978 -0.0047 0.5235 0.6665 4.4003 8e-04 8e-04 0.227 0 0
48 163 2492 0 0 0 0 0 1.0004 0 0.975 0.0225 0.0807 0.088 0.8857 0.9936 -0.0609 0.1147 0.1503 1.0904 0.8456 -0.0173 0.4774 0.6122 4.3961 -0.035 0.035 0.237 0 0
48 164 2424 0 0 0 0 0 1.0002 0 0.3531 0.0544 0.192 0.2046 0.7377 0.9791 0.1582 0.2236 0.3048 2.3162 0.7442 0.096 0.6183 0.788 4.1409 -0.1274 0.1274 0.305 0 0
48 165 2524 0 0 0 0 0 1.0003 0 0.9103 -0.1191 0.1723 0.2253 0.6844 0.9897 0.0489 0.142 0.1698 1.4798 0.8244 0.0597 0.5161 0.6498 4.5639 0.0677 0.0677 0.2342 0 0
48 166 2518 0 0 0 0 0 1.0005 0 0.923 -0.0523 0.1157 0.1353 0.7479 0.996 0.3352 0.3352 0.378 2.5208 0.8041 0.2683 0.5506 0.7224 4.0879 -0.0317 0.0317 0.2547 0 0
48 167 2446 0 0 0 0 0 1.0016 0 0.9856 -0.1905 0.1905 0.2017 0.8694 0.9935 -0.0812 0.1936 0.2459 2.4549 0.8183 -0.1902 0.4926 0.6475 4.379 0.0137 0.0137 0.2511 0 0
48 168 2567 0 0 0 0 0 1.0015 0 0.7607 0.0184 0.1198 0.1391 0.5981 0.995 0.0131 0.1071 0.1354 1.712 0.8136 0.0418 0.5217 0.6612 4.3235 -0.0016 0.0016 0.2376 0 0
48 169 2475 0 0 0 0 0 1.0009 0 0.8959 -0.0276 0.1033 0.1263 0.6498 0.9952 -0.0884 0.1346 0.1702 2.5484 0.8155 -0.0819 0.5291 0.6908 4.3263 -0.0056 0.0056 0.2534 0 0
48 170 2485 0 0 0 0 0 1.0008 0 0.7215 -0.0301 0.1658 0.1701 0.7134 0.9869 -0.1241 0.1827 0.235 1.7483 0.822 -0.1355 0.5416 0.7021 4.4342 -0.0054 0.0054 0.2618 0 0
48 171 25558 0 0 9000 518 532 32170.2876 516 0.9741 -0.3027 0.3027 0.3079 1.7366 0.3052 -350171020501795 472283031641308 1232440878345497 12846864817468768 0.5203 1.0577 1.3558 1.652 13.0269 0.132 0.132 0.5899 1 1
48 172 3443 0 0 0 0 0 1.0005 0 0.9044 -0.0363 0.1108 0.1201 0.727 0.9932 0.0664 0.1336 0.1838 1.6917 0.8373 0.0354 0.4916 0.6506 4.1056 0.0877 0.0877 0.1965 0 0
48 173 2574 0 0 0 0 0 1.0004 0 0.9556 -0.1545 0.1545 0.1783 0.5927 0.9841 -0.0067 0.2027 0.2658 2.0301 0.8151 0.0679 0.5184 0.66 4.5144 0.0697 0.0697 0.2411 0 0
48 174 2519 0 0 0 0 0 1.0006 0 0.6638 -0.0104 0.1214 0.15 0.6145 0.9758 0.0503 0.2752 0.3971 3.7901 0.7629 0.0332 0.6102 0.7775 4.3831 0.0377 0.0377 0.2463 0 0
48 175 2499 0 0 0 0 0 1.0007 0 0.8125 0.0525 0.0954 0.1202 0.6783 0.9965 -0.1891 0.1891 0.2108 1.7171 0.8198 -0.1091 0.5184 0.6704 4.3272 -0.0229 0.0229 0.2459 0 0
48 176 2609 0 0 0 0 0 1.0007 0 0.8715 -0.0825 0.151 0.171 0.6917 0.9874 -0.1741 0.3041 0.5405 6.0007 0.8338 0.0923 0.5267 0.6657 4.1524 0.059 0.059 0.2206 0 0
48 177 2402 0 0 0 0 0 1.0004 0 0.86 -0.0509 0.1114 0.12 0.7209 0.9938 -0.1435 0.1627 0.1924 2.1397 0.7547 -0.1527 0.5511 0.7154 4.1216 -0.1891 0.1891 0.3302 0 0
48 178 2641 0 0 0 0 0 1.0008 0 0.9446 0.1623 0.1623 0.1843 0.7118 0.9938 -0.151 0.1841 0.2291 1.1317 0.8442 -0.0807 0.5074 0.6451 4.0692 -0.0401 0.0401 0.2249 0 0
48 179 2511 0 0 0 0 0 1.0006 0 0.4741 -0.1262 0.1881 0.2658 0.7501 0.9817 0.3837 0.5586 0.7982 5.4115 0.7923 0.1933 0.5497 0.6906 4.1569 0.0532 0.0532 0.2418 0 0
48 180 2534 0 0 0 0 0 1.0002 0 0.7916 0.0541 0.1311 0.1451 0.5998 0.9928 -0.1127 0.1283 0.1716 1.1325 0.7957 -0.1489 0.56 0.7099 4.1485 -0.0428 0.0428 0.2566 0 0
48 181 2527 0 0 0 0 0 1.0007 0 0.7538 -0.0155 0.0887 0.1001 0.6292 0.9938 -0.2057 0.2095 0.2464 1.2034 0.83 -0.1007 0.4935 0.6326 4.1467 -0.0204 0.0204 0.2515 0 0
48 182 2501 0 0 0 0 0 1.0005 0 0.7141 0.0288 0.1408 0.1505 0.6187 0.9872 -0.0226 0.1549 0.2063 2.7651 0.8142 -0.0806 0.5409 0.6843 4.3462 0.014 0.014 0.2318 0 0
48 183 2522 0 0 0 0 0 1.0004 0 0.9056 0.0113 0.1176 0.1327 0.6937 0.9932 0.0576 0.1166 0.1612 1.6913 0.8167 0.018 0.468 0.6169 4.2383 -0.0883 0.0883 0.2557 0 0
48 184 2523 0 0 0 0 0 1.0003 0 0.7913 -0.0384 0.115 0.1361 0.7107 0.9703 -0.0806 0.2246 0.3491 4.1807 0.7319 -0.1171 0.5895 0.7714 4.1905 -0.0787 0.0787 0.3041 0 0
48 185 2439 0 0 0 0 0 1.001 0 0.8406 0.1209 0.1623 0.2075 0.8545 0.9925 -0.0729 0.1423 0.191 2.944 0.7176 -0.0926 0.637 0.8007 4.2704 -0.1053 0.1053 0.3544 0 0
48 186 2520 0 0 0 0 0 1.001 0 0.9529 0.0306 0.0824 0.1209 0.9053 0.9937 0.0574 0.1037 0.1379 1.6078 0.811 -0.0053 0.4854 0.6415 4.3048 -0.0539 0.0539 0.2555 0 0
48 187 2455 0 0 0 0 0 1.0003 0 0.9389 -0.0037 0.0661 0.0719 0.7052 0.9945 0.0228 0.1042 0.153 1.4152 0.8029 -0.0127 0.5323 0.6847 4.5348 -0.0027 0.0027 0.2527 0 0
48 188 2444 0 0 0 0 0 1.0004 0 0.924 0.0028 0.1072 0.1421 0.7992 0.9782 -0.0502 0.1773 0.2768 2.3074 0.7679 -0.0799 0.5687 0.7222 4.2505 -0.0938 0.0938 0.2746 0 0
48 189 2565 0 0 0 0 0 1.0008 0 0.8511 0.0402 0.1119 0.1446 0.7833 0.9891 -0.1606 0.1837 0.2223 1.3378 0.8157 -0.0889 0.5113 0.6656 4.3923 0.0187 0.0187 0.2302 0 0
48 190 2459 0 0 0 0 0 1.0002 0 0.752 0.0062 0.1173 0.1344 0.7985 0.9768 0.2377 0.2734 0.361 2.4272 0.7073 0.0936 0.5852 0.7381 4.174 -0.1758 0.1758 0.3323 0 0
48 191 2505 0 0 0 0 0 1.0002 0 0.9355 0.1464 0.1464 0.19 0.7366 0.991 -0.0016 0.1068 0.1322 1.7392 0.8039 0.0523 0.5383 0.6655 4.3431 -0.0359 0.0359 0.2494 0 0
48 192 2731 0 0 0 0 0 1.0006 0 0.876 0.0492 0.0988 0.1322 0.7669 0.995 0.0673 0.0883 0.1255 1.3138 0.7969 0.0189 0.5562 0.7162 4.2812 0.0503 0.0503 0.2439 0 0
48 193 2449 0 0 0 0 0 1.0005 0 0.768 -0.2033 0.2033 0.2435 0.6324 0.986 -0.1474 0.261 0.3541 3.3674 0.7653 0.0406 0.5581 0.6943 4.3594 0.017 0.017 0.2826 0 0
48 194 2713 0 0 0 0 0 1.0008 0 0.9662 -0.0576 0.1044 0.1164 0.6204 0.9913 0.0079 0.1374 0.1966 1.7866 0.823 -0.053 0.4903 0.6273 4.1233 0.032 0.032 0.2343 0 0
48 195 3181 0 0 0 0 0 1.0005 0 0.9534 -0.0768 0.1189 0.1304 0.741 0.9914 -0.0567 0.1492 0.1849 1.5076 0.8283 -0.0618 0.5072 0.6398 4.1134 0.0419 0.0419 0.2196 0 0
48 196 2515 0 0 0 0 0 1.0005 0 0.5254 0.1267 0.2205 0.2909 0.8076 0.976 0.089 0.2126 0.2703 2.3084 0.8095 0.0477 0.5183 0.6521 4.1198 -0.0849 0.0849 0.256 0 0
48 197 2528 0 0 0 0 0 1.0005 0 0.8612 0.1168 0.139 0.165 0.7024 0.9944 -0.1401 0.1766 0.235 2.4182 0.7859 -0.1198 0.5734 0.7221 4.3552 -0.0699 0.0699 0.2809 0 0
48 198 2486 0 0 0 0 0 1.0009 0 0.9327 -0.1632 0.2096 0.2349 0.6802 0.9951 -0.1598 0.2137 0.2647 2.1317 0.8182 -0.1494 0.5441 0.7083 4.392 0.0282 0.0282 0.2304 0 0
48 199 2501 0 0 0 0 0 1.0003 0 0.9757 -0.0549 0.0742 0.0871 0.754 0.9975 -0.0782 0.1126 0.146 2.473 0.7636 -0.0747 0.5467 0.6954 4.2493 -0.0968 0.0968 0.2879 0 0
48 200 2606 0 0 0 0 0 1.0004 0 0.743 -0.1303 0.1928 0.2333 0.6125 0.9865 0.1477 0.2392 0.3357 2.7341 0.7797 -0.0866 0.5584 0.726 4.6717 0.0921 0.0921 0.2294 0 0
48 201 2516 0 0 0 0 0 1.0004 0 0.56 -0.1376 0.1671 0.1948 0.6534 0.9841 -0.1649 0.2783 0.3097 2.1199 0.7416 -0.0892 0.5498 0.7152 4.2981 -0.0689 0.0689 0.3592 0 0
48 202 3147 0 0 0 0 0 1.0003 0 0.9049 0.01 0.1158 0.1237 0.7719 0.9945 -0.0458 0.1046 0.1345 1.3909 0.8213 -0.0287 0.5209 0.6611 4.5171 0.0378 0.0378 0.2352 0 0
48 203 2486 0 0 0 0 0 1.001 0 0.8535 -0.0711 0.1747 0.2239 0.7566 0.9909 0.1566 0.1946 0.2511 1.9727 0.8253 0.1448 0.5117 0.6482 4.4587 -0.0025 0.0025 0.2247 0 0
48 204 2518 0 0 0 0 0 1.0009 0 0.9983 0.0137 0.0654 0.0776 0.8518 0.9916 -0.2481 0.2563 0.288 2.0611 0.8044 -0.2461 0.6018 0.7665 4.4676 0.0761 0.0761 0.2276 0 0
48 205 3734 0 0 0 0 0 1.0004 0 0.9503 -0.0496 0.057 0.0783 0.6729 0.9925 0.113 0.1712 0.1877 1.3987 0.8256 0.1242 0.5357 0.6925 4.1864 0.1189 0.1189 0.2055 0 0
48 206 2913 0 0 0 0 0 1.0003 0 0.7783 -0.0524 0.1326 0.2005 0.6016 0.9901 0.0243 0.1694 0.2286 1.6067 0.8195 0.0072 0.5465 0.6999 4.482 0.0855 0.0855 0.2126 0 0
48 207 2378 0 0 0 0 0 1.0004 0 0.6438 0.0051 0.1673 0.1862 0.6669 0.9864 -0.2685 0.2769 0.3462 1.7982 0.76 -0.1492 0.5634 0.7173 4.1253 -0.0928 0.0928 0.2981 0 0
48 208 2594 0 0 0 0 0 1.001 0 0.905 -0.0079 0.0722 0.0799 0.6609 0.9923 0.0046 0.1296 0.1831 1.7133 0.7683 0.0278 0.5318 0.6815 4.4769 0 0 0.2525 0 0
48 209 2595 0 0 0 0 0 1.0004 0 0.8934 0.0149 0.0774 0.1112 0.6658 0.9967 -0.0642 0.1116 0.1327 1.4474 0.7981 -0.094 0.5672 0.7235 4.5554 0.0477 0.0477 0.233 0 0
48 210 2729 0 0 0 0 0 1.0007 0 0.8446 0.0295 0.1036 0.1305 0.773 0.9936 -0.1004 0.128 0.1537 1.1065 0.847 -0.0863 0.4857 0.6354 4.3861 -0.0139 0.0139 0.218 0 0
48 211 2455 0 0 0 0 0 1.0004 0 0.962 0.0608 0.075 0.1109 0.8419 0.9956 0.0055 0.0767 0.1148 1.5299 0.7696 -0.0154 0.5749 0.7391 4.2661 -0.1121 0.1121 0.2885 0 0
48 212 3812 0 0 0 0 0 1.0003 0 0.8763 0.1227 0.1278 0.1902 0.7427 0.992 -0.1751 0.2195 0.2834 1.3038 0.8663 -0.1046 0.511 0.6659 4.426 0.0588 0.0588 0.21 0 0
48 213 2475 0 0 0 0 0 1.0002 0 0.2089 -0.0825 0.1679 0.205 0.6841 0.9886 0.0944 0.2267 0.2947 2.5693 0.7757 0.1399 0.5485 0.7176 4.3543 -0.0282 0.0282 0.2835 0 0
48 214 2539 0 0 0 0 0 1.001 0 0.9032 -0.0581 0.1085 0.1229 0.6503 0.9875 -0.0873 0.1887 0.2477 1.5604 0.817 -0.0596 0.5143 0.6687 4.1658 0.0267 0.0267 0.2308 0 0
48 215 2418 0 0 0 0 0 1.0003 0 0.9032 0.0735 0.1254 0.1441 0.7544 0.965 0.0157 0.2625 0.3679 3.8739 0.7704 -0.0895 0.5949 0.7652 4.359 -0.0414 0.0414 0.2903 0 0
48 216 2963 0 0 0 0 0 1.0006 0 0.9808 -0.0452 0.0704 0.0737 0.7537 0.9961 0.0701 0.1171 0.1436 2.2436 0.8055 0.0332 0.5622 0.7063 4.4642 0.0012 0.0012 0.2617 0 0
48 217 3149 0 0 0 0 0 1.0005 0 0.967 8e-04 0.1018 0.1262 0.8572 0.9953 0.2105 0.2142 0.2484 2.1065 0.8095 0.1853 0.5527 0.6912 4.2781 -0.0723 0.0723 0.2917 0 0
48 218 2317 0 0 0 0 0 1.0004 0 0.9025 -0.0691 0.1223 0.1465 0.8592 0.9962 -0.2539 0.2539 0.2964 2.4525 0.7914 -0.0748 0.5532 0.7209 4.3028 -0.0549 0.0549 0.2687 0 0
48 219 3635 0 0 0 0 0 1.0003 0 0.9617 -0.0916 0.1181 0.1588 0.7051 0.9924 7e-04 0.1214 0.1505 1.3967 0.838 -0.002 0.4841 0.633 4.4583 0.0756 0.0756 0.2029 0 0
48 220 2616 0 0 0 0 0 1.0006 0 0.9733 0.0608 0.1025 0.1389 0.8471 0.994 -0.1225 0.133 0.1683 1.5872 0.8212 -0.0712 0.5776 0.7271 4.4435 0.0563 0.0563 0.2232 0 0
48 221 2622 0 0 0 0 0 1.0004 0 0.9324 -0.0227 0.0997 0.1139 0.6192 0.975 0.0502 0.2081 0.2685 2.368 0.8115 0.0771 0.5347 0.6802 4.4506 0.0728 0.0728 0.2106 0 0
48 222 3213 0 0 0 0 0 1.0004 0 0.5914 0.031 0.1709 0.2035 0.6268 0.9895 0.1038 0.158 0.1955 1.6403 0.8087 0.0887 0.5429 0.704 4.3666 0.0728 0.0728 0.2109 0 0
48 223 2480 0 0 0 0 0 1.0005 0 0.9784 -0.0745 0.0854 0.1449 0.7492 0.9929 0.0738 0.1517 0.1707 2.4374 0.8046 0.0664 0.5266 0.6719 4.4172 -0.0222 0.0222 0.2688 0 0
48 224 2452 0 0 0 0 0 1.0009 0 0.9391 -0.1243 0.1483 0.1767 0.749 0.9917 0.1293 0.1737 0.2263 1.4366 0.7989 0.0355 0.516 0.6491 4.1018 -0.0242 0.0242 0.2707 0 0
48 225 2858 0 0 0 0 0 1.0012 0 0.9361 -0.061 0.0624 0.1127 0.7309 0.9921 -0.1078 0.1963 0.2531 2.2132 0.7832 -0.1186 0.5869 0.7452 4.5024 0.0937 0.0937 0.2204 0 0
48 226 2627 0 0 0 0 0 1.0008 0 0.9686 -0.1313 0.1717 0.2255 0.8115 0.998 0.1649 0.2366 0.298 2.669 0.7984 0.0855 0.5468 0.6933 4.1592 0.0802 0.0802 0.2185 0 0
48 227 2508 0 0 0 0 0 1.0003 0 0.9068 0.0074 0.1072 0.1158 0.6912 0.9578 -0.0877 0.229 0.3266 2.9805 0.7954 -0.066 0.5695 0.7192 4.0965 -0.1009 0.1009 0.2926 0 0
48 228 2507 0 0 0 0 0 1.0008 0 0.9356 0.0488 0.0698 0.0786 0.707 0.9944 0.0014 0.1077 0.158 1.4904 0.7876 -0.0189 0.5521 0.7105 4.0947 -0.1888 0.1888 0.2933 0 0
48 229 3907 0 0 0 0 0 1.001 0 0.9469 -0.168 0.1739 0.2021 0.6924 0.9856 -0.2886 0.3658 0.4384 2.5476 0.8425 -0.3098 0.5511 0.6915 4.4426 0.0628 0.0628 0.2157 0 0
48 230 2570 0 0 0 0 0 1.0008 0 0.8725 0.0504 0.1407 0.1529 0.7669 0.9923 -0.056 0.151 0.1859 1.8817 0.8172 -0.0512 0.5492 0.704 4.2944 -0.0226 0.0226 0.2529 0 0
48 231 2520 0 0 0 0 0 1.0004 0 0.0837 0.0677 0.1126 0.1631 0.6377 0.9932 -0.0414 0.1019 0.129 1.4308 0.7923 -0.0284 0.5579 0.7065 4.3331 -0.0042 0.0042 0.2482 0 0
48 232 2725 0 0 0 0 0 1.0007 0 0.7815 0.0332 0.0839 0.0943 0.5893 0.9896 0.1396 0.159 0.2089 1.0426 0.8066 0.076 0.5535 0.7082 4.5334 0.044 0.044 0.2231 0 0
48 233 2728 0 0 0 0 0 1.0008 0 0.6999 -0.1038 0.1679 0.2087 0.6959 0.9921 0.0444 0.1814 0.2639 2.7469 0.8028 0.0122 0.5446 0.7111 4.4473 0.0826 0.0826 0.2222 0 0
48 234 2534 0 0 0 0 0 1.0005 0 0.879 -0.0319 0.1441 0.149 0.7074 0.9931 0.0778 0.1415 0.1807 1.704 0.8284 0.0547 0.5353 0.6918 4.1389 0.0575 0.0575 0.2358 0 0
48 235 2436 0 0 0 0 0 1.0008 0 0.7857 0.0246 0.1472 0.1595 0.757 0.9941 -0.079 0.1522 0.1932 1.5534 0.7837 -0.033 0.5372 0.7013 4.2338 -0.1116 0.1116 0.2601 0 0
48 236 2531 0 0 0 0 0 1.0008 0 0.6907 -0.0264 0.1523 0.1918 0.6708 0.9695 -0.1394 0.243 0.4062 3.6273 0.8124 -0.0519 0.5413 0.7043 4.0623 -0.009 0.009 0.2403 0 0
48 237 2395 0 0 0 0 0 1.0004 0 0.9392 -0.0301 0.1132 0.1326 0.8972 0.991 0.1679 0.203 0.2418 3.0311 0.8001 0.1096 0.4977 0.6334 4.0908 -0.1167 0.1167 0.2774 0 0
48 238 2532 0 0 0 0 0 1.0003 0 0.3993 -0.0508 0.1407 0.1838 0.6124 0.9881 -0.1938 0.2568 0.4667 4.6548 0.7797 -0.0084 0.5881 0.7489 4.4402 0.0709 0.0709 0.2303 0 0
48 239 3485 0 0 0 0 0 1.0002 0 0.9357 -0.0417 0.1129 0.1281 0.6617 0.9961 0.0614 0.1296 0.1792 2.4609 0.8474 -0.0194 0.4822 0.622 4.5562 0.0348 0.0348 0.1993 0 0
48 240 2588 0 0 0 0 0 1.0004 0 0.472 -0.0096 0.0884 0.1038 0.5746 0.991 0.1126 0.1622 0.2088 1.4942 0.816 0.0135 0.546 0.6908 4.1637 0.0241 0.0241 0.2342 0 0
48 241 2548 0 0 0 0 0 1.0003 0 0.8761 0.0326 0.067 0.0785 0.6653 0.9919 0.2315 0.2566 0.3079 1.7891 0.8079 0.2036 0.5711 0.7217 4.1083 -0.039 0.039 0.2444 0 0
48 242 2462 0 0 0 0 0 1.0015 0 0.9463 0.0466 0.1263 0.1626 0.9011 0.9918 0.1272 0.1461 0.1845 1.243 0.8132 0.0592 0.5021 0.6515 4.118 -0.0346 0.0346 0.244 0 0
48 243 2496 0 0 0 0 0 1.0004 0 0.9068 0.0636 0.0969 0.1682 0.809 0.9933 0.0508 0.2102 0.2343 1.9211 0.8237 0.0979 0.5643 0.742 4.4548 -0.0188 0.0188 0.2401 0 0
48 244 2475 0 0 0 0 0 1.0006 0 0.779 -0.0614 0.1411 0.1452 0.6618 0.9899 -0.0702 0.2222 0.2645 2.2362 0.754 0.0367 0.5741 0.7256 4.4501 0.0132 0.0132 0.2836 0 0
48 245 2511 0 0 0 0 0 1.0009 0 0.8897 -0.0941 0.1438 0.1604 0.6324 0.9934 -0.1373 0.1628 0.2105 1.437 0.796 -0.1537 0.5398 0.6988 4.4512 0.0415 0.0415 0.2467 0 0
48 246 2577 0 0 0 0 0 1.0008 0 0.9356 0.0175 0.0828 0.0986 0.7596 0.9897 -0.0176 0.147 0.181 1.732 0.8 -0.0602 0.5387 0.694 4.184 -0.0454 0.0454 0.2609 0 0
48 247 3525 0 0 0 0 0 1.0005 0 0.89 -0.1534 0.1958 0.2397 0.752 0.9913 0.1065 0.3305 0.5262 5.0327 0.7928 0.0035 0.5328 0.6818 4.4065 0.0789 0.0789 0.2245 0 0
48 248 2644 0 0 0 0 0 1.0002 0 0.8905 -0.0513 0.0823 0.0951 0.6098 0.9914 0.1549 0.2127 0.2711 2.0948 0.7872 0.0554 0.5425 0.7091 4.525 0.0445 0.0445 0.2388 0 0
48 249 2659 0 0 0 0 0 1.0007 0 0.9176 -0.0622 0.1883 0.2112 0.8711 0.993 -0.0808 0.1211 0.1493 1.215 0.8605 -0.0598 0.4447 0.5823 4.3358 0.0243 0.0243 0.2086 0 0
48 250 4123 0 0 0 0 0 1.0003 0 0.9851 -0.1116 0.1147 0.1582 0.878 0.9955 0.1539 0.1717 0.1978 1.3619 0.8762 0.1282 0.4673 0.6117 4.2395 0.0605 0.0605 0.2093 0 0
48 251 2507 0 0 0 0 0 1.0009 0 0.6914 0.0672 0.1298 0.16 0.6892 0.9953 -0.1171 0.1376 0.186 1.3055 0.8379 -0.0602 0.4976 0.65 4.2815 -0.0691 0.0691 0.2368 0 0
48 252 2552 0 0 0 0 0 1.0006 0 0.8856 -0.1194 0.1318 0.1564 0.7167 0.984 -0.2682 0.3028 0.3509 1.7107 0.8216 -0.3071 0.5604 0.7237 4.3517 0.0863 0.0863 0.2271 0 0
48 253 2481 0 0 0 0 0 1.0016 0 0.816 0.0408 0.1369 0.1593 0.8609 0.9841 -0.0188 0.177 0.2299 1.499 0.8036 -0.0591 0.5565 0.7138 4.4361 0.0189 0.0189 0.2435 0 0
48 254 2486 0 0 0 0 0 1.0003 0 0.9494 0.038 0.0815 0.0954 0.9235 0.99 -0.0537 0.1473 0.1923 1.7731 0.7954 0.015 0.5824 0.7271 4.3713 0.0163 0.0163 0.2535 0 0
48 255 2815 0 0 0 0 0 1.0005 0 0.934 -0.1927 0.1927 0.2041 0.6849 0.9939 0.0373 0.2526 0.3339 2.6506 0.8073 0.0582 0.5377 0.6815 4.4657 0.0624 0.0624 0.242 0 0
48 256 2491 0 0 0 0 0 1.0003 0 0.3128 0.0291 0.145 0.1819 0.5582 0.9805 0.2334 0.279 0.3355 1.5492 0.7997 0.1015 0.5461 0.6881 4.1184 0.0238 0.0238 0.2304 0 0
48 257 2447 0 0 0 0 0 1.001 0 0.9595 0.0699 0.1789 0.2214 1.475 0.9852 0.1851 0.2918 0.3698 3.2088 0.7541 0.1505 0.5904 0.7577 4.2678 -0.0734 0.0734 0.2902 0 0
48 258 2565 0 0 0 0 0 1.0003 0 0.9497 0.043 0.1258 0.1382 0.7637 0.9952 -0.0522 0.1152 0.1388 1.4778 0.8302 -0.0239 0.5119 0.6536 4.4193 0.0409 0.0409 0.2179 0 0
48 259 2471 0 0 0 0 0 1.0002 0 0.2628 -0.1613 0.1964 0.2832 0.6537 0.9938 -0.0481 0.3742 0.5057 4.0045 0.7742 -0.0282 0.5806 0.7397 4.4745 0.0323 0.0323 0.2716 0 0
48 260 2372 0 0 0 0 0 1.0003 0 0.958 -0.0614 0.0784 0.0985 0.7929 0.9887 0.0164 0.1334 0.2058 3.4272 0.7235 0.0042 0.6161 0.7783 4.3109 -0.0708 0.0708 0.2942 0 0
48 261 2493 0 0 0 0 0 1.0005 0 0.8626 -0.1526 0.1554 0.1891 0.616 0.9809 0.0552 0.3602 0.5477 4.2614 0.7643 0.0084 0.5736 0.7163 4.2866 -0.0049 0.0049 0.2657 0 0
48 262 2502 0 0 0 0 0 1.0005 0 0.9497 -0.0126 0.0708 0.0818 0.6449 0.995 -0.0348 0.0931 0.1326 2.1817 0.8066 0.0694 0.5394 0.6834 4.146 -0.0257 0.0257 0.255 0 0
48 263 2563 0 0 0 0 0 1.0006 0 0.927 -0.0698 0.1307 0.1596 0.7617 0.9865 -0.1076 0.2129 0.2809 2.2968 0.8385 0.0024 0.5133 0.6558 4.23 0.0424 0.0424 0.2293 0 0
48 264 2509 0 0 0 0 0 1.0002 0 0.8645 0.0063 0.1603 0.1852 0.7986 0.9894 0.0475 0.1454 0.23 2.6165 0.7494 0.0217 0.5916 0.7528 4.2771 -0.0629 0.0629 0.2919 0 0
48 265 3593 0 0 0 0 0 1.0006 0 0.9855 0.0243 0.1083 0.1147 0.9469 0.9953 -0.0611 0.1095 0.1479 1.1479 0.8557 0.0364 0.4867 0.6468 4.5619 0.0433 0.0433 0.2116 0 0
48 266 2561 0 0 0 0 0 1.0005 0 0.9235 -0.0684 0.1127 0.1324 0.8019 0.9955 -0.1265 0.151 0.1933 2.0493 0.835 -0.0778 0.4851 0.6328 4.053 -0.0332 0.0332 0.2209 0 0
48 267 2434 0 0 0 0 0 1.0009 0 0.9036 -0.0425 0.0905 0.1018 0.642 0.9947 0.2801 0.2801 0.3049 1.3788 0.7764 0.2407 0.5594 0.7052 4.2964 -0.0578 0.0578 0.2597 0 0
48 268 2419 0 0 0 0 0 1.0003 0 0.9568 -0.0309 0.1362 0.1589 1.0177 0.9863 0.0297 0.1818 0.2564 2.5208 0.7802 0.032 0.5608 0.7231 4.3491 -0.0232 0.0232 0.2735 0 0
48 269 2442 0 0 0 0 0 1.0008 0 0.6789 0.0301 0.1361 0.1522 0.7044 0.9888 0.0283 0.1579 0.1941 1.5727 0.7966 0.025 0.5126 0.6589 4.2687 -0.054 0.054 0.2658 0 0
48 270 3241 0 0 0 0 0 1.0004 0 0.9803 0.1151 0.1217 0.1649 0.8127 0.9889 0.1821 0.2178 0.2552 1.4879 0.8757 0.1743 0.4876 0.616 4.4551 0.0397 0.0397 0.215 0 0
48 271 2486 0 0 0 0 0 1.0003 0 0.9814 -0.0054 0.0407 0.0496 0.7262 0.9954 -0.1396 0.1635 0.2409 3.3136 0.7706 0.0343 0.5675 0.7256 4.2469 -0.0813 0.0813 0.2737 0 0
48 272 2555 0 0 0 0 0 1.0002 0 0.9874 0.0242 0.0858 0.1104 0.8372 0.9942 -0.0948 0.1071 0.1402 1.0584 0.8405 -0.0054 0.4823 0.6253 4.2867 -0.0378 0.0378 0.2244 0 0
48 273 2474 0 0 0 0 0 1.0015 0 0.9099 0.0086 0.1237 0.1413 0.8238 0.9817 0.1687 0.2596 0.3367 1.9873 0.7851 0.0652 0.591 0.7468 4.416 -0.0261 0.0261 0.2529 0 0
48 274 2600 0 0 0 0 0 1.0004 0 0.7508 0 0.0997 0.1038 0.6382 0.9939 0.0921 0.1954 0.2529 3.4989 0.8065 0.0453 0.5328 0.679 4.1135 -0.0078 0.0078 0.2379 0 0
48 275 2409 0 0 0 0 0 1.0003 0 0.5804 -0.0351 0.113 0.1411 0.6515 0.9868 -0.097 0.1583 0.2193 1.5181 0.7582 -0.1161 0.561 0.7104 4.3491 -0.0632 0.0632 0.2619 0 0
48 276 2692 0 0 0 0 0 1.0013 0 0.9021 -0.0188 0.0704 0.0926 0.712 0.9949 0.2249 0.231 0.281 1.7771 0.7986 0.1147 0.5587 0.7086 4.544 0.0327 0.0327 0.255 0 0
48 277 2561 0 0 0 0 0 1.0004 0 0.9923 0.0601 0.0801 0.0816 0.6977 0.9882 -0.2224 0.2487 0.289 2.1745 0.8343 -0.2243 0.5251 0.6932 4.4447 0.0416 0.0416 0.2204 0 0
48 278 2397 0 0 0 0 0 1.0013 0 0.7702 0.0263 0.1264 0.1734 0.8629 0.9922 1e-04 0.1489 0.1726 2.5312 0.7708 -0.0649 0.5415 0.7036 4.284 -0.1104 0.1104 0.2785 0 0
48 279 2925 0 0 0 0 0 1.0006 0 0.7898 -0.0863 0.187 0.2212 0.7368 0.9935 -0.0405 0.1132 0.1724 1.4631 0.8544 -0.0157 0.4723 0.6242 4.3552 0.0332 0.0332 0.2159 0 0
48 280 2536 0 0 0 0 0 1.0002 0 0.802 -0.0376 0.1111 0.1232 0.6344 0.9937 -0.004 0.107 0.1422 1.4116 0.8536 -0.0201 0.4719 0.597 4.2009 0.0528 0.0528 0.226 0 0
48 281 2543 0 0 0 0 0 1.0002 0 0.875 -0.0816 0.1204 0.148 0.7299 0.9931 -0.0469 0.1312 0.1728 1.6547 0.8171 -0.0104 0.5255 0.6684 4.4136 -0.023 0.023 0.2486 0 0
48 282 2507 0 0 0 0 0 1.0004 0 0.9592 0.095 0.1782 0.2082 1.2565 0.9749 0.0627 0.1902 0.2426 1.5887 0.8403 0.0426 0.4831 0.6351 4.2187 -0.094 0.094 0.224 0 0
48 283 2479 0 0 0 0 0 1.0004 0 0.917 -0.1814 0.1871 0.2094 0.6813 0.987 0.0461 0.1895 0.27 2.517 0.7837 -0.0161 0.5124 0.6605 4.3611 0.0543 0.0543 0.2322 0 0
48 284 2522 0 0 0 0 0 1.0008 0 0.6972 -0.0033 0.0955 0.1292 0.6452 0.9933 -0.0379 0.0979 0.1661 2.3448 0.7576 -0.0334 0.5647 0.7371 4.3702 -0.0049 0.0049 0.2496 0 0
48 285 2402 0 0 0 0 0 1.0005 0 0.8726 0.1905 0.2147 0.2432 0.7311 0.9946 -0.0441 0.1434 0.1806 1.3115 0.812 0.0543 0.56 0.712 4.3304 -0.1046 0.1046 0.2563 0 0
48 286 2570 0 0 0 0 0 1.0007 0 0.8525 0.1199 0.1245 0.1682 0.7019 0.9959 -0.0521 0.1223 0.1531 1.3246 0.857 -0.0863 0.4947 0.6206 4.385 0 0 0.2209 0 0
48 287 2591 0 0 0 0 0 1.0013 0 0.8127 -0.0779 0.1342 0.1474 0.6285 0.9884 -0.0396 0.1976 0.2402 2.2785 0.7846 -0.1444 0.579 0.7215 4.4953 0.0748 0.0748 0.237 0 0
48 288 2468 0 0 0 0 0 1.0004 0 0.8776 0.0132 0.1026 0.1275 0.7147 0.9941 0.0541 0.1375 0.1944 2.6948 0.7977 -0.0323 0.5353 0.6728 4.2782 -0.0386 0.0386 0.2414 0 0
48 289 2452 0 0 0 0 0 1.0008 0 0.8866 0.0686 0.1567 0.2147 1.0026 0.9897 0.0257 0.1304 0.1721 1.7492 0.7958 0.0053 0.5329 0.6785 4.2045 -0.1174 0.1174 0.2769 0 0
48 290 2479 0 0 0 0 0 1.0008 0 0.5697 -0.0378 0.1589 0.1869 0.6826 0.9921 -0.2013 0.241 0.2704 1.9198 0.824 -0.127 0.527 0.6597 4.3999 0.0305 0.0305 0.2303 0 0
48 291 2624 0 0 0 0 0 1.0004 0 0.9836 0.0429 0.0429 0.0655 0.6729 0.9969 -0.053 0.0801 0.1005 1.5053 0.8289 -0.0561 0.5278 0.6511 4.4204 0.032 0.032 0.221 0 0
48 292 2551 0 0 0 0 0 1.0009 0 0.7821 -0.0214 0.1241 0.1419 0.8267 0.9894 -0.0446 0.1629 0.2153 1.7703 0.8042 0.0485 0.5531 0.7005 4.2657 0.0014 0.0014 0.2701 0 0
48 293 2418 0 0 0 0 0 1.0006 0 0.9921 -0.0176 0.0381 0.0511 0.8063 0.9948 0.0386 0.1303 0.1833 1.8571 0.7905 0.0829 0.5528 0.7139 4.3564 -0.0242 0.0242 0.3018 0 0
48 294 2663 0 0 0 0 0 1.0009 0 0.9191 0.1281 0.1281 0.1526 0.7368 0.9975 -0.1513 0.2097 0.2333 1.1215 0.8352 -0.0522 0.5336 0.6756 4.1563 0.0344 0.0344 0.2282 0 0
48 295 3695 0 0 0 0 0 1.0003 0 0.9617 0.0856 0.0892 0.1369 0.8084 0.9829 -0.1629 0.2206 0.2636 1.0567 0.8419 -0.1646 0.5316 0.6816 4.17 0.0444 0.0444 0.2128 0 0
48 296 2514 0 0 0 0 0 1.0006 0 0.7753 0.0346 0.1219 0.1533 0.6991 0.9935 -0.1861 0.1992 0.2437 1.624 0.8132 -0.1359 0.5538 0.7033 4.3642 -0.0499 0.0499 0.2544 0 0
48 297 3004 0 0 0 0 0 1.0006 0 0.9081 -0.1354 0.1354 0.1664 0.6286 0.9846 0.0147 0.204 0.2528 2.1411 0.8092 0.0931 0.5304 0.6779 4.5424 0.0799 0.0799 0.2283 0 0
48 298 2515 0 0 0 0 0 1.0001 0 0.953 -0.0592 0.0948 0.1119 0.7369 0.9917 -0.0192 0.1441 0.2043 2.2004 0.7663 0.0283 0.5186 0.6745 4.1176 -0.1199 0.1199 0.2705 0 0
48 299 4185 0 0 0 0 0 1.0003 0 0.9418 -0.0715 0.0971 0.1163 0.6932 0.995 -0.1885 0.2046 0.2287 1.3573 0.8415 -0.2554 0.5652 0.7111 4.5096 0.1431 0.1431 0.2065 0 0
48 300 2449 0 0 0 0 0 1.0005 0 0.8033 0.0132 0.0661 0.075 0.669 0.9962 0.0367 0.0886 0.119 1.7011 0.7977 0.0207 0.5336 0.6693 4.2579 -0.1091 0.1091 0.2763 0 0
48 301 2428 0 0 0 0 0 1.0003 0 0.8681 0.0922 0.1513 0.1666 0.7247 0.9911 -0.1821 0.2193 0.2587 1.6492 0.8158 -0.061 0.5395 0.6865 4.3141 -0.0652 0.0652 0.2609 0 0
48 302 2411 0 0 0 0 0 1.0006 0 0.9593 -0.1144 0.1468 0.1535 0.7525 0.9606 -0.0987 0.3131 0.4493 4.4522 0.8064 -0.0826 0.5558 0.6979 4.4201 0.0153 0.0153 0.2741 0 0
48 303 2544 0 0 0 0 0 1.0007 0 0.9138 0.047 0.0526 0.0717 0.6768 0.9946 0.3061 0.3061 0.3255 1.2725 0.7903 0.2922 0.6044 0.7794 4.3739 0.0271 0.0271 0.2455 0 0
48 304 2405 0 0 0 0 0 1.0009 0 0.9209 -0.0358 0.0998 0.1038 0.6975 0.9873 0.0927 0.1971 0.2361 2.3887 0.783 0.0681 0.5726 0.7158 4.3379 -0.0155 0.0155 0.2774 0 0
48 305 2446 0 0 0 0 0 1.0005 0 0.8574 -0.0908 0.2061 0.251 0.825 0.9832 0.003 0.1797 0.2575 3.2005 0.8119 -0.0276 0.4932 0.6152 4.0301 -0.1466 0.1466 0.2615 0 0
48 306 2482 0 0 0 0 0 1.0003 0 0.9925 0.0064 0.0305 0.0345 0.7296 0.9963 0.0586 0.1497 0.1805 2.6153 0.7926 0.0861 0.5586 0.7389 4.3903 0.0101 0.0101 0.2379 0 0
48 307 2409 0 0 0 0 0 1.0004 0 0.725 -0.1269 0.1677 0.2132 0.6335 0.9903 -0.0717 0.2432 0.2899 2.6329 0.7643 -0.0846 0.5686 0.724 4.4354 0.0579 0.0579 0.2658 0 0
48 308 2519 0 0 0 0 0 1.0003 0 0.3214 0.0273 0.1737 0.1915 0.7319 0.9959 -0.2359 0.2359 0.2627 1.6684 0.809 -0.2398 0.5486 0.7265 4.3278 -0.08 0.08 0.2578 0 0
48 309 2570 0 0 0 0 0 1.0006 0 0.602 -0.162 0.162 0.1922 0.5836 0.9906 0.2644 0.3096 0.4275 2.4594 0.7397 0.1277 0.5747 0.7379 4.2877 0.0292 0.0292 0.2799 0 0
48 310 2528 0 0 0 0 0 1.0004 0 0.9534 -0.0012 0.1148 0.1204 0.7674 0.9966 -0.1425 0.1629 0.1941 2.7202 0.8391 -0.1803 0.529 0.6679 4.41 -0.0406 0.0406 0.2559 0 0
48 311 2467 0 0 0 0 0 1.0004 0 0.9006 -0.0073 0.0881 0.1022 0.7636 0.9961 0.0817 0.1029 0.128 1.0596 0.7994 0.0494 0.539 0.6812 4.2395 -0.0689 0.0689 0.2709 0 0
48 312 2505 0 0 0 0 0 1.0005 0 0.7019 0.0257 0.1014 0.1262 0.6197 0.9861 0.1208 0.1992 0.2294 1.8418 0.7756 0.0765 0.5668 0.726 4.094 -0.0644 0.0644 0.2793 0 0
48 313 2520 0 0 0 0 0 1.0004 0 0.9067 8e-04 0.072 0.0942 0.687 0.9928 -0.1654 0.1906 0.2245 1.6268 0.8213 -0.1816 0.5161 0.6692 4.0972 -0.0462 0.0462 0.2354 0 0
48 314 2795 0 0 0 0 0 1.0003 0 0.8997 -0.0368 0.062 0.0808 0.5998 0.9873 0.2093 0.2473 0.2908 1.7161 0.8231 0.1641 0.5746 0.7234 4.2959 0.1308 0.1308 0.2387 0 0
48 315 2508 0 0 0 0 0 1.0004 0 0.7605 0.0197 0.1486 0.166 0.7164 0.9872 -0.2411 0.2763 0.3157 1.5677 0.8311 -0.2442 0.5587 0.7064 4.2118 0.0268 0.0268 0.249 0 0
48 316 2582 0 0 0 0 0 1.0003 0 0.4712 -0.074 0.1279 0.1532 0.6469 0.9976 -0.1077 0.1654 0.235 2.6545 0.8087 -0.0913 0.5202 0.6803 4.4623 0.0212 0.0212 0.2427 0 0
48 317 2379 0 0 0 0 0 1.0003 0 0.8895 -0.08 0.1118 0.1432 0.7672 0.9898 -0.3987 0.4185 0.4888 2.7321 0.7546 -0.3041 0.672 0.8412 4.3389 -0.065 0.065 0.3056 0 0
48 318 4841 0 0 0 0 0 1.0003 0 0.8858 -0.1291 0.1291 0.1482 0.5999 0.9929 0.0218 0.152 0.2096 1.5555 0.8513 0.0073 0.4892 0.6293 4.4625 0.1393 0.1393 0.1896 0 0
48 319 2342 0 0 0 0 0 1.0005 0 0.9353 -0.0053 0.1081 0.1271 0.8403 0.9883 -0.2216 0.2565 0.2904 1.9379 0.7515 -0.1634 0.6031 0.761 4.1948 -0.1308 0.1308 0.3068 0 0
48 320 2515 0 0 0 0 0 1.0006 0 0.7501 -0.0976 0.1719 0.1817 0.7807 0.996 0.0031 0.1273 0.1704 1.8164 0.7904 -0.1202 0.5493 0.704 4.3697 0.0079 0.0079 0.2544 0 0
48 321 2510 0 0 0 0 0 1.0007 0 0.9428 -0.0343 0.0685 0.0936 0.6683 0.9957 -0.0053 0.1199 0.1482 2.6248 0.79 0.0538 0.5371 0.6852 4.5769 0.0437 0.0437 0.2548 0 0
48 322 2459 0 0 0 0 0 1.0005 0 0.3414 0.0897 0.182 0.2393 0.7383 0.9827 -0.0196 0.2689 0.3179 2.2774 0.776 -0.1688 0.5927 0.7492 4.2943 -0.0736 0.0736 0.2882 0 0
48 323 2511 0 0 0 0 0 1.0005 0 0.928 -0.008 0.0995 0.1295 0.9112 0.9893 -0.0073 0.1447 0.1904 2.4839 0.7908 0.0835 0.5338 0.6661 4.3133 -0.0956 0.0956 0.2925 0 0
48 324 3210 0 0 0 0 0 1.0011 0 0.7119 -0.0598 0.1545 0.1767 0.6661 0.9814 -0.2995 0.377 0.4834 2.824 0.785 -0.053 0.5351 0.6893 4.4386 0.0273 0.0273 0.2453 0 0
48 325 2435 0 0 0 0 0 1.0005 0 0.5193 -0.1524 0.1936 0.2756 0.7448 0.9744 -0.2446 0.3433 0.5624 4.7089 0.7679 -0.0878 0.5392 0.6941 4.3717 -0.0175 0.0175 0.2619 0 0
48 326 2477 0 0 0 0 0 1.0005 0 0.5332 -0.1267 0.2078 0.3006 0.8145 0.9895 -0.1523 0.2868 0.4076 3.4382 0.8149 -0.0767 0.5261 0.6795 4.2977 -0.0107 0.0107 0.2373 0 0
48 327 2436 0 0 0 0 0 1.0004 0 0.9622 0.1189 0.1373 0.1683 0.9415 0.9958 -0.2331 0.2351 0.2721 1.5648 0.7711 -0.0917 0.5983 0.7708 4.3945 -0.0218 0.0218 0.2903 0 0
48 328 2455 0 0 0 0 0 1.001 0 0.3552 0.0494 0.1896 0.2 0.7457 0.9773 0.0726 0.2248 0.2776 2.5549 0.7743 0.0605 0.5706 0.7336 4.1392 -0.1244 0.1244 0.276 0 0
48 329 3999 0 0 0 0 0 1.0004 0 0.9375 -0.1525 0.1525 0.1759 0.6051 0.9943 0.0183 0.2231 0.2997 2.8769 0.8198 0.1822 0.5541 0.7038 4.6245 0.1594 0.1594 0.2027 0 0
48 330 2694 0 0 0 0 0 1.0008 0 0.9614 0.027 0.059 0.0718 0.6965 0.995 0.003 0.0934 0.1216 1.5869 0.793 0.0071 0.5411 0.7025 4.1441 -0.0423 0.0423 0.2479 0 0
48 331 2533 0 0 0 0 0 1.0004 0 0.8031 -0.0246 0.1257 0.1574 0.7338 0.9954 0.1077 0.1478 0.194 2.0832 0.821 -9e-04 0.4776 0.6139 4.0957 -0.0493 0.0493 0.255 0 0
48 332 2471 0 0 0 0 0 1.0006 0 0.9434 0.0931 0.1081 0.1414 0.8281 0.9889 -0.0731 0.2174 0.2763 1.7003 0.8423 -0.0772 0.4616 0.5943 4.3124 -0.0734 0.0734 0.235 0 0
48 333 3152 0 0 0 0 0 1.0004 0 0.9924 -0.0725 0.0929 0.0996 0.6045 0.9934 0.1303 0.172 0.2102 1.5588 0.8167 0.2127 0.5823 0.7457 5.002 0.1591 0.1591 0.2039 0 0
48 334 2471 0 0 0 0 0 1.0009 0 0.8871 -0.0615 0.1101 0.1471 0.7679 0.9949 -0.3126 0.3126 0.3566 3.0565 0.7638 -0.0982 0.5639 0.7225 4.2114 -0.1464 0.1464 0.3126 0 0
48 335 2475 0 0 0 0 0 1.0006 0 0.9954 -0.1402 0.1402 0.1477 0.655 0.989 -0.1166 0.1838 0.2715 2.5644 0.8204 -0.1228 0.5184 0.6739 4.3627 0.0423 0.0423 0.2376 0 0
48 336 3327 0 0 0 0 0 1.0004 0 0.7595 -0.084 0.1217 0.1763 0.6389 0.9859 0.028 0.1931 0.2305 1.532 0.8079 0.0879 0.5467 0.7066 4.6306 0.0838 0.0838 0.2313 0 0
48 337 2503 0 0 0 0 0 1.0004 0 0.8627 0.05 0.0716 0.1047 0.6891 0.9963 -0.0145 0.0965 0.1189 1.2142 0.8227 0.0064 0.5223 0.6663 4.5665 0.0132 0.0132 0.2264 0 0
48 338 3283 0 0 0 0 0 1.0005 0 0.9808 0.0573 0.0737 0.0771 0.646 0.9966 -0.0612 0.1279 0.1835 1.4014 0.7906 -0.0022 0.5687 0.7293 4.5805 0.0505 0.0505 0.2239 0 0
48 339 2725 0 0 0 0 0 1.0003 0 0.9385 -0.0977 0.1045 0.1252 0.6091 0.9902 -0.0323 0.1357 0.1853 1.2662 0.7954 0.0355 0.526 0.6666 4.37 0.0285 0.0285 0.2231 0 0
48 340 2494 0 0 0 0 0 1.001 0 0.9169 0.0206 0.1406 0.1686 0.8188 0.9942 0.0382 0.1203 0.152 1.4059 0.858 0.0387 0.4594 0.5982 4.2176 -0.0927 0.0927 0.2514 0 0
48 341 2512 0 0 0 0 0 1.0006 0 0.9778 0.0501 0.1085 0.1283 0.705 0.9906 -0.1235 0.184 0.2611 2.6085 0.8046 -0.0205 0.5401 0.7034 4.3818 -0.04 0.04 0.2575 0 0
48 342 2439 0 0 0 0 0 1.0005 0 0.9293 0.0477 0.1359 0.1493 0.9046 0.9793 4e-04 0.177 0.247 3.8496 0.7758 0.0935 0.5861 0.7583 4.1182 -0.0503 0.0503 0.2555 0 0
48 343 2422 0 0 0 0 0 1.0004 0 0.8337 0.005 0.116 0.1496 0.7335 0.9952 0.1888 0.1903 0.234 2.0359 0.7713 0.0727 0.5946 0.7493 4.1875 -0.0845 0.0845 0.2783 0 0
48 344 2539 0 0 0 0 0 1.0011 0 0.8514 -0.0976 0.1364 0.1707 0.7649 0.995 -0.0888 0.1555 0.1801 1.8254 0.8221 -0.1385 0.5453 0.6969 4.1994 -0.0189 0.0189 0.2457 0 0
48 345 2528 0 0 0 0 0 1.0002 0 0.6703 -0.0404 0.1388 0.1577 0.7537 0.9939 0.0395 0.1492 0.2113 2.4324 0.7824 0.0422 0.5563 0.6879 4.0812 -0.0982 0.0982 0.2849 0 0
48 346 3337 0 0 0 0 0 1.0003 0 0.7386 -0.064 0.1263 0.1488 0.6359 0.9889 -0.0198 0.1737 0.1978 2.1444 0.8215 -0.1121 0.5513 0.6963 4.428 0.0772 0.0772 0.2225 0 0
48 347 3087 0 0 0 0 0 1.0003 0 0.8236 -0.2664 0.2664 0.3188 0.7388 0.9957 -0.0829 0.2222 0.2738 2.2974 0.7979 -0.1982 0.5271 0.6639 4.4083 0.0337 0.0337 0.2501 0 0
48 348 2524 0 0 0 0 0 1.0009 0 0.8183 -0.059 0.1134 0.1316 0.6417 0.994 0.0178 0.1142 0.1421 1.2978 0.8117 0.0175 0.5038 0.6598 4.2414 -0.0715 0.0715 0.2584 0 0
48 349 2540 0 0 0 0 0 1.001 0 0.741 -0.0378 0.1816 0.2396 0.7223 0.997 -0.0825 0.1222 0.1724 1.602 0.7855 -0.0513 0.5155 0.6718 4.1411 -0.057 0.057 0.2538 0 0
48 350 2521 0 0 0 0 0 1.0005 0 0.7732 -0.0292 0.0899 0.1184 0.6517 0.9919 -0.0309 0.143 0.192 2.2495 0.8124 -0.0907 0.5365 0.6808 4.305 -0.0311 0.0311 0.256 0 0
48 351 2525 0 0 0 0 0 1.0006 0 0.9174 -0.1132 0.1132 0.1422 0.6717 0.9891 -0.045 0.1741 0.26 2.4838 0.7972 -0.0665 0.5556 0.7009 4.6373 0.0641 0.0641 0.2286 0 0
48 352 2554 0 0 0 0 0 1.0005 0 0.9251 -0.1101 0.1155 0.1293 0.6331 0.9886 0.2154 0.2348 0.3222 1.5573 0.8026 0.1271 0.5321 0.6733 4.1963 0.0071 0.0071 0.2677 0 0
48 353 2433 0 0 0 0 0 1.0002 0 0.6834 -0.0276 0.1416 0.1724 0.7165 0.9909 -0.1467 0.2003 0.3833 4.0108 0.7694 -0.0078 0.5765 0.7438 4.35 -0.0262 0.0262 0.2575 0 0
48 354 2969 0 0 0 0 0 1.0009 0 0.8948 -0.0651 0.1181 0.1381 0.6885 0.9946 0.1422 0.2107 0.2467 1.9324 0.8342 0.1829 0.4953 0.6465 4.4282 0.0143 0.0143 0.2276 0 0
48 355 3389 0 0 0 0 0 1.0003 0 0.9744 -0.0661 0.0888 0.1059 0.7982 0.9982 0.296 0.296 0.3293 2.0147 0.8258 0.285 0.5594 0.7116 4.4283 0.0503 0.0503 0.2253 0 0
48 356 2512 0 0 0 0 0 1.0002 0 0.9229 -0.0986 0.1364 0.1623 0.8176 0.9775 -0.0744 0.2162 0.2492 2.0553 0.7921 -0.2379 0.5529 0.7006 4.2284 -0.0901 0.0901 0.2777 0 0
48 357 2484 0 0 0 0 0 1.0004 0 0.7334 -0.0812 0.1737 0.2027 0.685 0.9881 0.1203 0.1692 0.207 1.5562 0.8248 0.0815 0.4795 0.6211 4.1706 -0.1007 0.1007 0.2748 0 0
48 358 3654 0 0 0 0 0 1.0007 0 0.9012 0.0687 0.1282 0.1648 0.7533 0.9917 0.0909 0.1472 0.1856 0.9894 0.838 0.1482 0.5069 0.6823 4.0918 0.0637 0.0637 0.2155 0 0
48 359 4076 6 0 0 0 0 1.0015 0 0.9022 -0.0942 0.1289 0.1556 0.7441 0.9923 -0.3742 0.4182 0.4526 2.6844 0.8085 -0.4883 0.6913 0.8424 4.3287 0.1757 0.1757 0.2598 1 0
48 360 2522 0 0 0 0 0 1.0005 0 0.9152 -0.1009 0.1471 0.1728 0.7753 0.9725 -0.2878 0.3157 0.6301 5.3191 0.8179 -0.0776 0.4857 0.6253 4.3624 -0.0232 0.0232 0.2381 0 0
48 361 2840 0 0 0 0 0 1.0002 0 0.9333 -0.0599 0.1214 0.1647 0.7436 0.9978 0.0569 0.0998 0.1269 1.8227 0.833 0.0693 0.4679 0.598 4.1171 -0.0282 0.0282 0.2339 0 0
48 362 2796 0 0 0 0 0 1.0003 0 0.8694 -0.1058 0.157 0.1702 0.707 0.9962 -0.1092 0.1916 0.2389 2.1207 0.785 -0.2055 0.5778 0.7386 4.4919 0.0601 0.0601 0.2345 0 0
48 363 2632 0 0 0 0 0 1.0005 0 0.8196 -0.0441 0.1188 0.1652 0.7164 0.9902 0.0323 0.1447 0.1655 1.7257 0.8344 0.0167 0.5095 0.6516 4.6842 0.0823 0.0823 0.2335 0 0
48 364 2472 0 0 0 0 0 1.0005 0 0.8993 0.0403 0.1288 0.1526 0.6265 0.9945 0.0336 0.0934 0.1242 1.3616 0.7735 0.0416 0.5645 0.7265 4.2714 0.0116 0.0116 0.2433 0 0
48 365 2388 0 0 0 0 0 1.0012 0 0.924 -0.038 0.1017 0.1143 0.8302 0.9892 0.2099 0.2454 0.3423 3.4215 0.7734 0.0812 0.5688 0.7137 4.2437 -0.1435 0.1435 0.3182 0 0
48 366 2505 0 0 0 0 0 1.0007 0 0.7568 0.0596 0.155 0.245 0.9588 0.998 -0.0034 0.0561 0.0763 1.2548 0.7981 -0.0539 0.5195 0.7029 4.3122 -0.0575 0.0575 0.2382 0 0
48 367 2686 0 0 0 0 0 1.0003 0 0.8833 -0.0295 0.1537 0.1668 0.7776 0.9857 0.3513 0.3547 0.4129 1.8904 0.7962 0.3646 0.6289 0.7906 4.4352 -0.0177 0.0177 0.259 0 0
48 368 3262 0 0 0 0 0 1.0006 0 0.8962 -0.1984 0.1984 0.22 0.5978 0.9971 0.0705 0.3261 0.4366 4.1461 0.7854 0.1082 0.5882 0.7397 4.5404 0.0898 0.0898 0.2208 0 0
48 369 2458 0 0 0 0 0 1.0004 0 0.9368 0.0503 0.0822 0.1083 0.7694 0.993 0.0483 0.1134 0.1443 1.9564 0.8016 0.0394 0.5047 0.651 4.2537 -0.0862 0.0862 0.2512 0 0
48 370 2489 0 0 0 0 0 1.0006 0 0.4851 -0.1126 0.1493 0.1871 0.6164 0.9904 -0.0066 0.2763 0.3797 2.7409 0.735 -0.1216 0.6145 0.7967 4.5941 0.0372 0.0372 0.2877 0 0
48 371 2528 0 0 0 0 0 1.0005 0 0.8834 -0.1756 0.2071 0.2243 0.7087 0.9936 0.0586 0.1741 0.2185 1.5974 0.7989 0.0724 0.5045 0.6508 4.3242 -0.0227 0.0227 0.2422 0 0
48 372 2588 0 0 0 0 0 1.0007 0 0.4902 -0.0549 0.1579 0.175 0.7171 0.99 0.0166 0.1225 0.1725 2.0742 0.8171 0.0377 0.5255 0.669 4.1166 -0.01 0.01 0.2461 0 0
48 373 2516 0 0 0 0 0 1.0004 0 0.9662 -0.0439 0.1328 0.1519 0.9311 0.9915 0.1328 0.1749 0.2244 1.508 0.8091 0.2136 0.5434 0.7152 4.4677 0.0306 0.0306 0.2335 0 0
48 374 2431 0 0 0 0 0 1.0005 0 0.8022 0.0181 0.1528 0.1955 0.7498 0.9901 -0.1467 0.1653 0.2271 2.0598 0.7982 -0.1031 0.5026 0.6431 4.165 -0.1067 0.1067 0.2521 0 0
48 375 2583 0 0 0 0 0 1.0004 0 0.8582 0.0649 0.1106 0.1418 0.7068 0.9923 0.1129 0.1577 0.19 1.1766 0.823 0.0956 0.5085 0.6472 4.3361 -0.0643 0.0643 0.2419 0 0
48 376 2506 0 0 0 0 0 1.0004 0 0.858 -0.0145 0.0807 0.0939 0.7105 0.9976 -0.2241 0.2241 0.2344 1.3621 0.7927 -0.2398 0.5785 0.7565 4.4213 0.0453 0.0453 0.2358 0 0
48 377 2574 0 0 0 0 0 1.0002 0 0.8328 -0.0427 0.1614 0.178 0.91 0.9917 -0.2654 0.2937 0.3641 2.3993 0.7869 -0.1148 0.5302 0.6734 4.4015 -0.024 0.024 0.2659 0 0
48 378 2564 0 0 0 0 0 1.0006 0 0.8195 -0.0239 0.1094 0.1202 0.6387 0.9916 -0.0893 0.1896 0.2621 2.5282 0.77 -0.1561 0.5771 0.7582 4.4862 0.0651 0.0651 0.2237 0 0
48 379 3377 0 0 0 0 0 1.0006 0 0.8351 -0.0876 0.115 0.1317 0.6742 0.9974 -0.1081 0.2044 0.2304 2.032 0.805 -0.1435 0.5701 0.7138 4.5349 0.0856 0.0856 0.2303 0 0
48 380 2764 0 0 0 0 0 1.0006 0 0.464 0.0182 0.1544 0.1589 0.6245 0.9931 0.1417 0.1497 0.1872 1.2873 0.7949 0.0544 0.5744 0.7322 4.3703 0.0545 0.0545 0.2331 0 0
48 381 2445 0 0 0 0 0 1.0002 0 0.6434 -0.0844 0.155 0.1714 0.7486 0.9877 -0.3237 0.3649 0.5177 5.7278 0.7372 -0.0659 0.5836 0.7381 4.3641 -0.052 0.052 0.3311 0 0
48 382 2713 0 0 0 0 0 1.0004 0 0.9236 -0.0199 0.1243 0.1454 0.733 0.9896 -0.1551 0.1882 0.2321 2.397 0.8403 -0.1043 0.4886 0.6262 4.0694 -0.0203 0.0203 0.2359 0 0
48 383 2482 0 0 0 0 0 1.0009 0 0.7416 -0.068 0.164 0.1781 0.6832 0.9853 0.0901 0.2139 0.2755 1.6441 0.7978 -0.0262 0.5499 0.7293 4.5749 0.0595 0.0595 0.2404 0 0
48 384 2452 0 0 0 0 0 1.0003 0 0.9415 0.0032 0.0579 0.0744 0.826 0.9901 0.0459 0.151 0.2008 2.0249 0.7819 0.0325 0.5865 0.738 4.3556 -0.018 0.018 0.2744 0 0
48 385 2642 0 0 0 0 0 1.0005 0 0.823 -0.0608 0.1155 0.1593 0.543 0.9938 -0.0249 0.1261 0.1565 2.7112 0.82 -0.0477 0.5452 0.7072 4.9087 0.1086 0.1086 0.221 0 0
48 386 2529 0 0 0 0 0 1.0005 0 0.0325 -0.1174 0.1206 0.1598 0.5524 0.9777 -0.039 0.2276 0.3416 2.2469 0.7535 -0.0078 0.596 0.777 4.2981 0.0823 0.0823 0.2683 0 0
48 387 2476 0 0 0 0 0 1.0006 0 0.5791 0.0206 0.104 0.132 0.6786 0.9922 0.0385 0.1255 0.1678 1.3965 0.7724 0.0393 0.5555 0.7116 4.0728 -0.1264 0.1264 0.2766 0 0
48 388 2388 0 0 0 0 0 1.0004 0 0.7445 -0.1282 0.1507 0.1956 0.6841 0.9985 -0.0236 0.1513 0.2171 2.2257 0.7889 -0.0375 0.5561 0.7028 4.3707 -0.0318 0.0318 0.2727 0 0
48 389 3020 0 0 0 0 0 1.0004 0 0.9157 -0.0178 0.1344 0.1635 0.7043 0.9919 0.1971 0.2012 0.2677 1.7405 0.834 0.2002 0.5395 0.6846 4.3985 0.0579 0.0579 0.202 0 0
48 390 3028 0 0 0 0 0 1.0003 0 0.8211 -0.0888 0.103 0.1596 0.7557 0.977 -0.1695 0.2853 0.336 2.0376 0.8516 -0.2286 0.5198 0.665 4.5119 0.0693 0.0693 0.2183 0 0
48 391 2505 0 0 0 0 0 1.0007 0 0.9465 -0.1033 0.1272 0.1441 0.6644 0.9918 0.0138 0.2081 0.3329 3.7499 0.838 -0.1368 0.4777 0.6323 4.2889 -0.0178 0.0178 0.2314 0 0
48 392 2479 0 0 0 0 0 1.0002 0 0.9395 0.0226 0.0747 0.0927 0.7566 0.9873 0.3149 0.3149 0.3548 1.3562 0.8092 0.2808 0.5519 0.716 4.3939 -0.0294 0.0294 0.2696 0 0
48 393 2443 0 0 0 0 0 1.0005 0 0.927 0.1263 0.1546 0.189 0.7863 0.9954 -0.1687 0.1687 0.2003 1.6984 0.8041 -0.1569 0.5804 0.7335 4.2779 -0.0799 0.0799 0.2533 0 0
48 394 4372 0 0 0 0 0 1.0002 0 0.9818 -0.0891 0.0954 0.152 1.205 0.992 -0.2275 0.2298 0.3839 3.1572 0.8569 -0.0943 0.4802 0.622 4.5618 0.0803 0.0803 0.1909 0 0
48 395 2432 0 0 0 0 0 1.0002 0 0.9476 0.0066 0.1091 0.1462 0.7275 0.9837 0.0071 0.2114 0.3417 4.1575 0.7956 6e-04 0.5426 0.689 4.4277 -0.0171 0.0171 0.2632 0 0
48 396 2578 0 0 0 0 0 1.001 0 0.9508 -0.1145 0.1145 0.133 0.6614 0.9968 -0.1205 0.1825 0.2345 2.1374 0.8286 -0.1375 0.5369 0.6889 4.5075 0.0823 0.0823 0.2265 0 0
48 397 2449 0 0 0 0 0 1.0008 0 0.9473 -0.0338 0.0429 0.0643 0.6491 0.9981 0.0616 0.0804 0.1115 2.7114 0.7903 0.1281 0.5692 0.7073 4.4575 0.0707 0.0707 0.2428 0 0
48 398 2497 0 0 0 0 0 1.0004 0 0.9421 -0.0513 0.0867 0.1078 0.8568 0.9914 0.0359 0.136 0.1739 1.6944 0.8234 2e-04 0.4932 0.6403 4.1935 -0.0254 0.0254 0.2505 0 0
48 399 2413 0 0 0 0 0 1.0009 0 0.9006 -0.1793 0.1793 0.2057 0.7784 0.9867 0.1086 0.2955 0.4334 3.2065 0.7313 -0.0754 0.607 0.7448 4.5852 0.0498 0.0498 0.262 0 0
48 400 2546 0 0 0 0 0 1.0003 0 0.938 0.0016 0.0913 0.0966 0.7208 0.9921 0.0856 0.162 0.1852 1.5208 0.7908 0.0085 0.5235 0.6857 4.3489 -0.0389 0.0389 0.2517 0 0
48 401 2566 0 0 0 0 0 1.0004 0 -0.1726 -0.0508 0.1434 0.2016 0.7017 0.9782 0.1514 0.2891 0.5105 4.7985 0.7314 0.0089 0.5835 0.7348 4.3768 -0.0674 0.0674 0.3293 0 0
48 402 2472 0 0 0 0 0 1.0004 0 0.8141 0.0838 0.1142 0.1733 0.7884 0.9903 -0.1718 0.1821 0.2319 1.802 0.7916 -0.0979 0.5307 0.6994 4.4255 -0.0016 0.0016 0.2596 0 0
48 403 2631 0 0 0 0 0 1.0005 0 0.937 0.0254 0.1148 0.1227 0.6913 0.9728 0.1018 0.2033 0.2933 3.0514 0.7596 0.0716 0.5806 0.725 4.4347 0.0251 0.0251 0.2696 0 0
48 404 2558 0 0 0 0 0 1.0003 0 0.8744 -0.0061 0.1008 0.1305 0.7292 0.9948 0.1428 0.1605 0.1967 2.1276 0.8568 0.1178 0.4867 0.6201 4.1214 0.037 0.037 0.2103 0 0
48 405 3431 0 0 0 0 0 1.0007 0 0.941 -0.1149 0.1206 0.1457 0.7697 0.9969 0.0462 0.094 0.1212 1.2402 0.8371 0.0594 0.4808 0.6303 4.3529 0.0067 0.0067 0.2191 0 0
48 406 2608 0 0 0 0 0 1.0007 0 0.988 -0.009 0.0894 0.1119 0.6438 0.991 0.1173 0.132 0.1879 1.5509 0.8378 0.0708 0.4983 0.6426 4.1031 0.04 0.04 0.2218 0 0
48 407 2791 0 0 0 0 0 1.0008 0 0.8941 -0.0166 0.13 0.1447 0.6344 0.9894 0.1124 0.1453 0.1847 1.219 0.8244 0.0447 0.5065 0.6547 4.3769 0.0333 0.0333 0.2268 0 0
48 408 2488 0 0 0 0 0 1.0006 0 0.8012 0.0073 0.1106 0.1313 0.7059 0.9774 0.2188 0.2333 0.3305 2.7477 0.7612 0.1467 0.5859 0.7338 4.0818 -0.1706 0.1706 0.3117 0 0
48 409 2415 0 0 0 0 0 1.0002 0 0.93 0.0576 0.0924 0.1118 0.7163 0.9908 0.1523 0.2254 0.2552 1.6939 0.7742 0.0874 0.5887 0.744 4.3635 -0.0427 0.0427 0.2546 0 0
48 410 2498 0 0 0 0 0 1.0002 0 0.8878 0.0397 0.1043 0.1229 0.7169 0.9949 0.0532 0.1061 0.1366 1.2265 0.8129 0.1037 0.5232 0.68 4.4646 -0.0226 0.0226 0.2415 0 0
48 411 2509 0 0 0 0 0 1.0005 0 0.9442 0.0434 0.1575 0.2011 1.1101 0.9912 0.0877 0.1566 0.1968 2.4112 0.7681 0.0659 0.5561 0.7224 4.2951 -0.0868 0.0868 0.2539 0 0
48 412 2495 0 0 0 0 0 1.0011 0 0.924 0.0795 0.1702 0.1965 0.9511 0.9664 -0.0181 0.2261 0.2904 2.0095 0.7914 -0.0186 0.5639 0.7481 4.3529 0.0314 0.0314 0.2275 0 0
48 413 2493 0 0 0 0 0 1.0006 0 0.9732 0.0424 0.0481 0.0614 0.6306 0.9949 0.1207 0.1248 0.1803 1.526 0.7789 0.0715 0.5717 0.7423 4.396 -0.0412 0.0412 0.2745 0 0
48 414 2623 0 0 0 0 0 1.0009 0 0.9548 0.0617 0.1022 0.1275 0.7778 0.9969 0.0874 0.1142 0.1368 1.846 0.8488 0.148 0.4998 0.6421 4.1789 0.0142 0.0142 0.2307 0 0
48 415 2600 0 0 0 0 0 1.0007 0 0.8847 0.0688 0.1673 0.1778 0.8555 0.9878 0.0349 0.1513 0.1821 1.672 0.8277 0.0219 0.5308 0.678 4.0137 -0.1453 0.1453 0.2612 0 0
48 416 3645 0 0 0 0 0 1.0009 0 0.9218 -0.0214 0.1055 0.1342 0.7285 0.9931 0.0643 0.129 0.1537 1.5647 0.8462 0.0982 0.511 0.6547 4.458 0.1086 0.1086 0.2203 0 0
48 417 2661 0 0 0 0 0 1.0007 0 0.6053 -0.0052 0.1016 0.1209 0.6068 0.9941 -0.041 0.096 0.1128 0.94 0.8282 -0.0657 0.5071 0.6433 4.4524 -0.0012 0.0012 0.2203 0 0
48 418 3101 0 0 0 0 0 1.0005 0 0.8386 0.0305 0.1079 0.1292 0.6724 0.9925 -0.0982 0.1326 0.1866 1.0301 0.8557 -0.005 0.4999 0.6375 4.3446 0.0155 0.0155 0.2163 0 0
48 419 2620 0 0 0 0 0 1.0008 0 0.803 -0.0148 0.1129 0.1422 0.7247 0.9928 0.041 0.1491 0.2174 2.5422 0.7834 -0.0893 0.5829 0.7532 4.4665 0.0966 0.0966 0.2481 0 0
48 420 2427 0 0 0 0 0 1.0004 0 0.1457 -0.1769 0.1823 0.2331 0.6625 0.9943 -0.2792 0.3644 0.5055 4.5564 0.7815 -0.0257 0.5078 0.6604 4.2023 -0.0358 0.0358 0.3074 0 0
48 421 4539 0 0 0 0 0 1.0007 0 0.9955 0.0079 0.0844 0.0962 1.1039 0.9935 0.1498 0.1609 0.2227 1.3534 0.8703 0.1787 0.4738 0.641 4.4158 0.0457 0.0457 0.2109 0 0
48 422 3088 0 0 0 0 0 1.0003 0 0.7113 -0.1318 0.1632 0.2145 0.7973 0.9915 -0.068 0.2263 0.3141 2.9962 0.7846 0.067 0.5403 0.6966 4.3585 0.0571 0.0571 0.2458 0 0
48 423 2490 0 0 0 0 0 1.0004 0 0.8894 -0.1405 0.173 0.1845 0.7244 0.9882 -0.1129 0.3815 0.5448 5.9925 0.7872 0.1876 0.5704 0.7264 4.2676 0.0436 0.0436 0.2637 0 0
48 424 3247 0 0 0 0 0 1.0002 0 0.7569 -0.0536 0.0691 0.0939 0.6084 0.9973 0.122 0.1322 0.1544 1.6129 0.821 0.0983 0.5466 0.6944 4.4451 0.0791 0.0791 0.2028 0 0
48 425 2564 0 0 0 0 0 1.0004 0 0.5378 -0.1081 0.1984 0.2706 0.6506 0.9923 -0.003 0.2632 0.3521 3.2592 0.8202 -0.0204 0.5155 0.6562 4.5128 0.0287 0.0287 0.2342 0 0
48 426 2483 0 0 0 0 0 1.0003 0 0.9356 -0.0546 0.0933 0.1061 0.7307 0.9972 0.0314 0.0943 0.1284 1.5542 0.8412 -0.0071 0.4953 0.6344 4.2923 -0.0505 0.0505 0.2359 0 0
48 427 2488 0 0 0 0 0 1.0002 0 0.8537 0.0266 0.1071 0.163 0.8163 0.9939 -0.0465 0.1424 0.1895 2.5309 0.8081 0.0113 0.518 0.6569 4.2713 -0.0883 0.0883 0.2858 0 0
48 428 2694 0 0 0 0 0 1.0013 0 0.6676 -0.0914 0.1658 0.183 0.7128 0.9934 -0.1247 0.2211 0.2495 2.1795 0.8154 -0.256 0.572 0.7232 4.6068 0.0801 0.0801 0.2349 0 0
48 429 2418 0 0 0 0 0 1.0008 0 0.9396 0.0174 0.1023 0.1334 0.9585 0.9951 -0.1151 0.1341 0.1761 1.6737 0.8142 -0.1062 0.5186 0.6671 4.4642 -0.0518 0.0518 0.2515 0 0
48 430 2539 0 0 0 0 0 1.0008 0 0.9762 0.0333 0.0661 0.112 0.8831 0.9956 -0.0542 0.1186 0.1425 2.562 0.809 0.0362 0.5568 0.7046 4.3603 0.0041 0.0041 0.2422 0 0
48 431 2559 0 0 0 0 0 1.0003 0 0.8925 0.0363 0.0934 0.1034 0.6711 0.991 0.2304 0.2588 0.3073 1.993 0.8256 0.2064 0.5597 0.702 4.1628 -0.0416 0.0416 0.258 0 0
48 432 2703 0 0 0 0 0 1.0004 0 0.6264 -0.0589 0.1799 0.2182 0.6775 0.9855 -0.0758 0.2171 0.3916 3.4991 0.8159 -0.0295 0.5152 0.6685 4.3442 -0.0148 0.0148 0.2391 0 0
48 433 2601 0 0 0 0 0 1.0013 0 0.9707 -0.0324 0.1576 0.2008 1.0281 0.9944 -0.1659 0.2547 0.2998 3.1383 0.8067 -0.1823 0.5718 0.7158 4.2303 -9e-04 9e-04 0.2663 0 0
48 434 2437 0 0 0 0 0 1.0004 0 0.7321 0.0327 0.0926 0.1251 0.6617 0.977 -0.1378 0.2629 0.3198 1.4354 0.8085 -0.1198 0.5358 0.6785 4.4035 -0.0374 0.0374 0.2568 0 0
48 435 2671 0 0 0 0 0 1.0006 0 0.9256 0.0615 0.0923 0.1442 0.7297 0.994 -0.0701 0.1133 0.1454 1.6721 0.8488 -0.0024 0.4809 0.5992 4.0392 -0.0078 0.0078 0.2163 0 0
48 436 2542 0 0 0 0 0 1.0006 0 0.764 -0.0576 0.154 0.1981 0.7007 0.9534 -0.3733 0.4004 0.8142 6.7034 0.796 -0.1297 0.5499 0.6973 4.1108 -0.036 0.036 0.2611 0 0
48 437 2540 0 0 0 0 0 1.0005 0 0.9401 0.0457 0.1225 0.1694 0.7858 0.9849 -0.0579 0.1763 0.2142 1.9212 0.8359 -0.0593 0.4944 0.635 4.3332 -0.0264 0.0264 0.2352 0 0
48 438 3382 0 0 0 0 0 1.0004 0 0.7912 -0.0134 0.1138 0.1461 0.6384 0.9937 -0.0183 0.1635 0.1976 2.338 0.8513 -0.0297 0.4954 0.6418 4.757 0.0796 0.0796 0.2102 0 0
48 439 2727 0 0 0 0 0 1.0005 0 0.8731 -0.0692 0.1058 0.1318 0.7088 0.9947 0.1737 0.2015 0.2626 2.0923 0.8113 0.1198 0.513 0.6623 4.4758 0.0079 0.0079 0.2501 0 0
48 440 2453 0 0 0 0 0 1.0004 0 0.6529 -0.052 0.1685 0.2432 0.9125 0.9856 -0.1765 0.2308 0.3519 3.5622 0.8007 0.0358 0.555 0.6986 4.3889 -0.0274 0.0274 0.2733 0 0
48 441 2617 0 0 0 0 0 1.0008 0 0.8835 0.0459 0.117 0.1335 0.7365 0.9971 0.0062 0.0996 0.1165 1.1612 0.837 0.0723 0.5165 0.6661 4.4695 0.0172 0.0172 0.2264 0 0
48 442 2391 0 0 0 0 0 1.0003 0 0.9543 -0.0533 0.088 0.1051 0.809 0.9907 -0.0153 0.13 0.1721 1.854 0.7495 -0.0054 0.5599 0.7061 4.3073 -0.0382 0.0382 0.2742 0 0
48 443 2467 0 0 0 0 0 1.0002 0 0.964 -0.1694 0.1769 0.197 0.931 0.9908 0.2038 0.2785 0.3725 2.6613 0.7528 0.0769 0.5521 0.7357 4.3528 -0.0217 0.0217 0.2654 0 0
48 444 2423 0 0 0 0 0 1.0004 0 0.7722 -0.028 0.1461 0.161 0.7176 0.9766 0.0677 0.2833 0.3844 2.8109 0.7412 0.1584 0.6224 0.8107 4.4551 0.0551 0.0551 0.2468 0 0
48 445 2451 0 0 0 0 0 1.0003 0 0.915 0.07 0.1067 0.1608 0.8345 0.9933 -0.0079 0.0992 0.1328 1.4219 0.8082 0.0272 0.5283 0.6928 4.3786 -0.0415 0.0415 0.2356 0 0
48 446 2706 0 0 0 0 0 1.0012 0 0.9741 0.0071 0.067 0.0847 0.6889 0.9945 0.0663 0.1128 0.1316 1.367 0.8496 0.1043 0.5013 0.6447 4.3715 0.0274 0.0274 0.2215 0 0
48 447 2549 0 0 0 0 0 1.0004 0 0.9699 -0.1418 0.1596 0.2364 0.6503 0.9945 0.0435 0.1261 0.1682 1.3963 0.8124 0.0293 0.4911 0.637 4.2909 -0.0423 0.0423 0.2549 0 0
48 448 2471 0 0 0 0 0 1.0005 0 0.9684 0.1204 0.144 0.1638 0.8924 0.9899 0.0092 0.235 0.3019 2.5752 0.7793 -0.0826 0.5959 0.7568 4.2153 -0.0754 0.0754 0.2676 0 0
48 449 2497 0 0 0 0 0 1.0004 0 0.8002 -0.0902 0.0938 0.1187 0.6446 0.9945 -0.036 0.1733 0.2248 2.2102 0.7656 0.008 0.5508 0.7049 4.3495 -0.0342 0.0342 0.302 0 0
48 450 2594 0 0 0 0 0 1.0004 0 0.9612 -0.0862 0.0876 0.1273 0.7782 0.9788 -0.0739 0.1701 0.2958 2.6582 0.8338 -0.0566 0.4746 0.6071 4.3488 -0.0121 0.0121 0.2428 0 0
48 451 2494 0 0 0 0 0 1.0004 0 0.8217 -0.0857 0.1434 0.1925 0.825 0.9772 -0.0973 0.2371 0.3188 2.1676 0.7822 -0.0797 0.5244 0.6666 4.1206 -0.1569 0.1569 0.3294 0 0
48 452 2546 0 0 0 0 0 1.0002 0 0.8738 -0.0058 0.1206 0.1267 0.6624 0.9921 -0.1687 0.2808 0.3098 4.0477 0.7773 -0.2349 0.5513 0.7164 4.3151 -0.0649 0.0649 0.2572 0 0
48 453 2436 0 0 0 0 0 1.0009 0 0.9264 -0.0336 0.0753 0.0857 0.6116 0.9846 0.0741 0.1856 0.2446 2.2272 0.8201 0.0475 0.5487 0.6844 4.4441 0.0061 0.0061 0.2443 0 0
48 454 2594 0 0 0 0 0 1.0003 0 0.9342 0.0232 0.0614 0.0899 0.6606 0.9926 0.0896 0.1313 0.1617 1.6137 0.8147 0.0456 0.5247 0.6796 4.4847 -0.0312 0.0312 0.2487 0 0
48 455 2474 0 0 0 0 0 1.0006 0 0.9357 -0.0062 0.0577 0.0674 0.6761 0.9877 0.0707 0.2031 0.2318 2.5093 0.8032 0.085 0.5829 0.752 4.5594 0.0581 0.0581 0.2377 0 0
48 456 3018 0 0 0 0 0 1.0004 0 0.7785 0.0752 0.1056 0.1437 0.6827 0.9975 0.0916 0.117 0.151 0.868 0.8546 0.0179 0.5005 0.6428 4.3953 0.0469 0.0469 0.2102 0 0
48 457 2368 0 0 0 0 0 1.0005 0 0.0249 -0.1242 0.2189 0.243 0.702 0.9648 -0.0273 0.2791 0.343 2.5463 0.7398 0.0676 0.5626 0.7234 4.231 -0.0655 0.0655 0.2981 0 0
48 458 2503 0 0 0 0 0 1.0005 0 0.9381 -0.0511 0.1095 0.1487 0.7834 0.9807 -0.3049 0.3317 0.4605 2.9712 0.7926 -0.1864 0.5519 0.7035 4.1204 -0.0395 0.0395 0.2516 0 0
48 459 2579 0 0 0 0 0 1.0004 0 0.8701 -0.1239 0.2128 0.2276 0.8982 0.9837 -0.2839 0.3404 0.3831 2.1902 0.8131 -0.2618 0.5468 0.6753 4.1865 -0.0254 0.0254 0.2433 0 0
48 460 2488 0 0 0 0 0 1.0002 0 0.7442 -0.0519 0.1263 0.1313 0.6325 0.9837 0.0255 0.2111 0.2495 1.7387 0.7918 0.0434 0.5376 0.6919 4.3942 0.0114 0.0114 0.2511 0 0
48 461 2442 0 0 0 0 0 1.0021 0 0.9642 0.0256 0.0547 0.0832 0.7256 0.9954 -0.1694 0.1772 0.2388 2.1508 0.8015 -0.0695 0.5207 0.6731 4.3682 -0.0218 0.0218 0.2526 0 0
48 462 2461 0 0 0 0 0 1.0004 0 0.8593 0.0788 0.1732 0.2091 1.0837 0.9959 -0.0082 0.1792 0.2216 2.1308 0.8026 0.0182 0.5311 0.6891 4.2006 -0.104 0.104 0.2427 0 0
48 463 2500 0 0 0 0 0 1.0009 0 0.9121 -0.0296 0.1114 0.126 0.8081 0.9954 -0.1352 0.1738 0.1979 2.3249 0.7901 -0.1104 0.542 0.7002 4.2106 -0.1008 0.1008 0.2575 0 0
48 464 2442 0 0 0 0 0 1.0005 0 0.931 -0.0122 0.0626 0.0776 0.6861 0.997 -0.14 0.1636 0.1822 2.1907 0.7845 -0.0937 0.536 0.6722 4.3631 -0.0404 0.0404 0.2808 0 0
48 465 2615 0 0 0 0 0 1.0008 0 0.9002 -0.0387 0.0753 0.0964 0.6786 0.9948 -0.0521 0.1217 0.1393 1.3216 0.8134 -0.0717 0.518 0.6897 4.3292 0.0143 0.0143 0.2353 0 0
48 466 2556 0 0 0 0 0 1.0006 0 0.9927 -0.0679 0.0894 0.097 0.8971 0.9947 -0.0053 0.1134 0.1478 1.5073 0.8354 -0.0413 0.4521 0.6027 4.0684 -0.0523 0.0523 0.2386 0 0
48 467 2677 0 0 0 0 0 1.0012 0 0.4311 -0.0307 0.1336 0.1597 0.6797 0.9927 -0.0364 0.1558 0.1772 1.8521 0.8112 0.1137 0.5582 0.714 4.4702 0.0865 0.0865 0.2545 0 0
48 468 2351 0 0 0 0 0 1.0006 0 0.7774 -0.0066 0.1826 0.1949 0.6887 0.9786 -0.1006 0.2482 0.3539 5.4289 0.7738 -0.0814 0.5811 0.7371 4.4651 -0.0101 0.0101 0.255 0 0
48 469 2443 0 0 0 0 0 1.0005 0 0.8286 0.096 0.1577 0.1774 0.7099 0.9955 0.0265 0.1119 0.1363 1.7293 0.7955 0.0505 0.5544 0.7223 4.2596 -0.0772 0.0772 0.2788 0 0
48 470 2422 0 0 0 0 0 1.0004 0 0.7696 0.0596 0.1837 0.2236 0.8706 0.985 0.0655 0.25 0.323 2.8839 0.7874 2e-04 0.5543 0.7159 4.2695 -0.0717 0.0717 0.2679 0 0
48 471 2685 0 0 0 0 0 1.0004 0 0.805 -0.0201 0.1364 0.1797 0.6849 0.9948 0.1638 0.245 0.2913 2.1665 0.8055 0.2139 0.5754 0.7378 4.1873 0.0613 0.0613 0.2317 0 0
48 472 2491 0 0 0 0 0 1.0009 0 0.5507 0.0479 0.1349 0.1633 0.6833 0.9919 -0.0344 0.1569 0.194 1.9974 0.813 -0.0448 0.5289 0.6734 4.2866 -0.047 0.047 0.2518 0 0
48 473 2500 0 0 0 0 0 1.0002 0 0.6981 -0.0033 0.1255 0.1589 0.6698 0.9799 -0.0188 0.1428 0.2068 2.0247 0.7827 -0.0796 0.5494 0.7139 4.2746 -0.0089 0.0089 0.2634 0 0
48 474 2649 0 0 0 0 0 1.0005 0 0.9958 0.0406 0.1017 0.1429 0.8829 0.995 0.023 0.1102 0.1675 2.9025 0.8454 0.0334 0.501 0.6369 4.0744 -0.0222 0.0222 0.2244 0 0
48 475 2897 0 0 0 0 0 1.0007 0 0.8004 -0.1323 0.1989 0.2753 0.8781 0.993 0.2158 0.2436 0.4374 5.451 0.861 0.0516 0.4616 0.5987 4.3967 0.0015 0.0015 0.2123 0 0
48 476 2724 0 0 0 0 0 1.0002 0 0.7295 -0.1577 0.2825 0.3786 0.7571 0.9925 -0.0899 0.2328 0.3061 2.1105 0.778 -0.1146 0.5418 0.7207 4.4583 0.0326 0.0326 0.2332 0 0
48 477 2461 0 0 0 0 0 1.0003 0 0.9579 0.2275 0.2275 0.2887 0.9173 0.9925 -0.0545 0.179 0.2275 1.1768 0.7638 -5e-04 0.6297 0.8028 4.3233 -0.071 0.071 0.2415 0 0
48 478 2497 0 0 0 0 0 1.0005 0 0.9619 -0.0364 0.1186 0.1501 0.7676 0.993 -0.001 0.1308 0.1682 2.0609 0.7883 0.0091 0.5634 0.7168 4.4897 0.0283 0.0283 0.2499 0 0
48 479 2437 0 0 0 0 0 1.0002 0 0.8586 0.0673 0.149 0.1708 0.7394 0.9892 -0.0013 0.1536 0.2044 1.6454 0.817 0.0118 0.5028 0.6451 4.197 -0.094 0.094 0.2412 0 0
48 480 2431 0 0 0 0 0 1.0005 0 0.9795 0.0708 0.0775 0.1038 0.7376 0.9983 0.0186 0.0946 0.1283 1.6492 0.8119 0.0131 0.5676 0.7342 4.3889 -0.0217 0.0217 0.2482 0 0
48 481 2787 0 0 0 0 0 1.0003 0 0.9509 0.0616 0.0736 0.1008 0.6517 0.9902 -0.3091 0.3217 0.3957 1.7142 0.8569 -0.2471 0.5338 0.6754 4.3127 0.0827 0.0827 0.1956 0 0
48 482 2474 0 0 0 0 0 1.0004 0 0.6769 -0.0636 0.1289 0.1538 0.6437 0.9925 0.0821 0.1124 0.1544 1.8458 0.8083 0.0158 0.5635 0.7294 4.3335 -0.0488 0.0488 0.2608 0 0
48 483 2583 0 0 0 0 0 1.0018 0 0.8025 -0.0873 0.1616 0.1848 0.7333 0.9742 0.2962 0.3602 0.4035 1.7518 0.774 0.2922 0.6365 0.8112 4.466 0.0816 0.0816 0.2505 0 0
48 484 2488 0 0 0 0 0 1.0007 0 0.9712 0.0088 0.0625 0.0799 0.7842 0.9947 0.0521 0.0907 0.1355 2.2047 0.8135 0.0757 0.5176 0.6548 4.3273 -0.0496 0.0496 0.2643 0 0
48 485 2494 0 0 0 0 0 1.0007 0 0.9013 0.0674 0.0814 0.0993 0.6829 0.9958 0.0205 0.1076 0.134 1.3903 0.8102 0.0166 0.5351 0.6815 4.2824 -0.0585 0.0585 0.2514 0 0
48 486 2582 0 0 0 0 0 1.0006 0 0.8692 -0.0213 0.1069 0.1469 0.8193 0.9957 -0.034 0.0945 0.1255 1.3155 0.8337 -0.0514 0.5023 0.6517 4.2883 -0.028 0.028 0.2277 0 0
48 487 2572 0 0 0 0 0 1.0005 0 0.9143 -0.0031 0.0827 0.0925 0.6709 0.9908 0.1912 0.2036 0.251 1.5821 0.8249 0.1908 0.5633 0.6843 4.0991 -0.0145 0.0145 0.2434 0 0
48 488 2647 0 0 0 0 0 1.0003 0 0.8709 0.0136 0.1133 0.1285 0.7559 0.9955 -0.1611 0.1796 0.2402 1.8585 0.824 -0.0932 0.5299 0.6837 4.2595 -0.007 0.007 0.2214 0 0
48 489 2426 0 0 0 0 0 1.0012 0 0.9904 0.0452 0.0452 0.0552 0.8135 0.9885 -0.0484 0.1403 0.1682 2.0168 0.7827 -0.0857 0.566 0.7124 4.332 -0.0491 0.0491 0.2817 0 0
48 490 2523 0 0 0 0 0 1.0004 0 0.5388 0.0269 0.2364 0.2424 0.7293 0.9775 -0.1595 0.2345 0.2872 1.9742 0.764 -0.1193 0.5539 0.6889 4.2665 -0.1542 0.1542 0.2985 0 0
48 491 2483 0 0 0 0 0 1.0002 0 0.884 -0.0664 0.1305 0.1412 0.6749 0.9908 -0.0908 0.2168 0.2768 2.3099 0.8152 -0.0403 0.5088 0.6545 4.3254 0.0014 0.0014 0.2345 0 0
48 492 2495 0 0 0 0 0 1.0001 0 0.6727 0.0455 0.0882 0.1088 0.6079 0.9929 0.0271 0.1162 0.151 1.5961 0.7957 -0.0044 0.5202 0.6611 4.1939 -0.0187 0.0187 0.2557 0 0
48 493 2873 0 0 0 0 0 1.0005 0 0.9181 -0.0297 0.0744 0.0942 0.5927 0.9934 0.1446 0.15 0.1903 0.991 0.8013 0.0782 0.5419 0.7082 4.405 0.0629 0.0629 0.2264 0 0
48 494 2510 0 0 0 0 0 1.0007 0 0.932 -0.0289 0.108 0.1255 0.7873 0.991 0.1434 0.162 0.215 1.6941 0.8123 0.1755 0.5145 0.6739 4.0493 -0.0708 0.0708 0.2576 0 0
48 495 2450 0 0 0 0 0 1.0004 0 0.8773 0.0049 0.152 0.1761 0.7165 0.9915 -0.0966 0.1488 0.1832 1.1174 0.8114 0.0056 0.5371 0.6981 4.3387 -0.0273 0.0273 0.237 0 0
48 496 2490 0 0 0 0 0 1.0006 0 0.7138 -6e-04 0.1547 0.1683 0.7588 0.9949 -0.0152 0.1383 0.1674 2.4254 0.8259 -0.0724 0.4882 0.6243 4.1899 -0.0459 0.0459 0.2552 0 0
48 497 2471 0 0 0 0 0 1.0006 0 0.8273 0.072 0.1486 0.194 0.8662 0.9835 -0.0494 0.135 0.1706 1.4999 0.8165 -0.0123 0.5084 0.6495 4.1874 -0.1957 0.1957 0.2776 0 0
48 498 2552 0 0 0 0 0 1.0004 0 0.8732 -0.0168 0.0555 0.0832 0.719 0.9975 0.1873 0.1999 0.2329 1.9826 0.7933 0.1381 0.5575 0.7106 4.3541 -0.0033 0.0033 0.2565 0 0
48 499 2528 0 0 0 0 0 1.0009 0 0.9352 0.0254 0.063 0.0779 0.6948 0.9938 -0.0605 0.119 0.1792 1.6731 0.8112 -0.0319 0.4899 0.6279 4.2181 -0.1456 0.1456 0.2555 0 0
48 500 2380 0 0 0 0 0 1.001 0 0.8479 0.0976 0.145 0.1814 0.8613 0.9962 -0.1754 0.1898 0.2171 1.6578 0.8249 -0.1638 0.5403 0.7067 4.3256 -0.0677 0.0677 0.2577 0 0
