cond r run.time ndiv nbfmi ntree nbulk ntail maxRhat nRhat beta.cor beta.bias beta.abbias beta.rmse beta.CI theta.cor theta.bias theta.abbias theta.rmse theta.CI lambda.bias lambda.abbias lambda.CI corrupt efficiency
15 1 1421 0 0 0 0 0 1.0004 0 0.9722 -0.0027 0.2336 0.3042 1.7912 0.879 -0.0102 0.3581 0.4499 2.2522 -0.0986 0.0986 0.2778 0 0
15 2 1426 0 0 0 0 0 1.0004 0 0.9893 0.0207 0.1806 0.2035 2.0004 0.9002 9e-04 0.3495 0.4423 2.5299 -0.0053 0.0053 0.2549 0 0
15 3 1433 0 0 0 0 0 1.0002 0 0.9942 -0.0089 0.1176 0.1389 1.6871 0.9138 -0.0071 0.3243 0.4084 2.3526 0.0511 0.0511 0.2529 0 0
15 4 1435 0 0 0 0 0 1.0002 0 0.9677 0.0432 0.2238 0.2434 1.3262 0.9047 0.0431 0.3579 0.4515 2.5416 -0.0068 0.0068 0.2296 0 0
15 5 1433 0 0 0 0 0 1.0004 0 0.9882 -0.0967 0.1327 0.1804 1.2073 0.9191 -0.0463 0.3202 0.3985 2.3639 -0.0184 0.0184 0.246 0 0
15 6 1435 0 0 0 0 0 1.0001 0 0.9848 0.0073 0.1357 0.1733 1.239 0.9169 0.0051 0.3133 0.3951 2.4275 -0.0343 0.0343 0.2519 0 0
15 7 1419 0 0 0 0 0 1.0002 0 0.9008 0.2822 0.3236 0.6251 2.7436 0.883 0.1095 0.3929 0.4919 2.7289 0.0209 0.0209 0.2806 0 0
15 8 1449 0 0 0 0 0 1.0005 0 0.9776 0.0194 0.1883 0.2227 1.4091 0.9124 -0.012 0.3356 0.4271 2.4536 0.0379 0.0379 0.2388 0 0
15 9 1431 0 0 0 0 0 1.0005 0 0.9765 0.0486 0.1694 0.2447 1.7028 0.9193 0.0591 0.3249 0.4131 2.3182 0.0352 0.0352 0.2411 0 0
15 10 1453 0 0 0 0 0 1.0002 0 0.9689 0.0641 0.2486 0.389 1.9337 0.924 0.0671 0.3495 0.4402 2.299 0.1119 0.1119 0.2337 0 0
15 11 1227 0 0 0 0 0 1.001 0 0.9857 0.0045 0.1345 0.1652 1.0806 0.9178 0.0627 0.3491 0.4383 2.3957 -0.0781 0.0781 0.242 0 0
15 12 1411 0 0 0 0 0 1.0004 0 0.9807 0.0542 0.1647 0.2901 2.3483 0.9202 0.0474 0.3211 0.3979 2.3479 -0.1028 0.1028 0.2491 0 0
15 13 1428 0 0 0 0 0 1.0002 0 0.9862 -0.026 0.126 0.1528 1.1326 0.9092 -0.0109 0.3154 0.4144 2.4456 -0.0081 0.0081 0.2499 0 0
15 14 1427 0 0 0 0 0 1.0002 0 0.9748 0.0085 0.2389 0.3716 2 0.9194 0.0054 0.3382 0.4272 2.2952 -0.0267 0.0267 0.2629 0 0
15 15 1439 0 0 0 0 0 1.0004 0 0.988 -0.0386 0.1388 0.1682 1.2757 0.9209 -0.067 0.345 0.4409 2.3847 -3e-04 3e-04 0.2473 0 0
15 16 1450 0 0 0 0 0 1.0003 0 0.9813 0.0388 0.1506 0.1883 1.216 0.9214 0.0379 0.3111 0.4067 2.372 -0.0557 0.0557 0.2442 0 0
15 17 1443 0 0 0 0 0 1.0002 0 0.9712 0.209 0.3045 0.4718 2.5042 0.8904 0.0988 0.398 0.5067 2.3724 0.0552 0.0552 0.2658 0 0
15 18 1446 0 0 0 0 0 1.0002 0 0.9799 0.0692 0.173 0.22 1.075 0.9163 0.035 0.3272 0.4119 2.4171 -0.042 0.042 0.2481 0 0
15 19 1429 0 0 0 0 0 1.0002 0 0.9757 -0.161 0.2184 0.2763 1.5004 0.906 -0.128 0.3404 0.4363 2.348 -0.0428 0.0428 0.26 0 0
15 20 1440 0 0 0 0 0 1.0006 0 0.9853 0.0577 0.149 0.192 1.5969 0.9214 0.0568 0.3263 0.4197 2.4154 0.0344 0.0344 0.2366 0 0
15 21 1428 0 0 0 0 0 1.0006 0 0.9864 0.071 0.1268 0.1843 1.4511 0.8943 0.0269 0.3422 0.4432 2.5652 -0.0072 0.0072 0.2564 0 0
15 22 1478 0 0 0 0 0 1.0002 0 0.9833 0.0733 0.1507 0.1754 1.3093 0.9225 0.0923 0.3241 0.4065 2.6171 0.1149 0.1149 0.2314 0 0
15 23 1433 0 0 0 0 0 1.0006 0 0.9802 0.0801 0.1638 0.1945 1.3329 0.9059 0.0853 0.3452 0.4287 2.405 -0.0426 0.0426 0.2575 0 0
15 24 1434 0 0 0 0 0 1.0002 0 0.9875 -0.2296 0.2506 0.3073 2.3872 0.911 -0.1582 0.3719 0.4809 2.4454 -0.0355 0.0355 0.2542 0 0
15 25 1438 0 0 0 0 0 1.0001 0 0.9855 -0.1114 0.2307 0.2921 1.7574 0.9358 -0.1635 0.3522 0.4489 2.4302 0.0556 0.0556 0.2404 0 0
15 26 1269 0 0 0 0 0 1.0004 0 0.9813 -0.0313 0.1814 0.2366 1.3682 0.9049 -0.0724 0.3586 0.4486 2.2899 -0.0165 0.0165 0.2535 0 0
15 27 1431 0 0 0 0 0 1.0001 0 0.9911 -0.0028 0.1259 0.1766 1.7933 0.9072 0.0177 0.3406 0.4385 2.4095 -0.0492 0.0492 0.256 0 0
15 28 1433 0 0 0 0 0 1.0004 0 0.9885 0.1537 0.2075 0.2473 1.5679 0.9074 0.1415 0.3604 0.4584 2.2506 0.001 0.001 0.2521 0 0
15 29 1427 0 0 0 0 0 1.0016 0 0.9752 0.0437 0.2775 0.4183 2.7287 0.8594 -0.0407 0.4207 0.5319 2.3927 -0.0039 0.0039 0.2902 0 0
15 30 1444 0 0 0 0 0 1.0004 0 0.9881 0.1144 0.1786 0.2497 2.0145 0.9042 0.099 0.3658 0.4602 2.1097 0.0315 0.0315 0.2452 0 0
15 31 1447 0 0 0 0 0 1.0008 0 0.9821 -0.0085 0.1766 0.2279 1.3553 0.9292 -0.0147 0.3135 0.396 2.3423 0.1219 0.1219 0.25 0 0
15 32 1426 0 0 0 0 0 1.0002 0 0.9794 -0.0705 0.2003 0.272 1.5719 0.9055 -0.0633 0.3427 0.428 2.2915 -0.0027 0.0027 0.2508 0 0
15 33 1451 0 0 0 0 0 1.0003 0 0.9864 -0.0137 0.1622 0.226 1.9642 0.8919 0.0419 0.3648 0.4618 2.3599 0.0364 0.0364 0.248 0 0
15 34 1461 0 0 0 0 0 1.0002 0 0.9882 0.0146 0.1322 0.1826 2.0949 0.9249 0.0423 0.3388 0.4197 2.5143 0.0256 0.0256 0.2441 0 0
15 35 1438 0 0 0 0 0 1.0004 0 0.9861 0.0692 0.1518 0.2011 1.3332 0.9181 0.0551 0.3333 0.4236 2.3905 0.023 0.023 0.236 0 0
15 36 1456 0 0 0 0 0 1.0004 0 0.9844 0.0491 0.1865 0.239 1.2115 0.9242 0.0719 0.3486 0.4589 2.3545 -0.0758 0.0758 0.2366 0 0
15 37 1424 0 0 0 0 0 1.0002 0 0.9934 0.027 0.1227 0.1577 1.4378 0.9178 -0.0202 0.3336 0.4186 2.405 -0.0916 0.0916 0.2522 0 0
15 38 1452 0 0 0 0 0 1.0004 0 0.9728 0.0758 0.1736 0.2222 1.0926 0.919 0.0861 0.3258 0.4084 2.3325 0.0189 0.0189 0.2374 0 0
15 39 1447 0 0 0 0 0 1.0009 0 0.9791 0.0364 0.1559 0.1868 1.4096 0.9219 0.0121 0.3089 0.3908 2.4387 0.074 0.074 0.2425 0 0
15 40 1456 0 0 0 0 0 1.0004 0 0.9827 0.0785 0.1564 0.2097 1.2178 0.9112 0.0317 0.3599 0.445 2.5858 -0.0297 0.0297 0.2491 0 0
15 41 1442 0 0 0 0 0 1.0008 0 0.9777 -0.016 0.1924 0.2789 2.3249 0.8988 0.0346 0.3345 0.4262 2.4197 -0.0403 0.0403 0.2629 0 0
15 42 1440 0 0 0 0 0 1.0003 0 0.9786 0.1226 0.2555 0.3471 1.9645 0.8986 0.0929 0.3692 0.4608 2.2528 0.0172 0.0172 0.2454 0 0
15 43 1442 0 0 0 0 0 1.0006 0 0.9821 0.0113 0.1544 0.2366 1.9693 0.9026 0.0061 0.3393 0.4332 2.5515 -0.033 0.033 0.2681 0 0
15 44 1428 0 0 0 0 0 1.0004 0 0.9808 0.0561 0.1421 0.1706 1.3763 0.9187 -6e-04 0.3141 0.4008 2.4482 -0.0056 0.0056 0.2475 0 0
15 45 1441 0 0 0 0 0 1.0001 0 0.9554 -0.1798 0.2378 0.3137 1.3037 0.9088 -0.1259 0.3532 0.4357 2.4196 0.0132 0.0132 0.2498 0 0
15 46 1435 0 0 0 0 0 1.0004 0 0.9671 -0.0887 0.2166 0.2976 1.2371 0.9184 -0.0484 0.3388 0.4168 2.5073 -0.0299 0.0299 0.2522 0 0
15 47 1443 0 0 0 0 0 1.0003 0 0.9712 0.1007 0.2367 0.303 1.5329 0.9111 0.0643 0.3469 0.4447 2.4079 0.0172 0.0172 0.2454 0 0
15 48 1459 0 0 0 0 0 1.0001 0 0.993 -0.0245 0.1165 0.1569 1.5028 0.9089 -0.0434 0.341 0.4335 2.4578 0.0249 0.0249 0.2409 0 0
15 49 1432 0 0 0 0 0 1.0001 0 0.9841 0.0975 0.1663 0.2004 1.63 0.9113 0.0473 0.3425 0.4306 2.4807 -0.0163 0.0163 0.2468 0 0
15 50 1443 0 0 0 0 0 1.0004 0 0.9882 -0.0627 0.1547 0.1901 1.4171 0.9033 -0.0506 0.342 0.4317 2.4757 0.0088 0.0088 0.2543 0 0
15 51 1444 0 0 0 0 0 1.0004 0 0.9848 -0.1218 0.1598 0.2249 1.3224 0.9188 -0.0612 0.3329 0.4222 2.4181 0.0585 0.0585 0.241 0 0
15 52 1436 0 0 0 0 0 1.0001 0 0.9852 0.0119 0.1536 0.1946 2.123 0.9077 -0.0037 0.3329 0.4348 2.5088 -0.0238 0.0238 0.2604 0 0
15 53 1459 0 0 0 0 0 1.0003 0 0.9673 -0.0812 0.19 0.2606 1.6548 0.9157 -0.0108 0.3218 0.4148 2.6202 0.0893 0.0893 0.2449 0 0
15 54 1447 0 0 0 0 0 1.0004 0 0.9825 -0.0656 0.1764 0.2181 1.2391 0.9146 -0.0082 0.3462 0.441 2.5229 0.0189 0.0189 0.2403 0 0
15 55 1451 0 0 0 0 0 1.0005 0 0.9726 -0.0695 0.1794 0.2167 1.167 0.9302 -0.068 0.3137 0.3925 2.4191 0.0803 0.0803 0.229 0 0
15 56 1425 0 0 0 0 0 1.0004 0 0.9852 0.0207 0.1257 0.174 1.3098 0.9185 0.0369 0.3136 0.3967 2.4444 -0.0248 0.0248 0.246 0 0
15 57 1446 0 0 0 0 0 1.0002 0 0.9785 -0.0345 0.154 0.1931 1.191 0.9212 -0.0047 0.3171 0.4018 2.361 0.0155 0.0155 0.2427 0 0
15 58 1432 0 0 0 0 0 1.0011 0 0.984 0.0105 0.1539 0.1983 1.4414 0.8993 0.0102 0.342 0.4258 2.3621 -0.0585 0.0585 0.2516 0 0
15 59 1470 0 0 0 0 0 1.0001 0 0.9671 -0.1311 0.2274 0.2911 1.096 0.9361 -0.036 0.3256 0.4124 2.5615 0.0226 0.0226 0.2347 0 0
15 60 1433 0 0 0 0 0 1.0005 0 0.9818 -0.0254 0.2202 0.2888 2.6203 0.8862 0.0333 0.3516 0.4441 2.1595 -0.0781 0.0781 0.2665 0 0
15 61 1465 0 0 0 0 0 1.0001 0 0.99 -0.1399 0.1662 0.1997 1.5701 0.9137 -0.1243 0.3531 0.4406 2.5214 0.0302 0.0302 0.2389 0 0
15 62 1444 0 0 0 0 0 1.0005 0 0.9831 -7e-04 0.1609 0.2287 1.4901 0.9225 0.0447 0.332 0.4361 2.4895 -0.0446 0.0446 0.2527 0 0
15 63 1245 0 0 0 0 0 1.0003 0 0.9769 -0.1959 0.2503 0.3107 1.3081 0.9122 -0.1771 0.3494 0.4422 2.324 -0.1704 0.1704 0.2636 0 0
15 64 1438 0 0 0 0 0 1.0001 0 0.9761 -0.0981 0.1749 0.2996 2.0441 0.9051 -0.0623 0.3462 0.444 2.3273 -0.0229 0.0229 0.2517 0 0
15 65 1417 0 0 0 0 0 1.0004 0 0.9803 -0.0546 0.2066 0.2848 1.8403 0.9013 -0.0718 0.3348 0.4261 2.2658 -0.1021 0.1021 0.2597 0 0
15 66 1434 0 0 0 0 0 1.0007 0 0.9857 -0.0461 0.1792 0.2126 2.0884 0.9141 -0.0627 0.3236 0.42 2.3903 -0.0195 0.0195 0.2537 0 0
15 67 1446 0 0 0 0 0 1.0002 0 0.9946 -0.0796 0.1288 0.1661 1.6719 0.9098 -0.0756 0.3352 0.4137 2.3293 0.0011 0.0011 0.2533 0 0
15 68 1447 0 0 0 0 0 1.0005 0 0.9808 -0.1522 0.1927 0.2636 1.6094 0.8966 -0.1198 0.3508 0.45 2.449 0.0052 0.0052 0.2549 0 0
15 69 1458 0 0 0 0 0 1.0003 0 0.9579 -0.1229 0.2676 0.3639 1.4218 0.9225 -0.1231 0.3346 0.4186 2.4626 0.0376 0.0376 0.2514 0 0
15 70 1435 0 0 0 0 0 1.0004 0 0.9789 -0.0277 0.1996 0.2398 1.3726 0.8963 -0.0085 0.3499 0.4355 2.2966 -0.0318 0.0318 0.2495 0 0
15 71 1441 0 0 0 0 0 1.0004 0 0.9897 0.048 0.1267 0.1717 1.3002 0.898 0.0706 0.3486 0.4326 2.2438 -0.1134 0.1134 0.2614 0 0
15 72 1470 0 0 0 0 0 1.0002 0 0.9779 -0.0781 0.1802 0.2117 1.5536 0.9061 -0.0644 0.3393 0.4337 2.4914 -0.0013 0.0013 0.2391 0 0
15 73 1437 0 0 0 0 0 1.0003 0 0.9874 0.0175 0.1114 0.1417 1.1608 0.9168 0.0268 0.3263 0.4044 2.4372 -0.0364 0.0364 0.2422 0 0
15 74 1393 0 0 0 0 0 1.0006 0 0.9694 0.0227 0.2123 0.311 1.7405 0.9025 0.0304 0.3504 0.4404 2.3564 -0.0092 0.0092 0.2512 0 0
15 75 1455 0 0 0 0 0 1.0011 0 0.9923 -0.043 0.1229 0.1413 1.4616 0.9252 -0.0789 0.3483 0.4447 2.6799 0.0847 0.0847 0.2432 0 0
15 76 1428 0 0 0 0 0 1.0001 0 0.9864 -0.0487 0.2143 0.2636 1.795 0.8922 0.012 0.3569 0.4406 2.419 -0.0706 0.0706 0.2595 0 0
15 77 1446 0 0 0 0 0 1.0001 0 0.9845 0.1367 0.1802 0.2724 1.8354 0.9182 0.0566 0.3252 0.413 2.491 0.0262 0.0262 0.2441 0 0
15 78 1431 0 0 0 0 0 1.0002 0 0.9711 -0.0514 0.1888 0.3021 1.5459 0.908 -0.0606 0.3387 0.429 2.2578 -0.0703 0.0703 0.2596 0 0
15 79 1459 0 0 0 0 0 1.0003 0 0.9874 -0.0061 0.1468 0.1902 1.7679 0.9066 0.0206 0.3313 0.4111 2.3195 -0.0128 0.0128 0.2608 0 0
15 80 1431 0 0 0 0 0 1.0003 0 0.9887 -0.0866 0.1431 0.1875 1.2343 0.9197 -0.0563 0.3351 0.4272 2.3608 0.0159 0.0159 0.2517 0 0
15 81 1427 0 0 0 0 0 1.0001 0 0.9862 0.0465 0.1339 0.1683 0.9945 0.9179 0.0384 0.3033 0.3844 2.3236 -0.026 0.026 0.2602 0 0
15 82 1439 0 0 0 0 0 1.0002 0 0.9749 0.1133 0.1747 0.2479 1.3303 0.9079 0.0941 0.3529 0.4482 2.4633 -0.0198 0.0198 0.2483 0 0
15 83 1454 0 0 0 0 0 1.0003 0 0.9715 0.0816 0.1725 0.2154 1.0056 0.925 0.0654 0.3279 0.4147 2.4855 0.0455 0.0455 0.236 0 0
15 84 1439 0 0 0 0 0 1.0002 0 0.948 -0.15 0.2726 0.5676 2.7079 0.9161 0.0085 0.3164 0.4086 2.2513 0.0576 0.0576 0.2606 0 0
15 85 1431 0 0 0 0 0 1.0002 0 0.9731 -0.0329 0.2616 0.3962 2.5657 0.8872 0.0539 0.3715 0.4642 2.2891 0.0512 0.0512 0.2659 0 0
15 86 1440 0 0 0 0 0 1.0005 0 0.9863 0.1979 0.2132 0.2617 1.8034 0.9185 0.1869 0.3659 0.463 2.6096 0.0824 0.0824 0.2466 0 0
15 87 1441 0 0 0 0 0 1.0004 0 0.9909 0.0704 0.1817 0.2544 2.3275 0.9284 0.0075 0.3165 0.4024 2.4172 0.0088 0.0088 0.248 0 0
15 88 1422 0 0 0 0 0 1.0001 0 0.9714 -0.103 0.2376 0.4286 2.1846 0.9022 -0.0067 0.3568 0.4581 2.1563 0.0217 0.0217 0.2627 0 0
15 89 1437 0 0 0 0 0 1.0002 0 0.9762 0.0872 0.165 0.207 1.1532 0.9129 0.0665 0.3201 0.4053 2.36 0.0148 0.0148 0.2566 0 0
15 90 1441 0 0 0 0 0 1.0002 0 0.9876 2e-04 0.1564 0.1892 2.1285 0.9108 0.0136 0.3244 0.4072 2.4105 -0.0347 0.0347 0.2589 0 0
15 91 1446 0 0 0 0 0 1.0002 0 0.9801 0.0161 0.1741 0.2352 2.1254 0.8873 -0.0413 0.3326 0.4208 2.3471 0.0684 0.0684 0.2614 0 0
15 92 1431 0 0 0 0 0 1.0001 0 0.9787 0.1849 0.2697 0.3893 2.2375 0.902 0.1348 0.3711 0.4605 2.3708 -0.0049 0.0049 0.2603 0 0
15 93 1447 0 0 0 0 0 1.0002 0 0.9913 0.1736 0.1999 0.2461 1.6244 0.8822 0.1517 0.379 0.4799 2.4307 0.0328 0.0328 0.264 0 0
15 94 1438 0 0 0 0 0 1.0004 0 0.9772 -0.0525 0.1648 0.2359 1.2309 0.9248 -0.0249 0.3094 0.398 2.3324 0.0701 0.0701 0.2406 0 0
15 95 1444 0 0 0 0 0 1.0002 0 0.9733 -0.1209 0.1931 0.2137 1.0469 0.9274 -0.1266 0.3247 0.4142 2.482 0.033 0.033 0.2318 0 0
15 96 1470 0 0 0 0 0 1.0017 0 0.9698 -0.0276 0.196 0.2246 1.5574 0.9136 0.0084 0.3285 0.4195 2.3812 0.0024 0.0024 0.2479 0 0
15 97 1420 0 0 0 0 0 1.0003 0 0.9645 0.0234 0.1811 0.2563 1.4978 0.9141 0.0207 0.3356 0.4205 2.4118 -0.0376 0.0376 0.2501 0 0
15 98 1439 0 0 0 0 0 1.0002 0 0.9851 -0.1466 0.1914 0.2398 1.9034 0.9186 -0.1506 0.3391 0.4414 2.4162 -0.0185 0.0185 0.254 0 0
15 99 1445 0 0 0 0 0 1.0005 0 0.9819 -0.0535 0.1612 0.1971 1.5428 0.9338 -0.0787 0.3299 0.4072 2.4427 -0.0553 0.0553 0.2424 0 0
15 100 1432 0 0 0 0 0 1.0005 0 0.9855 -0.138 0.2115 0.2402 1.6481 0.9032 -0.1301 0.3324 0.4244 2.405 -0.0436 0.0436 0.2562 0 0
15 101 1438 0 0 0 0 0 1.0001 0 0.9854 -0.0778 0.1955 0.2613 1.4022 0.9293 -0.0149 0.3223 0.4143 2.4542 -0.0518 0.0518 0.2417 0 0
15 102 1436 0 0 0 0 0 1.0003 0 0.9806 0.0092 0.1662 0.2142 1.5755 0.9134 0.0434 0.3547 0.4447 2.4447 -0.1069 0.1069 0.2413 0 0
15 103 1434 0 0 0 0 0 1.0003 0 0.9811 0.1152 0.1952 0.2769 1.743 0.905 0.0483 0.3417 0.4259 2.4461 -0.06 0.06 0.2589 0 0
15 104 1449 0 0 0 0 0 1.0002 0 0.9736 -0.0971 0.2051 0.3209 2.4186 0.8917 -0.0546 0.3609 0.4565 2.4626 0.0502 0.0502 0.2492 0 0
15 105 1441 0 0 0 0 0 1.0008 0 0.9752 -0.079 0.1719 0.2027 1.0681 0.9163 -0.0936 0.3521 0.4383 2.5081 0.0613 0.0613 0.2352 0 0
15 106 1457 0 0 0 0 0 1.0009 0 0.9653 0.0203 0.1753 0.2205 1.3679 0.9213 0.0202 0.3216 0.4071 2.6126 0.1311 0.1311 0.2326 0 0
15 107 1416 0 0 0 0 0 1.0003 0 0.9864 -0.0943 0.1545 0.2206 1.2412 0.9339 -0.12 0.3269 0.4053 2.331 0.0595 0.0595 0.2363 0 0
15 108 1457 0 0 0 0 0 1.0003 0 0.9744 -0.088 0.1792 0.267 1.6866 0.9139 -0.0193 0.3384 0.4316 2.6574 0.1506 0.1506 0.2343 0 0
15 109 1433 0 0 0 0 0 1.0002 0 0.9807 -0.0454 0.1506 0.1866 1.491 0.9075 0.0162 0.3387 0.4266 2.5231 0.0261 0.0261 0.2439 0 0
15 110 1432 0 0 0 0 0 1.0005 0 0.9783 0.1191 0.1716 0.2685 2.0022 0.8876 0.0369 0.3609 0.4569 2.4173 0.0041 0.0041 0.2551 0 0
15 111 1492 0 0 0 0 0 1.0002 0 0.978 -0.1399 0.197 0.2337 1.1109 0.9277 -0.1696 0.348 0.4371 2.6317 0.1185 0.1185 0.2247 0 0
15 112 1429 0 0 0 0 0 1.0004 0 0.9706 0.0643 0.1876 0.2433 1.776 0.9043 0.0159 0.3362 0.4312 2.5173 -0.0967 0.0967 0.2729 0 0
15 113 1439 0 0 0 0 0 1.0004 0 0.974 0.015 0.1673 0.1923 1.0356 0.9125 0.033 0.3381 0.4253 2.4701 -0.0028 0.0028 0.2362 0 0
15 114 1439 0 0 0 0 0 1.0002 0 0.9731 0.1759 0.2416 0.375 2.3405 0.9063 0.1174 0.3553 0.4368 2.4503 0.0457 0.0457 0.2486 0 0
15 115 1452 0 0 0 0 0 1.0005 0 0.982 0.1504 0.2052 0.2276 1.095 0.9169 0.1738 0.3506 0.4426 2.4677 0.0352 0.0352 0.2348 0 0
15 116 1445 0 0 0 0 0 1.0003 0 0.9783 0.0643 0.1896 0.2536 1.4956 0.9169 0.0388 0.3508 0.4382 2.4843 0.0884 0.0884 0.2292 0 0
15 117 1426 0 0 0 0 0 1.0003 0 0.9885 0.0855 0.1965 0.2329 1.5316 0.9022 0.0768 0.3396 0.4458 2.1027 -0.089 0.089 0.2542 0 0
15 118 1449 0 0 0 0 0 1.0004 0 0.9937 0.0995 0.1387 0.1621 1.4655 0.9169 0.0746 0.3323 0.4197 2.4244 0.088 0.088 0.2341 0 0
15 119 1422 0 0 0 0 0 1.0005 0 0.9824 -0.0758 0.1471 0.1805 1.1716 0.904 -0.0523 0.3295 0.4112 2.3534 -0.1765 0.1765 0.2589 0 0
15 120 1455 0 0 0 0 0 1.0005 0 0.9886 0.068 0.158 0.2134 1.3507 0.9084 0.0403 0.3283 0.42 2.3575 -0.05 0.05 0.2636 0 0
15 121 1434 0 0 0 0 0 1.0006 0 0.9892 0.116 0.189 0.2707 1.9357 0.8961 0.0959 0.3716 0.4667 2.3349 -0.0191 0.0191 0.2511 0 0
15 122 1441 0 0 0 0 0 1.0001 0 0.9759 -0.028 0.153 0.2557 1.2513 0.9147 0.059 0.3323 0.4252 2.5319 -0.0136 0.0136 0.2454 0 0
15 123 1444 0 0 0 0 0 1.0003 0 0.9822 -0.02 0.1956 0.2428 1.4251 0.9171 -0.0313 0.3304 0.4211 2.4862 0.0373 0.0373 0.2421 0 0
15 124 1428 0 0 0 0 0 1.0003 0 0.9724 0.0337 0.1786 0.285 1.7366 0.9036 0.0019 0.3754 0.4824 2.2901 -0.0156 0.0156 0.2458 0 0
15 125 1448 0 0 0 0 0 1.0002 0 0.9817 0.0283 0.1638 0.226 1.43 0.9077 0.0072 0.3496 0.4482 2.389 0.047 0.047 0.2377 0 0
15 126 1433 0 0 0 0 0 1.0002 0 0.9738 0.0167 0.2451 0.3518 2.0112 0.9053 -0.0298 0.3835 0.4758 2.5837 -0.0201 0.0201 0.263 0 0
15 127 1444 0 0 0 0 0 1.0005 0 0.9856 -0.0895 0.1778 0.2216 1.884 0.907 -0.0612 0.36 0.4502 2.4798 0.0785 0.0785 0.2489 0 0
15 128 1443 0 0 0 0 0 1.0001 0 0.9777 -0.0094 0.1731 0.2399 1.4738 0.8924 0.0305 0.3409 0.4351 2.2712 0.0305 0.0305 0.2522 0 0
15 129 1415 0 0 0 0 0 1.0004 0 0.9515 0.0384 0.2575 0.4446 1.9805 0.8737 0.0437 0.3737 0.4597 2.3295 -0.1158 0.1158 0.2673 0 0
15 130 1438 0 0 0 0 0 1.0004 0 0.9893 0.1064 0.1662 0.1978 1.56 0.9062 0.0537 0.3687 0.471 2.6438 0.0574 0.0574 0.2389 0 0
15 131 1442 0 0 0 0 0 1.001 0 0.9774 0.1243 0.177 0.2398 1.4985 0.9288 0.0692 0.3274 0.4123 2.5749 0.0222 0.0222 0.2314 0 0
15 132 1458 0 0 0 0 0 1.0002 0 0.9794 -0.0134 0.1407 0.1913 1.289 0.9131 0.0249 0.3245 0.4198 2.7321 0.0441 0.0441 0.256 0 0
15 133 1421 0 0 0 0 0 1.0002 0 0.9876 -0.0238 0.1531 0.206 1.7551 0.908 -0.0761 0.3558 0.4456 2.3465 0.0099 0.0099 0.2449 0 0
15 134 1421 0 0 0 0 0 1.0001 0 0.9894 0.0574 0.1544 0.1836 2.2062 0.8964 0.08 0.3592 0.4504 2.3046 -0.0231 0.0231 0.2502 0 0
15 135 1412 0 0 0 0 0 1.0007 0 0.9795 -0.0073 0.1819 0.2392 2.1014 0.9111 -0.0738 0.3521 0.4411 2.3611 -0.0894 0.0894 0.2478 0 0
15 136 1425 0 0 0 0 0 1.001 0 0.9492 0.1582 0.2845 0.4746 2.2212 0.9109 0.0566 0.3342 0.4235 2.3994 -0.1835 0.1835 0.2659 0 0
15 137 1454 0 0 0 0 0 1.0009 0 0.9763 0.0859 0.2059 0.2683 1.5462 0.9125 0.0909 0.3388 0.4263 2.3727 0.0593 0.0593 0.2464 0 0
15 138 1426 0 0 0 0 0 1.0001 0 0.9796 -0.0344 0.1533 0.1984 1.3712 0.9133 -0.0712 0.3269 0.4171 2.4599 0.0192 0.0192 0.2514 0 0
15 139 1434 0 0 0 0 0 1.0002 0 0.9893 -0.1401 0.1977 0.2551 1.8192 0.9085 -0.1205 0.3523 0.4398 2.39 0.0563 0.0563 0.2506 0 0
15 140 1437 0 0 0 0 0 1.0005 0 0.9751 -0.0454 0.1811 0.2253 1.2569 0.9165 -0.059 0.3401 0.4295 2.4602 0.0159 0.0159 0.2475 0 0
15 141 1414 0 0 0 0 0 1.0003 0 0.9775 -0.0778 0.1902 0.2399 1.7021 0.8813 -0.0274 0.3859 0.4896 2.6202 -0.097 0.097 0.2645 0 0
15 142 1434 0 0 0 0 0 1.0001 0 0.9696 0.0045 0.2332 0.3468 2.0529 0.9107 -0.0419 0.3353 0.4212 2.3695 -0.0534 0.0534 0.2535 0 0
15 143 1450 0 0 0 0 0 1.0002 0 0.9865 -0.0416 0.1262 0.1497 0.9974 0.9186 -0.0551 0.3394 0.4224 2.458 0.0254 0.0254 0.2434 0 0
15 144 1457 0 0 0 0 0 1.0001 0 0.9904 -0.0088 0.1289 0.1601 1.4254 0.9131 -0.0083 0.329 0.4169 2.5409 0.0158 0.0158 0.2497 0 0
15 145 1437 0 0 0 0 0 1.0003 0 0.9807 -0.0721 0.1789 0.2192 1.5232 0.907 -0.0772 0.3321 0.4083 2.2805 -0.1335 0.1335 0.2576 0 0
15 146 1436 0 0 0 0 0 1.0004 0 0.9796 -0.0899 0.2536 0.3439 1.7141 0.9124 -0.0804 0.341 0.4357 2.2811 0.0129 0.0129 0.2548 0 0
15 147 1431 0 0 0 0 0 1.0003 0 0.9874 0.1549 0.1934 0.2438 1.422 0.9105 0.1327 0.3573 0.4518 2.3477 0.0809 0.0809 0.2305 0 0
15 148 1453 0 0 0 0 0 1.001 0 0.9572 -0.1316 0.2444 0.3722 1.9372 0.9181 -0.035 0.3386 0.427 2.49 -0.0298 0.0298 0.2453 0 0
15 149 1430 0 0 0 0 0 1.0003 0 0.9869 0.0493 0.1373 0.1728 1.2512 0.913 0.0377 0.3013 0.3831 2.4005 -0.02 0.02 0.255 0 0
15 150 1448 0 0 0 0 0 1.0006 0 0.9817 0.1134 0.1676 0.1913 0.9647 0.9366 0.1099 0.3346 0.4211 2.5003 0.0263 0.0263 0.2266 0 0
15 151 1432 0 0 0 0 0 1.0005 0 0.9628 -0.0052 0.3066 0.5564 2.7618 0.876 -0.0613 0.385 0.4871 2.2863 0.0106 0.0106 0.272 0 0
15 152 1429 0 0 0 0 0 1.0002 0 0.9801 -0.007 0.1384 0.1837 1.2334 0.9176 0.0508 0.35 0.4322 2.3692 -0.0468 0.0468 0.2445 0 0
15 153 1426 0 0 0 0 0 1.0003 0 0.9896 0.1466 0.1851 0.2378 2.3585 0.9225 0.101 0.3299 0.4239 2.4952 -0.0512 0.0512 0.2451 0 0
15 154 1422 0 0 0 0 0 1.0003 0 0.9817 0.0016 0.2432 0.3282 2.3259 0.8937 0.0029 0.3647 0.4712 2.2546 -0.0244 0.0244 0.2654 0 0
15 155 1443 0 0 0 0 0 1.0005 0 0.9825 -0.0141 0.1357 0.1775 1.1739 0.9124 -0.0282 0.3363 0.4223 2.4044 -0.0319 0.0319 0.244 0 0
15 156 1430 0 0 0 0 0 1.0003 0 0.9922 0.088 0.1294 0.1761 1.3347 0.9248 0.099 0.326 0.4069 2.3992 0.007 0.007 0.2375 0 0
15 157 1417 0 0 0 0 0 1.0005 0 0.9898 -0.1205 0.1546 0.1896 1.4015 0.9141 -0.0682 0.3215 0.4089 2.4379 -0.0132 0.0132 0.2427 0 0
15 158 1432 0 0 0 0 0 1.0003 0 0.9599 -0.0094 0.1985 0.283 1.1902 0.914 -0.0043 0.334 0.433 2.5095 -0.0012 0.0012 0.2352 0 0
15 159 1445 0 0 0 0 0 1.0002 0 0.9796 0.2109 0.2581 0.3096 1.6531 0.9174 0.1588 0.3783 0.4858 2.5028 0.1038 0.1038 0.2486 0 0
15 160 1445 0 0 0 0 0 1.0002 0 0.9795 -0.0433 0.2342 0.3187 1.6319 0.9118 -0.0477 0.3309 0.4283 2.4455 0.049 0.049 0.2527 0 0
15 161 1431 0 0 0 0 0 1.0002 0 0.985 -0.1469 0.2222 0.3183 2.1525 0.9181 -0.1074 0.3587 0.4513 2.3223 -0.079 0.079 0.2573 0 0
15 162 1450 0 0 0 0 0 1.0003 0 0.9825 0.0044 0.1591 0.2312 1.1369 0.9146 0.0039 0.327 0.4183 2.3275 0.0145 0.0145 0.2488 0 0
15 163 1441 0 0 0 0 0 1.0001 0 0.9775 -0.0539 0.1628 0.2106 1.9226 0.9269 -0.0474 0.318 0.4043 2.469 -0.0036 0.0036 0.2535 0 0
15 164 1438 0 0 0 0 0 1.0002 0 0.976 -0.0254 0.1749 0.2322 1.5652 0.9195 -0.0175 0.3254 0.4227 2.4054 0.0096 0.0096 0.2492 0 0
15 165 1413 0 0 0 0 0 1.0003 0 0.9857 0.0094 0.1358 0.1864 1.5181 0.901 1e-04 0.3322 0.4283 2.3017 -0.1333 0.1333 0.2665 0 0
15 166 1436 0 0 0 0 0 1.0002 0 0.982 0.1437 0.208 0.2901 1.87 0.9122 0.1189 0.3508 0.4482 2.4746 -0.0151 0.0151 0.2561 0 0
15 167 1426 0 0 0 0 0 1.0008 0 0.9846 0.0394 0.1691 0.2235 1.2484 0.9143 0.0177 0.3207 0.4052 2.3538 -0.1248 0.1248 0.2654 0 0
15 168 1456 0 0 0 0 0 1.0001 0 0.9889 0.0755 0.2152 0.2892 2.4336 0.9011 0.0324 0.3829 0.4726 2.2357 -0.0398 0.0398 0.2491 0 0
15 169 1440 0 0 0 0 0 1.0001 0 0.9811 0.0611 0.1961 0.2606 1.4195 0.9274 0.0581 0.3467 0.43 2.2664 0.0138 0.0138 0.235 0 0
15 170 1423 0 0 0 0 0 1.0007 0 0.9825 0.1606 0.2441 0.3621 2.4073 0.9199 0.1341 0.3131 0.4124 2.4283 -0.0257 0.0257 0.2651 0 0
15 171 1451 0 0 0 0 0 1.0002 0 0.9736 0.0722 0.2003 0.2557 1.4723 0.914 0.0697 0.3415 0.444 2.6082 -0.044 0.044 0.2569 0 0
15 172 1426 0 0 0 0 0 1.0003 0 0.9616 0.0133 0.2547 0.3555 2.1498 0.9093 0.0656 0.3622 0.4609 2.3574 -0.0317 0.0317 0.2501 0 0
15 173 1434 0 0 0 0 0 1.0004 0 0.9861 0.0092 0.1182 0.1366 0.9377 0.9147 0.0216 0.3228 0.4115 2.3733 -0.025 0.025 0.2515 0 0
15 174 1431 0 0 0 0 0 1.0003 0 0.9898 -0.0481 0.1481 0.1766 1.541 0.9146 0.0289 0.3287 0.4156 2.1799 -0.0346 0.0346 0.2465 0 0
15 175 1445 0 0 0 0 0 1.0001 0 0.9762 0.0642 0.1801 0.2174 1.0893 0.924 0.0352 0.3213 0.4116 2.3802 0.0119 0.0119 0.2372 0 0
15 176 1457 0 0 0 0 0 1.0001 0 0.9763 -0.2508 0.282 0.3807 2.2432 0.9093 -0.1075 0.3765 0.491 2.6286 0.0856 0.0856 0.2485 0 0
15 177 1441 0 0 0 0 0 1.0001 0 0.9922 -0.0312 0.1385 0.1914 1.8714 0.9109 -0.0209 0.3399 0.4236 2.44 0.0928 0.0928 0.242 0 0
15 178 1438 0 0 0 0 0 1.0013 0 0.9121 0.1672 0.264 0.5139 2.3362 0.8792 0.0068 0.3965 0.5118 2.9844 0.1156 0.1156 0.2715 0 0
15 179 1436 0 0 0 0 0 1.0003 0 0.9922 -0.0398 0.1258 0.1501 1.7607 0.9087 -0.0253 0.3381 0.4323 2.3983 -0.0371 0.0371 0.2522 0 0
15 180 1440 0 0 0 0 0 1.0003 0 0.9741 -0.0874 0.1672 0.2145 1.3148 0.9289 -0.055 0.3015 0.3818 2.443 -0.028 0.028 0.2376 0 0
15 181 1411 0 0 0 0 0 1.0001 0 0.9895 -0.0637 0.154 0.2171 1.8843 0.8983 -0.0576 0.3509 0.4622 2.3795 -0.014 0.014 0.2496 0 0
15 182 1440 0 0 0 0 0 1.0007 0 0.9834 0.1278 0.1927 0.2195 1.1732 0.9186 0.1393 0.3486 0.4338 2.4273 0.0191 0.0191 0.2458 0 0
15 183 1446 0 0 0 0 0 1.0002 0 0.9907 0.0527 0.111 0.1399 1.0722 0.917 0.0475 0.3341 0.4187 2.3912 0.0427 0.0427 0.2362 0 0
15 184 1453 0 0 0 0 0 1.0003 0 0.9592 -0.115 0.237 0.2947 1.5712 0.9002 -0.0744 0.3649 0.4582 2.603 -0.029 0.029 0.2567 0 0
15 185 1439 0 0 0 0 0 1.0005 0 0.9861 -0.0705 0.1427 0.1892 1.3269 0.9128 -0.0623 0.3308 0.4246 2.3235 -0.1114 0.1114 0.248 0 0
15 186 1450 0 0 0 0 0 1.0002 0 0.9824 0.1478 0.2074 0.2786 1.6867 0.9019 0.1211 0.3483 0.4408 2.2506 0.0546 0.0546 0.2448 0 0
15 187 1452 0 0 0 0 0 1.0003 0 0.9884 -0.0063 0.1735 0.2204 1.7524 0.9169 -0.0086 0.3389 0.4202 2.3641 -0.0096 0.0096 0.2441 0 0
15 188 1449 0 0 0 0 0 1.0002 0 0.9892 0.0783 0.1722 0.2163 1.9781 0.9027 0.0588 0.3272 0.4259 2.4152 -0.0367 0.0367 0.2544 0 0
15 189 1386 0 0 0 0 0 1.0001 0 0.9717 0.0537 0.1631 0.2091 1.1688 0.9099 0.0462 0.3265 0.4161 2.4225 -0.0999 0.0999 0.2574 0 0
15 190 1468 0 0 0 0 0 1.0003 0 0.9725 0.1973 0.2436 0.4543 2.5157 0.9061 0.1069 0.3602 0.4452 2.2287 0.1077 0.1077 0.2476 0 0
15 191 1429 0 0 0 0 0 1.0003 0 0.932 0.1892 0.2996 0.4891 2.4038 0.8881 0.0532 0.3801 0.4965 2.7819 0.0189 0.0189 0.2751 0 0
15 192 1447 0 0 0 0 0 1.0003 0 0.9663 0.0174 0.247 0.3618 1.7589 0.9126 0.0502 0.3225 0.4088 2.2917 -0.141 0.141 0.26 0 0
15 193 1420 0 0 0 0 0 1.0001 0 0.9742 0.2558 0.2962 0.3777 2.2014 0.8977 0.204 0.4104 0.5102 2.5457 0.0254 0.0254 0.2516 0 0
15 194 1427 0 0 0 0 0 1.0005 0 0.9864 0.0248 0.1385 0.1774 1.2972 0.9127 -0.0033 0.3263 0.4086 2.393 -0.0119 0.0119 0.2501 0 0
15 195 1294 0 0 0 0 0 1.0001 0 0.9753 0.1617 0.1898 0.321 2.0308 0.8999 0.1006 0.3658 0.4511 2.2862 0.0274 0.0274 0.249 0 0
15 196 1313 0 0 0 0 0 1.0004 0 0.9932 0.0986 0.1463 0.2036 1.5997 0.9093 0.0815 0.3456 0.4362 2.2795 -0.0423 0.0423 0.2517 0 0
15 197 1245 0 0 0 0 0 1.0011 0 0.9857 0.0409 0.161 0.2467 1.4692 0.9272 -0.0181 0.3291 0.4057 2.3816 -0.0415 0.0415 0.2511 0 0
15 198 1432 0 0 0 0 0 1.0003 0 0.9761 0.1979 0.2844 0.372 2.101 0.8935 0.1447 0.3848 0.484 2.4383 0.0482 0.0482 0.2508 0 0
15 199 1472 0 0 0 0 0 1.0008 0 0.9764 0.076 0.1965 0.279 1.8412 0.9057 0.0927 0.359 0.4479 2.3265 0.0418 0.0418 0.2591 0 0
15 200 1441 0 0 0 0 0 1.0009 0 0.968 -0.2458 0.2846 0.3715 1.5536 0.9149 -0.219 0.3893 0.4748 2.5899 0.0804 0.0804 0.246 0 0
15 201 1459 0 0 0 0 0 1.0002 0 0.9771 -0.146 0.1928 0.2602 1.3645 0.9155 -0.094 0.3611 0.4459 2.6182 0.0989 0.0989 0.244 0 0
15 202 1445 0 0 0 0 0 1.0003 0 0.9684 -6e-04 0.2149 0.3092 1.9016 0.9217 -0.0196 0.3341 0.4299 2.3804 0.0932 0.0932 0.2345 0 0
15 203 1445 0 0 0 0 0 1.0007 0 0.9813 0.2608 0.2921 0.3427 1.2744 0.9184 0.2161 0.3792 0.483 2.3043 -0.1424 0.1424 0.2496 0 0
15 204 1433 0 0 0 0 0 1.0002 0 0.9862 0.0446 0.1483 0.1965 1.4045 0.907 0.0389 0.3135 0.4014 2.3572 -0.0869 0.0869 0.257 0 0
15 205 1439 0 0 0 0 0 1.0001 0 0.9774 -0.0538 0.1574 0.2504 1.5304 0.9113 -0.0322 0.3312 0.4127 2.3231 -0.0652 0.0652 0.2565 0 0
15 206 1428 0 0 0 0 0 1.0007 0 0.9822 0.0607 0.1728 0.239 1.6858 0.8986 0.0575 0.3697 0.4731 2.3956 0.0187 0.0187 0.2511 0 0
15 207 1433 0 0 0 0 0 1.0002 0 0.9567 0.0813 0.1944 0.3834 2.5152 0.9123 -0.0047 0.3229 0.4094 2.5511 0.0155 0.0155 0.2597 0 0
15 208 1439 0 0 0 0 0 1.0004 0 0.9809 -0.0767 0.173 0.2419 2.021 0.9162 -0.0288 0.328 0.4077 2.4319 -0.0502 0.0502 0.2591 0 0
15 209 1423 0 0 0 0 0 1.0002 0 0.9822 -0.0435 0.1415 0.2041 1.5488 0.8936 -0.0073 0.3637 0.4537 2.3281 -0.1789 0.1789 0.2549 0 0
15 210 1433 0 0 0 0 0 1.0004 0 0.9784 -0.052 0.167 0.2032 1.346 0.8949 -0.0275 0.3559 0.4519 2.4761 -0.0599 0.0599 0.2549 0 0
15 211 1448 0 0 0 0 0 1.0005 0 0.9819 0.0309 0.1725 0.2085 1.5689 0.9152 -0.0064 0.3279 0.4108 2.4288 0.0154 0.0154 0.2445 0 0
15 212 1433 0 0 0 0 0 1.0002 0 0.9781 -0.0141 0.1854 0.2423 1.9988 0.9111 -0.0338 0.3245 0.4015 2.4661 -0.009 0.009 0.2562 0 0
15 213 1411 0 0 0 0 0 1.0001 0 0.9815 0.0375 0.217 0.2945 2.1267 0.9116 0.0506 0.3413 0.4371 2.3218 0.0817 0.0817 0.2411 0 0
15 214 1374 0 0 0 0 0 1.0004 0 0.9825 0.0399 0.1481 0.1862 1.1219 0.912 -0.0087 0.3213 0.4072 2.3283 -0.1207 0.1207 0.2525 0 0
15 215 1450 0 0 0 0 0 1.0004 0 0.9852 -0.1481 0.2077 0.2554 1.7818 0.9189 -0.1004 0.3334 0.4215 2.3772 0.0271 0.0271 0.2503 0 0
15 216 1470 0 0 0 0 0 1.0006 0 0.9793 -0.0035 0.134 0.1804 1.2252 0.9207 0.0163 0.3408 0.4279 2.596 0.0764 0.0764 0.233 0 0
15 217 1434 0 0 0 0 0 1.0001 0 0.9902 0.103 0.1695 0.2149 1.4133 0.8989 0.0884 0.3646 0.4524 2.1914 0.017 0.017 0.2535 0 0
15 218 1440 0 0 0 0 0 1.0001 0 0.9833 0.0707 0.2252 0.3403 2.5482 0.8827 0.0491 0.3842 0.49 1.989 0.0531 0.0531 0.2643 0 0
15 219 1436 0 0 0 0 0 1.0008 0 0.9845 -0.0248 0.171 0.2152 1.271 0.9179 0.0225 0.331 0.4223 2.4396 -0.0048 0.0048 0.2458 0 0
15 220 1429 0 0 0 0 0 1.0002 0 0.9799 -0.1037 0.201 0.2431 1.3597 0.9182 -0.0174 0.3273 0.4142 2.2051 -0.0534 0.0534 0.2607 0 0
15 221 1433 0 0 0 0 0 1.0007 0 0.9819 0.0384 0.1715 0.2663 1.7584 0.9087 -0.053 0.358 0.4545 2.2778 -0.0387 0.0387 0.25 0 0
15 222 1417 0 0 0 0 0 1.0008 0 0.9682 -0.1576 0.2205 0.4236 2.6818 0.8875 -0.0881 0.3647 0.4589 2.1464 -0.0638 0.0638 0.271 0 0
15 223 1458 0 0 0 0 0 1.0004 0 0.983 -0.0911 0.1977 0.2852 2.0854 0.8871 -0.0682 0.3791 0.4569 2.3557 0.0503 0.0503 0.2581 0 0
15 224 1460 0 0 0 0 0 1.0004 0 0.9886 -0.0233 0.1432 0.1851 1.724 0.9041 -0.0269 0.3474 0.4292 2.3144 0.0584 0.0584 0.241 0 0
15 225 1445 0 0 0 0 0 1.0012 0 0.9817 -0.0389 0.1988 0.2356 2.4317 0.9083 -0.0196 0.3591 0.4538 2.4896 0.0686 0.0686 0.2324 0 0
15 226 1441 0 0 0 0 0 1.0002 0 0.9751 -0.0602 0.1904 0.2756 1.893 0.907 -0.0342 0.3373 0.4229 2.4498 0.0171 0.0171 0.2442 0 0
15 227 1437 0 0 0 0 0 1.0004 0 0.9862 -0.0751 0.1449 0.1869 1.3052 0.9131 -0.072 0.3275 0.4073 2.4014 -0.0463 0.0463 0.2547 0 0
15 228 1452 0 0 0 0 0 1.0003 0 0.9846 0.0171 0.1257 0.165 1.1161 0.916 0.0172 0.3435 0.4352 2.5903 0.1059 0.1059 0.2334 0 0
15 229 1250 0 0 0 0 0 1.0009 0 0.9649 -0.1134 0.2389 0.4111 2.1504 0.9176 -0.0662 0.3387 0.4269 2.4073 -0.0652 0.0652 0.2647 0 0
15 230 1415 0 0 0 0 0 1.0001 0 0.9507 -0.1069 0.2291 0.5012 2.7319 0.9022 -0.0237 0.3473 0.4413 2.4082 -0.0288 0.0288 0.2518 0 0
15 231 1434 0 0 0 0 0 1.0005 0 0.9673 -0.0747 0.1674 0.2138 1.0025 0.9161 -0.0871 0.3443 0.4491 2.551 0.0403 0.0403 0.2365 0 0
15 232 1424 0 0 0 0 0 1.0002 0 0.9786 -0.1145 0.192 0.259 1.4594 0.9178 -0.0812 0.323 0.4124 2.3584 -0.0092 0.0092 0.2467 0 0
15 233 1433 0 0 0 0 0 1.0002 0 0.9775 -0.0305 0.1313 0.1661 1.1155 0.9097 0.0187 0.3304 0.4142 2.5183 -0.0541 0.0541 0.251 0 0
15 234 1431 0 0 0 0 0 1.0002 0 0.9788 0.2045 0.2445 0.3574 2.1695 0.908 0.1079 0.3812 0.4701 2.5969 0.0099 0.0099 0.2506 0 0
15 235 1437 0 0 0 0 0 1.0004 0 0.95 -0.1081 0.2158 0.3755 2.5524 0.9057 -0.0881 0.3405 0.4347 2.4249 -0.024 0.024 0.2489 0 0
15 236 1431 0 0 0 0 0 1.0003 0 0.962 0.0727 0.3069 0.4659 2.2947 0.895 0.0338 0.3627 0.4577 2.3601 0.0134 0.0134 0.2623 0 0
15 237 1460 0 0 0 0 0 1.0007 0 0.9851 0.0363 0.176 0.2079 1.7706 0.9045 0.0385 0.3362 0.4305 2.3023 0.0292 0.0292 0.2448 0 0
15 238 1424 0 0 0 0 0 1.0003 0 0.9714 0.0564 0.2423 0.3561 2.4172 0.8851 -0.0235 0.3614 0.4566 2.2442 -0.0035 0.0035 0.2666 0 0
15 239 1337 0 0 0 0 0 1.0003 0 0.9798 0.0521 0.202 0.2698 1.796 0.9039 0.0882 0.3552 0.4577 2.3203 -0.0823 0.0823 0.2511 0 0
15 240 1476 0 0 0 0 0 1.0017 0 0.9719 0.088 0.2008 0.2383 1.156 0.9181 0.0398 0.3304 0.4141 2.5116 -0.0026 0.0026 0.2501 0 0
15 241 1441 0 0 0 0 0 1.0002 0 0.9749 -0.1953 0.2236 0.2712 1.4361 0.9071 -0.1416 0.3728 0.4715 2.6685 0.0343 0.0343 0.2506 0 0
15 242 1438 0 0 0 0 0 1.0001 0 0.9667 0.2335 0.2789 0.4095 1.7319 0.9054 0.1418 0.3544 0.4407 2.3869 -0.0436 0.0436 0.2584 0 0
15 243 1432 0 0 0 0 0 1.0005 0 0.9852 -0.0225 0.1392 0.1804 1.2105 0.8983 -0.0129 0.3298 0.422 2.2833 -0.0095 0.0095 0.258 0 0
15 244 1448 0 0 0 0 0 1.0005 0 0.9829 0.0715 0.1863 0.2177 1.3639 0.92 0.0616 0.329 0.4155 2.3124 0.0823 0.0823 0.2318 0 0
15 245 1435 0 0 0 0 0 1.0001 0 0.9702 0.0512 0.1853 0.2469 1.3589 0.9108 0.0738 0.3232 0.4135 2.4205 -0.0906 0.0906 0.2612 0 0
15 246 1415 0 0 0 0 0 1.0003 0 0.9869 0.1648 0.209 0.247 1.3102 0.8891 0.1594 0.371 0.4604 2.3578 -0.113 0.113 0.2593 0 0
15 247 1441 0 0 0 0 0 1.0002 0 0.9847 -0.037 0.1724 0.2142 1.9788 0.91 -0.0219 0.316 0.4004 2.3686 0.0113 0.0113 0.2526 0 0
15 248 1457 0 0 0 0 0 1.0007 0 0.9759 -0.0244 0.2055 0.2993 1.9715 0.9179 -0.0222 0.3413 0.4174 2.349 0.0136 0.0136 0.2515 0 0
15 249 1358 0 0 0 0 0 1.0001 0 0.9871 0.0112 0.1463 0.1761 1.3283 0.9006 9e-04 0.3554 0.4486 2.3343 -0.0912 0.0912 0.2544 0 0
15 250 1420 0 0 0 0 0 1.0001 0 0.9456 0.035 0.2638 0.5109 2.7316 0.9046 -0.0678 0.3485 0.4424 2.4091 -0.0613 0.0613 0.255 0 0
15 251 1422 0 0 0 0 0 1.0003 0 0.9939 -0.0664 0.1245 0.1636 2.0099 0.8982 -0.0874 0.358 0.4511 2.4067 -0.0071 0.0071 0.2617 0 0
15 252 1460 0 0 0 0 0 1.0021 0 0.9822 0.1081 0.1738 0.2225 1.6429 0.9219 0.1109 0.3338 0.4153 2.3627 -0.0579 0.0579 0.2525 0 0
15 253 1431 0 0 0 0 0 1.0003 0 0.9786 -0.0623 0.2175 0.285 1.5869 0.9133 -0.0114 0.3307 0.4141 2.2873 -0.0648 0.0648 0.2549 0 0
15 254 1426 0 0 0 0 0 1.0003 0 0.9857 -0.1164 0.1604 0.207 1.3845 0.9034 -0.1057 0.3454 0.4213 2.4125 -0.0517 0.0517 0.2557 0 0
15 255 1468 0 0 0 0 0 1.0002 0 0.9742 0.1059 0.1941 0.2438 1.3176 0.912 0.0745 0.3454 0.4266 2.5426 -0.006 0.006 0.2441 0 0
15 256 1451 0 0 0 0 0 1.0002 0 0.9937 0.0399 0.1072 0.1365 1.4235 0.9093 0.0213 0.3248 0.4126 2.3191 -0.0879 0.0879 0.2563 0 0
15 257 1489 0 0 0 0 0 1.0008 0 0.9871 -0.0853 0.1702 0.2174 1.2693 0.9136 -0.0897 0.3687 0.4747 2.5875 0.1368 0.1368 0.2378 0 0
15 258 1465 0 0 0 0 0 1.0004 0 0.9758 0.0187 0.2379 0.3311 2.412 0.9104 0.0075 0.3461 0.4308 2.3638 0.1612 0.1612 0.2307 0 0
15 259 1431 0 0 0 0 0 1.0007 0 0.9805 0.028 0.1743 0.232 1.4562 0.9191 0.0055 0.3252 0.4032 2.3982 -0.0885 0.0885 0.2478 0 0
15 260 1461 0 0 0 0 0 1.0003 0 0.9825 -0.0088 0.2086 0.3096 2.2523 0.9075 0.0402 0.3465 0.4297 2.1993 0.0068 0.0068 0.2517 0 0
15 261 1424 0 0 0 0 0 1.0004 0 0.9936 -0.0721 0.1481 0.1931 2.4103 0.8821 -0.0938 0.3803 0.4748 2.113 -0.0828 0.0828 0.2601 0 0
15 262 1432 0 0 0 0 0 1.0002 0 0.9728 0.0736 0.2606 0.3779 2.1074 0.8971 0.0515 0.3533 0.4406 2.1502 0.0249 0.0249 0.2545 0 0
15 263 1421 0 0 0 0 0 1.0002 0 0.9784 -0.1206 0.1788 0.2445 1.2756 0.9065 -0.087 0.3367 0.4151 2.3417 -0.1361 0.1361 0.254 0 0
15 264 1481 0 0 0 0 0 1.0004 0 0.9859 0.0364 0.1215 0.1661 1.3017 0.9128 0.0319 0.3421 0.443 2.489 -0.0626 0.0626 0.2413 0 0
15 265 1435 0 0 0 0 0 1.0002 0 0.9877 -0.0987 0.167 0.2166 1.7183 0.9051 -0.0794 0.3645 0.4728 2.4935 -0.0624 0.0624 0.2574 0 0
15 266 1472 0 0 0 0 0 1.0005 0 0.9817 0.0525 0.1688 0.2352 1.9079 0.9087 0.0615 0.3297 0.4211 2.3441 -0.0691 0.0691 0.2687 0 0
15 267 1440 0 0 0 0 0 1.0003 0 0.9799 -0.0871 0.2308 0.2848 1.9022 0.9052 -0.0104 0.3657 0.4466 2.2953 0.0166 0.0166 0.2531 0 0
15 268 1423 0 0 0 0 0 1.0002 0 0.9853 0.0705 0.1857 0.2345 1.7396 0.8923 0.0579 0.3603 0.4539 2.4381 -0.0305 0.0305 0.2566 0 0
15 269 1456 0 0 0 0 0 1.0001 0 0.9638 0.0204 0.1976 0.2304 1.096 0.9011 0.0133 0.3553 0.4555 2.4367 -0.1262 0.1262 0.2449 0 0
15 270 1423 0 0 0 0 0 1.0001 0 0.9761 0.1099 0.2221 0.2818 1.6423 0.9146 0.0707 0.3456 0.4227 2.4011 -0.0917 0.0917 0.25 0 0
15 271 1440 0 0 0 0 0 1.0003 0 0.9476 -0.1573 0.2271 0.3035 1.6356 0.9073 -0.1649 0.3706 0.4742 2.6372 0.0535 0.0535 0.2486 0 0
15 272 1465 0 0 0 0 0 1.0005 0 0.9882 0.0539 0.1794 0.2229 2.251 0.898 0.1028 0.3467 0.4282 2.1889 -0.0515 0.0515 0.2651 0 0
15 273 1433 0 0 0 0 0 1.0005 0 0.9675 -9e-04 0.1444 0.1839 0.9988 0.9022 -0.0164 0.3241 0.4119 2.5157 -0.0312 0.0312 0.2522 0 0
15 274 1418 0 0 0 0 0 1.0007 0 0.9875 0.083 0.1756 0.2231 1.6177 0.9155 0.1026 0.3417 0.4201 2.3488 -0.1161 0.1161 0.2587 0 0
15 275 1440 0 0 0 0 0 1.0001 0 0.9683 0.1603 0.333 0.4975 2.117 0.8882 0.1226 0.3934 0.4944 2.2073 -0.1563 0.1563 0.2641 0 0
15 276 1449 0 0 0 0 0 1.0003 0 0.9675 0.1189 0.229 0.3675 2.2696 0.8766 0.0179 0.3691 0.4564 2.3901 -0.0897 0.0897 0.2708 0 0
15 277 1441 0 0 0 0 0 1.0001 0 0.9853 0.1588 0.1849 0.2331 1.3305 0.9053 0.1207 0.372 0.466 2.4964 -0.0348 0.0348 0.2486 0 0
15 278 1458 0 0 0 0 0 1.0003 0 0.9867 -0.0443 0.1634 0.217 2.3588 0.9004 -0.0569 0.3422 0.4292 2.3062 0.0714 0.0714 0.2496 0 0
15 279 1450 0 0 0 0 0 1.0002 0 0.9842 -0.1659 0.2095 0.2529 1.2057 0.9127 -0.1316 0.3489 0.4495 2.4038 -0.1092 0.1092 0.2469 0 0
15 280 1459 0 0 0 0 0 1.0007 0 0.9908 -0.1807 0.196 0.2199 1.11 0.9089 -0.1496 0.3401 0.4214 2.3913 -0.0088 0.0088 0.251 0 0
15 281 1452 0 0 0 0 0 1.0005 0 0.9903 0.102 0.1533 0.2081 1.6434 0.9001 0.0809 0.3604 0.4574 2.4391 0.0923 0.0923 0.2409 0 0
15 282 1454 0 0 0 0 0 1.0002 0 0.9604 0.0395 0.2295 0.2894 1.2961 0.9166 0.0547 0.3247 0.4223 2.3694 -0.0354 0.0354 0.2467 0 0
15 283 1404 0 0 0 0 0 1.0002 0 0.9567 0.0208 0.1812 0.2324 1.1859 0.9169 0.0352 0.3249 0.4034 2.5935 0.0104 0.0104 0.2449 0 0
15 284 1436 0 0 0 0 0 1.0006 0 0.9848 -0.0049 0.1774 0.2695 1.4718 0.914 -0.0013 0.3371 0.4171 2.3306 -0.0821 0.0821 0.2544 0 0
15 285 1473 0 0 0 0 0 1.0003 0 0.982 0.0279 0.1671 0.2322 2.4703 0.9025 0.015 0.3525 0.4386 2.5361 0.0685 0.0685 0.2394 0 0
15 286 1441 0 0 0 0 0 1.0002 0 0.959 0.1207 0.2333 0.3427 1.3837 0.9221 0.059 0.3293 0.4165 2.4255 0.0658 0.0658 0.2391 0 0
15 287 1428 0 0 0 0 0 1.0001 0 0.9875 -0.076 0.1514 0.1856 1.4888 0.9178 -0.0756 0.3191 0.4074 2.4408 -0.0452 0.0452 0.2528 0 0
15 288 1478 0 0 0 0 0 1.0003 0 0.9665 0.0705 0.1837 0.2354 0.9207 0.9152 0.1051 0.3314 0.4257 2.4466 -0.0664 0.0664 0.2514 0 0
15 289 1415 0 0 0 0 0 1.0002 0 0.9853 -0.0017 0.1657 0.2255 1.442 0.9088 0.0581 0.3552 0.4406 2.3251 -0.05 0.05 0.2605 0 0
15 290 1468 0 0 0 0 0 1.0003 0 0.9873 0.0548 0.1588 0.1826 1.6195 0.9193 0.0337 0.3261 0.4186 2.4043 0.0096 0.0096 0.253 0 0
15 291 1446 0 0 0 0 0 1.0005 0 0.9901 0.1788 0.2108 0.2472 1.2394 0.9179 0.2075 0.3749 0.471 2.4452 0.1153 0.1153 0.2357 0 0
15 292 1434 0 0 0 0 0 1.0004 0 0.9855 -0.058 0.1704 0.2271 1.5429 0.9045 -0.0189 0.3239 0.4176 2.2738 -0.0676 0.0676 0.2652 0 0
15 293 1465 0 0 0 0 0 1.0001 0 0.9781 -0.0648 0.1987 0.2292 1.2304 0.9106 -0.0984 0.3631 0.4596 2.4008 -0.0964 0.0964 0.2471 0 0
15 294 1417 0 0 0 0 0 1.0003 0 0.9865 0.058 0.1782 0.2197 1.7231 0.9037 0.0593 0.343 0.4301 2.3115 -0.0093 0.0093 0.246 0 0
15 295 1436 0 0 0 0 0 1.0003 0 0.9677 -0.0276 0.2442 0.3475 1.9824 0.8967 0.0077 0.3382 0.4319 2.3293 -0.046 0.046 0.2601 0 0
15 296 1459 0 0 0 0 0 1.0001 0 0.9862 0.0304 0.1511 0.1978 1.6476 0.9187 0.0126 0.3086 0.3956 2.3074 0.0148 0.0148 0.245 0 0
15 297 1433 0 0 0 0 0 1.0004 0 0.9825 0.0322 0.1601 0.1848 1.413 0.9138 0.0451 0.3404 0.4395 2.5897 0.0065 0.0065 0.2581 0 0
15 298 1433 0 0 0 0 0 1.0002 0 0.9901 -0.0197 0.1352 0.1515 1.663 0.9105 -0.0485 0.3233 0.4289 2.4563 0.0299 0.0299 0.2442 0 0
15 299 1465 0 0 0 0 0 1.0002 0 0.9733 0.2176 0.2667 0.351 1.556 0.9183 0.1334 0.3559 0.4426 2.4355 -0.045 0.045 0.2361 0 0
15 300 1464 0 0 0 0 0 1.0005 0 0.9875 -0.132 0.2001 0.2603 2.0528 0.926 -0.1442 0.3392 0.4346 2.4374 -0.0132 0.0132 0.2497 0 0
15 301 1412 0 0 0 0 0 1.0002 0 0.9774 0.0804 0.2336 0.3653 2.1036 0.9018 0.0403 0.3666 0.4614 2.4667 -0.0286 0.0286 0.263 0 0
15 302 1439 0 0 0 0 0 1.0002 0 0.9844 0.1281 0.1688 0.263 2.3212 0.9032 0.0748 0.3311 0.4306 2.374 0.0714 0.0714 0.2519 0 0
15 303 1460 0 0 0 0 0 1.0007 0 0.9859 0.0014 0.1578 0.2226 1.544 0.9035 0.0068 0.342 0.4323 2.3573 -0.0464 0.0464 0.2572 0 0
15 304 1448 0 0 0 0 0 1.0002 0 0.9619 -0.0567 0.2394 0.3967 2.2675 0.915 0.0128 0.333 0.4238 2.3682 -0.082 0.082 0.2569 0 0
15 305 1434 0 0 0 0 0 1.0004 0 0.9793 -0.0511 0.181 0.2452 2.0236 0.9125 -0.0238 0.3268 0.4046 2.3803 -0.017 0.017 0.2524 0 0
15 306 1433 0 0 0 0 0 1.0005 0 0.9901 -0.1334 0.1597 0.2108 1.394 0.9114 -0.1332 0.3443 0.4273 2.3163 -0.1345 0.1345 0.2563 0 0
15 307 1370 0 0 0 0 0 1.0008 0 0.9803 0.0778 0.2031 0.2635 1.9067 0.8941 0.04 0.359 0.4449 2.435 -0.0955 0.0955 0.2729 0 0
15 308 1440 0 0 0 0 0 1.0005 0 0.967 0.0418 0.1988 0.2463 1.2089 0.9207 -0.0168 0.3176 0.4007 2.47 -0.0011 0.0011 0.2537 0 0
15 309 1449 0 0 0 0 0 1.0009 0 0.9814 -0.0862 0.1535 0.1986 1.0227 0.9354 -0.1264 0.316 0.3958 2.5129 -0.0379 0.0379 0.2396 0 0
15 310 1439 0 0 0 0 0 1.0001 0 0.9825 0.143 0.1918 0.2741 1.9812 0.9091 0.0883 0.3558 0.4509 2.5063 0.1034 0.1034 0.2446 0 0
15 311 1463 0 0 0 0 0 1.0003 0 0.971 0.1111 0.2296 0.303 1.2867 0.8995 0.1365 0.38 0.4604 2.3409 -0.0907 0.0907 0.2498 0 0
15 312 1475 0 0 0 0 0 1.0002 0 0.9695 0.003 0.1923 0.2526 1.6333 0.9077 0.0508 0.3381 0.4281 2.5248 -0.026 0.026 0.2507 0 0
15 313 1435 0 0 0 0 0 1.0002 0 0.9819 -0.1035 0.1883 0.2486 1.8155 0.9104 -0.0304 0.3439 0.4379 2.4677 -0.0029 0.0029 0.2457 0 0
15 314 1438 0 0 0 0 0 1.0007 0 0.9805 -0.0582 0.1839 0.2105 1.3767 0.9217 -0.0703 0.3298 0.4182 2.4982 0.0132 0.0132 0.2408 0 0
15 315 1457 0 0 0 0 0 1.0009 0 0.9834 -0.0755 0.1417 0.2069 1.1819 0.9163 -0.0286 0.3498 0.4498 2.6079 0.1041 0.1041 0.2314 0 0
15 316 1448 0 0 0 0 0 1.0002 0 0.9803 0.1631 0.2416 0.391 2.4158 0.8946 0.0832 0.3568 0.4436 2.1939 -0.0852 0.0852 0.2732 0 0
15 317 1449 0 0 0 0 0 1.0004 0 0.983 0.1191 0.2132 0.2788 2.2314 0.8951 0.074 0.3441 0.4402 2.4359 -0.0087 0.0087 0.2587 0 0
15 318 1434 0 0 0 0 0 1.0001 0 0.9745 0.0207 0.1677 0.2097 1.0585 0.9141 0.0195 0.3316 0.4189 2.4218 -0.0267 0.0267 0.2493 0 0
15 319 1435 0 0 0 0 0 1.0005 0 0.9948 0.0383 0.1244 0.1426 1.4863 0.9152 0.0791 0.3463 0.4287 2.3236 0.0218 0.0218 0.2466 0 0
15 320 1452 0 0 0 0 0 1.0004 0 0.977 -0.0994 0.1907 0.2561 1.6744 0.9076 -0.0765 0.3513 0.4467 2.665 -0.0033 0.0033 0.262 0 0
15 321 1434 0 0 0 0 0 1.0002 0 0.9785 0.018 0.1859 0.2788 1.6642 0.9271 0.0396 0.3367 0.4179 2.2986 -0.0812 0.0812 0.2462 0 0
15 322 1452 0 0 0 0 0 1.0005 0 0.9828 0.2076 0.2558 0.2909 1.6139 0.8946 0.1779 0.3855 0.4808 2.7061 0.0086 0.0086 0.2671 0 0
15 323 1450 0 0 0 0 0 1.0002 0 0.9824 0.0449 0.2158 0.2706 1.8507 0.9197 0.0082 0.3357 0.4206 2.491 0.0385 0.0385 0.2469 0 0
15 324 1437 0 0 0 0 0 1.0001 0 0.9787 -0.1125 0.1949 0.248 1.357 0.9226 -0.0622 0.3073 0.4031 2.4721 -0.0169 0.0169 0.2535 0 0
15 325 1465 0 0 0 0 0 1.0005 0 0.979 0.0466 0.2077 0.2549 1.7933 0.9086 0.0159 0.3445 0.4289 2.342 0.0361 0.0361 0.2415 0 0
15 326 1442 0 0 0 0 0 1.0031 0 0.9635 0.0848 0.2085 0.2938 1.8046 0.9038 0.0512 0.3434 0.4376 2.5679 -0.0789 0.0789 0.2547 0 0
15 327 1466 0 0 0 0 0 1.0004 0 0.9918 -0.0376 0.1206 0.1506 1.2441 0.9192 -0.0429 0.3176 0.4036 2.3747 0.071 0.071 0.2387 0 0
15 328 1430 0 0 0 0 0 1.0001 0 0.9872 0.0973 0.1676 0.2034 1.4158 0.9092 0.1303 0.3562 0.4463 2.3502 -0.027 0.027 0.2463 0 0
15 329 1454 0 0 0 0 0 1.0002 0 0.9662 0.0688 0.208 0.248 1.3084 0.9203 0.0529 0.3261 0.4138 2.4725 0.0081 0.0081 0.252 0 0
15 330 1456 0 0 0 0 0 1.0008 0 0.9719 -0.1251 0.258 0.3477 1.7777 0.931 -0.1037 0.3301 0.4183 2.3458 -0.0207 0.0207 0.2529 0 0
15 331 1436 0 0 0 0 0 1.0005 0 0.9875 -0.191 0.2277 0.2748 1.6563 0.9057 -0.1911 0.3755 0.4706 2.4589 6e-04 6e-04 0.2442 0 0
15 332 1443 0 0 0 0 0 1.0009 0 0.9795 0.0809 0.1811 0.2158 1.4143 0.9265 0.0329 0.3147 0.3958 2.4283 -0.0511 0.0511 0.2571 0 0
15 333 1434 0 0 0 0 0 1.0001 0 0.9855 0.0548 0.1611 0.2457 2.1197 0.8951 0.0617 0.3496 0.436 2.3794 -0.0305 0.0305 0.2599 0 0
15 334 1466 0 0 0 0 0 1.0002 0 0.9822 -0.0833 0.1626 0.2168 2.0286 0.9202 -0.0331 0.3224 0.4211 2.5006 0.0811 0.0811 0.2366 0 0
15 335 1458 0 0 0 0 0 1.0003 0 0.9907 0.0107 0.1221 0.1542 1.0462 0.914 -0.0311 0.3495 0.4334 2.431 -0.1184 0.1184 0.2505 0 0
15 336 1478 0 0 0 0 0 1.0007 0 0.9864 -0.0182 0.1386 0.1971 2.0602 0.8952 0.0105 0.3558 0.4459 2.3765 -0.106 0.106 0.2635 0 0
15 337 1426 0 0 0 0 0 1.0002 0 0.9844 -0.0507 0.1411 0.1626 1.0969 0.9279 -0.0211 0.3301 0.414 2.4759 -0.0017 0.0017 0.2344 0 0
15 338 1444 0 0 0 0 0 1.0001 0 0.9794 0.0485 0.1525 0.2413 1.3711 0.909 0.0235 0.339 0.4277 2.2534 0.0276 0.0276 0.2446 0 0
15 339 1436 0 0 0 0 0 1.0001 0 0.9902 -0.008 0.1457 0.2161 2.0537 0.9219 0.0331 0.321 0.4007 2.3668 -0.0406 0.0406 0.2491 0 0
15 340 1456 0 0 0 0 0 1.0004 0 0.985 0.1299 0.1761 0.2306 1.3552 0.9197 0.1023 0.3429 0.4305 2.4647 0.0201 0.0201 0.2449 0 0
15 341 1471 0 0 0 0 0 1.0003 0 0.9837 -0.1344 0.2 0.2592 1.6146 0.9197 -0.1373 0.3484 0.4489 2.3968 0.0697 0.0697 0.2385 0 0
15 342 1424 0 0 0 0 0 1.0001 0 0.9263 -0.0883 0.2284 0.5123 2.3207 0.9157 0.0286 0.3471 0.4399 2.4407 -0.0434 0.0434 0.2521 0 0
15 343 1435 0 0 0 0 0 1.0002 0 0.937 -0.1921 0.2627 0.5339 2.5713 0.9066 -0.0431 0.3411 0.4401 2.5215 0.026 0.026 0.2463 0 0
15 344 1452 0 0 0 0 0 1.0005 0 0.981 -0.0115 0.1744 0.2307 1.3554 0.9154 -0.0339 0.3427 0.4446 2.4303 0.1504 0.1504 0.2292 0 0
15 345 1437 0 0 0 0 0 1.0001 0 0.9809 0.0176 0.1899 0.2264 1.2946 0.9125 0.0123 0.3357 0.4194 2.4502 -0.1202 0.1202 0.2604 0 0
15 346 1473 0 0 0 0 0 1.0004 0 0.985 -0.0727 0.1297 0.1842 1.0967 0.9243 -0.0975 0.3235 0.4194 2.5275 0.061 0.061 0.2361 0 0
15 347 1464 0 0 0 0 0 1.0001 0 0.9681 -0.0323 0.1438 0.1895 1.0839 0.9205 -0.0118 0.315 0.4085 2.4718 -0.0381 0.0381 0.2472 0 0
15 348 1428 0 0 0 0 0 1.0002 0 0.9838 0.0241 0.163 0.2016 1.7423 0.8979 0.0937 0.3493 0.4391 2.4499 -0.0429 0.0429 0.2704 0 0
15 349 1477 0 0 0 0 0 1.0002 0 0.9721 -0.157 0.1957 0.2648 1.1691 0.921 -0.1184 0.3423 0.433 2.6904 0.0392 0.0392 0.2439 0 0
15 350 1443 0 0 0 0 0 1.0003 0 0.9758 -0.2159 0.249 0.3189 2.0464 0.9127 -0.187 0.3616 0.4528 2.6737 0.0241 0.0241 0.2525 0 0
15 351 1438 0 0 0 0 0 1.0012 0 0.9778 -0.0121 0.1523 0.1795 0.9415 0.9027 -0.0393 0.3333 0.4182 2.349 0.0116 0.0116 0.2472 0 0
15 352 1460 0 0 0 0 0 1.0002 0 0.9805 0.0529 0.1825 0.2642 2.1985 0.8837 -0.052 0.3625 0.4633 2.5262 -0.128 0.128 0.2732 0 0
15 353 1480 0 0 0 0 0 1.0003 0 0.9903 -0.102 0.1393 0.1723 1.3433 0.9147 -0.0686 0.338 0.4328 2.4996 0.1513 0.1513 0.2293 0 0
15 354 1498 0 0 0 0 0 1.0002 0 0.9752 -0.0983 0.1548 0.1977 1.0159 0.9213 -0.0473 0.3217 0.4153 2.6616 0.0519 0.0519 0.2438 0 0
15 355 1437 0 0 0 0 0 1.0001 0 0.9861 -0.1009 0.1954 0.222 1.7892 0.8993 -0.1269 0.3518 0.4441 2.5838 -0.0352 0.0352 0.2626 0 0
15 356 1441 0 0 0 0 0 1.0004 0 0.9883 -0.1235 0.1709 0.2006 1.1268 0.92 -0.1223 0.3289 0.411 2.3636 0.0187 0.0187 0.2393 0 0
15 357 1446 0 0 0 0 0 1.0007 0 0.9899 0.0011 0.145 0.1865 1.7408 0.9178 0.008 0.3351 0.4267 2.2789 -0.0256 0.0256 0.2519 0 0
15 358 1450 0 0 0 0 0 1.0002 0 0.9748 0.0046 0.1833 0.2584 1.6769 0.9039 0.0582 0.3636 0.4482 2.444 0.0283 0.0283 0.2537 0 0
15 359 1466 0 0 0 0 0 1.0006 0 0.9814 0.0844 0.1686 0.2346 1.566 0.912 0.0657 0.3435 0.4385 2.3003 -0.0349 0.0349 0.251 0 0
15 360 1496 0 0 0 0 0 1.0003 0 0.9778 0.0836 0.1824 0.2366 1.3934 0.9075 0.0516 0.3407 0.4278 2.4617 -0.0033 0.0033 0.2501 0 0
15 361 1443 0 0 0 0 0 1.0001 0 0.9778 0.2379 0.2876 0.3743 1.5951 0.886 0.1965 0.4005 0.51 2.465 -0.047 0.047 0.2615 0 0
15 362 1429 0 0 0 0 0 1.0007 0 0.9786 -0.0754 0.1799 0.2726 1.4113 0.9229 -0.0487 0.3465 0.433 2.3604 -0.0386 0.0386 0.2485 0 0
15 363 1385 0 0 0 0 0 1.0002 0 0.9839 0.058 0.1816 0.2218 1.8922 0.8911 0.0922 0.3436 0.4219 2.4449 -0.1174 0.1174 0.2675 0 0
15 364 1467 0 0 0 0 0 1.0003 0 0.9898 0.0593 0.1673 0.2128 2.1485 0.911 0.0219 0.3285 0.422 2.5044 0.0736 0.0736 0.2519 0 0
15 365 1478 0 0 0 0 0 1.0002 0 0.9888 -0.0833 0.1537 0.1803 1.4157 0.9189 -0.1196 0.3517 0.4403 2.485 0.0704 0.0704 0.2326 0 0
15 366 1438 0 0 0 0 0 1.0001 0 0.948 0.1044 0.2626 0.3669 2.0386 0.8995 -0.0102 0.3565 0.464 2.6111 -0.0033 0.0033 0.265 0 0
15 367 1474 0 0 0 0 0 1.0003 0 0.9752 0.1658 0.219 0.2621 1.2026 0.9043 0.1666 0.3728 0.4682 2.7506 0.0975 0.0975 0.2436 0 0
15 368 1462 0 0 0 0 0 1.0011 0 0.9843 -0.2067 0.2223 0.2754 1.2495 0.9231 -0.1451 0.3289 0.4209 2.4726 0.0809 0.0809 0.2365 0 0
15 369 1423 0 0 0 0 0 1.0004 0 0.9873 0.0301 0.2187 0.2498 1.7605 0.9167 0.0358 0.3517 0.449 2.2285 -0.0468 0.0468 0.247 0 0
15 370 1462 0 0 0 0 0 1.0005 0 0.9834 -0.0631 0.1398 0.2291 1.3074 0.9061 -0.0037 0.3372 0.4192 2.3246 -0.0507 0.0507 0.2539 0 0
15 371 1456 0 0 0 0 0 1.0005 0 0.9898 -0.0759 0.1322 0.1638 1.3506 0.9164 -0.0877 0.3309 0.4241 2.3377 -0.0056 0.0056 0.2564 0 0
15 372 1480 0 0 0 0 0 1.0002 0 0.9885 -0.0281 0.1075 0.1302 0.9981 0.9001 -0.0194 0.3602 0.4462 2.3754 0.0633 0.0633 0.2369 0 0
15 373 1423 0 0 0 0 0 1.0002 0 0.9655 0.2481 0.3226 0.436 1.9559 0.8766 0.1724 0.4039 0.5019 2.4805 -0.1067 0.1067 0.2701 0 0
15 374 1463 0 0 0 0 0 1.0003 0 0.9841 -0.0054 0.1583 0.1931 1.3612 0.8987 0.0015 0.3403 0.4239 2.3256 -0.0878 0.0878 0.255 0 0
15 375 1416 0 0 0 0 0 1.0002 0 0.9677 -0.0978 0.2666 0.3726 2.593 0.9021 -0.121 0.3512 0.4314 2.068 -0.1484 0.1484 0.2594 0 0
15 376 1429 0 0 0 0 0 1.0008 0 0.9777 -0.0613 0.1805 0.27 1.4123 0.9224 -0.016 0.3295 0.4139 2.4181 -0.025 0.025 0.2415 0 0
15 377 1464 0 0 0 0 0 1.0003 0 0.9625 -0.0105 0.1785 0.2655 1.791 0.9127 -0.0238 0.3313 0.4242 2.593 0.0493 0.0493 0.2488 0 0
15 378 1449 0 0 0 0 0 1.0003 0 0.9721 -0.0278 0.169 0.2124 1.144 0.9233 -0.002 0.31 0.386 2.4459 0.0909 0.0909 0.2273 0 0
15 379 1447 0 0 0 0 0 1.0005 0 0.977 -0.0953 0.2575 0.3223 1.6422 0.9234 -0.1018 0.3527 0.4529 2.2561 -0.0483 0.0483 0.25 0 0
15 380 1441 0 0 0 0 0 1.0007 0 0.9845 0.0587 0.1381 0.1668 1.1023 0.9151 0.0681 0.3226 0.4111 2.4622 -0.0518 0.0518 0.2458 0 0
15 381 1474 0 0 0 0 0 1.0004 0 0.9862 0.0633 0.1709 0.2155 2.1942 0.9005 0.0575 0.3666 0.4583 2.5092 0.0109 0.0109 0.2579 0 0
15 382 1456 0 0 0 0 0 1.0006 0 0.9833 -0.0264 0.1239 0.1555 0.9536 0.92 -0.058 0.3082 0.3938 2.3561 -0.1338 0.1338 0.2487 0 0
15 383 1454 0 0 0 0 0 1.0002 0 0.9859 0.0241 0.1121 0.1682 1.0867 0.9203 0.0606 0.3262 0.4216 2.3612 0.0655 0.0655 0.2311 0 0
15 384 1492 0 0 0 0 0 1.0002 0 0.9748 0.0733 0.1743 0.242 1.2675 0.9228 0.0647 0.3205 0.4007 2.4233 -0.005 0.005 0.236 0 0
15 385 1442 0 0 0 0 0 1.0002 0 0.9749 -0.1234 0.2252 0.347 1.9083 0.9034 -0.0058 0.371 0.4645 2.4138 0.0302 0.0302 0.2527 0 0
15 386 1417 0 0 0 0 0 1.0006 0 0.9905 -0.1144 0.1729 0.2191 1.867 0.9161 -0.0664 0.324 0.4114 2.3583 -0.0985 0.0985 0.2671 0 0
15 387 1431 0 0 0 0 0 1.0002 0 0.9796 0.0062 0.1429 0.1959 1.5146 0.9141 0.0401 0.3296 0.4217 2.6065 -0.0654 0.0654 0.2501 0 0
15 388 1480 0 0 0 0 0 1.0001 0 0.9882 -0.0016 0.1721 0.2285 1.9564 0.9147 0.04 0.344 0.4372 2.3418 0.0952 0.0952 0.2409 0 0
15 389 1439 0 0 0 0 0 1.0002 0 0.9694 0.1893 0.23 0.3571 2.1392 0.9185 0.1257 0.3561 0.4389 2.4812 0.0513 0.0513 0.2492 0 0
15 390 1454 0 0 0 0 0 1.0002 0 0.9856 -0.0027 0.1419 0.1691 1.4934 0.923 -0.0135 0.3106 0.3895 2.3437 0.0078 0.0078 0.2491 0 0
15 391 1446 0 0 0 0 0 1.0003 0 0.9798 -0.0302 0.1483 0.2027 1.3777 0.9186 -0.0326 0.318 0.4049 2.2955 0.0035 0.0035 0.2476 0 0
15 392 1431 0 0 0 0 0 1.0003 0 0.9783 -0.1344 0.1951 0.2656 1.4525 0.8938 -0.0556 0.3639 0.4478 2.3167 -0.0782 0.0782 0.2598 0 0
15 393 1439 0 0 0 0 0 1.0002 0 0.9836 -0.072 0.2745 0.3632 2.2381 0.8905 -0.0212 0.3853 0.4902 2.0094 0.0463 0.0463 0.2547 0 0
15 394 1449 0 0 0 0 0 1.0002 0 0.9847 -0.0817 0.1749 0.2986 2.1081 0.9167 -0.1046 0.3312 0.4191 2.2633 -0.0541 0.0541 0.2565 0 0
15 395 1436 0 0 0 0 0 1.0012 0 0.9947 0.0574 0.1566 0.2015 1.9425 0.9121 0.0215 0.3462 0.4425 2.3409 0.0445 0.0445 0.2446 0 0
15 396 1453 0 0 0 0 0 1.0001 0 0.9488 0.1469 0.2803 0.5557 2.7453 0.901 0.0422 0.372 0.4684 2.205 0.0423 0.0423 0.2469 0 0
15 397 1442 0 0 0 0 0 1.0009 0 0.9749 -0.0306 0.1467 0.2154 1.3558 0.9055 -0.0174 0.3349 0.4255 2.3367 -0.0601 0.0601 0.2511 0 0
15 398 1468 0 0 0 0 0 1.0001 0 0.9647 -0.1343 0.2116 0.2663 1.063 0.9144 -0.1411 0.3261 0.4215 2.3708 0.0852 0.0852 0.2387 0 0
15 399 1430 0 0 0 0 0 1.0001 0 0.9779 -0.0023 0.1931 0.2434 1.6838 0.9111 0.0063 0.3249 0.4097 2.3071 -0.0558 0.0558 0.256 0 0
15 400 1431 0 0 0 0 0 1.0003 0 0.9728 -0.0156 0.2121 0.307 2.1811 0.9079 -0.0435 0.3242 0.406 2.4202 -0.0024 0.0024 0.2582 0 0
15 401 1450 0 0 0 0 0 1.0004 0 0.9659 0.1177 0.2461 0.3841 2.3323 0.9026 3e-04 0.3449 0.4357 2.504 9e-04 9e-04 0.2755 0 0
15 402 1416 0 0 0 0 0 1.0004 0 0.9734 -0.0565 0.2251 0.3114 1.4768 0.9116 -0.0529 0.3486 0.4345 2.1861 0.058 0.058 0.2517 0 0
15 403 1464 0 0 0 0 0 1.0003 0 0.9833 -0.0036 0.123 0.1445 1.1988 0.9182 0.0299 0.33 0.4234 2.5896 0.0504 0.0504 0.2402 0 0
15 404 1428 0 0 0 0 0 1.0003 0 0.9803 -0.0425 0.2263 0.2814 1.6374 0.9079 -0.0031 0.3324 0.4105 2.2874 -0.0167 0.0167 0.254 0 0
15 405 1451 0 0 0 0 0 1.0004 0 0.9784 -0.0514 0.1814 0.2226 1.2849 0.9261 -0.042 0.3195 0.4159 2.4495 0.0889 0.0889 0.2337 0 0
15 406 1432 0 0 0 0 0 1.0005 0 0.9908 0.0962 0.1455 0.1768 1.3464 0.9011 0.1241 0.3532 0.4495 2.3396 -0.0679 0.0679 0.2617 0 0
15 407 1432 0 0 0 0 0 1.0003 0 0.9795 0.0454 0.1623 0.3029 2.2178 0.8949 -0.0019 0.371 0.4688 2.1657 -0.0154 0.0154 0.2479 0 0
15 408 1435 0 0 0 0 0 1.0001 0 0.9891 -0.0737 0.1261 0.1649 1.3435 0.9039 -0.0677 0.3268 0.4106 2.3583 0.052 0.052 0.2484 0 0
15 409 1473 0 0 0 0 0 1.0004 0 0.9842 -0.0294 0.2021 0.2676 1.7534 0.8937 -0.0564 0.3785 0.4774 2.3805 -3e-04 3e-04 0.2427 0 0
15 410 1407 0 0 0 0 0 1.0007 0 0.9913 -0.0547 0.1532 0.1796 1.4222 0.9049 -0.0188 0.3344 0.4303 2.3232 -0.1109 0.1109 0.2592 0 0
15 411 1425 0 0 0 0 0 1.0002 0 0.9747 0.0309 0.2014 0.2616 1.7859 0.8883 0.0339 0.3259 0.4049 2.3098 -0.151 0.151 0.2676 0 0
15 412 1447 0 0 0 0 0 1.0002 0 0.9891 0.0751 0.1837 0.2557 1.9312 0.8961 0.0318 0.3629 0.4483 2.1878 -0.0031 0.0031 0.2644 0 0
15 413 1452 0 0 0 0 0 1.0001 0 0.9845 -0.0477 0.1765 0.2276 1.4872 0.9208 -0.0535 0.3395 0.423 2.5143 0.104 0.104 0.2377 0 0
15 414 1450 0 0 0 0 0 1.0007 0 0.9836 -0.0053 0.1395 0.1835 1.5685 0.9064 0.0229 0.3393 0.4223 2.3726 -0.0344 0.0344 0.2562 0 0
15 415 1445 0 0 0 0 0 1.0004 0 0.9756 0.0416 0.2091 0.2627 1.2701 0.9161 0.0848 0.3541 0.4563 2.3153 0.0173 0.0173 0.2414 0 0
15 416 1415 0 0 0 0 0 1.0002 0 0.9876 0.0221 0.1331 0.1642 1.3295 0.9166 0.0351 0.3057 0.381 2.4003 -0.0146 0.0146 0.252 0 0
15 417 1424 0 0 0 0 0 1.0004 0 0.9788 -0.0557 0.1451 0.229 1.739 0.8845 -0.0146 0.3674 0.4594 2.5077 -0.0681 0.0681 0.2637 0 0
15 418 1455 0 0 0 0 0 1.0003 0 0.9766 -0.0061 0.1362 0.1694 0.9768 0.9242 0.015 0.3166 0.4037 2.4643 0.036 0.036 0.2336 0 0
15 419 1459 0 0 0 0 0 1.0005 0 0.9907 -0.0089 0.0982 0.1349 1.3862 0.9014 -0.0315 0.3478 0.4463 2.3331 -0.0578 0.0578 0.2474 0 0
15 420 1450 0 0 0 0 0 1.0004 0 0.9861 -0.0992 0.1611 0.2468 1.7841 0.9084 -0.0237 0.3389 0.4394 2.4525 0.0051 0.0051 0.2508 0 0
15 421 1422 0 0 0 0 0 1.0002 0 0.9835 -0.0079 0.1662 0.2212 1.7156 0.897 -0.0118 0.3305 0.4182 2.3265 -0.0776 0.0776 0.264 0 0
15 422 1427 0 0 0 0 0 1.0003 0 0.9835 -0.0813 0.1816 0.2262 1.4142 0.9148 -0.0672 0.3198 0.4019 2.3677 -0.0605 0.0605 0.2562 0 0
15 423 1453 0 0 0 0 0 1.0003 0 0.9888 0.0283 0.1476 0.1856 1.5041 0.916 -0.0131 0.3376 0.4207 2.2587 -0.0171 0.0171 0.2452 0 0
15 424 1420 0 0 0 0 0 1.0004 0 0.991 0.0323 0.0985 0.1154 1.2113 0.8875 0.0683 0.3454 0.441 2.5962 0.0423 0.0423 0.2586 0 0
15 425 1432 0 0 0 0 0 1.0002 0 0.986 -0.1051 0.2257 0.2913 1.9571 0.8935 -0.0854 0.359 0.4581 2.2596 0.0381 0.0381 0.2488 0 0
15 426 1430 0 0 0 0 0 1.0002 0 0.9791 0.0185 0.1744 0.2186 1.6317 0.9007 -0.0022 0.3465 0.4412 2.463 -0.0872 0.0872 0.2623 0 0
15 427 1460 0 0 0 0 0 1.0004 0 0.9862 0.0128 0.1199 0.1549 1.1064 0.9182 0.0408 0.3207 0.4099 2.4551 0.0458 0.0458 0.2416 0 0
15 428 1456 0 0 0 0 0 1.0002 0 0.9848 0.1765 0.2284 0.2906 2.1341 0.8991 0.0969 0.3817 0.4847 2.5849 0.0495 0.0495 0.2477 0 0
15 429 1442 0 0 0 0 0 1.0003 0 0.991 -0.0054 0.1184 0.1435 1.2387 0.9086 -0.0044 0.3352 0.414 2.3808 0.0022 0.0022 0.2476 0 0
15 430 1430 0 0 0 0 0 1.001 0 0.9907 0.1287 0.158 0.1864 1.493 0.9017 0.1143 0.3607 0.4622 2.5799 -0.0183 0.0183 0.2476 0 0
15 431 1431 0 0 0 0 0 1.0002 0 0.9765 0.1037 0.2029 0.3092 2.01 0.8918 0.1543 0.374 0.4736 2.6662 0.0735 0.0735 0.2594 0 0
15 432 1427 0 0 0 0 0 1.0014 0 0.9691 0.0678 0.2003 0.2496 1.2977 0.912 0.0239 0.3302 0.4227 2.4879 -0.0111 0.0111 0.2479 0 0
15 433 1489 0 0 0 0 0 1.0007 0 0.9773 0.0312 0.1979 0.2802 1.9622 0.9036 -0.024 0.3477 0.4331 2.3274 0.0588 0.0588 0.2442 0 0
15 434 1461 0 0 0 0 0 1.0004 0 0.9888 -0.0111 0.1628 0.2028 1.8024 0.9124 -0.0062 0.338 0.4374 2.2615 0.0803 0.0803 0.2322 0 0
15 435 1444 0 0 0 0 0 1.0004 0 0.9907 -0.1332 0.1709 0.2195 1.6725 0.9121 -0.1248 0.3519 0.4405 2.3508 0.0771 0.0771 0.2366 0 0
15 436 1461 0 0 0 0 0 1.0001 0 0.9895 8e-04 0.1464 0.1825 1.6151 0.9125 -0.039 0.3382 0.4161 2.5407 0.0705 0.0705 0.2446 0 0
15 437 1428 0 0 0 0 0 1.0002 0 0.9815 -0.0509 0.1746 0.2475 1.5366 0.9004 -0.0208 0.3494 0.4382 2.3456 0.0132 0.0132 0.2421 0 0
15 438 1449 0 0 0 0 0 1.0001 0 0.9806 -0.0242 0.1538 0.1841 1.1445 0.9326 0.0062 0.3111 0.3948 2.43 0.0204 0.0204 0.2312 0 0
15 439 1408 0 0 0 0 0 1.0001 0 0.9737 0.0192 0.1632 0.1993 1.3725 0.908 0.0396 0.3287 0.418 2.5401 -0.0709 0.0709 0.2479 0 0
15 440 1437 0 0 0 0 0 1.0002 0 0.9857 0.058 0.1655 0.2368 1.7972 0.8885 0.0528 0.3586 0.4604 2.4407 0.0284 0.0284 0.2548 0 0
15 441 1419 0 0 0 0 0 1.0001 0 0.982 0.0327 0.1886 0.3204 2.2595 0.9006 0.0222 0.3487 0.4369 2.1766 -0.0414 0.0414 0.2555 0 0
15 442 1421 0 0 0 0 0 1.0005 0 0.986 -0.1291 0.177 0.2479 1.3728 0.9028 -0.0985 0.3607 0.4488 2.2809 -0.0823 0.0823 0.2456 0 0
15 443 1449 0 0 0 0 0 1.0005 0 0.9806 0.04 0.2006 0.2446 1.5791 0.9133 0.0093 0.3246 0.4079 2.1902 0.0012 0.0012 0.2513 0 0
15 444 1445 0 0 0 0 0 1.0005 0 0.981 -0.1238 0.1607 0.2251 1.3838 0.9113 -0.0996 0.3635 0.4591 2.4047 0.041 0.041 0.236 0 0
15 445 1431 0 0 0 0 0 1.0006 0 0.972 -0.014 0.1752 0.2188 1.1359 0.9139 0.0145 0.3167 0.4011 2.2999 -0.0073 0.0073 0.2458 0 0
15 446 1441 0 0 0 0 0 1.0007 0 0.9951 0.0498 0.1005 0.1221 1.29 0.9169 0.0189 0.3289 0.4104 2.5865 0.0669 0.0669 0.2483 0 0
15 447 1426 0 0 0 0 0 1.0005 0 0.9767 0.0941 0.1932 0.2636 2.0798 0.9031 0.0049 0.3205 0.4023 2.4852 -0.0396 0.0396 0.2634 0 0
15 448 1458 0 0 0 0 0 1.0001 0 0.9571 0.1173 0.2592 0.3602 1.7663 0.9058 0.1349 0.3729 0.4731 2.3984 0.0107 0.0107 0.2486 0 0
15 449 1429 0 0 0 0 0 1.0002 0 0.9855 -0.1644 0.1931 0.2381 1.1193 0.9028 -0.1606 0.3626 0.461 2.3892 -0.0391 0.0391 0.2494 0 0
15 450 1440 0 0 0 0 0 1.0005 0 0.9673 -0.0198 0.2161 0.2729 1.2545 0.9095 0.0228 0.3681 0.4646 2.4423 0.0237 0.0237 0.2456 0 0
15 451 1452 0 0 0 0 0 1.0002 0 0.9873 0.0151 0.1601 0.2001 1.5593 0.9162 -0.0626 0.3592 0.4494 2.5204 0.0831 0.0831 0.2434 0 0
15 452 1429 0 0 0 0 0 1.0004 0 0.9808 0.0531 0.1735 0.2131 1.6944 0.9186 0.0351 0.3221 0.4037 2.5509 -0.0543 0.0543 0.2641 0 0
15 453 1436 0 0 0 0 0 1.0004 0 0.9775 -0.1776 0.2475 0.3312 1.7133 0.9102 -0.1593 0.3658 0.4559 2.2135 -0.1315 0.1315 0.254 0 0
15 454 1468 0 0 0 0 0 1.0002 0 0.9875 0.0835 0.1852 0.2263 1.8016 0.9092 0.105 0.3434 0.4297 2.2171 0.0116 0.0116 0.2445 0 0
15 455 1433 0 0 0 0 0 1.0001 0 0.9921 0.1095 0.1408 0.1809 1.5362 0.9078 0.1029 0.3517 0.4382 2.4319 0.0294 0.0294 0.2558 0 0
15 456 1418 0 0 0 0 0 1.001 0 0.9813 0.0743 0.1972 0.2326 1.2813 0.9169 0.0682 0.323 0.408 2.3361 -0.0479 0.0479 0.2514 0 0
15 457 1418 0 0 0 0 0 1.0006 0 0.9655 0.0554 0.1984 0.2527 1.3411 0.9138 0.0216 0.3199 0.4037 2.4526 -0.1168 0.1168 0.2471 0 0
15 458 1459 0 0 0 0 0 1.0001 0 0.9815 0.1172 0.1931 0.266 1.686 0.8954 0.0653 0.351 0.4431 2.378 -0.081 0.081 0.2646 0 0
15 459 1447 0 0 0 0 0 1.0003 0 0.9803 -0.1615 0.213 0.2585 1.3277 0.9082 -0.1926 0.3742 0.46 2.4084 -0.0406 0.0406 0.2489 0 0
15 460 1439 0 0 0 0 0 1.0003 0 0.9782 -0.078 0.2018 0.2622 1.6339 0.8929 -0.0612 0.3454 0.44 2.2419 -0.0335 0.0335 0.2679 0 0
15 461 1444 0 0 0 0 0 1.0002 0 0.989 0.011 0.1432 0.165 1.2392 0.9098 -0.019 0.35 0.4407 2.4976 0.0664 0.0664 0.2316 0 0
15 462 1440 0 0 0 0 0 1.0001 0 0.9787 0.0963 0.224 0.3043 2.1288 0.912 0.0772 0.3286 0.4103 2.2884 0.0254 0.0254 0.2555 0 0
15 463 1444 0 0 0 0 0 1.0004 0 0.9626 -0.0473 0.1874 0.271 1.8923 0.8944 -0.0919 0.3547 0.4338 2.5102 -0.1009 0.1009 0.2669 0 0
15 464 1441 0 0 0 0 0 1.0007 0 0.9706 -0.0828 0.2072 0.3261 1.8813 0.9046 -0.0109 0.3483 0.443 2.4492 0.0121 0.0121 0.2585 0 0
15 465 1442 0 0 0 0 0 1.0001 0 0.9586 -0.0497 0.2493 0.3775 2.7275 0.9164 0.0104 0.3408 0.4317 2.5594 0.0378 0.0378 0.2488 0 0
15 466 1446 0 0 0 0 0 1.0004 0 0.9878 -0.1041 0.1981 0.248 2.0034 0.9063 -0.0674 0.3432 0.4336 2.1992 0.0236 0.0236 0.248 0 0
15 467 1443 0 0 0 0 0 1.0005 0 0.9742 0.1108 0.1949 0.2865 1.7517 0.918 0.1111 0.3457 0.4274 2.5013 -0.0107 0.0107 0.2463 0 0
15 468 1435 0 0 0 0 0 1.0003 0 0.9866 0.1711 0.1986 0.2406 1.7951 0.8989 0.1106 0.3934 0.4887 2.7718 0.0379 0.0379 0.2647 0 0
15 469 1448 0 0 0 0 0 1.0001 0 0.9844 -0.054 0.1372 0.1715 1.6536 0.9111 -0.0247 0.3222 0.417 2.5616 0.0133 0.0133 0.25 0 0
15 470 1428 0 0 0 0 0 1.0005 0 0.9511 0.0229 0.2952 0.4477 2.4061 0.9078 0.0655 0.3402 0.4281 2.2133 0.0199 0.0199 0.255 0 0
15 471 1458 0 0 0 0 0 1.0011 0 0.9664 -0.1863 0.2573 0.3486 2.3155 0.8984 -0.0946 0.3585 0.455 2.5772 0.0856 0.0856 0.2464 0 0
15 472 1442 0 0 0 0 0 1.0001 0 0.9805 -0.1209 0.2826 0.3498 2.4683 0.8845 -0.1024 0.385 0.4803 2.2438 0.066 0.066 0.2573 0 0
15 473 1450 0 0 0 0 0 1.0011 0 0.9837 0.055 0.1694 0.2103 1.5228 0.9248 0.0393 0.3212 0.4104 2.606 0.1006 0.1006 0.239 0 0
15 474 1427 0 0 0 0 0 1.0006 0 0.976 0.0518 0.214 0.3068 1.8826 0.8821 0.0388 0.3587 0.4498 2.3246 -0.0227 0.0227 0.2624 0 0
15 475 1439 0 0 0 0 0 1.0005 0 0.9883 0.0157 0.132 0.1604 1.1225 0.9186 0.024 0.3224 0.4145 2.4659 0.0408 0.0408 0.2401 0 0
15 476 1458 0 0 0 0 0 1.0002 0 0.9757 -0.1178 0.167 0.2204 1.2712 0.9306 -0.0529 0.3288 0.4104 2.5528 0.114 0.114 0.2308 0 0
15 477 1460 0 0 0 0 0 1.0001 0 0.9872 0.0283 0.1847 0.2116 1.4353 0.9191 -0.0054 0.3376 0.4192 2.2418 0.0618 0.0618 0.242 0 0
15 478 1449 0 0 0 0 0 1.0002 0 0.9795 -0.1382 0.1995 0.2513 1.2544 0.9171 -0.1336 0.327 0.4197 2.3632 -7e-04 7e-04 0.2439 0 0
15 479 1439 0 0 0 0 0 1.0004 0 0.993 -0.0498 0.1354 0.1772 1.959 0.9049 0.0021 0.3546 0.448 2.3685 0.0136 0.0136 0.25 0 0
15 480 1452 0 0 0 0 0 1.0003 0 0.984 0.2062 0.3262 0.4412 2.3546 0.9039 0.1352 0.3841 0.4934 2.4151 -0.01 0.01 0.2567 0 0
15 481 1434 0 0 0 0 0 1.0001 0 0.9726 0.1346 0.2008 0.2689 1.2637 0.9111 0.1099 0.3578 0.4496 2.4801 -0.1017 0.1017 0.2587 0 0
15 482 1489 0 0 0 0 0 1.0004 0 0.9551 0.071 0.2385 0.3578 1.5026 0.8991 0.0656 0.3619 0.4552 2.4547 0.1298 0.1298 0.2296 0 0
15 483 1460 0 0 0 0 0 1.0008 0 0.9715 -0.1832 0.2564 0.3106 1.9274 0.9063 -0.1263 0.3717 0.4642 2.6133 0.0741 0.0741 0.2501 0 0
15 484 1451 0 0 0 0 0 1.0004 0 0.9764 -0.1131 0.1828 0.2391 1.1208 0.9114 -0.0389 0.3437 0.4452 2.442 -0.05 0.05 0.2453 0 0
15 485 1442 0 0 0 0 0 1.0002 0 0.9702 0.0651 0.2117 0.2658 1.2995 0.9135 0.0485 0.3302 0.4102 2.3837 0.0097 0.0097 0.2523 0 0
15 486 1439 0 0 0 0 0 1.0004 0 0.9707 -0.1237 0.1728 0.217 1.1613 0.9094 -0.0806 0.3141 0.4087 2.532 -0.0179 0.0179 0.2687 0 0
15 487 1430 0 0 0 0 0 1.0003 0 0.9819 0.1005 0.2444 0.3693 1.8636 0.9088 -0.0045 0.3677 0.4618 2.2609 0.0342 0.0342 0.2548 0 0
15 488 1435 0 0 0 0 0 1.0007 0 0.9805 -0.0581 0.1517 0.2026 1.144 0.9141 -0.0391 0.3368 0.434 2.4297 0.0132 0.0132 0.2542 0 0
15 489 1414 0 0 0 0 0 1.0002 0 0.9787 -0.0129 0.165 0.2082 1.4487 0.915 0.0318 0.3239 0.4128 2.3944 -0.132 0.132 0.2637 0 0
15 490 1418 0 0 0 0 0 1.0003 0 0.9651 0.165 0.2974 0.4582 2.2382 0.9026 0.0188 0.3583 0.4492 2.3614 0.0059 0.0059 0.2571 0 0
15 491 1441 0 0 0 0 0 1.0001 0 0.9818 0.0044 0.1657 0.211 1.3987 0.9174 0.0226 0.3268 0.4079 2.3811 0.0164 0.0164 0.2439 0 0
15 492 1362 0 0 0 0 0 1.0003 0 0.9851 0.1359 0.1608 0.2035 1.2957 0.9052 0.0966 0.332 0.4123 2.5568 -0.0141 0.0141 0.2499 0 0
15 493 1442 0 0 0 0 0 1.0001 0 0.9961 0.0228 0.0806 0.0967 1.6042 0.9206 -0.0045 0.3314 0.4202 2.4474 0.0311 0.0311 0.233 0 0
15 494 1428 0 0 0 0 0 1.0014 0 0.9801 0.1694 0.1858 0.2972 1.5552 0.9098 0.1302 0.3597 0.4511 2.3602 -0.0561 0.0561 0.2475 0 0
15 495 1444 0 0 0 0 0 1.0003 0 0.9824 0.0865 0.175 0.2352 1.7708 0.8928 0.0427 0.3554 0.4595 2.3358 0.057 0.057 0.2398 0 0
15 496 1433 0 0 0 0 0 1.0008 0 0.986 -0.0161 0.1521 0.1975 1.9182 0.8965 -0.0574 0.3557 0.4398 2.5069 0.0325 0.0325 0.2517 0 0
15 497 1437 0 0 0 0 0 1.0003 0 0.9882 0.0128 0.124 0.1581 1.1661 0.9294 2e-04 0.3194 0.3993 2.3523 -0.1098 0.1098 0.2472 0 0
15 498 1296 0 0 0 0 0 1.0001 0 0.9926 -0.1044 0.1668 0.2017 1.8739 0.8926 -0.1419 0.3735 0.4631 2.3792 -0.0887 0.0887 0.2618 0 0
15 499 1445 0 0 0 0 0 1.0002 0 0.9628 -0.1183 0.207 0.2677 1.0239 0.9101 -0.1044 0.3301 0.4302 2.3733 -0.0436 0.0436 0.2539 0 0
15 500 1451 0 0 0 0 0 1.0001 0 0.9826 -0.1523 0.2738 0.3524 2.345 0.8943 -0.1572 0.406 0.5041 2.4798 0.1048 0.1048 0.2413 0 0
