cond r run.time ndiv nbfmi ntree nbulk ntail maxRhat nRhat beta.cor beta.bias beta.abbias beta.rmse beta.CI theta.cor theta.bias theta.abbias theta.rmse theta.CI lambda.bias lambda.abbias lambda.CI corrupt efficiency
54 1 667 0 0 0 0 0 1.0001 0 0.9645 -0.065 0.3091 0.4073 2.4819 0.756 -0.0232 0.4568 0.6529 4.0824 -0.1377 0.1377 0.4585 0 0
54 2 632 0 0 0 0 0 1.0002 0 0.9131 0.0908 0.2728 0.3609 1.7021 0.8147 0.0742 0.4358 0.622 4.2312 0.0502 0.0502 0.4335 0 0
54 3 607 0 0 0 0 0 1.0009 0 0.9559 -0.0438 0.2485 0.3552 2.1424 0.7821 0.0292 0.4569 0.6276 4.0866 -0.035 0.035 0.4242 0 0
54 4 658 0 0 0 0 0 1.0004 0 0.9754 0.0743 0.2533 0.3123 2.3796 0.7329 0.0743 0.466 0.6506 4.1142 0.1864 0.1864 0.4709 0 0
54 5 579 0 0 0 0 0 1.0007 0 0.9667 -0.0952 0.1789 0.2353 1.6694 0.7793 -0.0502 0.4384 0.5896 4.0777 -0.0306 0.0306 0.432 0 0
54 6 628 0 0 0 0 0 1.0003 0 0.9683 -0.0113 0.1993 0.2556 1.7986 0.7926 -0.0082 0.4286 0.6033 4.0575 0.1246 0.1246 0.4186 0 0
54 7 673 0 0 0 0 0 1.0003 0 0.9342 0.0122 0.2665 0.334 1.7567 0.7892 0.046 0.4601 0.6122 4.0273 -0.2 0.2 0.4222 0 0
54 8 614 0 0 0 0 0 1.0004 0 0.9719 -0.0174 0.2751 0.3529 2.572 0.7648 0.0092 0.4732 0.6329 4.0911 -0.1183 0.1183 0.45 0 0
54 9 609 0 0 0 0 0 1.0012 0 0.969 -0.0092 0.1825 0.2322 1.6599 0.7772 -0.0888 0.4777 0.694 4.0582 -0.0716 0.0716 0.4059 0 0
54 10 594 0 0 0 0 0 1.0004 0 0.951 -0.3116 0.3669 0.4736 2.4554 0.6801 -0.1182 0.522 0.7122 4.1583 0.0587 0.0587 0.5574 0 0
54 11 609 0 0 0 0 0 1.0002 0 0.9503 0.0486 0.2134 0.2638 1.484 0.7571 -0.058 0.4585 0.6864 4.1247 -0.0957 0.0957 0.4809 0 0
54 12 613 0 0 0 0 0 1.0002 0 0.963 -0.1843 0.3061 0.4379 2.5307 0.7573 -0.1562 0.4584 0.6195 4.0396 -0.1073 0.1073 0.4331 0 0
54 13 608 0 0 0 0 0 1.0006 0 0.9208 0.078 0.3033 0.5336 3.0892 0.7729 -0.0208 0.447 0.5871 4.0502 -0.1012 0.1012 0.4486 0 0
54 14 587 0 0 0 0 0 1.0014 0 0.9802 0.0957 0.198 0.3049 2.4582 0.7741 0.0176 0.4677 0.6326 4.1545 -0.1035 0.1035 0.5009 0 0
54 15 573 0 0 0 0 0 1.0009 0 0.9745 -0.0522 0.1924 0.2744 1.9606 0.7583 -0.0678 0.4797 0.6367 4.0813 -0.0569 0.0569 0.4845 0 0
54 16 642 0 0 0 0 0 1.0012 0 0.9115 -0.2334 0.3569 0.5219 2.451 0.8044 -0.1351 0.4146 0.5612 4.1221 -0.088 0.088 0.4777 0 0
54 17 555 0 0 0 0 0 1.0013 0 0.9485 -0.1719 0.3551 0.4486 1.9287 0.8323 -0.1304 0.448 0.57 4.1772 0.0294 0.0294 0.4656 0 0
54 18 578 0 0 0 0 0 1.001 0 0.9581 -0.061 0.3197 0.5167 2.901 0.8084 -2e-04 0.4341 0.589 4.1175 -0.0175 0.0175 0.4592 0 0
54 19 578 0 0 0 0 0 1.0003 0 0.9725 -0.0179 0.1867 0.2662 1.9547 0.8439 0.0441 0.3908 0.4959 4.0107 0.0306 0.0306 0.4336 0 0
54 20 638 0 0 0 0 0 1.0001 0 0.9177 0.2789 0.3753 0.6537 2.5767 0.7728 0.083 0.4767 0.6519 4.0598 0.1946 0.1946 0.4622 0 0
54 21 588 0 0 0 0 0 1.0004 0 0.957 -0.0518 0.4329 0.584 2.9629 0.7816 -0.1327 0.4871 0.639 4.1704 -0.0698 0.0698 0.4959 0 0
54 22 602 0 0 0 0 0 1.0008 0 0.9594 -0.1556 0.316 0.4076 2.1657 0.7414 -0.1719 0.4839 0.6432 4.0956 -0.1224 0.1224 0.4547 0 0
54 23 587 0 0 0 0 0 1.0013 0 0.9665 0.1518 0.2541 0.4045 2.6829 0.745 0.045 0.4412 0.5966 4.0754 0.0159 0.0159 0.4927 0 0
54 24 592 0 0 0 0 0 1.0012 0 0.9667 0.1813 0.29 0.367 2.4918 0.7667 0.0058 0.4563 0.6149 4.0361 0.0047 0.0047 0.4489 0 0
54 25 527 0 0 0 0 0 1.0003 0 0.9508 -0.1419 0.329 0.4284 2.0552 0.7504 -0.0412 0.484 0.6356 4.0664 -0.1005 0.1005 0.4417 0 0
54 26 634 0 0 0 0 0 1.0001 0 0.9794 -0.0269 0.1976 0.2715 2.3723 0.8126 0.0609 0.4126 0.5734 4.0775 0.0607 0.0607 0.434 0 0
54 27 553 0 0 0 0 0 1.0014 0 0.9641 0.0426 0.2982 0.4056 2.3391 0.7593 0.003 0.4826 0.6716 4.103 -0.0993 0.0993 0.4305 0 0
54 28 595 0 0 0 0 0 1.0002 0 0.9482 0.1942 0.3313 0.3976 2.1417 0.7675 0.1378 0.4987 0.6855 4.0335 -0.0193 0.0193 0.4646 0 0
54 29 587 0 0 0 0 0 1.0004 0 0.918 -0.1636 0.3485 0.4447 1.7422 0.8236 -0.0734 0.4393 0.5927 4.0432 -0.0213 0.0213 0.4091 0 0
54 30 589 0 0 0 0 0 1.0003 0 0.9754 0.0428 0.2164 0.2771 1.7455 0.7698 0.0184 0.4794 0.6349 4.3131 -0.0685 0.0685 0.4669 0 0
54 31 599 0 0 0 0 0 1.0002 0 0.975 0.1544 0.3082 0.3946 2.3877 0.7392 0.1109 0.4783 0.6699 4.1035 0 0 0.4611 0 0
54 32 596 0 0 0 0 0 1.0006 0 0.9499 -0.2225 0.303 0.3833 2.2709 0.7669 -0.1252 0.5023 0.6754 4.0956 -0.1945 0.1945 0.4226 0 0
54 33 597 0 0 0 0 0 1.0007 0 0.9265 0.0174 0.3111 0.4805 2.7584 0.7557 0.0513 0.4946 0.6607 4.0564 -0.1762 0.1762 0.4766 0 0
54 34 669 0 0 0 0 0 1.0005 0 0.9708 -0.2108 0.2934 0.4319 2.6096 0.8095 -0.1125 0.4501 0.6091 4.1242 -0.128 0.128 0.4198 0 0
54 35 626 0 0 0 0 0 1.0009 0 0.9635 0.2052 0.2408 0.2976 2.2939 0.7657 0.1562 0.4675 0.6164 4.1674 0.0591 0.0591 0.4544 0 0
54 36 600 0 0 0 0 0 1.0006 0 0.9571 -0.0248 0.2702 0.3458 1.9174 0.8234 0.0324 0.3982 0.5576 4.1304 0.0044 0.0044 0.4423 0 0
54 37 665 0 0 0 0 0 1.0001 0 0.9718 0.0341 0.1921 0.2272 1.8184 0.8378 0.0469 0.3684 0.5037 4.1601 -0.0369 0.0369 0.4125 0 0
54 38 531 0 0 0 0 0 1.0011 0 0.9664 0.0042 0.2113 0.2504 1.6541 0.7468 0.0312 0.4665 0.6635 4.2885 -0.0193 0.0193 0.4387 0 0
54 39 579 0 0 0 0 0 1.0004 0 0.9675 0.1647 0.2227 0.2903 1.672 0.7402 0.0647 0.456 0.6314 4.0419 0.2348 0.2348 0.4163 0 0
54 40 606 0 0 0 0 0 1.0002 0 0.9515 0.179 0.3107 0.3801 2.1522 0.8395 0.0585 0.4399 0.5585 4.1794 0.0707 0.0707 0.4476 0 0
54 41 606 0 0 0 0 0 1.0016 0 0.9247 -0.1212 0.3693 0.4957 2.6725 0.7688 -0.1036 0.4722 0.6571 4.1246 -0.1236 0.1236 0.4972 0 0
54 42 558 0 0 0 0 0 1.0013 0 0.9802 -0.0219 0.215 0.2604 2.3367 0.8111 0.0254 0.4066 0.5474 3.9996 -0.1372 0.1372 0.3857 0 0
54 43 627 0 0 0 0 0 1.0004 0 0.9655 -0.016 0.2867 0.4136 2.213 0.7356 -0.016 0.4693 0.6461 4.0752 0.0824 0.0824 0.4517 0 0
54 44 649 0 0 0 0 0 1.0003 0 0.9713 -0.0309 0.2133 0.2737 2.1386 0.8048 -0.0143 0.4353 0.5972 4.3038 -0.1367 0.1367 0.4943 0 0
54 45 621 0 0 0 0 0 1.0012 0 0.9685 0.0193 0.2182 0.2743 2.241 0.7799 0.0657 0.4394 0.5808 4.1605 -0.0708 0.0708 0.4773 0 0
54 46 642 0 0 0 0 0 1.0005 0 0.9515 -0.1182 0.2829 0.4048 2.0876 0.7872 -0.1138 0.4671 0.6125 4.0857 -0.1474 0.1474 0.4305 0 0
54 47 624 0 0 0 0 0 1.0003 0 0.9324 -0.001 0.2872 0.4619 2.5896 0.7733 -0.006 0.456 0.6207 4.0072 -0.1181 0.1181 0.4263 0 0
54 48 636 0 0 0 0 0 1.0008 0 0.9796 -0.0265 0.1649 0.2031 1.7151 0.7986 0.0028 0.4187 0.568 4.0222 0.1704 0.1704 0.418 0 0
54 49 653 0 0 0 0 0 1.0001 0 0.9537 0.0234 0.2303 0.2836 1.4507 0.8197 -0.0503 0.4209 0.5696 4.0426 -0.0394 0.0394 0.403 0 0
54 50 655 0 0 0 0 0 1.0011 0 0.9366 -0.0811 0.3519 0.5599 2.7788 0.814 0.0047 0.4284 0.6114 4.0902 -0.1347 0.1347 0.4492 0 0
54 51 569 0 0 0 0 0 1.0003 0 0.9542 0.1554 0.2805 0.3597 1.9355 0.7866 0.1516 0.4738 0.6623 4.1451 0.0212 0.0212 0.4429 0 0
54 52 623 0 0 0 0 0 1.0008 0 0.9749 0.0362 0.1962 0.2398 1.7145 0.7201 0.1199 0.5083 0.7144 4.0235 -0.2466 0.2466 0.3977 0 0
54 53 629 0 0 0 0 0 1.0022 0 0.9595 0.0093 0.2725 0.3471 2.6678 0.7593 0.0847 0.4658 0.612 4.1112 -0.0247 0.0247 0.5123 0 0
54 54 600 0 0 0 0 0 1.0007 0 0.9668 -0.0212 0.2007 0.2749 2.2345 0.7796 0.029 0.4059 0.5389 4.0538 0.0101 0.0101 0.4408 0 0
54 55 634 0 0 0 0 0 1.0004 0 0.9517 0.1912 0.3572 0.5007 2.8002 0.7964 0.0992 0.4603 0.6249 4.1487 0.0695 0.0695 0.5297 0 0
54 56 611 0 0 0 0 0 1.0005 0 0.9415 -0.1096 0.3325 0.4214 2.0991 0.7479 -0.0322 0.4689 0.6312 4.1535 0.0626 0.0626 0.443 0 0
54 57 628 1 0 0 0 0 1.0001 0 0.9387 0.1606 0.2875 0.4869 2.936 0.824 0.1042 0.4323 0.5614 4.206 0.1669 0.1669 0.5148 1 0
54 58 458 0 0 0 0 0 1.001 0 0.8746 -0.2845 0.387 0.6968 3.0456 0.7668 -0.1428 0.4891 0.6345 4.1234 0.0488 0.0488 0.4948 0 0
54 59 650 0 0 0 0 0 1.0005 0 0.9465 -0.2608 0.3228 0.4718 2.1469 0.7901 -0.1993 0.4783 0.6292 4.0547 -0.0789 0.0789 0.4233 0 0
54 60 560 0 0 0 0 0 1.0003 0 0.9605 -0.0459 0.2328 0.2888 2.2079 0.804 -0.0394 0.4427 0.639 4.118 0.096 0.096 0.4769 0 0
54 61 607 0 0 0 0 0 1.0021 0 0.9559 0.1035 0.2526 0.3222 2.2313 0.7699 0.0937 0.5135 0.6855 4.1596 -0.0873 0.0873 0.4927 0 0
54 62 561 0 0 0 0 0 1.0005 0 0.9436 0.2174 0.346 0.4574 2.3773 0.8332 0.1002 0.4209 0.5588 4.1252 -0.1547 0.1547 0.4563 0 0
54 63 551 0 0 0 0 0 1.0009 0 0.9598 -0.2148 0.3451 0.4706 2.8195 0.7464 -0.0482 0.4653 0.6275 4.067 -0.0694 0.0694 0.4901 0 0
54 64 630 0 0 0 0 0 1.0003 0 0.9058 0.0317 0.2692 0.3428 1.4917 0.7784 -0.0027 0.4259 0.6243 4.1022 0.0847 0.0847 0.4249 0 0
54 65 617 0 0 0 0 0 1.0007 0 0.943 -0.314 0.4144 0.6198 2.6337 0.7467 -0.1418 0.4894 0.6265 4.0288 0.2287 0.2287 0.4537 0 0
54 66 600 0 0 0 0 0 1.0002 0 0.9798 -0.1386 0.2102 0.2422 1.7476 0.7631 -0.1652 0.4882 0.6413 4.036 0.0967 0.0967 0.4266 0 0
54 67 594 0 0 0 0 0 1.0005 0 0.9605 -0.2047 0.4523 0.6698 2.7759 0.7583 -0.0823 0.4576 0.6311 4.0607 0.003 0.003 0.488 0 0
54 68 596 0 0 0 0 0 1.0017 0 0.9319 0.0018 0.2525 0.3065 1.6708 0.7403 -0.0686 0.4838 0.6977 4.0491 -0.0404 0.0404 0.4702 0 0
54 69 627 0 0 0 0 0 1.0025 0 0.9756 -0.0081 0.2045 0.2741 2.0489 0.7425 -0.0063 0.5124 0.7108 4.1412 -0.0866 0.0866 0.4689 0 0
54 70 640 0 0 0 0 0 1.0014 0 0.9554 -0.0426 0.2713 0.3603 2.4852 0.8268 -0.0452 0.3776 0.5362 4.0322 0.0181 0.0181 0.4011 0 0
54 71 628 0 0 0 0 0 1.0006 0 0.9398 0.1968 0.4955 0.7126 2.822 0.7678 0.0639 0.5077 0.6765 4.0617 0.075 0.075 0.4633 0 0
54 72 618 0 0 0 0 0 1.0012 0 0.8999 -0.004 0.3011 0.4048 1.7721 0.835 -0.0411 0.416 0.5829 4.0252 -0.0439 0.0439 0.3999 0 0
54 73 637 0 0 0 0 0 1.0001 0 0.948 0.0894 0.2712 0.3285 1.5752 0.7916 0.0472 0.426 0.6262 4.0913 0.2215 0.2215 0.3888 0 0
54 74 620 0 0 0 0 0 1.0002 0 0.9019 0.2396 0.3882 0.5787 2.4823 0.7886 0.1087 0.4865 0.6281 4.0934 -0.0564 0.0564 0.4402 0 0
54 75 645 0 0 0 0 0 1.0002 0 0.9362 0.0674 0.3136 0.4094 1.9572 0.778 0.0553 0.413 0.5991 4.0155 0.0691 0.0691 0.4229 0 0
54 76 542 0 0 0 0 0 1.0013 0 0.9437 0.1505 0.3863 0.4733 2.4512 0.7469 0.098 0.4801 0.6346 4.1038 -0.0058 0.0058 0.4732 0 0
54 77 593 0 0 0 0 0 1.0005 0 0.9748 -0.0867 0.2225 0.2596 1.8421 0.753 -0.0396 0.4321 0.5968 4.178 0.143 0.143 0.484 0 0
54 78 620 0 0 0 0 0 1.0001 0 0.9644 -0.047 0.2368 0.2993 1.902 0.7881 0.0556 0.4775 0.6407 4.0758 -0.1639 0.1639 0.4103 0 0
54 79 631 0 0 0 0 0 1.0002 0 0.9381 0.0974 0.2916 0.4506 2.4679 0.8112 0.0454 0.4088 0.5984 4.0393 0.024 0.024 0.4374 0 0
54 80 637 0 0 0 0 0 1.001 0 0.9374 -0.2431 0.3342 0.4091 2.0547 0.837 -0.1349 0.4014 0.5362 4.1421 -0.1056 0.1056 0.4452 0 0
54 81 568 0 0 0 0 0 1.0003 0 0.9759 0.0094 0.2086 0.2779 2.5772 0.7949 -0.0051 0.4379 0.5911 4.1495 -0.0478 0.0478 0.4443 0 0
54 82 648 0 0 0 0 0 1.0019 0 0.9218 0.2903 0.3517 0.5721 2.8553 0.7882 0.1808 0.4802 0.6496 4.1553 0.1615 0.1615 0.4844 0 0
54 83 586 0 0 0 0 0 1.0007 0 0.9785 -0.0373 0.1768 0.2191 1.5861 0.8536 0.0135 0.4094 0.5591 4.0633 -0.0137 0.0137 0.3878 0 0
54 84 634 0 0 0 0 0 1.0002 0 0.9557 0.1072 0.2471 0.4266 2.402 0.8234 -0.0092 0.4296 0.5754 4.3138 0.0995 0.0995 0.4919 0 0
54 85 637 0 0 0 0 0 1.0008 0 0.9518 -0.0787 0.272 0.3608 2.2385 0.8083 -0.0815 0.4259 0.589 4.3762 -0.0441 0.0441 0.4973 0 0
54 86 613 0 0 0 0 0 1.0001 0 0.9528 0.1107 0.2434 0.3254 2.0875 0.7287 0.0373 0.4698 0.6495 4.0303 0.0613 0.0613 0.4293 0 0
54 87 652 0 0 0 0 0 1.001 0 0.9767 0.1075 0.2446 0.2867 1.957 0.7543 0.0225 0.4761 0.648 4.126 -0.0604 0.0604 0.4443 0 0
54 88 630 0 0 0 0 0 1.0005 0 0.9719 0.0429 0.1808 0.2104 1.6287 0.7139 0.0091 0.5094 0.7048 4.2324 -0.1321 0.1321 0.4404 0 0
54 89 615 0 0 0 0 0 1.0009 0 0.98 0.0765 0.1639 0.2303 2.4434 0.7908 0.0273 0.4311 0.5474 4.0619 -0.1995 0.1995 0.4469 0 0
54 90 502 0 0 0 0 0 1.0008 0 0.9703 0.0138 0.1901 0.2304 2.1816 0.6753 0.0237 0.4688 0.7022 4.0623 -0.055 0.055 0.4741 0 0
54 91 554 0 0 0 0 0 1.0003 0 0.9517 -0.0721 0.3728 0.4597 2.3359 0.8071 -0.0668 0.4606 0.6054 4.0784 0.0964 0.0964 0.4424 0 0
54 92 603 0 0 0 0 0 1.0008 0 0.9449 -0.1758 0.2366 0.3752 2.6281 0.7423 0.0259 0.509 0.7095 4.1187 0.1953 0.1953 0.4688 0 0
54 93 609 0 0 0 0 0 1.0004 0 0.9645 0.0226 0.3108 0.3835 2.4902 0.8039 -0.003 0.4461 0.629 4.1109 -0.1802 0.1802 0.4225 0 0
54 94 551 0 0 0 0 0 1.0004 0 0.9478 0.0132 0.2672 0.3754 2.0895 0.8158 -0.0247 0.4535 0.6042 4.0941 0.1522 0.1522 0.4143 0 0
54 95 620 0 0 0 0 0 1.001 0 0.9655 -0.0274 0.2415 0.3032 1.9677 0.8332 0.0649 0.4222 0.5533 4.1557 -0.0486 0.0486 0.413 0 0
54 96 604 0 0 0 0 0 1.0004 0 0.952 -0.1451 0.2224 0.2846 1.519 0.7499 -0.0618 0.4819 0.6671 4.0754 -0.0676 0.0676 0.4673 0 0
54 97 631 0 0 0 0 0 1.0006 0 0.9382 0.1327 0.3577 0.5268 2.8847 0.8105 0.0549 0.4689 0.6593 4.1391 -0.1449 0.1449 0.4311 0 0
54 98 604 0 0 0 0 0 1.0009 0 0.9832 0.0969 0.2232 0.2599 2.1467 0.788 -0.0162 0.4696 0.6311 4.354 -0.0626 0.0626 0.5227 0 0
54 99 539 0 0 0 0 0 1.0005 0 0.9538 0.0234 0.31 0.4052 1.9058 0.7828 -0.0164 0.4768 0.6398 4.0223 -0.1091 0.1091 0.4079 0 0
54 100 654 0 0 0 0 0 1.0009 0 0.8994 0.1198 0.4054 0.623 2.5324 0.818 0.0535 0.4288 0.5894 4.0848 -0.0287 0.0287 0.4221 0 0
54 101 611 0 0 0 0 0 1.0002 0 0.9638 0.0635 0.2226 0.3578 2.5496 0.7661 0.1008 0.4659 0.6437 4.037 -0.0247 0.0247 0.4439 0 0
54 102 602 0 0 0 0 0 1.0002 0 0.9664 -0.0687 0.2755 0.3485 2.5354 0.7514 0.0058 0.496 0.6899 4.1368 0.2124 0.2124 0.452 0 0
54 103 616 0 0 0 0 0 1.0001 0 0.9064 0.0507 0.4469 0.6384 2.7678 0.8031 -0.0228 0.4659 0.618 4.0216 0.0026 0.0026 0.4325 0 0
54 104 583 0 0 0 0 0 1.0007 0 0.9576 -0.0997 0.3137 0.3851 2.4735 0.7571 -0.0264 0.45 0.6135 4.0395 -0.1548 0.1548 0.4306 0 0
54 105 662 0 0 0 0 0 1.0015 0 0.969 -0.0441 0.2364 0.2939 2.4554 0.7753 -0.0058 0.4427 0.6426 4.0738 0.1419 0.1419 0.4318 0 0
54 106 625 0 0 0 0 0 1.0003 0 0.9618 0.0591 0.2332 0.2781 1.9752 0.8073 0.1166 0.4438 0.6111 4.0442 0.1026 0.1026 0.4326 0 0
54 107 602 0 0 0 0 0 1.001 0 0.9278 -0.1645 0.416 0.5665 2.6825 0.7728 -0.0943 0.4491 0.6147 4.1068 -0.0534 0.0534 0.4342 0 0
54 108 598 0 0 0 0 0 1.0002 0 0.9623 0.2304 0.2631 0.3433 1.9072 0.7349 0.1048 0.4503 0.6193 4.0319 -0.0375 0.0375 0.4181 0 0
54 109 506 0 0 0 0 0 1.0003 0 0.9611 -0.1852 0.2919 0.436 2.6957 0.7367 -0.1017 0.4773 0.6259 4.0336 0.1017 0.1017 0.4939 0 0
54 110 630 0 0 0 0 0 1.0011 0 0.9616 0.1195 0.2425 0.3466 1.9394 0.7729 0.067 0.4966 0.6973 4.1993 0.093 0.093 0.404 0 0
54 111 628 0 0 0 0 0 1.0002 0 0.9127 -0.0847 0.2536 0.3408 1.5754 0.8045 -0.013 0.4415 0.5825 4.0067 -0.0138 0.0138 0.4397 0 0
54 112 618 0 0 0 0 0 1.0001 0 0.9536 -0.0024 0.3184 0.468 2.3791 0.7924 -0.0358 0.5139 0.6984 4.0441 0.0905 0.0905 0.4146 0 0
54 113 551 0 0 0 0 0 1.0009 0 0.9744 0.0471 0.2477 0.3284 2.6258 0.7958 0.0276 0.47 0.6146 4.051 -0.0734 0.0734 0.4075 0 0
54 114 644 0 0 0 0 0 1.0013 0 0.9706 -0.1034 0.1908 0.2432 1.9213 0.788 -0.0915 0.4259 0.5923 4.1097 -0.0843 0.0843 0.4385 0 0
54 115 586 0 0 0 0 0 1.0006 0 0.9514 0.0916 0.2549 0.2958 1.6797 0.7378 -0.0079 0.4862 0.6504 4.1258 -0.0185 0.0185 0.4855 0 0
54 116 531 0 0 0 0 0 1.0005 0 0.9516 0.1747 0.3636 0.5441 2.9796 0.8076 0.0146 0.4479 0.5999 4.1588 0.1144 0.1144 0.4952 0 0
54 117 626 0 0 0 0 0 1.0002 0 0.9254 0.1825 0.3126 0.3963 1.8059 0.8503 0.0963 0.4056 0.5652 4.1433 0.1354 0.1354 0.4472 0 0
54 118 630 0 0 0 0 0 1.001 0 0.9555 0.0039 0.2579 0.4952 2.5736 0.7308 -0.063 0.4979 0.6905 4.0698 -0.076 0.076 0.4753 0 0
54 119 640 0 0 0 0 0 1.0005 0 0.9769 0.0478 0.2024 0.2763 2.0734 0.7546 -0.0166 0.4734 0.6545 4.0531 -0.096 0.096 0.4251 0 0
54 120 608 0 0 0 0 0 1.0004 0 0.9732 0.1278 0.2338 0.3143 2.0636 0.7701 0.0915 0.4863 0.6177 4.0767 0.1896 0.1896 0.4263 0 0
54 121 534 0 0 0 0 0 1.0023 0 0.9513 0.1476 0.2998 0.3745 2.2629 0.6974 0.0522 0.4856 0.66 4.2124 -0.0072 0.0072 0.5388 0 0
54 122 633 0 0 0 0 0 1.0002 0 0.9738 0.08 0.2379 0.3473 2.3699 0.8146 0.0627 0.4309 0.5627 4.1397 -0.059 0.059 0.5172 0 0
54 123 604 0 0 0 0 0 1.0002 0 0.9413 0.0397 0.2995 0.4618 2.2378 0.7416 -0.0226 0.484 0.7094 4.1452 -0.1593 0.1593 0.437 0 0
54 124 614 0 0 0 0 0 1.0002 0 0.951 0.0254 0.2957 0.4917 2.5216 0.7855 -0.0746 0.4561 0.5954 4.1393 0.0843 0.0843 0.434 0 0
54 125 476 0 0 0 0 0 1.0002 0 0.9705 -0.0358 0.2188 0.2879 2.4091 0.7835 -0.0173 0.4291 0.5986 4.0479 0.0616 0.0616 0.4149 0 0
54 126 611 0 0 0 0 0 1.0002 0 0.9369 0.0621 0.3318 0.4662 2.3514 0.7446 0.0044 0.4338 0.5876 4.2093 0.0527 0.0527 0.4442 0 0
54 127 572 0 0 0 0 0 1.0006 0 0.9514 0.0461 0.2605 0.3532 2.1406 0.72 -0.0281 0.5085 0.7121 4.1421 0.0092 0.0092 0.4901 0 0
54 128 578 0 0 0 0 0 1.0015 0 0.9684 -0.0345 0.2259 0.2848 1.8692 0.7409 -0.0945 0.5105 0.7113 4.1064 -0.0378 0.0378 0.449 0 0
54 129 558 0 0 0 0 0 1.0004 0 0.9635 -0.1343 0.2565 0.3236 2.0627 0.7852 -0.1166 0.4476 0.5876 4.0452 -0.1145 0.1145 0.4177 0 0
54 130 603 0 0 0 0 0 1.0005 0 0.9594 0.0558 0.2033 0.2587 1.4241 0.8069 -0.0484 0.4776 0.6551 4.0486 -0.1592 0.1592 0.4088 0 0
54 131 559 0 0 0 0 0 1.0002 0 0.9756 0.0042 0.267 0.3668 2.6438 0.7759 -0.1361 0.4717 0.6549 4.0275 0.0815 0.0815 0.4351 0 0
54 132 619 0 0 0 0 0 1.0005 0 0.9667 -0.0143 0.2517 0.318 2.3016 0.7547 -0.0088 0.466 0.6328 4.1266 0.2661 0.2661 0.4416 0 0
54 133 633 0 0 0 0 0 1.0028 0 0.9454 0.0216 0.3071 0.3647 1.6967 0.8266 0.0438 0.4187 0.5675 4.1652 -0.0997 0.0997 0.4824 0 0
54 134 625 0 0 0 0 0 1.0008 0 0.9829 0.0433 0.1579 0.2219 2.4989 0.8115 0.1693 0.436 0.6021 4.0944 0.0877 0.0877 0.4595 0 0
54 135 619 0 0 0 0 0 1.0002 0 0.9454 -0.2717 0.3233 0.5037 2.6659 0.7983 -0.1265 0.4659 0.6233 4.195 0.0054 0.0054 0.4962 0 0
54 136 650 0 0 0 0 0 1.0007 0 0.959 0.022 0.4015 0.5901 2.5002 0.7814 0.0715 0.4654 0.6342 4.03 0.1339 0.1339 0.4525 0 0
54 137 613 0 0 0 0 0 1.0003 0 0.9523 -0.0272 0.2738 0.3692 2.4691 0.7906 0.0434 0.4747 0.6454 4.1435 0.0095 0.0095 0.425 0 0
54 138 613 0 0 0 0 0 1.0002 0 0.9831 0.137 0.2119 0.2579 1.9669 0.7537 0.0341 0.4751 0.6463 4.1551 -0.0481 0.0481 0.5002 0 0
54 139 643 0 0 0 0 0 1.0005 0 0.951 0.02 0.2684 0.3823 2.6739 0.8063 -0.0843 0.4503 0.6194 4.0082 0.0126 0.0126 0.4193 0 0
54 140 592 0 0 0 0 0 1.0007 0 0.9576 0.0505 0.2665 0.3606 2.3532 0.7223 -0.0826 0.4976 0.6991 4.14 0.1437 0.1437 0.4754 0 0
54 141 614 0 0 0 0 0 1.0008 0 0.9657 -0.0428 0.1779 0.2215 1.5107 0.7999 0.0077 0.463 0.6387 4.0582 -0.1475 0.1475 0.4274 0 0
54 142 621 0 0 0 0 0 1.001 0 0.9686 -0.0065 0.2491 0.3314 1.9028 0.7828 -0.008 0.5015 0.6831 4.0814 0.1125 0.1125 0.4593 0 0
54 143 641 0 0 0 0 0 1.0005 0 0.9717 -0.0258 0.2145 0.2652 1.7996 0.8386 0.002 0.4246 0.5641 4.0573 0.0705 0.0705 0.4202 0 0
54 144 633 0 0 0 0 0 1.0008 0 0.9672 0.245 0.2794 0.34 1.8295 0.8206 0.1632 0.4445 0.561 4.0436 0.0833 0.0833 0.4252 0 0
54 145 599 0 0 0 0 0 1.0019 0 0.9659 -0.0237 0.2291 0.2791 2.2784 0.7851 -0.0418 0.4587 0.6229 4.074 -0.0729 0.0729 0.458 0 0
54 146 618 0 0 0 0 0 1.001 0 0.939 -0.1938 0.2756 0.4259 2.6146 0.8229 -0.1292 0.4228 0.5797 4.1808 0.0255 0.0255 0.5276 0 0
54 147 573 0 0 0 0 0 1.0008 0 0.9433 -0.152 0.3076 0.3956 1.8335 0.825 -0.0745 0.472 0.6437 4.0722 0.0967 0.0967 0.3654 0 0
54 148 548 0 0 0 0 0 1.0013 0 0.9581 -0.0219 0.2291 0.2719 1.7126 0.7283 -0.0293 0.4732 0.6755 4.0501 0.0132 0.0132 0.4509 0 0
54 149 608 0 0 0 0 0 1.0007 0 0.9675 -0.0149 0.2097 0.2712 1.7838 0.8077 -0.0043 0.428 0.582 4.0318 0.0759 0.0759 0.4009 0 0
54 150 638 0 0 0 0 0 1.0007 0 0.9794 -0.0712 0.1991 0.2388 1.8105 0.8057 -0.0136 0.4065 0.5568 4.0868 0.0079 0.0079 0.5011 0 0
54 151 599 0 0 0 0 0 1.001 0 0.9464 0.0923 0.2765 0.3584 1.8698 0.7098 0.094 0.4827 0.6668 4.1143 -0.1515 0.1515 0.5146 0 0
54 152 620 0 0 0 0 0 1.0004 0 0.9666 0.1064 0.2415 0.3224 1.8938 0.8107 0.1153 0.4468 0.5902 4.0372 0.054 0.054 0.4122 0 0
54 153 598 0 0 0 0 0 1.0003 0 0.9275 -0.1845 0.3566 0.5859 2.915 0.7541 -0.0464 0.4618 0.6465 4.1407 0.0731 0.0731 0.448 0 0
54 154 627 0 0 0 0 0 1.0007 0 0.9439 -0.1462 0.284 0.4159 2.7808 0.7176 -0.05 0.501 0.6777 4.2671 -0.0739 0.0739 0.4784 0 0
54 155 631 0 0 0 0 0 1.0011 0 0.9768 0.0139 0.1966 0.2314 1.7828 0.8226 0.0739 0.4752 0.6303 4.1579 0.0019 0.0019 0.4056 0 0
54 156 640 0 0 0 0 0 1.0011 0 0.9768 0.1033 0.3027 0.3678 2.3342 0.7979 0.0186 0.4562 0.6126 4.0856 -0.0921 0.0921 0.4233 0 0
54 157 617 0 0 0 0 0 1.0002 0 0.941 -0.1599 0.3256 0.4792 2.3908 0.7697 -0.1173 0.4937 0.6623 4.1647 -0.0882 0.0882 0.4971 0 0
54 158 579 0 0 0 0 0 1.0004 0 0.9685 0.195 0.2757 0.353 2.0984 0.7865 0.1046 0.4656 0.646 4.0112 0.0768 0.0768 0.4283 0 0
54 159 577 0 0 0 0 0 1.0008 0 0.9719 -0.0014 0.2405 0.2958 2.0438 0.7507 -0.0148 0.4503 0.6432 4.082 0.0981 0.0981 0.493 0 0
54 160 646 0 0 0 0 0 1.0002 0 0.9464 -0.0959 0.228 0.2741 1.5221 0.8267 -0.0775 0.4584 0.6015 4.0032 -0.1473 0.1473 0.3996 0 0
54 161 594 0 0 0 0 0 1.001 0 0.9479 -0.0655 0.2929 0.3891 2.1008 0.7459 -0.0043 0.4852 0.6907 4.1241 0.0403 0.0403 0.4709 0 0
54 162 631 0 0 0 0 0 1.0002 0 0.9565 -0.1351 0.2848 0.3593 1.9467 0.78 -0.0974 0.4565 0.6144 4.0539 -0.0127 0.0127 0.4371 0 0
54 163 643 0 0 0 0 0 1.0006 0 0.8811 -0.2451 0.4023 0.5342 2.3782 0.725 -0.1487 0.5186 0.7179 4.1779 0.0011 0.0011 0.5554 0 0
54 164 636 0 0 0 0 0 1.0014 0 0.9372 -0.0184 0.304 0.4622 2.5287 0.769 -0.0607 0.4609 0.6581 4.0578 7e-04 7e-04 0.4886 0 0
54 165 539 0 0 0 0 0 1.0002 0 0.9546 0.0356 0.2962 0.4339 2.8153 0.7795 0.0669 0.4504 0.6333 4.0524 0.033 0.033 0.4112 0 0
54 166 543 0 0 0 0 0 1.0007 0 0.9751 0.1629 0.2523 0.3507 2.3387 0.7807 0.0862 0.4681 0.647 4.0415 -0.1493 0.1493 0.4238 0 0
54 167 558 0 0 0 0 0 1.0004 0 0.957 -0.207 0.2728 0.3488 1.8088 0.7392 -0.1246 0.4884 0.7014 4.02 -0.1423 0.1423 0.3776 0 0
54 168 584 0 0 0 0 0 1.0012 0 0.965 -0.1544 0.3309 0.4432 2.5661 0.7813 -0.0406 0.4563 0.5926 4.1378 -0.0704 0.0704 0.4722 0 0
54 169 629 0 0 0 0 0 1.0004 0 0.9416 0.0064 0.2558 0.3265 1.7167 0.81 -0.034 0.4338 0.6131 4.0636 0.0729 0.0729 0.4146 0 0
54 170 644 0 0 0 0 0 1.0002 0 0.9727 -0.0866 0.2985 0.3777 2.3492 0.7672 -0.0504 0.5196 0.7077 4.0681 -0.1959 0.1959 0.4444 0 0
54 171 624 0 0 0 0 0 1.0006 0 0.9788 -0.0599 0.2122 0.2565 1.7374 0.8166 0.0199 0.4294 0.5971 4.1215 -0.0894 0.0894 0.4634 0 0
54 172 647 0 0 0 0 0 1.0001 0 0.9613 0.1776 0.2632 0.3169 2.4533 0.7581 0.1212 0.4755 0.652 4.0638 -0.0769 0.0769 0.457 0 0
54 173 621 0 0 0 0 0 1.001 0 0.945 0.1593 0.302 0.4437 2.4052 0.7012 0.132 0.5133 0.7144 4.1621 0.1322 0.1322 0.538 0 0
54 174 590 0 0 0 0 0 1.0012 0 0.9673 -0.0031 0.247 0.32 2.6146 0.7516 -0.0044 0.4683 0.6446 4.1183 0.0074 0.0074 0.4662 0 0
54 175 622 0 0 0 0 0 1.0005 0 0.9734 -0.0449 0.1546 0.2073 1.7056 0.7854 -0.0803 0.4367 0.6004 4.0957 0.2191 0.2191 0.4174 0 0
54 176 609 0 0 0 0 0 1.0003 0 0.8721 -0.3108 0.4235 0.7021 2.557 0.7035 -0.086 0.4882 0.653 4.2101 0.0168 0.0168 0.5346 0 0
54 177 603 0 0 0 0 0 1.001 0 0.9539 0.2356 0.3086 0.4669 2.6312 0.7271 0.1446 0.5291 0.7204 4.0453 0.075 0.075 0.4688 0 0
54 178 622 0 0 0 0 0 1.0002 0 0.9445 0.1914 0.2981 0.3883 1.8648 0.7571 0.0717 0.4959 0.6839 4.0731 0.0384 0.0384 0.4119 0 0
54 179 666 0 0 0 0 0 1.0011 0 0.9708 0.0192 0.1556 0.2163 1.8053 0.8354 0.0289 0.4018 0.5525 4.0931 -0.1663 0.1663 0.4438 0 0
54 180 594 0 0 0 0 0 1.0007 0 0.9127 0.2873 0.3658 0.5372 2.5896 0.7885 0.0565 0.4744 0.6326 4.0867 -0.0109 0.0109 0.4564 0 0
54 181 596 0 0 0 0 0 1.0007 0 0.9742 -0.0089 0.2145 0.2598 2.256 0.7718 0.0993 0.4515 0.6444 4.121 0.1119 0.1119 0.5159 0 0
54 182 615 0 0 0 0 0 1.0012 0 0.9604 -0.0489 0.214 0.3033 1.9935 0.7147 -0.0492 0.49 0.6909 4.0921 -0.1781 0.1781 0.4358 0 0
54 183 653 0 0 0 0 0 1.0005 0 0.9553 0.1277 0.2666 0.3253 1.6612 0.8304 0.0782 0.4295 0.576 4.0432 -0.0977 0.0977 0.43 0 0
54 184 602 0 0 0 0 0 1.0003 0 0.9614 -0.023 0.2607 0.3646 2.3932 0.7245 -0.0185 0.4817 0.6651 4.074 -0.0066 0.0066 0.4516 0 0
54 185 644 0 0 0 0 0 1.0011 0 0.9682 -0.0033 0.1773 0.2153 1.5855 0.8057 -0.0131 0.4223 0.5959 4.0955 0.0719 0.0719 0.4454 0 0
54 186 630 0 0 0 0 0 1.0004 0 0.9722 -0.1346 0.3394 0.4456 2.2507 0.7447 -0.0164 0.5207 0.7055 4.0925 -0.1778 0.1778 0.465 0 0
54 187 660 0 0 0 0 0 1.0013 0 0.9742 0.1585 0.2169 0.2944 1.9477 0.7691 0.0716 0.4564 0.6513 4.0522 0.2229 0.2229 0.4057 0 0
54 188 585 0 0 0 0 0 1.0005 0 0.9747 -0.0194 0.1711 0.1988 1.6492 0.7221 -0.0599 0.498 0.668 4.0535 -0.1001 0.1001 0.4644 0 0
54 189 560 0 0 0 0 0 1.0012 0 0.9157 -0.1393 0.3082 0.4407 1.9062 0.8011 -0.0307 0.4466 0.6081 4.1067 -0.0925 0.0925 0.4482 0 0
54 190 633 0 0 0 0 0 1.0001 0 0.947 0.1816 0.2952 0.4434 2.5692 0.802 0.1096 0.4412 0.5825 4.0544 -0.0149 0.0149 0.4388 0 0
54 191 587 0 0 0 0 0 1.001 0 0.9595 -0.1363 0.2674 0.3504 1.7788 0.7838 -0.0928 0.4682 0.6263 4.0321 0.1774 0.1774 0.4411 0 0
54 192 550 0 0 0 0 0 1.0003 0 0.9697 0.0311 0.2343 0.299 1.9577 0.7867 0.0308 0.4488 0.6125 4.0915 0.1621 0.1621 0.4809 0 0
54 193 621 0 0 0 0 0 1.0002 0 0.9559 -0.0548 0.2716 0.3484 1.7438 0.7805 -0.0754 0.4318 0.5982 4.1187 -0.2027 0.2027 0.4597 0 0
54 194 623 0 0 0 0 0 1.0005 0 0.9768 0.0673 0.2024 0.2768 2.4471 0.8298 -0.0255 0.4248 0.5651 4.184 0.0045 0.0045 0.4434 0 0
54 195 625 0 0 0 0 0 1.0006 0 0.965 -0.1596 0.3855 0.5333 2.6879 0.7638 -0.0684 0.521 0.6795 4.1168 0.1141 0.1141 0.4466 0 0
54 196 633 0 0 0 0 0 1.0012 0 0.9552 -0.0806 0.3215 0.3785 2.2668 0.83 -0.1225 0.4364 0.5878 4.0924 -0.1603 0.1603 0.4538 0 0
54 197 624 0 0 0 0 0 1.0005 0 0.9339 0.0805 0.276 0.3927 2.3591 0.788 0.0257 0.4597 0.6318 4.0592 0.1465 0.1465 0.4225 0 0
54 198 614 0 0 0 0 0 1.0006 0 0.9518 -0.0039 0.2824 0.3116 1.5678 0.8294 -0.1057 0.4109 0.583 4.0937 -0.09 0.09 0.4328 0 0
54 199 625 0 0 0 0 0 1.0008 0 0.9754 -0.1185 0.2035 0.2553 1.8334 0.8485 -0.0099 0.3955 0.5658 4.1265 -0.0229 0.0229 0.4148 0 0
54 200 553 0 0 0 0 0 1.0015 0 0.9748 0.1919 0.2788 0.3831 2.531 0.8142 0.1626 0.4542 0.5928 4.1326 -0.0249 0.0249 0.4428 0 0
54 201 607 0 0 0 0 0 1.0007 0 0.9095 0.169 0.2623 0.4207 2.4574 0.8018 0.0318 0.423 0.597 4.036 -0.0556 0.0556 0.4459 0 0
54 202 635 0 0 0 0 0 1.001 0 0.949 0.0952 0.2458 0.3056 1.8777 0.7635 0.0962 0.4622 0.6589 4.0919 0.0979 0.0979 0.4644 0 0
54 203 642 0 0 0 0 0 1.0001 0 0.9694 -0.0623 0.2835 0.3406 2.3516 0.8033 -0.0406 0.4626 0.6212 4.0783 -0.0787 0.0787 0.4197 0 0
54 204 628 0 0 0 0 0 1.0006 0 0.9707 -0.0518 0.2334 0.325 2.0153 0.7761 0.0049 0.4521 0.61 4.0434 0.039 0.039 0.4366 0 0
54 205 504 0 0 0 0 0 1.002 0 0.9427 0.0607 0.2977 0.4573 2.6577 0.7911 -0.0826 0.4339 0.5573 4.1471 0.094 0.094 0.487 0 0
54 206 654 0 0 0 0 0 1.0003 0 0.9656 -0.1818 0.278 0.3512 2.2438 0.7542 -0.1333 0.465 0.6491 4.0596 -0.1677 0.1677 0.4361 0 0
54 207 571 0 0 0 0 0 1.0012 0 0.9583 0.11 0.1935 0.2675 2.2055 0.7097 0.056 0.5636 0.7443 4.11 0.1601 0.1601 0.48 0 0
54 208 626 0 0 0 0 0 1.0008 0 0.9515 -0.0704 0.2885 0.3294 1.6712 0.7566 -0.0651 0.5093 0.6939 4.1462 0.1396 0.1396 0.4555 0 0
54 209 557 0 0 0 0 0 1.001 0 0.9472 0.0183 0.2903 0.3958 2.1659 0.8186 0.0643 0.3974 0.5509 4.104 -0.0355 0.0355 0.4171 0 0
54 210 613 0 0 0 0 0 1.0008 0 0.9694 -0.0284 0.2621 0.3503 2.2926 0.7117 -0.0501 0.4761 0.6585 4.0433 -0.0744 0.0744 0.5047 0 0
54 211 602 0 0 0 0 0 1.0003 0 0.8956 0.1109 0.3221 0.38 1.5096 0.7244 0.0395 0.4938 0.6909 4.0531 0.0178 0.0178 0.4323 0 0
54 212 577 0 0 0 0 0 1.001 0 0.9638 0.1032 0.2652 0.3452 2.4167 0.774 0.1229 0.4544 0.6293 4.0992 0.0326 0.0326 0.484 0 0
54 213 604 0 0 0 0 0 1.0005 0 0.948 0.1943 0.2729 0.484 2.6279 0.7232 0.1063 0.4955 0.6956 4.2718 -0.0312 0.0312 0.5611 0 0
54 214 605 0 0 0 0 0 1.0011 0 0.9624 -0.1093 0.2954 0.396 2.1576 0.7668 -0.1194 0.4791 0.6671 4.0338 0.0783 0.0783 0.4197 0 0
54 215 654 0 0 0 0 0 1.0005 0 0.9194 -0.0877 0.272 0.3741 2.0438 0.7985 -0.0184 0.4168 0.5781 4.0578 -0.0603 0.0603 0.4473 0 0
54 216 613 0 0 0 0 0 1.0004 0 0.942 0.069 0.2288 0.2794 1.799 0.7953 -0.0094 0.4339 0.5932 4.086 -0.1494 0.1494 0.4585 0 0
54 217 506 0 0 0 0 0 1.0006 0 0.9667 0.0164 0.2257 0.2867 2.4256 0.7902 0.0256 0.4276 0.5808 4.0314 0.0085 0.0085 0.4199 0 0
54 218 627 0 0 0 0 0 1.0002 0 0.9652 0.1677 0.2844 0.3154 2.2271 0.7727 0.1602 0.4803 0.6548 4.0092 -0.1627 0.1627 0.3999 0 0
54 219 617 0 0 0 0 0 1.0014 0 0.9542 -0.1459 0.3509 0.5237 2.5354 0.7628 -0.0832 0.4909 0.6663 4.0521 0.1948 0.1948 0.422 0 0
54 220 644 0 0 0 0 0 1.0001 0 0.952 6e-04 0.2126 0.2747 1.5691 0.8032 -0.007 0.45 0.6216 4.0715 -0.0064 0.0064 0.4178 0 0
54 221 560 0 0 0 0 0 1.0007 0 0.9466 -0.0101 0.2643 0.3736 2.1773 0.7446 -0.0985 0.4707 0.6685 4.2371 -0.0876 0.0876 0.5098 0 0
54 222 603 0 0 0 0 0 1.0006 0 0.9441 0.0125 0.2816 0.4047 2.1376 0.7277 0.0094 0.4621 0.6306 4.0633 0.007 0.007 0.5214 0 0
54 223 597 0 0 0 0 0 1.0003 0 0.939 -0.0667 0.3414 0.476 2.7547 0.7469 0.0895 0.4591 0.6548 4.1476 -0.044 0.044 0.4523 0 0
54 224 684 0 0 0 0 0 1 0 0.9578 0.0325 0.2097 0.2367 1.6615 0.7545 0.0949 0.4534 0.6112 4.0993 0.0617 0.0617 0.4337 0 0
54 225 586 0 0 0 0 0 1.0002 0 0.9288 -0.223 0.3165 0.4021 2.0719 0.7284 -0.1868 0.5067 0.7243 4.045 -0.1283 0.1283 0.4489 0 0
54 226 624 0 0 0 0 0 1.0006 0 0.9541 0.0844 0.3025 0.3814 2.0944 0.8088 0.0074 0.378 0.5236 4.1119 -0.0967 0.0967 0.4869 0 0
54 227 609 0 0 0 0 0 1.0001 0 0.9383 -0.0207 0.2764 0.4675 2.4318 0.7993 -0.1009 0.4289 0.5667 4.0772 0.0793 0.0793 0.4394 0 0
54 228 594 0 0 0 0 0 1.0003 0 0.9726 -0.2125 0.2986 0.387 1.9656 0.7565 -0.0963 0.4654 0.6368 4.2717 -0.0259 0.0259 0.4933 0 0
54 229 593 0 0 0 0 0 1.0002 0 0.9477 0.1418 0.2901 0.4086 2.3662 0.7663 0.1121 0.4713 0.6723 4.1694 -0.0747 0.0747 0.4491 0 0
54 230 618 0 0 0 0 0 1.0001 0 0.9466 -0.1788 0.2806 0.4368 2.7484 0.7274 -0.087 0.4715 0.6366 4.0495 -0.0555 0.0555 0.4627 0 0
54 231 623 0 0 0 0 0 1.0004 0 0.8447 -0.2631 0.4767 0.7397 2.8081 0.7129 -0.0873 0.4833 0.6695 4.0264 0.059 0.059 0.4684 0 0
54 232 621 0 0 0 0 0 1.0001 0 0.9541 -0.0398 0.3022 0.3982 2.1337 0.7684 -0.0431 0.4533 0.6434 4.1069 -0.1573 0.1573 0.4431 0 0
54 233 658 0 0 0 0 0 1.0008 0 0.9652 0.0308 0.3974 0.5356 2.3585 0.8276 0.0471 0.4525 0.5961 4.0057 -0.0586 0.0586 0.379 0 0
54 234 581 0 0 0 0 0 1.0002 0 0.9384 0.0496 0.1998 0.3237 1.5864 0.7594 -0.0252 0.4318 0.593 4.0193 0.0965 0.0965 0.437 0 0
54 235 647 0 0 0 0 0 1.0004 0 0.9607 -0.0639 0.1945 0.2413 1.7259 0.7793 0.0171 0.4768 0.6547 4.0478 -0.0393 0.0393 0.4185 0 0
54 236 602 0 0 0 0 0 1.0002 0 0.9722 -0.1307 0.2021 0.2793 2.0221 0.7985 -0.0346 0.449 0.6053 4.1294 0.0292 0.0292 0.472 0 0
54 237 586 0 0 0 0 0 1.0009 0 0.9448 0.0476 0.2909 0.3947 2.4396 0.7604 -0.0799 0.4378 0.6232 4.0477 -0.1878 0.1878 0.4545 0 0
54 238 637 0 0 0 0 0 1.0001 0 0.9478 -0.0541 0.2786 0.3731 2.5505 0.7763 0.0094 0.4597 0.6131 4.0618 0.0327 0.0327 0.4696 0 0
54 239 639 0 0 0 0 0 1.0006 0 0.9635 -2e-04 0.2232 0.3251 2.3129 0.8008 -0.0246 0.4254 0.5747 4.1353 0.1293 0.1293 0.4678 0 0
54 240 574 0 0 0 0 0 1.0002 0 0.9339 0.405 0.5514 0.8848 3.05 0.8147 0.1693 0.483 0.6193 4.1388 0.0566 0.0566 0.4538 0 0
54 241 622 0 0 0 0 0 1.0005 0 0.9655 0.0751 0.2352 0.334 2.0621 0.7634 0.0262 0.4566 0.6381 4.0976 0.0571 0.0571 0.4559 0 0
54 242 599 0 0 0 0 0 1.001 0 0.9673 -0.0375 0.2152 0.2933 2.206 0.7062 0.016 0.4614 0.6803 4.1195 -0.0537 0.0537 0.4557 0 0
54 243 618 0 0 0 0 0 1.0003 0 0.9287 -0.1081 0.2784 0.3473 1.546 0.7726 -0.1214 0.5041 0.697 3.9994 -0.1105 0.1105 0.4282 0 0
54 244 537 0 0 0 0 0 1.0003 0 0.9274 -0.1179 0.3291 0.4824 2.8232 0.7847 0.0073 0.4275 0.5725 4.0257 0.085 0.085 0.4789 0 0
54 245 636 0 0 0 0 0 1.0021 0 0.9195 0.0461 0.3887 0.5062 2.757 0.7637 -0.0367 0.4485 0.6299 4.0827 0.1981 0.1981 0.5045 0 0
54 246 638 0 0 0 0 0 1.0003 0 0.9424 -0.1362 0.2901 0.5387 2.9589 0.796 -0.055 0.4378 0.5686 4.2349 -0.0204 0.0204 0.5506 0 0
54 247 610 0 0 0 0 0 1.0004 0 0.9692 0.0322 0.277 0.3506 2.3214 0.8054 -0.0255 0.4357 0.5917 4.1028 -0.0416 0.0416 0.4231 0 0
54 248 589 0 0 0 0 0 1.0003 0 0.9577 -0.1077 0.277 0.3936 2.2958 0.7577 -0.1506 0.4742 0.6672 4.0579 0.0693 0.0693 0.4093 0 0
54 249 566 0 0 0 0 0 1.0002 0 0.9623 -0.0416 0.2005 0.2698 1.5638 0.8056 -0.0095 0.395 0.5387 3.9913 -0.104 0.104 0.405 0 0
54 250 611 0 0 0 0 0 1.0009 0 0.962 -0.002 0.2073 0.2715 1.826 0.7824 0.0585 0.4307 0.5778 4.0884 0.0782 0.0782 0.4419 0 0
54 251 556 0 0 0 0 0 1.0005 0 0.9527 0.0705 0.2909 0.361 2.1382 0.7888 0.1196 0.4644 0.6458 4.1279 -0.0629 0.0629 0.4529 0 0
54 252 627 0 0 0 0 0 1.0012 0 0.963 -0.1372 0.4573 0.6684 2.7903 0.8088 0.0552 0.4887 0.6311 4.0507 -0.1711 0.1711 0.4346 0 0
54 253 627 0 0 0 0 0 1.001 0 0.9638 -0.0915 0.3149 0.3723 2.7358 0.7921 -0.0572 0.421 0.555 4.0338 -0.0677 0.0677 0.43 0 0
54 254 565 0 0 0 0 0 1.0002 0 0.9741 0.0262 0.1866 0.246 2.3016 0.792 0.0068 0.4218 0.6125 4.06 -0.0767 0.0767 0.4312 0 0
54 255 574 0 0 0 0 0 1.0004 0 0.933 -0.2636 0.4023 0.609 2.7835 0.7601 -0.0833 0.5064 0.6539 4.1009 -0.0323 0.0323 0.5078 0 0
54 256 580 0 0 0 0 0 1.0007 0 0.9373 0.1556 0.2362 0.3403 1.9603 0.7348 0.0071 0.5043 0.6751 4.0375 -0.0155 0.0155 0.4437 0 0
54 257 627 0 0 0 0 0 1.0002 0 0.9162 0.3406 0.4924 0.6975 2.7413 0.8064 0.152 0.4831 0.627 4.0622 -0.0379 0.0379 0.4353 0 0
54 258 591 0 0 0 0 0 1.0006 0 0.9722 0.1345 0.2485 0.3083 2.5852 0.7556 0.028 0.4634 0.6023 4.0592 -0.1426 0.1426 0.4347 0 0
54 259 663 0 0 0 0 0 1.0003 0 0.9765 0.0768 0.1855 0.2487 2.2312 0.8088 0.0422 0.4309 0.5824 4.0748 0.1269 0.1269 0.4178 0 0
54 260 621 0 0 0 0 0 1.0005 0 0.9747 0.0197 0.1959 0.2667 1.6605 0.8099 -0.0182 0.4333 0.6052 4.0886 0.112 0.112 0.441 0 0
54 261 640 0 0 0 0 0 1.0001 0 0.9652 0.0687 0.2352 0.2786 2.1811 0.7971 0.0509 0.4568 0.5896 4.0775 0.0852 0.0852 0.4402 0 0
54 262 655 0 0 0 0 0 1.0007 0 0.9461 -0.1479 0.266 0.3457 1.8357 0.8608 -0.0995 0.3859 0.4983 4.0602 -0.0981 0.0981 0.4067 0 0
54 263 595 0 0 0 0 0 1.0011 0 0.9454 0.0318 0.2968 0.4183 2.0275 0.7106 -0.0174 0.524 0.7502 4.0228 0.1259 0.1259 0.4083 0 0
54 264 627 0 0 0 0 0 1.0006 0 0.9233 0.0535 0.2976 0.42 1.6963 0.8179 0.0298 0.454 0.6134 4.0383 0.0185 0.0185 0.4098 0 0
54 265 585 0 0 0 0 0 1.0002 0 0.9606 -0.1862 0.2575 0.3232 2.3946 0.7354 -0.1229 0.5141 0.7008 4.044 0.0534 0.0534 0.4738 0 0
54 266 576 0 0 0 0 0 1.0003 0 0.9392 -0.0385 0.2899 0.3426 1.9531 0.7527 0.0302 0.4612 0.6403 4.028 -0.1052 0.1052 0.4109 0 0
54 267 627 0 0 0 0 0 1.0007 0 0.9385 0.1652 0.3527 0.5523 2.8103 0.7648 -0.0043 0.47 0.6189 4.1547 -0.1529 0.1529 0.4732 0 0
54 268 631 0 0 0 0 0 1.0004 0 0.9268 0.2918 0.3929 0.6025 2.8842 0.762 0.0502 0.477 0.6458 4.1289 0.1472 0.1472 0.541 0 0
54 269 627 0 0 0 0 0 1.0003 0 0.9244 0.2059 0.3724 0.5781 2.6621 0.7885 0.0468 0.4202 0.5683 4.0748 0.0878 0.0878 0.4367 0 0
54 270 595 0 0 0 0 0 1.0003 0 0.9651 0.1624 0.277 0.3834 2.347 0.8058 0.1424 0.4863 0.6336 4.0632 0.0904 0.0904 0.4816 0 0
54 271 649 0 0 0 0 0 1.0001 0 0.974 0.0938 0.2231 0.2918 2.128 0.7633 0.1107 0.442 0.6309 4.0861 0.1115 0.1115 0.4303 0 0
54 272 633 0 0 0 0 0 1.0006 0 0.9648 -0.0357 0.2148 0.253 1.5652 0.8067 -0.0397 0.443 0.599 4.1997 0.0112 0.0112 0.4631 0 0
54 273 597 0 0 0 0 0 1.001 0 0.9671 -0.0149 0.2162 0.2586 1.699 0.801 -0.0577 0.4177 0.5579 4.0856 -0.0781 0.0781 0.4727 0 0
54 274 556 0 0 0 0 0 1.0003 0 0.9611 0.0922 0.3242 0.4013 2.4816 0.7205 0.0796 0.5459 0.7269 4.0529 -0.1127 0.1127 0.4743 0 0
54 275 626 0 0 0 0 0 1.001 0 0.9684 0.065 0.2388 0.3467 2.6202 0.7211 0.0078 0.489 0.6974 4.1065 -0.1454 0.1454 0.4061 0 0
54 276 498 0 0 0 0 0 1.0008 0 0.9399 0.0244 0.2972 0.3692 2.0835 0.7539 0.0093 0.4405 0.6152 4.0191 0.1039 0.1039 0.4683 0 0
54 277 605 0 0 0 0 0 1.0002 0 0.9267 -0.1762 0.3249 0.5335 2.8237 0.7812 -0.1309 0.4189 0.5823 4.1237 -0.1469 0.1469 0.4383 0 0
54 278 624 0 0 0 0 0 1.0004 0 0.9612 0.0402 0.2797 0.4223 2.5801 0.7746 -0.0791 0.4494 0.6227 4.0835 -0.0235 0.0235 0.4266 0 0
54 279 647 0 0 0 0 0 1.0009 0 0.9683 -0.0774 0.285 0.3282 1.8616 0.783 -0.0318 0.4526 0.6399 4.0898 -0.0699 0.0699 0.4415 0 0
54 280 599 0 0 0 0 0 1.0005 0 0.9713 -0.039 0.2143 0.3363 2.5038 0.7753 -0.0805 0.4374 0.605 4.3063 0.0468 0.0468 0.5657 0 0
54 281 628 0 0 0 0 0 1.0007 0 0.9545 -0.0229 0.3194 0.4856 2.5295 0.7647 0.0582 0.4448 0.616 4.0102 0.0607 0.0607 0.456 0 0
54 282 652 0 0 0 0 0 1.0006 0 0.9662 -0.0819 0.2077 0.3093 2.1319 0.8323 -0.0527 0.421 0.5821 4.0562 -0.1814 0.1814 0.419 0 0
54 283 581 0 0 0 0 0 1.0004 0 0.9726 0.1389 0.2729 0.4391 2.7016 0.788 0.0584 0.4845 0.6403 4.0398 -0.0029 0.0029 0.4274 0 0
54 284 655 0 0 0 0 0 1.0007 0 0.9445 0.1325 0.2711 0.3586 1.7038 0.8056 0.0979 0.4421 0.5859 4.0573 -0.0929 0.0929 0.4037 0 0
54 285 615 0 0 0 0 0 1.0007 0 0.9727 -0.0401 0.1708 0.2055 1.3911 0.8171 -0.0139 0.4277 0.5767 4.1838 0.0251 0.0251 0.4599 0 0
54 286 614 0 0 0 0 0 1.0003 0 0.911 -0.2447 0.3247 0.597 2.8966 0.7749 -0.0641 0.4765 0.6584 4.0473 -0.1988 0.1988 0.4026 0 0
54 287 652 0 0 0 0 0 1.0012 0 0.9342 -0.0625 0.2905 0.3947 2.0167 0.8129 -0.109 0.4249 0.5745 4.3166 0.1296 0.1296 0.4689 0 0
54 288 625 0 0 0 0 0 1.0016 0 0.9643 0.033 0.2221 0.3795 2.257 0.7788 -0.0827 0.4825 0.6138 4.0421 0.1117 0.1117 0.4799 0 0
54 289 570 0 0 0 0 0 1.0003 0 0.9542 -0.0267 0.2951 0.4098 2.5408 0.8058 0.0259 0.4574 0.5946 4.1762 -0.0442 0.0442 0.464 0 0
54 290 614 0 0 0 0 0 1.0007 0 0.955 -0.0383 0.2814 0.3528 1.9544 0.7556 -0.0207 0.4951 0.704 4.0818 0.074 0.074 0.4402 0 0
54 291 609 0 0 0 0 0 1.0006 0 0.9378 0.1901 0.2781 0.3554 1.9829 0.7764 0.0339 0.5023 0.6635 4.1108 -0.2104 0.2104 0.4625 0 0
54 292 593 0 0 0 0 0 1.0004 0 0.9734 -0.0407 0.1662 0.22 1.6946 0.753 0.1141 0.4864 0.702 4.0465 -0.1531 0.1531 0.4685 0 0
54 293 599 0 0 0 0 0 1.0011 0 0.9421 0.002 0.3055 0.3782 1.9146 0.7907 0.0253 0.4602 0.5937 4.0645 -0.0756 0.0756 0.4229 0 0
54 294 664 0 0 0 0 0 1.0006 0 0.889 -0.0336 0.2885 0.3302 1.2682 0.8193 -0.0641 0.3941 0.5513 4.0545 -0.1286 0.1286 0.4144 0 0
54 295 577 0 0 0 0 0 1.0003 0 0.9417 0.098 0.3246 0.4536 2.5128 0.7485 -2e-04 0.4668 0.6301 4.1576 -0.0584 0.0584 0.484 0 0
54 296 627 0 0 0 0 0 1.0003 0 0.9187 -0.1475 0.3456 0.5337 2.7502 0.8177 -0.0055 0.4046 0.5488 4.0857 -0.1258 0.1258 0.4362 0 0
54 297 640 0 0 0 0 0 1.0002 0 0.9236 -0.0816 0.3065 0.4056 1.6093 0.8451 -0.0487 0.3978 0.515 4.0759 0.0359 0.0359 0.4333 0 0
54 298 633 0 0 0 0 0 1.0011 0 0.9819 -0.1011 0.2055 0.2355 1.8339 0.8159 -0.1258 0.4686 0.632 4.0675 0.1653 0.1653 0.4054 0 0
54 299 615 0 0 0 0 0 1.0006 0 0.9379 0.0331 0.2106 0.2591 1.4617 0.7128 0.0218 0.5071 0.7125 4.1092 -0.1341 0.1341 0.4383 0 0
54 300 623 0 0 0 0 0 1.0017 0 0.9575 0.139 0.2641 0.3209 1.6202 0.7841 -0.0099 0.4417 0.6034 4.062 0.1467 0.1467 0.4418 0 0
54 301 607 0 0 0 0 0 1.0002 0 0.9648 -0.0072 0.2067 0.271 1.9871 0.8035 -0.0148 0.4335 0.5753 4.1832 0.0652 0.0652 0.4741 0 0
54 302 637 0 0 0 0 0 1.0002 0 0.9628 -0.1914 0.3864 0.544 2.6436 0.7974 -0.0024 0.4506 0.6164 4.0655 0.0775 0.0775 0.4498 0 0
54 303 577 0 0 0 0 0 1.0002 0 0.9728 0.1163 0.252 0.3209 1.9942 0.7682 0.0157 0.4804 0.6754 4.2 -0.0052 0.0052 0.4522 0 0
54 304 579 0 0 0 0 0 1.0009 0 0.9517 -0.0747 0.2392 0.2877 1.7531 0.7886 -0.0543 0.4307 0.5937 4.1139 0.0325 0.0325 0.4604 0 0
54 305 612 0 0 0 0 0 1.001 0 0.9738 -0.0684 0.29 0.3778 2.5904 0.7848 0.0029 0.4521 0.635 4.2111 -0.0487 0.0487 0.5187 0 0
54 306 599 0 0 0 0 0 1.0009 0 0.9257 -0.1468 0.3733 0.5126 2.3064 0.8018 -0.066 0.4315 0.5744 4.081 0.0673 0.0673 0.4377 0 0
54 307 651 0 0 0 0 0 1.0005 0 0.9784 -0.1783 0.2161 0.2651 1.8971 0.7964 -0.1194 0.4637 0.612 4.161 0.2613 0.2613 0.4472 0 0
54 308 603 0 0 0 0 0 1.0003 0 0.9518 -0.1228 0.2881 0.3628 1.9241 0.7764 -0.0574 0.4727 0.6508 4.0521 0.0924 0.0924 0.4471 0 0
54 309 543 0 0 0 0 0 1.0004 0 0.9776 0.111 0.2019 0.2935 1.9663 0.7873 0.0423 0.4252 0.5809 4.0276 -0.0606 0.0606 0.4454 0 0
54 310 654 0 0 0 0 0 1.0001 0 0.9475 -0.0974 0.3031 0.5108 2.9291 0.8033 -0.0102 0.4485 0.6233 4.0628 0.0732 0.0732 0.4328 0 0
54 311 468 0 0 0 0 0 1.0006 0 0.9593 -0.0879 0.2456 0.301 1.8975 0.7575 -0.0305 0.4638 0.6348 4.0083 -0.052 0.052 0.4028 0 0
54 312 559 0 0 0 0 0 1.0015 0 0.9494 0.0843 0.3027 0.3906 2.2726 0.759 0.1156 0.4585 0.6291 4.0277 0.0217 0.0217 0.4195 0 0
54 313 618 0 0 0 0 0 1.0008 0 0.9679 -0.0163 0.2409 0.2948 2.0167 0.7721 -0.0315 0.4488 0.599 4.4399 -0.0655 0.0655 0.5208 0 0
54 314 648 0 0 0 0 0 1.0001 0 0.9647 0.1548 0.2987 0.4563 2.5568 0.7938 0.033 0.462 0.6149 4.1127 0.0061 0.0061 0.4387 0 0
54 315 614 0 0 0 0 0 1.0009 0 0.9565 0.0488 0.2243 0.2754 1.904 0.7606 -0.0366 0.4436 0.6294 4.1614 0.0384 0.0384 0.5016 0 0
54 316 594 0 0 0 0 0 1.0004 0 0.9357 0.0869 0.3798 0.4845 2.3585 0.6794 0.0087 0.5024 0.7387 4.0114 -0.1911 0.1911 0.415 0 0
54 317 636 0 0 0 0 0 1.001 0 0.9407 -0.0719 0.4108 0.5008 2.6226 0.7697 -0.0654 0.4712 0.6488 4.0658 0.0627 0.0627 0.4595 0 0
54 318 582 0 0 0 0 0 1.0004 0 0.971 -0.0387 0.2137 0.261 2.6811 0.7297 0.0187 0.4913 0.7032 4.4182 -0.0152 0.0152 0.6179 0 0
54 319 636 0 0 0 0 0 1.0024 0 0.9815 0.0115 0.1786 0.2249 1.7909 0.7824 -0.0171 0.465 0.6366 4.0959 -0.0965 0.0965 0.4594 0 0
54 320 558 0 0 0 0 0 1.0012 0 0.9598 -0.113 0.2727 0.3872 2.5418 0.8185 -0.0552 0.4388 0.5879 4.0842 -0.0251 0.0251 0.4006 0 0
54 321 661 0 0 0 0 0 1.0003 0 0.9342 0.0622 0.3729 0.4947 2.5056 0.8145 0.0788 0.4454 0.5619 4.3274 0.0495 0.0495 0.5141 0 0
54 322 578 0 0 0 0 0 1.0003 0 0.944 -0.2286 0.3289 0.5571 2.4981 0.7617 -0.0249 0.4337 0.6175 4.0681 -0.0156 0.0156 0.5108 0 0
54 323 544 0 0 0 0 0 1.0002 0 0.9646 -0.0309 0.2737 0.391 2.2064 0.7807 -0.0182 0.4774 0.6361 4.0698 -0.1246 0.1246 0.4446 0 0
54 324 630 0 0 0 0 0 1.0012 0 0.9752 -0.0442 0.1849 0.2184 1.7213 0.727 0.0315 0.4372 0.624 4.0488 -0.0491 0.0491 0.4424 0 0
54 325 602 0 0 0 0 0 1.0012 0 0.9565 0.2267 0.3331 0.473 2.618 0.7935 0.137 0.4686 0.646 4.1179 0.1269 0.1269 0.473 0 0
54 326 648 0 0 0 0 0 1.0006 0 0.9702 0.0816 0.2226 0.3109 2.2583 0.8012 -0.002 0.4947 0.6617 4.0546 0.0382 0.0382 0.4294 0 0
54 327 639 0 0 0 0 0 1.0002 0 0.9534 0.1246 0.2447 0.3706 2.1463 0.7955 0.0084 0.4466 0.6138 4.0304 -0.0057 0.0057 0.4323 0 0
54 328 629 0 0 0 0 0 1.0005 0 0.9541 -0.0797 0.3552 0.5169 2.3912 0.7922 -0.1183 0.4803 0.6309 4.0495 0.0113 0.0113 0.4382 0 0
54 329 626 0 0 0 0 0 1.0001 0 0.9721 -0.0307 0.2144 0.2773 1.8521 0.8125 -0.0166 0.425 0.5696 4.1707 0.053 0.053 0.4416 0 0
54 330 589 0 0 0 0 0 1.0005 0 0.9716 0.0044 0.2359 0.2862 2.1678 0.8072 -0.0679 0.4524 0.6168 4.2811 0.0748 0.0748 0.482 0 0
54 331 615 0 0 0 0 0 1.0002 0 0.9687 -0.1866 0.4171 0.5607 2.7447 0.7638 -0.1297 0.5426 0.7163 4.074 -0.0239 0.0239 0.449 0 0
54 332 636 0 0 0 0 0 1.0007 0 0.9606 -0.0709 0.2278 0.3059 2.4721 0.8185 0.0359 0.3903 0.5292 4.0121 0.0975 0.0975 0.4219 0 0
54 333 610 0 0 0 0 0 1.0002 0 0.931 0.0738 0.2782 0.4286 2.1647 0.8416 -0.016 0.384 0.5419 4.028 0.0651 0.0651 0.4002 0 0
54 334 574 0 0 0 0 0 1.0013 0 0.9403 0.2154 0.3093 0.3729 1.4438 0.739 0.0902 0.5366 0.7053 4.0133 0.1252 0.1252 0.4273 0 0
54 335 532 0 0 0 0 0 1.0011 0 0.9614 -0.2207 0.2913 0.4007 2.0153 0.7896 -0.0998 0.457 0.631 4.1027 -0.009 0.009 0.4414 0 0
54 336 603 0 0 0 0 0 1.0009 0 0.9737 -0.03 0.2493 0.3124 2.3622 0.8067 -0.0468 0.4377 0.5928 4.0615 -0.0319 0.0319 0.4359 0 0
54 337 551 0 0 0 0 0 1.0002 0 0.953 0.0796 0.2792 0.3983 2.0223 0.7863 0.0204 0.4553 0.6225 4.0258 0.1594 0.1594 0.4198 0 0
54 338 616 0 0 0 0 0 1.001 0 0.9579 0.0316 0.3392 0.4808 2.5916 0.7899 0.0477 0.5138 0.6777 4.1685 0.1245 0.1245 0.482 0 0
54 339 492 0 0 0 0 0 1.0003 0 0.9496 -0.0456 0.2757 0.3567 2.4174 0.8012 -0.0386 0.4816 0.629 4.0431 0.0103 0.0103 0.4301 0 0
54 340 617 0 0 0 0 0 1.0001 0 0.9737 -0.0038 0.2018 0.2512 1.831 0.7872 -0.0578 0.4314 0.5972 4.1193 -0.0258 0.0258 0.4776 0 0
54 341 660 0 0 0 0 0 1.0005 0 0.9799 -0.0021 0.1667 0.2072 1.7271 0.8119 -0.0111 0.42 0.5724 4.1265 -0.0646 0.0646 0.4419 0 0
54 342 601 0 0 0 0 0 1.001 0 0.9749 0.0293 0.1793 0.2181 1.6363 0.7802 0.0474 0.4224 0.6086 4.0158 0.096 0.096 0.4348 0 0
54 343 615 0 0 0 0 0 1.0002 0 0.9052 0.1103 0.34 0.4174 2.5469 0.7854 0.0623 0.4727 0.6307 4.1501 -0.0054 0.0054 0.4911 0 0
54 344 599 0 0 0 0 0 1.0008 0 0.9234 0.06 0.2845 0.3702 2.6276 0.6933 -0.0017 0.5189 0.72 4.0849 0.0449 0.0449 0.4895 0 0
54 345 634 0 0 0 0 0 1.001 0 0.9384 -1e-04 0.323 0.4749 2.5276 0.8085 -0.0524 0.4083 0.5644 4.1153 0.0327 0.0327 0.4581 0 0
54 346 625 0 0 0 0 0 1.0002 0 0.9332 0.1064 0.2463 0.3238 1.4363 0.7834 0.1143 0.4813 0.6575 4.0892 0.0499 0.0499 0.451 0 0
54 347 595 0 0 0 0 0 1.0002 0 0.9595 -0.1806 0.2829 0.4185 2.83 0.79 -0.1145 0.4595 0.6029 4.1852 -0.0112 0.0112 0.5222 0 0
54 348 619 0 0 0 0 0 1.003 0 0.9266 -0.131 0.2635 0.4221 2.1527 0.7667 -0.0032 0.4565 0.6438 4.0819 0.1159 0.1159 0.4441 0 0
54 349 640 0 0 0 0 0 1.0005 0 0.9675 -0.1695 0.2454 0.3532 2.1661 0.8332 0.0188 0.4166 0.5596 4.0997 -0.0558 0.0558 0.4388 0 0
54 350 626 0 0 0 0 0 1.0007 0 0.9785 -0.0761 0.2055 0.2596 1.9919 0.7786 0.0121 0.4442 0.6336 4.2447 0.037 0.037 0.5298 0 0
54 351 619 0 0 0 0 0 1.0003 0 0.953 -0.1505 0.4045 0.5871 2.3849 0.7819 -0.1196 0.4639 0.6021 4.1272 0.0944 0.0944 0.4885 0 0
54 352 621 0 0 0 0 0 1.0015 0 0.9793 -0.0353 0.1719 0.2055 1.8231 0.7636 -0.0482 0.4405 0.6264 4.065 -0.0917 0.0917 0.4754 0 0
54 353 656 0 0 0 0 0 1.0006 0 0.9497 0.0411 0.2354 0.3179 1.9895 0.8179 0.0682 0.428 0.5648 4.2389 0.0443 0.0443 0.4914 0 0
54 354 573 0 0 0 0 0 1.0007 0 0.9743 0.0799 0.2419 0.3137 2.2865 0.785 -0.0148 0.4675 0.6294 4.2539 0.0557 0.0557 0.4794 0 0
54 355 580 0 0 0 0 0 1.0002 0 0.9299 0.0249 0.2087 0.2901 1.718 0.8146 0.0842 0.4101 0.5696 4.0423 -0.0982 0.0982 0.4255 0 0
54 356 615 0 0 0 0 0 1.001 0 0.951 0.199 0.2595 0.3524 2.1834 0.7993 0.066 0.4525 0.596 4.1132 -0.1082 0.1082 0.4818 0 0
54 357 578 0 0 0 0 0 1.0019 0 0.9703 0.0265 0.2766 0.3632 2.1972 0.7727 0.0425 0.4536 0.6098 4.191 0.0831 0.0831 0.4924 0 0
54 358 599 0 0 0 0 0 1.0002 0 0.9652 -0.0546 0.2625 0.3203 1.9492 0.7617 0.0804 0.4937 0.6995 4.1907 -0.0054 0.0054 0.4742 0 0
54 359 643 0 0 0 0 0 1.0004 0 0.9481 -0.0566 0.236 0.3682 2.3313 0.8063 -0.0027 0.43 0.566 4.0664 0.0765 0.0765 0.4583 0 0
54 360 598 0 0 0 0 0 1.0001 0 0.9347 -0.3111 0.4101 0.5664 2.7219 0.7882 -0.058 0.5151 0.6875 4.0553 0.0428 0.0428 0.4867 0 0
54 361 616 0 0 0 0 0 1.0009 0 0.9486 0.1003 0.3605 0.4913 2.2461 0.8134 0.117 0.4613 0.6162 4.0435 -0.1251 0.1251 0.4008 0 0
54 362 616 0 0 0 0 0 1.001 0 0.9631 0.0917 0.3197 0.4254 2.7405 0.7827 0.0518 0.483 0.6489 4.0199 0.0553 0.0553 0.4467 0 0
54 363 574 0 0 0 0 0 1.0011 0 0.9567 0.0338 0.2216 0.3126 2.0283 0.7507 0.1141 0.4777 0.6821 4.0135 -0.0501 0.0501 0.4232 0 0
54 364 570 0 0 0 0 0 1.0004 0 0.9481 -0.1085 0.2655 0.3261 2.0514 0.8257 -0.051 0.4037 0.5442 4.1125 -0.0147 0.0147 0.4449 0 0
54 365 550 0 0 0 0 0 1.0007 0 0.9727 0.1981 0.2785 0.3335 2.1339 0.757 0.1632 0.4798 0.6442 4.0606 0.0135 0.0135 0.4515 0 0
54 366 632 0 0 0 0 0 1.0004 0 0.9112 0.1416 0.2937 0.4498 2.4066 0.8013 0.0547 0.4466 0.6036 4.1359 -0.1083 0.1083 0.4697 0 0
54 367 616 0 0 0 0 0 1.0003 0 0.9697 0.1291 0.236 0.3022 2.1426 0.8117 -0.0172 0.4279 0.5805 4.1988 -0.0958 0.0958 0.468 0 0
54 368 638 0 0 0 0 0 1.0003 0 0.9612 -0.0489 0.2189 0.3184 2.0348 0.8123 -0.1164 0.4094 0.549 4.0054 -0.0621 0.0621 0.397 0 0
54 369 626 0 0 0 0 0 1.0005 0 0.9392 0.1207 0.439 0.6671 2.6641 0.7169 0.0597 0.5527 0.739 4.1105 -0.2185 0.2185 0.4738 0 0
54 370 553 0 0 0 0 0 1.0002 0 0.9041 -0.2842 0.3637 0.5837 2.6349 0.8308 -0.1324 0.4269 0.5571 4.0722 0.013 0.013 0.4403 0 0
54 371 627 0 0 0 0 0 1.0004 0 0.9763 -0.1178 0.1886 0.2346 1.9086 0.8109 -0.1129 0.461 0.597 4.0813 0.1354 0.1354 0.449 0 0
54 372 570 0 0 0 0 0 1.002 0 0.9792 0.0546 0.1932 0.2496 2.0832 0.7808 -0.0531 0.4641 0.658 4.0276 -0.1282 0.1282 0.4404 0 0
54 373 543 0 0 0 0 0 1.0005 0 0.9416 0.1092 0.2672 0.4094 2.4546 0.7309 0.0176 0.5033 0.6742 4.043 -0.0527 0.0527 0.4544 0 0
54 374 636 0 0 0 0 0 1.0004 0 0.9557 0.0285 0.2288 0.3009 1.7092 0.7873 -0.0155 0.4438 0.6461 4.1424 0.0244 0.0244 0.4362 0 0
54 375 627 0 0 0 0 0 1.0003 0 0.9462 0.0914 0.278 0.3441 1.7629 0.7499 0.0362 0.4761 0.6569 4.0749 -0.2485 0.2485 0.4316 0 0
54 376 577 0 0 0 0 0 1.0005 0 0.9471 -0.0736 0.3203 0.438 2.6539 0.7101 0.1124 0.5005 0.7041 4.1018 -0.0593 0.0593 0.4986 0 0
54 377 584 0 0 0 0 0 1.0002 0 0.9466 -0.0379 0.2386 0.2992 1.5852 0.7782 -0.1232 0.4504 0.6252 4.0497 -0.0368 0.0368 0.4326 0 0
54 378 623 0 0 0 0 0 1.0006 0 0.9606 0.1075 0.3301 0.4275 2.3517 0.7987 0.0258 0.43 0.5879 4.0637 0.0231 0.0231 0.4725 0 0
54 379 533 0 0 0 0 0 1.0004 0 0.9578 -0.0844 0.1845 0.2396 1.5621 0.7571 -0.0792 0.4802 0.6539 3.9976 0.0421 0.0421 0.4185 0 0
54 380 583 0 0 0 0 0 1.0005 0 0.9324 0.1513 0.4204 0.5472 2.6892 0.7347 0.0793 0.5276 0.6774 4.0507 -0.0808 0.0808 0.4492 0 0
54 381 639 0 0 0 0 0 1.0026 0 0.9507 -0.0104 0.2262 0.2953 1.7832 0.8019 0.0404 0.4099 0.5796 4.0317 -0.1699 0.1699 0.4131 0 0
54 382 534 0 0 0 0 0 1.0019 0 0.9574 0.0165 0.2264 0.3014 1.7315 0.7943 -0.013 0.4603 0.6297 4.1001 -0.0829 0.0829 0.447 0 0
54 383 636 0 0 0 0 0 1.0006 0 0.9423 0.2047 0.3017 0.4794 2.2893 0.8025 0.058 0.4594 0.6117 4.0348 0.1416 0.1416 0.4163 0 0
54 384 626 0 0 0 0 0 1.0006 0 0.9838 -0.1109 0.1919 0.2496 2.4326 0.7653 -0.0137 0.4651 0.6452 4.1966 -0.096 0.096 0.4596 0 0
54 385 561 0 0 0 0 0 1.0005 0 0.9032 0.0206 0.3533 0.4687 2.5648 0.7604 -0.0575 0.4779 0.645 4.0056 -0.0637 0.0637 0.4309 0 0
54 386 623 0 0 0 0 0 1.0002 0 0.9761 -0.0308 0.2514 0.306 2.4423 0.8043 -0.0544 0.4672 0.629 4.2148 0.0371 0.0371 0.4568 0 0
54 387 604 0 0 0 0 0 1.0007 0 0.9258 -0.2146 0.3772 0.6566 2.9938 0.8167 -0.0576 0.4125 0.5743 4.0267 -0.0589 0.0589 0.4252 0 0
54 388 626 0 0 0 0 0 1.0005 0 0.9532 -0.0785 0.2453 0.3205 1.9786 0.7944 -0.0431 0.4231 0.6058 4.0741 -0.0157 0.0157 0.4208 0 0
54 389 622 0 0 0 0 0 1.0003 0 0.9775 0.1057 0.2178 0.2794 1.8931 0.7994 0.0624 0.4561 0.6191 4.237 0.0855 0.0855 0.441 0 0
54 390 610 0 0 0 0 0 1.0008 0 0.938 0.0092 0.2878 0.3764 1.902 0.7804 0.0204 0.4101 0.5851 4.0672 0.1951 0.1951 0.4387 0 0
54 391 635 0 0 0 0 0 1.0002 0 0.9775 0.0134 0.1913 0.2293 2.2523 0.7538 -0.0798 0.446 0.6298 4.1976 0.0183 0.0183 0.4639 0 0
54 392 558 0 0 0 0 0 1.0012 0 0.9552 0.0599 0.3478 0.5299 2.5092 0.7799 -0.0095 0.4815 0.6345 4.0622 0.0887 0.0887 0.4512 0 0
54 393 553 0 0 0 0 0 1.0003 0 0.9585 0.1113 0.249 0.3026 1.8613 0.7602 0.0143 0.4331 0.6096 4.0607 0.0648 0.0648 0.4354 0 0
54 394 616 0 0 0 0 0 1.0005 0 0.9631 -0.0025 0.3054 0.4012 2.3845 0.732 0.0143 0.4634 0.6305 4.1419 0.0721 0.0721 0.4808 0 0
54 395 626 0 0 0 0 0 1.0013 0 0.9779 -0.0793 0.2395 0.2823 2.1783 0.7627 -0.0367 0.451 0.6267 4.0424 0.1711 0.1711 0.42 0 0
54 396 626 0 0 0 0 0 1.0005 0 0.9671 -0.061 0.2226 0.2879 1.6954 0.7929 -0.0831 0.4222 0.5768 4.0247 -0.1633 0.1633 0.4205 0 0
54 397 620 0 0 0 0 0 1.0006 0 0.9431 -0.0303 0.4799 0.7713 2.7731 0.7771 -0.0269 0.451 0.6336 4.0773 -0.1218 0.1218 0.4538 0 0
54 398 628 0 0 0 0 0 1.0002 0 0.9761 -0.0513 0.2082 0.2517 1.9651 0.8011 0.0237 0.425 0.5725 4.0379 -0.1325 0.1325 0.3903 0 0
54 399 633 0 0 0 0 0 1.0017 0 0.9732 -0.0191 0.183 0.2152 1.7596 0.7678 -0.0971 0.4732 0.6661 4.1778 0.1073 0.1073 0.4721 0 0
54 400 614 0 0 0 0 0 1.0007 0 0.9684 0.1106 0.1986 0.2661 1.574 0.7677 0.0491 0.4475 0.6363 4.0361 -0.0488 0.0488 0.4514 0 0
54 401 571 0 0 0 0 0 1.0007 0 0.9733 0.0432 0.2373 0.2936 2.1595 0.7526 0.0344 0.433 0.5771 4.0754 -0.0402 0.0402 0.445 0 0
54 402 617 0 0 0 0 0 1.0001 0 0.9529 -0.0434 0.255 0.3142 2.0517 0.7761 -0.0425 0.4494 0.6015 4.1948 -0.2735 0.2735 0.4616 0 0
54 403 640 0 0 0 0 0 1.0005 0 0.965 0.0441 0.2087 0.2863 1.8873 0.7948 0 0.4241 0.6004 4.0456 -0.0404 0.0404 0.4056 0 0
54 404 592 0 0 0 0 0 1.0005 0 0.9769 -0.1596 0.2556 0.3257 2.1425 0.7897 -0.0862 0.481 0.6626 4.0357 0.0655 0.0655 0.4029 0 0
54 405 652 0 0 0 0 0 1.0008 0 0.9637 0.186 0.2483 0.3909 2.4399 0.8117 0.0349 0.4309 0.5859 4.12 -0.1517 0.1517 0.4368 0 0
54 406 585 0 0 0 0 0 1.0005 0 0.9664 0.2272 0.2761 0.395 2.5615 0.7992 0.177 0.4679 0.6179 4.0704 0.1798 0.1798 0.4347 0 0
54 407 630 0 0 0 0 0 1.0001 0 0.9643 0.035 0.195 0.3032 2.4109 0.7972 0.0421 0.4514 0.6329 4.0774 0.0057 0.0057 0.4489 0 0
54 408 605 0 0 0 0 0 1.0001 0 0.9273 -0.2244 0.2626 0.3387 1.4272 0.7754 -0.1518 0.4879 0.6514 4.1649 0.052 0.052 0.4661 0 0
54 409 594 0 0 0 0 0 1.0009 0 0.9723 -0.0875 0.2201 0.2754 2.4962 0.7515 -0.0821 0.4782 0.6825 4.1547 0.0696 0.0696 0.4779 0 0
54 410 625 0 0 0 0 0 1.0005 0 0.9341 -0.1216 0.3236 0.4239 2.8263 0.8007 -0.0138 0.4334 0.5957 4.1133 -0.0173 0.0173 0.4663 0 0
54 411 634 0 0 0 0 0 1.0003 0 0.9418 0.1976 0.3199 0.491 2.7052 0.803 0.1154 0.4282 0.5769 4.0703 0.1369 0.1369 0.4561 0 0
54 412 551 0 0 0 0 0 1.0015 0 0.9801 -0.1342 0.2107 0.2977 2.4257 0.7628 -0.0922 0.4793 0.6366 4.0412 -0.0423 0.0423 0.423 0 0
54 413 583 0 0 0 0 0 1.0002 0 0.9384 -0.1776 0.3056 0.4898 2.8952 0.7907 0.0167 0.4442 0.5972 4.0973 0.0715 0.0715 0.4477 0 0
54 414 639 0 0 0 0 0 1.0015 0 0.9668 -0.0365 0.2169 0.2793 2.16 0.8047 0.0424 0.423 0.5566 4.1346 0.2371 0.2371 0.432 0 0
54 415 635 0 0 0 0 0 1.0017 0 0.9694 0.0196 0.3173 0.4019 1.9561 0.8095 -0.0466 0.479 0.6229 4.0637 0.0034 0.0034 0.4605 0 0
54 416 585 0 0 0 0 0 1.0013 0 0.9767 -0.1422 0.2232 0.3014 1.9878 0.738 -0.1021 0.4738 0.6576 4.1637 0.1896 0.1896 0.4763 0 0
54 417 619 0 0 0 0 0 1.0005 0 0.9611 -0.146 0.3214 0.4298 2.4505 0.8134 -0.0125 0.4526 0.5894 4.0504 -0.0994 0.0994 0.4248 0 0
54 418 624 0 0 0 0 0 1.001 0 0.9438 -0.0488 0.217 0.3071 1.5449 0.7984 -0.1264 0.4866 0.6815 4.0278 0.0307 0.0307 0.3897 0 0
54 419 616 0 0 0 0 0 1.001 0 0.969 -0.1344 0.2212 0.2562 1.6496 0.7513 -0.1618 0.4795 0.6536 4.3299 0.0245 0.0245 0.5543 0 0
54 420 624 0 0 0 0 0 1.0011 0 0.9604 -0.0251 0.2151 0.309 2.699 0.8171 -0.0059 0.39 0.5397 4.0933 0.0128 0.0128 0.4739 0 0
54 421 608 0 0 0 0 0 1.0009 0 0.9664 0.1704 0.2096 0.2878 1.9162 0.7202 0.0706 0.4581 0.6632 4.0804 -0.1957 0.1957 0.4753 0 0
54 422 613 0 0 0 0 0 1.0011 0 0.973 0.2401 0.2778 0.3287 1.7123 0.8266 0.1316 0.422 0.5617 4.1087 0.1201 0.1201 0.471 0 0
54 423 589 0 0 0 0 0 1.0021 0 0.9354 -0.1927 0.4211 0.6716 2.9842 0.7387 -0.155 0.5361 0.7264 4.1125 -0.0712 0.0712 0.4625 0 0
54 424 611 0 0 0 0 0 1.0005 0 0.9626 0.2371 0.3523 0.4442 2.1242 0.7615 0.1233 0.4891 0.6605 4.0654 0.0838 0.0838 0.4447 0 0
54 425 625 0 0 0 0 0 1.001 0 0.9739 0.0052 0.1857 0.2349 2.0947 0.8037 0.0031 0.4382 0.5965 4.0456 0.1064 0.1064 0.4161 0 0
54 426 630 0 0 0 0 0 1.0002 0 0.9073 0.2277 0.3801 0.4861 2.2937 0.8053 0.1331 0.4714 0.6284 4.0532 0.0565 0.0565 0.4384 0 0
54 427 645 0 0 0 0 0 1.0007 0 0.9385 0.0954 0.3434 0.4296 2.0258 0.7853 0.0524 0.4456 0.6205 4.2089 -0.1221 0.1221 0.4441 0 0
54 428 634 0 0 0 0 0 1.0007 0 0.9387 0.0261 0.2356 0.3042 1.8467 0.805 0.0299 0.4209 0.5832 3.995 -0.1164 0.1164 0.4102 0 0
54 429 644 0 0 0 0 0 1.0008 0 0.9359 -0.2213 0.2898 0.4045 1.801 0.8149 -0.1103 0.4337 0.5986 4.0724 0.1111 0.1111 0.4112 0 0
54 430 657 0 0 0 0 0 1.0001 0 0.9707 -0.0128 0.2344 0.313 2.2831 0.8086 0.0436 0.4178 0.5852 4.1075 -0.0497 0.0497 0.4275 0 0
54 431 591 0 0 0 0 0 1.0005 0 0.9704 -0.1655 0.2467 0.2954 1.6189 0.7695 -0.1178 0.4694 0.6661 4.0265 -0.1402 0.1402 0.4053 0 0
54 432 575 0 0 0 0 0 1.001 0 0.9345 0.1686 0.3572 0.448 2.5525 0.7723 0.0912 0.4537 0.6444 4.0577 0.1433 0.1433 0.4732 0 0
54 433 609 0 0 0 0 0 1.0004 0 0.9761 0.1089 0.1824 0.2185 1.3875 0.7746 0.0464 0.4081 0.5987 4.0236 -0.0744 0.0744 0.4209 0 0
54 434 577 0 0 0 0 0 1.0031 0 0.9665 -0.0212 0.2448 0.3674 2.441 0.7098 -0.0259 0.4731 0.6645 4.089 0.0118 0.0118 0.5078 0 0
54 435 592 0 0 0 0 0 1.0013 0 0.9609 -0.0274 0.2612 0.3537 1.8539 0.8055 -0.1324 0.4649 0.6256 4.1151 0.0939 0.0939 0.4607 0 0
54 436 585 0 0 0 0 0 1.0007 0 0.9514 -0.2567 0.3631 0.4407 1.8024 0.7542 -0.0649 0.4923 0.6548 4.0973 0.2006 0.2006 0.4371 0 0
54 437 623 0 0 0 0 0 1.0011 0 0.9476 -0.0743 0.2472 0.3561 1.8522 0.8058 -1e-04 0.4634 0.5979 4.1293 -0.0472 0.0472 0.4604 0 0
54 438 647 0 0 0 0 0 1.0005 0 0.9596 -0.1255 0.2497 0.315 1.9079 0.8289 -0.0097 0.433 0.5655 4.0186 -0.0718 0.0718 0.4122 0 0
54 439 645 0 0 0 0 0 1.0008 0 0.9518 -0.0605 0.3087 0.4029 2.5569 0.7846 0.0035 0.4394 0.6208 4.106 0.3011 0.3011 0.3882 0 0
54 440 566 0 0 0 0 0 1.0007 0 0.9741 -0.1486 0.2511 0.3755 2.5689 0.7554 0.016 0.5083 0.6992 4.0378 0.0966 0.0966 0.4253 0 0
54 441 661 0 0 0 0 0 1.0003 0 0.9461 -0.0194 0.2711 0.3278 1.5483 0.7991 -0.0086 0.4437 0.6347 4.0552 -0.0193 0.0193 0.4424 0 0
54 442 625 0 0 0 0 0 1.0007 0 0.9665 0.0324 0.2538 0.3087 2.4466 0.7709 -0.0349 0.4676 0.6142 4.0567 0.1757 0.1757 0.4529 0 0
54 443 640 0 0 0 0 0 1.0008 0 0.9077 -0.1623 0.3635 0.5767 2.8562 0.7443 -0.0785 0.4655 0.655 4.0856 0.1757 0.1757 0.4855 0 0
54 444 647 0 0 0 0 0 1.0007 0 0.9585 0.2206 0.2814 0.3575 1.989 0.8044 0.1666 0.4612 0.6257 4.1285 0.0789 0.0789 0.4235 0 0
54 445 646 0 0 0 0 0 1.0006 0 0.8698 -0.2372 0.3917 0.6608 3.1251 0.7843 0.016 0.436 0.5661 4.1608 -0.2907 0.2907 0.4852 0 0
54 446 647 0 0 0 0 0 1.0002 0 0.9452 0.0468 0.2238 0.2873 1.6875 0.8026 0.0427 0.4239 0.5978 4.0614 0.0286 0.0286 0.415 0 0
54 447 608 0 0 0 0 0 1.0006 0 0.9494 -0.0604 0.2566 0.2974 1.6687 0.841 0.0119 0.4307 0.5901 4.0681 -0.2114 0.2114 0.4138 0 0
54 448 640 0 0 0 0 0 1.0013 0 0.9726 -0.0372 0.2336 0.2732 2.1451 0.7998 -0.1135 0.446 0.5889 4.1328 0.0891 0.0891 0.4745 0 0
54 449 632 0 0 0 0 0 1.0005 0 0.9514 0.1945 0.2824 0.3362 1.672 0.8104 0.1276 0.433 0.5908 4.0764 0.0901 0.0901 0.4333 0 0
54 450 647 0 0 0 0 0 1.0004 0 0.9497 0.0966 0.3092 0.3979 2.0437 0.8342 0.1451 0.4022 0.6041 4.0882 -0.0772 0.0772 0.4317 0 0
54 451 631 0 0 0 0 0 1.0001 0 0.9687 0.2226 0.3852 0.4484 2.1864 0.8215 0.1385 0.481 0.6357 4.0977 -0.088 0.088 0.4003 0 0
54 452 598 0 0 0 0 0 1.0005 0 0.9727 0.0268 0.2169 0.2672 2.5036 0.74 0.0378 0.483 0.6463 4.0526 0.1456 0.1456 0.4684 0 0
54 453 674 0 0 0 0 0 1.0007 0 0.9749 0.0146 0.1922 0.284 1.9629 0.8677 0.06 0.3883 0.5293 4.1316 0.0671 0.0671 0.4424 0 0
54 454 578 0 0 0 0 0 1.0009 0 0.969 0.1595 0.2528 0.3788 2.2601 0.7729 0.0537 0.4522 0.6227 4.084 0.1589 0.1589 0.4272 0 0
54 455 604 0 0 0 0 0 1.0007 0 0.958 -0.039 0.2619 0.3252 1.907 0.8221 -0.0299 0.4241 0.5564 4.1154 -0.0695 0.0695 0.4368 0 0
54 456 624 0 0 0 0 0 1.0007 0 0.8723 0.028 0.4092 0.5559 2.1254 0.7733 -0.0191 0.4507 0.6544 4.0701 -0.1858 0.1858 0.4593 0 0
54 457 543 0 0 0 0 0 1.0004 0 0.9768 0.1519 0.2126 0.2714 2.0599 0.7451 0.0498 0.452 0.6212 4.0172 0.0039 0.0039 0.4394 0 0
54 458 600 0 0 0 0 0 1.0017 0 0.9524 0.1568 0.2831 0.3692 2.0696 0.7681 0.0553 0.4907 0.668 4.1375 -0.0243 0.0243 0.4336 0 0
54 459 625 0 0 0 0 0 1.0002 0 0.9468 0.0735 0.3293 0.4773 2.631 0.7579 0.0398 0.4322 0.5609 4.0793 -0.0367 0.0367 0.4641 0 0
54 460 618 0 0 0 0 0 1.0004 0 0.9249 0.1382 0.3657 0.5707 2.819 0.7118 -0.0185 0.4849 0.678 4.1876 -0.0622 0.0622 0.4995 0 0
54 461 620 0 0 0 0 0 1.0011 0 0.9712 6e-04 0.1671 0.2286 1.6226 0.7925 -0.0106 0.4683 0.6618 4.0919 0.1394 0.1394 0.4376 0 0
54 462 656 0 0 0 0 0 1.0009 0 0.972 0.0871 0.1986 0.2634 1.8729 0.81 0.0752 0.4414 0.5918 4.0224 -0.1015 0.1015 0.4133 0 0
54 463 563 0 0 0 0 0 1.0018 0 0.9452 0.0728 0.2556 0.3175 1.9931 0.818 0.0212 0.4186 0.5674 4.2476 0.0621 0.0621 0.4623 0 0
54 464 642 0 0 0 0 0 1.0007 0 0.9753 0.0475 0.2267 0.2709 1.6895 0.7695 0.0523 0.4725 0.6684 4.0911 0.0641 0.0641 0.4072 0 0
54 465 612 0 0 0 0 0 1.0004 0 0.9604 0.1948 0.2848 0.3335 2.0691 0.757 0.1216 0.4962 0.6694 4.2756 0.0836 0.0836 0.5329 0 0
54 466 620 0 0 0 0 0 1.0005 0 0.9646 0.0115 0.2445 0.3138 1.6801 0.7669 -7e-04 0.4638 0.6444 4.1438 -0.0971 0.0971 0.4424 0 0
54 467 645 0 0 0 0 0 1.0002 0 0.9256 0.2072 0.3591 0.6177 2.8307 0.7626 -0.0097 0.4597 0.6475 4.0397 1e-04 1e-04 0.4428 0 0
54 468 559 0 0 0 0 0 1.0001 0 0.948 -0.086 0.2934 0.4516 2.3898 0.7751 -0.0219 0.4715 0.6451 4.1765 -0.1132 0.1132 0.4468 0 0
54 469 636 0 0 0 0 0 1.0002 0 0.9848 0.06 0.1611 0.2085 1.9952 0.737 -0.0318 0.5061 0.7068 4.0189 -0.0821 0.0821 0.4655 0 0
54 470 641 0 0 0 0 0 1.001 0 0.9642 -0.1417 0.1849 0.2548 1.4098 0.827 -0.1125 0.4004 0.5589 4.3025 0.0865 0.0865 0.4871 0 0
54 471 491 0 0 0 0 0 1.0005 0 0.9612 -0.105 0.2494 0.2984 2.1516 0.7418 -0.0862 0.4801 0.6484 4.0641 -0.0862 0.0862 0.4675 0 0
54 472 570 0 0 0 0 0 1.0003 0 0.9695 -0.1148 0.2388 0.2841 1.9277 0.7392 -0.0037 0.4657 0.6374 4.0052 0.0942 0.0942 0.4208 0 0
54 473 650 0 0 0 0 0 1.0014 0 0.9562 -0.0495 0.2398 0.315 1.7948 0.8028 -0.0838 0.4543 0.627 4.2365 0.1057 0.1057 0.4653 0 0
54 474 612 0 0 0 0 0 1.0009 0 0.9479 0.0408 0.2998 0.4107 2.3581 0.8091 0.0668 0.4193 0.5771 4.0695 0.0865 0.0865 0.4556 0 0
54 475 629 9000 0 0 225 226 22.7264 216 0.8962 0.0757 0.6265 0.8117 3.9113 0.1683 0.2479 1.8899 2.2563 16.1134 0.2129 0.2129 1.3725 1 1
54 476 621 0 0 0 0 0 1.0014 0 0.9665 0.0222 0.2703 0.3534 2.4597 0.7746 0.0121 0.4451 0.6089 4.0346 -0.0252 0.0252 0.4426 0 0
54 477 619 0 0 0 0 0 1.0002 0 0.9296 -0.0248 0.3751 0.5131 2.232 0.7364 -0.0043 0.5086 0.6783 4.0732 -0.0749 0.0749 0.4755 0 0
54 478 537 0 0 0 0 0 1.0003 0 0.9485 -0.0875 0.311 0.4527 2.5733 0.8048 -0.0486 0.4479 0.5843 4.0875 0.0638 0.0638 0.4354 0 0
54 479 629 0 0 0 0 0 1.0009 0 0.916 0.0858 0.351 0.5051 2.3761 0.8144 0.0706 0.4228 0.5593 4.2123 -0.0143 0.0143 0.4627 0 0
54 480 632 0 0 0 0 0 1.0005 0 0.9874 0.0676 0.1685 0.2024 2.2617 0.8022 0.0348 0.4473 0.5962 4.0572 0.0952 0.0952 0.425 0 0
54 481 614 0 0 0 0 0 1.0012 0 0.9505 -0.2231 0.3663 0.484 2.4068 0.7298 -0.1585 0.5026 0.6814 4.2997 0.0965 0.0965 0.5595 0 0
54 482 628 0 0 0 0 0 1.0003 0 0.973 0.0199 0.1967 0.2533 1.7485 0.8003 0.0435 0.4218 0.5954 4.1768 -0.2245 0.2245 0.4443 0 0
54 483 522 0 0 0 0 0 1.0001 0 0.9752 0.0192 0.2017 0.2493 2.4825 0.712 0.0651 0.4967 0.6923 4.0956 -0.0933 0.0933 0.454 0 0
54 484 632 0 0 0 0 0 1.0004 0 0.8869 0.1032 0.2927 0.4586 2.3097 0.8146 0.0706 0.4667 0.5941 4.0611 -0.0261 0.0261 0.4529 0 0
54 485 566 0 0 0 0 0 1.0008 0 0.9596 -0.0683 0.2497 0.3622 2.3594 0.7759 -0.0042 0.4698 0.6483 4.2532 0.0245 0.0245 0.4393 0 0
54 486 628 0 0 0 0 0 1.0012 0 0.9666 -0.021 0.2603 0.3365 2.4781 0.7889 0.0639 0.4333 0.5913 4.0935 -0.0336 0.0336 0.4695 0 0
54 487 634 0 0 0 0 0 1.001 0 0.9684 -0.0544 0.2604 0.357 1.7773 0.8191 -0.0101 0.4489 0.6286 4.0551 -0.1946 0.1946 0.4025 0 0
54 488 654 0 0 0 0 0 1.0006 0 0.9359 0.0038 0.2339 0.2876 1.3593 0.7975 -0.0036 0.42 0.5593 4.2595 0.024 0.024 0.4676 0 0
54 489 600 0 0 0 0 0 1.0003 0 0.9452 0.0212 0.1829 0.2457 1.3854 0.8095 0.0611 0.4441 0.6024 4.1038 6e-04 6e-04 0.4285 0 0
54 490 629 0 0 0 0 0 1.0004 0 0.9728 0.0925 0.2164 0.2542 1.7511 0.7551 0.0153 0.4352 0.6055 4.0104 0.0864 0.0864 0.393 0 0
54 491 630 0 0 0 0 0 1.0003 0 0.9543 -0.1457 0.3562 0.4959 2.4722 0.7253 -0.0745 0.4827 0.6767 4.0968 -0.0208 0.0208 0.4779 0 0
54 492 589 0 0 0 0 0 1.0003 0 0.9519 -0.1895 0.3095 0.3905 1.977 0.7991 -0.0643 0.465 0.6368 4.0838 -0.0416 0.0416 0.4391 0 0
54 493 551 0 0 0 0 0 1.0003 0 0.9071 0.2196 0.4185 0.549 2.4764 0.787 0.0867 0.4943 0.6593 4.0401 0.0526 0.0526 0.4537 0 0
54 494 618 0 0 0 0 0 1.0003 0 0.9749 -0.1034 0.2885 0.3722 2.3337 0.8268 -0.0722 0.4492 0.5806 4.0353 -0.0322 0.0322 0.3956 0 0
54 495 571 0 0 0 0 0 1.0002 0 0.9629 0.0623 0.2268 0.3269 1.7697 0.8235 0.026 0.4323 0.5912 4.0701 -0.1144 0.1144 0.4192 0 0
54 496 614 0 0 0 0 0 1.0013 0 0.9193 -0.0948 0.3411 0.4526 2.0296 0.7997 -0.024 0.4678 0.6251 4.1188 -0.0976 0.0976 0.4611 0 0
54 497 499 0 0 0 0 0 1.0002 0 0.9555 0.1329 0.2577 0.3169 1.7173 0.759 0.0975 0.4546 0.683 4.1026 -0.1476 0.1476 0.4371 0 0
54 498 623 0 0 0 0 0 1.0003 0 0.9458 7e-04 0.4587 0.678 2.9115 0.7696 0.12 0.5017 0.6615 4.0968 0.0121 0.0121 0.4749 0 0
54 499 624 0 0 0 0 0 1.0005 0 0.9684 0.0792 0.2006 0.2518 2.1552 0.8113 0.0638 0.4073 0.5846 4.0346 0.0873 0.0873 0.4399 0 0
54 500 637 0 0 0 0 0 1.0017 0 0.9592 -0.0673 0.2312 0.2947 1.5249 0.8098 0.0256 0.4469 0.6318 4.1551 0.2697 0.2697 0.4423 0 0
