cond r run.time ndiv nbfmi ntree nbulk ntail maxRhat nRhat alpha.cor alpha.bias alpha.abbias alpha.rmse alpha.CI beta.cor beta.bias beta.abbias beta.rmse beta.CI theta.cor theta.bias theta.abbias theta.rmse theta.CI lambda.bias lambda.abbias lambda.CI corrupt efficiency
34 1 507 0 0 0 0 0 1.0011 0 -0.9835 0.2394 0.2425 0.2963 1.6247 0.9933 -0.2053 0.2053 0.2444 3.3599 0.6295 -0.1576 0.6221 0.7684 4.0744 -0.083 0.083 0.6189 0 0
34 2 493 0 0 0 0 0 1.0002 0 0.572 0.0644 0.2908 0.293 1.6814 0.9847 -0.1503 0.1983 0.2483 2.706 0.6448 -0.0132 0.6018 0.7338 4.048 -0.2566 0.2566 0.5276 0 0
34 3 506 0 0 0 0 0 1.0007 0 0.9751 -0.0372 0.0861 0.1062 1.634 0.9824 0.0196 0.208 0.3019 4.2374 0.7461 -0.003 0.5387 0.7171 4.3185 0.2449 0.2449 0.461 0 0
34 4 498 11 0 0 0 0 1.001 0 0.7152 -0.1005 0.1414 0.1672 1.7862 0.9967 -0.101 0.3385 0.4348 5.6792 0.592 -0.0304 0.6474 0.8111 4.8085 0.0514 0.0514 0.8483 1 0
34 5 484 0 0 0 0 0 1.0007 0 -0.9858 -0.1568 0.2179 0.3179 1.464 0.9821 0.0602 0.2423 0.2901 3.5052 0.6259 0.0441 0.6329 0.8217 4.3889 -0.1549 0.1549 0.8039 0 0
34 6 509 0 0 0 0 0 1.0004 0 0.9521 -0.3066 0.3066 0.3191 1.4073 0.9864 -0.2755 0.4794 0.6283 5.0558 0.6878 -0.0496 0.5366 0.6892 4.2728 0.1653 0.1653 0.5546 0 0
34 7 483 0 0 0 0 0 1.0005 0 -0.9965 0.2413 0.3449 0.4801 1.7314 0.9868 0.055 0.2032 0.2549 1.4672 0.7166 -0.0084 0.5629 0.7136 4.0841 -0.1499 0.1499 0.453 0 0
34 8 487 5 0 0 0 0 1.0005 0 0.6199 -0.0258 0.1204 0.137 1.4686 0.989 -0.145 0.188 0.242 2.5771 0.7108 -0.1764 0.6034 0.7822 4.4495 0.1155 0.1155 0.658 1 0
34 9 508 0 0 0 0 0 1.0013 0 0.9526 -0.1852 0.1852 0.2261 1.7445 0.8695 -0.8979 1.0615 1.6688 17.7561 0.6237 -0.0679 0.5857 0.7228 4.106 -0.2337 0.2337 0.8936 0 0
34 10 507 0 0 0 0 0 1.0009 0 0.702 -0.1701 0.2905 0.334 1.8118 0.9844 0.3288 0.3288 0.4455 4.2032 0.7463 0.1319 0.5922 0.7618 4.4551 0.1844 0.1844 0.5119 0 0
34 11 492 0 0 0 0 0 1.0009 0 0.999 0.0594 0.0594 0.0675 1.8619 0.9746 0.039 0.1739 0.226 2.4645 0.6561 0.1042 0.6058 0.766 4.2082 -0.0226 0.0226 0.6154 0 0
34 12 498 0 0 0 0 0 1.0009 0 0.24 -0.0835 0.1792 0.2349 1.6543 0.9848 0.065 0.2521 0.2995 5.1673 0.6549 0.1716 0.6342 0.8079 4.2374 -0.0731 0.0731 0.6801 0 0
34 13 521 0 0 0 0 0 1.0014 0 0.0535 0.0471 0.162 0.1963 1.8709 0.9852 0.0455 0.1466 0.1764 2.2333 0.6845 0.0192 0.5805 0.7716 4.1703 0.078 0.078 0.4791 0 0
34 14 484 0 0 0 0 0 1.0003 0 0.9863 0.0312 0.0563 0.06 1.708 0.9925 -0.0606 0.156 0.1696 2.7541 0.641 -0.0524 0.6349 0.7674 4.0724 -0.0854 0.0854 0.629 0 0
34 15 488 1 0 0 0 0 1.0006 0 0.9994 0.0117 0.1516 0.1576 1.4841 0.9917 0.6633 0.6962 1.0934 14.9968 0.6274 0.0409 0.6109 0.7509 4.324 0.0063 0.0063 0.624 1 0
34 16 485 0 0 0 0 0 1.0013 0 0.0322 0.295 0.6164 0.828 3.2242 0.9609 0.2624 0.3312 0.4168 2.8405 0.6918 0.1581 0.6227 0.7894 4.2179 0.0893 0.0893 0.5169 0 0
34 17 487 0 0 0 0 0 1.0011 0 0.4495 -0.0104 0.2862 0.3166 2.1265 0.9847 -0.21 0.2334 0.3126 5.4371 0.6138 -0.0176 0.6371 0.8111 4.2556 -0.1054 0.1054 0.7362 0 0
34 18 478 0 0 0 0 0 1.0007 0 -0.9909 -0.0266 0.4095 0.4741 1.8311 0.9577 0.5647 0.7019 1.1945 11.4315 0.5299 0.0575 0.6613 0.8847 4.3848 -0.4597 0.4597 0.7316 0 0
34 19 511 3 0 0 0 0 1.0008 0 0.9345 -0.053 0.2057 0.2478 1.8158 0.9374 0.4244 0.6864 1.1187 13.0411 0.5272 0.0108 0.6377 0.8298 4.0754 -0.1544 0.1544 0.6799 1 0
34 20 493 2 0 0 0 0 1.0011 0 0.7682 0.011 0.2757 0.3037 2.4474 0.9772 0.1052 0.6246 0.8249 11.8985 0.5348 0.0034 0.6273 0.7907 4.4401 -0.3418 0.3418 0.9717 1 0
34 21 471 22 0 0 0 0 1.0014 0 -0.9676 -0.1154 0.2039 0.2298 1.5451 0.9715 0.4506 0.5823 0.9223 10.8646 0.4615 0.1378 0.7008 0.8901 4.5153 -0.4891 0.4891 1.1449 1 0
34 22 486 0 0 0 0 0 1.0008 0 0.9829 0.0285 0.2286 0.2729 1.6252 0.9918 -0.045 0.165 0.2363 3.0221 0.6854 0.0784 0.5832 0.7368 4.2449 0.1571 0.1571 0.506 0 0
34 23 489 0 0 0 0 0 1.0012 0 0.9685 0.0272 0.0842 0.1036 1.6663 0.9922 -0.0282 0.2276 0.2905 3.7171 0.5485 -0.0771 0.7458 0.9145 4.3183 -0.2157 0.2157 0.8541 0 0
34 24 500 2 0 0 0 0 1.0016 0 0.9941 -0.1543 0.1734 0.2014 1.8674 0.9845 -0.4321 0.719 0.9078 9.1824 0.6069 -0.0218 0.6066 0.7432 4.2337 0.0523 0.0523 0.7833 1 0
34 25 473 0 0 0 0 0 1.0016 0 0.0853 0.1836 0.5625 0.5942 2.2721 0.7984 -0.5294 0.7438 1.373 13.6486 0.5596 -0.011 0.6633 0.829 4.2039 -0.0368 0.0368 0.6421 0 0
34 26 481 0 0 0 0 0 1.0005 0 0.9981 -0.0392 0.0449 0.0635 1.5448 0.9422 -0.0134 0.3675 0.4797 4.7813 0.6243 0.1225 0.6339 0.7872 4.1527 -0.1331 0.1331 0.6862 0 0
34 27 503 0 0 0 0 0 1.0004 0 0.9941 -0.1447 0.1609 0.2554 1.536 0.9616 0.4202 0.5977 0.9278 7.1354 0.6555 0.1873 0.6434 0.8072 4.3447 0.192 0.192 0.4988 0 0
34 28 548 369 0 0 0 0 1.0033 0 -0.3429 -0.3006 0.308 0.3953 2.0191 0.9714 0.9154 0.9154 1.2928 15.1136 0.5815 -0.0998 0.644 0.814 5.1859 0.1363 0.1363 0.9874 1 0
34 29 468 0 0 0 0 0 1.0004 0 0.9913 -0.2566 0.2566 0.2666 1.6633 0.9902 0.261 0.3873 0.5602 6.2172 0.6757 0.2452 0.6129 0.8057 4.1716 0.0463 0.0463 0.6225 0 0
34 30 485 0 0 0 0 0 1.0007 0 -0.6069 -0.0433 0.2697 0.2743 1.8462 0.9875 -0.1239 0.2971 0.3477 3.7565 0.6766 -0.0416 0.6067 0.7477 4.1734 0.0696 0.0696 0.5706 0 0
34 31 495 0 0 0 0 0 1.0007 0 0.9397 0.0727 0.1208 0.1258 1.9249 0.9818 9e-04 0.1741 0.2105 2.9264 0.712 0.0239 0.5701 0.7537 4.148 0.0074 0.0074 0.6027 0 0
34 32 479 0 0 0 0 0 1.0005 0 0.921 -0.099 0.1391 0.1546 1.6714 0.9791 -0.1667 0.2421 0.3934 6.2411 0.6423 0.0066 0.6334 0.8371 4.187 -0.2961 0.2961 0.6382 0 0
34 33 628 10 0 0 0 0 1.0003 0 -0.1021 -0.1888 0.2664 0.3008 1.3469 0.9786 0.236 0.4213 0.5533 4.8849 0.6306 -0.0087 0.6293 0.7983 4.4863 0.1361 0.1361 0.6978 1 0
34 34 493 1 0 0 0 0 1.0008 0 -0.9983 -0.112 0.2945 0.3476 2.0312 0.9653 0.4436 0.5567 0.8973 8.1903 0.6328 -0.1893 0.6044 0.7693 4.134 0.0475 0.0475 0.6595 1 0
34 35 511 0 0 0 0 0 1.0006 0 -0.7128 -0.0335 0.2561 0.3003 1.3178 0.9788 0.0841 0.1944 0.2486 1.7847 0.7243 0.1424 0.5476 0.6992 4.2739 -0.173 0.173 0.6713 0 0
34 36 525 0 0 0 0 0 1.0002 0 0.9837 -0.1149 0.1149 0.1178 1.3924 0.9779 -0.103 0.2608 0.3421 3.2536 0.6847 -0.2003 0.623 0.7751 4.12 -0.0037 0.0037 0.6459 0 0
34 37 497 0 0 0 0 0 1.0011 0 0.1566 -0.0854 0.31 0.3757 1.8969 0.8596 0.0069 1.1007 1.7212 13.8784 0.5733 0.0475 0.6632 0.831 4.2495 0.0534 0.0534 0.6264 0 0
34 38 502 0 0 0 0 0 1.0003 0 0.5448 -0.1133 0.1906 0.2471 1.89 0.9827 0.0281 0.2458 0.2606 3.5912 0.6906 -0.034 0.5952 0.729 4.2604 -0.0684 0.0684 0.6355 0 0
34 39 508 1 0 0 0 0 1.0005 0 0.5082 -0.3014 0.3628 0.4486 1.9788 0.9732 0.0882 0.6027 0.8519 8.8173 0.5673 -0.0221 0.6346 0.8001 4.2469 0.0562 0.0562 0.7155 1 0
34 40 466 0 0 0 0 0 1.0034 0 -0.3947 0.2089 0.3505 0.4848 2.4147 0.9619 -0.2168 0.2482 0.3494 3.1762 0.5729 -0.0576 0.6621 0.8035 4.1798 0.089 0.089 0.5228 0 0
34 41 495 0 0 0 0 0 1.0008 0 -0.8567 -0.2794 0.3556 0.3989 1.704 0.9499 0.256 0.6236 0.8093 6.323 0.5461 0.0778 0.6763 0.8438 4.2099 -0.025 0.025 0.6924 0 0
34 42 493 0 0 0 0 0 1.0004 0 -0.437 0.3395 0.3395 0.3886 1.8 0.9671 0.3372 0.3461 0.4257 1.6248 0.6176 0.1587 0.7185 0.9213 4.0707 -0.1185 0.1185 0.5129 0 0
34 43 431 0 0 0 0 0 1.0006 0 -0.6365 0.0897 0.3154 0.3955 2.2732 0.9753 -0.0218 0.1997 0.2654 2.765 0.5862 -0.0122 0.6563 0.8316 4.329 0.0896 0.0896 0.5998 0 0
34 44 484 2 0 0 0 0 1.0016 0 -0.212 -0.3529 0.3622 0.4956 1.7326 0.9626 0.1299 0.4461 0.5337 3.9949 0.7177 0.0689 0.5576 0.697 4.3549 0.0687 0.0687 0.8063 1 0
34 45 482 0 0 0 0 0 1.0014 0 0.2871 -0.1055 0.1055 0.1538 1.7047 0.9781 0.0764 0.335 0.4043 6.0729 0.6336 0.0974 0.5862 0.7285 4.1812 0.014 0.014 0.7701 0 0
34 46 492 0 0 0 0 0 1.0012 0 0.0139 0.1751 0.3571 0.4285 2.3454 0.9746 0.0322 0.253 0.342 5.2497 0.4776 -0.0816 0.7372 0.917 4.1075 -0.0068 0.0068 0.5809 0 0
34 47 468 1 0 0 0 0 1.001 0 -0.0585 -0.1552 0.2961 0.4021 2.0001 0.9945 0.2615 0.2794 0.4091 5.7051 0.65 -1e-04 0.6248 0.7944 4.2833 0.0259 0.0259 0.7944 1 0
34 48 496 0 0 0 0 0 1.0003 0 -0.5137 0.1545 0.2419 0.3495 1.7673 0.9927 -0.0514 0.1319 0.1635 2.5595 0.6043 0.0962 0.6469 0.8153 4.1563 -0.1332 0.1332 0.6356 0 0
34 49 499 0 0 0 0 0 1.001 0 0.8856 0.1672 0.1804 0.2783 2.1105 0.9797 -0.1103 0.2281 0.2615 2.5028 0.7264 -0.0187 0.6174 0.785 4.1955 0.0823 0.0823 0.5111 0 0
34 50 489 1 0 0 0 0 1.0008 0 -0.9597 -0.1401 0.6058 0.6162 3.083 0.9763 0.4107 1.1782 1.5985 16.7204 0.5671 -0.0672 0.6043 0.7596 4.197 -0.247 0.247 0.87 1 0
34 51 480 0 0 0 0 0 1.0037 0 -0.1879 0.0948 0.3121 0.3785 3.4539 0.9426 0.1973 0.5062 0.5889 7.1682 0.4677 -0.0025 0.6912 0.8367 4.156 -0.1156 0.1156 0.7635 0 0
34 52 491 45 0 0 0 0 1.0007 0 0.7201 -0.2679 0.2679 0.2878 1.2729 0.9915 0.3161 0.5638 0.705 6.9541 0.5888 -0.1736 0.6945 0.8726 4.666 0.1831 0.1831 0.7293 1 0
34 53 477 0 0 0 0 0 1.0009 0 0.4513 -0.0206 0.2274 0.2739 1.6055 0.9883 0.1017 0.1557 0.2092 3.5816 0.6974 0.0201 0.5565 0.7055 4.0793 -0.0882 0.0882 0.5987 0 0
34 54 478 0 0 0 0 0 1.0012 0 0.9453 -0.062 0.1321 0.1341 1.8079 0.9775 -0.0526 0.2568 0.4045 5.5022 0.7118 -0.0354 0.5561 0.7276 4.1835 -0.0892 0.0892 0.6432 0 0
34 55 503 0 0 0 0 0 1.0008 0 0.8335 -0.3878 0.3878 0.4005 1.4463 0.9944 -0.1004 0.3794 0.4957 5.2422 0.7411 0.0822 0.613 0.7815 4.2522 0.1403 0.1403 0.6085 0 0
34 56 483 0 0 0 0 0 1.0003 0 -0.3271 -0.0448 0.3277 0.3645 1.8247 0.9707 0.0516 0.3787 0.4933 5.2149 0.5822 0.0319 0.6509 0.8322 4.2067 -0.2991 0.2991 0.841 0 0
34 57 488 0 0 0 0 0 1.001 0 -0.8491 0.0593 0.4099 0.4461 1.8283 0.9326 -0.3772 0.4642 0.569 2.2491 0.75 -0.0816 0.5804 0.736 4.4487 -0.1498 0.1498 0.7293 0 0
34 58 638 157 0 0 0 0 1.0011 0 0.5473 -0.1455 0.2635 0.2753 1.1534 0.9922 0.1228 0.214 0.2341 2.9679 0.7269 0.1777 0.566 0.7256 4.8225 0.2816 0.2816 0.5595 1 0
34 59 476 0 0 0 0 0 1.0004 0 0.9676 0.0787 0.1395 0.151 1.6921 0.9905 0.227 0.2332 0.2681 2.4812 0.6745 0.1083 0.6358 0.8091 4.1012 -0.0146 0.0146 0.5432 0 0
34 60 882 178 0 0 0 0 1.0014 0 0.8706 -0.2068 0.2068 0.2183 1.6972 0.9839 -0.1666 0.4918 0.6046 5.0096 0.696 -0.2045 0.6195 0.7659 4.9841 0.1142 0.1142 1.1154 1 0
34 61 494 48 0 0 0 0 1.0007 0 0.8657 -0.3182 0.3182 0.3502 1.9975 0.9899 -0.4895 1.056 1.3374 13.5156 0.6294 -0.0559 0.5893 0.7744 4.5082 0.1285 0.1285 0.8361 1 0
34 62 489 0 0 0 0 0 1.0017 0 0.5148 0.052 0.1947 0.2357 1.6663 0.9956 -6e-04 0.0689 0.0918 2.1565 0.6095 -0.0215 0.6194 0.7619 4.2914 -0.2389 0.2389 0.6034 0 0
34 63 481 0 0 0 0 0 1.0004 0 0.9035 0.0062 0.217 0.2638 1.9695 0.9835 -0.0636 0.2969 0.3882 6.1591 0.5739 -0.0846 0.6479 0.8266 4.1442 -0.0142 0.0142 0.6326 0 0
34 64 493 0 0 0 0 0 1.0007 0 -0.5306 -0.0743 0.2131 0.2398 1.3454 0.9933 0.2174 0.2648 0.3415 3.6413 0.6656 0.1637 0.6381 0.793 4.2912 0.0692 0.0692 0.6195 0 0
34 65 503 0 0 0 0 0 1.0005 0 0.9551 -0.2346 0.2346 0.2919 1.3453 0.9933 0.1236 0.21 0.263 3.938 0.7518 -0.0757 0.5773 0.718 4.1135 -0.055 0.055 0.6282 0 0
34 66 503 3 0 0 0 0 1.0005 0 -0.7416 -0.2816 0.2853 0.3872 1.4072 0.9544 0.5331 0.7863 1.0835 8.6303 0.5943 -0.0373 0.6092 0.7961 4.4365 0.1979 0.1979 0.6403 1 0
34 67 488 0 0 0 0 0 1.0005 0 -0.5353 -0.0809 0.4304 0.4659 1.9615 0.9687 -0.1285 0.6056 0.7745 7.2539 0.6115 -0.0369 0.6767 0.8481 4.2305 -0.1018 0.1018 0.6841 0 0
34 68 815 131 0 0 0 0 1.0008 0 -0.0656 -0.1278 0.2851 0.3709 1.8465 0.9385 -0.1421 0.5821 0.7515 7.2496 0.4048 0.0169 0.764 0.9716 4.8976 -0.7129 0.7129 0.8874 1 0
34 69 499 0 0 0 0 0 1.001 0 0.9303 -0.0702 0.408 0.4263 2.6269 0.9589 -0.2906 0.8908 1.2964 11.7032 0.5897 -0.0454 0.6097 0.7993 4.0929 -0.1497 0.1497 0.7113 0 0
34 70 506 0 0 0 0 0 1.0005 0 0.0133 0.1718 0.3029 0.3178 1.7355 0.964 -0.0867 0.2388 0.3616 7.1018 0.6479 -0.0971 0.6782 0.8437 4.215 -0.1232 0.1232 0.6055 0 0
34 71 473 0 0 0 0 0 1.0006 0 -0.6301 0.0964 0.3616 0.3671 1.9467 0.945 0.3967 0.4662 0.6487 6.5838 0.6291 -0.0032 0.5996 0.7523 4.151 -0.167 0.167 0.6869 0 0
34 72 478 0 0 0 0 0 1.001 0 0.9988 -0.019 0.3022 0.3284 1.6988 0.9827 0.2003 0.2565 0.3113 2.3443 0.6679 0.2096 0.6349 0.7942 4.2273 -0.1451 0.1451 0.6789 0 0
34 73 471 0 0 0 0 0 1.0013 0 -0.3431 0.1206 0.2161 0.2641 1.6962 0.9794 -0.093 0.1954 0.2537 2.7249 0.632 0.0924 0.624 0.8279 4.1046 -0.054 0.054 0.5837 0 0
34 74 455 7 0 0 0 0 1.0007 0 0.8637 -0.1589 0.2214 0.278 1.8796 0.9533 -0.4315 0.5163 0.7679 12.9912 0.6678 0.0965 0.596 0.7533 4.4501 -0.0302 0.0302 0.7911 1 0
34 75 473 0 0 0 0 0 1.0037 0 -0.0657 -0.2404 0.2444 0.3043 1.7713 0.9706 -0.0027 0.5658 0.7398 6.3364 0.5864 0.0012 0.592 0.7517 4.2116 -0.3469 0.3469 0.9421 0 0
34 76 462 0 0 0 0 0 1.0031 0 -0.484 0.1887 0.3538 0.4501 3.6596 0.9858 0.2815 0.3293 0.3632 5.9344 0.5934 0.0965 0.7116 0.8864 4.1124 -0.14 0.14 0.6984 0 0
34 77 495 0 0 0 0 0 1.0006 0 0.7995 -0.0715 0.0969 0.1186 1.5653 0.9812 0.167 0.2547 0.389 5.0406 0.6316 0.1225 0.6285 0.7935 4.2171 -0.0032 0.0032 0.6964 0 0
34 78 504 0 0 0 0 0 1.0004 0 0.644 0.0911 0.2604 0.2693 1.6425 0.9547 -0.2477 0.3784 0.4904 4.7749 0.7048 -0.1145 0.5667 0.7234 4.1897 -0.1843 0.1843 0.6128 0 0
34 79 508 0 0 0 0 0 1.002 0 0.3833 0.1165 0.3005 0.3216 2.1563 0.9638 0.2037 0.2861 0.3847 2.7584 0.7102 0.0735 0.6675 0.8224 4.3658 -0.0704 0.0704 0.7293 0 0
34 80 495 0 0 0 0 0 1.0003 0 0.389 0.2504 0.3573 0.4579 1.8167 0.9911 0.1455 0.1609 0.2106 2.1888 0.6433 0.1326 0.6037 0.792 4.0934 0.0745 0.0745 0.4741 0 0
34 81 513 0 0 0 0 0 1.0006 0 0.9866 0.3962 0.3962 0.418 1.9204 0.9856 0.0829 0.1492 0.1817 1.2402 0.7564 0.0439 0.5441 0.7057 4.1199 0.04 0.04 0.4469 0 0
34 82 506 14 0 0 0 0 1.0004 0 0.9559 -0.1832 0.1832 0.1996 1.3118 0.9913 0.1025 0.4545 0.5762 6.6091 0.5842 -0.0148 0.6149 0.7828 4.704 0.1303 0.1303 0.8333 1 0
34 83 491 0 0 0 0 0 1.0032 0 0.8226 -0.0387 0.2856 0.3193 2.0809 0.9488 -0.5971 0.6172 1.1488 13.0566 0.5765 -0.0309 0.663 0.8505 4.1744 -0.1322 0.1322 0.6719 0 0
34 84 494 6 0 0 0 0 1.0007 0 0.1622 -0.1072 0.1673 0.2417 2.095 0.9852 0.0813 0.5383 0.6847 7.295 0.5562 -0.1386 0.6647 0.8286 4.7167 0.0732 0.0732 0.8595 1 0
34 85 486 212 0 0 0 0 1.0039 0 -0.8584 -0.5384 0.5384 0.5997 1.5276 0.9932 0.114 0.8749 1.1908 8.4603 0.6598 0.2589 0.5735 0.7418 4.4747 0.0581 0.0581 0.8536 1 0
34 86 509 0 0 0 0 0 1.0002 0 0.2342 -0.0442 0.0881 0.095 1.3155 0.9886 0.1275 0.182 0.2264 2.6645 0.6469 0.0902 0.643 0.8189 4.1468 0.1935 0.1935 0.457 0 0
34 87 477 1 0 0 0 0 1.0008 0 -0.9621 -0.2179 0.4004 0.4597 2.3263 0.893 -0.229 0.5241 0.9565 9.929 0.5873 0.0737 0.6658 0.856 4.3766 -0.0496 0.0496 0.7207 1 0
34 88 465 0 0 0 0 0 1.0007 0 0.7252 0.2849 0.2849 0.404 2.5064 0.9657 -0.3601 0.4352 0.5054 2.1955 0.6296 -0.0546 0.6738 0.84 4.1475 -0.1209 0.1209 0.6321 0 0
34 89 503 24 0 0 0 0 1.0019 0 0.9572 -0.1976 0.3037 0.3333 1.871 0.9711 -1.2836 1.3496 2.2926 22.9574 0.6497 0.039 0.6133 0.8127 4.6213 0.0981 0.0981 0.8203 1 0
34 90 501 16 0 0 0 0 1.0035 0 0.6634 -0.4448 0.4448 0.5086 1.8411 0.991 0.3522 0.7178 0.9529 9.5358 0.6652 -0.1025 0.5474 0.7249 4.5759 6e-04 6e-04 0.8877 1 0
34 91 618 4 0 0 0 0 1.0059 0 -0.9984 -0.045 0.4303 0.5063 3.54 0.962 1.1057 1.5201 2.5299 25.1198 0.3644 -0.0781 0.7841 0.9591 4.1835 -0.256 0.256 1.0492 1 0
34 92 463 1 0 0 0 0 1.0005 0 0.0508 -0.107 0.2386 0.311 2.0496 0.9978 -0.1211 0.2617 0.3438 5.8365 0.6539 0.0233 0.642 0.8299 4.1318 -0.031 0.031 0.7258 1 0
34 93 485 25 0 0 0 0 1.0039 0 -0.3856 -0.046 0.3048 0.3483 2.5509 0.9777 -0.1643 0.3766 0.4657 8.5702 0.5496 0.0206 0.6742 0.876 4.483 -0.007 0.007 0.8868 1 0
34 94 473 0 0 0 0 0 1.0018 0 0.31 -0.1454 0.4095 0.4921 2.3956 0.9679 0.0033 0.696 0.9687 12.9227 0.5617 0.0869 0.6766 0.851 4.1329 -0.2223 0.2223 0.9011 0 0
34 95 468 0 0 0 0 0 1.0006 0 0.6669 -0.2141 0.2412 0.3022 1.689 0.9866 -0.1547 0.4434 0.5306 5.7788 0.6209 0.0727 0.6625 0.839 4.2679 -0.0012 0.0012 0.7871 0 0
34 96 390 7292 0 0 215 183 2.3504 213 -0.9912 -0.6646 0.6646 0.7747 1.3955 0.9682 1.7021 2.1542 2.3862 20.9172 0.4434 -0.6664 0.9413 1.1289 8.668 -0.1099 0.1099 1.626 1 1
34 97 457 0 0 0 0 0 1.0009 0 0.1533 0.1884 0.2634 0.2865 1.8667 0.9564 0.161 0.2533 0.3574 3.1657 0.5935 0.1471 0.6661 0.8515 4.283 0.0107 0.0107 0.6826 0 0
34 98 490 0 0 0 0 0 1.0014 0 0.9989 -0.1761 0.1761 0.1862 1.5291 0.9855 -0.1076 0.2277 0.369 3.8578 0.6589 -0.1664 0.6476 0.8108 4.4451 -0.1057 0.1057 0.9166 0 0
34 99 497 62 0 0 0 0 1.0015 0 0.0933 -0.2268 0.4031 0.4183 1.8052 0.9298 1.3042 1.4246 2.3172 23.5805 0.5528 -0.0991 0.6507 0.8079 4.5177 -0.3455 0.3455 1.065 1 0
34 100 488 4 0 0 0 0 1.0013 0 0.8541 -0.1635 0.2796 0.2994 2.2003 0.9832 -0.6774 0.686 0.9343 8.0963 0.5801 -0.0288 0.6241 0.7942 4.1623 0.0418 0.0418 0.6089 1 0
34 101 499 24 0 0 0 0 1.0014 0 0.9311 -0.1854 0.1854 0.1911 1.5317 0.9914 -0.2921 0.9429 1.1906 14.7685 0.5447 0.0247 0.721 0.9023 4.3493 -0.0386 0.0386 0.9359 1 0
34 102 485 0 0 0 0 0 1.0006 0 -0.999 0.132 0.5145 0.5946 2.4768 0.9836 -0.5667 0.5667 0.7691 6.5305 0.7218 -0.1229 0.5835 0.7586 4.1926 0.1349 0.1349 0.4928 0 0
34 103 518 0 0 0 0 0 1.0004 0 0.9684 0.0561 0.11 0.1482 1.4008 0.9873 0.102 0.2523 0.3141 4.7989 0.6322 0.1127 0.6565 0.8376 4.3074 -0.0626 0.0626 0.6992 0 0
34 104 489 0 0 0 0 0 1.002 0 -0.8184 0.3611 0.539 0.7216 2.5552 0.9648 -0.24 0.303 0.3403 1.8422 0.5852 2e-04 0.6823 0.8308 4.1153 0.0062 0.0062 0.5605 0 0
34 105 464 7 0 0 0 0 1.0006 0 -0.5617 -0.2344 0.6419 0.6423 2.4334 0.9444 -0.5129 0.9729 1.3967 12.184 0.5468 -0.1271 0.7387 0.9162 4.363 0.1498 0.1498 0.7136 1 0
34 106 475 10 0 0 0 0 1.0029 0 -0.2246 0.0099 0.5369 0.6071 3.2942 0.9075 -0.6757 1.116 1.4545 15.417 0.4761 0.0977 0.6697 0.8626 4.4314 -0.0972 0.0972 0.944 1 0
34 107 468 0 0 0 0 0 1.003 0 0.6094 0.1215 0.1245 0.1975 2.1549 0.932 0.0204 0.2992 0.3974 5.5441 0.4822 -0.0158 0.8123 1.0034 4.2706 -0.3947 0.3947 0.8705 0 0
34 108 492 0 0 0 0 0 1.0019 0 -0.0142 0.1747 0.3304 0.4407 2.5832 0.9865 0.0401 0.1676 0.1844 3.2559 0.6038 0.0117 0.6329 0.8108 4.1005 -0.1883 0.1883 0.563 0 0
34 109 499 0 0 0 0 0 1.0005 0 0.5602 -0.1139 0.3486 0.4106 1.3446 0.9748 -0.0976 0.2427 0.279 2.1492 0.662 -0.0864 0.6093 0.7445 4.156 -0.3184 0.3184 0.6813 0 0
34 110 487 3 0 0 0 0 1.0007 0 0.5616 -0.0119 0.2298 0.2533 1.8676 0.9125 0.3676 0.48 0.6624 7.5283 0.5316 0.0358 0.729 0.9225 4.412 0.1141 0.1141 0.7568 1 0
34 111 505 0 0 0 0 0 1.0034 0 0.6803 0.1245 0.1657 0.184 2.2418 0.9719 0.0551 0.2059 0.2574 3.299 0.5945 0.0788 0.696 0.8884 4.2324 -0.1476 0.1476 0.7585 0 0
34 112 503 0 0 0 0 0 1.0006 0 0.4815 0.284 0.3993 0.4529 2.1062 0.9636 0.0968 0.2315 0.2916 1.589 0.6751 0.0599 0.5942 0.7608 4.1365 -0.1583 0.1583 0.5527 0 0
34 113 504 10 0 0 0 0 1.0028 0 -0.9726 -0.0539 0.1829 0.229 2.3096 0.9539 -0.1213 0.4083 0.6548 9.8627 0.6025 0.1333 0.6517 0.8368 4.1652 -0.1292 0.1292 0.9538 1 0
34 114 483 0 0 0 0 0 1.002 0 0.5369 -0.087 0.344 0.3632 2.3802 0.9729 0.1432 0.5539 0.709 6.8564 0.6202 0.0191 0.5876 0.7701 4.1633 -0.1724 0.1724 0.6833 0 0
34 115 479 6 0 0 0 0 1.0006 0 0.3106 -0.047 0.1271 0.1302 1.577 0.9883 -0.1111 0.2483 0.3104 4.4033 0.5943 -0.0628 0.6091 0.7919 4.4831 0.1879 0.1879 0.6376 1 0
34 116 492 0 0 0 0 0 1.0006 0 0.8502 -0.0575 0.0658 0.0783 1.492 0.9943 -0.0733 0.107 0.1569 3.8127 0.7275 0.0041 0.5739 0.7061 4.2181 -0.0107 0.0107 0.6541 0 0
34 117 491 6 0 0 0 0 1.0013 0 0.9851 -0.0988 0.1682 0.186 2.4453 0.9442 -0.4399 0.7961 1.0892 10.8224 0.5272 -0.2829 0.7149 0.8832 4.3507 -0.0577 0.0577 0.9713 1 0
34 118 499 13 0 0 0 0 1.0007 0 0.561 -0.2569 0.2569 0.2853 1.3521 0.9871 -0.2709 0.4626 0.5675 5.0192 0.5629 -0.1207 0.6881 0.8769 4.6788 0.2339 0.2339 0.7596 1 0
34 119 537 2 0 0 0 0 1.0009 0 0.406 -0.2894 0.2894 0.3462 1.5277 0.9793 0.0195 0.7411 0.8917 9.4854 0.6511 0.2115 0.6617 0.8368 4.2817 0.0125 0.0125 0.7243 1 0
34 120 494 134 0 0 0 0 1.001 0 0.9833 -0.2266 0.2266 0.2283 1.4134 0.9951 0.1604 0.6533 0.7566 7.0025 0.4705 0.0087 0.7095 0.9018 5.1427 0.2385 0.2385 0.8251 1 0
34 121 488 2 0 0 0 0 1.0014 0 -0.0913 -0.0933 0.2095 0.231 1.8006 0.9565 -0.1314 0.5005 0.7098 7.4005 0.5941 -0.0947 0.7312 0.9 4.5282 -0.0199 0.0199 0.9326 1 0
34 122 507 0 0 0 0 0 1.0013 0 0.9887 0.1337 0.278 0.3765 2.101 0.9879 -0.1278 0.2439 0.2729 4.4619 0.6049 -0.0709 0.6427 0.8052 4.1533 -0.2844 0.2844 0.6516 0 0
34 123 475 1 0 0 0 0 1.0015 0 0.0844 -0.3184 0.3765 0.5135 1.7616 0.9888 0.5158 0.6761 0.9224 7.6223 0.5486 0.0045 0.702 0.8675 4.4386 0.1043 0.1043 0.7551 1 0
34 124 480 17 0 0 0 0 1.0023 0 -0.1006 -0.0574 0.3162 0.321 2.7257 0.9306 -0.8436 0.9236 1.358 16.7511 0.3883 0.1026 0.7272 0.9227 4.2641 -0.2704 0.2704 1.1004 1 0
34 125 477 0 0 0 0 0 1.0029 0 0.5741 0.4419 0.4419 0.4772 2.319 0.9701 -0.175 0.2127 0.2856 1.8679 0.5274 -0.012 0.6977 0.8756 4.295 -0.1865 0.1865 0.6502 0 0
34 126 5118 2 0 9000 208 217 22.5681 186 -0.9991 -0.2118 0.3451 0.3695 2.4795 0.7405 -1772.556 2894.5278 3885.8262 21788.9949 0.4087 0.067 0.759 0.9565 5.2595 -0.1427 0.1427 1.2166 1 1
34 127 516 11 0 0 0 0 1.0011 0 0.0107 -0.2353 0.3339 0.3735 1.7366 0.9765 -0.1038 0.5568 0.7378 5.5514 0.6414 0.0123 0.5774 0.7444 4.6788 0.2106 0.2106 0.6056 1 0
34 128 466 0 0 0 0 0 1.003 0 0.3322 0.0475 0.1867 0.2029 2.2909 0.9759 -0.0904 0.2295 0.2643 3.9259 0.5996 -0.0842 0.6365 0.8072 4.4933 -0.1876 0.1876 0.968 0 0
34 129 481 0 0 0 0 0 1.0032 0 -0.6628 0.0718 0.4571 0.5326 5.6224 0.9188 0.2617 0.5034 0.8183 9.3146 0.5668 -0.0626 0.6541 0.8162 4.3127 -0.1405 0.1405 0.8442 0 0
34 130 505 0 0 0 0 0 1.0009 0 0.6948 -0.1122 0.1122 0.1395 1.1693 0.9934 0.0508 0.1563 0.194 3.2223 0.7026 0.1249 0.5984 0.7694 4.3298 0.141 0.141 0.5103 0 0
34 131 467 3 0 0 0 0 1.0004 0 0.9921 -0.6097 0.6097 0.6745 1.1939 0.9919 0.4327 1.1944 1.3249 11.164 0.7017 -0.0399 0.6156 0.7712 4.4554 -0.0648 0.0648 0.9709 1 0
34 132 498 0 0 0 0 0 1.001 0 0.4674 -0.2282 0.2854 0.3279 1.4613 0.9824 -0.0869 0.2966 0.4552 5.7912 0.6938 0.0172 0.6121 0.7808 4.2566 0.0372 0.0372 0.6317 0 0
34 133 526 0 0 0 0 0 1.0003 0 0.12 0.0657 0.4088 0.4765 1.8691 0.9805 0.057 0.2791 0.3129 3.2555 0.7275 0.0522 0.5381 0.6829 4.088 0.0854 0.0854 0.4709 0 0
34 134 514 0 0 0 0 0 1.0005 0 0.9964 -0.1428 0.1428 0.1451 1.4885 0.9723 0.0472 0.4273 0.5653 8.2263 0.6737 -0.0981 0.6149 0.7698 4.3465 -0.0088 0.0088 0.7205 0 0
34 135 505 0 0 0 0 0 1.0008 0 0.983 0.2993 0.3818 0.4366 1.9528 0.975 0.0945 0.1889 0.2283 2.8446 0.6896 0.027 0.5897 0.7427 4.0305 -0.0277 0.0277 0.4411 0 0
34 136 482 0 0 0 0 0 1.0014 0 0.7193 -0.0889 0.318 0.3424 2.0765 0.9851 0.2969 0.4814 0.6962 7.7229 0.6838 0.0534 0.5691 0.7538 4.2922 0.1074 0.1074 0.5994 0 0
34 137 517 67 0 0 0 0 1.0012 0 0.6914 -0.0771 0.1378 0.1481 1.2044 0.9865 0.1224 0.2924 0.4299 3.9213 0.6326 0.0505 0.6777 0.8286 4.669 0.1939 0.1939 0.689 1 0
34 138 496 0 0 0 0 0 1.0009 0 0.6684 -0.1191 0.1676 0.1814 1.3686 0.9794 -0.0075 0.2805 0.3462 4.4275 0.6195 0.1418 0.6329 0.8021 4.2749 0.1285 0.1285 0.5849 0 0
34 139 488 0 0 0 0 0 1.0009 0 0.6454 -0.1041 0.2629 0.2908 1.8862 0.9174 -0.455 0.6591 1.3062 14.549 0.6493 -0.064 0.6427 0.816 4.2067 0.0177 0.0177 0.66 0 0
34 140 482 2 0 0 0 0 1.0008 0 0.9995 -0.1554 0.1554 0.2158 1.5609 0.9913 0.0885 0.2754 0.3551 4.86 0.6636 -0.0609 0.6825 0.8315 4.1639 -0.014 0.014 0.7015 1 0
34 141 479 0 0 0 0 0 1.0006 0 -0.1026 -0.0509 0.23 0.2828 1.6315 0.9758 -0.0042 0.2325 0.3289 4.5404 0.6656 -0.0994 0.5848 0.757 4.0642 -0.2236 0.2236 0.644 0 0
34 142 463 0 0 0 0 0 1.0007 0 0.7608 -0.0577 0.1964 0.242 1.6875 0.9918 0.1182 0.1549 0.1903 3.8783 0.6884 -0.0058 0.57 0.7136 4.3606 0.1309 0.1309 0.5865 0 0
34 143 467 0 0 0 0 0 1.0027 0 -0.4051 0.0179 0.6106 0.6939 2.8728 0.9757 -0.2397 0.4664 0.6594 8.1792 0.6625 0.1215 0.6626 0.8103 4.2305 0.0654 0.0654 0.6103 0 0
34 144 486 0 0 0 0 0 1.0026 0 0.8936 -0.0863 0.1688 0.1736 2.2387 0.9862 -0.0823 0.1849 0.25 3.5958 0.6563 0.1133 0.6111 0.8339 4.1495 -0.2013 0.2013 0.6761 0 0
34 145 503 0 0 0 0 0 1.0008 0 0.6974 -0.1921 0.5509 0.552 2.3457 0.9832 0.084 0.6832 0.9839 8.2446 0.6139 -0.0786 0.6401 0.7909 4.239 0.1769 0.1769 0.5059 0 0
34 146 509 0 0 0 0 0 1.0015 0 -0.6829 0.0766 0.2814 0.2971 2.2119 0.9576 0.1019 0.2692 0.3497 4.2478 0.6119 0.109 0.6293 0.7959 4.0353 -0.1816 0.1816 0.7125 0 0
34 147 482 0 0 0 0 0 1.0005 0 -0.4057 0.0833 0.48 0.5452 2.0893 0.9635 0.2084 0.2682 0.4138 3.4669 0.6356 0.0449 0.5897 0.7512 4.1167 -0.1663 0.1663 0.596 0 0
34 148 448 51 0 0 0 0 1.0006 0 0.6037 -0.2482 0.2482 0.2826 1.7412 0.9743 -0.9175 1.1306 1.4398 15.7649 0.4947 0.0306 0.6414 0.8186 4.4538 -0.0371 0.0371 0.9964 1 0
34 149 464 0 0 0 0 0 1.0016 0 0.5677 0.1986 0.2028 0.2493 1.6394 0.987 0.0842 0.1497 0.1876 1.4662 0.6693 0.1051 0.6518 0.8229 4.0785 -0.0089 0.0089 0.5105 0 0
34 150 472 123 0 0 0 0 1.0009 0 0.0348 -0.0908 0.1049 0.1698 1.4822 0.9829 0.1113 0.2808 0.409 6.8362 0.6027 -0.0279 0.6931 0.8568 4.952 0.1819 0.1819 0.814 1 0
34 151 466 0 0 0 0 0 1.0009 0 -0.2446 0.0244 0.3308 0.3608 1.6974 0.9797 0.4299 0.4509 0.5861 7.6091 0.5695 -0.0154 0.6525 0.8562 4.3545 0.0889 0.0889 0.6745 0 0
34 152 505 5 0 0 0 0 1.0007 0 1 -0.0395 0.0508 0.0566 1.5231 0.9851 -0.0561 0.2606 0.3178 6.4942 0.605 0.0041 0.6642 0.8042 4.3817 0.0454 0.0454 0.7465 1 0
34 153 480 0 0 0 0 0 1.0009 0 0.6392 -0.1388 0.1388 0.1602 1.293 0.9896 0.1303 0.2957 0.351 2.6329 0.6266 0.0834 0.6368 0.7737 4.2164 0.1103 0.1103 0.5542 0 0
34 154 493 1 0 0 0 0 1.0011 0 0.9662 -0.1691 0.1691 0.1717 1.4325 0.9938 -0.0182 0.4194 0.456 4.0219 0.5686 -0.0538 0.6496 0.8403 4.7692 0.0873 0.0873 0.8515 1 0
34 155 502 3 0 0 0 0 1.0013 0 -0.5622 -0.3435 0.3504 0.4499 1.8284 0.9855 1.3067 1.7524 2.7638 27.9813 0.6168 -0.009 0.5758 0.726 4.383 0.0753 0.0753 0.7727 1 0
34 156 484 0 0 0 0 0 1.0013 0 0.8142 0.0793 0.3461 0.3483 1.9411 0.8517 0.3315 0.7478 1.2529 13.9885 0.5482 0.1007 0.6559 0.8119 4.191 -0.0676 0.0676 0.6613 0 0
34 157 491 0 0 0 0 0 1.0016 0 -0.861 -0.3111 0.4974 0.5319 1.7375 0.9438 -0.4109 0.6416 0.8629 6.8278 0.6097 -0.0598 0.604 0.7763 4.1934 -0.0647 0.0647 0.6959 0 0
34 158 482 34 0 0 0 0 1.0011 0 0.8569 0.014 0.1138 0.1267 2.0356 0.9608 -0.2769 0.3182 0.3928 4.9042 0.5479 -0.1175 0.6603 0.827 4.97 -0.4007 0.4007 1.0618 1 0
34 159 482 0 0 0 0 0 1.0014 0 -0.0559 0.0806 0.3385 0.3964 3.2822 0.9845 0.2774 0.4351 0.5928 8.3004 0.689 -0.062 0.6194 0.7641 4.3387 0.0458 0.0458 0.6014 0 0
34 160 638 0 0 0 0 0 1.004 0 1 0.0043 0.1673 0.192 2.4799 0.9521 0.8175 0.8609 1.2857 15.1744 0.488 0.1438 0.7255 0.921 4.2404 -0.1233 0.1233 0.9947 0 0
34 161 477 0 0 0 0 0 1.0007 0 0.8544 -0.0508 0.1142 0.1225 1.6336 0.9282 0.2457 0.4694 0.6817 6.5476 0.6726 0.0314 0.6225 0.7699 4.2374 0.0247 0.0247 0.6724 0 0
34 162 481 0 0 0 0 0 1.0004 0 0.5928 0.0303 0.2006 0.2046 1.6897 0.9517 -0.3438 0.3872 0.5413 5.3083 0.6702 -0.1946 0.6082 0.7833 4.3675 0.0592 0.0592 0.6757 0 0
34 163 493 0 0 0 0 0 1.0011 0 -0.9911 0.1867 0.2361 0.3153 1.605 0.9906 0.0058 0.1784 0.2361 2.5786 0.6314 0.0255 0.6977 0.881 4.1391 0.1068 0.1068 0.5138 0 0
34 164 474 1 0 0 0 0 1.0008 0 0.0379 -0.1326 0.2462 0.2569 1.7814 0.9751 0.1996 0.3343 0.4346 4.4008 0.6841 -0.0506 0.6412 0.7974 4.3103 -0.1691 0.1691 0.8437 1 0
34 165 461 58 0 0 0 0 1.0007 0 0.8123 -0.3069 0.3069 0.3155 1.5905 0.9885 -0.2167 0.7934 1.0998 13.6588 0.5227 -0.1672 0.6202 0.7662 4.5702 0.0229 0.0229 1.0117 1 0
34 166 503 5 0 0 0 0 1.0008 0 0.8213 -0.2938 0.2938 0.355 1.4172 0.9879 -0.1918 0.3415 0.5202 6.8873 0.735 0.1082 0.5507 0.6779 4.3975 0.144 0.144 0.6119 1 0
34 167 488 1 0 0 0 0 1.0012 0 -0.5003 0.0611 0.3932 0.485 2.1687 0.9404 -0.076 0.4129 0.5212 4.5883 0.6316 -0.0412 0.5936 0.7399 4.2576 -0.1422 0.1422 0.7771 1 0
34 168 473 120 0 0 0 0 1.0031 0 0.8171 -0.0912 0.2553 0.261 2.9448 0.9962 -0.3319 0.3553 0.4473 9.1195 0.6785 0.1167 0.6284 0.7791 4.385 -0.0567 0.0567 0.8758 1 0
34 169 474 0 0 0 0 0 1.0009 0 0.8205 -0.0551 0.1536 0.157 1.5825 0.9861 0.0302 0.1882 0.2046 2.5892 0.7312 0.1091 0.5532 0.7372 4.216 -0.0288 0.0288 0.5511 0 0
34 170 488 0 0 0 0 0 1.0012 0 0.9984 -0.0652 0.2306 0.2817 2.2033 0.9375 -0.5015 0.6045 1.138 13.8774 0.5605 -0.0471 0.6145 0.8049 4.2347 -0.2413 0.2413 0.8777 0 0
34 171 480 0 0 0 0 0 1.0007 0 -0.7787 -0.083 0.1469 0.1853 1.4117 0.982 -0.2182 0.3688 0.4308 2.8794 0.6843 -0.0575 0.5427 0.6875 4.3177 0.1481 0.1481 0.5719 0 0
34 172 489 0 0 0 0 0 1.0005 0 0.3683 0.2951 0.4583 0.4925 2.0656 0.9727 0.0953 0.2258 0.2894 2.6545 0.6346 -0.0517 0.6441 0.7912 4.1669 0.0812 0.0812 0.493 0 0
34 173 481 0 0 0 0 0 1.0008 0 -0.5487 -0.124 0.1783 0.2304 1.8602 0.9908 -0.3918 0.6082 0.9745 11.9036 0.6217 -0.0687 0.6931 0.8529 4.2029 -0.2363 0.2363 0.892 0 0
34 174 486 0 0 0 0 0 1.0007 0 -0.0237 -0.0065 0.5171 0.6027 2.4185 0.9451 -0.033 0.2987 0.3585 2.1012 0.6645 -0.1575 0.6457 0.8004 4.2865 0.1895 0.1895 0.4763 0 0
34 175 504 0 0 0 0 0 1.001 0 0.9816 -0.1534 0.1652 0.1999 1.5232 0.9709 -0.0116 0.7404 0.9968 12.0789 0.5206 0.0774 0.6993 0.8679 4.3702 0.1303 0.1303 0.6958 0 0
34 176 475 12 0 0 0 0 1.0006 0 -0.9999 -0.2883 0.3699 0.4442 1.5512 0.9428 -0.5175 0.8929 1.2873 13.4984 0.6017 0.0173 0.6078 0.7686 4.4326 -0.0101 0.0101 0.9768 1 0
34 177 475 1 0 0 0 0 1.0016 0 -0.3619 0.0887 0.1786 0.1829 1.5043 0.9707 0.1995 0.2786 0.3475 3.5115 0.684 0.0852 0.6447 0.8054 4.4276 0.1665 0.1665 0.6137 1 0
34 178 471 0 0 0 0 0 1.0008 0 0.8775 0.5032 0.5032 0.5722 1.947 0.9923 -5e-04 0.2125 0.2691 2.1425 0.6287 -0.0235 0.6431 0.8027 4.161 -0.1369 0.1369 0.5306 0 0
34 179 510 4 0 0 0 0 1.0011 0 0.9368 0.0716 0.1907 0.1909 1.6329 0.9003 0.1857 0.4069 0.5368 5.7407 0.5371 0.0978 0.7421 0.9473 4.4305 0.2255 0.2255 0.5996 1 0
34 180 486 0 0 0 0 0 1.0009 0 0.4672 -0.2273 0.2273 0.3173 1.8876 0.962 -0.1264 0.6374 0.8556 7.023 0.5665 -0.1461 0.6748 0.8492 4.161 -0.0401 0.0401 0.6803 0 0
34 181 473 0 0 0 0 0 1.0009 0 0.4113 0.1056 0.1882 0.1937 1.68 0.9635 -0.2269 0.2839 0.3646 2.69 0.603 -0.1592 0.7575 0.9238 4.1654 0.0815 0.0815 0.5725 0 0
34 182 482 13 0 0 0 0 1.0011 0 0.805 0.0476 0.2227 0.2477 1.9415 0.9833 -0.0743 0.2515 0.377 6.3786 0.6221 0.0461 0.6548 0.829 4.4183 0.0396 0.0396 0.7693 1 0
34 183 498 6 0 0 0 0 1.0006 0 0.5805 -0.1498 0.1969 0.229 1.5674 0.9824 -0.0113 0.2952 0.4092 5.1315 0.689 0.0121 0.5212 0.6665 4.4659 0.0777 0.0777 0.7592 1 0
34 184 470 0 0 0 0 0 1.001 0 -0.2518 0.3621 0.6566 0.7828 4.0034 0.887 0.2238 0.536 0.7458 8.0018 0.4379 -0.0604 0.7435 0.9247 4.0508 -0.1374 0.1374 0.6726 0 0
34 185 489 0 0 0 0 0 1.0007 0 -0.5029 -0.2687 0.2687 0.3098 1.3451 0.9952 0.0919 0.4788 0.5691 5.7713 0.6333 0.1565 0.6854 0.8556 4.2644 0.0747 0.0747 0.6796 0 0
34 186 498 0 0 0 0 0 1.0007 0 0.8427 0.0201 0.1867 0.2205 1.5421 0.983 0.0177 0.1294 0.1914 2.5423 0.7513 0.0841 0.6071 0.7609 4.158 0.0404 0.0404 0.5651 0 0
34 187 474 8 0 0 0 0 1.0005 0 0.3879 0.0813 0.2449 0.2598 2.1124 0.9392 -0.084 0.3939 0.4435 5.4568 0.6144 -0.0488 0.6601 0.8251 4.4253 0.0537 0.0537 0.8239 1 0
34 188 503 2 0 0 0 0 1.0006 0 -0.8165 -0.1944 0.2945 0.3117 2.0677 0.9592 -1.1586 1.2836 1.75 15.7054 0.5467 0.0441 0.6638 0.8219 4.2081 -0.3568 0.3568 0.9659 1 0
34 189 499 0 0 0 0 0 1.0016 0 0.0821 -0.0889 0.4901 0.4976 2.595 0.9805 0.0974 0.4068 0.5729 6.0685 0.6432 -0.1545 0.633 0.8073 4.3828 0.0943 0.0943 0.5688 0 0
34 190 483 0 0 0 0 0 1.0008 0 0.8252 0.1315 0.2461 0.2562 1.7777 0.9798 -0.0857 0.2362 0.2843 5.0364 0.5514 -0.1198 0.6583 0.8612 4.3453 -0.0673 0.0673 0.6305 0 0
34 191 465 6 0 0 0 0 1.0007 0 0.5595 -0.0886 0.0886 0.1317 1.6198 0.9896 -0.0191 0.4313 0.5384 7.0615 0.4431 -0.0064 0.7291 0.9171 4.4989 -0.5254 0.5254 0.9863 1 0
34 192 418 29 0 0 0 0 1.002 0 -0.0662 -0.4969 0.4969 0.5405 1.1952 0.9115 -1.7638 1.9134 2.3354 20.8413 0.551 0.107 0.6684 0.8447 4.2724 -0.1593 0.1593 1.1337 1 0
34 193 490 0 0 0 0 0 1.0005 0 -0.6452 -0.1847 0.369 0.3748 2.1998 0.9793 0.0707 0.3422 0.4576 4.4314 0.7045 0.0612 0.5932 0.7504 4.123 -0.0393 0.0393 0.6359 0 0
34 194 477 2 0 0 0 0 1.0021 0 -0.2421 -0.3389 0.5307 0.633 2.6093 0.9743 -0.1181 0.4205 0.5505 5.5148 0.6309 -0.0807 0.6654 0.831 4.0974 -0.0879 0.0879 0.7404 1 0
34 195 493 0 0 0 0 0 1.0012 0 0.9866 -0.0574 0.1416 0.1505 1.6472 0.9596 0.191 0.3807 0.5432 6.3485 0.6609 -0.0243 0.652 0.8088 4.3428 -0.0072 0.0072 0.6901 0 0
34 196 494 0 0 0 0 0 1.0006 0 0.1399 -0.1882 0.1882 0.2453 1.3681 0.9866 0.2945 0.3144 0.4248 3.3554 0.6761 0.1504 0.5903 0.7658 4.2294 0.0355 0.0355 0.7821 0 0
34 197 493 0 0 0 0 0 1.0002 0 -0.9762 -0.2232 0.3116 0.3799 1.5576 0.9701 -0.0829 0.3669 0.5225 4.2721 0.6475 -0.0875 0.578 0.7572 4.2243 0.061 0.061 0.6607 0 0
34 198 496 0 0 0 0 0 1.0003 0 0.9855 -0.1629 0.2828 0.2921 2.0069 0.9743 0.1426 0.4903 0.6932 6.5963 0.7355 -0.0839 0.5345 0.6801 4.2112 0.2042 0.2042 0.4775 0 0
34 199 488 1 0 0 0 0 1.0013 0 -0.5165 -0.1617 0.2323 0.2968 1.9203 0.9855 -0.3684 0.4621 0.6618 8.0834 0.5454 0.0825 0.6425 0.8032 4.2035 -0.0079 0.0079 0.7016 1 0
34 200 481 0 0 0 0 0 1.0016 0 0.078 0.195 0.3726 0.44 1.9576 0.9733 0.1868 0.2538 0.3138 2.1587 0.691 0.0713 0.5791 0.7334 4.1759 0.0861 0.0861 0.5067 0 0
34 201 524 87 0 0 0 0 1.0039 0 0.8316 -0.2006 0.3637 0.3897 2.3096 0.9579 1.1946 1.2315 1.8893 20.6599 0.5984 -0.113 0.6672 0.8243 4.3415 0.0553 0.0553 0.7036 1 0
34 202 481 0 0 0 0 0 1.0004 0 0.9817 0.1302 0.1496 0.174 1.4862 0.9977 -0.1062 0.1114 0.1417 3.543 0.5989 -0.1198 0.6436 0.7975 4.2177 -0.1004 0.1004 0.7258 0 0
34 203 491 9 0 0 0 0 1.0021 0 -0.9966 -0.2695 0.5408 0.5492 2.7534 0.9875 0.4315 1.3004 1.8661 16.5045 0.5275 0.0083 0.6595 0.8592 4.7972 0.0514 0.0514 0.9956 1 0
34 204 513 0 0 0 0 0 1.0006 0 0.9624 0.1529 0.1529 0.1622 1.3105 0.994 -0.0793 0.1127 0.1429 1.3666 0.7727 -0.0918 0.5657 0.6969 4.1414 -0.0523 0.0523 0.5062 0 0
34 205 471 0 0 0 0 0 1.0004 0 0.1782 0.1122 0.2549 0.2599 1.6075 0.983 -0.0498 0.1505 0.2112 2.4625 0.7315 -0.0479 0.5788 0.756 4.285 0.0425 0.0425 0.533 0 0
34 206 475 5 0 0 0 0 1.0025 0 -0.3101 -0.2427 0.3689 0.4097 2.5759 0.9926 -0.4241 1.3924 1.8056 20.3208 0.5577 0.0094 0.6803 0.8496 4.2734 -0.1136 0.1136 0.9036 1 0
34 207 497 11 0 0 0 0 1.001 0 0.9956 -0.1343 0.1512 0.1823 1.3562 0.9919 -0.2065 0.2093 0.2634 2.5469 0.725 -0.2804 0.6332 0.7917 4.3686 0.2388 0.2388 0.5395 1 0
34 208 492 50 0 0 0 0 1.0006 0 -0.805 -0.0672 0.1448 0.1537 1.9899 0.9901 -0.0387 0.5772 0.7212 7.4605 0.5313 0.0528 0.6246 0.7924 4.3509 0.0135 0.0135 0.8337 1 0
34 209 492 0 0 0 0 0 1.0013 0 0.6419 -0.1126 0.2575 0.2712 1.6382 0.9392 0.137 0.3168 0.3701 3.8661 0.6175 0.1029 0.5956 0.7665 4.2526 0.1386 0.1386 0.6716 0 0
34 210 483 0 0 0 0 0 1.0004 0 0.8848 -0.1939 0.2584 0.2833 1.5544 0.9568 -0.0478 0.4797 0.7356 7.1236 0.6904 -0.0574 0.6151 0.8007 4.2597 0.0543 0.0543 0.5573 0 0
34 211 511 0 0 0 0 0 1.0007 0 -0.6111 0.1045 0.3588 0.4312 2.1419 0.9568 -0.2438 0.3158 0.457 3.9583 0.6752 -0.0171 0.6248 0.7721 4.1797 -0.0779 0.0779 0.6084 0 0
34 212 480 0 0 0 0 0 1.0004 0 0.1453 0.0775 0.2108 0.2117 1.9953 0.9773 -0.3351 0.4057 0.5173 7.206 0.6005 -0.0187 0.6912 0.8903 4.2219 -0.295 0.295 0.8257 0 0
34 213 488 0 0 0 0 0 1.0003 0 0.6208 0.1924 0.3329 0.4637 2.3855 0.952 -0.2901 0.367 0.4873 4.2198 0.7294 -0.0596 0.6271 0.7865 4.2569 0.1848 0.1848 0.4975 0 0
34 214 459 0 0 0 0 0 1.0005 0 -0.1242 0.1611 0.2267 0.3387 1.7058 0.9926 -0.0363 0.1055 0.1382 1.4927 0.6932 -0.091 0.6252 0.7947 4.16 0.0221 0.0221 0.5416 0 0
34 215 472 1 0 0 0 0 1.002 0 -0.6553 -0.0311 0.3669 0.4283 2.5667 0.968 0.5305 0.624 0.9923 11.5064 0.543 0.205 0.713 0.9149 4.1851 0.0389 0.0389 0.741 1 0
34 216 511 51 0 0 0 0 1.0017 0 -0.9294 -0.1388 0.2293 0.24 2.2259 0.9764 0.0373 0.5324 0.6665 8.2705 0.5171 0.0394 0.7276 0.9064 4.4216 0.0447 0.0447 0.8936 1 0
34 217 480 0 0 0 0 0 1.0006 0 0.3977 -0.1127 0.3287 0.3288 1.5803 0.992 0.1348 0.2437 0.3398 5.822 0.6577 -0.0555 0.6108 0.7844 4.1071 -0.0422 0.0422 0.5646 0 0
34 218 487 1 0 0 0 0 1.0028 0 0.8658 -0.1936 0.1936 0.214 1.3134 0.9887 0.2817 0.3585 0.4578 3.0342 0.6632 0.079 0.6211 0.8074 4.3573 0.1658 0.1658 0.5866 1 0
34 219 501 0 0 0 0 0 1.0003 0 0.9674 0.1554 0.2536 0.2655 1.7573 0.9404 0.1168 0.3084 0.3766 4.2461 0.6233 0.0415 0.6604 0.834 4.1085 -0.0045 0.0045 0.5108 0 0
34 220 510 7 0 0 0 0 1.0004 0 0.7603 -0.3091 0.3091 0.3187 1.2242 0.9917 0.0982 0.4531 0.5416 3.387 0.6681 0.081 0.5625 0.7385 4.4731 0.2127 0.2127 0.6283 1 0
34 221 437 0 0 0 0 0 1.0002 0 0.5924 0.0504 0.2406 0.2479 1.6483 0.9871 0.1275 0.1736 0.2211 2.6797 0.6266 0.0555 0.6579 0.8294 4.1523 -0.0937 0.0937 0.7079 0 0
34 222 478 18 0 0 0 0 1.0003 0 0.9193 -0.1923 0.1923 0.2334 1.8394 0.9343 -0.1412 0.2563 0.4495 6.9247 0.7098 0.0609 0.5749 0.7247 4.3779 -0.1689 0.1689 0.9033 1 0
34 223 509 3 0 0 0 0 1.0007 0 -0.0566 0.306 0.4004 0.5867 2.3883 0.9857 0.3003 0.3226 0.3684 3.0619 0.6841 0.1692 0.5993 0.7653 4.1445 0.1008 0.1008 0.5201 1 0
34 224 456 0 0 0 0 0 1.0004 0 0.9868 -0.0303 0.1304 0.1552 1.809 0.9747 -0.0619 0.2434 0.2849 3.2823 0.5884 -0.1142 0.6479 0.8161 4.2424 -0.0753 0.0753 0.6238 0 0
34 225 491 0 0 0 0 0 1.0007 0 -0.516 -0.1391 0.3781 0.4453 1.6232 0.9723 0.0725 0.3371 0.4336 4.6237 0.6108 0.1034 0.6733 0.8403 4.0438 -0.2223 0.2223 0.6872 0 0
34 226 502 0 0 0 0 0 1.0015 0 -0.848 0.0541 0.3786 0.4376 2.5024 0.9296 -0.4481 0.8793 1.4212 15.5286 0.4714 0.139 0.716 0.9439 4.1492 -0.3534 0.3534 0.7647 0 0
34 227 501 0 0 0 0 0 1.0009 0 0.551 -0.1272 0.1775 0.2663 1.8768 0.9364 -0.6696 0.7291 1.1977 14.436 0.5941 0.0657 0.678 0.8615 4.333 0.0681 0.0681 0.6869 0 0
34 228 501 0 0 0 0 0 1.0007 0 0.9784 -3e-04 0.1581 0.1677 1.7933 0.9893 0.0141 0.1645 0.2304 4.0555 0.5552 -0.0396 0.6244 0.8229 4.0527 -0.1691 0.1691 0.613 0 0
34 229 488 0 0 0 0 0 1.0008 0 -0.0252 0.1205 0.1962 0.2163 1.5137 0.9936 -0.0315 0.1012 0.1257 2.4016 0.6105 -0.0665 0.6607 0.8041 4.2637 -0.0288 0.0288 0.6719 0 0
34 230 492 0 0 0 0 0 1.0018 0 0.9931 -0.0644 0.0662 0.086 2.1774 0.9943 0.1944 0.3088 0.3979 7.0499 0.6227 0.1715 0.642 0.8082 4.1729 -0.1602 0.1602 0.6487 0 0
34 231 501 0 0 0 0 0 1.0013 0 0.9993 -0.0225 0.1243 0.1512 1.5874 0.992 -0.0787 0.1643 0.2154 2.9696 0.5917 -0.1197 0.6608 0.8417 4.4657 -0.3847 0.3847 0.7489 0 0
34 232 503 0 0 0 0 0 1.0007 0 0.9994 -0.179 0.179 0.1861 1.6972 0.9812 -0.2561 0.3064 0.4453 4.2973 0.6745 -0.1301 0.5974 0.7546 4.3993 0.1919 0.1919 0.5346 0 0
34 233 503 0 0 0 0 0 1.0003 0 0.9986 0.0759 0.0759 0.0861 1.5766 0.9949 -0.1461 0.2136 0.2954 2.9757 0.7669 -0.0569 0.5427 0.6884 4.1375 0.0511 0.0511 0.4792 0 0
34 234 505 0 0 0 0 0 1.0011 0 0.4818 -0.0293 0.2206 0.2315 1.6177 0.9755 -0.3739 0.4935 0.7408 10.2209 0.6284 0.0316 0.6284 0.8014 4.158 0.0284 0.0284 0.6268 0 0
34 235 490 0 0 0 0 0 1.0006 0 0.9974 -0.0719 0.1459 0.1657 1.3662 0.9903 0.0462 0.1616 0.1837 2.7257 0.7121 -0.0324 0.6066 0.7662 4.2666 0.1441 0.1441 0.6031 0 0
34 236 473 7 0 0 0 0 1.0002 0 0.6828 -0.3168 0.3168 0.363 1.5167 0.9847 0.2336 0.4823 0.6833 6.6702 0.6038 0.0253 0.5998 0.7724 4.2368 0.0409 0.0409 0.7738 1 0
34 237 479 0 0 0 0 0 1.0003 0 -0.3688 0.2099 0.529 0.6784 2.5782 0.9458 -0.046 0.4434 0.5198 3.8876 0.5978 -0.0301 0.6514 0.801 4.4165 -0.2365 0.2365 0.7229 0 0
34 238 508 0 0 0 0 0 1.0004 0 -0.5926 0.0088 0.139 0.159 1.398 0.9962 -0.0348 0.0714 0.0937 1.8041 0.7383 0.0122 0.6078 0.784 4.184 0.1514 0.1514 0.5058 0 0
34 239 507 0 0 0 0 0 1.0002 0 0.5082 0.1047 0.2516 0.2853 1.5713 0.9937 0.0564 0.1093 0.1268 1.3167 0.7497 0.077 0.5436 0.7464 4.1215 -0.0739 0.0739 0.4545 0 0
34 240 507 8 0 0 0 0 1.0005 0 0.0444 -0.2185 0.3733 0.3972 1.7716 0.9606 -0.2057 0.5024 0.6602 5.5673 0.556 -0.027 0.6093 0.8139 4.7323 0.2466 0.2466 0.655 1 0
34 241 477 1 0 0 0 0 1.0008 0 0.9872 -0.2507 0.2507 0.2752 1.5401 0.9831 0.2336 0.5232 0.6553 5.3198 0.6719 0.0769 0.5387 0.6811 4.405 -0.0017 0.0017 0.7225 1 0
34 242 476 1 0 0 0 0 1.0012 0 0.9747 -0.1888 0.1888 0.1948 2.1442 0.9977 0.2066 0.3001 0.3939 5.5914 0.6625 0.1587 0.5798 0.7144 4.3481 -0.3817 0.3817 0.8615 1 0
34 243 516 0 0 0 0 0 1.0004 0 -0.9138 -0.1459 0.2865 0.2976 1.3107 0.9579 -0.0081 0.41 0.5382 3.5382 0.7037 -0.1967 0.6221 0.7789 4.1802 0.2038 0.2038 0.5265 0 0
34 244 452 0 0 0 0 0 1.0006 0 -0.4146 0.0842 0.1536 0.1834 1.6456 0.9931 0.029 0.169 0.2032 3.4552 0.4936 0.0117 0.6962 0.8979 4.27 0.0628 0.0628 0.6562 0 0
34 245 487 0 0 0 0 0 1.0009 0 -0.9475 -0.0923 0.2548 0.2581 1.9632 0.9948 0.0259 0.6106 0.8078 9.8989 0.4824 0.1047 0.6972 0.8561 4.3847 -0.3168 0.3168 0.911 0 0
34 246 502 1 0 0 0 0 1.0003 0 1 -0.0429 0.0469 0.0564 1.7999 0.9961 0.1621 0.1673 0.2291 4.7643 0.6224 -0.0171 0.6117 0.7629 4.4993 0.1503 0.1503 0.6226 1 0
34 247 480 40 0 0 0 0 1.0018 0 0.532 -0.1677 0.1677 0.2223 1.9679 0.9937 0.3024 0.8233 1.0185 12.8152 0.545 0.1131 0.6292 0.7664 4.4603 -0.2076 0.2076 1.1498 1 0
34 248 488 2 0 0 0 0 1.0027 0 0.9704 -0.1333 0.1333 0.1602 2.4165 0.9865 0.1945 0.5399 0.707 13.7972 0.6414 -0.0404 0.6622 0.8435 4.0986 -0.2515 0.2515 0.8134 1 0
34 249 485 0 0 0 0 0 1.0005 0 0.753 0.0115 0.1989 0.2132 1.4183 0.9611 -0.4599 0.5181 0.8076 10.8342 0.5829 0.0404 0.6532 0.8092 4.247 -0.0195 0.0195 0.7111 0 0
34 250 505 0 0 0 0 0 1.0005 0 0.99 0.0482 0.0755 0.0952 1.4614 0.9862 0.0115 0.1344 0.1786 2.2008 0.7014 -0.0059 0.5863 0.7271 4.114 -0.2346 0.2346 0.5736 0 0
34 251 477 2 0 0 0 0 1.001 0 0.0826 -0.218 0.2611 0.3716 1.8719 0.9868 0.0675 0.6318 0.7759 8.1843 0.7025 0.0506 0.6069 0.7566 4.4035 0.0273 0.0273 0.8003 1 0
34 252 483 0 0 0 0 0 1.0012 0 -0.432 0.1165 0.159 0.2409 1.9873 0.9874 -0.0134 0.1429 0.1609 2.7472 0.7002 -0.0084 0.5941 0.7468 4.1039 -0.0723 0.0723 0.5328 0 0
34 253 511 2 0 0 0 0 1.0012 0 0.828 -0.1814 0.1947 0.2404 1.791 0.9671 0.177 0.443 0.6286 6.6351 0.6543 -0.0791 0.611 0.7598 4.4884 0.161 0.161 0.5997 1 0
34 254 485 0 0 0 0 0 1.0007 0 -0.586 0.0211 0.1832 0.2051 1.7347 0.9814 0.1145 0.1819 0.2247 2.4981 0.5781 0.0755 0.6845 0.8598 4.1571 -0.0513 0.0513 0.6179 0 0
34 255 557 0 0 0 0 0 1.0038 0 0.9976 -0.1708 0.1708 0.1841 2.4626 0.9949 0.0153 0.4062 0.4886 6.7341 0.5936 0.083 0.6671 0.8177 4.3061 -0.1307 0.1307 0.9207 0 0
34 256 498 2 0 0 0 0 1.0022 0 -0.6044 -0.0739 0.0739 0.0904 2.0507 0.9561 0.3171 0.502 0.5812 7.3349 0.568 0.1349 0.6887 0.8673 4.442 0.0047 0.0047 0.9225 1 0
34 257 480 0 0 0 0 0 1.0028 0 0.9931 0.0255 0.1705 0.1738 2.091 0.918 0.132 0.5712 0.7984 10.0259 0.6072 -0.2131 0.6872 0.8625 4.281 -0.3077 0.3077 0.795 0 0
34 258 494 0 0 0 0 0 1.0019 0 -0.7137 0.2461 0.2859 0.3379 1.911 0.972 0.1429 0.2215 0.2435 1.8098 0.5712 0.1176 0.6649 0.8488 4.134 0.0027 0.0027 0.5489 0 0
34 259 509 1 0 0 0 0 1.0018 0 0.3929 0.0635 0.1585 0.2071 1.7573 0.9758 0.0015 0.2225 0.2808 5.8079 0.5028 0.1214 0.6623 0.8812 4.1665 -0.3272 0.3272 0.764 1 0
34 260 503 26 0 0 0 0 1.0004 0 0.9244 -0.1843 0.1843 0.21 1.2441 0.995 -0.1478 0.2884 0.3364 5.5348 0.6247 0.1801 0.7133 0.9047 4.4417 0.0956 0.0956 0.7034 1 0
34 261 489 0 0 0 0 0 1.0005 0 -0.1622 0.0415 0.3624 0.4039 1.8416 0.9608 0.1195 0.2388 0.3244 2.5481 0.6898 0.0435 0.5529 0.7552 4.1855 0.0667 0.0667 0.5381 0 0
34 262 511 0 0 0 0 0 1.0005 0 -1 -0.283 0.2904 0.3897 1.4497 0.9968 0.245 0.3697 0.4808 6.5359 0.7249 -0.1259 0.628 0.788 4.3237 0.1454 0.1454 0.6411 0 0
34 263 483 0 0 0 0 0 1.0011 0 0.9861 0.2234 0.239 0.2836 1.9332 0.9825 0.1243 0.1819 0.2433 3.5771 0.6438 0.0212 0.6289 0.7857 4.2212 -0.1185 0.1185 0.7512 0 0
34 264 5290 1196 0 7805 199 217 17969.2064 194 0.6866 -0.45 0.45 0.5124 2.1812 0.7869 45462.125 59297.3936 118629.3906 1075094.3112 0.5394 0.1237 0.7699 0.9814 6.5833 -0.2185 0.2185 1.4064 1 1
34 265 511 4 0 0 0 0 1.0007 0 0.076 -0.3223 0.3223 0.3536 1.4656 0.9872 -0.1924 0.6046 0.7936 8.2677 0.6433 0.1361 0.6176 0.7866 4.3743 0.1608 0.1608 0.6299 1 0
34 266 528 654 0 0 0 0 1.0019 0 0.6617 -0.2889 0.3317 0.3925 2.0684 0.9929 -0.7847 0.9736 1.2352 12.7192 0.5801 0.151 0.6566 0.8892 4.9577 0.2156 0.2156 0.8038 1 0
34 267 466 0 0 0 0 0 1.0014 0 0.1714 0.0119 0.2112 0.2419 1.6875 0.9849 0.3447 0.3685 0.5791 7.1337 0.5627 0.0082 0.6759 0.8437 4.1305 -0.147 0.147 0.657 0 0
34 268 467 1 0 0 0 0 1.0003 0 0.8468 -0.1942 0.2769 0.2988 1.8426 0.8138 0.1571 0.9718 1.4855 13.1645 0.5934 0.1104 0.6726 0.8411 4.2941 -0.1421 0.1421 0.8349 1 0
34 269 505 293 0 0 0 0 1.0023 0 0.2545 0.0934 0.2337 0.2828 2.1471 0.9828 -0.0414 0.2982 0.379 7.5547 0.5949 0.1286 0.6935 0.8645 4.7381 0.1296 0.1296 0.8084 1 0
34 270 491 0 0 0 0 0 1.0005 0 -0.414 0.2816 0.4006 0.4456 2.2298 0.9706 -0.0111 0.2865 0.3399 5.24 0.6116 -0.072 0.7067 0.8681 4.1879 -0.2301 0.2301 0.6506 0 0
34 271 494 13 0 0 0 0 1.001 0 0.8148 -0.3095 0.3173 0.435 1.4191 0.995 1.4622 1.5298 1.8006 17.9732 0.4879 0.1897 0.7332 0.9397 4.3345 -0.4131 0.4131 1.0661 1 0
34 272 510 0 0 0 0 0 1.0005 0 0.8409 -0.0741 0.2883 0.2918 1.8678 0.9192 -0.1107 0.4323 0.543 3.9777 0.6486 -0.2004 0.7011 0.8754 4.2554 -0.0945 0.0945 0.7826 0 0
34 273 505 0 0 0 0 0 1.0003 0 0.8527 0.4289 0.4289 0.4907 2.1499 0.9827 -0.2372 0.2475 0.3229 1.3424 0.6925 0.0799 0.6265 0.8196 4.1163 -0.186 0.186 0.5372 0 0
34 274 489 0 0 0 0 0 1.0015 0 0.9843 -0.0865 0.1745 0.1786 2.011 0.9903 -0.4399 0.4399 0.6338 7.6832 0.7607 -0.1585 0.5837 0.728 4.2614 0.129 0.129 0.5516 0 0
34 275 447 0 0 0 0 0 1.0004 0 -0.6945 0.1002 0.2769 0.3065 1.6087 0.9654 0.0974 0.2399 0.3395 3.9576 0.5879 -0.1044 0.6627 0.8251 4.1898 0.0313 0.0313 0.603 0 0
34 276 505 0 0 0 0 0 1.0004 0 0.6089 0.1665 0.2635 0.3815 2.1788 0.9876 0.129 0.2158 0.255 2.4622 0.7405 0.1557 0.6183 0.7855 4.1749 0.0872 0.0872 0.458 0 0
34 277 503 0 0 0 0 0 1.0008 0 0.9351 -0.1703 0.1725 0.2401 1.859 0.9803 -0.1956 0.2329 0.3302 2.6686 0.7757 -0.0707 0.5046 0.6572 4.1571 0.1706 0.1706 0.4326 0 0
34 278 482 0 0 0 0 0 1.0024 0 0.0902 0.0039 0.3554 0.4212 2.5323 0.8877 0.9272 1.3846 2.4125 22.972 0.5874 -0.107 0.6517 0.8272 4.3084 -0.0992 0.0992 0.7337 0 0
34 279 476 0 0 0 0 0 1.0009 0 0.7339 -0.0307 0.3651 0.3897 2.1302 0.9103 0.2244 0.7165 1.2933 12.309 0.5845 -0.0273 0.6249 0.8185 4.3056 -0.2943 0.2943 0.6778 0 0
34 280 487 5 0 0 0 0 1.0009 0 0.8783 -0.025 0.2136 0.2192 2.2755 0.9812 -0.0157 0.5476 0.7313 8.3738 0.5395 -0.0324 0.6671 0.83 4.2877 0.0107 0.0107 0.85 1 0
34 281 520 3 0 0 0 0 1.001 0 0.3693 -0.0723 0.2749 0.2766 1.6591 0.9514 -0.2549 0.4806 0.8166 8.9843 0.5854 -0.0349 0.6265 0.783 4.3016 0.1295 0.1295 0.6218 1 0
34 282 493 0 0 0 0 0 1.0004 0 0.5993 -0.113 0.2567 0.2613 1.7931 0.9709 -0.6236 0.6314 0.9253 10.67 0.5799 -0.0905 0.6574 0.8421 4.1232 -0.3993 0.3993 0.7206 0 0
34 283 475 0 0 0 0 0 1.0004 0 -0.1173 -0.0915 0.3433 0.3798 1.7182 0.9888 -0.1767 0.4679 0.5936 9.1622 0.6657 0.1003 0.6082 0.7585 4.3988 0.1171 0.1171 0.5438 0 0
34 284 488 3 0 0 0 0 1.0013 0 0.9581 -0.0505 0.1325 0.1442 1.4769 0.9928 0.0663 0.1294 0.1648 3.4762 0.681 0.0467 0.6861 0.8541 4.4208 0.1918 0.1918 0.5816 1 0
34 285 499 1 0 0 0 0 1.0009 0 0.8639 -0.1253 0.2255 0.2469 1.4987 0.9868 -0.0919 0.2835 0.3289 3.4885 0.7072 -0.0973 0.5648 0.7494 4.2013 -0.0302 0.0302 0.7779 1 0
34 286 476 21 0 0 0 0 1.0015 0 -0.969 -0.1108 0.3073 0.3165 2.0361 0.9548 0.3493 0.5221 0.7859 8.041 0.6315 0.0204 0.6117 0.7592 4.3206 0.0437 0.0437 0.8686 1 0
34 287 476 0 0 0 0 0 1.0003 0 0.8141 -0.1296 0.1296 0.1637 1.5826 0.9964 -0.0843 0.3149 0.4025 5.1199 0.6567 -0.049 0.61 0.7841 4.1659 0.0426 0.0426 0.6226 0 0
34 288 482 133 0 0 0 0 1.0017 0 0.5573 0.0414 0.3592 0.4051 2.6504 0.9185 -0.8547 0.9354 1.5348 16.945 0.5412 0 0.6758 0.8916 4.7973 -0.033 0.033 0.8788 1 0
34 289 468 0 0 0 0 0 1.0004 0 -0.0943 0.0669 0.4934 0.5597 2.0481 0.9791 0.858 0.858 1.2271 13.6423 0.6789 0.0477 0.6599 0.808 4.1426 -0.1542 0.1542 0.6281 0 0
34 290 480 0 0 0 0 0 1.0002 0 0.2214 -0.034 0.2959 0.3097 1.5021 0.977 0.0717 0.2744 0.3242 4.339 0.6694 -0.1343 0.6386 0.8085 4.2415 -0.1283 0.1283 0.7135 0 0
34 291 477 19 0 0 0 0 1.0008 0 -0.9779 0.0417 0.3559 0.3652 1.3922 0.9342 0.4332 0.5687 0.6577 3.4278 0.6128 0.0768 0.6883 0.8673 4.6341 0.2274 0.2274 0.5725 1 0
34 292 476 33 0 0 0 0 1.0004 0 0.2423 -0.27 0.27 0.3046 1.8221 0.9714 -0.0632 1.0196 1.3301 13.2585 0.5793 -0.0032 0.685 0.8814 4.3545 -0.1775 0.1775 1.0481 1 0
34 293 499 0 0 0 0 0 1.0004 0 -0.1534 0.035 0.4513 0.4923 2.0918 0.9885 -0.0064 0.3015 0.3585 4.3647 0.6857 -0.1637 0.5959 0.7732 4.1377 0.1558 0.1558 0.4707 0 0
34 294 484 1 0 0 0 0 1.0009 0 0.1717 -0.1106 0.2187 0.2238 1.6359 0.9942 -0.0152 0.3191 0.4409 5.7838 0.6418 -0.0278 0.6397 0.8109 4.3415 0.1357 0.1357 0.687 1 0
34 295 500 1 0 0 0 0 1.0008 0 -0.8122 -0.255 0.4042 0.4347 1.6316 0.9455 0.1264 0.5167 0.6108 5.1119 0.6715 -0.1095 0.5727 0.7367 4.4365 0.0496 0.0496 0.7191 1 0
34 296 487 1 0 0 0 0 1.0021 0 0.673 0.0772 0.2233 0.2474 1.9624 0.9601 0.0138 0.3333 0.5137 6.2936 0.5935 0.0352 0.609 0.7445 4.4661 -0.0317 0.0317 0.768 1 0
34 297 494 0 0 0 0 0 1.0006 0 -0.4035 -0.2211 0.4046 0.4377 1.7182 0.993 -0.3245 0.37 0.4378 4.3894 0.69 -0.0674 0.6064 0.7595 4.2883 -0.1191 0.1191 0.764 0 0
34 298 502 0 0 0 0 0 1.001 0 0.9323 0.0408 0.1333 0.1339 1.6628 0.9772 0.1573 0.3193 0.3525 4.644 0.6221 0.1508 0.6461 0.8044 4.2188 0.0766 0.0766 0.5859 0 0
34 299 490 2 0 0 0 0 1.0016 0 -0.9975 -0.2087 0.4884 0.5006 2.1316 0.9253 -0.1831 1.1095 1.4995 15.285 0.4693 0.0368 0.7298 0.9157 4.2098 -0.1645 0.1645 1.0091 1 0
34 300 497 0 0 0 0 0 1.0011 0 0.8963 0.1487 0.1487 0.1977 1.5878 0.9944 0.203 0.215 0.2597 1.9774 0.7287 0.1011 0.5969 0.7654 4.4517 0.23 0.23 0.4449 0 0
34 301 493 0 0 0 0 0 1.001 0 0.926 -0.055 0.2428 0.2463 1.7202 0.979 0.0033 0.1913 0.2461 2.899 0.6662 0.0792 0.6121 0.7655 4.1791 -0.18 0.18 0.6659 0 0
34 302 503 0 0 0 0 0 1.0016 0 0.9678 0.2779 0.3468 0.4762 2.829 0.959 -0.1286 0.2185 0.2794 2.0567 0.6296 -0.1182 0.6585 0.8066 4.1949 0.1133 0.1133 0.4692 0 0
34 303 499 0 0 0 0 0 1.0036 0 -0.9531 -0.1546 0.4937 0.5633 2.8393 0.9623 0.0887 0.7162 1.0559 9.6493 0.6042 0.0822 0.6065 0.7943 4.0657 -0.212 0.212 0.7182 0 0
34 304 477 0 0 0 0 0 1.0009 0 -0.3376 -0.0665 0.3184 0.3484 1.8658 0.9719 -0.0345 0.2518 0.3127 3.0176 0.7899 -0.0711 0.5555 0.6752 4.1373 0.108 0.108 0.5521 0 0
34 305 488 0 0 0 0 0 1.0009 0 0.6035 0.1883 0.3001 0.3289 1.6956 0.9902 -0.1472 0.1872 0.2383 2.9121 0.6558 -0.0224 0.6873 0.8649 4.1979 0.0402 0.0402 0.5806 0 0
34 306 467 1 0 0 0 0 1.0006 0 0.5383 -0.1686 0.1686 0.236 1.6166 0.9834 0.3871 0.6331 0.7453 7.4002 0.6756 -0.0067 0.5335 0.6857 4.3584 -0.1832 0.1832 0.9503 1 0
34 307 949 1414 0 0 0 0 1.0083 0 0.9238 -0.6043 0.6043 0.6213 1.508 0.9631 0.8639 1.1986 1.5143 14.301 0.6202 -0.162 0.6534 0.8406 6.3037 0.1739 0.1739 1.1704 1 0
34 308 468 0 0 0 0 0 1.0005 0 0.5786 0.045 0.2037 0.2377 1.6922 0.9891 -0.1569 0.1758 0.2303 3.5697 0.5975 -0.1231 0.6515 0.8436 4.3413 -0.4889 0.4889 0.6963 0 0
34 309 505 0 0 0 0 0 1.0007 0 0.7364 -0.1594 0.1594 0.2268 1.5254 0.9869 0.0842 0.2529 0.3479 3.8223 0.6957 -0.1185 0.566 0.7284 4.1978 0.0893 0.0893 0.558 0 0
34 310 486 21 0 0 0 0 1.0018 0 0.979 -0.1067 0.1067 0.1147 1.9352 0.9889 -0.2996 0.3706 0.4819 8.0858 0.5635 0.0583 0.7517 0.9289 4.3459 0.1388 0.1388 0.7995 1 0
34 311 502 0 0 0 0 0 1.0004 0 -0.9999 -0.143 0.4304 0.4431 1.7751 0.9959 -0.0846 0.3188 0.4349 5.819 0.6296 -0.0426 0.6588 0.8407 4.1032 -0.0172 0.0172 0.5783 0 0
34 312 477 1 0 0 0 0 1.0006 0 0.9296 -0.2385 0.2385 0.2592 1.4083 0.9977 0.269 0.6187 0.8317 8.145 0.6164 0.1448 0.599 0.7788 4.3709 -0.0141 0.0141 0.7734 1 0
34 313 501 0 0 0 0 0 1.0001 0 0.8025 -0.1686 0.1737 0.2737 1.1109 0.981 0.1492 0.39 0.4895 4.755 0.6304 -0.0239 0.6177 0.7988 4.4913 0.3385 0.3385 0.4098 0 0
34 314 513 0 0 0 0 0 1.0005 0 1 -0.1337 0.1414 0.1993 1.7281 0.9898 0.1854 0.2779 0.4278 5.5852 0.7437 -0.0175 0.5444 0.6895 4.2257 0.0688 0.0688 0.5799 0 0
34 315 538 55 0 0 0 0 1.0003 0 0.9778 -0.4491 0.4491 0.4566 1.1461 0.9979 -0.2791 0.802 0.9738 7.2088 0.6305 -0.0967 0.6108 0.803 4.573 0.2552 0.2552 0.6914 1 0
34 316 494 1 0 0 0 0 1.0029 0 0.121 0.1076 0.2628 0.338 2.0171 0.9526 -0.3984 0.4889 0.5717 6.43 0.5847 -0.0672 0.677 0.8447 4.1693 -0.0797 0.0797 0.8154 1 0
34 317 461 0 0 0 0 0 1.0007 0 0.7531 0.073 0.2128 0.219 1.9493 0.9672 0.104 0.207 0.2808 2.1836 0.6954 0.0836 0.6135 0.777 4.2457 0.0741 0.0741 0.6121 0 0
34 318 465 0 0 0 0 0 1.001 0 0.94 0.2448 0.3042 0.3559 2.0009 0.9137 -0.1381 0.4067 0.5237 6.6518 0.6182 -0.1975 0.7189 0.8937 4.1749 0.1114 0.1114 0.5284 0 0
34 319 471 0 0 0 0 0 1.0006 0 0.9612 0.3932 0.3932 0.4201 1.8924 0.9872 0.1729 0.2013 0.2354 2.9939 0.6161 0.1074 0.6745 0.8758 4.024 -0.1421 0.1421 0.5538 0 0
34 320 502 0 0 0 0 0 1.0003 0 0.9459 -0.2 0.2 0.2096 1.4363 0.9912 0.8035 1.0855 1.6398 16.8807 0.6316 0.2138 0.619 0.7892 4.2998 -0.0443 0.0443 0.7617 0 0
34 321 495 0 0 0 0 0 1.0004 0 0.2077 0.0603 0.2495 0.3019 1.4263 0.9714 -0.1406 0.1871 0.291 2.1345 0.7262 -0.044 0.5874 0.7445 4.0997 0.0391 0.0391 0.4924 0 0
34 322 516 0 0 0 0 0 1.0014 0 0.9717 -0.1044 0.1044 0.1307 1.8543 0.9923 -0.2179 0.3101 0.3601 4.4619 0.6177 -0.0741 0.6294 0.8117 4.1493 -0.2955 0.2955 0.8162 0 0
34 323 482 0 0 0 0 0 1.0003 0 0.9726 0.0523 0.0939 0.097 1.4028 0.9918 0.1979 0.1986 0.2574 1.9237 0.7657 0.138 0.5484 0.6825 4.1517 -0.1611 0.1611 0.5706 0 0
34 324 872 3538 0 0 18 84 1.014 13 -0.1514 -0.4439 0.4802 0.5741 2.0803 0.9966 -0.0264 0.5567 0.6454 7.0581 0.6692 -0.5252 0.7995 0.9972 7.3305 0.3146 0.3146 0.7888 1 1
34 325 479 0 0 0 0 0 1.0005 0 0.7852 -0.3006 0.3251 0.4372 1.3982 0.9854 0.0646 0.4139 0.5679 9.2531 0.6255 0.0264 0.5822 0.7467 4.2549 -0.2078 0.2078 0.8004 0 0
34 326 514 0 0 0 0 0 1.0006 0 -0.0242 -0.1501 0.3541 0.3748 1.7446 0.9555 -0.1309 0.3937 0.4368 4.2468 0.6949 -0.1792 0.5733 0.7446 4.1905 -0.0057 0.0057 0.5929 0 0
34 327 494 0 0 0 0 0 1.0005 0 0.0716 -0.0481 0.3835 0.4215 2.2006 0.9113 0.657 0.9511 1.7879 18.8109 0.4992 0.0118 0.678 0.8623 4.2485 -0.4856 0.4856 0.6847 0 0
34 328 474 0 0 0 0 0 1.0016 0 -0.3006 -0.0551 0.2032 0.2252 2.2237 0.9723 -0.2502 0.5361 0.8236 9.9806 0.665 0.0317 0.5945 0.7432 4.2043 0.0252 0.0252 0.6434 0 0
34 329 480 0 0 0 0 0 1.0007 0 0.2034 -0.0046 0.1352 0.1445 1.495 0.9854 -0.2194 0.2528 0.3382 3.1214 0.6591 -0.0594 0.5957 0.7779 4.2356 -0.0096 0.0096 0.6632 0 0
34 330 482 0 0 0 0 0 1.0006 0 0.9919 -0.0834 0.1634 0.1992 1.6361 0.9822 0.2651 0.2651 0.3671 3.8647 0.685 0.148 0.576 0.7749 4.1584 -0.1767 0.1767 0.5729 0 0
34 331 513 0 0 0 0 0 1.0012 0 -0.9869 -0.1136 0.2377 0.2486 1.7116 0.9869 -0.0876 0.2373 0.3253 4.5209 0.6226 -0.0264 0.6649 0.8204 4.3688 -0.305 0.305 0.8385 0 0
34 332 496 0 0 0 0 0 1.0004 0 -0.8473 -0.0168 0.2925 0.3051 1.8961 0.9642 0.0104 0.2557 0.3006 4.6368 0.5857 0.0682 0.6929 0.8758 4.1618 -0.0493 0.0493 0.5904 0 0
34 333 507 0 0 0 0 0 1.002 0 -0.9646 -0.0955 0.3656 0.4331 1.9906 0.9343 -0.143 0.5484 0.7668 7.3361 0.4978 -0.0953 0.7057 0.8651 4.2182 -0.1476 0.1476 0.9381 0 0
34 334 476 2 0 0 0 0 1.0009 0 0.842 -0.2426 0.2426 0.2598 1.5406 0.9851 -0.2755 0.5849 0.7062 8.1862 0.6447 -0.0467 0.6984 0.8565 4.3269 -0.0159 0.0159 0.796 1 0
34 335 504 0 0 0 0 0 1.0009 0 -0.6453 -0.2778 0.5089 0.5364 1.9941 0.9819 0.8627 0.9475 1.2975 12.0568 0.6097 0.1036 0.6108 0.7682 4.2419 -0.3994 0.3994 0.8054 0 0
34 336 510 0 0 0 0 0 1.0015 0 -0.3808 -0.0534 0.2647 0.3061 1.7621 0.9623 0.1194 0.3733 0.5614 5.3027 0.6584 0.0632 0.5492 0.7069 4.2068 -0.0337 0.0337 0.6666 0 0
34 337 502 0 0 0 0 0 1.0008 0 0.3476 -0.1732 0.2375 0.2577 1.3232 0.9915 0.0841 0.1901 0.2618 3.0553 0.7053 -0.0677 0.5777 0.7507 4.2991 0.201 0.201 0.4679 0 0
34 338 498 0 0 0 0 0 1.0006 0 0.2782 0.0241 0.2078 0.2415 1.8255 0.9795 0.05 0.3549 0.4482 6.3452 0.6057 0.1339 0.6783 0.8809 4.1828 0.0914 0.0914 0.5868 0 0
34 339 484 15 0 0 0 0 1.0021 0 0.6862 -0.1201 0.2519 0.255 2.8608 0.9706 0.401 0.8966 1.2068 12.5796 0.4545 0.0474 0.6814 0.8502 4.4345 -0.0838 0.0838 0.9938 1 0
34 340 511 0 0 0 0 0 1.0003 0 0.9746 0.1196 0.1196 0.1432 1.3471 0.9959 -0.0978 0.1236 0.1327 1.1483 0.7822 -0.1029 0.5048 0.642 4.2083 0.0672 0.0672 0.4316 0 0
34 341 592 20 0 0 0 0 1.0005 0 -0.8243 -0.0915 0.1717 0.1833 1.5268 0.9891 -0.1949 0.4178 0.566 8.1139 0.6254 -0.0673 0.6684 0.8367 4.5615 0.1042 0.1042 0.855 1 0
34 342 519 0 0 0 0 0 1.0002 0 -0.3017 -0.1319 0.2602 0.3355 1.3838 0.9935 0.2317 0.305 0.3472 3.2366 0.7448 0.3211 0.5943 0.7405 4.2776 0.0646 0.0646 0.6028 0 0
34 343 477 0 0 0 0 0 1.0006 0 0.9959 -0.2874 0.2874 0.303 2.1442 0.939 0.2235 0.7302 1.1044 10.8328 0.6132 0.0951 0.6279 0.8156 4.2129 0.0682 0.0682 0.5994 0 0
34 344 472 0 0 0 0 0 1.0036 0 0.0442 0.1041 0.3298 0.4022 2.8015 0.9574 0.3075 0.426 0.5651 6.4334 0.5909 0.1089 0.7244 0.883 4.3415 0.0494 0.0494 0.7923 0 0
34 345 500 0 0 0 0 0 1.0007 0 0.958 -0.0527 0.2231 0.2274 1.9916 0.9261 0.6153 0.7575 1.4243 16.7666 0.6767 -0.071 0.5725 0.7252 4.3575 0.117 0.117 0.6315 0 0
34 346 493 0 0 0 0 0 1.0004 0 -0.9953 -0.1374 0.2112 0.2246 1.4253 0.9861 -0.0753 0.2976 0.3829 5.3506 0.6806 0.0107 0.5709 0.7337 4.2214 0.0746 0.0746 0.6703 0 0
34 347 476 19 0 0 0 0 1.0021 0 -0.4332 -0.1206 0.2536 0.3329 2.1415 0.9398 0.2514 0.7443 1.0863 12.198 0.4903 -0.0393 0.6361 0.8083 4.3566 -0.1711 0.1711 1.0816 1 0
34 348 510 40 0 0 0 0 1.0011 0 0.993 -0.3447 0.3447 0.383 1.4142 0.9875 -0.2149 0.4038 0.5511 5.8906 0.6445 0.2052 0.6702 0.8596 4.8033 0.3627 0.3627 0.4974 1 0
34 349 487 26 0 0 0 0 1.0008 0 -1 -0.1958 0.3361 0.3563 1.8865 0.9463 -0.2572 0.6161 0.8905 8.0359 0.5587 0.0768 0.7162 0.904 4.502 -0.1344 0.1344 0.9795 1 0
34 350 524 0 0 0 0 0 1.0017 0 0.8252 -0.0153 0.4128 0.4739 2.7023 0.9597 -0.306 0.4128 0.6283 5.8475 0.6069 -0.0645 0.6475 0.8633 4.3834 0.1479 0.1479 0.4881 0 0
34 351 490 0 0 0 0 0 1.0013 0 0.8014 -0.179 0.1877 0.3163 2.8386 0.8601 0.3029 0.8653 1.4721 14.1127 0.6407 -0.0053 0.6339 0.782 4.1844 -0.0552 0.0552 0.7786 0 0
34 352 474 81 0 0 0 0 1.0011 0 -0.9811 -0.4072 0.4072 0.4995 2.2871 0.9735 2.3365 2.3587 3.0272 23.0106 0.4614 -0.015 0.7356 0.9406 4.596 -0.245 0.245 1.1975 1 0
34 353 662 20 0 0 0 0 1.0007 0 0.5992 -0.182 0.182 0.2161 1.2925 0.9977 -0.3519 0.4151 0.5148 5.5658 0.6562 -0.1713 0.6756 0.8712 4.8047 0.0811 0.0811 0.9063 1 0
34 354 487 0 0 0 0 0 1.0005 0 0.9925 -0.0854 0.0854 0.0934 1.6555 0.9964 -0.1146 0.1835 0.2442 3.704 0.6705 -0.1747 0.5928 0.7914 4.1255 -0.0281 0.0281 0.5677 0 0
34 355 503 0 0 0 0 0 1.0003 0 0.4951 -0.1838 0.204 0.2832 1.4586 0.9732 -0.0292 0.3538 0.4936 4.2718 0.6863 0.0318 0.6253 0.8323 4.3575 0.2627 0.2627 0.4791 0 0
34 356 482 62 0 0 0 0 1.001 0 -0.0353 -0.1371 0.3343 0.3666 1.7689 0.9866 -0.1186 0.3951 0.4498 4.8554 0.6637 -0.0749 0.5999 0.7795 4.381 0.0168 0.0168 0.773 1 0
34 357 475 0 0 0 0 0 1.0006 0 0.9749 0.1763 0.1763 0.2434 2.1643 0.9728 0.1858 0.2648 0.3109 5.3426 0.5793 0.0824 0.7258 0.9067 4.167 -0.1592 0.1592 0.7116 0 0
34 358 485 1 0 0 0 0 1.001 0 0.007 -0.1209 0.3382 0.3784 2.4499 0.9002 0.8824 1.0102 1.6119 16.0986 0.6086 0.0319 0.588 0.7379 4.3554 -0.0363 0.0363 0.7316 1 0
34 359 507 2 0 0 0 0 1.0006 0 0.8837 -0.1517 0.1517 0.2029 1.6858 0.9816 0.0709 0.4208 0.6 7.3557 0.5919 0.0241 0.6466 0.8102 4.3968 0.0347 0.0347 0.7561 1 0
34 360 488 0 0 0 0 0 1.0008 0 0.9798 0.1158 0.1542 0.1878 1.9233 0.9898 -0.0181 0.1356 0.1692 2.3759 0.6061 0.0472 0.6977 0.8929 4.1432 0.0252 0.0252 0.5503 0 0
34 361 493 0 0 0 0 0 1.0014 0 -0.1104 -0.0501 0.3523 0.3752 1.6544 0.9765 0.1912 0.2376 0.3028 2.845 0.6571 0.1562 0.6588 0.8053 4.0989 -0.332 0.332 0.6415 0 0
34 362 489 0 0 0 0 0 1.0013 0 0.1536 0.03 0.266 0.3062 2.0162 0.9635 -0.1667 0.3133 0.4055 4.7542 0.5391 -0.1843 0.6778 0.8731 4.6088 0.2358 0.2358 0.5867 0 0
34 363 600 6 0 0 0 0 1.0024 0 0.2215 -0.1213 0.2022 0.2101 1.7333 0.9887 0.1447 0.4527 0.6214 7.2152 0.6068 0.0932 0.6771 0.8525 4.6065 0.2011 0.2011 0.7563 1 0
34 364 493 3 0 0 0 0 1.0016 0 -0.9609 -0.1063 0.4296 0.4595 2.8995 0.9011 -0.2752 1.2804 1.9509 20.9012 0.5044 0.0685 0.7064 0.885 4.3077 -0.2733 0.2733 1.0356 1 0
34 365 498 3 0 0 0 0 1.0003 0 0.6744 -0.1165 0.1182 0.1952 1.3307 0.9852 0.1545 0.3189 0.348 4.046 0.6459 0.0683 0.5997 0.7613 4.4178 0.2392 0.2392 0.5283 1 0
34 366 481 1 0 0 0 0 1.0012 0 0.9629 -0.0931 0.0931 0.1157 1.8456 0.9852 0.2707 0.4549 0.6204 9.2152 0.6014 0.1049 0.6679 0.8581 4.4086 -0.0068 0.0068 0.9661 1 0
34 367 522 0 0 0 0 0 1.001 0 0.8473 -0.3105 0.3105 0.3199 1.5756 0.9837 -0.1471 0.7676 0.906 7.6033 0.6465 -0.0805 0.5775 0.7357 4.1269 -0.146 0.146 0.7239 0 0
34 368 501 0 0 0 0 0 1.0006 0 0.7947 -0.1949 0.2377 0.2973 1.4625 0.8973 -0.3242 0.5179 0.5468 4.2423 0.7004 -0.4242 0.6934 0.8402 4.1546 0.0569 0.0569 0.5353 0 0
34 369 477 0 0 0 0 0 1.0007 0 0.9942 0.2431 0.2431 0.2447 1.925 0.9883 -0.2015 0.2303 0.282 2.5338 0.6605 -0.0578 0.6814 0.8486 4.3862 -0.0366 0.0366 0.6422 0 0
34 370 481 148 0 0 0 0 1.0022 0 0.9745 -0.1998 0.1998 0.2006 1.6659 0.9965 0.0061 0.4331 0.5208 9.252 0.5803 -0.0027 0.6464 0.8385 4.6653 -0.2177 0.2177 1.2423 1 0
34 371 485 52 0 0 0 0 1.0031 0 -0.9455 -0.4451 0.5341 0.6377 2.4096 0.9944 0.8825 1.4916 1.8238 17.5821 0.5431 -0.0716 0.6773 0.8199 4.3005 -0.197 0.197 1.129 1 0
34 372 488 0 0 0 0 0 1.0002 0 0.0672 0.1034 0.4285 0.4354 2.0647 0.9391 -0.1438 0.3217 0.3993 2.5843 0.676 -0.0404 0.6056 0.7771 4.1667 -0.166 0.166 0.6708 0 0
34 373 733 167 0 0 0 0 1.0007 0 0.9999 -0.2834 0.2834 0.2867 1.5004 0.9887 -0.275 1.0167 1.298 13.5826 0.5063 0.1707 0.7003 0.8933 5.1471 0.195 0.195 1.0961 1 0
34 374 468 0 0 0 0 0 1.0003 0 -0.9879 -0.0374 0.4631 0.5667 1.9936 0.9098 -0.2464 0.5201 0.8217 4.6896 0.6588 -0.1856 0.5783 0.7535 4.4224 0.1529 0.1529 0.5433 0 0
34 375 476 5 0 0 0 0 1.0013 0 -0.3229 -0.093 0.3489 0.4165 2.552 0.9815 -0.5986 0.6007 0.9638 10.8105 0.5409 -0.0397 0.633 0.7695 4.4835 -0.0106 0.0106 0.8195 1 0
34 376 522 0 0 0 0 0 1.0013 0 0.7369 -0.1579 0.1579 0.2306 1.6193 0.9819 -0.0225 0.4065 0.5312 4.8871 0.6894 0.0683 0.5392 0.7125 4.1561 0.0274 0.0274 0.6254 0 0
34 377 495 177 0 0 0 0 1.0016 0 -0.9994 -0.0402 0.1946 0.1965 1.771 0.9745 -0.1479 0.2074 0.2524 3.0501 0.7288 -0.2143 0.5574 0.6917 4.4302 0.1026 0.1026 0.7682 1 0
34 378 480 22 0 0 0 0 1.0011 0 0.6044 0.1684 0.1684 0.2403 1.7056 0.9908 -0.2384 0.2384 0.2832 3.5237 0.6492 -0.1079 0.6686 0.8103 4.4763 -0.0456 0.0456 0.8543 1 0
34 379 478 1 0 0 0 0 1.0007 0 -0.5916 -0.1741 0.3398 0.3539 1.7861 0.9604 0.323 0.5064 0.627 8.0053 0.6892 -0.0476 0.565 0.7362 4.2552 0.0633 0.0633 0.698 1 0
34 380 479 0 0 0 0 0 1.0015 0 -0.1214 0.0266 0.3701 0.4046 2.1026 0.9571 -0.0824 0.3132 0.3658 3.7696 0.5669 -0.0747 0.6944 0.8755 4.1957 0.0451 0.0451 0.552 0 0
34 381 493 238 0 0 0 0 1.0015 0 0.9964 -0.234 0.234 0.2488 1.5221 0.9935 0.0524 1.5981 1.8122 16.1807 0.4152 -0.0174 0.697 0.8634 4.4519 -0.326 0.326 1.2821 1 0
34 382 488 0 0 0 0 0 1.0001 0 0.4892 -0.0297 0.1403 0.1475 1.4018 0.989 -0.0457 0.1766 0.2278 3.4152 0.6936 -0.061 0.5382 0.7129 4.1205 -0.0904 0.0904 0.6123 0 0
34 383 512 11 0 0 0 0 1.0003 0 0.8395 -0.2802 0.2802 0.3665 1.3229 0.9943 0.1369 0.2908 0.4344 5.6026 0.7462 0.0078 0.5679 0.7077 4.4924 0.2474 0.2474 0.526 1 0
34 384 522 0 0 0 0 0 1.0012 0 0.2336 0.0942 0.3819 0.3985 1.4383 0.9059 0.1988 0.5424 0.7157 6.9799 0.7065 -0.1262 0.5951 0.7614 4.1357 0.1787 0.1787 0.4879 0 0
34 385 505 0 0 0 0 0 1.0005 0 0.8885 0.0589 0.159 0.1592 1.4419 0.9871 -0.2102 0.213 0.3081 3.5724 0.6334 -0.114 0.6877 0.851 4.2828 0.1676 0.1676 0.4967 0 0
34 386 509 0 0 0 0 0 1.0012 0 0.9518 -0.0798 0.1168 0.1246 2.0965 0.9704 0.2561 0.4184 0.7165 8.1215 0.6397 0.0115 0.6583 0.8199 4.4132 0.039 0.039 0.7252 0 0
34 387 481 0 0 0 0 0 1.0014 0 0.3521 -0.0629 0.265 0.3311 2.0161 0.9659 -1.115 1.2059 1.9907 21.5792 0.5264 0.1158 0.677 0.8641 4.104 -0.1183 0.1183 0.7551 0 0
34 388 510 43 0 0 0 0 1.0007 0 0.3311 -0.2594 0.2594 0.4024 1.563 0.8843 1.6789 1.7818 3.1834 30.6114 0.5348 0.0155 0.7353 0.9273 4.5605 0.1185 0.1185 0.7694 1 0
34 389 473 0 0 0 0 0 1.0024 0 0.2051 -0.1819 0.3158 0.3587 2.0735 0.9691 0.5737 0.7619 1.4581 17.1282 0.5428 -0.0629 0.7041 0.9004 4.2359 -0.1592 0.1592 0.8776 0 0
34 390 500 5 0 0 0 0 1.0012 0 -0.1888 -0.0596 0.2067 0.2553 1.597 0.9814 0.0033 0.3327 0.436 5.1954 0.5527 -0.0824 0.7111 0.9053 4.351 0.2933 0.2933 0.5228 1 0
34 391 497 0 0 0 0 0 1.0012 0 0.4664 0.3023 0.3023 0.4546 2.9272 0.9635 -0.0641 0.3331 0.3679 3.7511 0.614 0.0362 0.6867 0.8484 4.362 -0.0607 0.0607 0.7718 0 0
34 392 502 0 0 0 0 0 1.0015 0 -0.3761 -0.1637 0.5612 0.5654 2.1574 0.972 -0.4504 0.5387 0.7195 6.1985 0.5402 -0.0661 0.6523 0.8277 4.3993 -0.4091 0.4091 0.8216 0 0
34 393 481 0 0 0 0 0 1.0003 0 -0.0179 -0.0413 0.1981 0.2333 1.8357 0.9812 0.0282 0.2091 0.283 4.534 0.5656 0.0406 0.6446 0.8193 4.3819 -0.2257 0.2257 0.8742 0 0
34 394 485 30 0 0 0 0 1.0011 0 0.9836 -0.1677 0.1677 0.1748 1.5089 0.9895 0.0543 0.1961 0.2917 5.4147 0.6606 0.1144 0.5638 0.7407 4.5223 0.1263 0.1263 0.7186 1 0
34 395 479 0 0 0 0 0 1.001 0 0.8976 0.0768 0.2439 0.2555 1.6534 0.9675 -0.0689 0.1917 0.2267 1.8425 0.7141 0.0059 0.591 0.7446 4.0726 0.0271 0.0271 0.5391 0 0
34 396 484 5 0 0 0 0 1.0027 0 -0.7465 -0.2297 0.4483 0.6024 2.1327 0.9411 1.5356 1.6461 2.6771 23.383 0.5346 0.0516 0.7059 0.9135 4.2954 -0.2956 0.2956 0.9704 1 0
34 397 494 0 0 0 0 0 1.0074 0 -0.5023 -0.0208 0.2693 0.2971 2.2698 0.9197 -0.0145 0.4544 0.6006 5.7457 0.557 0.0453 0.645 0.8203 4.1906 0.0443 0.0443 0.7363 0 0
34 398 573 271 0 0 0 0 1.0013 0 0.9997 -0.093 0.099 0.1222 1.7715 0.963 -0.2146 0.3667 0.4859 13.0425 0.5054 -0.0022 0.692 0.876 4.5033 -0.0734 0.0734 1.0914 1 0
34 399 509 0 0 0 0 0 1.0003 0 0.3899 -0.018 0.2007 0.2281 1.6453 0.9886 0.2373 0.2914 0.3804 5.5161 0.5916 0.027 0.6299 0.8054 4.0858 -0.329 0.329 0.6039 0 0
34 400 490 0 0 0 0 0 1.001 0 0.9423 -0.0566 0.2437 0.2742 1.6253 0.9833 -0.1822 0.2287 0.2865 2.9251 0.7446 0.0237 0.5737 0.6989 4.1696 0.1018 0.1018 0.5465 0 0
34 401 462 17 0 0 0 0 1.0008 0 0.9864 -0.1419 0.1419 0.1715 1.3715 0.9912 0.0779 0.389 0.4914 5.4372 0.6124 -0.022 0.6441 0.829 4.5799 0.2619 0.2619 0.5887 1 0
34 402 502 0 0 0 0 0 1.0006 0 0.6374 -0.3019 0.4835 0.5125 1.6564 0.9791 0.2684 0.4497 0.5701 5.308 0.7481 0.0067 0.5126 0.6806 4.2274 -0.1206 0.1206 0.7154 0 0
34 403 484 0 0 0 0 0 1.0015 0 0.5074 -0.1148 0.2722 0.3511 1.6961 0.9438 0.1627 0.5514 0.8858 7.7189 0.5771 -0.0857 0.6774 0.8948 4.3671 0.1427 0.1427 0.5996 0 0
34 404 488 0 0 0 0 0 1.0017 0 0.7702 -0.1602 0.2437 0.2749 1.9417 0.986 0.0972 0.2274 0.2722 4.4026 0.7071 0.0713 0.5855 0.7337 4.3938 -0.2135 0.2135 0.8304 0 0
34 405 512 0 0 0 0 0 1.0005 0 0.6692 0.1107 0.3608 0.4364 2.053 0.9695 -0.362 0.3717 0.5958 8.0694 0.7243 0.0233 0.6051 0.7775 4.0529 -0.0657 0.0657 0.5081 0 0
34 406 498 0 0 0 0 0 1.0008 0 -0.9349 0.0806 0.4591 0.4775 2.0235 0.8908 -0.3518 0.6197 0.849 7.483 0.5858 -0.0868 0.6905 0.8698 4.3394 0.1773 0.1773 0.6184 0 0
34 407 493 0 0 0 0 0 1.0018 0 -0.1924 0.3064 0.4229 0.4932 2.174 0.9253 -0.0526 0.3254 0.3767 2.4803 0.6533 -0.002 0.6384 0.8262 4.1109 -0.0265 0.0265 0.5487 0 0
34 408 494 0 0 0 0 0 1.0003 0 -0.4964 0.0049 0.2369 0.26 1.8641 0.9885 0.1467 0.1682 0.2211 2.9578 0.6772 0.124 0.5896 0.735 4.1934 -0.0407 0.0407 0.5642 0 0
34 409 486 15 0 0 0 0 1.0008 0 0.27 -0.0734 0.1992 0.2218 2.0821 0.9693 -0.1527 0.4463 0.6576 8.4912 0.5929 -0.0124 0.6326 0.7766 4.8325 -0.1464 0.1464 1.1635 1 0
34 410 492 0 0 0 0 0 1.0005 0 0.9756 -0.1808 0.1808 0.1884 1.4137 0.9956 0.2629 0.2956 0.4283 6.2579 0.6997 0.1271 0.6394 0.7825 4.2 0.0142 0.0142 0.6607 0 0
34 411 523 3 0 0 0 0 1.0008 0 0.5946 -0.3661 0.3661 0.4159 1.3049 0.9687 0.6747 1.1956 1.8907 18.1704 0.598 0.0467 0.6466 0.8206 4.3362 0.0539 0.0539 0.8278 1 0
34 412 495 0 0 0 0 0 1.001 0 -0.4605 0.0011 0.3455 0.3717 2.3715 0.9624 0.2624 0.355 0.5297 6.6255 0.5595 0.0883 0.6983 0.8905 4.1379 -0.1938 0.1938 0.665 0 0
34 413 515 0 0 0 0 0 1.0006 0 0.8879 -0.0231 0.1424 0.1697 1.16 0.9568 0.1818 0.3616 0.4035 2.3798 0.6819 -0.1259 0.5932 0.7412 4.3459 0.1774 0.1774 0.5386 0 0
34 414 417 4 0 0 0 0 1.0008 0 0.1089 -0.095 0.2154 0.2517 1.6612 0.9867 -0.4692 0.4878 0.7767 8.5076 0.6354 -0.1969 0.6758 0.8504 4.267 -0.0475 0.0475 0.7808 1 0
34 415 448 0 0 0 0 0 1.0008 0 0.9126 0.2102 0.2102 0.2493 1.7336 0.9853 0.0569 0.1241 0.1659 1.6659 0.6532 0.0862 0.6054 0.7718 4.1464 -0.0633 0.0633 0.5583 0 0
34 416 471 5 0 0 0 0 1.0017 0 -0.2088 0.083 0.1496 0.1537 1.5712 0.9566 0.2969 0.3929 0.48 6.2027 0.6187 0.1875 0.6977 0.8692 4.2403 0.0177 0.0177 0.7522 1 0
34 417 497 0 0 0 0 0 1.001 0 0.1666 -0.0196 0.256 0.2789 1.882 0.9914 -0.0042 0.2111 0.2711 4.4875 0.69 -0.0531 0.5491 0.7003 4.2129 0.0403 0.0403 0.6066 0 0
34 418 480 0 0 0 0 0 1.0005 0 -0.3973 0.1201 0.3041 0.3971 1.9477 0.9823 0.1068 0.1864 0.2339 3.115 0.6516 -0.035 0.6103 0.7916 4.0722 -0.2365 0.2365 0.5542 0 0
34 419 510 25 0 0 0 0 1.0017 0 -0.7365 -0.2514 0.4739 0.4851 2.2197 0.9446 -0.2119 1.0095 1.4073 12.3291 0.5472 -0.0081 0.6942 0.8443 4.4985 0.1515 0.1515 0.7684 1 0
34 420 485 24 0 0 0 0 1.0009 0 -0.9535 -0.22 0.22 0.285 1.3308 0.9747 -0.1977 0.3708 0.5591 6.9055 0.5541 -0.0342 0.7151 0.9212 4.3249 -0.4019 0.4019 0.8726 1 0
34 421 512 0 0 0 0 0 1.0004 0 0.9998 -0.1718 0.1718 0.2018 1.8961 0.9989 -0.2074 0.2223 0.2854 4.6156 0.7679 -0.0634 0.5106 0.6601 4.066 0.1549 0.1549 0.4607 0 0
34 422 490 0 0 0 0 0 1.0009 0 -0.0344 0.3596 0.3596 0.5003 2.2232 0.9842 0.2332 0.2395 0.2989 1.6944 0.7387 0.1219 0.5784 0.733 4.1691 0.0403 0.0403 0.4779 0 0
34 423 495 23 0 0 0 0 1.0006 0 -0.7252 -0.0915 0.2912 0.2942 2.2434 0.9589 0.5257 0.7062 0.8621 8.4041 0.5529 0.1349 0.6233 0.7899 4.4821 -0.1514 0.1514 0.9691 1 0
34 424 495 0 0 0 0 0 1.0005 0 0.2126 -0.0396 0.2888 0.325 1.4646 0.9751 0.1606 0.2093 0.3126 3.1806 0.7542 0.1014 0.507 0.6409 4.0635 -0.0758 0.0758 0.5092 0 0
34 425 481 0 0 0 0 0 1.0015 0 -0.3133 -0.0693 0.3787 0.3838 2.5237 0.9793 0.0994 0.3439 0.4332 4.9211 0.6163 -0.048 0.6483 0.8404 4.3633 -0.0598 0.0598 0.658 0 0
34 426 492 0 0 0 0 0 1.0005 0 -0.1434 0.1504 0.357 0.4622 1.5649 0.9734 0.0233 0.2221 0.2873 3.2564 0.6322 0.0356 0.6143 0.773 4.2655 -0.3699 0.3699 0.6013 0 0
34 427 489 0 0 0 0 0 1.0004 0 -0.2219 -0.0284 0.4699 0.5194 2.0143 0.9251 0.238 0.5367 0.6962 4.5769 0.6847 0.1773 0.6383 0.8152 4.2843 0.1911 0.1911 0.5277 0 0
34 428 640 268 0 0 0 0 1.0023 0 0.3412 -0.2891 0.2891 0.3491 1.3784 0.978 -0.2765 0.3815 0.4783 5.4542 0.6158 -0.3171 0.673 0.8752 4.9266 0.1976 0.1976 0.7882 1 0
34 429 485 0 0 0 0 0 1.0011 0 0.2752 0.1339 0.1799 0.2747 1.7875 0.9795 0.0892 0.2139 0.2565 3.667 0.6362 0.092 0.6364 0.8028 4.377 -0.1485 0.1485 0.8936 0 0
34 430 485 1 0 0 0 0 1.001 0 0.0346 0.0063 0.3121 0.3551 2.0006 0.9867 -0.1706 0.2144 0.2684 4.4989 0.6129 0.025 0.6217 0.7787 4.1487 -0.0724 0.0724 0.6696 1 0
34 431 461 0 0 0 0 0 1.0005 0 -0.0024 -0.3214 0.47 0.5041 1.9372 0.9892 0.9532 1.2995 1.9834 21.4648 0.6652 -0.039 0.6004 0.7555 4.3413 -0.2327 0.2327 0.8194 0 0
34 432 492 0 0 0 0 0 1.0009 0 -0.992 -0.1154 0.2571 0.2591 1.4314 0.9909 0.0929 0.251 0.3093 4.0076 0.6571 0.1452 0.63 0.8028 4.2721 0.0513 0.0513 0.6203 0 0
34 433 490 0 0 0 0 0 1.0023 0 0.7826 -0.0944 0.1425 0.2087 2.1895 0.9796 -0.4289 0.5698 1.0411 11.9779 0.6064 -0.0426 0.6184 0.7685 4.0864 -0.1437 0.1437 0.7041 0 0
34 434 509 6 0 0 0 0 1.0007 0 0.091 -0.2924 0.503 0.5729 1.5094 0.9792 0.1181 0.251 0.3223 3.3067 0.7245 0.1172 0.6219 0.7787 4.3948 0.1218 0.1218 0.6568 1 0
34 435 475 0 0 0 0 0 1.0005 0 0.7349 -0.3276 0.3715 0.4802 1.5615 0.988 -0.1556 0.4868 0.6363 6.8716 0.649 -0.0155 0.5288 0.6772 4.2749 -0.0586 0.0586 0.7003 0 0
34 436 500 0 0 0 0 0 1.0012 0 -0.7103 0.043 0.2788 0.3229 1.6837 0.9774 0.0373 0.174 0.2302 3.0827 0.7164 -0.049 0.6108 0.7581 4.2565 0.1726 0.1726 0.5544 0 0
34 437 461 24 0 0 0 0 1.0021 0 -0.0209 -0.2625 0.2625 0.3161 2.2643 0.9851 1.1102 1.5887 2.2873 23.7769 0.513 0.0204 0.736 0.8893 4.4997 -0.1475 0.1475 1.1121 1 0
34 438 462 0 0 0 0 0 1.0004 0 0.6136 -0.1452 0.1825 0.2104 1.6116 0.9876 -0.1009 0.2663 0.3468 3.832 0.6642 -0.0909 0.6366 0.7818 4.1593 -0.0688 0.0688 0.7043 0 0
34 439 480 0 0 0 0 0 1.0004 0 0.1073 0.1135 0.2457 0.2515 1.7534 0.993 0.1123 0.1398 0.1961 3.6839 0.64 0.066 0.6648 0.8368 4.2147 0.0272 0.0272 0.5582 0 0
34 440 470 12 0 0 0 0 1.0003 0 0.2909 0.0086 0.0769 0.0839 1.5553 0.9976 -0.1595 0.1737 0.208 3.3158 0.6342 -0.2059 0.751 0.9178 4.4551 0.2174 0.2174 0.6422 1 0
34 441 484 1 0 0 0 0 1.0006 0 0.6322 -0.0383 0.1272 0.1555 1.5887 0.9514 -0.1293 0.3458 0.4096 4.5551 0.6854 -0.1557 0.6032 0.7659 4.1654 0.0808 0.0808 0.5997 1 0
34 442 509 0 0 0 0 0 1.0005 0 0.1857 0.3135 0.473 0.5356 2.0952 0.9525 -0.0365 0.2273 0.2656 2.2851 0.6693 -0.0843 0.6275 0.7909 4.2098 0.0541 0.0541 0.5427 0 0
34 443 477 0 0 0 0 0 1.0004 0 0.9994 -0.0377 0.1229 0.1239 1.4381 0.989 0.1483 0.1646 0.2464 3.1961 0.6649 -0.0259 0.5926 0.7844 4.2107 0.0186 0.0186 0.5348 0 0
34 444 475 0 0 0 0 0 1.0006 0 0.9501 0.1261 0.1646 0.1954 2.1702 0.9821 0.0091 0.2054 0.3202 6.1398 0.6436 -0.0705 0.6073 0.8135 4.1266 -0.0749 0.0749 0.7429 0 0
34 445 493 66 0 0 0 0 1.0009 0 -0.3839 -0.3305 0.3305 0.3495 1.4972 0.9803 0.6512 0.9679 1.1132 9.9804 0.5535 -0.091 0.6486 0.8038 4.4872 0.1033 0.1033 0.9549 1 0
34 446 468 0 0 0 0 0 1.0003 0 -0.0159 -0.0472 0.2161 0.2529 1.5755 0.9873 -0.082 0.2516 0.3941 7.9485 0.6297 -0.0891 0.6389 0.7932 4.1296 -0.2871 0.2871 0.6888 0 0
34 447 485 0 0 0 0 0 1.0008 0 -0.8649 -0.0707 0.5072 0.5179 2.1629 0.971 0.0774 0.348 0.3919 2.8908 0.7232 -0.0174 0.5917 0.7479 4.1127 -0.4301 0.4301 0.5948 0 0
34 448 497 0 0 0 0 0 1.0005 0 0.3502 -0.2281 0.2281 0.344 1.5833 0.99 -0.2686 0.3189 0.4979 5.8016 0.6734 0.052 0.6035 0.7541 4.0794 -0.1403 0.1403 0.6777 0 0
34 449 491 4 0 0 0 0 1.0011 0 0.7326 -0.2757 0.2757 0.3289 2.0735 0.9895 0.6562 1.0013 1.3138 14.5062 0.5963 -0.0148 0.6683 0.8415 4.2722 -0.1715 0.1715 0.9858 1 0
34 450 485 0 0 0 0 0 1.0027 0 -0.6363 -0.1181 0.3214 0.3421 1.9754 0.9812 -0.2042 0.36 0.4888 5.0409 0.5732 -0.004 0.6232 0.7727 4.1877 0.0254 0.0254 0.6509 0 0
34 451 483 0 0 0 0 0 1.0012 0 0.9006 0.2035 0.216 0.2583 2.28 0.9903 -0.056 0.1513 0.1789 2.7929 0.6803 -0.0539 0.6275 0.8059 4.1777 -0.029 0.029 0.5807 0 0
34 452 490 0 0 0 0 0 1.0013 0 -0.9897 -0.1174 0.2613 0.2654 1.6666 0.9867 -0.1645 0.3571 0.4792 5.7643 0.6388 -0.1073 0.6121 0.7703 4.1866 -0.2748 0.2748 0.8524 0 0
34 453 507 3 0 0 0 0 1.002 0 0.2253 -0.0472 0.5121 0.5297 3.1525 0.982 0.3245 0.7987 1.027 10.1002 0.566 0.1802 0.6248 0.8399 4.6254 -0.1693 0.1693 0.9498 1 0
34 454 489 4 0 0 0 0 1.0004 0 0.8948 -0.167 0.167 0.2496 1.3313 0.9844 -0.0705 0.2948 0.3559 7.2853 0.5828 -0.2219 0.7404 0.9424 4.8195 0.321 0.321 0.5569 1 0
34 455 488 0 0 0 0 0 1.0005 0 0.6269 -0.2538 0.2984 0.3521 1.5913 0.9711 0.6413 0.8108 1.1942 13.0232 0.6668 -0.0519 0.5819 0.7282 4.2015 0.0597 0.0597 0.6514 0 0
34 456 473 35 0 0 0 0 1.0009 0 0.6139 0.0299 0.0937 0.1156 1.9596 0.988 0.0511 0.2169 0.2587 5.561 0.5628 -0.1514 0.7091 0.8713 4.4145 0.1103 0.1103 0.7936 1 0
34 457 524 4 0 0 0 0 1.0007 0 4e-04 -0.2973 0.2973 0.3791 1.7504 0.9033 0.0414 1.0718 1.6106 12.9562 0.566 0.0121 0.6655 0.8491 4.4759 0.0403 0.0403 0.9352 1 0
34 458 469 2 0 0 0 0 1.0003 0 -0.229 -0.1999 0.4948 0.5024 2.2024 0.9515 0.6175 0.674 1.0037 10.5808 0.6255 0.0028 0.606 0.7576 4.1242 -0.0653 0.0653 0.668 1 0
34 459 479 1 0 0 0 0 1.0005 0 0.9569 -0.2198 0.2198 0.2309 1.5072 0.9862 0.1363 0.2641 0.4198 4.3818 0.7316 2e-04 0.6096 0.746 4.2215 0.0693 0.0693 0.667 1 0
34 460 479 0 0 0 0 0 1.0002 0 0.6833 0.0983 0.3286 0.339 1.6509 0.969 0.0464 0.1708 0.2134 0.9763 0.8093 0.048 0.4646 0.5935 4.2176 0.107 0.107 0.3919 0 0
34 461 490 0 0 0 0 0 1.0004 0 0.8137 0.33 0.33 0.3666 1.6749 0.9421 0.2951 0.4469 0.687 2.6975 0.6246 0.0627 0.6858 0.8726 4.2338 0.0566 0.0566 0.5985 0 0
34 462 507 0 0 0 0 0 1.0006 0 0.9013 0.0551 0.1214 0.1598 1.3745 0.9596 0.0144 0.2436 0.3155 2.9149 0.6955 0.059 0.5746 0.7066 4.1747 0.1276 0.1276 0.4691 0 0
34 463 751 33 0 0 0 0 1.0029 0 -0.4405 -0.1635 0.2347 0.2534 2.5114 0.9792 0.1027 0.8521 1.0391 10.7293 0.53 0.097 0.6349 0.8041 4.7434 -0.1216 0.1216 1.2491 1 0
34 464 604 186 0 0 0 0 1.0008 0 0.9999 -0.0528 0.4162 0.429 3.0982 0.9899 0.4251 0.4329 0.5872 6.1491 0.6463 -0.0336 0.5678 0.7307 4.321 -0.0202 0.0202 0.8518 1 0
34 465 494 0 0 0 0 0 1.0006 0 -0.7824 -0.0823 0.4424 0.461 2.7114 0.9012 0.0761 0.6355 0.8345 7.6892 0.5951 0.0532 0.627 0.8044 4.1329 -0.4005 0.4005 0.7356 0 0
34 466 491 0 0 0 0 0 1.0008 0 0.2022 -0.0433 0.1329 0.1622 1.6167 0.9854 0.1169 0.3366 0.4416 4.8554 0.6173 -0.1031 0.6487 0.8321 4.031 -0.1676 0.1676 0.608 0 0
34 467 489 0 0 0 0 0 1.0021 0 0.9767 0.5956 0.5956 0.825 3.3744 0.9818 -0.189 0.1937 0.2562 2.0307 0.6519 -0.158 0.6377 0.8184 4.1711 -0.0414 0.0414 0.5047 0 0
34 468 503 0 0 0 0 0 1.0005 0 0.5507 0.0549 0.1203 0.1578 1.4114 0.9965 0.1068 0.1166 0.1395 1.7772 0.6841 0.0847 0.6453 0.8262 4.5262 0.273 0.273 0.4505 0 0
34 469 636 36 0 0 0 0 1.0019 0 0.291 -0.2119 0.2242 0.3164 1.7017 0.9646 -0.5318 0.6216 0.9059 7.9023 0.5425 -0.0906 0.6324 0.8121 4.5847 0.1271 0.1271 0.8557 1 0
34 470 497 0 0 0 0 0 1.0006 0 -0.4429 -0.0527 0.5066 0.543 1.9618 0.9793 -0.1761 0.3731 0.5173 6.036 0.6166 -0.2172 0.6321 0.8224 4.2056 0.0337 0.0337 0.5574 0 0
34 471 478 1 0 0 0 0 1.0011 0 0.604 -0.1761 0.3164 0.3266 1.8816 0.8858 0.2941 0.6444 1.1561 11.8434 0.6564 -0.1029 0.6177 0.754 4.2417 0.0282 0.0282 0.6358 1 0
34 472 502 3 0 0 0 0 1.0018 0 -0.7075 -0.1112 0.4037 0.4118 2.0407 0.9912 0.4235 0.614 0.8817 11.5632 0.6551 -0.0601 0.6173 0.764 4.2423 0.1007 0.1007 0.6984 1 0
34 473 473 0 0 0 0 0 1.0006 0 0.1996 0.0706 0.2503 0.3109 1.9211 0.9732 -0.0349 0.2561 0.2906 3.8895 0.6462 -0.0524 0.6068 0.7538 4.0977 1e-04 1e-04 0.5618 0 0
34 474 498 3 0 0 0 0 1.0012 0 0.0647 -0.263 0.2885 0.4291 1.5409 0.9884 -0.5136 0.5774 0.8437 8.692 0.6478 -0.1108 0.6541 0.8141 4.3594 0.0723 0.0723 0.8046 1 0
34 475 508 0 0 0 0 0 1.0008 0 0.6299 -0.0201 0.2747 0.3103 1.9185 0.9107 -0.118 0.5654 0.8613 9.1249 0.7023 0.1065 0.6233 0.7866 4.2019 -0.0663 0.0663 0.5893 0 0
34 476 496 1 0 0 0 0 1.0005 0 -0.4848 -0.1391 0.2986 0.3941 1.8605 0.9474 -0.3481 0.4571 0.8062 9.3695 0.5656 0.0947 0.6859 0.8423 4.2094 -0.0442 0.0442 0.778 1 0
34 477 481 0 0 0 0 0 1.0016 0 0.9593 0.2682 0.2682 0.322 1.8624 0.9965 0.0532 0.105 0.1398 2.0144 0.706 0.0377 0.5911 0.7419 4.1527 0.029 0.029 0.5435 0 0
34 478 475 0 0 0 0 0 1.0005 0 0.522 0.2486 0.4001 0.5437 1.6866 0.9473 0.1587 0.3057 0.4018 3.5105 0.6963 0.0679 0.5897 0.7807 4.2515 -0.1609 0.1609 0.5786 0 0
34 479 485 5 0 0 0 0 1.0009 0 0.0986 0.1213 0.1246 0.2106 1.9037 0.9819 -0.0265 0.1609 0.2045 4.2258 0.602 0.0767 0.6447 0.8088 4.2806 -0.0906 0.0906 0.8025 1 0
34 480 488 2 0 0 0 0 1.0011 0 -0.34 -0.1149 0.3436 0.3533 1.7887 0.993 0.0507 0.1637 0.2283 4.4645 0.721 -0.0727 0.5832 0.7462 4.1089 -0.0863 0.0863 0.6594 1 0
34 481 498 0 0 0 0 0 1.0009 0 0.706 -0.0664 0.1574 0.1671 1.5124 0.9867 0.112 0.23 0.2909 4.8073 0.6878 0.1006 0.579 0.7151 4.1074 -0.0375 0.0375 0.5439 0 0
34 482 499 14 0 0 0 0 1.0007 0 0.2224 0.0012 0.1354 0.1571 1.5201 0.9908 -0.001 0.1314 0.169 3.4142 0.7072 -0.0638 0.6694 0.8153 4.4915 0.1206 0.1206 0.7289 1 0
34 483 645 281 0 0 0 0 1.0019 0 -0.4308 -0.3837 0.3837 0.4207 1.2467 0.9948 0.9267 2.9485 3.3378 26.6892 0.5622 -0.0393 0.728 0.9287 4.541 -0.1156 0.1156 1.3446 1 0
34 484 509 12 0 0 0 0 1.0011 0 0.1824 -0.0736 0.2439 0.2653 1.7701 0.959 -0.5299 0.5318 0.865 9.2504 0.6003 -0.0896 0.6759 0.8375 4.5946 0.1005 0.1005 0.8651 1 0
34 485 499 0 0 0 0 0 1.0005 0 0.972 0.0232 0.0948 0.1011 1.5601 0.9755 0.136 0.2336 0.2587 2.1131 0.7371 0.0271 0.6221 0.768 4.1228 -0.0168 0.0168 0.5723 0 0
34 486 473 0 0 0 0 0 1.0007 0 0.594 -0.0311 0.1028 0.1241 1.5944 0.9854 -0.0193 0.1879 0.2196 4.1503 0.6167 -0.1265 0.6515 0.8246 4.1842 0.1089 0.1089 0.5555 0 0
34 487 469 0 0 0 0 0 1.0013 0 -0.9998 -0.038 0.4463 0.533 2.229 0.8829 -0.3869 0.7927 1.4841 15.228 0.5019 0.1057 0.7207 0.8951 4.2522 -0.1491 0.1491 0.8993 0 0
34 488 496 0 0 0 0 0 1.0019 0 -0.4237 0.1648 0.4097 0.4325 2.8299 0.966 0.1566 0.2507 0.3392 2.7734 0.6791 0.0419 0.6045 0.7697 4.0957 -0.0236 0.0236 0.6174 0 0
34 489 475 3 0 0 0 0 1.0024 0 -0.6243 0.105 0.265 0.3162 2.796 0.9113 -0.1888 0.6099 0.9302 12.0184 0.5121 -0.0287 0.6439 0.8233 4.1736 -0.0576 0.0576 0.7877 1 0
34 490 494 3 0 0 0 0 1.0023 0 -0.0401 -0.0659 0.1491 0.1954 1.8479 0.9571 -0.2435 0.4202 0.5785 7.982 0.5865 0.0149 0.6383 0.83 4.3527 -0.1184 0.1184 0.954 1 0
34 491 507 0 0 0 0 0 1.0003 0 -0.1083 -0.1963 0.3781 0.5199 1.6038 0.9596 -0.131 0.4605 0.6745 5.319 0.6481 -0.0768 0.5825 0.7528 4.3061 -0.1765 0.1765 0.7292 0 0
34 492 498 0 0 0 0 0 1.0003 0 0.8263 -0.1719 0.2506 0.2988 1.2569 0.9935 0.369 0.369 0.4039 2.4358 0.7116 0.2477 0.5606 0.7141 4.3121 -0.0721 0.0721 0.6838 0 0
34 493 464 0 0 0 0 0 1.0021 0 -0.5121 -0.0256 0.5064 0.5796 2.2885 0.8981 0.0476 0.4501 0.6913 6.6929 0.538 -0.1457 0.7265 0.9201 4.3351 0.1483 0.1483 0.5655 0 0
34 494 489 0 0 0 0 0 1.0005 0 -0.9449 -0.0561 0.4502 0.4666 2.7085 0.9874 0.0839 0.5888 0.7763 9.6418 0.5285 0.0703 0.7103 0.872 4.3782 -0.4773 0.4773 0.7707 0 0
34 495 618 42 0 0 0 0 1.0021 0 -0.9248 -0.0681 0.4826 0.5231 4.0679 0.9451 0.4394 1.0886 1.6896 19.201 0.552 0.1255 0.7116 0.8795 4.4943 -0.1907 0.1907 1.1841 1 0
34 496 506 4 0 0 0 0 1.0027 0 0.598 -0.3168 0.3168 0.3405 1.7395 0.9884 -0.1083 0.6715 0.8722 8.2033 0.6457 -0.0081 0.6287 0.8086 4.5057 0.0091 0.0091 0.9842 1 0
34 497 492 1 0 0 0 0 1.0002 0 0.9815 -0.0698 0.1959 0.205 1.3044 0.9921 0.0077 0.1405 0.1773 2.9551 0.6709 -0.0305 0.6112 0.794 4.3751 0.1621 0.1621 0.5928 1 0
34 498 483 0 0 0 0 0 1.001 0 0.9968 -0.1213 0.2033 0.2126 1.738 0.9878 -0.3916 0.5316 0.6869 7.0912 0.5472 -0.1552 0.764 0.9649 4.2417 0.0931 0.0931 0.6476 0 0
34 499 497 0 0 0 0 0 1.0011 0 0.5908 -0.0696 0.1433 0.1756 1.9569 0.9923 -0.3352 0.4878 0.7764 10.2277 0.6334 -0.0572 0.6885 0.8339 4.1969 -0.237 0.237 0.7329 0 0
34 500 497 0 0 0 0 0 1.0007 0 -0.297 0.1003 0.4671 0.5455 2.4966 0.9449 -0.2281 0.4226 0.5085 4.7881 0.5082 0.0101 0.6767 0.8471 4.3871 -0.3711 0.3711 0.7198 0 0
