cond r run.time ndiv nbfmi ntree nbulk ntail maxRhat nRhat alpha.cor alpha.bias alpha.abbias alpha.rmse alpha.CI beta.cor beta.bias beta.abbias beta.rmse beta.CI theta.cor theta.bias theta.abbias theta.rmse theta.CI lambda.bias lambda.abbias lambda.CI corrupt efficiency
61 1 424 4 0 0 0 0 1.0008 0 0.5317 -0.0176 0.2047 0.2253 1.876 0.8523 -0.3578 0.5717 0.9169 13.4252 0.7062 0.0851 0.582 0.7521 4.1273 0.0522 0.0522 0.7668 1 0
61 2 393 7 0 0 0 0 1.0007 0 0.0868 2e-04 0.4068 0.4844 2.3714 0.7864 0.0165 0.7099 1.0509 16.1475 0.5151 0.0539 0.7733 0.9543 4.6221 -0.4685 0.4685 0.896 1 0
61 3 414 3 0 0 0 0 1.0007 0 0.648 -0.1453 0.1977 0.2292 1.5761 0.9533 0.5337 0.6121 0.7667 11.3129 0.6496 0.1195 0.5829 0.8037 4.3077 -0.4715 0.4715 0.9036 1 0
61 4 361 50 0 0 0 0 1.0013 0 -0.5641 -0.1013 0.3381 0.3864 2.2488 0.8594 0.0318 0.8063 1.2128 17.4571 0.6262 -0.2427 0.6105 0.7868 4.4716 0.0332 0.0332 0.8499 1 0
61 5 431 2 0 0 0 0 1.001 0 0.3257 -0.1049 0.2492 0.2739 1.8098 0.9333 -0.2797 0.5117 0.6966 7.7587 0.6125 -0.019 0.5997 0.7746 4.3452 0.058 0.058 0.7211 1 0
61 6 612 780 0 0 0 0 1.0007 0 0.447 -0.0602 0.1975 0.2313 1.9962 0.9362 -0.0961 0.629 0.8191 13.9988 0.6325 0.2007 0.5981 0.7299 5.1218 0.2733 0.2733 0.8392 1 0
61 7 497 6 0 0 0 0 1.0003 0 0.3594 -0.1892 0.3051 0.372 1.9677 0.9676 -0.0276 0.493 0.6721 9.4474 0.6816 0.0028 0.514 0.6989 4.338 0.1682 0.1682 0.6467 1 0
61 8 430 0 0 0 0 0 1.0004 0 0.7731 -0.0846 0.2371 0.2939 2.5814 0.9248 -0.4318 0.6746 1.044 14.7945 0.6191 -0.0792 0.6187 0.7781 4.2221 -0.5757 0.5757 0.6686 0 0
61 9 439 22 0 0 0 0 1.0003 0 0.4862 -0.2876 0.3229 0.3643 1.6466 0.8558 0.7153 1.0532 1.7098 19.2738 0.7247 0.089 0.544 0.7125 4.62 0.2121 0.2121 0.7935 1 0
61 10 721 387 0 0 0 0 1.0011 0 0.5158 -0.037 0.2063 0.2303 1.9006 0.9615 -0.3984 0.5273 0.6595 9.909 0.7477 -0.3354 0.5792 0.7526 4.665 0.2515 0.2515 0.7384 1 0
61 11 406 23 0 0 0 0 1.0008 0 -0.0125 -0.1563 0.3054 0.3213 1.9667 0.9612 -0.1088 0.7851 1.0896 15.8309 0.5545 -0.0377 0.6407 0.8391 4.323 -0.0066 0.0066 0.8723 1 0
61 12 409 1 0 0 0 0 1.0005 0 -0.3124 -0.1281 0.5029 0.5998 3.4041 0.9136 0.1423 0.8839 1.1337 12.0724 0.4041 0.0562 0.7588 0.977 4.209 -0.5192 0.5192 0.7222 1 0
61 13 967 236 0 0 0 0 1.0012 0 0.8823 0.0587 0.1883 0.2211 2.1159 0.9716 -0.3766 0.4133 0.5007 5.0532 0.7573 -0.2935 0.6248 0.7955 5.0528 0.2572 0.2572 0.8435 1 0
61 14 456 0 0 0 0 0 1.0004 0 0.1656 0.171 0.3082 0.3365 1.9347 0.9693 -0.218 0.3246 0.4027 4.8033 0.8084 -0.1881 0.5763 0.707 4.3994 0.06 0.06 0.6882 0 0
61 15 376 143 0 0 0 0 1.0039 0 0.6216 -0.2485 0.2485 0.2799 1.6807 0.9577 0.3798 0.8313 1.0332 11.0711 0.6071 -0.0634 0.6879 0.8498 4.6344 0.0358 0.0358 1.0619 1 0
61 16 407 260 0 0 0 0 1.0008 0 -0.4832 -0.1232 0.3365 0.3589 2.0189 0.9432 -0.1801 0.6858 1.2695 19.4984 0.6567 -0.0236 0.557 0.7052 4.5407 -0.1227 0.1227 1.0635 1 0
61 17 424 1 0 0 0 0 1.0005 0 0.3325 -0.0416 0.2692 0.3127 2.2112 0.874 -0.1123 0.5601 0.9436 14.4563 0.7058 -0.0626 0.5821 0.7651 4.4832 0.0784 0.0784 0.7264 1 0
61 18 437 1 0 0 0 0 1.0009 0 -0.4585 -0.0291 0.3495 0.4316 2.9743 0.8192 -0.0705 0.6545 1.0645 14.8386 0.4714 -0.0098 0.6705 0.8554 4.3776 -0.0945 0.0945 0.7947 1 0
61 19 439 4 0 0 0 0 1.0006 0 0.1222 0.099 0.1641 0.2551 1.7449 0.9623 -0.1122 0.3066 0.3999 6.5307 0.6283 -0.1356 0.6282 0.8352 4.3585 0.1303 0.1303 0.7324 1 0
61 20 435 6 0 0 0 0 1.0004 0 0.7294 0.1051 0.2823 0.3384 1.7594 0.9632 0.0983 0.2467 0.3065 4.6725 0.6825 0.1608 0.6138 0.8196 4.287 -0.0026 0.0026 0.797 1 0
61 21 422 0 0 0 0 0 1.0005 0 0.6626 0.0468 0.2158 0.2213 1.6937 0.9716 -0.2004 0.3371 0.3684 6.2064 0.7197 -0.203 0.6011 0.7564 4.2359 0.0547 0.0547 0.6408 0 0
61 22 408 0 0 0 0 0 1.0002 0 0.5475 0.0378 0.2216 0.2757 1.9173 0.7802 0.4588 0.5921 1.1297 14.959 0.5671 0.2859 0.6831 0.8656 4.1994 0.0097 0.0097 0.6827 0 0
61 23 415 25 0 0 0 0 1.0006 0 0.6291 -0.1018 0.2933 0.327 2.1541 0.9418 -0.1075 0.466 0.692 10.1265 0.6466 -0.1681 0.6183 0.8014 4.4965 0.0783 0.0783 0.8604 1 0
61 24 449 0 0 0 0 0 1.0004 0 0.4453 0.0075 0.2964 0.3393 1.7163 0.9676 0.3019 0.332 0.4437 5.4745 0.8098 0.162 0.4808 0.6279 4.2711 0.1206 0.1206 0.5847 0 0
61 25 423 123 0 0 0 0 1.0008 0 -0.177 -0.255 0.342 0.3878 2.1156 0.9659 0.0411 1.2395 1.5932 21.1041 0.4974 0.1434 0.5999 0.7614 4.4456 0.0784 0.0784 1.0399 1 0
61 26 404 0 0 0 0 0 1.0005 0 0.6696 -0.1292 0.2012 0.2402 2.4301 0.9644 -0.0566 0.6317 0.8578 11.9736 0.5718 0.0547 0.664 0.8777 4.1516 -0.1177 0.1177 0.7443 0 0
61 27 445 18 0 0 0 0 1.0004 0 0.3261 -0.1142 0.362 0.3723 2.1443 0.9116 0.0936 0.635 1.0183 16.8503 0.6453 -0.111 0.6985 0.8501 4.4526 -0.5639 0.5639 0.9081 1 0
61 28 486 0 0 0 0 0 1.0009 0 0.7082 -0.1097 0.155 0.2173 1.5127 0.9856 0.0566 0.2096 0.287 7.4537 0.7683 0.0578 0.5441 0.7091 4.1572 -0.0739 0.0739 0.7451 0 0
61 29 427 0 0 0 0 0 1.0006 0 0.5009 -0.1665 0.3706 0.4095 2.2852 0.9298 -0.2201 0.7518 1.0953 12.7969 0.6505 -0.1052 0.5327 0.6952 4.3522 -0.43 0.43 0.8119 0 0
61 30 462 9 0 0 0 0 1.0006 0 0.6824 -0.2023 0.2023 0.2878 1.448 0.9684 0.0831 0.4619 0.5655 7.049 0.7734 0.038 0.532 0.6392 4.3404 0.0707 0.0707 0.8167 1 0
61 31 407 0 0 0 0 0 1.0014 0 0.7221 0.0303 0.0837 0.1079 1.6569 0.9798 -0.42 0.4318 0.5091 3.7897 0.6505 -0.2939 0.6968 0.8761 4.4053 -0.3944 0.3944 0.849 0 0
61 32 449 0 0 0 0 0 1.0007 0 0.5769 -0.0266 0.2354 0.2692 1.9604 0.9445 0.1657 0.3539 0.4764 6.7723 0.6686 0.0857 0.582 0.7644 4.1006 -0.0779 0.0779 0.6437 0 0
61 33 391 12 0 0 0 0 1.0005 0 0.2862 -0.1366 0.2195 0.2604 1.7027 0.9604 0.2759 0.4375 0.5328 5.7862 0.7226 -0.0468 0.5529 0.7201 4.5874 0.2064 0.2064 0.635 1 0
61 34 484 61 0 0 0 0 1.0009 0 0.727 -0.3405 0.3673 0.4187 2.2023 0.9356 -0.1667 0.8517 1.1622 15.2502 0.7659 -0.383 0.5796 0.7618 4.6323 0.2184 0.2184 0.7325 1 0
61 35 440 1 0 0 0 0 1.0004 0 0.5752 0.0282 0.2257 0.2792 1.7084 0.9798 -0.216 0.3085 0.3913 4.6254 0.7204 -0.1021 0.708 0.8929 4.3601 0.1028 0.1028 0.6299 1 0
61 36 419 20 0 0 0 0 1.0003 0 0.5803 -0.3213 0.3585 0.4149 1.8472 0.8749 -0.9774 1.3324 2.3964 30.0939 0.7031 -0.1048 0.5655 0.6999 4.228 -0.0985 0.0985 0.8369 1 0
61 37 424 9 0 0 0 0 1.0005 0 -0.1798 -0.1016 0.3414 0.4293 2.4156 0.8865 -0.2551 0.6737 0.988 14.71 0.6363 -0.0494 0.692 0.8533 4.3993 0.0858 0.0858 0.7223 1 0
61 38 375 1 0 0 0 0 1.0005 0 0.7472 0.1525 0.2136 0.3195 2.2139 0.9377 0.1971 0.3736 0.4916 5.596 0.6606 -0.0255 0.6639 0.8427 4.3416 -0.4594 0.4594 0.7766 1 0
61 39 461 40 0 0 0 0 1.0005 0 0.6299 -0.0168 0.2325 0.2851 2.5451 0.9035 0.1342 0.4306 0.6897 11.0325 0.727 -0.059 0.5225 0.6806 4.5869 -0.0285 0.0285 0.9368 1 0
61 40 441 10 0 0 0 0 1.0005 0 -0.2949 0.0303 0.2469 0.31 1.8951 0.8992 0.6031 0.7206 1.1083 16.0537 0.6832 0.0725 0.6618 0.8463 4.4274 0.0747 0.0747 0.8779 1 0
61 41 418 2 0 0 0 0 1.0009 0 0.8293 -0.1012 0.1831 0.1975 1.9452 0.9502 -0.3867 0.4985 0.585 6.993 0.7033 -0.2005 0.6324 0.7815 4.2828 0.0766 0.0766 0.6844 1 0
61 42 436 8 0 0 0 0 1.0006 0 -0.116 -0.1052 0.2861 0.3393 1.7534 0.9483 0.1887 0.59 0.8768 13.8011 0.6592 0.1323 0.6134 0.7838 4.2427 0.0297 0.0297 0.7855 1 0
61 43 519 301 0 0 0 0 1.0006 0 0.1263 -0.2716 0.293 0.3434 2.0978 0.9317 0.2455 0.6203 0.9248 14.5948 0.6142 -0.0757 0.6382 0.7825 4.7322 0.2154 0.2154 0.8881 1 0
61 44 463 179 0 0 0 0 1.0018 0 0.8764 0.103 0.211 0.2399 2.2925 0.9205 0.3952 0.4554 0.5835 6.131 0.6389 0.2366 0.617 0.8862 5.0056 0.2381 0.2381 0.7373 1 0
61 45 434 1 0 0 0 0 1.0002 0 0.3767 -0.1624 0.2667 0.3087 1.7832 0.9776 -0.041 0.275 0.3877 7.1647 0.7237 0.1202 0.5631 0.6956 4.1077 -0.0521 0.0521 0.6685 1 0
61 46 421 9 0 0 0 0 1.0005 0 0.5934 -0.1901 0.2386 0.2558 1.6047 0.9638 0.2517 0.457 0.5957 6.7127 0.7368 0.1524 0.5016 0.6903 4.1855 0.0095 0.0095 0.8233 1 0
61 47 378 0 0 0 0 0 1.0008 0 0.0588 -0.1262 0.3572 0.4164 2.9256 0.9311 -0.0114 0.411 0.6126 8.2092 0.6878 -0.0164 0.5611 0.7115 4.2398 -0.3167 0.3167 0.7643 0 0
61 48 460 0 0 0 0 0 1.0005 0 0.7706 0.0346 0.2181 0.2615 1.9675 0.927 -0.2831 0.592 0.8251 10.9287 0.7596 -0.1596 0.5283 0.6809 4.0879 -0.1519 0.1519 0.7123 0 0
61 49 473 4 0 0 0 0 1.0007 0 0.3928 -0.1401 0.3684 0.4477 1.8982 0.9051 -0.2138 0.4632 0.689 9.4842 0.7749 -0.1964 0.5076 0.671 4.1596 0.0151 0.0151 0.6708 1 0
61 50 443 0 0 0 0 0 1.0003 0 0.0371 0.0044 0.1726 0.213 1.6368 0.9656 -0.1394 0.3297 0.4361 6.1516 0.6661 0.0381 0.5995 0.7744 4.2008 -0.3503 0.3503 0.7579 0 0
61 51 399 2 0 0 0 0 1.0009 0 0.5626 0.073 0.2422 0.2869 1.8625 0.9568 -0.0134 0.2395 0.3055 5.4887 0.7474 -0.0177 0.5254 0.6788 4.1703 -0.0468 0.0468 0.7401 1 0
61 52 493 6 0 0 0 0 1.0007 0 0.6735 -0.3041 0.3078 0.359 1.4311 0.9615 0.0796 0.7271 1.1396 15.144 0.7074 -0.0473 0.5673 0.7336 4.4955 0.2461 0.2461 0.6235 1 0
61 53 411 0 0 0 0 0 1.0011 0 0.5098 0.0174 0.2235 0.2372 1.8121 0.9463 0.0406 0.3853 0.4601 6.1494 0.5857 0.1476 0.6482 0.8417 4.6047 -0.0474 0.0474 0.7945 0 0
61 54 768 1325 0 0 0 0 1.001 0 -0.1785 -0.4034 0.5826 0.6078 1.8994 0.8989 -0.9135 1.458 2.1882 22.5287 0.5558 -0.6375 0.9907 1.1686 5.5951 0.5088 0.5088 0.5191 1 0
61 55 405 2 0 0 0 0 1.0003 0 0.4147 -0.0334 0.1953 0.2576 2.0055 0.9375 0.4041 0.5232 0.7008 11.6891 0.6871 0.2869 0.629 0.7709 4.3328 0.0509 0.0509 0.8263 1 0
61 56 469 0 0 0 0 0 1.0008 0 0.6583 -0.0875 0.1418 0.1749 1.689 0.9628 0.1124 0.4231 0.5413 7.8883 0.6379 0.0705 0.5464 0.6989 4.2595 -0.0391 0.0391 0.7388 0 0
61 57 426 0 0 0 0 0 1.0004 0 0.8456 -0.0249 0.1869 0.2235 1.672 0.9158 0.1435 0.3737 0.6622 9.752 0.6988 0.0069 0.5129 0.6733 4.0765 -0.1289 0.1289 0.7047 0 0
61 58 481 2 0 0 0 0 1.0004 0 0.5192 -0.0387 0.2232 0.2472 1.5742 0.9841 0.1769 0.3072 0.3931 3.2511 0.6938 0.1316 0.5999 0.772 4.2051 0.2464 0.2464 0.5552 1 0
61 59 442 11 0 0 0 0 1.0003 0 0.3456 -0.1538 0.2215 0.2673 1.6304 0.9472 -0.1624 0.4064 0.5661 7.5693 0.7155 -0.0781 0.4856 0.6376 4.3525 0.1219 0.1219 0.6683 1 0
61 60 442 1 0 0 0 0 1.0003 0 0.3859 0.0713 0.2656 0.3324 2.2961 0.9099 0.4872 0.5853 0.9244 14.4948 0.7158 0.1388 0.6583 0.8095 4.2642 0.0403 0.0403 0.7266 1 0
61 61 354 4 0 0 0 0 1.0013 0 -0.6063 0.0863 0.2861 0.3472 2.1977 0.9743 0.2272 0.2834 0.4217 7.3762 0.6946 -0.1088 0.575 0.7368 4.2789 -0.0934 0.0934 0.8263 1 0
61 62 435 0 0 0 0 0 1.0002 0 0.3462 0.0869 0.142 0.1749 1.6264 0.9864 -0.296 0.3168 0.3608 5.1704 0.7957 -0.2899 0.5358 0.706 4.2782 0.1406 0.1406 0.604 0 0
61 63 412 287 0 0 0 0 1.0008 0 0.7889 -0.1492 0.2558 0.2839 2.3221 0.9662 -0.1687 0.4787 0.5616 12.265 0.7256 -0.3565 0.6061 0.7367 4.8286 0.2694 0.2694 0.7035 1 0
61 64 410 15 0 0 0 0 1.0008 0 -0.2444 -0.0571 0.2989 0.3292 2.1388 0.9564 0.1303 0.5731 0.8953 15.8058 0.6565 -0.05 0.5788 0.7906 4.6417 -0.0734 0.0734 0.9883 1 0
61 65 428 0 0 0 0 0 1.0004 0 0.6542 -0.0642 0.3396 0.3696 2.0727 0.9265 0.6615 0.7827 1.3109 19.8208 0.674 -0.0268 0.5137 0.7218 4.2379 -0.1647 0.1647 0.7418 0 0
61 66 439 0 0 0 0 0 1.0007 0 0.7567 -0.2749 0.2749 0.3829 1.4369 0.9886 -0.2092 0.5075 0.6222 6.1689 0.7696 -0.2513 0.4755 0.6145 4.3655 -0.1143 0.1143 0.8268 0 0
61 67 433 35 0 0 0 0 1.0007 0 0.8983 -0.0558 0.1653 0.1893 2.3575 0.9857 -0.1591 0.6915 0.9252 11.9581 0.6471 0.1244 0.6454 0.8417 4.315 0.0781 0.0781 0.786 1 0
61 68 453 5 0 0 0 0 1.0011 0 0.4297 -0.1631 0.2404 0.2989 2.2837 0.9817 -0.0145 0.6458 0.9754 16.1169 0.7018 -0.0828 0.5344 0.7444 4.4269 -0.0773 0.0773 0.9595 1 0
61 69 450 14 0 0 0 0 1.0008 0 0.4177 0.0798 0.3153 0.3449 2.1537 0.935 -0.1376 0.4298 0.6252 10.0886 0.7564 0.1141 0.5751 0.7221 4.2277 -0.0155 0.0155 0.7703 1 0
61 70 375 0 0 0 0 0 1.0005 0 0.458 0.2691 0.3946 0.4406 2.917 0.9221 -0.5625 0.7166 0.9272 15.1229 0.6211 -0.3262 0.6715 0.8286 4.1921 -0.1225 0.1225 0.7688 0 0
61 71 473 0 0 0 0 0 1.0004 0 0.3503 -0.0108 0.2547 0.3145 1.6844 0.9672 0.4302 0.4396 0.5409 6.0909 0.8073 0.3878 0.5554 0.6943 4.2513 0.1167 0.1167 0.6513 0 0
61 72 492 111 0 0 0 0 1.0006 0 -0.8399 -0.303 0.3595 0.4271 1.8952 0.952 0.4461 1.1297 1.5822 20.0542 0.672 0.0381 0.5906 0.7319 4.8021 0.1267 0.1267 0.8978 1 0
61 73 449 0 0 0 0 0 1.0002 0 0.7553 -0.0944 0.2295 0.2635 1.7562 0.9572 -0.2241 0.4574 0.6231 11.4347 0.7896 -0.0503 0.5653 0.6872 4.1162 -0.0777 0.0777 0.7369 0 0
61 74 408 15 0 0 0 0 1.0004 0 -0.0418 0.1602 0.4559 0.6572 3.635 0.8427 -0.0426 0.7365 1.1458 15.9251 0.5198 0.0418 0.7251 0.9322 4.3098 0.1444 0.1444 0.707 1 0
61 75 431 6 0 0 0 0 1.0004 0 0.1442 -0.1942 0.2862 0.3169 2.0739 0.925 -0.1445 0.9136 1.4151 19.3933 0.6499 0.015 0.5929 0.7197 4.1629 -0.0508 0.0508 0.8761 1 0
61 76 453 2 0 0 0 0 1.0003 0 -0.6408 -0.0356 0.3637 0.3909 2.2331 0.9423 0.3849 0.768 0.9389 10.6217 0.5972 0.1913 0.6806 0.8208 4.2168 0.0069 0.0069 0.7697 1 0
61 77 439 0 0 0 0 0 1.0005 0 -0.3595 0.0687 0.3313 0.3745 2.0293 0.9496 -0.0281 0.2857 0.4073 7.0582 0.6789 0.0215 0.656 0.8307 4.0375 0.0591 0.0591 0.6408 0 0
61 78 823 145 0 0 0 0 1.0012 0 0.0763 0.0187 0.3736 0.4366 2.6879 0.8891 0.8231 0.8231 1.0416 6.4703 0.6572 0.689 0.9071 1.101 4.9095 0.2978 0.2978 0.7104 1 0
61 79 420 0 0 0 0 0 1.0003 0 0.6327 -0.1275 0.2899 0.3369 2.3322 0.9322 -0.1599 0.4916 0.6599 7.4414 0.7536 -0.0891 0.511 0.6593 4.2357 -0.3813 0.3813 0.7732 0 0
61 80 409 37 0 0 0 0 1.0023 0 0.7502 0.1273 0.1804 0.2593 1.9125 0.9194 -0.3044 0.5155 0.6343 5.7624 0.7598 -0.1917 0.5678 0.7166 4.4605 -0.0487 0.0487 0.8758 1 0
61 81 406 0 0 0 0 0 1.0003 0 -0.5573 -0.1203 0.4225 0.4825 1.8776 0.9358 0.0352 0.4274 0.5279 6.0857 0.7131 0.025 0.5518 0.6746 4.3072 -0.1334 0.1334 0.7799 0 0
61 82 413 7 0 0 0 0 1.0004 0 -0.035 -0.1364 0.3319 0.3527 2.145 0.9542 0.1833 0.6411 0.8957 14.751 0.6585 0.157 0.5903 0.7745 4.517 -0.0581 0.0581 0.95 1 0
61 83 442 0 0 0 0 0 1.0004 0 0.8987 -0.242 0.242 0.2953 1.6687 0.9434 -0.3433 0.5532 1.0101 20.3876 0.6966 -0.1926 0.6489 0.7867 4.1673 0.0319 0.0319 0.6189 0 0
61 84 433 87 0 0 0 0 1.0007 0 0.7406 -0.2513 0.2735 0.3056 2.0036 0.9581 0.3305 0.8767 1.2237 17.5391 0.5717 -0.0025 0.5677 0.7493 4.4705 -0.1178 0.1178 1.1109 1 0
61 85 1057 1014 0 0 0 0 1.0005 0 0.6279 -0.2793 0.2793 0.2988 1.5136 0.9734 0.0555 0.7204 0.9266 10.6457 0.6143 -0.087 0.7024 0.8445 5.5097 0.3595 0.3595 0.8335 1 0
61 86 424 2 0 0 0 0 1.0002 0 0.5455 0.0236 0.1664 0.2267 1.781 0.9304 0.055 0.3456 0.4522 4.9512 0.78 0.0406 0.5294 0.6484 4.1921 0.0396 0.0396 0.7215 1 0
61 87 454 0 0 0 0 0 1.0004 0 0.6559 0.0465 0.214 0.2378 2.0303 0.9431 -0.111 0.3699 0.4772 8.3529 0.7177 0.0838 0.5923 0.7446 4.3161 -0.1179 0.1179 0.8053 0 0
61 88 392 0 0 0 0 0 1.0003 0 0.1895 -0.0716 0.2283 0.2658 1.8585 0.929 -0.6112 0.6835 0.9607 14.1811 0.6228 -0.2341 0.6668 0.8835 4.3517 -0.2392 0.2392 0.8115 0 0
61 89 413 1 0 0 0 0 1.0006 0 0.6066 0.3418 0.3626 0.4392 1.9498 0.9269 0.0104 0.4371 0.4836 3.6282 0.7153 -0.015 0.5921 0.7852 4.4368 -0.0262 0.0262 0.7034 1 0
61 90 517 208 0 0 0 0 1.0034 0 0.8549 -0.2427 0.2427 0.2645 1.5075 0.9686 0.1003 0.7942 0.9869 11.8096 0.685 -0.1234 0.5237 0.7037 4.6572 0.0636 0.0636 0.9871 1 0
61 91 477 1 0 0 0 0 1.0003 0 -0.8195 -0.4071 0.4606 0.6206 1.6423 0.8792 -0.0312 1.0056 1.8352 24.7649 0.6473 0.15 0.6292 0.8045 4.3129 -0.0573 0.0573 0.7976 1 0
61 92 402 17 0 0 0 0 1.0005 0 0.2769 -0.0311 0.14 0.2207 1.7109 0.8499 -0.0141 0.5137 0.715 7.6478 0.5963 -0.0756 0.6991 0.8998 4.7625 0.2407 0.2407 0.7233 1 0
61 93 417 46 0 0 0 0 1.0006 0 0.1695 -0.0899 0.3202 0.4303 2.6971 0.898 0.1189 0.6519 0.8809 10.062 0.6886 0.1415 0.5497 0.722 4.5261 0.003 0.003 0.8768 1 0
61 94 416 950 0 0 0 0 1.0024 0 -0.4354 -0.2232 0.375 0.4597 2.059 0.79 -0.1494 0.9206 1.6096 22.47 0.5848 0.14 0.5824 0.7418 4.8192 -0.1751 0.1751 1.2434 1 0
61 95 440 0 0 0 0 0 1.0004 0 0.3705 0.084 0.3166 0.4771 3.0449 0.9135 -0.0541 0.5139 0.6952 11.4272 0.6533 -0.0946 0.5911 0.7522 4.2116 -0.0406 0.0406 0.6718 0 0
61 96 453 114 0 0 0 0 1.0004 0 0.5487 -0.1005 0.2089 0.2741 1.7678 0.9652 0.1455 0.575 0.6314 12.5972 0.7 0.2209 0.6406 0.8384 4.8421 0.1214 0.1214 0.8051 1 0
61 97 447 6 0 0 0 0 1.0004 0 0.2845 -0.1059 0.2679 0.298 1.7028 0.964 0.1416 0.4119 0.4661 5.6262 0.6627 0.0778 0.5192 0.685 4.31 -0.1293 0.1293 0.8441 1 0
61 98 443 4 0 0 0 0 1.0003 0 0.8728 0.0837 0.1299 0.1431 1.855 0.9793 0.2602 0.2856 0.3339 3.799 0.736 0.2283 0.5809 0.7275 4.2985 0.0597 0.0597 0.72 1 0
61 99 405 28 0 0 0 0 1.0005 0 0.73 0.0936 0.277 0.3442 2.5188 0.8625 -0.1986 0.744 0.9438 17.4586 0.7362 -0.3412 0.6808 0.8041 4.5481 -0.0335 0.0335 0.8566 1 0
61 100 1009 2627 0 0 69 20 1.1304 72 0.8538 -0.1186 0.219 0.263 2.1857 0.9638 0.7223 0.7238 0.7835 4.3895 0.7075 0.6784 0.8523 1.0151 5.6414 0.4423 0.4423 0.677 1 1
61 101 449 0 0 0 0 0 1.0016 0 0.3992 0.1564 0.5413 0.736 4.2868 0.9598 -0.1362 0.7237 0.8597 10.7548 0.6308 -0.1412 0.5656 0.7351 4.1859 -0.3254 0.3254 0.7622 0 0
61 102 431 3 0 0 0 0 1.0006 0 0.2168 -0.0989 0.1996 0.2608 1.7798 0.9578 -0.2498 0.518 0.7122 9.7787 0.6592 -0.0635 0.5683 0.7327 4.2273 -0.0461 0.0461 0.833 1 0
61 103 453 1 0 0 0 0 1.0005 0 0.0067 0.0188 0.2055 0.2549 1.8117 0.9549 0.1265 0.3854 0.4928 8.5841 0.6763 0.0019 0.5635 0.7305 4.4918 0.1463 0.1463 0.64 1 0
61 104 440 0 0 0 0 0 1.0004 0 0.7862 0.1332 0.2774 0.3291 2.4508 0.9825 0.2222 0.2585 0.324 4.4292 0.7646 0.0459 0.5329 0.6953 4.2048 -0.1167 0.1167 0.6877 0 0
61 105 965 86 0 0 0 0 1.0012 0 0.8755 -0.1003 0.1447 0.188 1.7499 0.9571 -0.5404 0.5782 0.6613 5.4606 0.7845 -0.4743 0.6719 0.8105 4.3711 0.2126 0.2126 0.6941 1 0
61 106 429 32 0 0 0 0 1.0008 0 0.9757 0.0774 0.1138 0.1586 2.3345 0.9742 0.1548 0.331 0.4026 8.9559 0.7283 0.0555 0.6 0.7756 4.2034 0.0429 0.0429 0.9634 1 0
61 107 339 0 0 0 0 0 1.0007 0 0.3829 0.0381 0.1899 0.2028 1.8541 0.9624 0.1082 0.2484 0.3142 5.4146 0.7033 0.324 0.6027 0.7657 4.0833 -0.356 0.356 0.7638 0 0
61 108 436 13 0 0 0 0 1.0011 0 0.5357 -0.1116 0.2499 0.2884 2.0911 0.9333 -0.2253 0.7703 1.0174 10.7889 0.5872 -0.0365 0.6137 0.7992 4.827 -0.0282 0.0282 0.967 1 0
61 109 441 0 0 0 0 0 1.0002 0 -0.3511 -0.0394 0.1979 0.2402 1.7207 0.957 0.0883 0.3938 0.4407 5.439 0.7181 0.0748 0.6191 0.7335 4.2459 -0.0321 0.0321 0.747 0 0
61 110 420 2 0 0 0 0 1.0002 0 0.2883 -0.1784 0.3006 0.411 1.8935 0.9552 0.3122 0.5706 0.9142 16.3906 0.6871 -0.0356 0.5771 0.7237 4.3029 0.0659 0.0659 0.7628 1 0
61 111 426 2 0 0 0 0 1.0004 0 0.8329 -0.054 0.1577 0.2261 2.3345 0.9233 -0.1848 0.57 0.845 10.3973 0.6817 0.0132 0.6112 0.7793 4.315 0.079 0.079 0.7482 1 0
61 112 391 0 0 0 0 0 1.0005 0 0.6875 0.0938 0.2418 0.2659 1.8613 0.9441 -0.0553 0.2975 0.3855 4.9349 0.7576 0.1294 0.6459 0.8249 4.3382 -0.1217 0.1217 0.809 0 0
61 113 404 0 0 0 0 0 1.001 0 0.3256 -0.0566 0.2731 0.3088 1.9047 0.9668 0.2747 0.3252 0.4405 6.3529 0.6854 0.0356 0.5641 0.7256 4.2019 -0.0356 0.0356 0.7085 0 0
61 114 473 2 0 0 0 0 1.0003 0 0.007 -0.0689 0.2895 0.3785 2.7056 0.9543 -0.3062 0.4535 0.6891 9.4026 0.682 -0.0847 0.6487 0.7826 4.2435 0.0438 0.0438 0.7756 1 0
61 115 435 6 0 0 0 0 1.0004 0 -0.6569 -0.0964 0.2893 0.4144 1.719 0.89 0.4932 0.6637 1.1516 16.7437 0.6453 0.1378 0.5341 0.7151 4.2372 0.0147 0.0147 0.7912 1 0
61 116 561 12 0 0 0 0 1.002 0 0.6714 -0.088 0.2552 0.2678 1.7573 0.9706 -0.1362 0.4209 0.6289 10.9254 0.6793 -0.0675 0.6424 0.8037 4.6892 0.248 0.248 0.6873 1 0
61 117 448 10 0 0 0 0 1.0003 0 0.5556 -0.206 0.3333 0.3684 1.9245 0.9666 0.4558 0.8341 1.228 18.3432 0.764 -0.0565 0.5015 0.6366 4.3821 0.1573 0.1573 0.6285 1 0
61 118 731 37 0 0 0 0 1.0003 0 0.2001 0.1502 0.2254 0.2888 1.8976 0.9519 -0.3022 0.4058 0.4613 4.5792 0.6871 -0.4739 0.7186 0.8965 4.164 0.273 0.273 0.6083 1 0
61 119 401 0 0 0 0 0 1.0002 0 0.8564 -0.1903 0.2139 0.2388 1.7348 0.9341 0.1475 0.4633 0.8048 13.7015 0.7587 0.035 0.5015 0.6482 4.3404 -0.2321 0.2321 0.8092 0 0
61 120 457 0 0 0 0 0 1.0003 0 0.9084 -0.0056 0.2129 0.2332 1.8126 0.9142 0.3063 0.5366 1.0097 16.6684 0.7045 0.0553 0.5583 0.7466 4.1544 -0.0145 0.0145 0.6575 0 0
61 121 471 0 0 0 0 0 1.0005 0 0.4239 -0.0505 0.2945 0.3648 1.6317 0.9603 0.2159 0.3494 0.5197 8.1593 0.6759 -0.0033 0.5748 0.7495 4.1744 0.0896 0.0896 0.6299 0 0
61 122 405 0 0 0 0 0 1.0006 0 0.039 0.1357 0.4382 0.509 2.358 0.9561 0.3045 0.3621 0.5371 10.0944 0.6919 0.065 0.675 0.8993 4.1383 0.017 0.017 0.615 0 0
61 123 450 3 0 0 0 0 1.0003 0 0.8449 -0.1116 0.2527 0.2948 2.2447 0.9322 -0.9086 1.1362 1.728 20.3642 0.6074 -0.2026 0.6554 0.8009 4.3048 -0.009 0.009 0.8864 1 0
61 124 441 49 0 0 0 0 1.0006 0 0.7448 -0.2119 0.2265 0.3259 1.8965 0.973 0.2349 0.4723 0.791 14.3428 0.5534 0.2285 0.6724 0.9093 4.4363 0.2239 0.2239 0.6782 1 0
61 125 443 4 0 0 0 0 1.0006 0 -0.424 -0.1531 0.6378 0.7543 3.9802 0.9484 -0.5557 0.9276 1.1905 13.3874 0.6864 0.0274 0.5493 0.714 4.3833 0.1943 0.1943 0.7177 1 0
61 126 504 15 0 0 0 0 1.0006 0 0.9125 -0.0997 0.1637 0.1794 1.9871 0.9597 -0.0449 0.5388 0.7265 11.9239 0.6528 0.2085 0.6245 0.7975 4.3103 -0.0394 0.0394 0.873 1 0
61 127 417 4 0 0 0 0 1.0002 0 0.4474 -0.2685 0.4229 0.4333 2.1886 0.9496 0.3278 0.8908 1.3734 18.2268 0.635 0.1781 0.5871 0.7329 4.4321 -0.4791 0.4791 0.8792 1 0
61 128 412 1 0 0 0 0 1.0002 0 0.1641 -0.0301 0.2885 0.326 2.2333 0.9668 -0.0208 0.4057 0.5346 10.3854 0.5687 -0.0277 0.6105 0.7739 4.1352 -0.1499 0.1499 0.7794 1 0
61 129 451 3 0 0 0 0 1.0002 0 -0.5602 -0.0903 0.2894 0.3115 1.5782 0.9516 -0.1138 0.4791 0.6138 7.2498 0.7095 -0.0481 0.5588 0.7272 4.3607 0.1736 0.1736 0.6865 1 0
61 130 701 819 0 0 0 0 1.0321 2 0.6929 0.0234 0.2503 0.2679 1.6116 0.8459 0.6838 0.9916 1.1169 10.7982 0.749 0.5718 0.7961 0.9631 4.6495 0.4739 0.4739 0.5025 1 0
61 131 436 0 0 0 0 0 1.0003 0 -0.0878 -0.0399 0.2476 0.3575 1.7298 0.9511 0.2402 0.5785 0.9625 17.2648 0.7353 -0.1235 0.5184 0.689 4.0865 -0.0278 0.0278 0.6407 0 0
61 132 424 1 0 0 0 0 1.0003 0 -0.2481 -0.0016 0.3303 0.4997 2.4309 0.9513 -0.2132 0.4181 0.6386 8.3794 0.6569 -0.0653 0.61 0.7538 4.1999 -0.0208 0.0208 0.7865 1 0
61 133 368 0 0 0 0 0 1.0003 0 -0.5516 -0.1111 0.465 0.5429 1.9999 0.9474 0.2386 0.7819 0.9609 18.6995 0.6713 0.1595 0.644 0.8092 4.1185 -0.1556 0.1556 0.69 0 0
61 134 399 15 0 0 0 0 1.0004 0 0.5835 -0.1287 0.2955 0.3231 1.9308 0.9635 0.0995 0.3135 0.4449 7.2082 0.7232 0.0784 0.573 0.7213 4.5435 0.2428 0.2428 0.6597 1 0
61 135 347 0 0 0 0 0 1.0003 0 0.1355 -0.1039 0.2737 0.3025 2.3351 0.9671 -0.2595 0.7316 0.9494 11.9857 0.5949 -0.1806 0.7056 0.8971 4.2424 -0.1582 0.1582 0.8519 0 0
61 136 573 187 0 0 0 0 1.0007 0 0.7023 -0.1216 0.1605 0.2181 1.5758 0.9827 0.076 0.4707 0.5737 13.1595 0.533 -0.3111 0.6901 0.8976 4.7961 0.1652 0.1652 0.854 1 0
61 137 415 0 0 0 0 0 1.0007 0 0.3958 0.1283 0.199 0.2224 1.6411 0.963 -0.0198 0.2571 0.348 3.8528 0.6798 0.0748 0.57 0.7221 4.4686 -0.2093 0.2093 0.8261 0 0
61 138 421 0 0 0 0 0 1.0012 0 -0.3736 -0.0899 0.4772 0.5388 2.5746 0.9417 0.003 0.5166 0.7195 11.6743 0.6726 0.06 0.5481 0.6999 4.6306 -0.0728 0.0728 0.8972 0 0
61 139 444 1 0 0 0 0 1.0004 0 0.3994 0.231 0.4085 0.5461 2.614 0.9011 0.0642 0.3607 0.453 4.7546 0.6963 -0.0271 0.6309 0.7856 4.2126 -0.1828 0.1828 0.7604 1 0
61 140 456 2 0 0 0 0 1.0006 0 0.2282 0.0698 0.2162 0.3347 2.1795 0.9648 0.1717 0.2975 0.3844 5.6391 0.6265 0.1243 0.5834 0.7372 4.1948 0.0063 0.0063 0.6931 1 0
61 141 397 0 0 0 0 0 1.0003 0 0.8652 0.1932 0.2117 0.2795 2.1587 0.9649 0.2126 0.2994 0.4502 4.8951 0.7435 0.0903 0.6252 0.7992 4.2897 -0.0303 0.0303 0.7612 0 0
61 142 421 0 0 0 0 0 1.0003 0 0.8324 -0.1388 0.2047 0.2178 1.7643 0.9153 -0.0976 0.7069 0.9751 14.9025 0.6859 -0.1021 0.545 0.6959 4.2017 0.0035 0.0035 0.7424 0 0
61 143 436 5 0 0 0 0 1.0003 0 0.9235 0.0243 0.1104 0.1362 1.7892 0.9555 -0.2653 0.2988 0.4726 5.9936 0.7454 -0.1229 0.6405 0.8131 4.5076 -0.0086 0.0086 0.834 1 0
61 144 445 7 0 0 0 0 1.0003 0 0.8324 -0.0833 0.1242 0.1511 1.8051 0.9844 -0.3908 0.446 0.5538 9.4848 0.6986 -0.2407 0.5656 0.6964 4.331 -0.3144 0.3144 1.0189 1 0
61 145 668 456 0 0 0 0 1.0009 0 -0.388 -0.0925 0.22 0.2724 1.5884 0.9619 0.4526 0.561 0.6399 5.4693 0.7085 0.4682 0.7088 0.8664 4.8437 0.281 0.281 0.7642 1 0
61 146 418 1 0 0 0 0 1.0009 0 -0.4667 0.0975 0.3432 0.4618 3.3726 0.8623 0.0784 0.6052 1.0117 14.8918 0.6673 -0.0283 0.5371 0.6818 4.2633 0.032 0.032 0.7662 1 0
61 147 422 42 0 0 0 0 1.0004 0 -0.163 -0.3035 0.5327 0.5817 2.2219 0.8254 -0.9553 1.2443 2.1643 26.8385 0.6741 0.0441 0.5869 0.7418 4.4661 0.2508 0.2508 0.7186 1 0
61 148 425 0 0 0 0 0 1.0004 0 0.334 -0.0975 0.3472 0.4225 1.8001 0.9662 0.0356 0.5453 0.7001 8.8969 0.7026 -0.0738 0.5237 0.6537 4.3396 -0.0986 0.0986 0.7467 0 0
61 149 412 18 0 0 0 0 1.0005 0 0.9876 -0.0582 0.0582 0.071 2.3545 0.9656 0.1498 0.4036 0.5429 10.7404 0.6104 -0.0633 0.6642 0.8483 4.4585 0.1084 0.1084 0.7977 1 0
61 150 435 192 0 0 0 0 1.0018 0 0.4461 -0.1019 0.2446 0.2648 2.4798 0.9815 0.1333 0.5011 0.6368 13.1661 0.601 -0.0828 0.5723 0.7027 4.3691 -0.0699 0.0699 0.9433 1 0
61 151 452 2 0 0 0 0 1.0018 0 0.5345 -0.0459 0.2279 0.2481 1.8675 0.9442 0.3237 0.4116 0.6446 10.5982 0.7518 0.1269 0.5072 0.6484 4.2835 -0.1566 0.1566 0.8423 1 0
61 152 473 0 0 0 0 0 1.0011 0 0.8389 -0.0207 0.1642 0.2027 2.2512 0.9777 -0.1974 0.3597 0.4971 8.1414 0.798 0.039 0.5664 0.6988 4.3416 -0.0525 0.0525 0.7505 0 0
61 153 2006 1183 0 0 0 0 1.001 0 0.2108 -0.0122 0.3154 0.3755 2.4233 0.8214 -1.0236 1.1636 1.2958 7.6125 0.6096 -1.2723 1.3224 1.5307 4.85 0.6117 0.6117 0.3028 1 0
61 154 411 0 0 0 0 0 1.0003 0 0.296 -0.0489 0.2487 0.302 2.1644 0.9856 -0.1113 0.2633 0.345 7.9245 0.6942 -0.0587 0.556 0.7442 4.1662 -0.1653 0.1653 0.7242 0 0
61 155 435 0 0 0 0 0 1.0003 0 0.4117 0.046 0.3482 0.4136 2.6191 0.9185 -0.2031 0.5112 0.6601 8.0147 0.6262 -0.1171 0.6083 0.7853 4.1929 -0.3982 0.3982 0.6997 0 0
61 156 407 0 0 0 0 0 1.0003 0 0.6912 -0.0158 0.1781 0.2182 1.8507 0.9819 0.127 0.2708 0.3536 8.9678 0.7646 0.0286 0.4801 0.6556 4.4072 0.0426 0.0426 0.7408 0 0
61 157 401 0 0 0 0 0 1.0005 0 0.335 0.1755 0.3344 0.5642 2.5503 0.8498 0.1393 0.4472 0.5167 4.1364 0.6963 -0.0632 0.5533 0.7229 4.2212 -0.0671 0.0671 0.7529 0 0
61 158 402 9 0 0 0 0 1.0012 0 0.0508 -0.1608 0.3248 0.3853 2.2658 0.952 -0.128 0.4716 0.6744 11.238 0.7074 -0.2249 0.6553 0.8073 4.5037 -0.2113 0.2113 1.0086 1 0
61 159 437 613 0 0 0 0 1.0009 0 0.5876 -0.0573 0.2838 0.3536 1.9091 0.8944 1.3979 1.452 2.4024 29.486 0.6992 0.2081 0.628 0.7671 4.6681 0.0877 0.0877 0.9276 1 0
61 160 423 37 0 0 0 0 1.001 0 0.7195 -0.1579 0.2293 0.2543 1.9177 0.9381 -0.3319 0.6374 0.7998 6.958 0.6894 -0.3282 0.6702 0.8652 4.4362 0.2258 0.2258 0.6662 1 0
61 161 429 0 0 0 0 0 1.0009 0 0.964 0.0599 0.0964 0.1228 2.1224 0.9721 0.087 0.2244 0.2806 4.6507 0.654 0.003 0.5738 0.717 4.2854 -0.2292 0.2292 0.8456 0 0
61 162 399 9 0 0 0 0 1.0002 0 0.7574 0.1161 0.4009 0.4977 2.8269 0.8831 0.0041 0.6073 0.8686 11.3957 0.7635 0.0582 0.5498 0.7212 4.2745 -0.005 0.005 0.7842 1 0
61 163 410 62 0 0 0 0 1.0025 0 0.7906 -0.0512 0.2527 0.2814 2.0746 0.9614 -0.2864 0.4554 0.6211 10.6794 0.5643 -0.2229 0.6535 0.8605 5.0862 -0.5697 0.5697 0.983 1 0
61 164 439 0 0 0 0 0 1.0004 0 -0.074 0.1005 0.3683 0.4188 2.2953 0.8649 -0.2713 0.5682 0.8841 13.6751 0.544 0.0333 0.7469 0.9264 4.0859 -0.268 0.268 0.7011 0 0
61 165 419 3 0 0 0 0 1.0005 0 0.4474 0.0671 0.1557 0.2785 2.0425 0.9497 0.2703 0.4181 0.5609 10.8474 0.716 0.0379 0.5383 0.6692 4.2589 -0.0136 0.0136 0.8023 1 0
61 166 407 1 0 0 0 0 1.0005 0 0.1966 -0.1234 0.2154 0.281 1.6718 0.952 0.0046 0.4848 0.5767 8.7504 0.5785 -0.0857 0.6457 0.8061 4.2951 -0.066 0.066 0.8605 1 0
61 167 433 4 0 0 0 0 1.0006 0 0.3112 0.0041 0.3401 0.4293 2.275 0.9467 0.0257 0.3515 0.4626 8.4539 0.746 0.1515 0.5816 0.7241 4.1796 -0.0401 0.0401 0.7429 1 0
61 168 432 0 0 0 0 0 1.0003 0 -0.6544 0.0621 0.3671 0.4361 2.0372 0.9809 0.4683 0.5395 0.8045 16.3732 0.6984 0.0116 0.5728 0.7175 4.1763 -0.0062 0.0062 0.7198 0 0
61 169 432 0 0 0 0 0 1.0005 0 -0.1258 -0.0952 0.3186 0.3607 1.8581 0.9588 -0.3967 0.7699 0.9253 12.4139 0.6739 -0.2822 0.6602 0.8221 4.1405 -0.3236 0.3236 0.7017 0 0
61 170 470 100 0 0 0 0 1.0007 0 0.3376 -0.1097 0.2647 0.3509 1.6705 0.9687 -0.3441 0.3998 0.5001 5.9713 0.7125 -0.3687 0.6702 0.8585 4.4323 0.1786 0.1786 0.8038 1 0
61 171 462 2 0 0 0 0 1.0003 0 0.1856 -0.1155 0.3615 0.4 1.8464 0.9598 0.1357 0.6656 0.8378 12.772 0.6453 0.0328 0.5778 0.7306 4.3592 -0.0635 0.0635 0.7767 1 0
61 172 420 0 0 0 0 0 1.0008 0 -0.0833 0.0569 0.222 0.3232 2.2326 0.9287 0.1916 0.3893 0.6207 12.9617 0.6707 -0.0469 0.5622 0.7206 4.1421 -0.0331 0.0331 0.6866 0 0
61 173 419 1 0 0 0 0 1.0002 0 -0.739 0.0753 0.4302 0.5645 3.7591 0.9221 0.146 0.4985 0.6487 8.0727 0.5536 0.0259 0.638 0.8057 4.1491 -0.1832 0.1832 0.805 1 0
61 174 366 0 0 0 0 0 1.0003 0 0.0371 0.2238 0.4803 0.6463 2.7794 0.9082 0.0071 0.5019 0.67 7.8142 0.7016 -0.0558 0.5962 0.7801 4.2563 -0.0204 0.0204 0.6907 0 0
61 175 443 2 0 0 0 0 1.0008 0 -0.1883 -0.2073 0.4568 0.5143 2.1339 0.961 -0.1214 0.6798 0.9547 14.1044 0.6417 -0.3301 0.6275 0.8201 4.2919 0.1092 0.1092 0.6881 1 0
61 176 440 2 0 0 0 0 1.0006 0 0.8188 0.1924 0.3065 0.4253 3.1398 0.9634 0.0411 0.3303 0.3918 4.0904 0.7032 0.086 0.5371 0.7044 4.199 -0.2218 0.2218 0.7966 1 0
61 177 434 4 0 0 0 0 1.0002 0 0.9094 -0.2408 0.2408 0.2932 1.5645 0.9744 -0.0369 0.2926 0.3623 4.082 0.7701 0.0512 0.4608 0.6615 4.2564 0.1209 0.1209 0.6737 1 0
61 178 405 3 0 0 0 0 1.0003 0 0.9247 -0.0169 0.1441 0.1695 1.7802 0.9723 0.0898 0.3194 0.4372 7.2832 0.741 0.1665 0.6984 0.8515 4.5606 0.2423 0.2423 0.6203 1 0
61 179 415 0 0 0 0 0 1.0004 0 0.0783 -0.0312 0.2223 0.3253 1.9629 0.9164 -0.0381 0.4615 0.8363 14.5573 0.5696 -0.0179 0.6281 0.8308 4.525 -0.3042 0.3042 0.8682 0 0
61 180 437 36 0 0 0 0 1.0004 0 0.6745 -0.167 0.2099 0.2468 1.4932 0.9355 0.4092 0.5221 0.9116 15.3163 0.6846 0.0214 0.6807 0.8346 4.4842 0.255 0.255 0.7023 1 0
61 181 548 521 0 0 0 0 1.0015 0 0.9196 -0.1307 0.1638 0.169 2.2742 0.9423 -0.0313 0.5569 0.7433 9.1441 0.5606 -0.1489 0.695 0.8382 4.7186 0.1224 0.1224 0.9816 1 0
61 182 440 1 0 0 0 0 1.0008 0 0.9371 -0.2508 0.2748 0.2973 2.1257 0.9587 0.2134 0.8768 1.2395 17.6834 0.5829 -0.0577 0.5966 0.7422 4.3201 -0.1414 0.1414 0.9578 1 0
61 183 421 122 0 0 0 0 1.0004 0 0.3708 -0.1761 0.2091 0.325 1.7129 0.9743 -0.1423 0.4735 0.7271 12.8395 0.6075 0.0891 0.5806 0.751 4.8137 0.0112 0.0112 0.9678 1 0
61 184 398 30 0 0 0 0 1.0005 0 0.3862 0.1325 0.5393 0.5839 2.7882 0.9072 -0.1049 0.3638 0.4906 6.0806 0.6511 0.0459 0.6285 0.832 5.455 -0.3846 0.3846 1.159 1 0
61 185 442 5 0 0 0 0 1.0003 0 0.1462 -0.079 0.2255 0.2837 1.7064 0.9545 -0.3647 0.485 0.5811 6.179 0.6896 -0.2443 0.6191 0.7612 4.253 0.0879 0.0879 0.6856 1 0
61 186 432 0 0 0 0 0 1.0006 0 0.4663 -0.0081 0.1664 0.2162 2.475 0.9622 -0.198 0.3314 0.4187 5.9678 0.6051 -0.1276 0.654 0.846 4.2301 0.0367 0.0367 0.7087 0 0
61 187 455 2 0 0 0 0 1.0004 0 0.28 -0.0584 0.3647 0.3754 2.0516 0.936 -0.1097 0.3854 0.7118 14.2579 0.6751 0.0163 0.5671 0.7658 4.2767 -0.0767 0.0767 0.7448 1 0
61 188 385 0 0 0 0 0 1.0002 0 0.5701 0.0638 0.1265 0.1613 1.9114 0.9614 -0.2097 0.3051 0.4165 7.035 0.6126 -0.0873 0.7192 0.8773 4.5694 -0.2775 0.2775 0.8715 0 0
61 189 409 1 0 0 0 0 1.0004 0 -0.3202 0.0949 0.3036 0.3436 1.9483 0.9021 0.0553 0.334 0.4829 8.6229 0.5731 -0.0711 0.6673 0.8807 4.4288 -0.1518 0.1518 0.9142 1 0
61 190 482 1 0 0 0 0 1.0005 0 0.075 -0.0225 0.2759 0.2952 1.5974 0.9835 -0.3718 0.3854 0.4549 5.2224 0.79 -0.1048 0.4986 0.6138 4.2065 0.1172 0.1172 0.6298 1 0
61 191 401 2 0 0 0 0 1.0005 0 0.7788 -0.3238 0.3238 0.3958 1.8212 0.973 -0.3257 0.8265 1.2618 18.4721 0.7207 -0.1075 0.5866 0.7777 4.5459 -0.1241 0.1241 0.8889 1 0
61 192 995 243 0 0 0 0 1.0009 0 0.3655 0.0123 0.2992 0.3275 2.1452 0.9484 0.6693 0.6813 0.7838 7.1033 0.7023 0.5981 0.7973 0.985 4.5277 0.1909 0.1909 0.8405 1 0
61 193 465 1 0 0 0 0 1.0005 0 0.6829 -0.1046 0.2924 0.355 2.1421 0.9638 0.0629 0.5723 0.8231 13.6375 0.7679 -0.1393 0.5816 0.7257 4.2788 0.0652 0.0652 0.6016 1 0
61 194 451 2 0 0 0 0 1.0006 0 0.8318 0.0047 0.1697 0.2279 2.0073 0.9326 -0.3111 0.4481 0.7462 14.681 0.6625 -0.2168 0.6579 0.8596 4.2274 -0.5236 0.5236 0.7263 1 0
61 195 375 0 0 0 0 0 1.0005 0 0.2522 -0.2341 0.3044 0.4214 2.504 0.992 0.3096 0.7935 1.1176 16.1496 0.5496 -0.0746 0.5923 0.7242 4.1056 -0.3261 0.3261 0.8362 0 0
61 196 411 11 0 0 0 0 1.0009 0 0.0067 -0.1969 0.2898 0.3585 2.068 0.9753 0.3878 0.6804 0.9442 13.1163 0.7144 0.1615 0.5269 0.6873 4.1388 -0.1558 0.1558 0.8728 1 0
61 197 420 25 0 0 0 0 1.0006 0 0.154 -0.0703 0.1958 0.3035 1.9664 0.8831 0.4159 0.5354 1.2482 22.407 0.6287 -0.1899 0.6429 0.7723 4.2716 0.0624 0.0624 0.8939 1 0
61 198 429 12 0 0 0 0 1.0002 0 0.0744 -0.0416 0.2345 0.2852 1.7569 0.9552 0.1377 0.3778 0.4412 6.299 0.7234 0.3334 0.6357 0.8303 4.2466 -0.0383 0.0383 0.7903 1 0
61 199 426 10 0 0 0 0 1.0005 0 0.7543 -0.2053 0.2376 0.2749 1.7395 0.9621 0.416 0.7478 1.0254 14.8621 0.5749 0.1212 0.6163 0.7826 4.5845 -0.3157 0.3157 1.0057 1 0
61 200 410 51 0 0 0 0 1.0013 0 0.1776 -0.1314 0.2526 0.2906 1.9469 0.9626 -0.0998 0.3752 0.5229 9.6116 0.6532 0.0069 0.5771 0.7444 4.2566 0.0606 0.0606 0.9124 1 0
61 201 392 0 0 0 0 0 1.0004 0 0.5803 0.2822 0.2983 0.3762 1.8917 0.972 -0.097 0.2033 0.2487 3.2268 0.6899 -0.1287 0.5424 0.7482 4.2992 -0.2936 0.2936 0.6204 0 0
61 202 427 6 0 0 0 0 1.001 0 0.7033 0.0565 0.149 0.1859 1.8487 0.9775 0.0634 0.2796 0.3368 8.4652 0.6893 0.2869 0.6023 0.7292 4.4545 -0.1846 0.1846 0.8277 1 0
61 203 577 17 0 0 0 0 1.0003 0 0.453 -0.1239 0.4342 0.4466 1.8073 0.8615 -0.1306 0.8283 1.1519 15.5291 0.7239 -0.04 0.539 0.7168 4.5943 0.1938 0.1938 0.6785 1 0
61 204 404 0 0 0 0 0 1.0003 0 -0.102 -0.1878 0.3301 0.3797 1.7214 0.9588 0.2428 0.4513 0.5877 5.2984 0.688 0.1867 0.555 0.7386 4.1224 -0.1843 0.1843 0.6784 0 0
61 205 431 55 0 0 0 0 1.0017 0 -0.6607 -0.1719 0.4781 0.5032 1.9546 0.9152 0.0874 0.6762 0.9065 10.3962 0.6691 0.1308 0.6162 0.7844 4.5878 -0.0508 0.0508 1.0763 1 0
61 206 434 0 0 0 0 0 1.0007 0 -0.3069 0.2493 0.5286 0.5837 1.9158 0.9654 -0.325 0.3684 0.494 7.2397 0.7195 0.0207 0.589 0.7798 4.075 -0.2656 0.2656 0.5749 0 0
61 207 412 0 0 0 0 0 1.0005 0 0.4431 0.1297 0.2043 0.2481 1.8126 0.9416 -0.1074 0.3506 0.5222 6.7409 0.6691 0.0898 0.5756 0.7757 4.236 -0.058 0.058 0.743 0 0
61 208 405 0 0 0 0 0 1.0006 0 0.343 0.135 0.3594 0.4118 2.1584 0.9465 -0.0567 0.3897 0.515 11.0416 0.7436 -0.1903 0.569 0.7169 4.3867 -0.0656 0.0656 0.73 0 0
61 209 436 15 0 0 0 0 1.0003 0 0.3542 -0.3685 0.4168 0.553 1.5896 0.9876 -0.0205 0.398 0.467 8.6596 0.7727 0.1613 0.5043 0.612 4.2038 -0.0084 0.0084 0.7337 1 0
61 210 440 4 0 0 0 0 1.0006 0 0.6786 0.1151 0.1829 0.2417 2.0671 0.9454 0.1664 0.4226 0.5221 5.8622 0.6469 0.1602 0.548 0.7469 4.3197 -0.0629 0.0629 0.8112 1 0
61 211 418 0 0 0 0 0 1.0003 0 -0.7395 0.0879 0.3818 0.4733 2.1633 0.9322 -0.0315 0.2883 0.3598 3.0923 0.5897 0.0797 0.6324 0.8418 4.3203 -0.2955 0.2955 0.8171 0 0
61 212 416 1 0 0 0 0 1.0003 0 0.5952 -0.2593 0.331 0.3477 2.1524 0.9173 0.1941 0.9483 1.4427 16.558 0.6125 0.0717 0.5993 0.797 4.2638 -0.0314 0.0314 0.8529 1 0
61 213 407 14 0 0 0 0 1.0005 0 0.188 -0.0408 0.2817 0.3329 2.1958 0.9667 -0.2168 0.389 0.5056 7.9396 0.6836 -0.0784 0.5253 0.7212 4.7733 -0.1885 0.1885 1.0164 1 0
61 214 422 0 0 0 0 0 1.0003 0 0.2992 -0.0559 0.359 0.3847 2.0585 0.8455 -0.1946 0.713 1.1809 16.6694 0.6437 -0.1529 0.5719 0.7341 4.3026 -0.1659 0.1659 0.8171 0 0
61 215 435 41 0 0 0 0 1.0011 0 0.1763 -0.0888 0.2842 0.3147 1.743 0.8484 0.5302 0.6326 1.1552 11.9543 0.6766 0.2302 0.6207 0.795 4.7003 0.262 0.262 0.6788 1 0
61 216 436 287 0 0 0 0 1.0011 0 0.2513 -0.2746 0.3625 0.3939 2.0321 0.9552 0.0432 0.9441 1.3497 20.5461 0.6831 -0.0912 0.6109 0.7407 4.5486 0.1958 0.1958 0.8948 1 0
61 217 423 19 0 0 0 0 1.0007 0 0.6843 -0.2992 0.3083 0.3626 1.5545 0.8855 -0.2129 0.7592 1.2871 19.1723 0.6799 0.0904 0.5483 0.7466 4.4554 0.2724 0.2724 0.5852 1 0
61 218 391 1 0 0 0 0 1.0003 0 0.8574 -0.1303 0.2051 0.2464 1.7033 0.9793 -0.1415 0.2599 0.3169 4.4709 0.6421 -0.1991 0.6671 0.8716 4.2114 -0.2197 0.2197 0.8594 1 0
61 219 440 0 0 0 0 0 1.0003 0 0.0408 0.2871 0.4805 0.569 2.1855 0.9172 -0.1815 0.38 0.4985 5.8668 0.6839 -0.128 0.6277 0.795 4.1728 -0.122 0.122 0.7076 0 0
61 220 448 0 0 0 0 0 1.0004 0 -0.0879 -0.1117 0.4025 0.4742 2.3774 0.9666 0.1843 0.4983 0.671 8.7985 0.6905 -0.0722 0.5216 0.6553 4.1936 -0.2035 0.2035 0.7515 0 0
61 221 426 0 0 0 0 0 1.0003 0 0.9424 -0.2875 0.2875 0.3039 1.7118 0.9657 0.1829 0.3594 0.502 7.2489 0.673 0.2277 0.6077 0.7749 4.2087 0.061 0.061 0.6744 0 0
61 222 414 0 0 0 0 0 1.0002 0 0.6933 -0.2213 0.2391 0.3293 1.8938 0.9252 -0.0826 0.8112 1.2085 17.1677 0.5094 0.212 0.6195 0.8455 4.0703 -0.1534 0.1534 0.7385 0 0
61 223 427 44 0 0 0 0 1.0007 0 0.7016 -0.1367 0.2061 0.2391 1.6868 0.8907 0.1274 0.6043 1.0252 18.9151 0.7638 -0.1994 0.4998 0.6414 4.267 -0.1311 0.1311 0.985 1 0
61 224 428 85 0 0 0 0 1.0004 0 0.4495 0.167 0.2974 0.3052 1.8284 0.9753 -0.3406 0.3608 0.4483 3.2255 0.7462 -0.1266 0.5626 0.724 4.4004 0.0548 0.0548 0.7904 1 0
61 225 423 42 0 0 0 0 1.0007 0 0.6203 -0.2426 0.2648 0.365 1.644 0.9659 0.1212 0.6594 1.0219 13.8123 0.7342 -0.012 0.5825 0.7159 4.6233 0.1495 0.1495 0.7579 1 0
61 226 428 4 0 0 0 0 1.0006 0 0.717 -0.1126 0.143 0.2042 1.7091 0.9812 -0.0831 0.348 0.4728 7.9726 0.7375 -0.0586 0.4883 0.6724 4.2893 0.0617 0.0617 0.7702 1 0
61 227 433 0 0 0 0 0 1.0009 0 0.7959 0.1783 0.1936 0.2546 1.781 0.9627 -0.0387 0.2338 0.3173 2.9434 0.7613 -0.0808 0.5046 0.7861 4.1514 -0.0054 0.0054 0.6285 0 0
61 228 461 0 0 0 0 0 1.0007 0 0.9498 0.1637 0.2757 0.3524 2.4263 0.9659 -0.0417 0.2699 0.327 5.706 0.7434 0.0765 0.4933 0.6605 4.1187 -0.139 0.139 0.5656 0 0
61 229 796 453 0 0 0 0 1.0007 0 0.8342 -0.1031 0.1433 0.1786 1.744 0.962 0.5341 0.6315 0.7603 10.2168 0.6978 0.5511 0.7985 0.9815 4.8083 0.4952 0.4952 0.4845 1 0
61 230 448 0 0 0 0 0 1.0007 0 -0.2291 -0.1059 0.3044 0.3679 2.0104 0.9552 0.1578 0.5472 0.7476 10.0304 0.6088 0.0773 0.5881 0.7516 4.2057 -0.2869 0.2869 0.8026 0 0
61 231 440 0 0 0 0 0 1.0004 0 0.3791 0.152 0.2211 0.2457 1.7204 0.9751 -0.2265 0.3829 0.4519 3.1651 0.7795 0.0589 0.5141 0.6475 4.2703 0.0745 0.0745 0.6171 0 0
61 232 434 5 0 0 0 0 1.0007 0 0.4682 -0.1694 0.2263 0.2737 1.8673 0.9847 0.0725 0.4916 0.5886 8.903 0.6927 0.0093 0.5417 0.6967 4.353 0.1818 0.1818 0.6296 1 0
61 233 348 1 0 0 0 0 1.0004 0 0.8271 -0.2464 0.2587 0.3073 2.1577 0.9268 -0.4839 0.6812 1.0044 13.3927 0.6898 -0.251 0.6096 0.7801 4.3098 -0.0901 0.0901 0.8259 1 0
61 234 432 0 0 0 0 0 1.0002 0 0.7798 -0.0168 0.1701 0.2452 1.9653 0.9209 0.1299 0.3757 0.6136 7.9259 0.6739 0.1468 0.5604 0.736 4.0682 -0.1885 0.1885 0.6173 0 0
61 235 403 1 0 0 0 0 1.0006 0 0.5317 -0.0986 0.1648 0.2084 1.7737 0.976 -0.0035 0.2961 0.3746 7.0607 0.5907 -0.0794 0.6422 0.8456 4.6 -0.2293 0.2293 0.9862 1 0
61 236 396 1 0 0 0 0 1.0005 0 0.8102 0.0242 0.1701 0.2363 2.2368 0.9605 -0.1916 0.3084 0.3594 6.8895 0.7428 -0.1199 0.6005 0.7693 4.2344 -0.2662 0.2662 0.855 1 0
61 237 414 19 0 0 0 0 1.0003 0 0.0758 -0.3145 0.3504 0.4514 1.9457 0.9342 0.7214 1.4594 2.3405 29.104 0.538 0.201 0.6011 0.7652 4.7649 -0.393 0.393 1.0707 1 0
61 238 419 0 0 0 0 0 1.0002 0 0.5429 -0.1508 0.2897 0.35 2.0532 0.9869 0.1444 0.6622 0.9487 16.4271 0.7075 0.1924 0.6162 0.7785 4.2719 0.0021 0.0021 0.7908 0 0
61 239 431 0 0 0 0 0 1.0002 0 -0.0639 0.0192 0.5449 0.7598 3.5545 0.9569 0.1356 0.3703 0.564 8.1483 0.7333 0.0734 0.5325 0.7143 4.2159 -0.1664 0.1664 0.6978 0 0
61 240 397 0 0 0 0 0 1.0003 0 0.8622 -0.2336 0.2336 0.2836 1.7837 0.9769 0.3091 0.7061 0.8851 12.267 0.6091 -0.1597 0.5778 0.7664 4.272 -0.1567 0.1567 0.8679 0 0
61 241 406 0 0 0 0 0 1.0004 0 0.7985 -0.1806 0.2055 0.2514 2.1046 0.8526 0.3942 0.7033 1.3342 20.8472 0.6898 0.0828 0.5344 0.6777 4.2044 -0.0263 0.0263 0.8212 0 0
61 242 929 2011 0 0 0 0 1.0035 0 -0.4005 -0.3597 0.4976 0.533 2.586 0.8724 -0.5759 0.9889 1.4987 20.5184 0.6564 0.3736 0.5985 0.7767 6.7845 0.2284 0.2284 1.155 1 0
61 243 425 1 0 0 0 0 1.0012 0 -0.4998 -0.0786 0.2877 0.3053 1.8033 0.9629 0.0896 0.4348 0.6312 9.608 0.6651 0.0501 0.5285 0.6983 4.2099 -0.0173 0.0173 0.8286 1 0
61 244 449 0 0 0 0 0 1.0005 0 0.803 -0.0113 0.3294 0.3417 2.2087 0.9142 -0.1322 0.6924 0.9561 11.953 0.5966 -0.2274 0.6651 0.8316 4.0849 -0.1155 0.1155 0.6928 0 0
61 245 710 654 0 0 0 0 1.004 0 0.5194 -0.0945 0.3084 0.3727 2.4446 0.8971 0.388 0.595 0.6774 5.8251 0.7505 0.4608 0.6622 0.8479 5.1386 0.3221 0.3221 0.7697 1 0
61 246 646 1700 0 0 74 54 1.082 81 0.7378 -0.214 0.214 0.2922 1.9783 0.9227 0.2238 0.5067 0.6327 7.4022 0.6916 0.3365 0.6348 0.7608 4.5771 0.3097 0.3097 0.7897 1 1
61 247 413 2 0 0 0 0 1.001 0 -0.0483 0.2113 0.5636 0.75 4.4225 0.9591 -0.0876 0.4089 0.4987 9.1807 0.6838 -0.0129 0.5909 0.7185 4.4202 -0.0468 0.0468 0.7807 1 0
61 248 404 1 0 0 0 0 1.0006 0 0.0083 0.0161 0.2933 0.3484 2.1078 0.9448 0.0733 0.3699 0.4747 7.3004 0.6922 0.0765 0.5987 0.7353 4.3078 0.1613 0.1613 0.598 1 0
61 249 431 2 0 0 0 0 1.001 0 0.2063 -0.0487 0.2434 0.3234 1.9018 0.8845 0.1594 0.4123 0.7302 10.1699 0.6485 0.0916 0.5554 0.7091 4.6813 -0.2823 0.2823 1.0513 1 0
61 250 777 807 0 0 0 0 1.0017 0 0.6872 -0.2608 0.3182 0.372 2.0047 0.935 0.2301 0.6262 0.8578 10.1942 0.5658 0.3768 0.7469 0.9442 5.702 0.312 0.312 0.8619 1 0
61 251 371 37 0 0 0 0 1.0018 0 0.219 -0.0928 0.2529 0.3018 1.9956 0.9336 -0.0177 0.5117 0.6708 11.4587 0.6076 -0.1386 0.6181 0.8127 5.021 -0.1517 0.1517 1.1508 1 0
61 252 425 2 0 0 0 0 1.0005 0 0.1233 -0.1439 0.3463 0.3978 2.9528 0.9538 0.3903 1.0641 1.6261 25.6958 0.5996 0.128 0.5963 0.7359 4.5538 -0.2006 0.2006 0.8837 1 0
61 253 405 1 0 0 0 0 1.0003 0 0.7586 -0.1818 0.1978 0.2656 1.8422 0.8654 -0.189 0.619 1.1481 15.8723 0.7192 -0.0346 0.5227 0.6902 4.4403 -0.0976 0.0976 1.001 1 0
61 254 375 0 0 0 0 0 1.0003 0 0.0908 -0.1322 0.281 0.3449 2.2845 0.8736 -0.0774 0.725 1.0207 11.6358 0.5806 -0.2042 0.6617 0.8008 4.2516 -0.4684 0.4684 0.8125 0 0
61 255 451 1 0 0 0 0 1.0002 0 0.9711 -0.069 0.1149 0.1469 1.9206 0.9875 -0.1939 0.2272 0.3 6.1297 0.8179 -0.0411 0.5181 0.6894 4.3797 -0.1002 0.1002 0.8088 1 0
61 256 412 0 0 0 0 0 1.0003 0 0.8557 -0.3588 0.3588 0.3877 1.8902 0.9774 0.3456 0.7037 1.0522 16.9296 0.5729 0.1719 0.5639 0.8289 4.1956 -0.0773 0.0773 0.7652 0 0
61 257 448 104 0 0 0 0 1.0011 0 0.9304 0.0568 0.1053 0.1138 1.7287 0.9611 -0.2106 0.344 0.4206 6.0608 0.6045 -0.1515 0.6941 0.8557 4.4523 0.0902 0.0902 0.8188 1 0
61 258 428 8 0 0 0 0 1.0005 0 0.547 -0.1109 0.1839 0.2514 1.9136 0.9683 0 0.3033 0.4023 4.9959 0.7711 0.0285 0.5359 0.662 4.3089 0.1311 0.1311 0.6681 1 0
61 259 398 0 0 0 0 0 1.0003 0 0.2302 0.0772 0.4078 0.4925 2.2402 0.8875 0.3417 0.8025 1.4413 21.6503 0.7358 -0.0262 0.5744 0.7106 4.0667 -0.1409 0.1409 0.6768 0 0
61 260 473 1 0 0 0 0 1.0004 0 0.8718 -0.0637 0.2368 0.296 1.8783 0.9209 0.1533 0.6375 1.0918 15.0505 0.8397 0.0673 0.4504 0.5823 4.3129 0.1792 0.1792 0.5872 1 0
61 261 461 0 0 0 0 0 1.0002 0 0.1796 0.0973 0.2457 0.3729 2.7844 0.9342 0.0967 0.4295 0.6311 12.2594 0.7325 -0.0059 0.5506 0.7325 4.1581 0.0424 0.0424 0.6533 0 0
61 262 444 10 0 0 0 0 1.0001 0 0.8299 -0.2472 0.2579 0.3062 2.0774 0.938 -0.1597 0.5568 0.7971 11.0639 0.738 -0.0401 0.4939 0.6279 4.2885 -0.0651 0.0651 0.8936 1 0
61 263 392 0 0 0 0 0 1.0004 0 0.6142 0.1152 0.2912 0.4534 3.0425 0.9709 -0.0513 0.2975 0.3672 6.7582 0.6062 -0.0323 0.6537 0.8276 4.3767 -0.1081 0.1081 0.8161 0 0
61 264 478 2 0 0 0 0 1.001 0 0.1962 0.0335 0.4315 0.4869 2.1858 0.8854 -0.2407 0.568 0.6743 6.7633 0.6671 -0.2118 0.6479 0.7794 4.5261 0.0677 0.0677 0.7319 1 0
61 265 436 0 0 0 0 0 1.0005 0 0.1503 -0.2154 0.4447 0.4767 2.8487 0.9098 0.1493 0.9106 1.4045 19.0079 0.675 0.1214 0.5623 0.7211 4.3509 -0.2364 0.2364 0.8547 0 0
61 266 436 1 0 0 0 0 1.0006 0 0.239 0.1803 0.4416 0.5738 2.4857 0.8817 -0.0637 0.7321 0.9437 13.5023 0.6907 -0.1821 0.6184 0.7584 4.1738 -0.0248 0.0248 0.7665 1 0
61 267 418 15 0 0 0 0 1.0004 0 0.6173 -0.1882 0.2576 0.3287 1.853 0.9327 0.0398 0.6323 0.8696 12.9372 0.6917 -0.2119 0.5784 0.7242 4.1707 -0.0139 0.0139 0.809 1 0
61 268 425 2 0 0 0 0 1.0003 0 0.9258 -0.3194 0.3194 0.3496 2.1957 0.9461 0.1987 0.6449 1.1326 17.9545 0.7527 0.2327 0.5736 0.7081 4.1568 -0.1126 0.1126 0.7497 1 0
61 269 439 0 0 0 0 0 1.0004 0 -0.6979 -0.0682 0.3489 0.4378 2.1553 0.9557 -0.2044 0.3573 0.4708 6.4585 0.6963 -0.0601 0.5232 0.697 4.3107 -0.4966 0.4966 0.7135 0 0
61 270 460 1 0 0 0 0 1.0002 0 -0.007 -0.0972 0.3361 0.3676 1.6379 0.9185 -0.1179 0.4176 0.6399 8.3718 0.6637 -0.0377 0.5431 0.6873 4.2197 0.0373 0.0373 0.7004 1 0
61 271 560 117 0 0 0 0 1.0008 0 0.824 -0.0374 0.2181 0.2427 1.6582 0.982 0.3246 0.3652 0.4117 4.7213 0.7185 0.1997 0.5466 0.6918 4.4163 0.2537 0.2537 0.6364 1 0
61 272 447 667 0 0 0 45 1.0183 11 0.9401 -0.1605 0.1605 0.1704 1.7007 0.9857 0.1687 0.3494 0.4678 8.0372 0.7407 0.3287 0.5728 0.697 4.6655 0.043 0.043 0.9878 1 1
61 273 1357 898 0 0 0 0 1.0058 0 -0.0166 -0.3353 0.4957 0.6284 2.0783 0.9586 -0.4281 1.2997 1.82 23.3408 0.5968 -0.4342 0.7664 0.9741 5.2719 0.3997 0.3997 0.6695 1 0
61 274 442 0 0 0 0 0 1.0008 0 0.5518 -0.1648 0.2742 0.2851 2.2021 0.9392 -0.0049 0.5328 0.7653 11.6198 0.7503 -0.079 0.4948 0.6629 4.0361 -0.1592 0.1592 0.7465 0 0
61 275 895 154 0 0 0 0 1.0004 0 -0.3689 -0.058 0.2876 0.3471 1.4014 0.9626 0.0557 0.4945 0.6317 10.4103 0.758 0.2982 0.6956 0.8659 4.5232 0.4942 0.4942 0.4168 1 0
61 276 395 0 0 0 0 0 1.0005 0 0.0539 -7e-04 0.4285 0.5025 2.0305 0.9112 -0.5195 0.6343 1.0441 16.5127 0.6805 -0.1048 0.5873 0.7292 4.0858 -0.1296 0.1296 0.6458 0 0
61 277 435 0 0 0 0 0 1.0003 0 0.5039 0.0298 0.2645 0.3157 2.1327 0.9074 0.1254 0.4307 0.7822 13.7229 0.7432 -0.0299 0.6092 0.7547 4.2915 0.1407 0.1407 0.6331 0 0
61 278 429 0 0 0 0 0 1.0003 0 0.5369 -0.1059 0.242 0.273 2.2224 0.9719 0.2325 0.3649 0.5182 10.8828 0.6536 -0.0788 0.5941 0.7671 4.2756 -0.2298 0.2298 0.7067 0 0
61 279 423 66 0 0 0 0 1.0007 0 0.2503 -0.1258 0.3223 0.4043 1.6586 0.9033 -0.1321 0.5392 0.6895 11.0748 0.7286 -0.1928 0.5346 0.6924 4.5504 0.1055 0.1055 0.8062 1 0
61 280 452 0 0 0 0 0 1.0011 0 0.4214 -0.0414 0.2545 0.3315 1.8365 0.946 -0.1129 0.4123 0.4745 9.6419 0.7315 -0.215 0.5677 0.7293 4.1062 -0.0523 0.0523 0.6943 0 0
61 281 383 7 0 0 0 0 1.0005 0 0.0636 -0.2487 0.313 0.3964 1.9809 0.9386 0.0645 1.1969 1.6803 19.6895 0.4921 -0.0963 0.5739 0.8178 4.5089 -0.0277 0.0277 0.9328 1 0
61 282 409 1 0 0 0 0 1.0002 0 0.1191 0.1177 0.3446 0.3861 1.7735 0.929 -0.445 0.5556 0.6926 8.668 0.7426 -0.1945 0.6084 0.7951 4.4562 0.1401 0.1401 0.6758 1 0
61 283 454 0 0 0 0 0 1.0003 0 0.6262 0.0316 0.2112 0.3249 2.0351 0.9499 -0.1649 0.3515 0.501 6.7908 0.6336 0.0033 0.6419 0.855 4.352 0.0378 0.0378 0.7428 0 0
61 284 418 0 0 0 0 0 1.0005 0 0.7735 0.1108 0.171 0.2145 1.9227 0.9701 0.1971 0.2853 0.4156 7.0523 0.7174 0.116 0.622 0.7705 4.1881 -0.1378 0.1378 0.7409 0 0
61 285 462 4 0 0 0 0 1.0008 0 -0.1012 -0.0917 0.2448 0.3024 1.6145 0.961 -0.1476 0.4194 0.4775 5.3023 0.7736 -0.1552 0.4968 0.6246 4.1935 0.214 0.214 0.5973 1 0
61 286 816 708 0 0 0 0 1.0012 0 0.5456 -0.1816 0.3996 0.4639 2.7155 0.9467 0.6689 0.7644 0.892 6.9934 0.6567 0.7842 0.9155 1.1187 4.8065 0.4399 0.4399 0.5916 1 0
61 287 439 0 0 0 0 0 1.0004 0 0.203 0.1139 0.32 0.3529 2.0107 0.9415 -0.0726 0.3802 0.4998 6.248 0.7013 -0.03 0.5999 0.7215 4.291 0.0852 0.0852 0.6751 0 0
61 288 434 0 0 0 0 0 1.0003 0 0.0504 -0.0019 0.2602 0.2759 1.9012 0.8935 0.2853 0.5162 0.6198 5.6114 0.6473 -0.0894 0.6209 0.7841 4.1804 -0.5021 0.5021 0.7516 0 0
61 289 423 5 0 0 0 0 1.0004 0 -0.2404 -0.149 0.3437 0.3881 2.2513 0.9253 0.0266 0.6194 0.8761 12.2764 0.7336 -0.2323 0.5242 0.6805 4.2078 -0.1406 0.1406 0.8874 1 0
61 290 609 161 0 0 0 0 1.0007 0 -0.0961 -0.4017 0.4142 0.5346 1.9671 0.919 0.5644 1.0107 1.332 12.1613 0.6241 0.377 0.6523 0.8609 4.8239 0.3486 0.3486 0.5874 1 0
61 291 408 0 0 0 0 0 1.0005 0 -0.1013 0.0354 0.3538 0.3922 2.0138 0.9485 -0.6142 0.6636 1.0689 16.2023 0.6024 -0.0108 0.6041 0.7468 4.1147 -0.1195 0.1195 0.6914 0 0
61 292 368 0 0 0 0 0 1.0003 0 0.1964 -0.1648 0.2308 0.3108 1.8519 0.9696 0.2147 0.42 0.5276 8.8304 0.5759 0.0865 0.654 0.8367 4.1276 -0.2706 0.2706 0.7284 0 0
61 293 384 154 0 0 0 0 1.0008 0 0.3394 0.0182 0.2183 0.2958 2.2217 0.9209 0.3975 0.6304 1.0338 17.9342 0.6314 -0.0091 0.5589 0.7427 5.4004 -0.2098 0.2098 1.1032 1 0
61 294 440 0 0 0 0 0 1.0013 0 0.8213 0.1447 0.3523 0.3894 1.8997 0.9344 0.6866 0.7267 1.0534 16.0467 0.699 0.28 0.6598 0.8195 4.2383 -0.1907 0.1907 0.6857 0 0
61 295 411 13 0 0 0 0 1.0003 0 0.7452 -0.2425 0.2536 0.3043 1.4441 0.9807 -0.1125 0.3743 0.5146 7.1702 0.7425 -0.1806 0.5735 0.6858 4.4202 0.1906 0.1906 0.7334 1 0
61 296 445 0 0 0 0 0 1.0005 0 -0.08 0.0167 0.5906 0.7364 3.4582 0.9288 -0.049 0.4827 0.6793 8.7958 0.7904 -0.0142 0.5692 0.7165 4.2309 -0.1461 0.1461 0.7468 0 0
61 297 418 0 0 0 0 0 1.001 0 0.6255 0.0483 0.1931 0.2698 2.0267 0.9344 0.2097 0.4198 0.6152 8.1133 0.6576 0.1713 0.6496 0.8103 4.3632 -0.1234 0.1234 0.8562 0 0
61 298 420 3 0 0 0 0 1.0003 0 0.6828 0.187 0.2386 0.2587 2.1407 0.9794 -0.0115 0.2287 0.271 4.097 0.8164 -0.1253 0.5445 0.6415 4.255 -0.0087 0.0087 0.7054 1 0
61 299 404 40 0 0 0 0 1.0005 0 0.384 -0.196 0.2514 0.3116 1.6272 0.9751 0.0028 0.4794 0.6488 8.7541 0.5915 -0.1671 0.6306 0.802 4.3843 0.0658 0.0658 0.8823 1 0
61 300 429 2 0 0 0 0 1.0005 0 0.7044 -0.0493 0.1452 0.1528 1.7318 0.9498 0.0287 0.3585 0.4308 6.2794 0.7222 0.0826 0.5163 0.6489 4.2418 0.0558 0.0558 0.7805 1 0
61 301 414 0 0 0 0 0 1.0003 0 -0.3126 -0.0496 0.3818 0.4296 2.5505 0.9163 0.3559 0.7395 0.922 11.5547 0.6434 0.1196 0.6172 0.8245 4.3457 -0.1013 0.1013 0.7892 0 0
61 302 387 22 0 0 0 0 1.0002 0 0.6228 0.0869 0.2885 0.3838 2.2717 0.9593 -0.7936 0.8344 1.4525 24.2896 0.6159 -0.1984 0.6191 0.8803 5.0912 -0.0023 0.0023 0.9667 1 0
61 303 429 2 0 0 0 0 1.0005 0 0.8141 -0.091 0.1705 0.2275 1.7987 0.9587 0.0901 0.306 0.3563 4.9879 0.7278 0.3063 0.5652 0.7546 4.3738 -0.3414 0.3414 0.8742 1 0
61 304 438 1 0 0 0 0 1.0005 0 0.1404 -0.3024 0.3894 0.4662 1.868 0.9019 0.421 1.1733 1.6805 19.6264 0.666 0.2594 0.5875 0.7489 4.2488 -0.0305 0.0305 0.8203 1 0
61 305 465 5 0 0 0 0 1.0003 0 0.4285 -0.2093 0.3533 0.4085 1.6739 0.9004 0.1337 0.4591 0.6505 7.3235 0.7754 0.1684 0.486 0.6547 4.5123 0.2466 0.2466 0.5909 1 0
61 306 420 142 0 0 0 0 1.0014 0 0.2882 -0.2681 0.269 0.326 1.6011 0.9474 0.1956 0.841 1.0832 14.2107 0.5537 0.0569 0.6707 0.8758 4.5621 -0.0407 0.0407 1.0478 1 0
61 307 440 1 0 0 0 0 1.0008 0 -0.132 0.0302 0.4669 0.5234 2.5001 0.9609 0.1707 0.5934 0.8152 12.5118 0.6529 -0.1199 0.6411 0.8072 4.3136 0.1009 0.1009 0.6911 1 0
61 308 422 2 0 0 0 0 1.0008 0 -0.1843 -0.003 0.2797 0.3766 2.4803 0.9491 0.1846 0.4184 0.5967 9.4804 0.6891 0.1131 0.5897 0.7716 4.2029 -0.2109 0.2109 0.7844 1 0
61 309 425 0 0 0 0 0 1.0003 0 0.4304 0.0642 0.3264 0.3587 1.8808 0.827 -0.3036 0.588 1.0524 14.1152 0.6893 0.0944 0.5458 0.7099 4.1309 -0.1402 0.1402 0.6911 0 0
61 310 397 2 0 0 0 0 1.0005 0 0.2087 -0.3995 0.3995 0.4587 1.8629 0.9541 -0.2273 0.6924 1.0135 15.9834 0.6878 0.1113 0.6441 0.8296 4.4221 -0.2234 0.2234 0.9101 1 0
61 311 419 48 0 0 0 0 1.0006 0 -0.706 -0.402 0.4254 0.54 1.8332 0.9677 -0.043 1.7678 2.4207 26.6887 0.4924 -0.0953 0.5742 0.7691 5.2858 -0.427 0.427 1.2169 1 0
61 312 403 0 0 0 0 0 1.0005 0 -0.0621 0.2002 0.417 0.4869 2.2174 0.9513 -0.1632 0.3543 0.445 6.4583 0.6673 -0.0694 0.6227 0.7888 4.7053 -0.381 0.381 0.8911 0 0
61 313 342 1 0 0 0 0 1.0011 0 0.335 -0.112 0.2608 0.322 1.9368 0.855 0.8343 1.1606 1.9877 25.4196 0.6202 0.0668 0.5555 0.6978 4.2046 -0.1436 0.1436 0.8635 1 0
61 314 389 4 0 0 0 0 1.0005 0 0.9563 0.0413 0.1516 0.1949 2.0331 0.8814 -0.0492 0.4691 0.665 10.4388 0.7214 -0.0089 0.5577 0.7444 4.3548 0.0705 0.0705 0.7369 1 0
61 315 430 0 0 0 0 0 1.0005 0 -0.1156 0.3291 0.6718 0.8047 3.0732 0.9198 0.0687 0.4087 0.5553 9.6944 0.6882 0.1361 0.6585 0.8261 4.481 -0.0901 0.0901 0.6702 0 0
61 316 503 20 0 0 0 0 1.0006 0 0.1092 -0.0185 0.3109 0.3456 2.0294 0.868 -0.1881 0.7278 1.3488 22.5791 0.5508 0.2423 0.7117 0.9142 4.4023 -0.0249 0.0249 0.8404 1 0
61 317 421 4 0 0 0 0 1.0004 0 0.1131 -0.2528 0.4183 0.4711 1.9341 0.8921 0.1458 0.7169 1.0518 16.8234 0.6823 -0.2351 0.6152 0.7395 4.4033 -0.0458 0.0458 0.8533 1 0
61 318 409 1 0 0 0 0 1.001 0 0.8203 0.2804 0.2888 0.3681 1.905 0.9577 -0.4916 0.5108 0.5952 4.7779 0.8342 -0.1696 0.5675 0.6805 4.4073 0.037 0.037 0.7111 1 0
61 319 396 2 0 0 0 0 1.0002 0 0.8662 -0.0161 0.0939 0.1188 1.7975 0.9609 -0.0727 0.3033 0.3533 5.5412 0.6805 -0.0285 0.5409 0.7098 4.3902 0.0296 0.0296 0.7697 1 0
61 320 433 0 0 0 0 0 1.0002 0 0.3437 0.0445 0.318 0.3303 2.2277 0.9607 0.3894 0.5126 0.7035 9.6621 0.7103 -0.0691 0.5716 0.7242 4.2935 -0.1285 0.1285 0.6832 0 0
61 321 467 0 0 0 0 0 1.0003 0 0.8826 -0.0173 0.122 0.1639 1.7275 0.986 0.1029 0.2375 0.3133 5.5439 0.8375 0.0909 0.499 0.6131 4.1093 0.0032 0.0032 0.5798 0 0
61 322 429 1 0 0 0 0 1.0005 0 -0.6367 -0.3623 0.418 0.5297 2.0629 0.9563 -0.0336 1.1631 1.6193 20.72 0.6349 0.0537 0.5907 0.7415 4.1533 -0.0165 0.0165 0.8005 1 0
61 323 421 2 0 0 0 0 1.0006 0 -0.792 -0.1664 0.3927 0.4586 1.6485 0.9585 -0.207 0.3046 0.4238 4.5798 0.7324 -0.1806 0.637 0.7758 4.3365 0.1971 0.1971 0.5865 1 0
61 324 419 0 0 0 0 0 1.0005 0 0.8927 -0.205 0.205 0.2389 1.9939 0.9762 0.032 0.3175 0.4129 5.8338 0.7347 -0.0681 0.5362 0.7067 4.1639 -0.0604 0.0604 0.7257 0 0
61 325 431 0 0 0 0 0 1.0003 0 0.7437 -0.2771 0.2848 0.3479 1.7235 0.9457 0.0463 0.5194 0.778 14.4051 0.7395 -0.2329 0.5729 0.7365 4.0536 -0.1256 0.1256 0.6716 0 0
61 326 388 6 0 0 0 0 1.0004 0 0.599 0.0753 0.192 0.274 1.9497 0.9684 -0.228 0.4585 0.7234 16.2924 0.6992 -0.0489 0.5951 0.7503 4.2762 -0.0023 0.0023 0.8484 1 0
61 327 436 0 0 0 0 0 1.0002 0 0.499 -0.1351 0.2583 0.3095 2.014 0.9631 -0.4143 0.5114 0.7212 10.2006 0.6908 -0.2122 0.5919 0.7501 4.1876 -0.0707 0.0707 0.7258 0 0
61 328 441 1 0 0 0 0 1.0014 0 0.5443 0.2576 0.3338 0.4604 2.3703 0.9614 0.1318 0.2963 0.3795 4.8649 0.8521 0.049 0.48 0.6187 4.4091 0.0029 0.0029 0.7156 1 0
61 329 449 0 0 0 0 0 1.0008 0 0.7223 0.2399 0.2898 0.3363 1.7581 0.9893 0.0743 0.1882 0.2272 3.787 0.7748 0.078 0.5299 0.7142 4.1028 -0.0366 0.0366 0.5825 0 0
61 330 436 0 0 0 0 0 1.0004 0 0.9136 -0.0455 0.1907 0.2368 2.0643 0.916 -0.3819 0.6051 1.0698 16.3278 0.7785 -0.1343 0.4821 0.6487 4.0263 -0.1516 0.1516 0.599 0 0
61 331 419 8 0 0 0 0 1.0005 0 0.013 -0.1568 0.3578 0.4521 1.7552 0.9407 0.2249 0.6916 0.857 10.0466 0.5926 0.0535 0.6461 0.8075 4.2941 -0.082 0.082 0.9353 1 0
61 332 850 376 0 0 0 0 1.0005 0 0.2462 -0.2003 0.2879 0.3289 1.5005 0.8371 0.3858 0.8528 1.1874 11.6042 0.6905 -0.1535 0.6455 0.8587 5.2153 0.4693 0.4693 0.5502 1 0
61 333 470 1 0 0 0 0 1.0003 0 0.189 0.1202 0.1913 0.258 1.6241 0.9584 -0.0144 0.2602 0.3186 2.948 0.7351 0.0606 0.5554 0.6777 4.1929 0.1036 0.1036 0.6037 1 0
61 334 698 194 0 0 0 0 1.0005 0 0.302 -0.3739 0.4471 0.4874 1.7521 0.9222 0.0501 1.2137 1.6638 13.8097 0.6077 -0.0633 0.7389 0.9276 4.8566 0.4475 0.4475 0.5649 1 0
61 335 427 0 0 0 0 0 1.0007 0 0.4358 -0.0088 0.2478 0.3011 2.4672 0.9522 0.3078 0.4574 0.5957 8.1292 0.7223 0.0429 0.4805 0.6207 4.2335 -0.0604 0.0604 0.7383 0 0
61 336 551 280 0 0 0 0 1.0008 0 0.7022 -0.3114 0.3469 0.3946 2.033 0.9552 -0.1691 0.4994 0.879 16.8147 0.6919 -0.3731 0.6542 0.8204 4.8699 0.3072 0.3072 0.7311 1 0
61 337 419 3 0 0 0 0 1.0008 0 0.8847 -0.123 0.125 0.1953 1.7483 0.9617 -0.1243 0.4802 0.6207 8.1478 0.7447 -0.0425 0.5665 0.7142 4.3493 0.0783 0.0783 0.7355 1 0
61 338 479 187 0 0 0 0 1.0022 0 0.3601 -0.1804 0.2706 0.3737 1.5911 0.9317 -0.0787 0.3192 0.4364 4.2935 0.7504 0.0915 0.5585 0.7069 4.8149 0.2716 0.2716 0.6828 1 0
61 339 402 0 0 0 0 0 1.0002 0 -0.6536 0.0632 0.428 0.4858 2.6883 0.8962 -0.4336 0.6534 0.9914 15.5187 0.6357 -0.203 0.5568 0.7146 4.1953 -0.1896 0.1896 0.8083 0 0
61 340 2568 2384 0 0 0 0 1.0052 0 0.6184 -0.1548 0.2588 0.2896 2.7197 0.9547 -1.0485 1.2435 1.8105 19.6104 0.6611 -1.3499 1.372 1.548 5.9364 0.522 0.522 0.7726 1 0
61 341 414 0 0 0 0 0 1.0006 0 0.7646 -0.0015 0.2879 0.3186 1.9489 0.8773 0.0635 0.4717 0.7702 14.2184 0.7129 -0.0815 0.5457 0.7302 4.6128 -0.1057 0.1057 0.7475 0 0
61 342 440 11 0 0 0 0 1.0008 0 0.5809 -0.1665 0.267 0.3111 2.1617 0.9722 0.4848 1.4098 2.3588 37.0912 0.609 -0.0765 0.6231 0.7554 4.1191 -0.1781 0.1781 0.8347 1 0
61 343 420 47 0 0 0 0 1.0003 0 0.5161 -0.0729 0.2159 0.2528 1.4831 0.9742 -0.137 0.3067 0.361 3.7989 0.7114 0.0702 0.6264 0.8183 5.3176 0.3755 0.3755 0.5095 1 0
61 344 427 0 0 0 0 0 1.0004 0 0.2751 0.0562 0.2659 0.3746 2.7535 0.9484 0.0913 0.3722 0.5123 7.8458 0.683 0.0642 0.5997 0.7826 4.3338 -0.1707 0.1707 0.829 0 0
61 345 455 0 0 0 0 0 1.0009 0 0.8571 -0.0175 0.156 0.1761 1.748 0.9214 0.254 0.4812 0.6641 8.542 0.7468 0.0793 0.5032 0.6829 4.7197 0.1445 0.1445 0.7466 0 0
61 346 387 0 0 0 0 0 1.0006 0 0.1052 0.0844 0.172 0.2626 1.9799 0.9838 -0.0223 0.261 0.3197 5.2059 0.749 0.0891 0.5021 0.6584 4.4675 -0.0232 0.0232 0.7172 0 0
61 347 433 117 0 0 0 0 1.0007 0 0.7902 -0.4474 0.4474 0.4668 1.6639 0.9959 0.2177 1.206 1.4828 17.8163 0.6794 0.0095 0.5611 0.7386 5.1189 -0.2028 0.2028 1.069 1 0
61 348 447 0 0 0 0 0 1.0006 0 0.226 -0.0659 0.2226 0.2804 1.6914 0.977 0.013 0.293 0.3638 4.9756 0.7464 0.0593 0.4586 0.5657 4.2284 -0.3972 0.3972 0.7422 0 0
61 349 454 38 0 0 0 0 1.0016 0 -0.1889 0.0956 0.4235 0.4585 2.2004 0.9412 -0.3326 0.4813 0.6196 6.9441 0.6945 -0.2404 0.6734 0.825 4.8878 -0.0434 0.0434 0.9618 1 0
61 350 466 34 0 0 0 0 1.0004 0 0.5954 -0.1715 0.2268 0.2906 1.5379 0.9807 -0.0589 0.2919 0.3689 5.5376 0.7482 -0.0395 0.535 0.6716 4.5808 0.2429 0.2429 0.6762 1 0
61 351 428 131 0 0 0 0 1.0011 0 0.0411 -0.0448 0.4026 0.5048 2.9401 0.9379 -0.0263 0.5718 0.7886 13.1033 0.6472 -0.2315 0.6159 0.7541 4.4734 0.1165 0.1165 0.8544 1 0
61 352 433 2 0 0 0 0 1.0004 0 0.0865 -0.1386 0.2625 0.2961 1.7482 0.9168 0.0871 0.5162 0.613 7.8588 0.6094 0.1791 0.7509 0.9139 4.106 -0.1086 0.1086 0.7649 1 0
61 353 469 5 0 0 0 0 1.0003 0 0.2185 0.197 0.3634 0.5092 1.9663 0.9706 -0.5363 0.5614 0.6574 2.9171 0.7603 -0.3571 0.644 0.7852 4.2225 0.1406 0.1406 0.5771 1 0
61 354 442 57 0 0 0 0 1.0006 0 0.6649 -0.1062 0.1786 0.2211 1.6517 0.9662 -0.1624 0.3812 0.4983 7.4375 0.7901 -0.0932 0.6473 0.7664 4.5061 0.2706 0.2706 0.6136 1 0
61 355 446 0 0 0 0 0 1.0003 0 0.2458 0.3641 0.3836 0.5034 2.0368 0.9551 -0.265 0.3723 0.4321 3.7911 0.7743 -0.2538 0.5808 0.7427 4.1741 -0.0591 0.0591 0.5994 0 0
61 356 438 8 0 0 0 0 1.0005 0 0.8531 0.1416 0.2634 0.324 1.9174 0.8124 0.149 0.6776 1.048 17.2223 0.7203 0.0361 0.5946 0.7204 4.2529 0.1507 0.1507 0.6174 1 0
61 357 418 0 0 0 0 0 1.0005 0 0.7609 -0.0657 0.2185 0.2578 2.1146 0.9669 -0.074 0.3414 0.4731 7.6893 0.7648 0.0162 0.5422 0.678 4.2168 0.1368 0.1368 0.6403 0 0
61 358 435 0 0 0 0 0 1.0006 0 -0.0459 0.1447 0.3864 0.4505 2.3398 0.9519 -0.3316 0.4512 0.5914 9.3198 0.7103 -0.0479 0.5665 0.7919 4.1577 -0.1554 0.1554 0.6345 0 0
61 359 461 0 0 0 0 0 1.0005 0 0.0668 0.2597 0.4306 0.5736 2.1773 0.9772 0.1299 0.213 0.2644 2.8932 0.7595 0.0446 0.5148 0.6627 4.0711 -0.0761 0.0761 0.5863 0 0
61 360 428 0 0 0 0 0 1.0005 0 0.3728 0.2042 0.4285 0.6095 2.4526 0.9246 -0.178 0.4119 0.5038 4.6712 0.6808 -0.1512 0.63 0.8337 4.0924 -0.2822 0.2822 0.6376 0 0
61 361 581 401 0 0 0 0 1.0017 0 0.8596 0.0653 0.1402 0.1537 2.3735 0.9775 0.1687 0.308 0.3468 7.0043 0.6252 0.3281 0.681 0.9349 4.8666 0.2553 0.2553 0.7735 1 0
61 362 399 0 0 0 0 0 1.0009 0 0.1098 0.1288 0.3998 0.5707 3.046 0.9195 -0.0812 0.334 0.4186 3.4146 0.6967 -0.1193 0.5366 0.7207 4.3116 0.147 0.147 0.5953 0 0
61 363 429 0 0 0 0 0 1.0003 0 -0.4683 0.0172 0.4177 0.5597 2.4792 0.9132 -0.0127 0.5927 0.9033 9.7698 0.6308 -0.0129 0.5557 0.7332 4.1849 0.0197 0.0197 0.755 0 0
61 364 463 0 0 0 0 0 1.0005 0 0.7898 -0.152 0.1684 0.2234 1.9618 0.9513 0.2726 0.4257 0.6462 8.2538 0.734 0.2553 0.5219 0.6708 4.2861 0.128 0.128 0.5751 0 0
61 365 442 0 0 0 0 0 1.0002 0 0.2664 0.166 0.3337 0.3994 2.3481 0.9612 0.1082 0.3726 0.4738 9.9017 0.6534 0.0452 0.5805 0.731 4.3287 -0.1289 0.1289 0.7163 0 0
61 366 463 0 0 0 0 0 1.0005 0 0.4888 0.0041 0.2614 0.3232 1.8102 0.9596 0.0683 0.3438 0.4211 7.409 0.775 0.3151 0.6177 0.7708 4.3557 -0.026 0.026 0.6576 0 0
61 367 435 2 0 0 0 0 1.0003 0 0.5867 -0.0777 0.2241 0.2531 1.5595 0.9591 0.145 0.334 0.4991 7.342 0.8 0.0825 0.4707 0.638 4.2723 0.146 0.146 0.6738 1 0
61 368 438 5 0 0 0 0 1.001 0 0.2372 -0.072 0.3566 0.4381 2.3408 0.9223 -0.4408 0.7363 1.1021 16.6843 0.6522 0.0431 0.5607 0.705 4.3699 -0.2031 0.2031 0.8931 1 0
61 369 682 335 0 0 0 0 1.0017 0 0.0793 -0.0157 0.243 0.3286 1.8736 0.9379 0.3943 0.5105 0.6254 7.7064 0.6958 0.4856 0.7501 0.9136 5.1819 0.3673 0.3673 0.6311 1 0
61 370 504 7 0 0 0 0 1.0004 0 0.4665 -0.1846 0.3136 0.3866 1.8686 0.9332 0.4029 0.651 0.8592 9.6296 0.8353 0.3107 0.5659 0.6876 4.42 0.2945 0.2945 0.5248 1 0
61 371 414 18 0 0 0 0 1.0003 0 0.791 -0.0636 0.1834 0.2144 1.8859 0.9623 0.0084 0.3033 0.3605 4.6495 0.6741 0.0528 0.5572 0.7196 4.6129 0.0476 0.0476 0.8389 1 0
61 372 422 0 0 0 0 0 1.0007 0 0.2858 0.0741 0.3958 0.4565 1.9558 0.963 -0.1947 0.2897 0.3585 5.4249 0.7338 -0.202 0.622 0.8226 4.1838 -0.1954 0.1954 0.7134 0 0
61 373 489 411 0 0 0 8 1.0091 0 0.4557 -0.1734 0.2202 0.2612 1.8316 0.9295 0.2652 0.6499 0.9266 12.8286 0.6659 0.1259 0.5708 0.701 4.4945 0.082 0.082 0.9514 1 1
61 374 428 2 0 0 0 0 1.0005 0 0.7205 -0.0038 0.1332 0.1664 1.7639 0.9644 -0.0365 0.3328 0.4935 10.3188 0.727 0.0066 0.543 0.6853 4.2876 0.1187 0.1187 0.6987 1 0
61 375 417 0 0 0 0 0 1.0008 0 0.3816 -0.0194 0.283 0.358 2.2047 0.9017 -0.0738 0.583 1.054 14.6792 0.7062 0.1114 0.4936 0.622 4.2656 -0.1525 0.1525 0.8928 0 0
61 376 402 0 0 0 0 0 1.0005 0 0.2254 -0.0031 0.3524 0.359 2.1831 0.8987 -0.1498 0.5511 0.8146 12.8998 0.6018 -0.1355 0.6802 0.9007 4.123 -0.1687 0.1687 0.7296 0 0
61 377 419 2 0 0 0 0 1.0018 0 -0.157 -0.3207 0.3399 0.4371 1.7833 0.9612 -0.4164 0.803 1.0565 14.3212 0.6093 -0.0364 0.5176 0.6688 4.5301 -0.2587 0.2587 1.0494 1 0
61 378 398 0 0 0 0 0 1.0003 0 0.0393 -0.0779 0.2521 0.3368 2.296 0.923 0.0114 0.509 0.7043 6.4019 0.6113 -0.0358 0.5909 0.7375 4.2382 -0.2086 0.2086 0.7943 0 0
61 379 475 0 0 0 0 0 1.0004 0 0.8092 0.1088 0.2401 0.2939 1.7865 0.9605 0.0822 0.2803 0.412 3.8312 0.8467 -0.0945 0.5086 0.6285 4.2778 0.053 0.053 0.5682 0 0
61 380 395 41 0 0 0 0 1.0003 0 0.5382 0.0561 0.2246 0.2559 2.0863 0.9685 0.2646 0.3481 0.4444 6.0884 0.7284 0.0893 0.6188 0.7926 4.8675 0.1179 0.1179 0.7708 1 0
61 381 447 5 0 0 0 0 1.0005 0 0.3317 -0.2385 0.2503 0.3128 1.8686 0.9287 0.2196 0.7152 0.9665 11.5834 0.7388 0.0417 0.5818 0.722 4.6636 -0.0898 0.0898 0.8686 1 0
61 382 442 0 0 0 0 0 1.0003 0 0.8195 0.0368 0.3987 0.4449 2.9851 0.8883 -0.3014 0.6797 1.0439 12.4699 0.705 -0.1508 0.5264 0.67 4.0347 -0.0764 0.0764 0.6345 0 0
61 383 384 2 0 0 0 0 1.0006 0 0.8901 -0.0782 0.1348 0.1623 1.7487 0.9029 -0.5449 0.7791 1.481 23.3733 0.7225 -0.0613 0.5038 0.6267 4.1896 -0.013 0.013 0.7816 1 0
61 384 557 77 0 0 0 0 1.0007 0 0.7852 -0.1971 0.3365 0.3813 2.2928 0.9345 -0.646 0.8401 1.4145 17.3453 0.7185 -0.3491 0.6012 0.8007 4.3514 0.1417 0.1417 0.7634 1 0
61 385 412 5 0 0 0 0 1.0004 0 -0.6721 -0.0934 0.343 0.4468 1.9007 0.9359 -0.0126 0.6142 0.7556 10.5014 0.6954 0.0051 0.6286 0.8089 4.716 0.0311 0.0311 0.8278 1 0
61 386 436 0 0 0 0 0 1.0007 0 0.1839 0.0214 0.2476 0.2923 1.5787 0.8836 -0.1238 0.423 0.5284 4.2404 0.667 -0.1459 0.6543 0.8307 4.3921 0.2353 0.2353 0.5471 0 0
61 387 396 3 0 0 0 0 1.0004 0 0.3751 4e-04 0.1922 0.2338 2.0975 0.9473 0.1629 0.4958 0.6482 8.238 0.5737 0.0263 0.5608 0.7321 4.1797 -0.3477 0.3477 0.8551 1 0
61 388 436 11 0 0 0 0 1.0003 0 -0.9141 -0.122 0.26 0.3117 1.6945 0.978 -0.0545 0.3003 0.4412 7.2876 0.6906 -0.1335 0.6013 0.7593 4.541 0.209 0.209 0.6452 1 0
61 389 378 3 0 0 0 0 1.0002 0 0.6847 -0.0145 0.2011 0.2592 1.8673 0.8746 0.126 0.5212 1.0165 14.7797 0.5277 -0.0443 0.6372 0.7816 4.1581 -0.1055 0.1055 0.8002 1 0
61 390 410 5 0 0 0 0 1.0003 0 0.1729 -0.3643 0.3913 0.5083 2.3635 0.9525 -0.2071 0.7304 0.9581 9.3371 0.7527 -0.1592 0.4816 0.6162 4.2668 -0.0286 0.0286 0.8327 1 0
61 391 464 20 0 0 0 0 1.0005 0 0.0831 -0.1421 0.3269 0.3504 1.8314 0.9195 -0.1654 0.5334 0.804 10.764 0.7185 0.0537 0.6059 0.766 4.3993 0.1564 0.1564 0.7014 1 0
61 392 401 0 0 0 0 0 1.0004 0 0.0589 0.0943 0.3563 0.4243 2.3553 0.9146 -0.2496 0.4972 0.8074 9.4116 0.6942 -0.0837 0.6183 0.783 4.3171 0.1599 0.1599 0.6405 0 0
61 393 398 0 0 0 0 0 1.001 0 0.6395 0.2068 0.2744 0.3634 1.96 0.9487 -0.1207 0.3191 0.3596 5.5754 0.7597 -0.0856 0.5373 0.7024 4.2278 0.0101 0.0101 0.717 0 0
61 394 400 0 0 0 0 0 1.0011 0 -0.0175 0.168 0.4324 0.5764 3.2241 0.9629 -0.2187 0.3215 0.4146 7.4372 0.582 -0.1917 0.6896 0.8487 4.6169 -0.2815 0.2815 0.8485 0 0
61 395 590 3863 0 0 81 74 1.0371 63 -0.2544 -0.1978 0.3305 0.4417 2.2355 0.9354 -1.0122 1.0418 1.4182 13.6649 0.6819 -0.5034 0.7597 0.9573 5.4363 0.2309 0.2309 0.9046 1 1
61 396 476 152 0 0 0 0 1.0003 0 -0.3538 -0.3837 0.5509 0.7203 2.5197 0.9446 2.1797 2.3672 4.3207 44.8768 0.5953 0.4287 0.6947 0.8702 4.4705 0.2117 0.2117 0.777 1 0
61 397 409 0 0 0 0 0 1.0004 0 0.1895 -0.1534 0.2255 0.263 1.5305 0.9705 0.0664 0.4494 0.5844 8.3112 0.6388 -0.1191 0.5332 0.6575 4.1695 -0.3402 0.3402 0.7484 0 0
61 398 426 9 0 0 0 0 1.0003 0 0.7595 -0.1314 0.226 0.265 1.942 0.9829 -0.2373 0.5405 0.8426 18.4836 0.6771 -0.0042 0.5098 0.671 4.341 -0.1099 0.1099 0.8371 1 0
61 399 471 42 0 0 0 0 1.0008 0 0.9101 -0.3053 0.3053 0.3354 1.7376 0.918 0.3004 0.5581 0.9019 11.1149 0.6928 -0.1602 0.5412 0.7402 4.4679 0.2451 0.2451 0.7202 1 0
61 400 441 6 0 0 0 0 1.0006 0 0.3395 -0.1233 0.2466 0.269 1.7095 0.9358 0.0126 0.7612 1.0883 17.0496 0.5149 -0.1002 0.6752 0.8613 4.4502 0.1583 0.1583 0.7462 1 0
61 401 420 3 0 0 0 0 1.0002 0 0.573 -0.2335 0.3544 0.3856 1.9494 0.9352 0.4761 0.6397 0.8854 9.1647 0.7602 0.2656 0.5172 0.6501 4.1055 -0.1124 0.1124 0.7443 1 0
61 402 460 0 0 0 0 0 1.0009 0 -0.0707 -0.0245 0.3679 0.481 3.1068 0.9467 -0.0188 0.3694 0.4882 5.2789 0.6923 -0.1708 0.6039 0.7794 4.1629 -0.1059 0.1059 0.6927 0 0
61 403 382 0 0 0 0 0 1.0004 0 0.6368 -0.2978 0.408 0.4606 1.9048 0.9259 0.8133 0.8671 1.5342 21.666 0.6914 0.2424 0.5773 0.7315 4.1349 -0.0952 0.0952 0.673 0 0
61 404 404 154 0 0 0 0 1.0006 0 0.9337 -0.0295 0.0738 0.0848 1.7702 0.9852 -0.4665 0.4746 0.5367 5.6372 0.695 -0.3394 0.6803 0.8895 4.658 0.2034 0.2034 0.7715 1 0
61 405 411 12 0 0 0 0 1.0005 0 0.8651 0.1307 0.1385 0.1782 1.5521 0.9811 -0.074 0.2669 0.3134 4.7834 0.6907 -0.0711 0.5913 0.7478 4.2936 0.0488 0.0488 0.8062 1 0
61 406 460 729 0 0 0 0 1.0029 0 0.8383 -0.3092 0.3968 0.4497 2.5313 0.9072 -0.9692 1.1075 2.2368 30.1624 0.6686 -0.2442 0.5664 0.6902 4.9492 0.0451 0.0451 0.9854 1 0
61 407 501 4 0 0 0 0 1.0003 0 0.6788 -0.2969 0.2969 0.3307 1.7715 0.9483 -0.2854 0.7353 1.092 17.211 0.677 0.0851 0.5909 0.7428 4.3059 0.0259 0.0259 0.8676 1 0
61 408 475 0 0 0 0 0 1.0003 0 -0.3211 0.0795 0.2339 0.3186 1.5915 0.9433 0.2207 0.421 0.5152 6.3054 0.7856 0.153 0.6101 0.7225 4.2083 0.2271 0.2271 0.6052 0 0
61 409 481 671 0 0 0 0 1.0071 0 0.2874 -0.2371 0.3487 0.3904 2.6216 0.9713 -0.1244 1.0255 1.4656 22.9415 0.6288 -0.3197 0.6741 0.8657 5.449 -0.1144 0.1144 1.359 1 0
61 410 435 0 0 0 0 0 1.0004 0 0.5003 0.3288 0.5375 0.6171 2.3926 0.9232 0.0114 0.4168 0.5413 7.9637 0.8296 -0.0971 0.4563 0.6018 4.0574 -0.0436 0.0436 0.6547 0 0
61 411 416 6 0 0 0 0 1.0006 0 0.7027 0.0046 0.2474 0.2967 2.596 0.9692 -0.5296 0.6222 0.8053 13.6574 0.6095 -0.1738 0.6788 0.8625 4.273 -0.2797 0.2797 0.8704 1 0
61 412 445 0 0 0 0 0 1.0002 0 0.8885 0.1934 0.2297 0.2849 2.2685 0.9859 -0.2504 0.2761 0.3321 5.246 0.7913 -0.0936 0.5414 0.6776 4.206 -0.0358 0.0358 0.6432 0 0
61 413 405 12 0 0 0 0 1.0006 0 0.4486 0.0839 0.2318 0.2448 2.0327 0.9783 0.0172 0.1984 0.2418 6.3417 0.7861 -0.0368 0.5113 0.637 4.4533 0.0873 0.0873 0.7096 1 0
61 414 420 0 0 0 0 0 1.0005 0 0.3867 0.2725 0.55 0.641 2.4703 0.9296 -0.3782 0.4878 0.7231 10.9561 0.6445 -0.1052 0.5828 0.7795 4.2353 0.0388 0.0388 0.6463 0 0
61 415 446 1 0 0 0 0 1.0006 0 0.7517 0.0311 0.1197 0.1566 1.7656 0.9659 -0.1522 0.3373 0.4048 7.5793 0.7357 -0.145 0.5881 0.7311 4.1852 -0.0782 0.0782 0.6835 1 0
61 416 422 0 0 0 0 0 1.0005 0 0.5541 -0.1362 0.2704 0.3194 1.6912 0.8623 -0.1518 0.6179 0.9398 13.2216 0.6158 0.0582 0.5658 0.738 4.2486 -0.297 0.297 0.7316 0 0
61 417 1493 346 0 0 0 0 1.001 0 0.9077 0.0541 0.2243 0.2574 2.0737 0.9081 0.54 0.7275 0.811 8.3868 0.5529 0.6176 0.8607 1.0748 4.8425 0.3907 0.3907 0.7018 1 0
61 418 452 15 0 0 0 0 1.0005 0 0.4477 -0.0118 0.1966 0.2259 2.013 0.9636 0.1887 0.3929 0.4819 7.1727 0.6228 0.0043 0.6641 0.8479 4.5525 0.2032 0.2032 0.7121 1 0
61 419 477 1 0 0 0 0 1.0008 0 0.4841 0.2232 0.3399 0.3773 1.9507 0.8968 -0.3486 0.4772 0.6159 4.3104 0.769 -0.3012 0.5692 0.7328 4.3586 -0.0468 0.0468 0.6709 1 0
61 420 412 31 0 0 0 0 1.0006 0 0.2689 -0.0784 0.2707 0.3195 1.9858 0.9584 -0.1594 0.3803 0.4938 7.9525 0.6698 -0.2068 0.6471 0.8145 4.2906 -0.0399 0.0399 0.8527 1 0
61 421 450 7 0 0 0 0 1.001 0 0.866 -0.187 0.2552 0.2722 1.8844 0.965 -0.4815 0.5403 0.6484 7.7647 0.8001 -0.3641 0.5794 0.6991 4.0585 0.0776 0.0776 0.6705 1 0
61 422 1588 401 0 0 0 0 1.0006 0 0.4831 -0.0284 0.5591 0.7561 5.1117 0.8045 -0.9132 1.1057 1.3421 11.5951 0.674 -1.3187 1.3355 1.4902 4.6841 0.5842 0.5842 0.3375 1 0
61 423 417 2 0 0 0 0 1.0003 0 0.7816 -0.0716 0.2507 0.3004 2.1271 0.9499 0.034 0.4421 0.6269 8.418 0.7132 0.1198 0.514 0.6391 4.3206 -0.0557 0.0557 0.8252 1 0
61 424 458 4 0 0 0 0 1.0003 0 0.785 0.0201 0.174 0.2487 1.5423 0.9499 -0.2961 0.395 0.5681 7.0672 0.7102 -0.1115 0.5769 0.7344 4.3265 0.1161 0.1161 0.6885 1 0
61 425 756 2300 0 0 0 20 1.0192 4 -0.0496 -0.1794 0.3591 0.5432 4.4177 0.9166 0.581 0.7284 1.0477 14.5768 0.6924 0.3591 0.6419 0.8029 5.8394 0.1552 0.1552 1.1455 1 1
61 426 425 6 0 0 0 0 1.0003 0 0.3244 -0.1088 0.2565 0.2818 1.9142 0.9634 -0.1065 0.4802 0.6203 7.9544 0.7193 0.0213 0.5013 0.64 4.6847 -0.0786 0.0786 0.8505 1 0
61 427 400 85 0 0 0 0 1.0024 0 0.3373 -0.1589 0.359 0.4441 2.7395 0.9314 -0.6408 1.1551 1.6204 17.1103 0.4764 -0.3029 0.7015 0.8746 4.3073 -0.1898 0.1898 0.9211 1 0
61 428 392 1 0 0 0 0 1.001 0 0.7278 0.1054 0.2393 0.267 1.8682 0.9341 0.1189 0.3749 0.5186 9.4823 0.6951 0.0697 0.6162 0.791 4.2584 0.1069 0.1069 0.7278 1 0
61 429 488 2 0 0 0 0 1.0008 0 0.8994 -0.0088 0.1444 0.1576 1.7484 0.9419 -0.0538 0.3459 0.4954 10.0509 0.7388 -0.1357 0.5602 0.7051 4.2789 0.1372 0.1372 0.6471 1 0
61 430 444 6 0 0 0 0 1.0003 0 0.8112 -0.0538 0.1493 0.1699 1.7237 0.9731 0.0668 0.3273 0.4143 8.3016 0.69 0.0631 0.5505 0.7582 4.4322 0.0094 0.0094 0.8125 1 0
61 431 383 100 0 0 0 0 1.0003 0 0.6739 0.0062 0.1891 0.2434 2.4041 0.9426 -0.5205 0.639 0.7748 8.0623 0.6906 -0.2305 0.6222 0.7893 4.9438 0.2672 0.2672 0.7723 1 0
61 432 398 0 0 0 0 0 1.0004 0 -0.09 -0.0438 0.2135 0.2496 2.045 0.9395 -0.0246 0.4173 0.5657 13.4274 0.5877 0.144 0.692 0.8637 4.114 -0.1591 0.1591 0.8194 0 0
61 433 363 0 0 0 0 0 1.0004 0 0.5816 -0.0938 0.1972 0.2614 2.2048 0.9677 0.1346 0.3293 0.3839 5.0139 0.7121 0.1371 0.5133 0.6834 4.1734 -0.198 0.198 0.7294 0 0
61 434 503 39 0 0 0 0 1.001 0 0.5755 -0.0136 0.2964 0.3659 2.1281 0.8401 0.2756 0.6607 1.1507 14.3839 0.6986 -0.0148 0.5884 0.7875 4.7373 0.0637 0.0637 0.9631 1 0
61 435 743 553 0 0 0 0 1.0005 0 0.7431 0.0228 0.1831 0.2425 1.9669 0.9027 0.6554 0.7908 0.9216 9.546 0.7098 0.5643 0.7551 0.9245 4.9776 0.2792 0.2792 0.7888 1 0
61 436 450 0 0 0 0 0 1.0004 0 -0.7236 0.0594 0.2027 0.2221 1.8048 0.9531 -0.0233 0.2347 0.2994 2.4578 0.836 0.0914 0.482 0.6107 4.2342 -0.0333 0.0333 0.5728 0 0
61 437 446 5 0 0 0 0 1.0004 0 0.5222 -0.0651 0.2332 0.256 1.6596 0.9541 0.0137 0.339 0.5174 6.5243 0.8155 0.0386 0.4709 0.62 4.4103 0.1502 0.1502 0.6344 1 0
61 438 430 346 0 0 0 0 1.005 0 0.6364 4e-04 0.2472 0.2616 1.8389 0.9556 0.4665 0.5346 0.6568 7.1119 0.7216 0.3943 0.654 0.8491 4.62 0.205 0.205 0.7457 1 0
61 439 408 5 0 0 0 0 1.0003 0 0.4269 -0.1673 0.2766 0.3409 2.4223 0.9304 0.0126 0.5175 0.7184 8.9172 0.6554 -0.1957 0.6234 0.8449 4.331 -0.0951 0.0951 0.8992 1 0
61 440 416 1 0 0 0 0 1.0013 0 0.4828 0.3426 0.501 0.6039 2.7273 0.9365 0.409 0.4769 0.5514 4.6706 0.7169 0.1799 0.6541 0.8605 4.5773 -0.024 0.024 0.7655 1 0
61 441 415 2 0 0 0 0 1.0008 0 0.8599 -0.036 0.1272 0.1465 1.8135 0.9639 0.3845 0.4544 0.5642 6.9744 0.6647 0.1194 0.5653 0.7861 4.4222 -0.2712 0.2712 0.9878 1 0
61 442 384 0 0 0 0 0 1.0001 0 0.9094 0.0605 0.0933 0.1328 1.9485 0.9493 0.0374 0.2627 0.3706 6.3304 0.6184 -0.1006 0.6601 0.8671 4.4578 -0.061 0.061 0.8465 0 0
61 443 441 0 0 0 0 0 1.0004 0 0.738 0.1171 0.1568 0.1958 1.9432 0.9409 0.2726 0.3748 0.4597 7.1884 0.7154 0.3161 0.6831 0.8288 4.141 -0.0043 0.0043 0.6756 0 0
61 444 407 0 0 0 0 0 1.0006 0 -0.2119 0.0266 0.339 0.4424 1.8379 0.9447 -0.1329 0.2801 0.4294 6.5954 0.7041 -0.1084 0.6073 0.7768 4.1772 -0.0406 0.0406 0.6666 0 0
61 445 447 5 0 0 0 0 1.001 0 0.3918 -0.1134 0.2834 0.3103 1.6093 0.9449 0.1761 0.4395 0.5098 5.984 0.7376 -0.1402 0.5775 0.759 4.4286 0.0985 0.0985 0.7343 1 0
61 446 429 2 0 0 0 0 1.0005 0 0.576 9e-04 0.215 0.2579 1.7372 0.9851 -0.0982 0.1965 0.2439 4.6938 0.7953 0.0392 0.5272 0.6678 4.1719 0.0324 0.0324 0.6646 1 0
61 447 422 754 0 0 0 0 1.0091 0 0.3159 -0.1253 0.1655 0.1998 1.8138 0.9681 -0.0046 0.5702 0.8576 18.8666 0.579 -0.0961 0.6377 0.8123 5.0707 -0.0199 0.0199 1.1396 1 0
61 448 430 1 0 0 0 0 1.0007 0 0.2961 -0.0959 0.1947 0.2665 2.8758 0.9099 -0.2071 0.6209 0.9622 11.4038 0.6292 -0.0288 0.4958 0.6923 4.147 -0.2144 0.2144 0.9415 1 0
61 449 414 0 0 0 0 0 1.001 0 0.4015 0.1738 0.422 0.484 2.016 0.7678 0.0966 0.5494 1.1158 14.4561 0.6934 0.0452 0.6166 0.7907 4.2382 0.0805 0.0805 0.5824 0 0
61 450 445 0 0 0 0 0 1.0003 0 0.3433 -0.0397 0.3323 0.3687 1.7233 0.9283 -0.2643 0.5458 0.8678 14.8494 0.7777 0.0978 0.4932 0.6032 4.2742 0.0133 0.0133 0.6951 0 0
61 451 555 432 0 0 0 0 1.0021 0 0.3705 -0.0156 0.2571 0.3482 2.0691 0.9057 0.4618 0.6144 0.9556 12.6862 0.6557 0.3282 0.6823 0.8468 5.1539 0.1477 0.1477 0.9843 1 0
61 452 426 0 0 0 0 0 1.0003 0 0.5455 -0.1732 0.1907 0.2588 1.7559 0.9048 -0.4042 0.6338 1.0439 14.1982 0.6566 0.0364 0.5453 0.7042 4.2261 -0.03 0.03 0.751 0 0
61 453 392 0 0 0 0 0 1.0007 0 0.1185 -0.141 0.3223 0.3503 2.5233 0.9301 0.0128 0.896 1.2109 16.2741 0.4001 0.0122 0.6714 0.8529 4.2616 -0.3163 0.3163 0.9035 0 0
61 454 437 0 0 0 0 0 1.0011 0 0.327 -0.067 0.3036 0.3465 1.9984 0.9729 -0.2483 0.2922 0.3988 6.0142 0.6661 -0.0264 0.5788 0.7513 4.0904 -0.2833 0.2833 0.6616 0 0
61 455 414 25 0 0 0 0 1.0005 0 0.4459 -0.1603 0.3087 0.3309 2.1042 0.9107 0.3997 0.5984 0.9086 14.0496 0.7253 0.087 0.5621 0.7165 4.4333 0.0552 0.0552 0.8743 1 0
61 456 429 0 0 0 0 0 1.0004 0 0.4212 0.1041 0.249 0.2888 1.7455 0.9429 0.0473 0.3352 0.4096 4.9568 0.7749 0.0574 0.5674 0.7238 4.2841 0.0049 0.0049 0.7223 0 0
61 457 423 0 0 0 0 0 1.0001 0 0.85 0.1969 0.2961 0.3399 2.0359 0.9176 -0.2233 0.4214 0.5619 7.2292 0.7367 -0.0619 0.6444 0.7987 4.1444 -0.0466 0.0466 0.6728 0 0
61 458 396 15 0 0 0 0 1.0012 0 0.5426 -0.1907 0.2159 0.2803 2.3501 0.9616 0.0162 0.5978 0.8493 11.3506 0.6485 0.0353 0.6285 0.7577 5.2495 -0.253 0.253 1.15 1 0
61 459 415 0 0 0 0 0 1.0003 0 0.8159 0.1601 0.2563 0.2918 1.9847 0.8808 0.1283 0.4142 0.6142 5.9612 0.7327 0.0281 0.4924 0.6471 4.1822 -0.114 0.114 0.7143 0 0
61 460 465 6 0 0 0 0 1.0004 0 0.6054 -0.099 0.1872 0.2308 2.0547 0.9675 0.1415 0.6558 0.8575 12.1797 0.7338 -0.0306 0.629 0.8359 4.2803 -0.0338 0.0338 0.8196 1 0
61 461 398 1 0 0 0 0 1.0008 0 0.5161 -0.0908 0.3228 0.3882 1.9066 0.9115 0.3513 0.6039 0.739 9.1918 0.673 0.027 0.5869 0.7446 4.2352 -0.0848 0.0848 0.7265 1 0
61 462 394 2 0 0 0 0 1.0003 0 0.433 -0.3747 0.5402 0.5619 1.9471 0.9446 -0.4944 1.1507 1.7636 22.4089 0.6179 0.1347 0.5941 0.8036 4.3699 -0.0047 0.0047 0.8448 1 0
61 463 658 709 0 0 0 0 1.002 0 -0.8208 -0.425 0.4976 0.6219 2.3844 0.9553 -1.2121 1.8955 2.9861 33.7104 0.6405 -0.2128 0.5866 0.781 4.6205 0.0598 0.0598 1.1019 1 0
61 464 457 0 0 0 0 0 1.0006 0 -0.885 0.0357 0.3648 0.5336 3.4028 0.9706 -0.3393 0.3562 0.4818 5.9484 0.7486 -0.1664 0.4921 0.6446 4.3115 -0.2579 0.2579 0.8171 0 0
61 465 439 0 0 0 0 0 1.0006 0 0.1802 0.0159 0.2458 0.3076 2.1305 0.9665 -0.1832 0.3698 0.4211 8.9935 0.7293 -0.1196 0.5488 0.7187 4.5539 -0.1136 0.1136 0.8044 0 0
61 466 421 0 0 0 0 0 1.0004 0 0.3866 0.1034 0.3682 0.526 2.6775 0.9329 0.1346 0.3714 0.4627 4.598 0.7266 0.0806 0.6082 0.8073 4.0625 -0.2298 0.2298 0.6462 0 0
61 467 441 5 0 0 0 0 1.0002 0 0.7248 -0.0765 0.2029 0.2383 1.6128 0.9658 0.0219 0.3265 0.4361 6.5598 0.6915 0.1119 0.6012 0.7856 4.1803 0.1017 0.1017 0.6852 1 0
61 468 411 4 0 0 0 0 1.0005 0 -0.5685 -0.1462 0.4433 0.4807 2.1027 0.9206 0.4074 0.6525 0.9759 10.8562 0.6554 0.0524 0.6 0.7211 4.6563 -0.0599 0.0599 0.9626 1 0
61 469 445 19 0 0 0 0 1.0008 0 -0.1377 -0.0765 0.248 0.2808 1.8222 0.9533 -0.2052 0.3962 0.4808 6.3297 0.7469 -0.1459 0.618 0.7766 4.2951 0.2269 0.2269 0.6625 1 0
61 470 423 119 0 0 0 0 1.0003 0 0.394 -0.0724 0.2787 0.3391 2.5994 0.9679 0.4181 0.7036 0.9495 15.1234 0.5658 0.1614 0.6156 0.7826 4.6952 0.2159 0.2159 0.6913 1 0
61 471 403 2 0 0 0 0 1.0006 0 0.6866 -0.2702 0.2702 0.3712 1.5351 0.9605 -0.2281 0.4938 0.84 15.3327 0.7661 0.049 0.5447 0.702 4.259 0.0735 0.0735 0.7239 1 0
61 472 451 487 0 0 0 0 1.0008 0 0.1449 -0.1824 0.3242 0.3784 1.8981 0.9715 -0.2021 0.4623 0.5688 7.9589 0.7233 -0.4377 0.6755 0.8127 4.617 -0.0586 0.0586 1.0565 1 0
61 473 415 12 0 0 0 0 1.0014 0 0.2397 -0.0708 0.2681 0.2997 1.824 0.8875 0.3802 0.7797 1.3444 21.8826 0.6237 0.0483 0.5825 0.7716 4.7454 -0.4358 0.4358 1.01 1 0
61 474 506 16 0 0 0 0 1.0004 0 0.0911 -0.3632 0.3772 0.4813 1.7137 0.9295 -1.3358 1.5062 2.6096 34.5588 0.7344 -0.2377 0.5216 0.6827 4.2696 -0.0191 0.0191 0.7354 1 0
61 475 434 0 0 0 0 0 1.0007 0 0.9596 -0.2598 0.2598 0.3034 1.8462 0.9475 0.0114 0.4005 0.6452 10.4968 0.7997 -0.1249 0.4956 0.6495 4.1844 0.0731 0.0731 0.633 0 0
61 476 803 1106 0 0 0 0 1.0009 0 0.5332 -0.1482 0.2342 0.3357 1.7912 0.9464 0.2809 0.5046 0.6808 10.3666 0.6767 0.2606 0.6664 0.8326 5.2194 0.3331 0.3331 0.7616 1 0
61 477 387 77 0 0 0 0 1.0007 0 0.2001 -0.4523 0.4523 0.5188 2.0916 0.882 -0.4871 1.247 1.8317 21.9335 0.5908 -0.1756 0.5606 0.73 4.6944 -0.1572 0.1572 1.1704 1 0
61 478 433 47 0 0 0 0 1.0009 0 0.6716 -0.3413 0.3413 0.3758 1.7158 0.946 0.3281 0.9081 1.294 19.1266 0.6782 -0.09 0.5521 0.6827 4.3925 -0.0381 0.0381 0.9785 1 0
61 479 424 0 0 0 0 0 1.0005 0 0.6693 -0.1256 0.1779 0.2221 1.9663 0.9429 -0.0615 0.5384 0.6764 8.9012 0.6508 -0.0386 0.5826 0.7079 4.1051 -0.2777 0.2777 0.799 0 0
61 480 419 0 0 0 0 0 1.0005 0 0.5068 0.1512 0.1885 0.3032 1.9057 0.9647 -0.3091 0.3564 0.4093 4.8156 0.7969 -0.3199 0.6366 0.8115 4.0584 -0.0182 0.0182 0.6775 0 0
61 481 440 30 0 0 0 0 1.0004 0 0.8202 -0.3013 0.3013 0.369 2.0732 0.9691 0.2516 0.9502 1.2984 15.1933 0.6736 0.0792 0.5706 0.7039 4.3399 0.0212 0.0212 0.8097 1 0
61 482 814 125 0 0 0 0 1.0006 0 -0.3747 -0.1877 0.385 0.4743 1.7087 0.8782 0.4118 1.2449 2.2696 27.9733 0.6615 -0.0177 0.6852 0.8124 4.4384 0.2021 0.2021 0.6842 1 0
61 483 418 0 0 0 0 0 1.0008 0 0.0733 0.0196 0.2444 0.2941 1.7463 0.9733 -0.2225 0.3928 0.4824 7.1419 0.6634 -0.0561 0.5655 0.6989 4.2159 0.0611 0.0611 0.6766 0 0
61 484 388 2 0 0 0 0 1.0003 0 0.5204 0.0387 0.1926 0.2576 1.7716 0.9509 -0.2845 0.3326 0.4098 3.6701 0.7088 -0.2177 0.5851 0.7147 4.3747 0.0905 0.0905 0.7213 1 0
61 485 393 0 0 0 0 0 1.0004 0 0.9332 -0.1461 0.2898 0.3362 2.3841 0.9512 -0.1951 0.4842 0.6897 9.3799 0.6603 0.023 0.5671 0.7787 4.1581 -0.2936 0.2936 0.7177 0 0
61 486 415 0 0 0 0 0 1.0007 0 0.4936 0.232 0.4214 0.6244 3.2576 0.863 -0.1365 0.392 0.5374 4.3412 0.7109 0.1218 0.5608 0.7365 4.1443 -0.2141 0.2141 0.7133 0 0
61 487 431 1 0 0 0 0 1.0006 0 0.2164 0.1049 0.3134 0.3753 2.0867 0.9139 0.1781 0.3432 0.5016 5.9685 0.6556 0.1242 0.631 0.7968 4.3722 0.0063 0.0063 0.7511 1 0
61 488 389 2 0 0 0 0 1.0004 0 0.4495 8e-04 0.1493 0.178 1.6366 0.9756 0.0071 0.2477 0.3359 8.6032 0.5906 -0.0129 0.7045 0.8508 4.3239 -0.0714 0.0714 0.8866 1 0
61 489 425 2 0 0 0 0 1.0005 0 -0.2006 0.0237 0.3805 0.4285 2.1096 0.9587 0.0592 0.244 0.317 3.2162 0.7326 0.0882 0.6205 0.8136 4.6016 0.0973 0.0973 0.7286 1 0
61 490 426 115 0 0 0 0 1.0008 0 -0.0479 -0.0077 0.2509 0.2935 1.7204 0.9376 -0.1919 0.6079 0.7495 12.621 0.658 -0.4253 0.7007 0.8926 4.3957 0.066 0.066 0.8422 1 0
61 491 435 0 0 0 0 0 1.0002 0 0.0739 0.0984 0.4612 0.5443 2.2812 0.8905 0.088 0.3758 0.5329 8.263 0.7084 -0.0097 0.6233 0.8044 4.328 -0.1314 0.1314 0.7237 0 0
61 492 473 101 0 0 0 0 1.002 0 0.2349 -0.4229 0.4493 0.5545 2.0865 0.9472 -0.5524 1.516 2.3134 30.214 0.619 -0.1618 0.5901 0.7572 4.6189 -0.1087 0.1087 1.1401 1 0
61 493 412 0 0 0 0 0 1.0005 0 -0.6091 -0.1836 0.4854 0.6174 3.0732 0.8827 -0.0305 0.7728 1.0786 14.8299 0.672 -0.2051 0.6314 0.7968 4.1891 -0.0483 0.0483 0.7882 0 0
61 494 422 1 0 0 0 0 1.0008 0 0.7933 0.068 0.3375 0.4242 2.9513 0.8892 -0.4088 0.5894 1.1469 18.7549 0.6078 -0.1059 0.6157 0.8172 4.3581 -0.0206 0.0206 0.8265 1 0
61 495 415 12 0 0 0 0 1.0005 0 -0.0981 -0.2691 0.417 0.4535 2.0587 0.9276 0.2922 0.8505 1.3746 20.6011 0.6829 0.0513 0.562 0.6972 4.415 0.1177 0.1177 0.8378 1 0
61 496 417 0 0 0 0 0 1.0005 0 0.1662 -0.0141 0.2326 0.3208 1.8009 0.9277 -0.2557 0.443 0.5655 6.3403 0.6057 0.0314 0.6814 0.9018 4.0797 -0.0703 0.0703 0.676 0 0
61 497 429 0 0 0 0 0 1.0004 0 0.6071 -0.1426 0.2458 0.2974 1.9051 0.9686 -0.1564 0.3676 0.4959 8.8293 0.6917 0.0145 0.577 0.7543 4.1856 -0.2173 0.2173 0.7325 0 0
61 498 452 0 0 0 0 0 1.0003 0 0.6994 0.051 0.1063 0.1643 1.6441 0.979 -0.2778 0.2947 0.3365 1.9358 0.773 -0.2176 0.5421 0.7189 4.4077 0.155 0.155 0.5833 0 0
61 499 473 0 0 0 0 0 1.0003 0 0.0728 -0.069 0.3517 0.4318 2.2513 0.952 -0.0113 0.619 0.9654 16.3069 0.7227 -0.0186 0.5457 0.7153 4.0998 -0.0818 0.0818 0.7137 0 0
61 500 429 0 0 0 0 0 1.0003 0 0.8243 -0.2461 0.2461 0.3181 1.6029 0.9695 -0.0599 0.4438 0.651 9.0935 0.668 -0.1373 0.6151 0.756 4.1554 -0.1683 0.1683 0.7748 0 0
