cond r run.time ndiv nbfmi ntree nbulk ntail maxRhat nRhat alpha.cor alpha.bias alpha.abbias alpha.rmse alpha.CI beta.cor beta.bias beta.abbias beta.rmse beta.CI theta.cor theta.bias theta.abbias theta.rmse theta.CI lambda.bias lambda.abbias lambda.CI corrupt efficiency
36 1 1211 0 0 0 0 0 1.0006 0 0.9342 0.0378 0.1637 0.2021 1.2445 0.9987 0.0416 0.0735 0.1066 1.9049 0.6996 -0.0434 0.5731 0.7334 4.0882 -0.0069 0.0069 0.338 0 0
36 2 1256 0 0 0 0 0 1.0014 0 0.98 0.0932 0.0932 0.1162 1.4494 0.9966 0.0429 0.0776 0.1055 1.9632 0.6182 -0.0185 0.6449 0.8213 4.0423 -0.1704 0.1704 0.4145 0 0
36 3 1230 0 0 0 0 0 1.0014 0 0.8377 0.1139 0.1876 0.2479 1.1119 0.994 0.1476 0.1614 0.2183 1.2398 0.6533 0.0949 0.6413 0.8225 4.0102 -0.0272 0.0272 0.3344 0 0
36 4 1227 0 0 0 0 0 1.0034 0 0.4958 -0.1552 0.3362 0.3614 2.0201 0.9756 -0.025 0.2931 0.39 4.099 0.6357 -0.0402 0.6407 0.817 4.081 -0.2271 0.2271 0.6029 0 0
36 5 1231 0 0 0 0 0 1.0008 0 0.9598 -0.066 0.1533 0.2003 1.1785 0.964 0.0999 0.2108 0.3587 2.7677 0.6573 -0.0401 0.6095 0.7707 4.1981 0.082 0.082 0.4379 0 0
36 6 1262 0 0 0 0 0 1.0008 0 0.9048 -0.2346 0.2581 0.3674 0.7936 0.9878 -0.0465 0.1865 0.2756 2.1708 0.6857 0.049 0.591 0.7518 4.458 0.2587 0.2587 0.3242 0 0
36 7 1272 0 0 0 0 0 1.0012 0 0.4028 0.0827 0.4298 0.4927 1.8965 0.9658 0.0153 0.2574 0.316 2.3494 0.6359 -0.1141 0.6531 0.8191 4.1263 -0.2293 0.2293 0.458 0 0
36 8 1228 0 0 0 0 0 1.0006 0 0.2604 -0.0119 0.1641 0.1823 0.9191 0.9891 -0.1217 0.1634 0.209 1.0755 0.7515 -0.0252 0.5673 0.7273 4.0596 -0.0016 0.0016 0.3571 0 0
36 9 1189 0 0 0 0 0 1.001 0 0.9475 0.1417 0.3403 0.4348 2.1844 0.9909 -0.0967 0.2843 0.3803 3.9285 0.6123 -0.1084 0.6488 0.8035 4.0923 -0.0371 0.0371 0.409 0 0
36 10 1238 0 0 0 0 0 1.0009 0 0.8977 0.0151 0.1133 0.1392 1.1005 0.9809 0.0117 0.1455 0.1857 2.295 0.6569 0.0728 0.6251 0.7967 4.25 0.1002 0.1002 0.4419 0 0
36 11 1188 0 0 0 0 0 1.001 0 0.9548 -0.1063 0.215 0.2572 1.0151 0.9712 -0.0873 0.2476 0.3468 3.4544 0.5644 0.0808 0.6388 0.8107 4.2537 0.0429 0.0429 0.5533 0 0
36 12 1224 0 0 0 0 0 1.0061 0 0.9263 0.0134 0.1681 0.185 1.9098 0.9463 0.0139 0.2026 0.3169 3.7466 0.6218 0.0129 0.6918 0.8665 4.1884 0.1107 0.1107 0.3786 0 0
36 13 1252 0 0 0 0 0 1.0019 0 0.7792 0.0085 0.1447 0.1756 1.2157 0.9956 0.2218 0.2357 0.3022 2.4071 0.6678 0.0158 0.5541 0.7181 4.0419 -0.1954 0.1954 0.3991 0 0
36 14 1242 0 0 0 0 0 1.0048 0 -0.935 -0.1616 0.4054 0.4399 1.4281 0.9865 -0.111 0.3454 0.4397 4.7365 0.5962 -0.0521 0.6462 0.8269 4.0829 -0.24 0.24 0.5076 0 0
36 15 1274 0 0 0 0 0 1.0011 0 -0.31 0.0598 0.4242 0.4954 2.2878 0.9362 -0.1586 0.3463 0.4187 2.0464 0.5682 -0.0875 0.6819 0.874 4.097 -0.3225 0.3225 0.5018 0 0
36 16 1243 0 0 0 0 0 1.0012 0 -0.2625 -0.0717 0.1543 0.1674 0.7976 0.9948 -0.0674 0.1511 0.1795 1.9584 0.6171 -0.031 0.6626 0.8476 4.4259 0.2356 0.2356 0.3767 0 0
36 17 1299 542 0 0 0 0 1.0034 0 -0.4475 -0.369 0.369 0.3798 0.8817 0.9956 -0.4857 0.531 0.5943 4.3951 0.6041 0.2468 0.7116 0.897 5.5072 0.3687 0.3687 0.5378 1 0
36 18 1275 0 0 0 0 0 1.001 0 0.9149 -0.0951 0.1632 0.1987 0.9315 0.9924 0.1773 0.2128 0.2475 1.8354 0.7117 0.0759 0.5389 0.6901 4.15 0.0828 0.0828 0.337 0 0
36 19 1253 0 0 0 0 0 1.0008 0 -0.2778 -0.0741 0.1568 0.1639 1.2196 0.9952 0.119 0.1342 0.1745 2.1218 0.6533 -0.0245 0.6256 0.7716 4.1146 -0.0568 0.0568 0.4675 0 0
36 20 1205 0 0 0 0 0 1.0003 0 0.6461 0.0398 0.1465 0.1801 1.034 0.997 0.0197 0.1357 0.1762 1.935 0.6213 -0.035 0.6221 0.8035 4.179 0.023 0.023 0.3795 0 0
36 21 1218 0 0 0 0 0 1.0009 0 0.3125 0.1013 0.1537 0.1647 1.2799 0.9913 -0.1318 0.2514 0.3047 4.2262 0.5867 -0.0246 0.6612 0.8299 4.2772 -0.007 0.007 0.5061 0 0
36 22 1302 0 0 0 0 0 1.0005 0 0.9997 -0.1994 0.1994 0.21 1.1464 0.9928 0.1247 0.3038 0.373 2.2316 0.7106 -0.0222 0.5689 0.7189 4.1965 0.1663 0.1663 0.3381 0 0
36 23 1190 0 0 0 0 0 1.0007 0 0.3933 -0.0223 0.164 0.1825 1.1189 0.9927 0.2132 0.2424 0.3613 3.6119 0.5879 0.0988 0.6626 0.83 4.1973 0.1097 0.1097 0.428 0 0
36 24 1217 0 0 0 0 0 1.0011 0 0.3792 -0.0456 0.2062 0.2276 1.3071 0.9898 -0.1829 0.2979 0.4237 4.6655 0.6829 0.0518 0.5964 0.7637 4.0605 -0.1082 0.1082 0.4373 0 0
36 25 1225 0 0 0 0 0 1.0012 0 0.923 0.2072 0.2301 0.3102 1.822 0.9772 0.1261 0.1699 0.2296 2.6184 0.5309 0.0287 0.6977 0.8552 4.2504 -0.3075 0.3075 0.5229 0 0
36 26 1209 0 0 0 0 0 1.0034 0 0.9869 0.1372 0.1372 0.1555 1.2466 0.9845 -0.1087 0.1622 0.2077 2.0853 0.6136 -0.0483 0.6774 0.8455 4.1352 -0.0572 0.0572 0.4449 0 0
36 27 1207 0 0 0 0 0 1.0002 0 -0.4095 0.0351 0.2065 0.2141 1.1331 0.9903 0.1765 0.192 0.2602 2.348 0.6378 -0.027 0.6367 0.8115 4.1056 0.0181 0.0181 0.395 0 0
36 28 1581 0 0 0 0 0 1.005 0 -0.9968 -0.1384 0.232 0.3277 1.9029 0.9591 1.1478 1.583 2.6002 23.704 0.411 -0.0538 0.6983 0.8934 4.1071 -0.3402 0.3402 0.7434 0 0
36 29 1247 0 0 0 0 0 1.0021 0 0.8556 0.0444 0.1425 0.1495 1.6404 0.9911 0.0327 0.1026 0.1313 2.1867 0.5368 0.0081 0.7071 0.894 4.1556 -0.0332 0.0332 0.5772 0 0
36 30 1281 0 0 0 0 0 1.0007 0 0.4479 -0.215 0.5267 0.5716 1.0058 0.9793 3e-04 0.3006 0.3453 2.2569 0.6966 -0.0741 0.5713 0.7246 4.1624 0.136 0.136 0.3278 0 0
36 31 1246 0 0 0 0 0 1.0009 0 0.2753 -0.0632 0.3588 0.364 2.0147 0.9471 -0.2043 0.4813 0.706 7.6696 0.6114 0.0749 0.6603 0.8195 4.1216 -0.0723 0.0723 0.4729 0 0
36 32 1194 0 0 0 0 0 1.0005 0 0.2042 -0.1246 0.2252 0.2396 1.2598 0.9958 -0.2218 0.2366 0.2984 2.5177 0.6359 0.0273 0.6258 0.803 4.1919 0.0335 0.0335 0.5285 0 0
36 33 1267 0 0 0 0 0 1.0004 0 0.9325 -0.1045 0.1045 0.1276 0.8461 0.9979 -0.2134 0.2407 0.2955 2.0865 0.6602 -0.0334 0.6462 0.8157 4.2909 0.1788 0.1788 0.3239 0 0
36 34 1196 0 0 0 0 0 1.0005 0 0.9738 0.132 0.1711 0.1948 1.0823 0.9887 -0.0559 0.1887 0.2426 2.4771 0.657 -0.0183 0.6202 0.7786 4.0619 -0.0493 0.0493 0.3427 0 0
36 35 1250 0 0 0 0 0 1.0013 0 0.9339 -0.029 0.0487 0.056 1.1585 0.9969 0.0281 0.0844 0.1109 2.8167 0.5999 -0.0117 0.6404 0.809 4.1454 0.0238 0.0238 0.4184 0 0
36 36 1263 0 0 0 0 0 1.0009 0 0.9937 0.0034 0.0619 0.0672 1.1749 0.9972 -0.0295 0.1051 0.1468 1.8956 0.6956 0.0674 0.5907 0.7399 4.0893 -0.0499 0.0499 0.3666 0 0
36 37 1251 0 0 0 0 0 1.0006 0 0.7838 0.0145 0.1707 0.1767 1.1268 0.9915 0.0687 0.117 0.1383 0.9262 0.7075 0.0549 0.5622 0.7191 4.0855 0.031 0.031 0.313 0 0
36 38 1207 0 0 0 0 0 1.0002 0 0.9638 -0.0765 0.0765 0.0886 0.8669 0.9991 0.0961 0.1007 0.1285 2.1747 0.6312 0.0717 0.6458 0.8086 4.228 0.1054 0.1054 0.4318 0 0
36 39 1292 0 0 0 0 0 1.0004 0 0.979 -0.0506 0.1814 0.182 1.2264 0.9889 -0.0711 0.1715 0.2137 1.5404 0.7479 -0.0965 0.5486 0.6826 4.0926 0.0396 0.0396 0.3013 0 0
36 40 1240 0 0 0 0 0 1.0005 0 0.9489 0.0109 0.0925 0.1041 1.0739 0.9967 -0.035 0.0795 0.098 1.9656 0.6148 -0.0381 0.6708 0.8397 4.1857 0.1037 0.1037 0.357 0 0
36 41 1217 0 0 0 0 0 1.0009 0 0.986 -0.0898 0.1357 0.1486 1.0904 0.9866 0.002 0.205 0.2463 2.8562 0.5672 0.0437 0.6593 0.8407 4.4151 0.1862 0.1862 0.4909 0 0
36 42 1203 0 0 0 0 0 1.0035 0 0.7712 0.0785 0.0785 0.0879 1.203 0.9973 0.034 0.0815 0.0924 3.3502 0.5191 -0.006 0.6685 0.8645 4.365 -0.1633 0.1633 0.7011 0 0
36 43 1307 0 0 0 0 0 1.0021 0 0.8253 -0.212 0.2323 0.2762 1.447 0.9687 0.3741 0.5509 0.7966 5.6683 0.4826 6e-04 0.6641 0.8548 4.3087 0.1428 0.1428 0.4498 0 0
36 44 1314 0 0 0 0 0 1.0007 0 0.4877 -0.227 0.2996 0.3289 1.0877 0.9505 -0.578 0.7029 1.1585 9.4441 0.6398 -0.001 0.6185 0.7817 4.2895 0.1198 0.1198 0.5539 0 0
36 45 1212 0 0 0 0 0 1.001 0 0.9943 -0.0874 0.1113 0.1477 1.2384 0.9845 0.013 0.219 0.3038 2.885 0.6762 -0.1411 0.6058 0.776 4.2372 0.1257 0.1257 0.3216 0 0
36 46 1282 0 0 0 0 0 1.0109 2 0.4625 0.0711 0.1439 0.1709 2.5981 0.9891 0.0586 0.2103 0.2886 3.8842 0.5617 -0.0327 0.6398 0.7981 4.1775 -0.1576 0.1576 0.5877 1 0
36 47 1255 0 0 0 0 0 1.0012 0 0.873 0.1477 0.2158 0.2925 1.5286 0.9887 -0.0372 0.2131 0.2588 2.1423 0.7247 0.0666 0.5509 0.7245 4.1037 -0.0068 0.0068 0.3248 0 0
36 48 1170 0 0 0 0 0 1.0012 0 0.735 0.0769 0.1392 0.1488 1.1985 0.9949 -0.0153 0.0929 0.1103 2.0081 0.6186 -0.0161 0.6238 0.7995 4.1062 -0.1705 0.1705 0.4856 0 0
36 49 1267 0 0 0 0 0 1.0024 0 0.5711 -0.2338 0.2928 0.3295 1.6436 0.9573 -0.2194 0.5209 0.7579 7.7815 0.6373 0.041 0.6077 0.7749 4.1718 -0.0856 0.0856 0.631 0 0
36 50 1251 0 0 0 0 0 1.0004 0 0.9849 0.2039 0.2039 0.2112 1.5472 0.9904 -0.2554 0.2822 0.4176 1.9208 0.6227 -0.0723 0.6537 0.8145 4.1012 0.0179 0.0179 0.3493 0 0
36 51 1254 0 0 0 0 0 1.0012 0 0.2836 -0.0534 0.1737 0.1787 1.1209 0.989 0.023 0.1458 0.1796 1.4217 0.6555 0.0105 0.6264 0.7914 4.1711 0.072 0.072 0.4406 0 0
36 52 1208 0 0 0 0 0 1.0026 0 0.7393 -0.3714 0.3763 0.5609 1.4847 0.9846 0.5672 0.6359 0.8797 4.6266 0.6048 0.0217 0.6194 0.795 4.3482 -0.1223 0.1223 0.6152 0 0
36 53 1209 0 0 0 0 0 1.0006 0 0.9438 -0.0694 0.0774 0.0903 1.1209 0.9985 0.0589 0.1177 0.1551 2.0179 0.6446 0.0526 0.6146 0.7788 4.0609 -0.1077 0.1077 0.4904 0 0
36 54 1186 0 0 0 0 0 1.0016 0 -0.9999 -0.1865 0.2489 0.3021 1.4899 0.9828 0.0234 0.2758 0.386 3.1376 0.5978 0.0588 0.6199 0.785 4.2285 -0.049 0.049 0.5462 0 0
36 55 1239 0 0 0 0 0 1.0003 0 0.8609 0.1197 0.2575 0.3395 1.3019 0.9614 -0.0309 0.2917 0.4289 6.0221 0.6719 -0.0403 0.5897 0.7481 4.1466 0.0336 0.0336 0.3324 0 0
36 56 1274 0 0 0 0 0 1.0012 0 0.9554 -0.0291 0.0444 0.0645 0.9148 0.9901 -0.081 0.2241 0.2579 1.8183 0.6379 -0.0185 0.604 0.7633 4.2357 0.0749 0.0749 0.4592 0 0
36 57 1265 0 0 0 0 0 1.0007 0 0.8746 -0.1643 0.1643 0.1856 1.0053 0.9961 -0.0619 0.2664 0.3733 4.6509 0.6403 -0.0181 0.6244 0.799 4.1806 7e-04 7e-04 0.4389 0 0
36 58 1242 0 0 0 0 0 1.0005 0 0.0397 -0.0571 0.1786 0.1819 1.1205 0.9882 0.069 0.2619 0.3236 3.0133 0.5585 -0.0471 0.6678 0.8521 4.2214 0.1006 0.1006 0.4789 0 0
36 59 1234 0 0 0 0 0 1.0005 0 0.66 -0.2597 0.2597 0.27 0.9035 0.9982 -0.0605 0.4801 0.5566 4.6905 0.5857 0.029 0.6496 0.8084 4.1834 0.0054 0.0054 0.5446 0 0
36 60 1279 0 0 0 0 0 1.003 0 0.9142 0.0327 0.2194 0.2558 1.7505 0.9945 -0.0394 0.198 0.2397 2.5532 0.6621 -0.0858 0.6021 0.7609 4.0784 -0.0933 0.0933 0.4033 0 0
36 61 1245 0 0 0 0 0 1.001 0 0.9367 -0.2105 0.2105 0.2122 0.8698 0.9988 0.0053 0.1601 0.1868 1.592 0.7149 0.0181 0.5552 0.7171 4.2181 0.1107 0.1107 0.3698 0 0
36 62 1198 0 0 0 0 0 1.0008 0 -0.1338 0.0622 0.3327 0.3807 1.6806 0.9773 0.2495 0.3101 0.3983 3.5666 0.5958 -0.0436 0.6599 0.8248 4.1052 -0.0422 0.0422 0.4578 0 0
36 63 1245 0 0 0 0 0 1.0021 0 0.9843 0.1668 0.1998 0.2265 1.2107 0.9943 0.0725 0.0928 0.1283 1.7021 0.659 0.0352 0.6122 0.7783 4.1215 0.0107 0.0107 0.3567 0 0
36 64 1281 0 0 0 0 0 1.0015 0 0.9498 -0.147 0.2199 0.2502 0.8834 0.9875 0.133 0.2208 0.2904 1.8166 0.6463 0.0541 0.6371 0.7994 4.1498 0.0678 0.0678 0.4542 0 0
36 65 1303 0 0 0 0 0 1.0014 0 0.2463 -0.1329 0.2247 0.3148 0.9783 0.9787 -0.1946 0.2504 0.3941 2.7881 0.6734 0.0186 0.6198 0.7729 4.124 0.0196 0.0196 0.419 0 0
36 66 1242 0 0 0 0 0 1.0013 0 0.7479 -0.1111 0.137 0.1642 0.9044 0.9963 0.2112 0.2279 0.307 1.9081 0.6369 0.1628 0.6644 0.8357 4.5546 0.2556 0.2556 0.3354 0 0
36 67 1251 0 0 0 0 0 1.0004 0 0.5529 -0.0183 0.2827 0.3067 1.4451 0.9943 0.0044 0.1438 0.1872 2.4058 0.6577 0.021 0.5955 0.75 4.05 -0.06 0.06 0.3769 0 0
36 68 1238 0 0 0 0 0 1.0011 0 -0.8367 0.0391 0.191 0.1931 1.1114 0.9818 -0.2745 0.3071 0.3891 3.1734 0.5924 -0.0071 0.6908 0.8609 4.158 0.0833 0.0833 0.4019 0 0
36 69 1199 0 0 0 0 0 1.0003 0 -0.1454 -0.0322 0.1523 0.1647 0.9821 0.9886 -0.0495 0.1255 0.1798 1.4509 0.6858 0.0148 0.5641 0.7133 4.0504 -0.0544 0.0544 0.4218 0 0
36 70 1224 0 0 0 0 0 1.0009 0 0.8506 -0.2961 0.2961 0.3402 1.1241 0.9969 0.0426 0.3641 0.4892 4.4014 0.6498 -0.1338 0.6312 0.8221 4.1252 -0.025 0.025 0.5299 0 0
36 71 1229 0 0 0 0 0 1.0004 0 0.7897 -0.1869 0.201 0.2784 1.0742 0.9971 0.1387 0.1936 0.2498 1.9317 0.6908 0.0252 0.5635 0.7385 4.1933 0.0595 0.0595 0.3364 0 0
36 72 1191 0 0 0 0 0 1.0005 0 0.9314 0.023 0.055 0.067 1.1207 0.9985 -0.0172 0.0922 0.125 1.3248 0.7074 0.0414 0.5854 0.7528 4.0671 -0.0268 0.0268 0.364 0 0
36 73 1231 0 0 0 0 0 1.0014 0 0.4638 0.0151 0.1656 0.1944 1.2192 0.9961 -0.1241 0.1327 0.1662 1.4981 0.6841 -0.0494 0.5823 0.7498 4.0617 -0.1136 0.1136 0.3953 0 0
36 74 1206 0 0 0 0 0 1.0008 0 0.9631 -0.025 0.1551 0.1632 1.3197 0.9904 0.0364 0.2088 0.2839 3.6609 0.607 -0.0281 0.6744 0.8483 4.0872 -0.1314 0.1314 0.5085 0 0
36 75 1228 0 0 0 0 0 1.0009 0 0.5081 -0.1308 0.1308 0.1551 1.2996 0.9931 0.0261 0.1501 0.1959 3.2918 0.6147 -0.0361 0.6749 0.8531 4.122 0.0145 0.0145 0.4625 0 0
36 76 1258 0 0 0 0 0 1.0004 0 0.9943 0.1121 0.1121 0.1487 1.4418 0.998 0.0169 0.0959 0.1224 1.8509 0.6881 0.035 0.5918 0.7372 4.0448 -0.0476 0.0476 0.3492 0 0
36 77 1237 0 0 0 0 0 1.0013 0 0.9968 -0.0259 0.106 0.1149 1.2633 0.976 0.0514 0.1832 0.2752 2.3792 0.6862 -0.0546 0.5916 0.7577 4.1586 0.1055 0.1055 0.4041 0 0
36 78 1277 0 0 0 0 0 1.0005 0 0.9925 0.0516 0.0616 0.0735 1.2531 0.9952 0.0787 0.104 0.1524 1.4102 0.7243 0.0897 0.5632 0.7053 4.08 0.0027 0.0027 0.3661 0 0
36 79 1168 0 0 0 0 0 1.0009 0 -0.6612 0.0408 0.2946 0.3312 1.7393 0.9898 0.3997 0.3997 0.5037 4.6173 0.5723 -0.0292 0.6764 0.862 4.16 0.03 0.03 0.478 0 0
36 80 1245 0 0 0 0 0 1.0016 0 0.9982 -0.0865 0.0865 0.0996 1.4161 0.9972 0.1026 0.2377 0.3033 3.6842 0.621 -0.01 0.6647 0.845 4.0664 -0.047 0.047 0.4216 0 0
36 81 1225 0 0 0 0 0 1.0031 0 -0.6868 -0.0209 0.3653 0.4265 1.6379 0.9285 -0.1074 0.3747 0.5627 3.6613 0.6303 -0.0129 0.6246 0.7832 4.1513 -0.0775 0.0775 0.4102 0 0
36 82 1206 0 0 0 0 0 1.001 0 0.8827 0.0375 0.2058 0.2545 1.5325 0.9738 -0.0223 0.1865 0.2291 2.3975 0.6059 -0.0307 0.7028 0.8841 4.1962 -0.004 0.004 0.5005 0 0
36 83 1631 0 0 0 0 0 1.0036 0 0.9685 -0.1399 0.1399 0.1491 1.3141 0.9954 -0.053 0.3012 0.3782 4.6233 0.61 -0.0351 0.649 0.8158 4.1311 -0.1297 0.1297 0.5129 0 0
36 84 1231 0 0 0 0 0 1.0007 0 0.9968 0.1002 0.1905 0.2412 1.2942 0.9915 0.0805 0.1831 0.2138 2.3333 0.5843 -0.0279 0.6266 0.821 4.0827 -0.068 0.068 0.4163 0 0
36 85 1224 0 0 0 0 0 1.0031 0 0.926 -0.137 0.137 0.1802 1.389 0.9297 0.3802 0.6945 0.833 10.3483 0.472 0.0151 0.711 0.8831 4.2107 -0.1509 0.1509 0.6945 0 0
36 86 1187 0 0 0 0 0 1.0008 0 0.9883 -0.03 0.1026 0.1231 0.9013 0.9849 0.0368 0.1581 0.1816 1.8332 0.6347 0.0306 0.6517 0.8494 4.1509 0.0491 0.0491 0.3788 0 0
36 87 1246 0 0 0 0 0 1.0045 0 -0.4597 0.0012 0.2619 0.2832 1.5635 0.9892 0.0524 0.1853 0.2359 3.3707 0.6039 -0.1696 0.7048 0.875 4.3029 0.101 0.101 0.4137 0 0
36 88 1233 0 0 0 0 0 1.0011 0 0.9938 -0.0552 0.0552 0.0636 1.3272 0.9975 -0.2029 0.2318 0.2943 2.9849 0.5464 -0.0874 0.6875 0.8604 4.0721 -0.2295 0.2295 0.5461 0 0
36 89 1205 0 0 0 0 0 1.0007 0 0.7962 0.0727 0.2578 0.3028 1.3608 0.9795 -0.0782 0.1891 0.2909 2.5507 0.6884 0.035 0.5927 0.7633 4.0316 -0.0824 0.0824 0.3343 0 0
36 90 1262 0 0 0 0 0 1.0004 0 0.9137 -0.1672 0.1765 0.2705 0.8979 0.9982 0.1765 0.1811 0.2048 1.6566 0.7073 0.0452 0.5733 0.7423 4.083 0.0452 0.0452 0.3448 0 0
36 91 1278 0 0 0 0 0 1.0004 0 0.2292 -0.0248 0.0979 0.1196 1.0333 0.9966 0.0259 0.128 0.1788 2.3656 0.6154 0.0404 0.6395 0.7984 4.0874 -0.2204 0.2204 0.4205 0 0
36 92 1251 0 0 0 0 0 1.0003 0 0.4267 -0.0653 0.1865 0.2116 0.9452 0.9755 -0.0015 0.1597 0.2201 2.0053 0.6743 -0.0135 0.5952 0.747 4.2267 0.0877 0.0877 0.3645 0 0
36 93 1208 0 0 0 0 0 1.0003 0 0.8561 -0.1931 0.2098 0.2555 1.159 0.9454 0.0111 0.4457 0.6772 5.4348 0.5719 -0.0059 0.6632 0.8114 4.4525 0.1811 0.1811 0.5671 0 0
36 94 1229 0 0 0 0 0 1.0014 0 0.9279 -0.3306 0.3306 0.4176 1.1745 0.9946 -0.2099 0.4771 0.6947 6.8047 0.6797 0.0087 0.6014 0.7544 4.2407 0.0989 0.0989 0.4394 0 0
36 95 1235 0 0 0 0 0 1.0018 0 -0.1285 0.0552 0.3113 0.3236 1.112 0.9809 -0.1333 0.2357 0.2759 2.11 0.623 -0.0529 0.6504 0.8209 4.0749 -0.2395 0.2395 0.4493 0 0
36 96 1302 0 0 0 0 0 1.0008 0 0.2114 0.0159 0.422 0.4558 2.0937 0.9622 0.2245 0.5204 0.7318 5.9165 0.6124 0.0648 0.6225 0.799 4.1079 -0.0551 0.0551 0.4303 0 0
36 97 1242 0 0 0 0 0 1.0007 0 0.7333 -0.0619 0.1282 0.1413 1.1948 0.9938 0.183 0.2985 0.3766 4.258 0.5787 0.0682 0.6159 0.7922 4.0778 -0.2395 0.2395 0.5576 0 0
36 98 1253 0 0 0 0 0 1.001 0 0.8249 0.0571 0.1456 0.1869 1.6042 0.9672 -0.0527 0.3307 0.4124 5.0396 0.5626 0.0212 0.6692 0.8401 4.1495 -0.0045 0.0045 0.4941 0 0
36 99 1237 0 0 0 0 0 1.0005 0 0.6541 -0.0265 0.0771 0.0808 0.9231 0.9958 -0.2124 0.2291 0.2362 1.6206 0.6863 -0.1102 0.6034 0.7712 4.2481 0.1214 0.1214 0.3378 0 0
36 100 1223 0 0 0 0 0 1.0011 0 -0.1118 0.0609 0.2308 0.2735 1.214 0.9913 0.206 0.2302 0.2661 2.0528 0.4815 0.0706 0.7216 0.9094 4.1035 -0.4936 0.4936 0.482 0 0
36 101 1256 0 0 0 0 0 1.0007 0 0.9957 0.0707 0.0707 0.106 1.1687 0.998 -0.021 0.0775 0.0909 1.6558 0.6551 -0.0454 0.5864 0.7587 4.0779 0.0088 0.0088 0.3607 0 0
36 102 1270 0 0 0 0 0 1.0003 0 0.9982 0.1088 0.1088 0.121 1.1936 0.9988 -0.1454 0.1454 0.1583 1.6269 0.7603 -0.0122 0.5617 0.7108 4.058 0.0036 0.0036 0.3654 0 0
36 103 1224 0 0 0 0 0 1.0012 0 0.9807 0.0454 0.0454 0.0625 1.1719 0.9977 0.0144 0.1013 0.1137 2.4008 0.5916 0.0058 0.6391 0.8071 4.2591 0.0887 0.0887 0.4676 0 0
36 104 1217 0 0 0 0 0 1.0004 0 0.7547 -0.0699 0.1434 0.1907 1.3163 0.9906 0.2389 0.2661 0.4559 4.7533 0.5771 -0.0409 0.657 0.8488 4.0817 -0.0402 0.0402 0.4495 0 0
36 105 1281 0 0 0 0 0 1.0002 0 0.6329 -0.0539 0.0961 0.1151 0.9273 0.9917 -0.1476 0.1997 0.2241 2.4273 0.6342 -0.0823 0.6611 0.8195 4.2565 0.11 0.11 0.4382 0 0
36 106 1254 0 0 0 0 0 1.0005 0 0.2484 0.0223 0.2146 0.2372 1.0429 0.9926 0.1607 0.1955 0.2414 2.8082 0.6351 -0.0224 0.6181 0.7861 4.1581 0.0613 0.0613 0.3726 0 0
36 107 1255 0 0 0 0 0 1.0007 0 0.8077 -0.0282 0.1545 0.1598 1.4956 0.9857 -0.0392 0.2749 0.3207 5.3283 0.5651 -0.1034 0.6753 0.8535 4.2677 0.0922 0.0922 0.5018 0 0
36 108 1251 0 0 0 0 0 1.0007 0 -0.3765 0.0182 0.239 0.2624 1.2338 0.9913 0.0228 0.185 0.2292 1.8007 0.6818 -0.0202 0.5849 0.7569 4.0561 -0.076 0.076 0.3835 0 0
36 109 1218 0 0 0 0 0 1.0003 0 0.9801 -0.1204 0.1336 0.1768 1.1176 0.9956 0.0661 0.1491 0.1963 2.4518 0.6641 -0.0531 0.5556 0.7128 4.0981 -0.006 0.006 0.4492 0 0
36 110 1306 0 0 0 0 0 1.0012 0 -0.0748 -0.1516 0.1692 0.198 1.0163 0.9909 -0.0089 0.2742 0.3846 3.4431 0.6058 0.0223 0.6444 0.8074 4.0518 -0.0798 0.0798 0.4765 0 0
36 111 1223 0 0 0 0 0 1.0013 0 0.9409 -0.1113 0.1547 0.1689 1.5866 0.9854 0.355 0.4201 0.6587 5.3239 0.6762 -0.0106 0.6096 0.7562 4.1148 -0.012 0.012 0.4353 0 0
36 112 1208 0 0 0 0 0 1.0017 0 1 0.0101 0.1009 0.1117 1.7881 0.9882 -0.1691 0.2681 0.3654 3.6063 0.6031 -0.0189 0.6788 0.8495 4.0991 -0.0778 0.0778 0.5671 0 0
36 113 1250 0 0 0 0 0 1.001 0 -0.9003 -0.1025 0.1492 0.1841 1.323 0.9886 -0.3274 0.3391 0.4816 4.1324 0.5945 -0.1057 0.6405 0.8035 4.2288 -0.0427 0.0427 0.5386 0 0
36 114 1232 0 0 0 0 0 1.0015 0 -0.9148 -0.1066 0.1743 0.2499 1.0782 0.9827 -0.1988 0.2713 0.4267 3.4253 0.6868 -0.0405 0.5886 0.7439 4.1462 -0.0312 0.0312 0.4444 0 0
36 115 1232 0 0 0 0 0 1.0009 0 -0.5744 0.05 0.1565 0.1964 1.1554 0.9886 0.0535 0.2285 0.2994 2.7283 0.6346 0.0321 0.6436 0.8259 4.1435 7e-04 7e-04 0.3668 0 0
36 116 1233 0 0 0 0 0 1.0004 0 0.0493 -0.1464 0.32 0.3402 1.0344 0.9931 -0.0669 0.1668 0.2179 3.4049 0.6813 -0.1878 0.6257 0.7796 4.1822 0.1423 0.1423 0.3528 0 0
36 117 1260 0 0 0 0 0 1.0006 0 0.9695 -0.0855 0.0985 0.1527 0.9661 0.9803 -0.1522 0.1835 0.3268 2.6797 0.6787 0.0032 0.624 0.7949 4.2952 0.1745 0.1745 0.3329 0 0
36 118 1262 0 0 0 0 0 1.0014 0 -0.9977 -0.0991 0.2106 0.2605 1.1513 0.9458 -0.1759 0.3457 0.5666 4.7755 0.6039 0.044 0.6482 0.8263 4.2073 0.0664 0.0664 0.5068 0 0
36 119 1242 0 0 0 0 0 1.0014 0 0.9312 -0.1318 0.134 0.1646 1.3693 0.9956 -0.3792 0.4812 0.6924 8.5529 0.6298 -0.0049 0.6626 0.8402 4.1882 -0.0347 0.0347 0.5715 0 0
36 120 1273 0 0 0 0 0 1.0015 0 -0.9262 -0.0392 0.1215 0.1558 1.4375 0.9923 -0.1119 0.2121 0.2843 3.0668 0.6188 0.0401 0.6234 0.7825 4.0656 -0.0811 0.0811 0.4079 0 0
36 121 1237 0 0 0 0 0 1.0013 0 0.9709 -0.1433 0.1433 0.1585 1.0842 0.9947 0.0623 0.1467 0.1804 1.3972 0.6846 0.0242 0.5462 0.7022 4.0909 0.0074 0.0074 0.4101 0 0
36 122 1295 0 0 0 0 0 1.002 0 -0.1572 0.2156 0.3936 0.5471 2.0394 0.989 -0.0054 0.1599 0.2027 1.8739 0.6309 -0.1075 0.6689 0.8485 4.0718 -0.0711 0.0711 0.3855 0 0
36 123 1265 0 0 0 0 0 1.0012 0 -0.6033 0.0403 0.1388 0.1732 1.2323 0.9962 -0.1139 0.1538 0.2125 2.0138 0.6284 -0.0421 0.6269 0.8153 4.0347 -0.1308 0.1308 0.4328 0 0
36 124 1221 0 0 0 0 0 1.0033 0 0.9996 0.0416 0.2701 0.2812 1.4791 0.8772 -0.3985 0.7649 1.1359 10.2673 0.4878 -0.0855 0.7455 0.9305 4.2553 0.1381 0.1381 0.4856 0 0
36 125 1251 0 0 0 0 0 1.0008 0 0.6071 -0.0893 0.1557 0.163 0.9906 0.9902 -0.0142 0.1613 0.1969 1.9941 0.7153 -0.0062 0.5557 0.6985 4.0816 -0.0164 0.0164 0.356 0 0
36 126 1217 0 0 0 0 0 1.0018 0 0.4349 -0.0561 0.2302 0.2317 1.2915 0.99 -0.1178 0.1492 0.1943 2.0596 0.647 -0.0133 0.5889 0.7461 4.0981 -0.1312 0.1312 0.3868 0 0
36 127 1234 0 0 0 0 0 1.0008 0 0.783 -0.1187 0.1187 0.1253 0.8454 0.9961 -0.1442 0.2604 0.3628 2.3903 0.6362 -0.1465 0.6395 0.8199 4.3363 0.2026 0.2026 0.4493 0 0
36 128 1239 0 0 0 0 0 1.0006 0 0.7505 -0.1057 0.1427 0.1571 0.9845 0.9961 0.0088 0.0943 0.1139 1.2314 0.702 0.0181 0.5812 0.7296 4.0819 0.0046 0.0046 0.3402 0 0
36 129 1254 0 0 0 0 0 1.0012 0 0.9994 -0.0465 0.0523 0.0631 1.355 0.997 -0.0228 0.1038 0.1214 2.686 0.6704 0.0216 0.6007 0.7411 4.1366 0.0218 0.0218 0.3682 0 0
36 130 1257 0 0 0 0 0 1.0002 0 -0.8032 0.0679 0.2455 0.2982 1.0376 0.9812 -0.1506 0.3272 0.4446 3.4451 0.5654 0.0655 0.6972 0.8908 4.4139 0.2206 0.2206 0.3826 0 0
36 131 1259 0 0 0 0 0 1.0007 0 -0.2006 -0.1094 0.2189 0.2973 0.9232 0.987 -0.0239 0.231 0.2983 1.7498 0.6863 -0.085 0.6013 0.7606 4.1985 0.1337 0.1337 0.3926 0 0
36 132 1271 0 0 0 0 0 1.0011 0 -0.9561 -0.0408 0.2288 0.269 1.4801 0.9916 -0.1907 0.2967 0.447 5.6805 0.6417 0.0735 0.6813 0.8481 4.1076 -0.0664 0.0664 0.4724 0 0
36 133 1266 0 0 0 0 0 1.0024 0 0.7215 -0.0455 0.1847 0.1857 1.642 0.9869 -0.1691 0.2635 0.3822 3.9135 0.5664 -0.0255 0.6362 0.815 4.0816 -0.0207 0.0207 0.4268 0 0
36 134 1267 0 0 0 0 0 1.001 0 0.2587 0.0129 0.2653 0.3062 1.1565 0.9835 0.0885 0.2285 0.2796 2.055 0.6571 0.1045 0.6135 0.7697 4.1438 0.0554 0.0554 0.3354 0 0
36 135 1215 0 0 0 0 0 1.0028 0 0.0379 -0.1084 0.1983 0.2722 1.6774 0.9763 -0.5792 0.5903 1.0215 8.6233 0.5855 0.0339 0.6275 0.8063 4.1484 -0.0716 0.0716 0.6034 0 0
36 136 1240 0 0 0 0 0 1.0009 0 -0.2417 -0.13 0.1846 0.2005 1.1894 0.9982 -0.0548 0.2701 0.3377 3.3909 0.6366 0.0134 0.6628 0.8341 4.1863 0.0717 0.0717 0.4727 0 0
36 137 1257 0 0 0 0 0 1.0016 0 -0.3101 0.0048 0.2882 0.3429 1.6273 0.9724 0.0099 0.2243 0.306 3.1667 0.5962 0.0759 0.6615 0.8424 4.2372 0.0926 0.0926 0.4547 0 0
36 138 1209 0 0 0 0 0 1.0006 0 -0.753 0.016 0.3153 0.3452 1.3117 0.9754 0.4173 0.4719 0.7794 5.4637 0.6218 0.0535 0.6179 0.7914 4.1569 0.1181 0.1181 0.3473 0 0
36 139 1211 0 0 0 0 0 1.0011 0 0.7294 -0.2935 0.2935 0.2978 0.9151 0.9859 0.5101 0.549 0.7331 5.7074 0.5862 0.0263 0.6619 0.8411 4.2927 0.114 0.114 0.4861 0 0
36 140 1197 0 0 0 0 0 1.0004 0 -0.956 -0.1147 0.3394 0.3394 1.3944 0.9858 -0.1766 0.8997 1.0907 7.6291 0.5623 -0.1047 0.6695 0.8491 4.3105 0.131 0.131 0.5236 0 0
36 141 1225 0 0 0 0 0 1.0004 0 -0.94 -0.0402 0.212 0.26 1.0028 0.9867 -0.4037 0.433 0.6837 4.8737 0.5649 -0.0843 0.6651 0.8372 4.2245 0.114 0.114 0.4138 0 0
36 142 1258 0 0 0 0 0 1.0024 0 -0.2455 -0.0186 0.6769 0.7198 2.2268 0.9171 -0.5286 0.9525 1.4467 12.3796 0.5402 0.0223 0.6372 0.8176 4.1529 -0.0486 0.0486 0.5099 0 0
36 143 1254 0 0 0 0 0 1.0005 0 0.5599 0.0263 0.1399 0.1636 1.0415 0.9983 -0.0245 0.0849 0.0928 1.5496 0.677 -0.0332 0.5785 0.7453 4.1009 -0.0022 0.0022 0.3469 0 0
36 144 1275 0 0 0 0 0 1.0027 0 0.8709 -0.1587 0.2189 0.2376 1.5644 0.9701 -0.4391 0.4575 0.6712 5.7601 0.6412 -0.0161 0.602 0.7466 4.0511 -0.2289 0.2289 0.4599 0 0
36 145 1241 0 0 0 0 0 1.002 0 0.9854 -0.113 0.113 0.1204 1.2895 0.9957 -0.2452 0.2861 0.3579 3.0947 0.5996 -0.0516 0.6154 0.7865 4.0578 -0.148 0.148 0.5249 0 0
36 146 1259 0 0 0 0 0 1.0004 0 0.8795 -0.0473 0.0918 0.1265 0.8883 0.9986 -0.0181 0.054 0.0715 1.5742 0.6798 0.025 0.6164 0.7752 4.0704 0.0425 0.0425 0.3493 0 0
36 147 1248 0 0 0 0 0 1.0036 0 -0.5713 -0.0839 0.2776 0.335 1.4552 0.9747 -0.1863 0.4099 0.5811 4.79 0.5389 0.0435 0.6716 0.861 4.1286 -0.1555 0.1555 0.4961 0 0
36 148 1457 0 0 0 0 0 1.0018 0 0.9891 -0.0922 0.1022 0.13 1.2258 0.994 0.2356 0.4262 0.5694 4.8844 0.5647 0.1145 0.6869 0.8641 4.8109 0.2617 0.2617 0.5528 0 0
36 149 1247 0 0 0 0 0 1.0006 0 0.6871 0.1264 0.1978 0.2257 1.3098 0.9866 0.0594 0.1649 0.1878 2.0324 0.595 0.0104 0.6858 0.8662 4.0472 -0.0552 0.0552 0.3916 0 0
36 150 1246 0 0 0 0 0 1.0006 0 0.2484 -0.349 0.5411 0.6694 1.1661 0.9598 0.0323 1.0285 1.3439 10.829 0.5989 0.0519 0.6121 0.7883 4.2466 0.0823 0.0823 0.5152 0 0
36 151 1197 0 0 0 0 0 1.0016 0 -0.4292 0.1044 0.177 0.2332 1.5361 0.995 -0.0051 0.12 0.1492 3.161 0.6024 -0.0048 0.6671 0.8416 4.0624 -0.1311 0.1311 0.4507 0 0
36 152 1210 0 0 0 0 0 1.0019 0 0.6182 0.1647 0.3399 0.453 1.9827 0.9583 -1.2183 1.3589 2.3092 21.72 0.5184 -0.0356 0.6961 0.8856 4.0778 -0.2079 0.2079 0.4338 0 0
36 153 1238 0 0 0 0 0 1.0014 0 0.9987 0.0961 0.105 0.141 1.6439 0.9986 0.0773 0.0773 0.0936 1.6229 0.691 0.0437 0.6073 0.7732 4.087 -0.0246 0.0246 0.4056 0 0
36 154 1224 0 0 0 0 0 1.0009 0 0.9944 0.0065 0.1862 0.1959 1.1228 0.984 -0.0842 0.1907 0.2978 2.7894 0.6266 0.0259 0.6069 0.7755 4.0449 -0.108 0.108 0.4054 0 0
36 155 1221 0 0 0 0 0 1.0008 0 0.8599 -0.1676 0.1676 0.1903 1.2991 0.9766 0.1836 0.3764 0.6292 5.579 0.6457 0.038 0.6595 0.8202 4.1779 0.041 0.041 0.4568 0 0
36 156 1255 0 0 0 0 0 1.001 0 0.9687 0.0621 0.063 0.0812 1.0434 0.9983 -0.0248 0.1006 0.1155 1.5032 0.7151 -0.007 0.599 0.7624 4.0863 -0.0252 0.0252 0.331 0 0
36 157 1243 0 0 0 0 0 1.001 0 -0.9931 0.0331 0.3088 0.3409 1.3082 0.9748 -0.0131 0.2228 0.2704 2.1036 0.6221 -0.0863 0.6255 0.7902 4.2203 0.0517 0.0517 0.4249 0 0
36 158 1220 0 0 0 0 0 1.001 0 0.8078 0.081 0.1439 0.1922 1.3979 0.9911 0.0413 0.1567 0.1878 3.7392 0.6297 0.0733 0.6414 0.811 4.0972 -0.0211 0.0211 0.4215 0 0
36 159 1208 0 0 0 0 0 1.0005 0 0.751 -0.0174 0.1181 0.138 1.187 0.9933 0.0854 0.1612 0.2312 2.8592 0.6274 0.0239 0.666 0.8422 4.2296 0.0507 0.0507 0.5717 0 0
36 160 1209 0 0 0 0 0 1.0025 0 0.9566 0.0818 0.1429 0.1523 1.5141 0.9874 -0.0195 0.1333 0.1719 3.342 0.6348 -0.0373 0.6246 0.7906 4.0987 -0.0519 0.0519 0.4903 0 0
36 161 1255 0 0 0 0 0 1.0009 0 0.7764 0.0298 0.1342 0.1669 1.1474 0.9779 -0.0812 0.1729 0.2686 2.9978 0.586 0.0126 0.6794 0.8538 4.1062 0.0434 0.0434 0.371 0 0
36 162 1235 0 0 0 0 0 1.0004 0 0.9095 -0.0353 0.1781 0.2077 1.2933 0.9891 -0.0612 0.1888 0.2199 1.6017 0.7699 -0.077 0.4977 0.6538 4.2435 0.0956 0.0956 0.2828 0 0
36 163 1244 0 0 0 0 0 1.0086 0 0.946 -0.2301 0.2301 0.2439 1.8964 0.9672 -0.1673 0.827 1.0714 8.8162 0.6141 -0.0403 0.6281 0.7789 4.1741 -0.1263 0.1263 0.7494 0 0
36 164 1258 0 0 0 0 0 1.0002 0 0.9261 -0.0615 0.0928 0.1313 0.717 0.9879 0.0724 0.1685 0.2038 1.9919 0.5485 0.0276 0.7621 0.9431 4.9412 0.3615 0.3615 0.3593 0 0
36 165 1214 0 0 0 0 0 1.0003 0 0.8697 -0.0738 0.1061 0.1228 0.923 0.9962 0.112 0.1276 0.1461 2.1955 0.6814 0.062 0.6039 0.7509 4.1453 0.0694 0.0694 0.4226 0 0
36 166 1327 0 0 0 0 0 1.0005 0 0.6317 -0.1473 0.1564 0.253 1.205 0.9949 0.2224 0.2405 0.2957 2.2457 0.7905 0.2206 0.5305 0.6682 3.9975 -0.0478 0.0478 0.2918 0 0
36 167 1275 0 0 0 0 0 1.0009 0 0.8798 0.2044 0.2044 0.3055 1.562 0.9949 0.0266 0.1537 0.1893 2.2963 0.6528 -0.0202 0.6982 0.8604 4.0322 -0.0842 0.0842 0.4131 0 0
36 168 1209 0 0 0 0 0 1.0021 0 -0.6345 -0.2418 0.2418 0.3618 0.9307 0.9588 -0.3424 0.5322 0.8452 6.1165 0.5009 0.0182 0.688 0.8793 4.511 0.2031 0.2031 0.4753 0 0
36 169 1206 0 0 0 0 0 1.0004 0 0.9673 0.032 0.0789 0.1019 1.1779 0.9789 -0.109 0.138 0.2119 1.6112 0.7171 -0.0197 0.5889 0.7385 4.168 0.0632 0.0632 0.3644 0 0
36 170 1257 0 0 0 0 0 1.0008 0 0.2884 0.0618 0.1891 0.1961 0.9214 0.9867 0.1448 0.2021 0.2156 1.344 0.6835 0.0783 0.5693 0.7292 4.0979 -0.0361 0.0361 0.3826 0 0
36 171 1249 0 0 0 0 0 1.0002 0 0.9993 -0.0152 0.1591 0.1642 1.0147 0.9686 0.1778 0.2084 0.2681 1.6953 0.649 0.0897 0.6289 0.7861 4.0836 -0.0273 0.0273 0.4111 0 0
36 172 1203 0 0 0 0 0 1.0006 0 0.8593 0.0119 0.0897 0.1088 1.2026 0.9963 -9e-04 0.1255 0.1439 2.7762 0.6451 0.0557 0.6453 0.8045 4.2087 0.0817 0.0817 0.4076 0 0
36 173 1231 0 0 0 0 0 1.0006 0 -0.7726 0.0955 0.1588 0.1925 1.0352 0.9943 0.041 0.1711 0.2252 1.2988 0.6942 -0.0041 0.5884 0.7464 4.1157 0.0531 0.0531 0.3292 0 0
36 174 1273 0 0 0 0 0 1.0007 0 0.3429 0.115 0.2106 0.2918 1.1108 0.9891 0.0669 0.1289 0.1577 1.0408 0.6799 0.0681 0.6097 0.7824 4.1973 0.0256 0.0256 0.3627 0 0
36 175 1225 0 0 0 0 0 1.0021 0 0.9731 0.0931 0.3304 0.4015 2.1011 0.9932 -0.0403 0.1903 0.2343 2.5436 0.6627 -0.0965 0.6268 0.7914 4.0632 -0.0565 0.0565 0.3526 0 0
36 176 1226 0 0 0 0 0 1.0009 0 -0.5983 0.0552 0.4241 0.4756 1.9054 0.9747 0.3276 0.553 0.7301 6.3393 0.553 -0.0425 0.6852 0.8626 4.0429 -0.053 0.053 0.4455 0 0
36 177 1297 0 0 0 0 0 1.0015 0 0.822 0.0361 0.209 0.2558 1.2297 0.992 0.0117 0.1353 0.1618 3.3818 0.6877 0.1079 0.5815 0.7402 4.0086 -0.1243 0.1243 0.3741 0 0
36 178 1261 0 0 0 0 0 1.0008 0 0.987 0.084 0.084 0.104 1.1408 0.9908 0.0549 0.1093 0.1359 0.9806 0.7124 0.0196 0.5679 0.7263 4.073 -0.0541 0.0541 0.364 0 0
36 179 1269 0 0 0 0 0 1.0005 0 0.0678 0.012 0.4498 0.4815 1.366 0.9851 -0.2122 0.2631 0.3014 1.9036 0.7539 -0.0686 0.5503 0.7004 4.0171 0.0018 0.0018 0.3328 0 0
36 180 1506 0 0 0 0 0 1.0016 0 0.9581 0.0163 0.2765 0.3132 1.8236 0.9214 -0.1796 0.3368 0.5336 4.1553 0.6022 -0.0415 0.6816 0.8715 4.1036 0.0481 0.0481 0.393 0 0
36 181 1200 0 0 0 0 0 1.0024 0 0.9994 0.1803 0.1803 0.21 1.3287 0.9962 -0.0194 0.12 0.1431 1.6166 0.6051 0.042 0.6536 0.8081 4.0368 -0.2013 0.2013 0.4316 0 0
36 182 1199 0 0 0 0 0 1.0011 0 0.3167 -0.2574 0.351 0.4537 1.1291 0.9641 0.2333 0.6484 0.8706 6.6487 0.5333 -0.1207 0.6726 0.8717 4.2802 -0.0112 0.0112 0.6593 0 0
36 183 1197 0 0 0 0 0 1.0019 0 0.9788 0.0015 0.1082 0.118 1.9099 0.9849 0.2167 0.2276 0.3563 3.1278 0.6823 0.06 0.5756 0.7529 4.1132 -0.1196 0.1196 0.3939 0 0
36 184 1215 0 0 0 0 0 1.0005 0 -0.2051 0.0258 0.278 0.3287 1.4103 0.9668 5e-04 0.2163 0.2736 2.087 0.6159 -0.0694 0.6772 0.842 4.1228 0.0262 0.0262 0.4084 0 0
36 185 1210 0 0 0 0 0 1.0003 0 -0.3073 -0.0873 0.4767 0.4861 1.4451 0.9936 0.0503 0.3075 0.3892 3.737 0.6448 0.024 0.61 0.8018 4.1664 0.0523 0.0523 0.3607 0 0
36 186 1238 0 0 0 0 0 1.002 0 0.6714 -0.0778 0.1585 0.1619 1.164 0.9771 0.02 0.3422 0.4199 4.8064 0.6308 -0.0198 0.6568 0.8288 4.2565 0.0703 0.0703 0.5943 0 0
36 187 1223 0 0 0 0 0 1.0016 0 0.3802 0.0093 0.2937 0.323 1.4895 0.9587 -0.2225 0.3523 0.6031 5.1608 0.5915 0.0538 0.6449 0.7999 4.0029 -0.2616 0.2616 0.4235 0 0
36 188 1183 0 0 0 0 0 1.0005 0 0.9975 -0.2117 0.2117 0.2128 0.975 0.998 0.0969 0.2083 0.2388 2.2473 0.6927 0.0365 0.5717 0.7314 4.1735 0.0851 0.0851 0.4395 0 0
36 189 1219 0 0 0 0 0 1.0026 0 0.7073 0.1724 0.3061 0.4234 1.8066 0.9902 0.0313 0.1612 0.2168 1.978 0.6421 0.0384 0.6639 0.8537 4.0378 -0.1577 0.1577 0.3447 0 0
36 190 1267 0 0 0 0 0 1.0008 0 0.9119 0.0368 0.1101 0.1406 1.1773 0.9932 -0.0627 0.138 0.1546 2.2328 0.7027 -0.0639 0.5914 0.7555 4.069 -0.0409 0.0409 0.3752 0 0
36 191 1257 0 0 0 0 0 1.0009 0 0.6643 0.2222 0.3599 0.5062 1.8714 0.9688 -0.1893 0.2093 0.2889 1.2354 0.578 -0.068 0.6558 0.8204 4.0706 -0.0509 0.0509 0.3548 0 0
36 192 1263 0 0 0 0 0 1.0009 0 0.9463 0.0412 0.0881 0.1166 1.0696 0.9957 -0.036 0.0768 0.1107 1.1658 0.7123 0.0401 0.566 0.7302 4.0686 -0.0038 0.0038 0.3493 0 0
36 193 1205 0 0 0 0 0 1.0009 0 -0.683 -0.1595 0.2153 0.2346 1.0587 0.9866 -0.0895 0.3133 0.3562 3.4701 0.6346 0.0396 0.5913 0.7659 4.5383 0.1459 0.1459 0.4981 0 0
36 194 1258 0 0 0 0 0 1.0006 0 0.9594 0.0481 0.0765 0.0825 0.9701 0.9976 0.0446 0.1008 0.1171 3.1704 0.5624 -0.0668 0.7428 0.9171 4.3916 0.2048 0.2048 0.3823 0 0
36 195 1225 0 0 0 0 0 1.0008 0 -0.4694 0.2538 0.2538 0.3005 1.1917 0.9961 0.1065 0.1141 0.142 1.3441 0.7178 0.084 0.5853 0.7373 4.0638 9e-04 9e-04 0.378 0 0
36 196 1245 0 0 0 0 0 1.0007 0 0.9625 -0.1303 0.1566 0.237 0.9828 0.997 -0.018 0.0725 0.0971 1.4868 0.7448 -0.0496 0.5548 0.7158 4.1715 0.1091 0.1091 0.3511 0 0
36 197 1190 0 0 0 0 0 1.0086 0 -0.0314 -0.1708 0.2066 0.2985 1.9166 0.9814 -0.8742 1.2463 1.8525 16.408 0.5234 -0.0493 0.6962 0.8873 4.1957 -0.0913 0.0913 0.6611 0 0
36 198 1226 0 0 0 0 0 1.0017 0 0.4267 0.092 0.2887 0.3532 1.5016 0.9888 0.177 0.2427 0.2915 4.0417 0.6172 -0.0819 0.6255 0.7959 4.1507 -0.0302 0.0302 0.3948 0 0
36 199 1236 0 0 0 0 0 1.0008 0 0.9706 -0.0017 0.0759 0.0805 1.1627 0.9969 0.1263 0.1301 0.1529 1.155 0.7417 0.0661 0.5223 0.6786 4.0394 -0.0984 0.0984 0.293 0 0
36 200 1225 0 0 0 0 0 1.0015 0 -0.6236 -0.0107 0.3079 0.3477 1.4813 0.9644 -0.0328 0.3965 0.4771 3.4127 0.6117 0.0408 0.6694 0.8321 4.1966 0.0147 0.0147 0.557 0 0
36 201 1232 0 0 0 0 0 1.0005 0 -0.8929 -0.0459 0.2157 0.2291 1.0678 0.9888 -0.1854 0.2213 0.3008 2.7255 0.6164 0.0464 0.6471 0.8122 4.0565 -0.0686 0.0686 0.4341 0 0
36 202 1220 0 0 0 0 0 1.0006 0 -0.4222 0.0214 0.3881 0.4594 1.3905 0.9851 0.1711 0.2469 0.3091 2.2689 0.6755 0.0556 0.5839 0.7473 4.071 -0.1452 0.1452 0.4247 0 0
36 203 1214 0 0 0 0 0 1.0009 0 0.9972 -0.2681 0.2681 0.2708 1.1818 0.995 0.0536 0.2658 0.3507 2.8479 0.6852 0.0524 0.6127 0.7734 4.3425 0.1698 0.1698 0.3949 0 0
36 204 1186 0 0 0 0 0 1.0007 0 -0.1413 -0.1232 0.1232 0.1984 0.8113 0.9972 0.067 0.2023 0.2557 3.3651 0.5758 0.1001 0.6905 0.8805 4.6043 0.2584 0.2584 0.3991 0 0
36 205 1241 0 0 0 0 0 1.001 0 0.6425 -0.127 0.1671 0.253 1.187 0.995 0.0671 0.118 0.1562 2.5762 0.6701 0.0776 0.5911 0.7614 4.1072 0.0066 0.0066 0.4128 0 0
36 206 1269 0 0 0 0 0 1.0003 0 0.9632 -0.1694 0.1694 0.1881 0.9618 0.991 0.0298 0.127 0.22 1.9465 0.7238 0.0572 0.5777 0.7316 4.0782 0.012 0.012 0.3617 0 0
36 207 1212 0 0 0 0 0 1.0003 0 0.9979 -0.0753 0.0753 0.0833 1.0274 0.9827 0.0109 0.1778 0.2276 2.2207 0.6535 0.0184 0.5872 0.75 4.0823 0.0418 0.0418 0.3861 0 0
36 208 1235 0 0 0 0 0 1.0035 0 0.7963 -0.1377 0.152 0.1859 1.3583 0.9678 -0.3473 0.6004 0.9741 10.0815 0.582 -0.0094 0.652 0.8379 4.4156 0.1513 0.1513 0.6114 0 0
36 209 1227 0 0 0 0 0 1.0019 0 0.9006 0.0749 0.1944 0.2269 1.6324 0.9774 0.1334 0.2558 0.3252 4.0435 0.6139 0.0335 0.6598 0.8201 4.0574 -0.2791 0.2791 0.4011 0 0
36 210 1285 0 0 0 0 0 1.0006 0 0.9304 -0.0453 0.1139 0.1393 0.9829 0.9979 0.0245 0.0751 0.0925 1.0719 0.7698 0.0154 0.5186 0.6736 4.0844 0.0781 0.0781 0.2929 0 0
36 211 1213 0 0 0 0 0 1.0006 0 -0.141 0.1418 0.2927 0.3874 1.3012 0.9956 -0.0705 0.1166 0.1935 1.7286 0.6319 -0.0012 0.6122 0.7706 4.0314 -0.1421 0.1421 0.3656 0 0
36 212 1197 0 0 0 0 0 1.0012 0 0.6439 0.0067 0.1086 0.1137 1.289 0.9958 0.1018 0.1473 0.1851 3.6195 0.6134 -0.0705 0.6579 0.8239 4.1405 -0.1028 0.1028 0.553 0 0
36 213 1236 0 0 0 0 0 1.0008 0 0.339 -0.1376 0.202 0.247 1.0962 0.9797 0.1049 0.3796 0.4385 2.9461 0.6371 0.0901 0.636 0.8043 4.1775 0.0428 0.0428 0.463 0 0
36 214 1185 0 0 0 0 0 1.0013 0 0.687 0.1426 0.1673 0.2202 1.4975 0.9925 0.1397 0.157 0.1678 1.483 0.5218 0.0682 0.7108 0.8751 4.0644 -0.0742 0.0742 0.4249 0 0
36 215 1205 0 0 0 0 0 1.0006 0 0.9952 0.1274 0.1586 0.1864 1.3295 0.9925 0.1242 0.1565 0.1861 1.8826 0.6186 0.0185 0.6784 0.8565 4.0795 -0.067 0.067 0.4333 0 0
36 216 1254 0 0 0 0 0 1.0008 0 0.9996 -0.0244 0.115 0.116 0.9686 0.9958 -0.0564 0.0885 0.1063 1.353 0.72 -0.0064 0.566 0.725 4.0894 0.0025 0.0025 0.3101 0 0
36 217 1262 0 0 0 0 0 1.0019 0 0.7159 0.0188 0.0756 0.0813 1.295 0.9925 -0.2442 0.2727 0.3464 3.9458 0.6123 -0.106 0.6414 0.8122 4.1521 -0.0886 0.0886 0.5694 0 0
36 218 1261 0 0 0 0 0 1.0006 0 0.6427 -0.0141 0.2076 0.2451 1.6393 0.9901 -0.1039 0.1592 0.2085 2.8159 0.6549 0.021 0.609 0.7833 4.1039 -0.0609 0.0609 0.4142 0 0
36 219 1220 0 0 0 0 0 1.0006 0 0.696 -0.0632 0.2123 0.2136 1.2422 0.99 0.076 0.1544 0.2381 1.9534 0.613 0.032 0.6124 0.7989 4.0446 -0.1812 0.1812 0.3931 0 0
36 220 1267 0 0 0 0 0 1.0008 0 0.3051 0.0751 0.2195 0.281 1.374 0.9895 0.0121 0.1448 0.1871 1.6383 0.6543 -0.0371 0.5809 0.7468 4.1338 0.0575 0.0575 0.3333 0 0
36 221 1226 0 0 0 0 0 1.0005 0 0.1295 -0.1934 0.2252 0.2582 1.0605 0.9932 0.1919 0.3399 0.4583 3.771 0.6468 -0.029 0.6377 0.8069 4.2694 0.1787 0.1787 0.3646 0 0
36 222 1221 0 0 0 0 0 1.0054 0 0.7186 -0.2138 0.2138 0.2825 2.0763 0.971 0.9202 1.0022 1.2519 13.2653 0.5623 0.012 0.6898 0.867 4.1596 -0.1472 0.1472 0.7983 0 0
36 223 1201 0 0 0 0 0 1.001 0 0.926 -0.0676 0.0985 0.139 1.0852 0.9914 -0.0185 0.2076 0.2729 2.6611 0.5999 0.044 0.6085 0.7726 4.1665 -0.0488 0.0488 0.5513 0 0
36 224 1231 0 0 0 0 0 1.0003 0 0.8142 0.0283 0.1029 0.1075 0.9039 0.9844 0.1904 0.2403 0.2799 2.2357 0.6534 0.0219 0.6105 0.7788 4.1864 0.0892 0.0892 0.3584 0 0
36 225 1241 0 0 0 0 0 1.0007 0 0.9072 -0.1139 0.1139 0.1381 0.8863 0.9993 0.1009 0.1387 0.1814 2.1978 0.634 0.0849 0.6044 0.776 4.2041 0.1031 0.1031 0.336 0 0
36 226 1224 0 0 0 0 0 1.0021 0 0.9752 0.0268 0.1173 0.1218 1.3052 0.9932 -0.0121 0.1664 0.1864 3.3693 0.7025 -0.0438 0.6083 0.751 4.071 -0.0028 0.0028 0.39 0 0
36 227 1183 0 0 0 0 0 1.0006 0 -0.0563 -0.0586 0.1523 0.1825 0.9818 0.9942 0.22 0.2469 0.3431 2.9177 0.6242 0.0846 0.6368 0.8195 4.1989 0.0932 0.0932 0.3904 0 0
36 228 1206 0 0 0 0 0 1.0004 0 -0.1628 0.1463 0.57 0.6724 1.9903 0.9856 0.0753 0.3488 0.4581 3.4828 0.6615 -0.0855 0.5893 0.748 4.0815 -0.017 0.017 0.3432 0 0
36 229 1207 0 0 0 0 0 1.0005 0 0.9936 -0.1158 0.1518 0.2009 0.9079 0.9962 -0.0356 0.1003 0.1229 1.0187 0.7143 0.0561 0.5648 0.7222 4.2687 0.1382 0.1382 0.3629 0 0
36 230 1218 0 0 0 0 0 1.0018 0 0.7057 -0.2574 0.2574 0.3515 1.2278 0.9906 0.2978 0.4365 0.643 5.5735 0.6612 -0.0455 0.6183 0.7712 4.3646 0.1822 0.1822 0.4063 0 0
36 231 1260 0 0 0 0 0 1.0015 0 0.2662 -0.0478 0.166 0.2007 1.2961 0.9974 -0.0408 0.1806 0.24 3.0842 0.6671 0.0593 0.6038 0.7827 4.0975 -0.0358 0.0358 0.4014 0 0
36 232 1259 0 0 0 0 0 1.0003 0 0.2408 0.1697 0.2579 0.2951 1.1213 0.997 0.1414 0.144 0.17 1.0734 0.72 0.129 0.6059 0.7728 4.1029 0.0588 0.0588 0.2961 0 0
36 233 1261 0 0 0 0 0 1.0011 0 -0.9148 -0.0716 0.3996 0.4549 1.0768 0.9422 -0.0223 0.3293 0.4278 3.2469 0.6595 0.1243 0.613 0.7737 4.1092 -0.18 0.18 0.5125 0 0
36 234 1216 0 0 0 0 0 1.0014 0 0.7245 0.0564 0.1047 0.1335 1.1287 0.9944 -0.0286 0.1148 0.1336 1.4863 0.628 -0.049 0.6516 0.8343 4.1007 0.0117 0.0117 0.427 0 0
36 235 1246 0 0 0 0 0 1.0011 0 0.983 -0.1236 0.1236 0.1535 1.089 0.9853 0.2067 0.2201 0.3275 1.7179 0.6744 0.0312 0.6171 0.7665 4.1059 0.0132 0.0132 0.429 0 0
36 236 1218 0 0 0 0 0 1.0005 0 0.9999 0.0882 0.127 0.1545 1.3921 0.995 -0.1456 0.1688 0.1915 3.0221 0.6281 -0.1113 0.6603 0.8298 4.1095 -0.1187 0.1187 0.4261 0 0
36 237 1238 0 0 0 0 0 1.0008 0 0.922 0.1418 0.1501 0.2528 1.4473 0.9913 0.0383 0.1614 0.1984 2.2714 0.6436 0.0971 0.6207 0.7872 4.0975 -0.0278 0.0278 0.4057 0 0
36 238 1238 0 0 0 0 0 1.0006 0 -0.4935 -0.0034 0.1949 0.2082 1.0331 0.9819 -0.101 0.2053 0.275 2.7064 0.6234 -0.0101 0.6416 0.7987 4.2421 0.0842 0.0842 0.4719 0 0
36 239 1360 0 0 0 0 0 1.0019 0 0.9155 -0.052 0.1814 0.1818 1.4702 0.9828 0.1898 0.2406 0.3537 3.0402 0.6139 0.016 0.6364 0.8058 4.1114 -0.0883 0.0883 0.4687 0 0
36 240 1224 0 0 0 0 0 1.0005 0 -0.9869 -0.0953 0.1571 0.1729 0.923 0.9832 0.0569 0.2058 0.26 2.3242 0.6511 -0.0801 0.6018 0.7607 4.1326 0.0484 0.0484 0.3637 0 0
36 241 1251 0 0 0 0 0 1.0004 0 0.4682 0.0402 0.1071 0.1377 1.1112 0.9912 0.0068 0.1125 0.1442 1.5622 0.7469 -0.037 0.5507 0.6978 4.0319 -0.1129 0.1129 0.337 0 0
36 242 1266 0 0 0 0 0 1.002 0 -0.743 -0.0315 0.0932 0.1201 1.2763 0.9922 0.0933 0.1457 0.1767 2.4282 0.5778 0.0684 0.6541 0.8463 4.3437 -0.0858 0.0858 0.6286 0 0
36 243 1248 0 0 0 0 0 1.0005 0 0.9998 0.0916 0.0916 0.0921 1.2602 0.9961 0.0618 0.1953 0.2516 1.8905 0.686 0.0512 0.6151 0.7735 4.0759 -0.0489 0.0489 0.388 0 0
36 244 1272 0 0 0 0 0 1.0003 0 0.0799 0.0448 0.2704 0.284 0.8476 0.989 -0.0041 0.1184 0.1454 0.9776 0.7256 -0.0736 0.5507 0.7207 4.0828 0.086 0.086 0.2866 0 0
36 245 1263 0 0 0 0 0 1.0009 0 0.674 0.0495 0.1039 0.1294 1.0369 0.9952 -0.099 0.1314 0.1538 1.4415 0.7164 -0.1071 0.5854 0.733 4.0713 -0.1276 0.1276 0.3604 0 0
36 246 1228 0 0 0 0 0 1.0009 0 0.8244 0.1049 0.1339 0.1484 1.3187 0.9937 0.0834 0.1124 0.1351 1.3597 0.6628 -0.0249 0.6286 0.798 4.124 0.0259 0.0259 0.3823 0 0
36 247 1232 0 0 0 0 0 1.0007 0 0.926 -0.0936 0.1346 0.1479 1.2499 0.9977 0.0831 0.2108 0.2544 3.0797 0.613 0.0839 0.6085 0.7772 4.0493 -0.1227 0.1227 0.4829 0 0
36 248 1247 0 0 0 0 0 1.0015 0 0.5752 0.0859 0.2513 0.3154 1.44 0.9773 0.0286 0.1711 0.2362 1.8679 0.6358 -0.0054 0.6107 0.7777 4.1167 -0.0093 0.0093 0.3548 0 0
36 249 1235 0 0 0 0 0 1.0006 0 0.9998 0.0564 0.0564 0.0569 1.2256 0.9959 -0.0237 0.1072 0.1207 1.9181 0.6408 0.0677 0.6584 0.8334 4.2427 0.1118 0.1118 0.378 0 0
36 250 1193 0 0 0 0 0 1.0003 0 0.2732 -0.126 0.3111 0.3386 0.9666 0.9864 0.0195 0.2015 0.2486 2.2202 0.6821 -0.0122 0.6022 0.7657 4.1616 0.0124 0.0124 0.492 0 0
36 251 1204 0 0 0 0 0 1.0011 0 0.2768 0.0588 0.3376 0.3439 1.3984 0.8351 0.1028 0.4674 0.5397 4.0094 0.5116 0.0676 0.6951 0.8789 4.073 -0.126 0.126 0.4865 0 0
36 252 1237 0 0 0 0 0 1.0026 0 -0.7298 -0.0494 0.2015 0.2399 1.2516 0.9817 -0.0971 0.3799 0.5367 5.0783 0.518 0.0845 0.7121 0.8818 4.3793 0.1876 0.1876 0.4792 0 0
36 253 1504 0 3 0 0 0 1.0036 0 -0.7342 0.0494 0.4497 0.5005 3.5952 0.9822 -0.0411 0.5825 0.8036 6.2088 0.4981 -0.0294 0.6881 0.8506 4.0581 -0.1465 0.1465 0.5978 1 0
36 254 1230 0 0 0 0 0 1.0018 0 0.9869 0.2281 0.2281 0.242 1.2031 0.9946 0.1101 0.185 0.2503 1.3355 0.7307 -0.0573 0.5398 0.7076 4.0328 -0.0944 0.0944 0.327 0 0
36 255 1195 0 0 0 0 0 1.0008 0 0.9905 -0.0194 0.044 0.0475 1.1454 0.9964 0.0029 0.1002 0.1304 3.104 0.6808 0.0026 0.5973 0.7711 4.1031 -0.0291 0.0291 0.4659 0 0
36 256 1212 0 0 0 0 0 1.0008 0 0.8848 -0.0706 0.1027 0.1124 0.9745 0.9949 -0.0665 0.1111 0.1319 2.2717 0.6187 -0.0399 0.6711 0.8613 4.2265 0.1008 0.1008 0.3948 0 0
36 257 1235 0 0 0 0 0 1.0007 0 0.8958 -0.0498 0.1201 0.1465 0.9303 0.9805 -0.1309 0.2397 0.2793 1.9206 0.6282 -0.1274 0.6244 0.8265 4.1317 0.0514 0.0514 0.4582 0 0
36 258 1205 0 0 0 0 0 1.0008 0 0.5787 0.0792 0.3608 0.443 1.8724 0.9762 0.2684 0.3196 0.537 3.3035 0.6108 0.0084 0.6366 0.8149 4.1238 0.0287 0.0287 0.3768 0 0
36 259 1286 1 0 0 0 0 1.0036 0 -0.7294 -0.1161 0.3701 0.4128 2.1139 0.9447 0.4906 0.7226 1.0286 7.6801 0.5913 0.0345 0.6778 0.8458 4.4845 0.0283 0.0283 0.7298 1 0
36 260 1202 0 0 0 0 0 1.0007 0 0.2688 -0.2854 0.3513 0.4063 1.1813 0.9358 0.4104 0.5224 0.8223 6.4595 0.653 0.0111 0.6049 0.7745 4.2909 0.0508 0.0508 0.5428 0 0
36 261 1294 0 0 0 0 0 1.0007 0 0.8842 -0.1384 0.1384 0.1976 0.8918 0.9927 0.0356 0.1407 0.1881 1.4965 0.6545 0.0777 0.6208 0.7816 4.2111 0.146 0.146 0.389 0 0
36 262 1203 0 0 0 0 0 1.002 0 0.9384 0.1266 0.1266 0.1531 1.2763 0.9958 -0.0944 0.1097 0.139 1.4633 0.6835 -0.1068 0.5981 0.7606 4.1359 -0.0912 0.0912 0.362 0 0
36 263 1254 0 0 0 0 0 1.0011 0 0.9806 0.0246 0.1203 0.1329 1.6789 0.9949 -0.0122 0.115 0.1417 2.2987 0.7 -0.0928 0.622 0.7778 4.042 -0.0981 0.0981 0.3706 0 0
36 264 1227 0 0 0 0 0 1.001 0 0.9659 -0.2157 0.2157 0.2252 1.2326 0.9903 0.0297 0.365 0.418 3.2574 0.6104 -0.0399 0.6017 0.7728 4.1595 -0.0374 0.0374 0.5076 0 0
36 265 1241 0 0 0 0 0 1.0006 0 0.7766 0.0198 0.0923 0.1049 1.0654 0.9766 0.0207 0.1587 0.227 2.1199 0.6708 -0.0072 0.5936 0.7439 4.0937 0.0671 0.0671 0.3945 0 0
36 266 1231 0 0 0 0 0 1.0005 0 0.9853 0.0219 0.0711 0.0822 0.9455 0.996 0.038 0.0747 0.0976 1.0509 0.6864 0.0644 0.5841 0.7397 4.0991 0.0135 0.0135 0.3504 0 0
36 267 1321 0 0 0 0 0 1.0015 0 0.6525 0.1964 0.3285 0.464 1.6942 0.9289 0.0623 0.3407 0.4648 3.2442 0.6149 0.0446 0.6564 0.8248 4.0959 -0.1149 0.1149 0.3723 0 0
36 268 1238 0 0 0 0 0 1.0012 0 0.9995 0.1787 0.2956 0.3989 2.235 0.9048 -0.1839 0.4879 0.6542 5.9947 0.5211 -0.0183 0.6958 0.8749 4.1861 0.0435 0.0435 0.5131 0 0
36 269 1242 0 0 0 0 0 1.0004 0 0.3564 0.0065 0.0606 0.0737 0.9204 0.9985 -0.0808 0.102 0.124 2.2449 0.6813 -0.0443 0.5942 0.7422 4.0985 -0.0453 0.0453 0.4105 0 0
36 270 1234 0 0 0 0 0 1.001 0 -0.8736 -0.2498 0.2498 0.2637 0.7583 0.961 -0.1094 0.3609 0.607 4.7562 0.6149 0.1261 0.6868 0.8765 4.7334 0.287 0.287 0.4224 0 0
36 271 1242 0 0 0 0 0 1.001 0 0.8689 -0.0222 0.1396 0.1668 1.2533 0.9748 0.0248 0.1981 0.2972 2.0414 0.653 0.0029 0.6544 0.8212 4.2248 0.127 0.127 0.4078 0 0
36 272 1238 0 0 0 0 0 1.0025 0 0.5312 0.1024 0.254 0.3271 1.5468 0.9879 -0.1179 0.1971 0.268 2.8189 0.6477 -0.0814 0.5984 0.7669 4.0397 -0.1584 0.1584 0.3643 0 0
36 273 1198 0 0 0 0 0 1.0012 0 0.7123 0.1335 0.1373 0.1683 0.9127 0.9947 0.0544 0.099 0.1282 1.8036 0.6253 0.0702 0.6382 0.8189 4.1205 0.0418 0.0418 0.4162 0 0
36 274 1241 0 0 0 0 0 1.0014 0 -0.8877 -0.0403 0.2631 0.268 1.6833 0.9893 0.075 0.5406 0.633 4.8746 0.5633 -0.0431 0.6659 0.8409 4.0797 -0.0901 0.0901 0.4588 0 0
36 275 1261 0 0 0 0 0 1.0008 0 0.0742 -0.0492 0.2146 0.2561 1.1289 0.9787 0.1566 0.2419 0.3517 2.2937 0.6281 0.0656 0.6365 0.7994 4.0564 -0.0816 0.0816 0.425 0 0
36 276 1212 0 0 0 0 0 1.0015 0 -0.4396 -0.0336 0.3319 0.4065 1.8124 0.9406 0.2919 0.3987 0.6451 4.6765 0.6034 0.0556 0.6741 0.8305 4.0939 -0.1888 0.1888 0.5139 0 0
36 277 1264 0 0 0 0 0 1.0027 0 0.9537 -0.0146 0.1304 0.1476 1.6359 0.9889 0.193 0.2325 0.271 1.6057 0.6963 0.098 0.5958 0.7727 4.0933 -0.0096 0.0096 0.3457 0 0
36 278 1230 0 0 0 0 0 1.0008 0 0.9206 -0.0227 0.1273 0.1307 1.1616 0.9973 0.0338 0.068 0.0834 1.4971 0.74 -0.0242 0.5312 0.6813 4.0822 0.0241 0.0241 0.4173 0 0
36 279 1236 0 0 0 0 0 1.0015 0 0.9829 -0.2091 0.2091 0.3158 1.2277 0.9989 0.1697 0.2638 0.2921 6.5354 0.668 0.0323 0.6027 0.7453 4.1904 0.0885 0.0885 0.409 0 0
36 280 1238 0 0 0 0 0 1.001 0 0.9867 -0.0517 0.0788 0.0861 1.1462 0.9821 0.1019 0.1684 0.2464 3.2396 0.6059 -0.0746 0.6404 0.8158 4.0778 0.0041 0.0041 0.4409 0 0
36 281 1213 0 0 0 0 0 1.0009 0 0.9898 0.1604 0.1604 0.1709 1.2395 0.9975 0.0108 0.1816 0.2057 1.9514 0.6242 0.0446 0.6399 0.8066 4.2236 0.0832 0.0832 0.379 0 0
36 282 1238 0 0 0 0 0 1.0004 0 0.9157 0.0269 0.1355 0.1557 1.2346 0.9969 -0.0135 0.1136 0.1364 2.4292 0.6051 0.0066 0.631 0.7972 4.1674 -0.0268 0.0268 0.3779 0 0
36 283 1241 0 0 0 0 0 1.0007 0 0.92 -0.1857 0.1857 0.2204 0.9946 0.9716 -0.0477 0.3269 0.4458 4.035 0.5612 0.1018 0.6997 0.8684 4.3349 0.1917 0.1917 0.4433 0 0
36 284 1228 0 0 0 0 0 1.0005 0 0.9759 -0.1361 0.1475 0.191 1.4333 0.9989 -0.0615 0.0648 0.0894 1.6368 0.7652 -0.0936 0.5348 0.694 4.0362 -0.071 0.071 0.3546 0 0
36 285 1242 0 0 0 0 0 1.002 0 0.7815 0.117 0.2631 0.2672 1.2826 0.9689 -0.0222 0.1921 0.2492 2.1271 0.6873 -0.0313 0.6133 0.7609 4.0858 -0.0703 0.0703 0.3587 0 0
36 286 1204 0 0 0 0 0 1.0018 0 0.3683 0.0555 0.2804 0.3219 1.3935 0.8862 0.1946 0.3685 0.5616 4.7871 0.5638 0.0485 0.6516 0.8226 4.1125 -0.1477 0.1477 0.5295 0 0
36 287 1227 0 0 0 0 0 1.0006 0 0.98 0.0228 0.0915 0.1141 1.3173 0.9968 -0.0796 0.1531 0.2013 1.7273 0.6695 -0.0429 0.6214 0.7976 4.1448 0.0554 0.0554 0.3708 0 0
36 288 1245 1 0 0 0 0 1.0016 0 0.5905 -0.4274 0.4274 0.4735 1.0511 0.9973 -0.3037 0.9946 1.2045 9.2593 0.599 -0.0245 0.6363 0.8072 4.492 -0.0203 0.0203 0.8696 1 0
36 289 1247 0 0 0 0 0 1.0003 0 -0.0992 0.1215 0.3397 0.3401 1.196 0.9414 -0.0191 0.2678 0.3829 2.6198 0.6344 0.0529 0.6307 0.82 4.0271 -0.0923 0.0923 0.3307 0 0
36 290 1209 0 0 0 0 0 1.0017 0 0.9897 0.0031 0.0594 0.0658 1.5203 0.9871 -0.0096 0.1821 0.226 3.159 0.6586 0.114 0.5882 0.7448 4.0614 -0.0775 0.0775 0.3928 0 0
36 291 1191 0 0 0 0 0 1.0012 0 -0.337 0.1672 0.3841 0.4009 1.4574 0.9686 -0.0775 0.2002 0.2491 2.0988 0.6064 -0.1081 0.7161 0.8992 4.0974 -0.0869 0.0869 0.4038 0 0
36 292 1261 0 0 0 0 0 1.001 0 0.9978 -0.0836 0.0922 0.1216 1.2506 0.9778 -0.2855 0.3042 0.43 3.4131 0.5701 -0.0311 0.6398 0.8223 4.1499 -0.1077 0.1077 0.5244 0 0
36 293 1181 0 0 0 0 0 1.0038 0 -0.7215 -0.3512 0.5681 0.5946 2.1565 0.9681 -1.0465 2.1711 3.0456 23.8862 0.5014 -0.0364 0.6838 0.846 4.2667 -0.0305 0.0305 0.6673 0 0
36 294 1262 0 0 0 0 0 1.0054 0 0.7213 0.0946 0.1931 0.2597 2.4521 0.9828 0.0069 0.2541 0.3488 4.6077 0.5029 -0.0513 0.7377 0.9303 4.1878 -0.0265 0.0265 0.6067 0 0
36 295 1260 0 0 0 0 0 1.0027 0 0.7015 -0.1508 0.4493 0.4525 1.9029 0.9927 0.6573 1.0318 1.5902 13.1235 0.7086 0.0011 0.579 0.7285 4.0592 -0.1042 0.1042 0.4084 0 0
36 296 1555 0 0 0 0 0 1.0021 0 -0.217 -0.0922 0.1497 0.2136 1.4524 0.9541 -0.0779 0.5416 0.8068 6.7474 0.5372 -0.0495 0.6864 0.8641 4.5295 0.0361 0.0361 0.8062 0 0
36 297 1242 0 0 0 0 0 1.0003 0 0.9223 -0.0717 0.1671 0.1681 1.1136 0.9897 0.1542 0.1895 0.2302 1.7525 0.6748 0.0673 0.5989 0.7719 4.0625 -0.069 0.069 0.4032 0 0
36 298 1253 0 0 0 0 0 1.0019 0 0.9949 0.0494 0.0908 0.1081 1.1603 0.9993 -0.0366 0.0808 0.0881 2.9569 0.6479 -0.0401 0.6425 0.7939 4.2517 -0.0458 0.0458 0.4813 0 0
36 299 1236 0 0 0 0 0 1.0005 0 -0.8524 -0.0222 0.2472 0.2553 1.0942 0.979 -0.0783 0.2501 0.3022 2.5169 0.6372 0.0116 0.6423 0.7982 4.1414 0.0427 0.0427 0.4313 0 0
36 300 1262 0 0 0 0 0 1.0012 0 0.927 -0.0411 0.2333 0.2729 1.9371 0.9836 0.1493 0.2828 0.4565 3.9354 0.6402 -0.0102 0.6124 0.7995 4.079 0.0062 0.0062 0.4172 0 0
36 301 1189 0 0 0 0 0 1.0009 0 0.9499 -0.066 0.1056 0.1196 1.3091 0.9857 0.1984 0.2546 0.4046 4.0285 0.6286 0.1037 0.6704 0.8508 4.1407 -0.1067 0.1067 0.5013 0 0
36 302 1749 0 0 0 0 0 1.0057 0 0.7291 -0.0042 0.0845 0.0932 2.07 0.9868 -0.2419 0.2772 0.4038 6.3871 0.4962 -0.0154 0.713 0.8862 4.2582 -0.0405 0.0405 0.7304 0 0
36 303 1240 0 0 0 0 0 1.0003 0 0.955 0.0181 0.0843 0.0956 1.0891 0.9904 0.1324 0.1642 0.1986 2.7533 0.6142 0.0639 0.6404 0.8194 4.2147 0.0718 0.0718 0.4475 0 0
36 304 1215 0 0 0 0 0 1.0007 0 0.9042 0.0453 0.1156 0.1498 1.2348 0.9952 -0.0113 0.0978 0.1202 1.8755 0.7176 -0.0567 0.5791 0.7203 4.062 -0.1029 0.1029 0.3699 0 0
36 305 1199 0 0 0 0 0 1.0007 0 -0.5757 0.0609 0.3293 0.3754 1.5174 0.8684 0.0188 0.4927 0.676 5.5548 0.5169 -0.0473 0.7158 0.9 4.2887 0.0921 0.0921 0.4881 0 0
36 306 1234 0 0 0 0 0 1.0015 0 0.9104 0.1785 0.3134 0.4351 2.3968 0.9876 -0.0976 0.2511 0.2929 4.0237 0.58 0.0493 0.6594 0.8294 4.0905 -0.1944 0.1944 0.4855 0 0
36 307 1223 0 0 0 0 0 1.0042 0 1 0.3116 0.3116 0.3198 1.5683 0.9967 0.044 0.1125 0.1484 1.1997 0.7071 -0.0056 0.5783 0.7332 4.0064 -0.2074 0.2074 0.347 0 0
36 308 1441 0 0 0 0 0 1.0013 0 0.6373 -0.0879 0.211 0.2399 1.979 0.9409 -0.2289 0.3885 0.5751 5.1608 0.5284 0.0425 0.6457 0.8212 4.0339 -0.1515 0.1515 0.5324 0 0
36 309 1246 0 0 0 0 0 1.0012 0 -0.6132 -0.0152 0.1691 0.1882 1.0207 0.9924 -0.0177 0.1471 0.1791 2.2133 0.6301 0.0064 0.6098 0.7852 4.0845 -0.0167 0.0167 0.4202 0 0
36 310 1254 0 0 0 0 0 1.0054 0 0.9911 -0.0101 0.0307 0.0333 1.4351 0.9774 0.3161 0.475 0.5453 5.7144 0.4944 0.0948 0.6804 0.8473 4.1659 -0.1457 0.1457 0.7628 0 0
36 311 1217 0 0 0 0 0 1.0009 0 0.8535 0.1522 0.1626 0.2182 1.2304 0.9906 -0.041 0.1366 0.1751 1.9079 0.6182 -0.1004 0.634 0.7895 4.1114 -0.0569 0.0569 0.4339 0 0
36 312 1332 0 0 0 0 0 1.0012 0 0.9726 -0.2243 0.2243 0.2689 1.2168 0.976 0.1558 0.4868 0.777 5.0494 0.6319 0.0041 0.5975 0.7504 4.0972 0 0 0.5077 0 0
36 313 1279 0 0 0 0 0 1.001 0 0.3422 -0.0673 0.1727 0.1909 1.2649 0.9891 -0.3195 0.3447 0.4782 4.3127 0.5922 -0.0074 0.6902 0.8675 4.1411 0.034 0.034 0.4678 0 0
36 314 1239 0 0 0 0 0 1.001 0 0.9452 -0.2365 0.2365 0.2409 1.0154 0.9957 0.0795 0.2785 0.3433 2.2412 0.6698 -0.1063 0.5901 0.7421 4.1613 0.0453 0.0453 0.44 0 0
36 315 1226 0 0 0 0 0 1.0017 0 0.2762 0.0164 0.2847 0.3203 1.6289 0.9651 -0.2917 0.3533 0.5391 3.7345 0.5922 -0.0636 0.6729 0.8381 4.0409 -0.0912 0.0912 0.4634 0 0
36 316 1171 0 0 0 0 0 1.0007 0 0.8723 -0.0482 0.1857 0.2219 1.0357 0.9902 0.022 0.1399 0.1894 2.7527 0.6774 0.0381 0.5933 0.772 4.0969 0.0024 0.0024 0.4257 0 0
36 317 1248 0 0 0 0 0 1.0012 0 0.8737 -0.092 0.1311 0.1582 1.0524 0.9871 -0.0836 0.3675 0.4484 5.716 0.6026 -0.0398 0.662 0.8387 4.1838 -0.1194 0.1194 0.5711 0 0
36 318 1217 0 0 0 0 0 1.0005 0 -0.9991 -0.0687 0.1472 0.1513 0.9452 0.9851 -0.1128 0.2728 0.3443 2.6668 0.4959 -0.065 0.7077 0.872 4.5995 0.2396 0.2396 0.5014 0 0
36 319 1237 0 0 0 0 0 1.0009 0 0.9802 -0.1108 0.1177 0.1545 1.0236 0.9958 0.2237 0.3064 0.471 4.9818 0.6271 0.0375 0.6578 0.8235 4.171 0.0473 0.0473 0.4613 0 0
36 320 1198 0 0 0 0 0 1.0005 0 -0.4673 0.1467 0.1467 0.1797 1.0513 0.9952 0.0313 0.1224 0.1906 1.5062 0.6962 0.0356 0.6533 0.807 4.1316 -0.0944 0.0944 0.4232 0 0
36 321 1221 0 0 0 0 0 1.0007 0 0.8972 0.0536 0.1267 0.1395 1.1083 0.9912 -0.1083 0.1444 0.1631 1.5669 0.5946 -0.0569 0.6294 0.8119 4.1349 0.0508 0.0508 0.3869 0 0
36 322 1211 0 0 0 0 0 1.0004 0 -0.4442 0.0132 0.2113 0.2213 1.0442 0.9885 -0.1086 0.1936 0.2754 2.3892 0.6361 -0.0072 0.634 0.7972 4.1615 0.0083 0.0083 0.4339 0 0
36 323 1204 0 0 0 0 0 1.0006 0 0.7705 0.1554 0.1637 0.1974 1.0385 0.9828 -0.2422 0.2537 0.3107 3.5124 0.5339 -0.112 0.6473 0.8174 4.0982 -0.0331 0.0331 0.4324 0 0
36 324 1251 0 0 0 0 0 1.0014 0 0.8995 -0.1827 0.1827 0.2233 1.3068 0.9644 -0.336 0.4387 0.6629 5.0363 0.5823 -0.0349 0.6212 0.7911 4.2547 0.0609 0.0609 0.5409 0 0
36 325 1254 0 0 0 0 0 1.0008 0 0.7581 -0.078 0.1184 0.1641 1.2498 0.9966 0.1565 0.1734 0.2183 2.3941 0.6419 -6e-04 0.617 0.7891 4.0521 -0.1468 0.1468 0.4293 0 0
36 326 1202 0 0 0 0 0 1.0016 0 0.1003 -0.0315 0.4232 0.4412 2.0556 0.9808 0.1183 0.3164 0.4085 3.2001 0.5892 0.0274 0.657 0.8311 4.1537 -0.0294 0.0294 0.481 0 0
36 327 1272 0 0 0 0 0 1.002 0 0.9576 -0.0217 0.1551 0.1874 1.2854 0.9985 0.1217 0.1219 0.1575 1.9101 0.7187 0.0356 0.5517 0.697 4.0463 -0.1244 0.1244 0.338 0 0
36 328 1203 0 0 0 0 0 1.0008 0 0.9049 -0.047 0.2082 0.2449 0.9991 0.9733 0.1077 0.2237 0.2806 1.5026 0.6783 0.0302 0.5905 0.7544 4.2006 0.152 0.152 0.3371 0 0
36 329 1238 0 0 0 0 0 1.0005 0 0.8777 -0.1616 0.1651 0.2174 1.0494 0.9712 -0.165 0.3163 0.3525 1.9776 0.614 -0.0801 0.6275 0.8044 4.1314 0.0123 0.0123 0.4458 0 0
36 330 1271 0 0 0 0 0 1.0044 0 0.2951 -0.1209 0.1795 0.2535 1.6391 0.9606 0.1515 0.3876 0.5156 4.3167 0.6165 0.0663 0.6104 0.7836 4.1254 -0.1501 0.1501 0.5312 0 0
36 331 1587 0 0 0 0 0 1.0012 0 0.5852 0.1369 0.2578 0.2638 1.3145 0.9775 -0.1069 0.2297 0.3154 2.7783 0.7121 -0.0135 0.5852 0.75 4.0391 -0.083 0.083 0.365 0 0
36 332 1200 0 0 0 0 0 1.0011 0 -0.8355 -0.1604 0.4032 0.4114 1.7878 0.961 0.7932 1.2045 1.8299 14.4794 0.4337 -0.043 0.7294 0.9207 4.3911 0.1623 0.1623 0.5518 0 0
36 333 1212 0 0 0 0 0 1.0018 0 -0.3163 -0.1154 0.2815 0.2853 1.1427 0.9833 -0.0046 0.2735 0.3454 3.5519 0.5898 0.0357 0.6393 0.7934 4.1968 0.0499 0.0499 0.5078 0 0
36 334 1259 0 0 0 0 0 1.0012 0 0.5702 0.0838 0.3601 0.4237 1.5493 0.9756 0.1204 0.2652 0.3681 2.462 0.6503 0.0037 0.6248 0.7957 4.0528 -0.0316 0.0316 0.3497 0 0
36 335 1222 0 0 0 0 0 1.0014 0 -0.9932 -0.1665 0.2509 0.2699 1.3294 0.9939 -0.3972 0.5205 0.6748 7.8815 0.5371 0.0792 0.6933 0.8779 4.6158 0.0772 0.0772 0.7691 0 0
36 336 1244 0 0 0 0 0 1.002 0 -0.3036 -0.0855 0.1058 0.1199 1.7326 0.9942 0.0178 0.3488 0.5019 7.2939 0.5206 0.0377 0.7394 0.9082 4.307 -0.272 0.272 0.8476 0 0
36 337 1216 0 0 0 0 0 1.0007 0 0.9391 0.054 0.0655 0.077 0.982 0.9955 0.1853 0.2268 0.2761 1.3541 0.7039 0.0742 0.5987 0.7556 4.1169 0.0616 0.0616 0.3049 0 0
36 338 1286 0 0 0 0 0 1.0013 0 0.904 0.1463 0.1463 0.1641 1.2768 0.9962 0.2266 0.2266 0.2502 1.1791 0.6286 0.0502 0.6681 0.8462 4.1861 -0.024 0.024 0.4415 0 0
36 339 1208 0 0 0 0 0 1.0031 0 0.9757 0.1904 0.2378 0.3728 1.9701 0.9661 -0.0919 0.2068 0.2643 1.7577 0.643 -0.0779 0.6526 0.8297 4.0793 -0.2018 0.2018 0.4452 0 0
36 340 1244 0 0 0 0 0 1.001 0 0.9999 0.136 0.1385 0.1778 1.4614 0.9877 -0.0924 0.1382 0.1729 1.5864 0.6436 -0.0286 0.5958 0.7707 4.0736 -0.0735 0.0735 0.4191 0 0
36 341 1172 0 0 0 0 0 1.0017 0 0.8009 -0.1158 0.1158 0.1905 1.9442 0.9783 0.027 0.463 0.6809 7.8182 0.5365 0.0325 0.6788 0.8635 4.1094 -0.157 0.157 0.6459 0 0
36 342 1189 0 0 0 0 0 1.0004 0 -0.0494 -0.1792 0.371 0.3778 1.4061 0.9594 -0.0714 0.6153 0.8774 7.1559 0.5999 0.0582 0.6526 0.8379 4.2263 0.0802 0.0802 0.5113 0 0
36 343 1226 0 0 0 0 0 1.0041 0 0.9486 -0.2101 0.2101 0.2975 1.3707 0.9923 -0.1074 0.2851 0.3485 3.9762 0.6429 -0.0235 0.6281 0.793 4.1513 -0.0091 0.0091 0.4527 0 0
36 344 1221 0 0 0 0 0 1.0028 0 -0.4203 -0.1843 0.2933 0.3611 1.2662 0.9871 -0.174 0.4386 0.6335 4.9199 0.682 0.1329 0.5957 0.751 4.2264 0.0051 0.0051 0.419 0 0
36 345 1166 0 0 0 0 0 1.0022 0 -0.5198 -0.0848 0.2348 0.2787 1.5911 0.9668 0.4159 0.4302 0.6094 6.3448 0.5069 -0.0884 0.7435 0.9188 4.3165 0.1002 0.1002 0.6012 0 0
36 346 1546 0 0 0 0 0 1.0024 0 0.999 -0.0488 0.1385 0.1386 1.6094 0.992 -0.0121 0.1706 0.2141 2.3434 0.6013 0.0824 0.6434 0.8077 4.2431 -0.01 0.01 0.5241 0 0
36 347 1256 0 0 0 0 0 1.0006 0 0.2691 -0.0624 0.2158 0.2167 1.0236 0.9973 -0.1681 0.3908 0.5141 3.7508 0.594 -0.0735 0.6542 0.8448 4.3106 0.1706 0.1706 0.4866 0 0
36 348 1235 0 0 0 0 0 1.0008 0 0.6779 0.0506 0.1304 0.1569 1.1336 0.9969 0.0696 0.097 0.1195 1.4605 0.7419 0.0642 0.5541 0.7101 4.1375 0.0468 0.0468 0.3312 0 0
36 349 1222 0 0 0 0 0 1.0007 0 0.6649 0.0271 0.1108 0.1311 1.0146 0.9947 -0.0353 0.1047 0.1291 1.971 0.6739 -0.0715 0.6216 0.8029 4.2445 0.1652 0.1652 0.3132 0 0
36 350 1214 0 0 0 0 0 1.0012 0 0.4235 -0.2061 0.3126 0.3349 1.1261 0.9948 0.2277 0.3807 0.555 3.4788 0.6693 -0.0675 0.6072 0.76 4.1527 -0.0214 0.0214 0.4821 0 0
36 351 1246 0 0 0 0 0 1.0009 0 -0.7083 -0.2604 0.2604 0.3088 1.3455 0.9978 -0.2815 0.3658 0.4713 3.8715 0.6669 -0.0186 0.6249 0.7975 4.121 0.0327 0.0327 0.4075 0 0
36 352 1212 0 0 0 0 0 1.0029 0 0.7564 0.0667 0.2512 0.2988 1.8169 0.9766 0.1992 0.272 0.3504 2.9954 0.5361 0.0469 0.6587 0.8436 4.1271 -0.0846 0.0846 0.4607 0 0
36 353 1226 0 0 0 0 0 1.0005 0 0.3854 0.0088 0.3404 0.4002 1.3691 0.9934 -0.1111 0.1422 0.171 1.2364 0.7196 0.0151 0.5631 0.7232 4.1085 0.0039 0.0039 0.3165 0 0
36 354 1235 0 0 0 0 0 1.0011 0 0.9418 0.1563 0.1563 0.1766 1.1924 0.9969 -0.1653 0.1807 0.2174 1.5645 0.7222 -0.0151 0.5874 0.7615 4.0374 -0.0963 0.0963 0.3473 0 0
36 355 1374 0 0 0 0 0 1.0043 0 -0.9554 -0.0323 0.3765 0.4388 2.145 0.9047 -0.916 1.1258 1.9127 16.5254 0.4484 0.0851 0.728 0.9255 4.1276 -0.0395 0.0395 0.608 0 0
36 356 1230 0 0 0 0 0 1.0033 0 -0.9377 -0.2491 0.5466 0.6866 1.6838 0.9841 0.6409 0.8791 1.3698 9.6216 0.5637 -0.0203 0.6664 0.8429 4.15 0.0115 0.0115 0.4863 0 0
36 357 1234 0 0 0 0 0 1.0003 0 0.2391 0.0593 0.1096 0.1498 1.1219 0.9913 0.0089 0.1688 0.2087 2.3949 0.6281 0.0572 0.6471 0.8198 4.1407 -0.0973 0.0973 0.4494 0 0
36 358 1215 0 0 0 0 0 1.0008 0 0.1285 -0.3674 0.5005 0.5551 1.4421 0.9309 1.5622 1.608 2.4885 20.0582 0.5604 -0.0169 0.6819 0.8574 4.335 0.0917 0.0917 0.5791 0 0
36 359 1232 0 0 0 0 0 1.0003 0 0.916 -0.1411 0.2505 0.2826 0.9576 0.9935 -0.0181 0.1967 0.2549 2.7993 0.6341 0.0384 0.6415 0.8066 4.3375 0.1945 0.1945 0.3981 0 0
36 360 1249 0 0 0 0 0 1.0006 0 0.0607 -0.0937 0.2985 0.3001 1.3998 0.9482 -0.6452 0.7598 1.2262 9.9286 0.5364 -0.0442 0.6281 0.8004 4.2064 0.0498 0.0498 0.6086 0 0
36 361 1234 0 0 0 0 0 1.0006 0 0.9993 0.1153 0.1932 0.2041 1.1103 0.9867 0.1864 0.2391 0.2723 2.1396 0.6103 -1e-04 0.6327 0.8125 4.0677 -0.1193 0.1193 0.4106 0 0
36 362 1162 0 0 0 0 0 1.0017 0 -0.9981 -0.2042 0.2555 0.3987 1.0553 0.9833 0.5032 0.67 1.1743 9.6246 0.5738 -0.0879 0.6612 0.8369 4.1997 0.0465 0.0465 0.4921 0 0
36 363 1272 0 0 0 0 0 1.0007 0 0.5059 -0.1059 0.3872 0.4114 1.1356 0.9891 0.403 0.4576 0.5579 5.2835 0.6378 0.0518 0.6501 0.8066 4.1146 0.0453 0.0453 0.3932 0 0
36 364 1219 0 0 0 0 0 1.0043 0 0.4495 -0.0645 0.0968 0.1243 1.4594 0.9638 -0.03 0.2785 0.3394 4.0271 0.5661 -0.0242 0.7212 0.9006 4.164 -0.0528 0.0528 0.5864 0 0
36 365 1256 0 0 0 0 0 1.0015 0 0.9973 0.0595 0.0595 0.0701 1.5524 0.996 -0.002 0.0871 0.1162 3.6004 0.6609 -0.0459 0.6296 0.7864 4.0662 -0.0619 0.0619 0.4229 0 0
36 366 1216 0 0 0 0 0 1.0014 0 0.99 0.0705 0.3002 0.3087 1.0483 0.9922 0.0411 0.1992 0.2856 1.5051 0.7078 0.1072 0.6133 0.7638 4.0764 -0.0854 0.0854 0.3936 0 0
36 367 1290 0 0 0 0 0 1.0007 0 0.9809 -0.0187 0.158 0.1621 1.3548 0.999 -0.0471 0.1217 0.1545 2.9941 0.6674 -0.0859 0.6048 0.7683 4.1551 0.0777 0.0777 0.3318 0 0
36 368 1229 0 0 0 0 0 1.0004 0 0.6278 -0.0511 0.1307 0.165 0.9886 0.997 0.0233 0.0939 0.1081 1.5188 0.7112 -0.031 0.5816 0.7478 4.2575 0.1288 0.1288 0.3215 0 0
36 369 1200 0 0 0 0 0 1.0016 0 -0.2745 0.009 0.1041 0.1176 1.3861 0.9849 0.1353 0.1753 0.2092 1.9922 0.5605 0.0317 0.6748 0.857 4.0653 -0.0299 0.0299 0.4519 0 0
36 370 1226 0 0 0 0 0 1.001 0 -0.368 0.0933 0.3672 0.4206 1.6637 0.9905 0.2752 0.3299 0.3595 2.4425 0.6524 0.0544 0.6285 0.8134 4.0399 -0.1689 0.1689 0.3934 0 0
36 371 1226 0 0 0 0 0 1.004 0 0.4274 0.0542 0.1434 0.1763 1.665 0.9865 0.1215 0.1864 0.2155 2.9057 0.5698 0.0947 0.6685 0.8355 4.189 -0.0454 0.0454 0.5813 0 0
36 372 1199 0 0 0 0 0 1.0006 0 0.733 0.0846 0.1336 0.1917 1.2983 0.9898 -0.0577 0.1588 0.1893 2.4785 0.6296 -0.0826 0.6423 0.8131 4.1106 0.0209 0.0209 0.4037 0 0
36 373 1187 0 0 0 0 0 1.0006 0 -0.5919 -0.0213 0.1413 0.1562 1.1406 0.9936 -0.0353 0.1549 0.1872 2.0444 0.6325 0.0194 0.6383 0.7998 4.1684 0.0378 0.0378 0.4217 0 0
36 374 1172 0 0 0 0 0 1.0013 0 0.2821 0.2651 0.4633 0.5625 2.4325 0.9414 0.0479 0.4161 0.5047 3.0461 0.6031 0.0647 0.6705 0.8514 4.043 -0.0852 0.0852 0.4237 0 0
36 375 1227 0 0 0 0 0 1.0002 0 0.3242 0.0667 0.1464 0.1482 0.9368 0.9953 -0.0994 0.1407 0.1592 1.466 0.6028 -0.0542 0.6188 0.7933 4.12 0.0243 0.0243 0.3936 0 0
36 376 1241 0 0 0 0 0 1.0003 0 0.6652 0.2155 0.2155 0.246 0.9796 0.994 0.2436 0.2478 0.3122 1.4631 0.6517 0.0921 0.6225 0.7818 4.2042 0.0726 0.0726 0.3605 0 0
36 377 1219 0 0 0 0 0 1.0006 0 0.9435 -0.2046 0.2046 0.2212 1.1156 0.9974 -0.1371 0.2437 0.3409 2.6414 0.6723 0.0113 0.6433 0.7982 4.2372 0.2146 0.2146 0.3643 0 0
36 378 1227 0 0 0 0 0 1.0005 0 0.9983 -0.1165 0.121 0.1663 0.8821 0.9958 -0.0464 0.1016 0.1298 1.9405 0.6801 0.0347 0.5998 0.7658 4.2303 0.0923 0.0923 0.3713 0 0
36 379 1203 0 0 0 0 0 1.0008 0 -0.9993 -0.074 0.3594 0.3759 1.9062 0.9881 0.0365 0.4103 0.6001 4.5589 0.5785 0.0138 0.6534 0.8264 4.2545 0.0503 0.0503 0.4633 0 0
36 380 1263 0 0 0 0 0 1.0005 0 0.8829 -0.1951 0.1951 0.2339 1.0268 0.9938 0.1474 0.1917 0.2479 2.3244 0.6618 0.0648 0.6091 0.7754 4.1439 -0.0296 0.0296 0.3952 0 0
36 381 1247 0 0 0 0 0 1.0013 0 0.9996 -0.1666 0.1666 0.1676 1.2252 0.9981 0.0433 0.2221 0.275 2.1727 0.6643 0.049 0.5999 0.7637 4.1392 0.0894 0.0894 0.3649 0 0
36 382 1186 0 0 0 0 0 1.0019 0 0.9522 -0.1498 0.1561 0.2047 1.2155 0.9973 0.2676 0.2676 0.3418 5.0454 0.6179 -0.0127 0.6446 0.8159 4.1748 0.0441 0.0441 0.4159 0 0
36 383 1264 0 0 0 0 0 1.0003 0 0.9071 -0.1432 0.1561 0.1836 0.9998 0.9911 0.0372 0.2438 0.3213 2.3514 0.5833 0.0431 0.6557 0.8252 4.5012 0.2441 0.2441 0.3516 0 0
36 384 1227 0 0 0 0 0 1.0003 0 -0.443 -0.2041 0.2057 0.2653 0.9441 0.9924 -0.1424 0.2315 0.3781 3.5222 0.6398 0.0578 0.618 0.7867 4.1611 0.105 0.105 0.4058 0 0
36 385 1265 0 0 0 0 0 1.0011 0 -0.1998 -0.1064 0.2939 0.3693 0.918 0.9751 0.0316 0.2107 0.2587 1.3961 0.7113 0.0148 0.55 0.7051 4.0477 -0.0373 0.0373 0.3441 0 0
36 386 1235 0 0 0 0 0 1.0007 0 0.9972 -0.0217 0.0512 0.0549 1.6929 0.9943 0.0277 0.0921 0.1196 1.6284 0.667 0.0766 0.567 0.7242 4.0193 -0.1724 0.1724 0.3671 0 0
36 387 1199 0 0 0 0 0 1.003 0 -0.6924 0.1646 0.2656 0.3823 1.6785 0.9748 0.0505 0.2178 0.3084 3.4182 0.6137 0.1429 0.6555 0.8352 4.077 -0.0362 0.0362 0.4854 0 0
36 388 1242 0 0 0 0 0 1.0011 0 -0.9764 -3e-04 0.1447 0.1587 1.2007 0.9954 0.0158 0.0982 0.1195 2.0917 0.6609 -0.0514 0.6038 0.7589 4.0585 -0.1282 0.1282 0.4582 0 0
36 389 1254 0 0 0 0 0 1.0004 0 0.3997 -0.1543 0.2413 0.2764 1.052 0.9873 0.0502 0.2267 0.2891 1.8808 0.7053 0.011 0.5687 0.7391 4.1508 0.0654 0.0654 0.3508 0 0
36 390 1241 0 0 0 0 0 1.0013 0 0.9926 -0.0373 0.1199 0.1224 1.2121 0.9748 -0.1182 0.2306 0.2727 2.224 0.6316 -0.0232 0.636 0.8153 4.0979 -0.0723 0.0723 0.4535 0 0
36 391 1247 0 0 0 0 0 1.0009 0 0.8319 -0.0951 0.1933 0.1965 1.1662 0.994 0.0717 0.1374 0.2153 1.8474 0.7271 0.018 0.5611 0.7196 4.1198 -0.0044 0.0044 0.3563 0 0
36 392 1269 0 0 0 0 0 1.0005 0 0.7285 0.1347 0.1978 0.2203 1.3386 0.9812 -0.2023 0.2285 0.2991 1.6253 0.6643 -0.0394 0.6509 0.8189 4.2086 0.052 0.052 0.3756 0 0
36 393 1236 0 0 0 0 0 1.0011 0 0.5691 0.0127 0.3009 0.3241 1.7892 0.9414 -0.4338 0.6521 0.9906 10.4788 0.51 0.0262 0.672 0.8562 4.1227 0.0675 0.0675 0.5072 0 0
36 394 1227 9000 0 0 509 517 17.8662 504 -0.9896 0.6328 0.6725 0.8681 5.2654 0.9867 0.0779 0.3057 0.3484 6.2347 0.1707 -0.0521 1.9239 2.3584 19.5453 -0.4286 0.4286 1.401 1 1
36 395 1225 0 0 0 0 0 1.0011 0 0.897 0.1548 0.2544 0.3618 1.9643 0.9948 -0.0863 0.157 0.1851 2.668 0.5668 -0.055 0.6444 0.8006 4.1115 -0.2145 0.2145 0.4375 0 0
36 396 1242 0 0 0 0 0 1.0006 0 0.8936 0.0967 0.1719 0.1775 1.0617 0.9911 -0.0026 0.1214 0.1406 1.8008 0.6457 -0.0905 0.6218 0.7938 4.0753 -0.0147 0.0147 0.3907 0 0
36 397 1191 0 0 0 0 0 1.0014 0 0.887 0.0354 0.1302 0.1346 1.4223 0.9781 -0.0931 0.1583 0.2062 1.9116 0.6067 -0.0699 0.6229 0.8025 4.2974 -0.0844 0.0844 0.4802 0 0
36 398 1256 0 0 0 0 0 1.0006 0 0.4797 -0.0204 0.263 0.2732 1.2837 0.9901 -0.0881 0.1841 0.2082 2.9805 0.6304 -0.078 0.6341 0.7986 4.1329 -0.1101 0.1101 0.404 0 0
36 399 1256 0 0 0 0 0 1.0004 0 0.9143 -0.0893 0.1507 0.2133 0.888 0.995 0.0536 0.1076 0.1746 1.9447 0.7239 -0.1014 0.5627 0.7321 4.1099 -0.01 0.01 0.3454 0 0
36 400 1259 0 0 0 0 0 1.0027 0 0.8326 -0.0715 0.154 0.2045 1.3246 0.9934 -0.0152 0.1432 0.1866 1.9861 0.6588 0.0699 0.6183 0.7838 4.0922 -0.0607 0.0607 0.3732 0 0
36 401 1260 0 0 0 0 0 1.0007 0 0.491 -0.1127 0.2005 0.236 1.0497 0.9896 -0.0844 0.2079 0.2923 3.4373 0.5637 0.0315 0.6293 0.8224 4.0785 0.0354 0.0354 0.4003 0 0
36 402 1238 0 0 0 0 0 1.0014 0 0.9837 0.0677 0.1905 0.2431 1.6312 0.9825 -0.0321 0.2244 0.2698 2.4539 0.5803 -0.0059 0.6499 0.8235 4.0711 -0.1585 0.1585 0.4273 0 0
36 403 1258 0 0 0 0 0 1.0017 0 -0.2004 0.0204 0.171 0.1846 1.1836 0.9811 0.0045 0.2231 0.2764 2.696 0.6552 -0.0754 0.6433 0.8149 4.0735 -0.2183 0.2183 0.42 0 0
36 404 1285 0 0 0 0 0 1.0003 0 0.9952 -0.1313 0.1404 0.2281 1.0633 0.9931 0.0884 0.1374 0.1563 1.1677 0.7594 0.0727 0.5571 0.7063 4.1777 0.1016 0.1016 0.3432 0 0
36 405 1280 0 0 0 0 0 1.0003 0 0.0676 -0.0306 0.1619 0.1901 1.0847 0.9951 -0.299 0.299 0.3568 2.2361 0.6773 -0.0522 0.5707 0.7301 4.0815 -0.009 0.009 0.3861 0 0
36 406 1188 0 0 0 0 0 1.0007 0 0.8985 -0.0979 0.1928 0.2013 1.3011 0.951 -0.7632 0.8008 1.272 11.5912 0.6322 0.0175 0.6154 0.7978 4.0844 -0.1056 0.1056 0.4341 0 0
36 407 1247 0 0 0 0 0 1.0009 0 0.4286 0.0052 0.1274 0.1388 1.093 0.9902 0.0349 0.152 0.192 2.5027 0.6089 0.0241 0.6305 0.813 4.0589 -0.0544 0.0544 0.421 0 0
36 408 1236 0 0 0 0 0 1.002 0 0.4983 -0.0857 0.1094 0.1268 1.2365 0.9853 -0.0799 0.289 0.3482 4.271 0.5249 0.0146 0.6848 0.8678 4.2888 0.0343 0.0343 0.5804 0 0
36 409 1308 0 0 0 0 0 1.0005 0 -0.4805 0.0598 0.2638 0.3235 1.1466 0.9508 0.0456 0.2465 0.3404 2.0263 0.6553 0.0742 0.6224 0.7857 4.1521 0.0181 0.0181 0.3875 0 0
36 410 1249 0 0 0 0 0 1.0011 0 -0.8404 -0.0144 0.4031 0.4244 1.4602 0.9949 -0.0984 0.178 0.2026 2.0638 0.6597 0.0204 0.5959 0.7588 4.04 -0.1688 0.1688 0.3438 0 0
36 411 1213 0 0 0 0 0 1.0048 0 -0.2891 -0.2466 0.332 0.3685 1.5322 0.9872 0.2447 0.3671 0.484 3.9135 0.6233 -0.1038 0.6183 0.782 4.1699 -0.0237 0.0237 0.4763 0 0
36 412 1253 0 0 0 0 0 1.001 0 -0.4845 -0.1041 0.2594 0.2601 1.4191 0.9916 -0.0644 0.2158 0.2922 2.1863 0.6579 -0.0148 0.6282 0.7891 4.0943 -0.0314 0.0314 0.3992 0 0
36 413 1238 0 0 0 0 0 1.0013 0 0.2074 -0.0594 0.3437 0.3519 1.8716 0.9723 0.2307 0.5951 0.7428 6.3743 0.5522 -0.0364 0.6815 0.8451 4.0771 -0.0941 0.0941 0.5025 0 0
36 414 1242 0 0 0 0 0 1.0006 0 -0.9231 0.0014 0.1181 0.125 0.9813 0.9963 -0.0679 0.1163 0.1459 2.2108 0.6502 0.0357 0.6445 0.8177 4.1123 -0.0631 0.0631 0.4575 0 0
36 415 1194 0 0 0 0 0 1.0016 0 -0.7183 -0.1753 0.1824 0.2256 1.2684 0.9955 -0.3789 0.5312 0.7002 6.6899 0.5861 -0.0775 0.6708 0.8417 4.2163 -0.175 0.175 0.6866 0 0
36 416 1156 0 0 0 0 0 1.0011 0 0.8419 -0.0059 0.0792 0.093 1.3114 0.9984 -0.0395 0.0826 0.0955 3.2351 0.6088 -0.0112 0.6548 0.8218 4.07 -0.2775 0.2775 0.4694 0 0
36 417 1250 1 0 0 0 0 1.002 0 0.9274 -0.0947 0.0947 0.1093 0.9731 0.9978 -0.2042 0.232 0.2933 4.1346 0.6131 -0.0941 0.675 0.8432 4.439 0.1636 0.1636 0.6031 1 0
36 418 1237 0 0 0 0 0 1.0018 0 0.6985 0.0716 0.191 0.1916 1.0139 0.9898 -0.0689 0.1186 0.1635 1.3723 0.6509 -0.0102 0.6243 0.7889 4.0797 0.002 0.002 0.4153 0 0
36 419 1265 0 0 0 0 0 1.0011 0 -0.4133 -0.0433 0.3028 0.3459 1.2848 0.99 -0.1217 0.1739 0.2661 2.5286 0.6734 0.0411 0.5662 0.7279 4.0336 -0.1031 0.1031 0.3993 0 0
36 420 1245 0 0 0 0 0 1.001 0 0.9496 -0.2354 0.2354 0.278 1.0279 0.9926 0.1294 0.295 0.409 4.2499 0.6597 0.0205 0.6031 0.761 4.0567 -0.106 0.106 0.389 0 0
36 421 1229 0 0 0 0 0 1.0007 0 0.8331 0.0827 0.224 0.2242 1.457 0.995 0.0191 0.1037 0.1301 1.3288 0.7322 0.0449 0.5569 0.7197 4.0981 -0.0578 0.0578 0.4201 0 0
36 422 1169 0 0 0 0 0 1.0008 0 0.7188 -0.0345 0.1915 0.1978 1.0887 0.9871 -0.0327 0.1347 0.1926 3.135 0.7242 0.0238 0.5817 0.7402 4.1299 0.036 0.036 0.3768 0 0
36 423 1208 0 0 0 0 0 1.001 0 0.9927 -0.0949 0.0949 0.1048 1.2646 0.9964 0.156 0.1939 0.2955 3.5631 0.6903 -0.1154 0.5998 0.7749 4.1806 0.0369 0.0369 0.4177 0 0
36 424 1226 0 0 0 0 0 1.0011 0 -0.3596 -0.0643 0.3056 0.3518 1.1981 0.9879 0.2843 0.3772 0.5749 3.9241 0.655 -0.0147 0.6102 0.7694 4.0835 -0.0324 0.0324 0.3801 0 0
36 425 1237 0 0 0 0 0 1.0002 0 0.9957 -0.076 0.076 0.0943 1.0874 0.9959 -0.0216 0.2164 0.2608 2.7757 0.6097 0.0573 0.6791 0.8738 4.1695 0.055 0.055 0.4512 0 0
36 426 1223 0 0 0 0 0 1.001 0 0.9312 0.1713 0.2736 0.3155 1.4754 0.9728 -0.0379 0.2305 0.2557 1.9055 0.6653 -0.0337 0.6404 0.804 4.0616 -0.0761 0.0761 0.3909 0 0
36 427 1231 0 0 0 0 0 1.001 0 0.9938 -0.1486 0.1486 0.1698 0.9958 0.9962 -0.0328 0.1521 0.1882 2.5532 0.6822 -0.0528 0.6087 0.7789 4.2392 0.1767 0.1767 0.3998 0 0
36 428 1268 0 0 0 0 0 1.0012 0 -0.1351 -0.131 0.1871 0.2041 1.0682 0.9903 -0.2571 0.298 0.4371 3.2958 0.6665 -0.0064 0.6129 0.783 4.3584 0.0101 0.0101 0.5192 0 0
36 429 1250 0 0 0 0 0 1.0004 0 0.6287 0.0512 0.1873 0.2232 1.4178 0.9927 0.113 0.1853 0.219 2.1314 0.5999 0.0383 0.6932 0.8859 4.1412 -0.1277 0.1277 0.484 0 0
36 430 1259 0 0 0 0 0 1.0009 0 0.8126 0.0901 0.2045 0.2671 1.5329 0.9905 0.0554 0.132 0.1594 2.2491 0.6628 0.0059 0.6233 0.7913 4.0745 0.0085 0.0085 0.3494 0 0
36 431 1236 0 0 0 0 0 1.0028 0 -0.8658 -0.2304 0.2304 0.2988 1.3943 0.9629 0.4163 0.8042 1.2077 10.7843 0.57 0.0124 0.6488 0.827 4.2893 -0.1329 0.1329 0.7804 0 0
36 432 1295 0 0 0 0 0 1.0013 0 0.9741 -0.0886 0.1105 0.1269 1.1774 0.9981 0.1156 0.1388 0.154 2.2905 0.7099 0.1499 0.6324 0.7914 4.1889 0.0573 0.0573 0.4112 0 0
36 433 1261 0 0 0 0 0 1.0012 0 -0.9907 -0.0703 0.2365 0.2461 1.3151 0.9951 -0.4029 0.4029 0.5505 5.7311 0.5751 -0.0554 0.6677 0.8398 4.2567 0.0891 0.0891 0.4716 0 0
36 434 1241 0 0 0 0 0 1.0017 0 0.8882 -0.0253 0.1958 0.2004 1.3249 0.9885 0.0349 0.2793 0.4052 3.246 0.6381 -0.0532 0.6176 0.7872 4.2372 0.19 0.19 0.318 0 0
36 435 1241 0 0 0 0 0 1.0003 0 0.993 -0.0983 0.1205 0.1355 0.9313 0.9972 -0.0268 0.1115 0.1337 1.2288 0.7022 0.0447 0.5733 0.7376 4.1812 0.0801 0.0801 0.322 0 0
36 436 1232 0 0 0 0 0 1.0014 0 -0.4651 0.0841 0.3412 0.3595 1.2361 0.9879 0.0158 0.196 0.2207 2.4323 0.5944 0.0452 0.5977 0.7795 4.0527 -0.2875 0.2875 0.3852 0 0
36 437 1243 0 0 0 0 0 1.0009 0 0.9468 0.0287 0.1045 0.1269 1.2767 0.9971 0.14 0.1424 0.1569 1.2161 0.7152 0.1038 0.5551 0.6997 4.0343 -0.0558 0.0558 0.3648 0 0
36 438 1230 0 0 0 0 0 1.0003 0 0.7398 0.1902 0.3433 0.3629 1.3444 0.9856 0.0589 0.2322 0.2959 1.7395 0.6456 0.0023 0.6358 0.8025 4.0402 -0.0579 0.0579 0.3234 0 0
36 439 1290 0 0 0 0 0 1.0001 0 0.9822 0.0203 0.0203 0.0247 0.9058 0.9987 0.0364 0.061 0.0726 1.5875 0.6327 0.0184 0.6226 0.7762 4.1619 0.0945 0.0945 0.4081 0 0
36 440 1271 0 0 0 0 0 1.0001 0 0.9814 -0.1754 0.1754 0.1931 0.9997 0.9961 -0.017 0.1279 0.1677 2.0591 0.6876 -0.0492 0.5802 0.7493 4.2109 0.1061 0.1061 0.3355 0 0
36 441 1283 0 0 0 0 0 1.0017 0 0.9036 0.0637 0.1038 0.1263 1.3078 0.9878 0.1079 0.197 0.2228 2.3447 0.5923 0.0616 0.6523 0.8155 4.0749 -0.1334 0.1334 0.4415 0 0
36 442 1256 0 0 0 0 0 1.0019 0 0.7314 -0.1121 0.1747 0.219 1.4353 0.9871 -0.0395 0.1361 0.2184 1.6987 0.654 0.0359 0.5938 0.7605 4.1032 -0.0706 0.0706 0.4225 0 0
36 443 1381 0 0 0 0 0 1.0072 0 0.3709 -0.1488 0.2466 0.3465 1.787 0.8594 -0.6954 0.9568 1.8096 16.2388 0.5852 -0.0334 0.6443 0.8152 4.0917 -0.0812 0.0812 0.526 0 0
36 444 1274 0 0 0 0 0 1.0007 0 0.8765 -0.0124 0.1721 0.1913 1.1293 0.9928 -0.0466 0.0968 0.1349 1.0193 0.7249 -0.0048 0.5419 0.6921 4.0896 -0.0376 0.0376 0.3614 0 0
36 445 1232 0 0 0 0 0 1.0008 0 0.9949 -0.1648 0.1648 0.1738 0.8521 0.9947 0.1847 0.2066 0.28 2.353 0.6729 0.0691 0.5952 0.7698 4.152 0.1428 0.1428 0.3805 0 0
36 446 1237 0 0 0 0 0 1.0011 0 0.9425 0.1157 0.1992 0.2178 1.3796 0.9051 -0.3433 0.4872 0.6896 5.1789 0.7 -0.1149 0.6392 0.8029 4.1608 0.1163 0.1163 0.3788 0 0
36 447 1429 0 0 0 0 0 1.0015 0 0.8264 -0.0341 0.221 0.2263 2.5814 0.9905 0.2069 0.4906 0.7321 8.4371 0.6074 -0.0072 0.6356 0.8088 4.0796 -0.1896 0.1896 0.4983 0 0
36 448 1205 0 0 0 0 0 1.0013 0 0.7909 -0.0232 0.1417 0.1601 1.2213 0.9944 0.0018 0.1525 0.2378 3.2362 0.6258 0.0923 0.6551 0.8363 4.2578 0.0745 0.0745 0.4787 0 0
36 449 1245 0 0 0 0 0 1.0007 0 0.7643 -0.2134 0.3259 0.3992 1.0484 0.9836 -0.0392 0.3743 0.4616 4.5944 0.6381 0.0793 0.6087 0.7895 4.3191 0.0797 0.0797 0.468 0 0
36 450 1263 0 0 0 0 0 1.0005 0 -0.2087 0.1298 0.1917 0.2729 1.315 0.9734 0.0789 0.2036 0.237 1.6911 0.6146 0.0831 0.6584 0.8479 4.0744 -0.0723 0.0723 0.4082 0 0
36 451 1288 0 0 0 0 0 1.0013 0 0.995 0.1125 0.2484 0.3235 1.4818 0.9944 0.2133 0.2177 0.247 1.3969 0.7073 0.131 0.6189 0.8048 4.2123 0.1517 0.1517 0.2984 0 0
36 452 1240 0 0 0 0 0 1.0008 0 0.9439 -0.1966 0.1966 0.2099 0.9829 0.9979 0.0084 0.1355 0.1686 2.1864 0.6884 0.0734 0.6178 0.7926 4.2182 0.0763 0.0763 0.4235 0 0
36 453 1225 0 0 0 0 0 1.0023 0 0.9309 -0.1618 0.2444 0.2681 1.4266 0.8621 0.5298 0.5563 1.0368 9.2095 0.6619 0.0105 0.6022 0.7541 4.1789 0.0419 0.0419 0.443 0 0
36 454 1183 0 0 0 0 0 1.0016 0 0.963 -0.0449 0.0842 0.1144 1.661 0.98 0.2097 0.2613 0.3254 3.005 0.5932 0.0692 0.6789 0.8511 4.1971 0.0294 0.0294 0.5535 0 0
36 455 1208 0 0 0 0 0 1.0012 0 0.2531 -0.2412 0.2412 0.2927 1.1609 0.996 -0.025 0.5522 0.699 7.8388 0.6195 -0.0902 0.6628 0.8386 4.1983 0.0133 0.0133 0.5853 0 0
36 456 1249 0 0 0 0 0 1.0017 0 0.8218 -0.1056 0.2247 0.2695 2.0446 0.9842 0.1837 0.2396 0.2899 1.6355 0.6847 0.0607 0.5955 0.7623 4.0514 -0.1169 0.1169 0.4238 0 0
36 457 1219 0 0 0 0 0 1.0008 0 0.9933 -0.0249 0.0543 0.071 1.1724 0.9961 -0.026 0.1208 0.1624 2.8212 0.6296 -0.0661 0.641 0.8168 4.211 0.1094 0.1094 0.3977 0 0
36 458 1237 0 0 0 0 0 1.0004 0 0.824 0.0224 0.2182 0.2486 1.2754 0.991 0.0347 0.1523 0.1795 1.7839 0.6565 -0.0402 0.6218 0.7913 4.1742 0.0271 0.0271 0.3468 0 0
36 459 1233 0 0 0 0 0 1.0018 0 0.8414 -0.0384 0.1842 0.1868 1.2585 0.9695 -0.2789 0.3229 0.504 5.0403 0.6109 0.0078 0.6246 0.7878 4.1983 0.067 0.067 0.4732 0 0
36 460 1197 0 0 0 0 0 1.0022 0 -0.4236 0.0397 0.5526 0.6091 2.5671 0.9757 0.1701 0.5226 0.6461 4.6219 0.5481 -0.1179 0.6818 0.8555 4.1165 -0.0368 0.0368 0.4385 0 0
36 461 1270 0 0 0 0 0 1.0005 0 0.9218 -0.0237 0.0371 0.045 0.8533 0.9983 0.0685 0.0913 0.1058 1.6798 0.6927 0.0522 0.5968 0.7446 4.0741 0.0215 0.0215 0.3386 0 0
36 462 1237 0 0 0 0 0 1.001 0 0.502 -0.1178 0.4047 0.4958 1.2538 0.992 0.0561 0.1307 0.1737 1.1578 0.7365 -0.0182 0.5391 0.6987 4.017 -0.0631 0.0631 0.2955 0 0
36 463 1265 0 0 0 0 0 1.0018 0 0.9076 0.049 0.3462 0.3886 1.6949 0.975 -0.1104 0.221 0.2746 1.4513 0.6672 -0.0797 0.6143 0.7709 4.0617 -0.0515 0.0515 0.3695 0 0
36 464 1252 0 0 0 0 0 1.0012 0 -0.8011 0.0815 0.146 0.1532 0.9217 0.9842 -0.0443 0.1374 0.1793 1.3362 0.6945 -0.0387 0.642 0.8087 4.1081 0.0465 0.0465 0.3743 0 0
36 465 1159 9000 0 0 505 517 171.9878 505 -0.6469 -0.2401 0.2401 0.2967 1.6159 0.7691 5.392 5.7886 8.7622 67.5093 0.1576 0.6179 1.6556 2.0797 16.1999 0.29 0.29 0.8721 1 1
36 466 1214 0 0 0 0 0 1.0014 0 -0.0114 0.161 0.1938 0.2408 1.4571 0.9821 0.1328 0.1937 0.2598 1.4354 0.5844 0.0617 0.6618 0.8313 4.0728 -0.2114 0.2114 0.4151 0 0
36 467 1206 0 0 0 0 0 1.0003 0 0.5751 -0.1063 0.1373 0.2125 1.1045 0.9958 -0.1635 0.1702 0.2113 2.0015 0.7108 -0.0427 0.6157 0.7762 4.0403 -0.0458 0.0458 0.4175 0 0
36 468 1235 0 0 0 0 0 1.0005 0 0.7845 0.1406 0.1406 0.1833 1.1021 0.9951 0.1011 0.1374 0.1708 1.124 0.6677 0.0322 0.6128 0.7891 4.0784 -0.0886 0.0886 0.3564 0 0
36 469 1217 0 0 0 0 0 1.0011 0 0.3769 -0.2363 0.2363 0.2674 1.1321 0.9968 -0.0119 0.2428 0.3358 2.9946 0.6622 -0.014 0.6079 0.776 4.1186 0.0489 0.0489 0.4242 0 0
36 470 1243 0 0 0 0 0 1.0048 0 0.9978 0.0036 0.1192 0.1328 1.5449 0.9882 -0.0924 0.1505 0.2428 1.9722 0.6212 -0.0237 0.6134 0.7764 4.098 -0.0693 0.0693 0.4022 0 0
36 471 1205 0 0 0 0 0 1.0005 0 -0.3399 0.0339 0.1282 0.142 0.9985 0.9959 -0.0711 0.1097 0.1449 2.0453 0.6648 0.0116 0.6416 0.8201 4.0941 -0.1001 0.1001 0.5165 0 0
36 472 1193 0 0 0 0 0 1.0031 0 0.6983 0.0313 0.2456 0.2962 1.9346 0.9401 -0.1768 0.539 0.7211 6.2741 0.5653 0.0063 0.6905 0.862 4.1396 -0.0859 0.0859 0.6363 0 0
36 473 1200 0 0 0 0 0 1.0005 0 0.1661 -0.0074 0.136 0.1548 1.1081 0.995 -0.157 0.1833 0.2199 2.1022 0.641 -0.1157 0.6338 0.7987 4.1382 -0.0926 0.0926 0.5241 0 0
36 474 1192 0 0 0 0 0 1.001 0 0.9185 -0.1651 0.2001 0.2311 1.2365 0.9835 -0.1133 0.359 0.5212 4.1066 0.6271 -0.038 0.5746 0.7463 4.0847 -0.1989 0.1989 0.4317 0 0
36 475 1237 0 0 0 0 0 1.0016 0 0.9855 -0.0531 0.2254 0.2273 1.3525 0.9929 0.1421 0.2534 0.3468 3.5251 0.6398 0.0078 0.6373 0.8131 4.2024 0.1328 0.1328 0.3978 0 0
36 476 1252 0 0 0 0 0 1.0088 0 -0.5749 -0.0461 0.1749 0.2136 1.8362 0.9791 -0.4696 0.6147 1.0651 12.6061 0.4957 0.0353 0.7369 0.9157 4.1169 -0.0671 0.0671 0.5433 0 0
36 477 1188 0 0 0 0 0 1.0028 0 -0.7666 -0.0604 0.1307 0.1715 1.314 0.9852 0.106 0.1966 0.2702 3.4436 0.569 -0.007 0.664 0.8353 4.1026 -0.0568 0.0568 0.541 0 0
36 478 1226 0 0 0 0 0 1.0007 0 0.1931 0.0306 0.0669 0.0679 1.2215 0.9991 0.0679 0.0914 0.0995 3.2597 0.59 0.0655 0.664 0.8249 4.2091 0.0456 0.0456 0.5125 0 0
36 479 1257 0 0 0 0 0 1.0007 0 0.0625 -6e-04 0.1392 0.1612 1.1329 0.9713 0.1806 0.2427 0.4154 3.3702 0.5476 0.0483 0.6859 0.8621 4.1088 -0.0158 0.0158 0.4427 0 0
36 480 1246 0 0 0 0 0 1.0005 0 0.401 0.0913 0.1373 0.1791 1.0554 0.985 -0.04 0.1294 0.1662 1.0261 0.6985 -0.0215 0.5683 0.738 4.0273 -0.0431 0.0431 0.3733 0 0
36 481 1254 0 0 0 0 0 1.0011 0 0.3799 0.0939 0.1968 0.2235 1.052 0.9934 -0.1027 0.1374 0.1578 1.2157 0.6916 -0.0306 0.5506 0.7202 4.0465 0.0273 0.0273 0.3482 0 0
36 482 1189 0 0 0 0 0 1.0015 0 0.1897 -0.17 0.2216 0.2907 1.1248 0.885 0.2951 0.5084 0.8541 8.572 0.5345 -0.133 0.7094 0.8876 4.3413 0.1442 0.1442 0.5351 0 0
36 483 1260 0 0 0 0 0 1.0047 0 0.2928 0.0288 0.2873 0.3188 2.4139 0.9688 0.029 0.3412 0.4474 4.3272 0.4772 0.0178 0.6532 0.8183 4.2627 -0.296 0.296 0.7579 0 0
36 484 1253 0 0 0 0 0 1.0006 0 0.7221 -0.0102 0.2063 0.235 1.1892 0.9879 0.0102 0.1075 0.1609 1.2159 0.6942 0.0532 0.577 0.7431 4.134 0.0507 0.0507 0.3161 0 0
36 485 1226 0 0 0 0 0 1.002 0 0.9369 -0.0954 0.0954 0.1174 0.9591 0.997 0.0969 0.1566 0.1962 1.958 0.6765 0.0463 0.5955 0.7499 4.3218 0.1638 0.1638 0.3326 0 0
36 486 1235 0 0 0 0 0 1.0016 0 0.8391 -0.19 0.19 0.1987 1.1627 0.9947 0.0143 0.1839 0.2261 2.458 0.683 0.082 0.609 0.766 4.1458 0.0554 0.0554 0.4571 0 0
36 487 1257 0 0 0 0 0 1.0007 0 -0.3482 0.049 0.1819 0.2227 1.2074 0.9898 -0.0906 0.1816 0.266 2.4454 0.6765 -0.0325 0.6209 0.7819 4.1523 -0.0067 0.0067 0.4057 0 0
36 488 1219 0 0 0 0 0 1.0007 0 0.677 0.0872 0.1302 0.1404 1.0173 0.9946 0.016 0.181 0.2064 2.1727 0.6227 0.0121 0.648 0.8086 4.1231 -0.0381 0.0381 0.4324 0 0
36 489 1195 0 0 0 0 0 1.002 0 0.695 -0.047 0.1693 0.2032 1.2936 0.948 0.1761 0.2516 0.4542 4.3158 0.5979 -0.0306 0.6828 0.8776 4.1353 -0.0685 0.0685 0.4765 0 0
36 490 1269 0 0 0 0 0 1.0004 0 0.286 0.0642 0.2157 0.2395 1.1428 0.9785 -0.0325 0.1609 0.2083 1.5919 0.6676 0.0362 0.6254 0.7726 4.1661 0.0924 0.0924 0.3884 0 0
36 491 1211 0 0 0 0 0 1.0002 0 0.9765 -0.0084 0.1652 0.1788 1.1653 0.9969 -0.078 0.1286 0.1427 3.3711 0.6549 -0.0651 0.6446 0.8 4.0862 -0.0767 0.0767 0.4335 0 0
36 492 1241 0 0 0 0 0 1.0016 0 -0.4254 0.101 0.2669 0.3491 1.5177 0.9852 0.0742 0.152 0.1857 1.741 0.6209 -0.0505 0.6262 0.7923 4.0384 -0.2673 0.2673 0.3704 0 0
36 493 1225 0 0 0 0 0 1.0012 0 -0.6032 0.2734 0.2734 0.3847 1.1999 0.9937 0.2006 0.2244 0.2784 1.4508 0.6024 -0.0371 0.6748 0.8496 4.0165 -0.0821 0.0821 0.3678 0 0
36 494 1241 0 0 0 0 0 1.0014 0 0.6431 -0.1349 0.1787 0.2074 1.2752 0.9709 -0.3254 0.4755 0.7226 7.4677 0.5068 -0.1112 0.6714 0.8458 4.2821 -0.0018 0.0018 0.7105 0 0
36 495 1175 0 0 0 0 0 1.0014 0 0.9919 -0.0129 0.145 0.1629 1.5525 0.9948 0.1148 0.1572 0.2176 2.7262 0.6718 0.0578 0.5896 0.7577 4.0538 -0.0905 0.0905 0.387 0 0
36 496 1250 0 0 0 0 0 1.0005 0 0.9988 0.1547 0.2308 0.2929 1.5538 0.9879 -0.0277 0.1811 0.225 2.0917 0.633 0.0108 0.6579 0.8326 4.2526 0.0759 0.0759 0.3403 0 0
36 497 1227 0 0 0 0 0 1.0004 0 0.6861 0.0721 0.1855 0.2337 1.1603 0.9851 -0.0379 0.1281 0.1805 1.6239 0.7212 -0.0282 0.5808 0.7378 4.0828 -0.0558 0.0558 0.3593 0 0
36 498 1241 0 0 0 0 0 1.0016 0 0.9368 -0.0188 0.0961 0.1151 0.9276 0.9878 0.4056 0.4823 0.6186 4.0392 0.5581 0.1772 0.7158 0.889 4.3522 0.1531 0.1531 0.4813 0 0
36 499 1215 0 0 0 0 0 1.0017 0 0.9953 0.2132 0.2132 0.2562 1.203 0.9908 -0.2438 0.2438 0.3277 1.4915 0.6686 -0.1063 0.6192 0.774 4.038 -0.0618 0.0618 0.3551 0 0
36 500 1180 0 0 0 0 0 1.0016 0 -0.5062 0.0802 0.4859 0.5498 1.9412 0.9747 -0.1348 0.2984 0.348 2.5118 0.619 -0.0369 0.6226 0.7924 4.074 -0.0484 0.0484 0.3895 0 0
