cond r run.time ndiv nbfmi ntree nbulk ntail maxRhat nRhat beta.cor beta.bias beta.abbias beta.rmse beta.CI theta.cor theta.bias theta.abbias theta.rmse theta.CI lambda.bias lambda.abbias lambda.CI corrupt efficiency
14 1 751 0 0 0 0 0 1.0002 0 0.9719 -0.0493 0.2295 0.2959 2.3378 0.9132 0.0012 0.3092 0.3863 2.2794 0.0277 0.0277 0.3347 0 0
14 2 824 0 0 0 0 0 1.0005 0 0.9597 0.0214 0.2329 0.3159 1.7147 0.9024 0.0489 0.3534 0.4508 2.4599 0.117 0.117 0.3048 0 0
14 3 783 0 0 0 0 0 1.0003 0 0.9802 -0.0855 0.1834 0.2273 2.0227 0.9094 -0.0807 0.3348 0.4138 2.3934 -0.0447 0.0447 0.3235 0 0
14 4 804 0 0 0 0 0 1.0001 0 0.9716 -0.0601 0.2417 0.3332 2.4294 0.9107 -0.0412 0.3338 0.431 2.1097 0.0148 0.0148 0.3401 0 0
14 5 799 0 0 0 0 0 1.0003 0 0.9735 -0.0989 0.2191 0.2634 1.6696 0.8955 -0.0439 0.3452 0.4344 2.3464 -0.0058 0.0058 0.3348 0 0
14 6 802 0 0 0 0 0 1.0002 0 0.9852 -0.1292 0.1861 0.2264 1.5716 0.9073 -0.1369 0.3572 0.454 2.3525 -0.0566 0.0566 0.335 0 0
14 7 759 0 0 0 0 0 1.0002 0 0.9787 -0.2041 0.2558 0.2971 1.5623 0.9146 -0.1883 0.3325 0.4205 2.2839 -0.2258 0.2258 0.3426 0 0
14 8 813 0 0 0 0 0 1.0002 0 0.9499 0.065 0.2323 0.29 1.4791 0.9222 0.1099 0.3288 0.437 2.3942 -0.0042 0.0042 0.3188 0 0
14 9 751 0 0 0 0 0 1.0002 0 0.9849 0.289 0.289 0.349 1.8775 0.8976 0.2649 0.4146 0.5236 2.6336 0.0209 0.0209 0.3497 0 0
14 10 801 0 0 0 0 0 1.0002 0 0.9856 -0.358 0.358 0.3987 2.1127 0.9056 -0.314 0.4196 0.5107 2.5425 -0.0526 0.0526 0.3578 0 0
14 11 791 0 0 0 0 0 1.0009 0 0.9712 -0.1014 0.2581 0.2996 1.5369 0.8949 -0.0556 0.3807 0.4812 2.3463 -0.1019 0.1019 0.3442 0 0
14 12 759 0 0 0 0 0 1.0003 0 0.9723 -0.0578 0.2056 0.2738 2.493 0.9148 -0.0844 0.3254 0.4155 2.4458 -0.0896 0.0896 0.3597 0 0
14 13 809 0 0 0 0 0 1.0002 0 0.9854 -0.0102 0.1597 0.2022 2.3256 0.8988 0.0098 0.3255 0.4126 2.3995 0.0425 0.0425 0.335 0 0
14 14 831 0 0 0 0 0 1.0001 0 0.9662 0.0029 0.3313 0.4598 2.5193 0.9123 0.0058 0.3562 0.4458 2.2359 0.0805 0.0805 0.3285 0 0
14 15 802 0 0 0 0 0 1.0004 0 0.9905 0.0395 0.1478 0.1933 1.9659 0.9135 -0.0086 0.3699 0.4664 2.3482 0.0122 0.0122 0.3273 0 0
14 16 792 0 0 0 0 0 1.0004 0 0.9616 0.1075 0.2381 0.33 2.0254 0.9184 0.0649 0.3523 0.4396 2.3913 0 0 0.3116 0 0
14 17 800 0 0 0 0 0 1.0004 0 0.9551 -0.041 0.2939 0.3598 2.2771 0.8938 -0.0258 0.3585 0.4493 2.2137 -0.0065 0.0065 0.3572 0 0
14 18 723 0 0 0 0 0 1.0006 0 0.9816 -0.0381 0.1669 0.223 1.7978 0.9018 0.0115 0.3316 0.4244 2.2193 0.0451 0.0451 0.3324 0 0
14 19 689 0 0 0 0 0 1.0004 0 0.9704 -0.0093 0.2513 0.3702 2.0117 0.902 0.0189 0.3739 0.4658 2.1545 -0.1855 0.1855 0.3562 0 0
14 20 823 0 0 0 0 0 1.0006 0 0.9584 0.04 0.2051 0.2425 1.6273 0.9152 0.044 0.3513 0.4422 2.6885 0.1569 0.1569 0.3174 0 0
14 21 820 0 0 0 0 0 1.0003 0 0.9672 -0.0141 0.1858 0.2154 1.2387 0.8943 0.0122 0.35 0.4401 2.3761 0.0235 0.0235 0.3245 0 0
14 22 787 0 0 0 0 0 1.0006 0 0.9834 -0.063 0.2046 0.2549 2.0649 0.882 -0.0589 0.3371 0.4296 2.3893 -0.1565 0.1565 0.3684 0 0
14 23 813 0 0 0 0 0 1.0001 0 0.9526 0.2233 0.3076 0.3694 1.46 0.9145 0.1899 0.3588 0.4594 2.4724 0.0917 0.0917 0.3373 0 0
14 24 820 0 0 0 0 0 1.0006 0 0.9649 0.0367 0.2306 0.2862 2.1135 0.9066 0.0727 0.3385 0.4263 2.4255 0.0502 0.0502 0.3338 0 0
14 25 746 0 0 0 0 0 1.0001 0 0.9704 0.213 0.2634 0.3197 1.8618 0.909 0.1488 0.355 0.4531 2.6298 -0.0033 0.0033 0.3239 0 0
14 26 831 0 0 0 0 0 1.0002 0 0.9691 0.1479 0.2207 0.2712 1.7977 0.9164 0.1502 0.354 0.4359 2.5507 0.2122 0.2122 0.313 0 0
14 27 803 0 0 0 0 0 1.0003 0 0.9595 -0.0154 0.2187 0.27 1.5019 0.9169 0.0117 0.2932 0.3715 2.3839 -0.0515 0.0515 0.3329 0 0
14 28 813 0 0 0 0 0 1.0006 0 0.9709 -0.1171 0.2037 0.272 1.97 0.9074 -0.0802 0.3275 0.4197 2.5785 0.0253 0.0253 0.3582 0 0
14 29 612 0 0 0 0 0 1.0005 0 0.9496 -0.1095 0.2356 0.4265 1.8692 0.8821 -0.0432 0.3832 0.4731 2.3604 -0.0866 0.0866 0.3424 0 0
14 30 779 0 0 0 0 0 1.0003 0 0.9796 0.1456 0.2418 0.3043 2.0718 0.8987 0.0247 0.3461 0.4306 2.4003 -0.0425 0.0425 0.3515 0 0
14 31 680 0 0 0 0 0 1.0003 0 0.9659 0.2276 0.276 0.3468 1.6128 0.8857 0.2106 0.4018 0.5036 2.4295 -0.1625 0.1625 0.3447 0 0
14 32 818 0 0 0 0 0 1.0009 0 0.9709 -0.0527 0.1728 0.2206 1.3788 0.9297 -0.104 0.2975 0.3842 2.4234 0.0266 0.0266 0.3261 0 0
14 33 810 0 0 0 0 0 1.0001 0 0.9794 0.0516 0.2443 0.3242 2.471 0.9051 0.0808 0.3369 0.4212 2.2137 0.0214 0.0214 0.358 0 0
14 34 813 0 0 0 0 0 1.0005 0 0.98 -0.0492 0.18 0.252 1.8569 0.9067 -0.0271 0.3247 0.4098 2.5357 0.0744 0.0744 0.3268 0 0
14 35 802 0 0 0 0 0 1.0007 0 0.9427 0.1707 0.2776 0.3612 1.4788 0.9117 0.168 0.3848 0.4861 2.4099 0.0196 0.0196 0.3223 0 0
14 36 786 0 0 0 0 0 1.0005 0 0.9738 0.1296 0.2102 0.2685 2.1067 0.9171 0.0967 0.3402 0.4351 2.6305 0.0784 0.0784 0.3283 0 0
14 37 809 0 0 0 0 0 1.0001 0 0.9505 -0.2966 0.3298 0.487 2.2346 0.9056 -0.2344 0.4134 0.5003 2.5974 0.083 0.083 0.3302 0 0
14 38 802 0 0 0 0 0 1.0002 0 0.9805 0.0802 0.1951 0.2355 1.638 0.9047 0.052 0.3484 0.4322 2.4061 0.0307 0.0307 0.3094 0 0
14 39 815 0 0 0 0 0 1.0002 0 0.9429 -0.0547 0.2229 0.317 1.4435 0.9351 -0.0159 0.2803 0.3541 2.3976 0.1027 0.1027 0.308 0 0
14 40 804 0 0 0 0 0 1.0005 0 0.9719 0.1261 0.2403 0.3147 2.1316 0.9047 0.0469 0.3297 0.4275 2.3269 0.0353 0.0353 0.3247 0 0
14 41 669 0 0 0 0 0 1.0008 0 0.9685 -0.0208 0.3123 0.4144 2.4956 0.8922 0.0247 0.3589 0.4429 2.0694 0.0546 0.0546 0.3616 0 0
14 42 827 0 0 0 0 0 1.0004 0 0.9792 0.0692 0.1917 0.2371 1.6081 0.9281 0.0556 0.3369 0.4136 2.4113 0.1391 0.1391 0.3052 0 0
14 43 799 0 0 0 0 0 1.0002 0 0.968 0.0521 0.2439 0.3526 2.1346 0.9157 0.0544 0.3299 0.4257 2.2674 0.0302 0.0302 0.3288 0 0
14 44 793 0 0 0 0 0 1.0004 0 0.9699 -0.1758 0.3022 0.3473 1.9548 0.9016 -0.1384 0.3828 0.4642 2.2668 -0.0021 0.0021 0.3323 0 0
14 45 799 0 0 0 0 0 1.0002 0 0.9628 0.0578 0.2565 0.433 2.5958 0.9225 -0.0239 0.3305 0.415 2.4223 -0.0166 0.0166 0.3324 0 0
14 46 814 0 0 0 0 0 1.0002 0 0.9322 0.2683 0.3696 0.745 3.0591 0.8986 0.1134 0.3673 0.4767 2.1656 0.0287 0.0287 0.3301 0 0
14 47 806 0 0 0 0 0 1.0002 0 0.9658 0.1797 0.2109 0.2733 1.1737 0.9235 0.1754 0.3517 0.435 2.4247 0.0613 0.0613 0.3091 0 0
14 48 819 0 0 0 0 0 1.0004 0 0.9711 0.1319 0.2052 0.2607 1.4468 0.9211 0.1109 0.3271 0.4158 2.3679 0.0814 0.0814 0.3247 0 0
14 49 776 0 0 0 0 0 1.0007 0 0.9677 0.2551 0.3015 0.3677 1.4679 0.9137 0.1736 0.3565 0.4413 2.2635 -0.0599 0.0599 0.3606 0 0
14 50 807 0 0 0 0 0 1.0001 0 0.9714 0.0287 0.253 0.3293 1.9849 0.8953 0.0637 0.3833 0.4766 2.278 -0.0359 0.0359 0.3586 0 0
14 51 804 0 0 0 0 0 1.0002 0 0.9511 0.0189 0.2097 0.265 1.551 0.9262 0.0258 0.3282 0.416 2.3622 -0.011 0.011 0.3269 0 0
14 52 769 0 0 0 0 0 1.0003 0 0.9696 0.0542 0.2603 0.3448 2.0585 0.9143 0.0122 0.3361 0.4283 2.3156 -0.0083 0.0083 0.335 0 0
14 53 680 0 0 0 0 0 1.0003 0 0.9848 0.1638 0.2039 0.2633 2.0655 0.9198 0.1103 0.3456 0.423 2.1876 -0.0723 0.0723 0.3305 0 0
14 54 814 0 0 0 0 0 1.0002 0 0.9791 -0.1268 0.2245 0.2689 2.2883 0.9204 -0.1263 0.3586 0.4444 2.6194 0.1281 0.1281 0.3595 0 0
14 55 790 0 0 0 0 0 1.0008 0 0.9697 -0.0628 0.2208 0.3052 2.1544 0.9005 -0.0092 0.3562 0.4696 2.472 -0.1716 0.1716 0.3374 0 0
14 56 799 0 0 0 0 0 1.0002 0 0.966 0.0122 0.1833 0.2544 1.4268 0.9213 0.0414 0.3416 0.4374 2.2934 -0.1011 0.1011 0.3217 0 0
14 57 778 0 0 0 0 0 1.0003 0 0.9868 -0.0714 0.2034 0.2741 2.4671 0.9127 -0.0822 0.3332 0.4194 2.316 -0.0578 0.0578 0.3554 0 0
14 58 808 0 0 0 0 0 1.0004 0 0.9721 -0.1057 0.2236 0.2801 1.6943 0.9349 -0.1193 0.3332 0.4314 2.413 0.0064 0.0064 0.3134 0 0
14 59 766 0 0 0 0 0 1.0003 0 0.9711 0.0704 0.2715 0.3627 2.5596 0.8695 0.013 0.3556 0.4432 2.3343 -0.1218 0.1218 0.3703 0 0
14 60 806 0 0 0 0 0 1.0004 0 0.9588 0.3467 0.3954 0.5485 2.7093 0.893 0.2035 0.4093 0.499 2.2556 0.0513 0.0513 0.3403 0 0
14 61 813 0 0 0 0 0 1.0002 0 0.9774 0.0789 0.202 0.2537 1.8038 0.9235 0.0985 0.3321 0.4145 2.2498 0.049 0.049 0.3251 0 0
14 62 831 0 0 0 0 0 1.0016 0 0.9754 -0.0455 0.1626 0.2039 1.7518 0.9163 -0.0292 0.319 0.4065 2.4422 0.1061 0.1061 0.3577 0 0
14 63 768 0 0 0 0 0 1.0001 0 0.9442 -0.0812 0.2632 0.4268 2.2463 0.9055 -0.036 0.3531 0.4309 2.4829 -0.0059 0.0059 0.327 0 0
14 64 811 0 0 0 0 0 1.0002 0 0.9612 0.0328 0.1905 0.2427 1.2406 0.9145 0.0443 0.3078 0.3954 2.3522 0.0454 0.0454 0.339 0 0
14 65 780 0 0 0 0 0 1.0005 0 0.9675 -0.0598 0.2253 0.2698 1.5678 0.9204 -0.0205 0.3452 0.4498 2.218 -0.07 0.07 0.3368 0 0
14 66 784 0 0 0 0 0 1.0003 0 0.9775 -0.1671 0.2168 0.2883 1.826 0.9127 -0.1861 0.3767 0.481 2.3499 0.1188 0.1188 0.3164 0 0
14 67 722 0 0 0 0 0 1.0015 0 0.9794 -0.0286 0.177 0.2173 1.6034 0.9165 -0.0111 0.3238 0.4151 2.4625 0.1057 0.1057 0.3233 0 0
14 68 813 0 0 0 0 0 1.0009 0 0.9507 -0.0332 0.242 0.2795 1.4374 0.9221 -0.0478 0.3254 0.4201 2.3507 -0.0558 0.0558 0.336 0 0
14 69 807 0 0 0 0 0 1.0002 0 0.9686 -0.1468 0.2473 0.3014 2.054 0.9306 -0.119 0.3197 0.3994 2.1687 0.0579 0.0579 0.3209 0 0
14 70 798 0 0 0 0 0 1.0002 0 0.9576 -0.0691 0.2359 0.3297 2.0264 0.9245 -0.0489 0.3068 0.3927 2.5594 -0.028 0.028 0.3207 0 0
14 71 768 0 0 0 0 0 1.0003 0 0.9476 -0.0706 0.2808 0.4418 2.2768 0.9125 -0.0742 0.3569 0.4429 2.3404 -0.0864 0.0864 0.3366 0 0
14 72 578 0 0 0 0 0 1.0006 0 0.9659 0.119 0.2682 0.3602 2.2797 0.9243 0.1261 0.3454 0.4324 2.5028 -0.0225 0.0225 0.3277 0 0
14 73 810 0 0 0 0 0 1.0005 0 0.956 0.1063 0.2133 0.3017 1.9091 0.9116 0.1038 0.3325 0.4329 2.422 0.0776 0.0776 0.3321 0 0
14 74 667 0 0 0 0 0 1.0004 0 0.9851 -0.0798 0.1654 0.2005 1.805 0.9138 -0.0638 0.3159 0.3922 2.3366 -0.0748 0.0748 0.3389 0 0
14 75 799 0 0 0 0 0 1.0005 0 0.9754 0.0035 0.2069 0.2772 1.6075 0.9037 0.05 0.3494 0.4362 2.3176 -0.0498 0.0498 0.3403 0 0
14 76 803 0 0 0 0 0 1.0015 0 0.9767 -0.0856 0.1556 0.2095 2.062 0.9094 -0.0512 0.3452 0.4358 2.5665 0.0349 0.0349 0.343 0 0
14 77 813 0 0 0 0 0 1.0005 0 0.9351 -0.2918 0.3158 0.4576 2.4597 0.8903 -0.1366 0.3601 0.4585 2.8012 0.0313 0.0313 0.3957 0 0
14 78 668 0 0 0 0 0 1.0008 0 0.9776 -0.0115 0.2416 0.3164 2.2851 0.8559 0.0326 0.414 0.492 2.3097 -0.1288 0.1288 0.3671 0 0
14 79 792 0 0 0 0 0 1.0003 0 0.9618 0.0211 0.1965 0.235 1.2764 0.9225 -0.0073 0.3043 0.3846 2.3471 -0.0801 0.0801 0.3197 0 0
14 80 796 0 0 0 0 0 1.0002 0 0.9581 0.2116 0.3221 0.3971 2.2979 0.9086 0.1687 0.3467 0.4391 2.4022 -0.063 0.063 0.3455 0 0
14 81 813 0 0 0 0 0 1.0001 0 0.9514 0.0504 0.2446 0.2971 1.7669 0.9202 0.0654 0.3231 0.4238 2.5561 0.0014 0.0014 0.3318 0 0
14 82 805 0 0 0 0 0 1.0001 0 0.9632 -0.172 0.3283 0.4458 2.0825 0.9055 -0.1789 0.3737 0.4693 2.3298 -0.1134 0.1134 0.3582 0 0
14 83 817 0 0 0 0 0 1.0004 0 0.9701 0.0138 0.2597 0.297 2.0571 0.9114 -0.0285 0.3616 0.4502 2.3752 0.0831 0.0831 0.3135 0 0
14 84 738 0 0 0 0 0 1.0002 0 0.9566 -0.1078 0.3669 0.5811 2.9107 0.8816 -0.0183 0.3498 0.4435 2.0638 -0.0844 0.0844 0.3867 0 0
14 85 780 0 0 0 0 0 1.0002 0 0.9532 0.053 0.2539 0.4053 2.2364 0.913 0.0909 0.3583 0.4421 2.3217 -0.0881 0.0881 0.3295 0 0
14 86 817 0 0 0 0 0 1.0005 0 0.9622 -0.3746 0.4341 0.6422 2.8066 0.8995 -0.2505 0.4135 0.5285 2.2167 0.148 0.148 0.301 0 0
14 87 692 0 0 0 0 0 1.0004 0 0.9823 -0.0078 0.1647 0.2079 1.7198 0.911 -0.0533 0.3322 0.4176 2.3415 -0.1243 0.1243 0.3478 0 0
14 88 792 0 0 0 0 0 1.0007 0 0.8746 0.2898 0.3408 0.5857 2.0865 0.9142 0.1021 0.3746 0.4805 2.5052 -0.0142 0.0142 0.3269 0 0
14 89 810 0 0 0 0 0 1.0011 0 0.9547 -0.046 0.2537 0.3426 1.9138 0.917 -0.1206 0.3261 0.4114 2.5933 0.0897 0.0897 0.3554 0 0
14 90 703 0 0 0 0 0 1.0004 0 0.9605 0.0668 0.2823 0.379 2.7659 0.9095 0.1747 0.347 0.44 2.3799 -0.1471 0.1471 0.3585 0 0
14 91 798 0 0 0 0 0 1.0002 0 0.9533 0.0541 0.2755 0.3361 2.2845 0.9017 0.058 0.3494 0.4436 2.5433 0.0652 0.0652 0.3074 0 0
14 92 721 0 0 0 0 0 1.0008 0 0.9734 -0.0193 0.2238 0.2827 2.1634 0.911 -0.0282 0.3497 0.4272 2.3993 -0.0083 0.0083 0.3326 0 0
14 93 813 0 0 0 0 0 1.0005 0 0.9603 0.2341 0.2693 0.3258 1.7861 0.906 0.2066 0.3964 0.4872 2.668 0.0667 0.0667 0.3602 0 0
14 94 803 0 0 0 0 0 1.0005 0 0.9787 0.0319 0.1633 0.1961 1.4093 0.9229 0.0319 0.3185 0.3974 2.3127 0.0295 0.0295 0.3243 0 0
14 95 690 0 0 0 0 0 1.0004 0 0.9458 -0.0632 0.321 0.5335 2.5107 0.9016 0.059 0.3573 0.4509 2.2856 -0.0748 0.0748 0.3408 0 0
14 96 807 0 0 0 0 0 1.0001 0 0.9764 -0.1458 0.2562 0.3469 2.3735 0.9183 -0.1411 0.3342 0.421 2.35 0.0286 0.0286 0.3374 0 0
14 97 819 0 0 0 0 0 1.0002 0 0.9725 -0.088 0.219 0.2836 1.582 0.9315 -0.112 0.3196 0.3992 2.472 0.0949 0.0949 0.3207 0 0
14 98 725 0 0 0 0 0 1.0007 0 0.9888 0.0828 0.1604 0.2007 2.2709 0.9148 0.0586 0.33 0.4159 2.3352 -0.0513 0.0513 0.3322 0 0
14 99 830 0 0 0 0 0 1.0003 0 0.9825 -0.0516 0.1522 0.1862 2.0195 0.904 -0.0314 0.3291 0.4129 2.303 0.138 0.138 0.3214 0 0
14 100 750 0 0 0 0 0 1.0005 0 0.8882 0.0372 0.3068 0.4672 2.6419 0.866 -0.0404 0.3728 0.4752 2.5824 -0.1417 0.1417 0.4068 0 0
14 101 792 0 0 0 0 0 1.0002 0 0.96 -0.0106 0.2924 0.3685 1.8974 0.9101 0.031 0.3323 0.414 2.3685 -0.0236 0.0236 0.3455 0 0
14 102 810 0 0 0 0 0 1.0005 0 0.9295 -0.169 0.2709 0.3583 2.0575 0.9007 -0.1508 0.3644 0.4449 2.7053 0.0649 0.0649 0.3784 0 0
14 103 794 0 0 0 0 0 1.0004 0 0.969 -0.0488 0.1722 0.212 1.2752 0.8935 -0.0451 0.3316 0.4223 2.3816 -0.109 0.109 0.3424 0 0
14 104 816 0 0 0 0 0 1.0003 0 0.9892 -0.063 0.1338 0.1638 1.6826 0.9041 -0.0283 0.3336 0.4328 2.5616 0.1251 0.1251 0.3221 0 0
14 105 667 0 0 0 0 0 1.0003 0 0.9636 0.0604 0.2077 0.2966 1.8717 0.9287 0.0466 0.3251 0.4177 2.3929 -0.0264 0.0264 0.3185 0 0
14 106 762 0 0 0 0 0 1.0005 0 0.9507 0.0223 0.3438 0.4068 2.0949 0.8941 -0.0134 0.3388 0.4327 2.3632 -0.1378 0.1378 0.3319 0 0
14 107 723 0 0 0 0 0 1.0002 0 0.9833 0.0045 0.1633 0.2091 2.3504 0.893 0.0214 0.344 0.4368 2.353 -0.1969 0.1969 0.3552 0 0
14 108 805 0 0 0 0 0 1.0001 0 0.968 -0.0931 0.242 0.2949 2.2085 0.9098 -0.0825 0.3368 0.4293 2.4495 -0.0497 0.0497 0.3459 0 0
14 109 815 0 0 0 0 0 1.0005 0 0.9267 0.1461 0.2481 0.3024 1.4258 0.9058 0.059 0.3301 0.4159 2.4436 -0.0298 0.0298 0.3418 0 0
14 110 790 0 0 0 0 0 1.0003 0 0.9865 -0.0083 0.1473 0.1964 1.9018 0.9059 0.035 0.333 0.4142 2.2841 -0.02 0.02 0.3422 0 0
14 111 809 0 0 0 0 0 1.001 0 0.9616 -0.0275 0.2429 0.3207 1.8187 0.9059 -0.0142 0.339 0.4287 2.2835 0.079 0.079 0.3385 0 0
14 112 810 0 0 0 0 0 1.0004 0 0.932 0.2475 0.3429 0.5041 2.7159 0.9081 0.1702 0.3653 0.4754 2.6671 0.0816 0.0816 0.3208 0 0
14 113 797 0 0 0 0 0 1.0002 0 0.93 0.0432 0.4057 0.732 2.7667 0.8909 0.1507 0.3928 0.4827 2.1659 0.0431 0.0431 0.3468 0 0
14 114 787 0 0 0 0 0 1.0012 0 0.9581 -0.0645 0.3138 0.4239 2.116 0.9066 -0.0299 0.3558 0.4331 2.3101 -0.0898 0.0898 0.3507 0 0
14 115 800 0 0 0 0 0 1.0005 0 0.9617 -0.0227 0.2098 0.2798 1.6369 0.9236 0.0223 0.3261 0.4214 2.4173 -0.011 0.011 0.3113 0 0
14 116 806 0 0 0 0 0 1.0001 0 0.9794 -0.1355 0.1842 0.2552 1.7831 0.897 -0.1 0.3592 0.4528 2.535 -0.0516 0.0516 0.3614 0 0
14 117 809 0 0 0 0 0 1.0004 0 0.9611 0.0032 0.1799 0.2405 1.3374 0.9157 0.0016 0.3283 0.4283 2.3267 -0.0152 0.0152 0.3099 0 0
14 118 815 0 0 0 0 0 1.0001 0 0.9496 0.118 0.2749 0.3901 1.935 0.9115 0.1408 0.3376 0.429 2.2235 -0.0464 0.0464 0.3352 0 0
14 119 797 0 0 0 0 0 1.0003 0 0.9661 0.0075 0.2697 0.3962 2.8005 0.8866 -0.0813 0.3944 0.5012 2.4332 0.0073 0.0073 0.3414 0 0
14 120 798 0 0 0 0 0 1.0012 0 0.9784 -0.1332 0.2334 0.3231 2.4016 0.9004 -0.1212 0.3524 0.4461 2.1266 -0.0976 0.0976 0.356 0 0
14 121 713 0 0 0 0 0 1.0001 0 0.9664 0.0729 0.2222 0.2709 1.6619 0.9178 0.163 0.3413 0.4255 2.2585 -0.0476 0.0476 0.3418 0 0
14 122 803 0 0 0 0 0 1.0005 0 0.9442 0.0129 0.2048 0.3411 2.2664 0.9002 -5e-04 0.3509 0.4495 2.4554 0.0051 0.0051 0.3428 0 0
14 123 806 0 0 0 0 0 1.0005 0 0.9541 -0.138 0.2206 0.2983 1.4745 0.904 -0.1078 0.3489 0.4472 2.6313 0.0624 0.0624 0.3277 0 0
14 124 793 0 0 0 0 0 1.0004 0 0.973 0.0476 0.2071 0.2698 1.8512 0.9108 0.0818 0.3277 0.4097 2.3537 -0.1467 0.1467 0.3557 0 0
14 125 728 0 0 0 0 0 1.0002 0 0.9649 -0.1652 0.2419 0.3284 1.7856 0.9048 -0.0684 0.3523 0.4276 2.4586 0.093 0.093 0.3327 0 0
14 126 803 0 0 0 0 0 1.0003 0 0.944 0.3722 0.3847 0.4662 2.4887 0.8684 0.3083 0.4684 0.5854 2.6462 -0.0208 0.0208 0.404 0 0
14 127 751 0 0 0 0 0 1.0003 0 0.9752 0.1532 0.2663 0.3519 1.8759 0.9241 0.0856 0.3538 0.4462 2.4484 -0.0082 0.0082 0.3178 0 0
14 128 838 0 0 0 0 0 1.0004 0 0.9889 0.1086 0.2321 0.2639 2.5094 0.9024 0.1732 0.38 0.4754 2.3486 0.0991 0.0991 0.3405 0 0
14 129 799 0 0 0 0 0 1.0003 0 0.9715 0.1549 0.2531 0.3816 2.722 0.905 0.0962 0.3697 0.4726 2.1667 -8e-04 8e-04 0.3441 0 0
14 130 792 0 0 0 0 0 1.0004 0 0.9734 0.2527 0.326 0.4245 2.375 0.9121 0.1744 0.3743 0.449 2.4477 -0.0534 0.0534 0.3509 0 0
14 131 802 0 0 0 0 0 1.0012 0 0.9555 0.2166 0.3006 0.4516 2.319 0.9055 0.0459 0.3821 0.4877 2.476 -0.0237 0.0237 0.3384 0 0
14 132 827 0 0 0 0 0 1.0002 0 0.9829 -0.2202 0.2391 0.3292 2.0439 0.9142 -0.236 0.3925 0.4858 2.4663 0.1524 0.1524 0.3347 0 0
14 133 807 0 0 0 0 0 1.0001 0 0.9813 0.0213 0.2023 0.2582 1.6506 0.9282 0.0041 0.3521 0.4335 2.5011 0.0257 0.0257 0.325 0 0
14 134 799 0 0 0 0 0 1.0004 0 0.984 -0.0053 0.1851 0.2395 1.9013 0.9117 0.0666 0.3728 0.4611 2.2657 0.1006 0.1006 0.3308 0 0
14 135 820 0 0 0 0 0 1.0003 0 0.9626 -0.1959 0.2959 0.4627 2.3677 0.9034 -0.1047 0.3444 0.437 2.5641 0.1546 0.1546 0.3224 0 0
14 136 690 0 0 0 0 0 1.0003 0 0.9669 0.0455 0.2204 0.2956 2.6042 0.9019 0.056 0.3463 0.4477 2.525 0.0264 0.0264 0.3655 0 0
14 137 806 0 0 0 0 0 1.0005 0 0.9724 0.1407 0.1941 0.2404 1.556 0.9232 0.0978 0.3367 0.4479 2.3883 -0.08 0.08 0.3392 0 0
14 138 748 0 0 0 0 0 1.0004 0 0.9762 -0.1371 0.2137 0.2762 1.667 0.9126 -0.1191 0.3471 0.4403 2.2549 -0.1982 0.1982 0.3347 0 0
14 139 812 0 0 0 0 0 1.0005 0 0.9724 0.0924 0.2108 0.2907 1.4925 0.9278 0.0375 0.3435 0.4458 2.6564 0.0233 0.0233 0.3294 0 0
14 140 824 0 0 0 0 0 1.0001 0 0.977 0.0273 0.1953 0.2425 1.695 0.9231 -0.0387 0.3519 0.4318 2.4582 0.1317 0.1317 0.3002 0 0
14 141 652 0 0 0 0 0 1.0004 0 0.9042 -0.0742 0.3048 0.4716 2.2325 0.9134 0.0618 0.3405 0.4309 2.5793 -0.0841 0.0841 0.3414 0 0
14 142 793 0 0 0 0 0 1.0003 0 0.9817 -0.0736 0.212 0.2583 2.4898 0.8991 -0.058 0.3311 0.4209 2.1359 -0.0071 0.0071 0.348 0 0
14 143 802 0 0 0 0 0 1.0003 0 0.9736 -0.2204 0.3337 0.4287 2.3231 0.9253 -0.1044 0.3416 0.4377 2.3775 -0.0819 0.0819 0.3328 0 0
14 144 810 0 0 0 0 0 1.0001 0 0.9789 -0.1619 0.1974 0.2417 1.5009 0.9015 -0.1462 0.357 0.4482 2.3886 0.0142 0.0142 0.3355 0 0
14 145 815 0 0 0 0 0 1.0003 0 0.9804 0.0193 0.1775 0.2327 1.6637 0.9262 -0.0159 0.3435 0.4224 2.2909 0.0565 0.0565 0.3087 0 0
14 146 803 0 0 0 0 0 1.0005 0 0.9818 0.0512 0.1495 0.1987 1.5395 0.9009 0.061 0.3357 0.4142 2.37 -0.0344 0.0344 0.3307 0 0
14 147 692 0 0 0 0 0 1.0005 0 0.9431 -0.3977 0.4352 0.5752 2.362 0.8799 -0.2588 0.4305 0.5463 2.5798 -0.0157 0.0157 0.3503 0 0
14 148 751 0 0 0 0 0 1.0003 0 0.9463 -0.0907 0.2773 0.3787 1.6136 0.9159 -0.1162 0.3588 0.4642 2.3008 -0.0228 0.0228 0.3235 0 0
14 149 818 0 0 0 0 0 1.0008 0 0.9802 0.0781 0.2192 0.283 2.2303 0.9121 0.0425 0.34 0.4322 2.433 0.0518 0.0518 0.3287 0 0
14 150 802 0 0 0 0 0 1.0004 0 0.9529 -0.0366 0.2795 0.3951 2.2466 0.9271 -0.0016 0.3329 0.4191 2.4132 0.0227 0.0227 0.3519 0 0
14 151 818 0 0 0 0 0 1.0002 0 0.9652 -0.0024 0.2308 0.2769 1.5526 0.9198 0.0413 0.3398 0.4306 2.2816 0.0885 0.0885 0.3122 0 0
14 152 810 0 0 0 0 0 1.0005 0 0.9722 0.0075 0.2146 0.2539 2.1292 0.9046 -0.0269 0.3404 0.4319 2.4722 0.1654 0.1654 0.3277 0 0
14 153 740 0 0 0 0 0 1.0004 0 0.9671 0.0653 0.2116 0.2558 1.6961 0.8821 0.0665 0.3763 0.469 2.4286 -0.1698 0.1698 0.3508 0 0
14 154 731 0 0 0 0 0 1.0002 0 0.9624 0.1928 0.2661 0.295 1.1989 0.9379 0.152 0.313 0.4068 2.4033 0.0028 0.0028 0.3104 0 0
14 155 816 0 0 0 0 0 1.0002 0 0.957 -0.0241 0.204 0.2575 1.6135 0.9138 0.0039 0.3123 0.4028 2.4356 0.0252 0.0252 0.3242 0 0
14 156 796 0 0 0 0 0 1.0005 0 0.9836 -8e-04 0.1605 0.2037 1.7678 0.9106 -0.0232 0.3695 0.4412 2.2709 0.0661 0.0661 0.3299 0 0
14 157 801 0 0 0 0 0 1.0002 0 0.9601 -0.2684 0.3519 0.4284 1.9629 0.8881 -0.2072 0.4 0.4928 2.3816 -0.0072 0.0072 0.3515 0 0
14 158 710 0 0 0 0 0 1.0002 0 0.973 -0.0759 0.2129 0.2663 1.8851 0.9081 -0.0021 0.3699 0.4599 2.3845 0.0289 0.0289 0.3287 0 0
14 159 799 0 0 0 0 0 1.0003 0 0.9512 -0.2245 0.3069 0.527 2.6653 0.9123 -0.0934 0.3526 0.4374 2.3677 8e-04 8e-04 0.3461 0 0
14 160 804 0 0 0 0 0 1.0001 0 0.9734 -0.0231 0.1953 0.2523 1.6639 0.9384 -0.0128 0.2872 0.3682 2.3675 -0.0244 0.0244 0.3026 0 0
14 161 814 0 0 0 0 0 1.0002 0 0.9745 0.0988 0.2034 0.2507 1.5383 0.9132 0.0298 0.3204 0.4145 2.3853 -0.0483 0.0483 0.3296 0 0
14 162 715 0 0 0 0 0 1.0003 0 0.9606 -0.3516 0.3833 0.6384 2.8875 0.9054 -0.1637 0.352 0.4573 2.3973 -0.0261 0.0261 0.3529 0 0
14 163 762 0 0 0 0 0 1.0003 0 0.9774 0.048 0.2448 0.3028 1.9981 0.9281 0.0831 0.3302 0.415 2.3322 0.1387 0.1387 0.3083 0 0
14 164 680 0 0 0 0 0 1.0003 0 0.9487 0.1319 0.2535 0.3136 1.1705 0.9042 0.1376 0.3685 0.4831 2.4604 -0.0643 0.0643 0.3258 0 0
14 165 800 0 0 0 0 0 1.0006 0 0.9538 -0.1064 0.2876 0.4472 2.8397 0.9088 -0.0521 0.3411 0.4231 2.3712 -0.0416 0.0416 0.3425 0 0
14 166 803 0 0 0 0 0 1 0 0.9617 -0.1038 0.2616 0.3504 1.9871 0.9185 -0.0541 0.334 0.4378 2.3893 -0.1234 0.1234 0.3374 0 0
14 167 821 0 0 0 0 0 1.0001 0 0.9692 -0.0723 0.1597 0.2257 1.4383 0.9247 -0.0758 0.324 0.406 2.5126 0.1134 0.1134 0.3067 0 0
14 168 788 0 0 0 0 0 1.0003 0 0.975 -0.158 0.317 0.3917 2.6644 0.9076 -0.1486 0.3739 0.4633 2.2534 -0.115 0.115 0.3536 0 0
14 169 813 0 0 0 0 0 1.0001 0 0.9785 -0.07 0.1968 0.2704 2.3355 0.9142 0.034 0.327 0.4136 2.2927 -0.0675 0.0675 0.3449 0 0
14 170 792 0 0 0 0 0 1.0001 0 0.9487 -0.2319 0.3179 0.4488 2.0431 0.9058 -0.116 0.3248 0.412 2.2067 -0.0951 0.0951 0.3529 0 0
14 171 794 0 0 0 0 0 1.0002 0 0.9749 0.0248 0.2206 0.2612 1.9267 0.913 0.0164 0.3425 0.4331 2.4006 -0.0746 0.0746 0.3236 0 0
14 172 820 0 0 0 0 0 1.0003 0 0.9808 -0.1539 0.2033 0.2462 1.4762 0.9113 -0.1701 0.3793 0.4623 2.3053 0.0084 0.0084 0.3189 0 0
14 173 811 0 0 0 0 0 1.0006 0 0.9779 0.0148 0.2014 0.2494 1.9546 0.894 -0.0634 0.3424 0.422 2.4268 0.0167 0.0167 0.361 0 0
14 174 802 0 0 0 0 0 1.0006 0 0.9741 0.0533 0.2625 0.3425 2.5458 0.902 0.0292 0.3499 0.4346 2.4086 -0.0501 0.0501 0.3426 0 0
14 175 810 0 0 0 0 0 1.0003 0 0.9739 0.0184 0.1818 0.2318 1.579 0.9041 0.0479 0.3404 0.4183 2.3898 0.06 0.06 0.3203 0 0
14 176 820 0 0 0 0 0 1.0008 0 0.9694 0.03 0.187 0.2309 1.3283 0.9263 0.0419 0.3093 0.3929 2.4161 -0.1142 0.1142 0.3425 0 0
14 177 788 0 0 0 0 0 1.0003 0 0.9725 -0.0537 0.2486 0.3237 2.1726 0.9092 -0.015 0.3657 0.4557 2.3483 -0.0222 0.0222 0.3493 0 0
14 178 802 0 0 0 0 0 1.0004 0 0.9155 0.1025 0.4352 0.7492 2.9282 0.9189 -0.0491 0.346 0.424 2.3241 -0.1601 0.1601 0.344 0 0
14 179 667 0 0 0 0 0 1.0009 0 0.9725 -0.1406 0.2801 0.4023 2.3688 0.886 -0.1009 0.3658 0.4584 1.9616 -0.3237 0.3237 0.3629 0 0
14 180 771 0 0 0 0 0 1.0009 0 0.9581 -0.0119 0.2968 0.3433 2.7783 0.8831 0.03 0.3088 0.3998 2.4195 -0.0349 0.0349 0.37 0 0
14 181 805 0 0 0 0 0 1.0002 0 0.9855 -0.0522 0.1427 0.1939 2.348 0.8975 -0.0192 0.3285 0.4172 2.4336 -0.0193 0.0193 0.345 0 0
14 182 806 0 0 0 0 0 1.0007 0 0.9714 -0.0589 0.2381 0.3252 2.151 0.8973 -0.0349 0.3604 0.4561 2.3911 0.0285 0.0285 0.3527 0 0
14 183 796 0 0 0 0 0 1.0003 0 0.9634 -0.2369 0.3118 0.3614 1.6833 0.9083 -0.2356 0.3806 0.4699 2.4262 -0.0258 0.0258 0.3404 0 0
14 184 695 0 0 0 0 0 1.0002 0 0.9504 -0.0134 0.3973 0.5934 2.7405 0.8608 0.0485 0.3961 0.4955 2.0798 -0.2058 0.2058 0.3724 0 0
14 185 682 0 0 0 0 0 1.0008 0 0.9638 0.0179 0.2058 0.2394 2.0658 0.898 -0.0495 0.333 0.4401 2.545 -0.1533 0.1533 0.3696 0 0
14 186 806 0 0 0 0 0 1.0004 0 0.9316 -0.2669 0.3447 0.4725 1.7577 0.9148 -0.234 0.3793 0.477 2.4036 0.0686 0.0686 0.3368 0 0
14 187 757 0 0 0 0 0 1.0005 0 0.9633 -0.0845 0.2392 0.286 1.2952 0.9267 -0.1152 0.2922 0.3831 2.3771 -0.0805 0.0805 0.3274 0 0
14 188 815 0 0 0 0 0 1.0003 0 0.9679 -0.1002 0.237 0.2966 1.6882 0.9168 -0.099 0.3756 0.4579 2.3134 0.0724 0.0724 0.3027 0 0
14 189 802 0 0 0 0 0 1.0002 0 0.9642 0.0214 0.2116 0.2638 2.4361 0.8949 -0.0018 0.3386 0.4216 2.4727 -0.014 0.014 0.3566 0 0
14 190 778 0 0 0 0 0 1.0004 0 0.9747 0.0755 0.2553 0.3231 1.568 0.9107 0.0488 0.3772 0.4728 2.459 0.059 0.059 0.3043 0 0
14 191 775 0 0 0 0 0 1.0003 0 0.9515 -0.02 0.2709 0.3739 1.8203 0.9347 -0.0085 0.365 0.4546 2.4193 0.0109 0.0109 0.3086 0 0
14 192 802 0 0 0 0 0 1.0002 0 0.9421 0.1065 0.2563 0.3464 1.9081 0.908 0.0643 0.336 0.4355 2.5705 -0.0074 0.0074 0.3619 0 0
14 193 695 0 0 0 0 0 1.0004 0 0.9697 -0.0593 0.2595 0.3369 1.8689 0.9081 -0.076 0.3451 0.4424 2.2729 -0.0464 0.0464 0.3426 0 0
14 194 801 0 0 0 0 0 1.0005 0 0.9677 0.0347 0.2042 0.2749 1.5949 0.9219 -0.0051 0.297 0.3835 2.5688 0.0305 0.0305 0.3222 0 0
14 195 807 0 0 0 0 0 1.0001 0 0.9619 -0.0254 0.2788 0.3883 2.3168 0.918 0.088 0.3537 0.4445 2.2694 0.0868 0.0868 0.3359 0 0
14 196 806 0 0 0 0 0 1.0005 0 0.9835 0.0794 0.2295 0.2892 2.1062 0.9257 0.0484 0.3376 0.4291 2.2954 0.0325 0.0325 0.3221 0 0
14 197 736 0 0 0 0 0 1.001 0 0.9462 0.046 0.2605 0.3593 2.5184 0.8857 -0.0265 0.3633 0.4458 2.6055 -0.0873 0.0873 0.3898 0 0
14 198 805 0 0 0 0 0 1.0002 0 0.9836 -0.0041 0.1497 0.191 1.553 0.9115 0.0715 0.335 0.4227 2.3656 0.0184 0.0184 0.3239 0 0
14 199 790 0 0 0 0 0 1.0003 0 0.9723 0.0982 0.2921 0.3799 2.2273 0.8934 0.0741 0.3941 0.4968 2.2775 -0.1042 0.1042 0.3413 0 0
14 200 796 0 0 0 0 0 1.0002 0 0.98 0.1916 0.2677 0.3328 1.6977 0.9214 0.1892 0.3819 0.4693 2.3703 -0.0447 0.0447 0.3135 0 0
14 201 692 0 0 0 0 0 1.0004 0 0.9625 -0.103 0.2331 0.3003 1.7788 0.9266 -0.0807 0.3202 0.3982 2.3951 -0.0074 0.0074 0.3341 0 0
14 202 818 0 0 0 0 0 1.0004 0 0.9118 0.2358 0.3499 0.4611 2.2896 0.9077 0.1816 0.3996 0.4962 2.8332 0.0884 0.0884 0.3293 0 0
14 203 804 0 0 0 0 0 1.0002 0 0.9534 -0.0837 0.2267 0.2828 1.6642 0.9029 -0.0548 0.3455 0.4422 2.5375 -0.0088 0.0088 0.335 0 0
14 204 809 0 0 0 0 0 1.0002 0 0.9742 -0.0968 0.134 0.2298 1.8551 0.9272 -0.029 0.3206 0.393 2.7133 0.0942 0.0942 0.3025 0 0
14 205 797 0 0 0 0 0 1.0003 0 0.9779 0.0361 0.2013 0.2486 1.9357 0.9164 0.0063 0.3217 0.4044 2.3468 -0.0274 0.0274 0.3473 0 0
14 206 813 0 0 0 0 0 1.0004 0 0.9676 -0.0678 0.2403 0.2947 1.8806 0.9086 -0.1292 0.3494 0.441 2.2303 0.0429 0.0429 0.3306 0 0
14 207 739 0 0 0 0 0 1.0006 0 0.9783 0.103 0.2412 0.3317 2.3103 0.8841 0.1093 0.3613 0.4434 2.0442 -0.0496 0.0496 0.3553 0 0
14 208 688 0 0 0 0 0 1.0011 0 0.9794 0.0696 0.2007 0.2555 1.8606 0.9042 0.1004 0.3533 0.4536 2.3249 -0.0283 0.0283 0.3376 0 0
14 209 807 0 0 0 0 0 1.0005 0 0.9752 -0.101 0.1651 0.212 1.6547 0.928 -0.0769 0.3153 0.3981 2.3732 -0.0341 0.0341 0.3318 0 0
14 210 749 0 0 0 0 0 1.0003 0 0.9675 0.0124 0.2072 0.3019 1.8815 0.9185 0.0693 0.3298 0.4175 2.378 0.0152 0.0152 0.3214 0 0
14 211 784 0 0 0 0 0 1.0002 0 0.906 -0.1841 0.3134 0.567 2.7395 0.907 0.0305 0.3936 0.5077 2.6742 -0.0433 0.0433 0.3705 0 0
14 212 800 0 0 0 0 0 1.0006 0 0.9549 -0.261 0.3156 0.3805 1.2371 0.9374 -0.2422 0.3808 0.4698 2.5657 0.0497 0.0497 0.3294 0 0
14 213 822 0 0 0 0 0 1.0009 0 0.9739 0.2828 0.3351 0.4023 2.0316 0.9088 0.2238 0.3741 0.4593 2.446 0.1594 0.1594 0.3232 0 0
14 214 798 0 0 0 0 0 1.0003 0 0.9627 -0.0512 0.2308 0.2804 1.6867 0.8986 -0.0467 0.3778 0.461 2.4675 0.0142 0.0142 0.3102 0 0
14 215 816 0 0 0 0 0 1.0005 0 0.9591 -0.1055 0.2367 0.2805 1.3119 0.9151 -0.0909 0.3372 0.4271 2.4328 -0.0159 0.0159 0.3136 0 0
14 216 808 0 0 0 0 0 1.0006 0 0.95 0.1045 0.2611 0.3316 1.6592 0.9412 0.0845 0.3044 0.3938 2.4624 0.0621 0.0621 0.3013 0 0
14 217 788 0 0 0 0 0 1.0006 0 0.9764 -0.092 0.1982 0.2447 2.4936 0.8999 -0.0733 0.3372 0.4231 2.4322 -0.1318 0.1318 0.3538 0 0
14 218 803 0 0 0 0 0 1.0004 0 0.9727 -0.0097 0.1711 0.258 1.8614 0.9196 -0.0106 0.3367 0.4175 2.3254 0.078 0.078 0.3187 0 0
14 219 788 0 0 0 0 0 1.0009 0 0.9748 -0.2089 0.2413 0.2964 1.5457 0.8936 -0.2081 0.375 0.4791 2.4626 -0.1004 0.1004 0.3463 0 0
14 220 805 0 0 0 0 0 1.0002 0 0.9678 -4e-04 0.2143 0.2694 1.6522 0.9154 0.0545 0.3223 0.4047 2.4114 -0.0207 0.0207 0.342 0 0
14 221 830 4 0 0 0 0 1.0005 0 0.9464 0.3461 0.3682 0.4766 2.2151 0.8836 0.2356 0.4482 0.5604 3.0057 0.2253 0.2253 0.3728 1 0
14 222 813 0 0 0 0 0 1.0004 0 0.9717 0.0347 0.2427 0.2902 1.771 0.9042 0.0321 0.3464 0.4388 2.4939 0.053 0.053 0.343 0 0
14 223 829 0 0 0 0 0 1.0002 0 0.9723 -0.2324 0.2832 0.336 1.5545 0.9207 -0.2002 0.3644 0.4711 2.6183 0.1423 0.1423 0.301 0 0
14 224 802 0 0 0 0 0 1.0004 0 0.971 -0.134 0.3708 0.5142 2.6259 0.91 -0.1657 0.3693 0.4617 2.1903 -0.0673 0.0673 0.3425 0 0
14 225 794 0 0 0 0 0 1.0003 0 0.9643 -0.1005 0.2377 0.3082 1.6892 0.9317 -0.0977 0.3256 0.4123 2.4727 0.0382 0.0382 0.3136 0 0
14 226 783 0 0 0 0 0 1.0004 0 0.9694 -0.1464 0.2043 0.2796 2.0371 0.9223 -0.1137 0.3408 0.4265 2.4507 -0.0974 0.0974 0.3445 0 0
14 227 784 0 0 0 0 0 1.0002 0 0.9501 0.0267 0.2668 0.3312 1.6696 0.919 -6e-04 0.3303 0.4039 2.4487 -0.0523 0.0523 0.3417 0 0
14 228 812 0 0 0 0 0 1.0001 0 0.9583 0.074 0.2889 0.3526 1.8454 0.9254 0.0503 0.3311 0.42 2.2501 -0.0424 0.0424 0.3384 0 0
14 229 798 0 0 0 0 0 1.0004 0 0.9872 -0.0078 0.1697 0.2193 2.0243 0.9008 -0.0654 0.3601 0.4524 2.4657 0.0293 0.0293 0.3215 0 0
14 230 811 0 0 0 0 0 1.0002 0 0.9265 -0.116 0.2626 0.4883 2.4907 0.9146 -0.0103 0.3305 0.4192 2.584 0.0119 0.0119 0.3355 0 0
14 231 818 0 0 0 0 0 1.0008 0 0.9734 0.0607 0.2397 0.3243 2.2536 0.9219 0.1221 0.3453 0.4313 2.2089 0.0412 0.0412 0.321 0 0
14 232 815 0 0 0 0 0 1.0004 0 0.9627 0.1705 0.3188 0.399 2.5851 0.9019 0.1793 0.3635 0.4608 2.0482 0.0944 0.0944 0.3305 0 0
14 233 834 0 0 0 0 0 1.0003 0 0.9762 -0.0785 0.2261 0.2834 1.8581 0.9166 -0.0479 0.3786 0.4742 2.564 0.2409 0.2409 0.2857 0 0
14 234 817 0 0 0 0 0 1.0005 0 0.9815 -0.1506 0.2074 0.2494 1.7203 0.8985 -0.2482 0.3919 0.4936 2.4948 0.0297 0.0297 0.3282 0 0
14 235 802 0 0 0 0 0 1.0005 0 0.9616 -0.0492 0.27 0.42 2.8242 0.9064 -0.0894 0.3494 0.4309 2.1754 -0.031 0.031 0.3768 0 0
14 236 685 0 0 0 0 0 1.0015 0 0.9704 0.2449 0.2719 0.4013 2.3888 0.8944 0.1138 0.3519 0.4469 2.1736 -0.1501 0.1501 0.3519 0 0
14 237 810 0 0 0 0 0 1.0012 0 0.9834 0.1532 0.1929 0.2517 2.0123 0.9047 0.1093 0.3462 0.4411 2.478 0.0221 0.0221 0.3254 0 0
14 238 818 0 0 0 0 0 1.0007 0 0.9415 -0.0359 0.2549 0.3247 2.2557 0.9094 -0.0263 0.3701 0.4818 2.5866 0.1208 0.1208 0.3136 0 0
14 239 794 0 0 0 0 0 1.0002 0 0.9773 0.0616 0.2516 0.3279 2.2766 0.8904 0.0544 0.3527 0.4698 2.1895 -0.0796 0.0796 0.3555 0 0
14 240 812 0 0 0 0 0 1.0007 0 0.9683 -0.1807 0.2578 0.3337 1.961 0.8729 -0.1174 0.3833 0.4833 2.466 0.0545 0.0545 0.3377 0 0
14 241 811 0 0 0 0 0 1.0008 0 0.9725 0.0914 0.3168 0.3946 2.5672 0.8899 0.0771 0.3511 0.4502 2.1243 0.0354 0.0354 0.3529 0 0
14 242 827 0 0 0 0 0 1.0002 0 0.9807 0.0923 0.1688 0.2055 1.3837 0.9174 0.0617 0.3666 0.4586 2.3518 0.127 0.127 0.2898 0 0
14 243 817 0 0 0 0 0 1.0002 0 0.9815 -0.1607 0.1984 0.2443 1.531 0.9161 -0.2084 0.3622 0.4546 2.3427 0.1643 0.1643 0.3071 0 0
14 244 790 0 0 0 0 0 1.0004 0 0.9669 -0.0015 0.2044 0.2461 2.2009 0.9022 -0.0063 0.3458 0.4338 2.2628 -0.0283 0.0283 0.3497 0 0
14 245 815 0 0 0 0 0 1.0002 0 0.9238 0.2706 0.3906 0.5363 2.0592 0.9032 0.1896 0.4101 0.511 2.3785 0.1395 0.1395 0.3086 0 0
14 246 804 0 0 0 0 0 1.0008 0 0.9677 -0.0169 0.2327 0.3468 2.2006 0.9209 0.0109 0.3528 0.4331 2.3536 -0.0157 0.0157 0.3305 0 0
14 247 797 0 0 0 0 0 1.0007 0 0.9671 0.2017 0.3914 0.6046 2.5301 0.8685 0.0777 0.4059 0.5026 2.0629 -0.0894 0.0894 0.3779 0 0
14 248 811 0 0 0 0 0 1.0001 0 0.9543 -0.0333 0.276 0.4139 2.4937 0.8985 -0.0071 0.3615 0.458 2.5537 0.0897 0.0897 0.359 0 0
14 249 774 0 0 0 0 0 1.0006 0 0.9483 -0.1668 0.307 0.4084 1.9505 0.9094 -0.1279 0.3425 0.4338 2.407 -0.0679 0.0679 0.3547 0 0
14 250 747 0 0 0 0 0 1.0001 0 0.9702 -0.1643 0.2641 0.3182 1.5929 0.9203 -0.1408 0.3486 0.4499 2.3326 0.0157 0.0157 0.3197 0 0
14 251 697 0 0 0 0 0 1.0008 0 0.9698 0.1697 0.2181 0.3305 2.0253 0.8921 0.1176 0.3806 0.4621 2.4375 -0.0483 0.0483 0.3445 0 0
14 252 755 0 0 0 0 0 1.0004 0 0.9709 -0.0319 0.2278 0.3394 2.3852 0.8696 4e-04 0.3534 0.4456 2.1586 -0.0325 0.0325 0.3674 0 0
14 253 829 0 0 0 0 0 1.0003 0 0.9048 0.1081 0.4248 0.7219 3.0505 0.9192 3e-04 0.3349 0.4308 2.4746 0.138 0.138 0.3203 0 0
14 254 813 0 0 0 0 0 1.0002 0 0.9821 -0.1518 0.1847 0.2633 1.9041 0.9123 -0.0912 0.3465 0.4427 2.373 0.04 0.04 0.3279 0 0
14 255 819 0 0 0 0 0 1.0002 0 0.9671 0.0955 0.2359 0.2868 2.1343 0.9222 0.0933 0.3264 0.4095 2.5192 0.1094 0.1094 0.3274 0 0
14 256 794 0 0 0 0 0 1.0005 0 0.9724 0.0373 0.2284 0.302 1.9661 0.9055 -0.0644 0.3665 0.4652 2.242 -0.0495 0.0495 0.3402 0 0
14 257 804 0 0 0 0 0 1.0015 0 0.9753 0.1652 0.2273 0.2911 1.4886 0.9051 0.0976 0.3654 0.4732 2.3908 0.0496 0.0496 0.3163 0 0
14 258 806 0 0 0 0 0 1.0006 0 0.9507 0.1753 0.3867 0.5481 2.4114 0.9123 0.1631 0.3691 0.468 2.1474 -3e-04 3e-04 0.3415 0 0
14 259 806 0 0 0 0 0 1.0003 0 0.9452 0.0114 0.2532 0.3284 1.3617 0.8862 0.0224 0.3424 0.4267 2.3293 -0.0305 0.0305 0.3396 0 0
14 260 812 0 0 0 0 0 1.0002 0 0.9611 -0.1559 0.2822 0.4682 2.6897 0.9178 -0.0903 0.3461 0.4353 2.2205 0.1567 0.1567 0.3145 0 0
14 261 815 0 0 0 0 0 1.0004 0 0.9428 0.0827 0.3586 0.4868 2.0884 0.9109 0.002 0.3698 0.4681 2.2788 0.0722 0.0722 0.3112 0 0
14 262 683 0 0 0 0 0 1.0002 0 0.972 -0.1183 0.2507 0.2883 1.8306 0.9004 -0.0594 0.3321 0.4162 2.3753 -0.0986 0.0986 0.351 0 0
14 263 817 0 0 0 0 0 1.001 0 0.9737 -0.0381 0.2238 0.2701 2.105 0.9279 0.0118 0.3166 0.391 2.4692 0.0654 0.0654 0.3192 0 0
14 264 817 0 0 0 0 0 1.0002 0 0.9358 -0.0369 0.264 0.3268 2.0262 0.9241 -0.0718 0.3198 0.4051 2.4021 -0.0155 0.0155 0.3263 0 0
14 265 808 0 0 0 0 0 1.0003 0 0.9839 0.1923 0.2295 0.2899 1.8329 0.9119 0.1944 0.3844 0.4909 2.2586 -0.041 0.041 0.3316 0 0
14 266 805 0 0 0 0 0 1.0003 0 0.9744 0.025 0.162 0.2231 1.5981 0.9132 0.0481 0.3141 0.4063 2.4361 -0.0119 0.0119 0.3338 0 0
14 267 788 0 0 0 0 0 1.0005 0 0.9707 0.0193 0.2585 0.3901 2.7276 0.9045 -0.0061 0.347 0.4411 2.0911 -0.0267 0.0267 0.3635 0 0
14 268 809 0 0 0 0 0 1.0003 0 0.975 -0.245 0.2794 0.3533 2.335 0.9088 -0.204 0.3751 0.4729 2.5016 0.0133 0.0133 0.3539 0 0
14 269 793 0 0 0 0 0 1.0002 0 0.9762 -0.2957 0.3193 0.3829 2.012 0.9268 -0.2718 0.4029 0.4857 2.3681 -0.0108 0.0108 0.3344 0 0
14 270 804 0 0 0 0 0 1.0004 0 0.9519 0.2238 0.2738 0.3858 1.6542 0.9076 0.1433 0.3831 0.4832 2.4636 0.0549 0.0549 0.3095 0 0
14 271 639 0 0 0 0 0 1.0003 0 0.9502 0.0963 0.3989 0.6373 2.8701 0.876 -0.0445 0.3699 0.4597 1.9625 0.0394 0.0394 0.3699 0 0
14 272 821 0 0 0 0 0 1.0004 0 0.9789 0.0089 0.1884 0.2258 2.1623 0.924 0.0376 0.3501 0.4356 2.5633 0.0121 0.0121 0.3355 0 0
14 273 809 0 0 0 0 0 1.0002 0 0.9799 -0.033 0.1588 0.217 1.5831 0.908 -0.0812 0.3325 0.4145 2.3598 0.0465 0.0465 0.3272 0 0
14 274 808 0 0 0 0 0 1.0009 0 0.9707 0.002 0.1967 0.2352 1.4387 0.9132 0.0304 0.3059 0.3993 2.4484 -0.0093 0.0093 0.3254 0 0
14 275 803 0 0 0 0 0 1.0001 0 0.9644 -0.0145 0.216 0.3332 1.7234 0.8935 -0.0149 0.3682 0.4696 2.4107 3e-04 3e-04 0.331 0 0
14 276 795 0 0 0 0 0 1.0005 0 0.9607 0.0819 0.245 0.3263 1.6929 0.9208 0.0329 0.348 0.4248 2.4554 -0.0231 0.0231 0.3249 0 0
14 277 499 0 0 0 0 0 1.0003 0 0.9385 0.0562 0.3125 0.3922 2.1444 0.8807 -0.0166 0.3817 0.4819 2.4479 -0.222 0.222 0.3606 0 0
14 278 792 0 0 0 0 0 1.0003 0 0.9634 -0.1062 0.2277 0.2806 1.8306 0.9015 -0.0924 0.334 0.4228 2.4385 -0.1504 0.1504 0.3461 0 0
14 279 684 0 0 0 0 0 1.0008 0 0.9749 0.0145 0.2007 0.2893 2.0045 0.9092 0.015 0.3273 0.4108 2.2559 -0.0629 0.0629 0.3529 0 0
14 280 797 0 0 0 0 0 1.0002 0 0.98 -0.1779 0.234 0.3374 2.3775 0.9128 -0.1211 0.3666 0.4496 2.428 0.0684 0.0684 0.3435 0 0
14 281 825 0 0 0 0 0 1.0006 0 0.9696 -0.0275 0.2273 0.2907 1.8197 0.9208 0.001 0.3226 0.4156 2.5679 0.08 0.08 0.316 0 0
14 282 749 0 0 0 0 0 1.0002 0 0.9552 -0.0109 0.2357 0.323 1.9181 0.8871 0.0121 0.3672 0.465 2.4175 -0.001 0.001 0.3391 0 0
14 283 687 0 0 0 0 0 1.0001 0 0.9781 -0.0109 0.17 0.22 1.7509 0.9002 0.0072 0.3447 0.4373 2.3937 -0.0155 0.0155 0.3442 0 0
14 284 688 0 0 0 0 0 1.0008 0 0.9764 -0.0564 0.2015 0.2698 2.0144 0.9071 -0.0449 0.3175 0.3912 2.424 0.0183 0.0183 0.3625 0 0
14 285 793 0 0 0 0 0 1.0002 0 0.9847 0.0631 0.1672 0.2197 1.6906 0.9171 0.0414 0.3196 0.405 2.419 0.0332 0.0332 0.3277 0 0
14 286 807 0 0 0 0 0 1.0001 0 0.9826 -0.2261 0.2631 0.3294 2.1925 0.8963 -0.2497 0.4123 0.5205 2.3199 0.0765 0.0765 0.3454 0 0
14 287 805 0 0 0 0 0 1.0001 0 0.9399 0.3713 0.4098 0.6737 2.3093 0.891 0.1907 0.4016 0.5092 2.2763 0.0359 0.0359 0.3599 0 0
14 288 762 0 0 0 0 0 1.0006 0 0.9717 -0.0558 0.1888 0.2239 1.2981 0.9114 -0.0287 0.3187 0.3944 2.437 -0.0147 0.0147 0.3274 0 0
14 289 807 0 0 0 0 0 1.0001 0 0.9729 0.0677 0.2028 0.23 1.5352 0.9139 0.0552 0.3093 0.3952 2.4549 -0.001 0.001 0.3349 0 0
14 290 818 0 0 0 0 0 1.0008 0 0.8903 0.1669 0.3889 0.5732 2.5792 0.9092 0.0325 0.3421 0.432 2.7279 0.1441 0.1441 0.3651 0 0
14 291 823 0 0 0 0 0 1.0003 0 0.971 -0.1579 0.2203 0.2753 1.3953 0.9405 -0.1244 0.3105 0.3974 2.3918 0.1487 0.1487 0.2927 0 0
14 292 815 0 0 0 0 0 1.0002 0 0.9792 -0.0155 0.2319 0.3348 2.4558 0.8693 0.0943 0.3962 0.4861 2.2491 0.0632 0.0632 0.3634 0 0
14 293 775 0 0 0 0 0 1.0012 0 0.9692 -0.0331 0.3264 0.4604 2.7357 0.8972 -0.0559 0.3445 0.4252 2.0176 -0.1573 0.1573 0.386 0 0
14 294 805 0 0 0 0 0 1.0003 0 0.9887 -0.1189 0.1938 0.249 2.229 0.9007 -0.0464 0.3379 0.4327 2.5148 -0.0176 0.0176 0.3733 0 0
14 295 801 0 0 0 0 0 1.0002 0 0.9582 -0.2077 0.2704 0.3535 2.0291 0.9064 -0.1687 0.3448 0.4513 2.6565 0.0249 0.0249 0.3469 0 0
14 296 800 0 0 0 0 0 1.0001 0 0.9776 0.0497 0.2162 0.2684 2.215 0.9245 0.0442 0.3514 0.4382 2.2784 -0.0417 0.0417 0.3392 0 0
14 297 805 0 0 0 0 0 1.0003 0 0.9771 -0.0784 0.2486 0.3484 2.0779 0.9336 -0.018 0.3242 0.4111 2.433 0.1235 0.1235 0.3077 0 0
14 298 779 0 0 0 0 0 1.0002 0 0.9739 0.037 0.2172 0.2764 1.9297 0.8941 -0.0257 0.3459 0.4361 2.388 -0.0166 0.0166 0.3517 0 0
14 299 726 0 0 0 0 0 1.0004 0 0.9862 -0.0547 0.1579 0.1983 1.9478 0.888 -0.0393 0.3631 0.4581 2.3537 -0.1954 0.1954 0.3498 0 0
14 300 811 0 0 0 0 0 1.0002 0 0.9725 0.0363 0.2702 0.3455 2.0541 0.93 0.0651 0.3088 0.3897 2.1624 -0.0031 0.0031 0.3385 0 0
14 301 767 0 0 0 0 0 1.0003 0 0.9665 0.0896 0.2481 0.3124 2.0115 0.917 0.0972 0.336 0.4285 2.5174 0.0271 0.0271 0.3531 0 0
14 302 807 0 0 0 0 0 1.0002 0 0.9222 -0.5653 0.5669 0.8338 2.9529 0.8978 -0.3472 0.4614 0.5724 2.5655 0.1308 0.1308 0.3786 0 0
14 303 781 0 0 0 0 0 1.0003 0 0.9827 -0.0343 0.2081 0.3092 2.7035 0.909 -0.0143 0.3547 0.4407 2.3846 -0.0511 0.0511 0.3526 0 0
14 304 795 0 0 0 0 0 1.0002 0 0.9802 0.0799 0.195 0.2366 1.8156 0.9135 0.0929 0.3349 0.4213 2.3843 0.006 0.006 0.3276 0 0
14 305 768 0 0 0 0 0 1.0005 0 0.9679 0.4001 0.4043 0.4869 1.7959 0.9281 0.372 0.4365 0.5325 2.5099 -0.0082 0.0082 0.3225 0 0
14 306 615 0 0 0 0 0 1.0019 0 0.9634 -0.1475 0.2358 0.3101 1.816 0.9148 -0.1909 0.354 0.4374 2.4013 -0.0604 0.0604 0.3409 0 0
14 307 820 0 0 0 0 0 1.0003 0 0.9599 0.0452 0.3021 0.4748 2.1989 0.9082 0.0314 0.3607 0.4489 2.1936 0.0899 0.0899 0.3362 0 0
14 308 644 0 0 0 0 0 1.0003 0 0.9709 0.0565 0.2462 0.3321 2.0887 0.9098 -0.0155 0.318 0.391 2.162 -0.1033 0.1033 0.3444 0 0
14 309 706 0 0 0 0 0 1.0015 0 0.9811 0.2286 0.2821 0.3464 2.5312 0.9179 0.1879 0.3541 0.4293 2.3967 0.0915 0.0915 0.3489 0 0
14 310 806 0 0 0 0 0 1.0001 0 0.9562 -0.0768 0.2411 0.3114 1.8654 0.9096 -0.0921 0.3319 0.4162 2.2726 -0.0289 0.0289 0.3496 0 0
14 311 819 0 0 0 0 0 1.0001 0 0.9797 -0.0339 0.1457 0.1952 1.9512 0.9027 -0.0378 0.3375 0.424 2.4744 0.0345 0.0345 0.3318 0 0
14 312 818 0 0 0 0 0 1.0004 0 0.9827 -0.0961 0.1896 0.2277 1.6734 0.933 -0.0769 0.3082 0.3836 2.4016 0.083 0.083 0.3026 0 0
14 313 822 0 0 0 0 0 1.0001 0 0.9805 -0.0552 0.1891 0.2332 2.0553 0.9017 0.0192 0.3483 0.4398 2.6805 0.1308 0.1308 0.3394 0 0
14 314 795 0 0 0 0 0 1.0003 0 0.9555 -0.0256 0.2189 0.2659 1.2455 0.9164 -0.0147 0.3513 0.4374 2.3059 0.0552 0.0552 0.3112 0 0
14 315 811 0 0 0 0 0 1.0001 0 0.9806 0.2091 0.2359 0.2988 1.6188 0.9122 0.177 0.3584 0.4496 2.2673 -0.0065 0.0065 0.345 0 0
14 316 807 0 0 0 0 0 1 0 0.9846 0.1176 0.1723 0.2233 1.7452 0.914 0.131 0.3459 0.4234 2.2785 -0.0431 0.0431 0.3189 0 0
14 317 786 0 0 0 0 0 1.0004 0 0.9756 0.0183 0.2011 0.2591 1.6832 0.9127 0.0314 0.3541 0.4388 2.2041 -0.0508 0.0508 0.3288 0 0
14 318 817 0 0 0 0 0 1.0005 0 0.9701 0.2508 0.2677 0.3555 1.6411 0.9042 0.2047 0.3878 0.491 2.2991 0.0287 0.0287 0.3323 0 0
14 319 797 0 0 0 0 0 1.0005 0 0.9607 0.2071 0.3037 0.3758 2.1095 0.9003 0.1281 0.358 0.4622 2.5411 0.0509 0.0509 0.3214 0 0
14 320 804 0 0 0 0 0 1.0003 0 0.9541 0.1726 0.2508 0.3314 2.1203 0.8847 0.1486 0.3599 0.4527 2.5733 0.054 0.054 0.3499 0 0
14 321 638 0 0 0 0 0 1.0004 0 0.961 0.1472 0.2626 0.3469 1.9513 0.9102 0.1289 0.3401 0.4326 2.3259 -0.2111 0.2111 0.3509 0 0
14 322 757 0 0 0 0 0 1.0002 0 0.9755 -0.2327 0.3381 0.409 2.2202 0.9107 -0.1737 0.3614 0.4567 2.3141 -0.0256 0.0256 0.3362 0 0
14 323 758 0 0 0 0 0 1.0001 0 0.9875 -0.116 0.2068 0.2389 1.8213 0.9081 -0.0885 0.3542 0.439 2.304 -0.0662 0.0662 0.367 0 0
14 324 814 0 0 0 0 0 1.0002 0 0.9728 -0.0238 0.1867 0.2248 1.3705 0.9288 -0.0128 0.2946 0.3737 2.4534 0.0692 0.0692 0.3071 0 0
14 325 821 0 0 0 0 0 1.0002 0 0.9689 0.2472 0.3541 0.4883 2.2259 0.9218 0.1707 0.3562 0.4539 2.1778 0.1067 0.1067 0.3136 0 0
14 326 828 0 0 0 0 0 1.0007 0 0.9495 0.4222 0.441 0.539 2.393 0.8489 0.2804 0.4798 0.6057 2.8265 0.1365 0.1365 0.3961 0 0
14 327 802 0 0 0 0 0 1.0012 0 0.9126 0.1405 0.4341 0.8597 2.9697 0.8733 -0.1346 0.38 0.4863 2.0797 0.017 0.017 0.3561 0 0
14 328 805 0 0 0 0 0 1.0006 0 0.9869 0.2301 0.2483 0.2942 2.0975 0.9047 0.1366 0.3581 0.4591 2.3834 0.0821 0.0821 0.328 0 0
14 329 810 0 0 0 0 0 1.0004 0 0.9831 -0.0074 0.21 0.2637 2.1131 0.9028 5e-04 0.3314 0.4213 2.4437 0.0531 0.0531 0.3525 0 0
14 330 790 0 0 0 0 0 1.0001 0 0.9697 -0.0283 0.2554 0.3445 2.0279 0.9045 -0.0179 0.3463 0.4553 2.2692 -0.1063 0.1063 0.3381 0 0
14 331 631 0 0 0 0 0 1.0003 0 0.9589 0.008 0.2451 0.2873 1.5948 0.9065 0.0305 0.3225 0.4154 2.333 -0.0265 0.0265 0.3332 0 0
14 332 807 0 0 0 0 0 1.0005 0 0.9579 -0.1168 0.2244 0.3015 1.5337 0.9159 -0.163 0.346 0.4278 2.4502 0.0088 0.0088 0.3229 0 0
14 333 810 0 0 0 0 0 1.0002 0 0.9707 0.1614 0.2477 0.3051 2.0883 0.8947 0.1839 0.3692 0.4505 2.5144 0.0119 0.0119 0.3619 0 0
14 334 773 0 0 0 0 0 1.0004 0 0.9826 -0.0824 0.2138 0.2867 2.3564 0.9043 -0.0255 0.3742 0.4622 2.4724 -0.0064 0.0064 0.339 0 0
14 335 804 0 0 0 0 0 1.0001 0 0.9713 -0.1002 0.2416 0.3353 2.6121 0.909 -0.0585 0.3191 0.3936 2.571 -0.0385 0.0385 0.3658 0 0
14 336 688 0 0 0 0 0 1.0003 0 0.9556 -0.0856 0.2407 0.3048 2.0941 0.9089 -0.0598 0.3152 0.4091 2.4927 -0.0583 0.0583 0.3476 0 0
14 337 817 0 0 0 0 0 1.0004 0 0.9524 -0.0571 0.2643 0.3612 1.9225 0.9332 0.0152 0.3082 0.3957 2.4867 0.055 0.055 0.3087 0 0
14 338 682 0 0 0 0 0 1.0003 0 0.9625 0.1073 0.2347 0.3284 1.9662 0.9073 0.0427 0.3366 0.426 2.3604 -0.0764 0.0764 0.3429 0 0
14 339 779 0 0 0 0 0 1.0001 0 0.9531 -0.1612 0.3219 0.4154 1.9434 0.9153 -0.1657 0.3407 0.4243 2.3525 -0.029 0.029 0.3599 0 0
14 340 801 0 0 0 0 0 1.0002 0 0.9745 0.1011 0.227 0.3125 1.7603 0.9116 0.1036 0.3515 0.4383 2.3151 -0.0582 0.0582 0.3167 0 0
14 341 789 0 0 0 0 0 1.0003 0 0.985 0.3635 0.3639 0.4209 2.1625 0.9218 0.3403 0.4325 0.513 2.3384 -0.0295 0.0295 0.3508 0 0
14 342 809 0 0 0 0 0 1.0003 0 0.9554 0.0626 0.2386 0.3206 1.4208 0.9149 0.0074 0.3447 0.4356 2.3879 0.0127 0.0127 0.3059 0 0
14 343 612 0 0 0 0 0 1.0005 0 0.9712 -0.0115 0.1893 0.2637 1.9166 0.9168 -0.0108 0.3553 0.435 2.4907 -0.0953 0.0953 0.3497 0 0
14 344 763 0 0 0 0 0 1.0002 0 0.9714 -0.2186 0.285 0.3542 1.9331 0.9073 -0.1697 0.3622 0.4514 2.2577 -0.0067 0.0067 0.3433 0 0
14 345 711 0 0 0 0 0 1.0004 0 0.9761 -0.2071 0.2607 0.3416 1.9919 0.887 -0.1268 0.3748 0.4751 2.3442 -0.2699 0.2699 0.3423 0 0
14 346 807 0 0 0 0 0 1.0003 0 0.8963 -0.4079 0.4819 0.8397 3.0812 0.9033 -0.2254 0.378 0.4846 2.5454 0.0891 0.0891 0.3417 0 0
14 347 785 0 0 0 0 0 1.0002 0 0.9626 0.2196 0.2784 0.3575 1.8344 0.9067 0.1484 0.3572 0.4441 2.4901 -0.0564 0.0564 0.3587 0 0
14 348 730 0 0 0 0 0 1.0002 0 0.9788 -0.0225 0.2267 0.2614 1.7302 0.9058 -0.0251 0.3359 0.4301 2.3941 -0.1243 0.1243 0.3484 0 0
14 349 801 0 0 0 0 0 1.0006 0 0.9608 -0.2759 0.3106 0.4019 1.7954 0.9039 -0.1793 0.3991 0.4816 2.4596 -0.0366 0.0366 0.3466 0 0
14 350 798 0 0 0 0 0 1.0002 0 0.9312 -0.1354 0.3483 0.669 2.9545 0.8978 0.0484 0.3797 0.4867 2.1769 -0.0677 0.0677 0.3715 0 0
14 351 751 0 0 0 0 0 1.0008 0 0.9406 0.1448 0.3438 0.5253 2.7188 0.894 0.0642 0.3457 0.4445 2.3328 -0.0838 0.0838 0.3713 0 0
14 352 817 0 0 0 0 0 1.0003 0 0.9526 -0.0379 0.3083 0.368 2.2799 0.9264 -0.1258 0.3276 0.4012 2.2863 0.1 0.1 0.3249 0 0
14 353 779 0 0 0 0 0 1.0003 0 0.9362 -0.1544 0.3438 0.5334 2.7773 0.9083 -0.0859 0.3593 0.4692 2.411 0.044 0.044 0.3402 0 0
14 354 779 0 0 0 0 0 1.0002 0 0.9797 -0.2538 0.2777 0.3314 1.8789 0.9137 -0.2737 0.3815 0.4842 2.5054 -0.0552 0.0552 0.3482 0 0
14 355 803 0 0 0 0 0 1.0006 0 0.9823 0.1116 0.1713 0.215 1.4551 0.9136 0.0814 0.347 0.4235 2.4664 0.0164 0.0164 0.3352 0 0
14 356 705 0 0 0 0 0 1.0002 0 0.9432 0.0015 0.3215 0.497 2.4987 0.9021 -0.018 0.354 0.4329 2.3336 -0.0264 0.0264 0.3391 0 0
14 357 806 0 0 0 0 0 1.0002 0 0.9718 0.1467 0.2179 0.3181 1.7131 0.922 0.0803 0.342 0.4286 2.3485 -0.0128 0.0128 0.3212 0 0
14 358 813 0 0 0 0 0 1.0002 0 0.967 -0.048 0.2277 0.3567 1.8338 0.9147 -0.043 0.3316 0.4214 2.2367 0.0374 0.0374 0.3271 0 0
14 359 776 0 0 0 0 0 1.0001 0 0.9717 0.0987 0.3009 0.3739 2.5461 0.8919 0.1205 0.3719 0.4584 2.2768 -0.0168 0.0168 0.3462 0 0
14 360 752 0 0 0 0 0 1.0004 0 0.9631 -0.1119 0.2793 0.3633 2.1486 0.911 -0.1152 0.3613 0.4579 2.1756 -0.0128 0.0128 0.3227 0 0
14 361 805 0 0 0 0 0 1.0002 0 0.9711 -0.1374 0.2421 0.303 1.8951 0.923 -0.0822 0.3354 0.4309 2.3396 0.0978 0.0978 0.3094 0 0
14 362 789 0 0 0 0 0 1.0003 0 0.9445 0.1158 0.4211 0.7154 2.8223 0.8777 0.0805 0.3904 0.4812 2.0815 0.0289 0.0289 0.3402 0 0
14 363 802 0 0 0 0 0 1.0002 0 0.9591 -0.1343 0.2365 0.3458 2.1253 0.9078 -0.1096 0.3251 0.4221 2.3304 0.0025 0.0025 0.3301 0 0
14 364 814 0 0 0 0 0 1.0004 0 0.9583 0.0476 0.1857 0.2456 1.6137 0.9255 0.0159 0.3222 0.4126 2.3832 0.0752 0.0752 0.3136 0 0
14 365 819 0 0 0 0 0 1.0004 0 0.9535 0.1855 0.2663 0.3214 1.3906 0.9233 0.2244 0.3676 0.4541 2.3986 0.1086 0.1086 0.3188 0 0
14 366 686 0 0 0 0 0 1.0006 0 0.9698 0.0324 0.2069 0.2652 1.6692 0.9323 0.0297 0.2947 0.3707 2.4372 -0.0616 0.0616 0.3214 0 0
14 367 826 0 0 0 0 0 1.0003 0 0.9503 -0.1268 0.2527 0.3273 1.8402 0.9092 -0.0905 0.3345 0.4277 2.4194 0.0095 0.0095 0.3468 0 0
14 368 803 0 0 0 0 0 1.0007 0 0.9533 0.1495 0.241 0.3153 1.3876 0.9138 0.0936 0.3523 0.451 2.4913 -0.0303 0.0303 0.3206 0 0
14 369 794 0 0 0 0 0 1.0004 0 0.9563 -0.0884 0.2836 0.3649 2.6135 0.9017 -0.0455 0.3559 0.4381 2.502 -0.0574 0.0574 0.3372 0 0
14 370 794 0 0 0 0 0 1.0003 0 0.9699 -0.0084 0.1832 0.2444 1.4665 0.9156 -0.0102 0.3358 0.4315 2.4178 0.0245 0.0245 0.3308 0 0
14 371 806 0 0 0 0 0 1.0002 0 0.9451 0.0889 0.2368 0.3364 1.732 0.9171 0.0847 0.3367 0.4304 2.2775 0.0133 0.0133 0.3181 0 0
14 372 703 0 0 0 0 0 1.0002 0 0.9667 0.1527 0.3001 0.3847 2.3713 0.8841 0.1335 0.3623 0.4653 2.1574 -0.0711 0.0711 0.3481 0 0
14 373 797 0 0 0 0 0 1.0011 0 0.8993 -0.0888 0.3357 0.6096 2.6644 0.8968 0.0787 0.3338 0.4273 2.6154 0.0483 0.0483 0.3455 0 0
14 374 812 0 0 0 0 0 1.0003 0 0.966 0.0405 0.2129 0.3251 2.1829 0.9108 0.0012 0.337 0.4275 2.3301 0.0199 0.0199 0.3484 0 0
14 375 732 0 0 0 0 0 1.0003 0 0.9599 0.0721 0.2715 0.3494 1.7131 0.8887 0.0518 0.3817 0.4755 2.241 -0.0216 0.0216 0.3421 0 0
14 376 753 0 0 0 0 0 1.0003 0 0.9801 0.0767 0.1834 0.2217 1.688 0.8913 0.0575 0.329 0.4079 2.3218 -0.1369 0.1369 0.3412 0 0
14 377 714 0 0 0 0 0 1.0003 0 0.9434 -0.2022 0.3398 0.6317 2.9884 0.907 -0.1553 0.3717 0.4555 2.3582 -0.0246 0.0246 0.3397 0 0
14 378 810 0 0 0 0 0 1.0005 0 0.9728 0.1441 0.2204 0.2785 1.6846 0.9037 0.1012 0.3351 0.4178 2.3648 0.0326 0.0326 0.3405 0 0
14 379 818 0 0 0 0 0 1.0005 0 0.9689 -0.1896 0.2911 0.3799 2.5096 0.9216 -0.1673 0.3485 0.4356 2.361 0.1089 0.1089 0.3214 0 0
14 380 824 0 0 0 0 0 1.0001 0 0.9644 -0.018 0.2151 0.2718 1.7069 0.9241 0.0568 0.3322 0.4305 2.702 0.0959 0.0959 0.3366 0 0
14 381 818 0 0 0 0 0 1.0011 0 0.9364 -0.0725 0.3277 0.4023 2.0108 0.916 -0.0543 0.3069 0.3982 2.4637 0.0814 0.0814 0.3254 0 0
14 382 793 0 0 0 0 0 1.0001 0 0.9672 0.2617 0.3644 0.4924 2.8346 0.8738 0.1086 0.4175 0.5128 2.2729 -0.1238 0.1238 0.3837 0 0
14 383 810 0 0 0 0 0 1.0005 0 0.9821 -0.0145 0.1717 0.2489 1.776 0.9016 -0.0522 0.3362 0.4378 2.2303 0.0134 0.0134 0.3316 0 0
14 384 813 0 0 0 0 0 1.0001 0 0.9725 0.0532 0.1874 0.2563 1.6361 0.9124 0.0357 0.3326 0.4186 2.0989 0.0233 0.0233 0.3252 0 0
14 385 798 0 0 0 0 0 1.0001 0 0.9765 0.0761 0.1936 0.2632 2.1431 0.8865 0.0222 0.3215 0.4045 2.3596 -0.2132 0.2132 0.369 0 0
14 386 778 0 0 0 0 0 1.0003 0 0.9878 0.1852 0.2321 0.2786 2.0038 0.92 0.1774 0.3536 0.4413 2.4557 0.066 0.066 0.3318 0 0
14 387 751 0 0 0 0 0 1.0002 0 0.9683 0.1158 0.2081 0.294 2.0102 0.9261 0.1401 0.3384 0.4231 2.3462 0.0365 0.0365 0.309 0 0
14 388 798 0 0 0 0 0 1.0004 0 0.9807 -0.0271 0.1531 0.194 1.8186 0.8939 -0.0903 0.351 0.4478 2.3497 -0.0864 0.0864 0.3506 0 0
14 389 798 0 0 0 0 0 1.0006 0 0.9738 -0.1084 0.2096 0.2702 1.9142 0.9199 -0.1922 0.3338 0.4209 2.4954 0.0115 0.0115 0.333 0 0
14 390 796 0 0 0 0 0 1.0002 0 0.9768 0.0304 0.2242 0.3031 2.7315 0.8911 -0.0241 0.3372 0.4278 2.2391 -0.067 0.067 0.3633 0 0
14 391 819 0 0 0 0 0 1.0002 0 0.9786 -0.0197 0.1959 0.2468 1.7435 0.906 -0.0446 0.3472 0.4511 2.3818 0.1228 0.1228 0.3135 0 0
14 392 800 0 0 0 0 0 1.0001 0 0.9558 -0.013 0.2413 0.2818 1.9587 0.9022 0.0279 0.33 0.4439 2.3823 -0.0974 0.0974 0.355 0 0
14 393 834 0 0 0 0 0 1.0002 0 0.9807 -0.162 0.2073 0.2619 1.5089 0.9372 -0.1367 0.328 0.4056 2.6076 0.1611 0.1611 0.2954 0 0
14 394 810 0 0 0 0 0 1.0005 0 0.9758 -0.2021 0.2966 0.3606 1.9052 0.9251 -0.1824 0.3703 0.4726 2.6091 0.0481 0.0481 0.3238 0 0
14 395 734 0 0 0 0 0 1.0003 0 0.9685 0.0239 0.1606 0.1973 1.1315 0.8973 -0.0538 0.3634 0.4524 2.3632 -0.1312 0.1312 0.3251 0 0
14 396 756 0 0 0 0 0 1.0004 0 0.9505 0.0707 0.2742 0.3518 2.3375 0.9008 0.1101 0.3523 0.4333 2.4974 -0.0562 0.0562 0.3627 0 0
14 397 819 0 0 0 0 0 1.0006 0 0.9571 -0.1303 0.2598 0.3008 1.7081 0.918 -0.1248 0.3393 0.4247 2.5309 0.0744 0.0744 0.325 0 0
14 398 817 0 0 0 0 0 1.0005 0 0.9687 -0.002 0.2696 0.4224 2.3129 0.9068 -0.0802 0.3441 0.4405 1.9689 0.1235 0.1235 0.3359 0 0
14 399 799 0 0 0 0 0 1.0001 0 0.9789 0.1393 0.1998 0.2716 1.4769 0.919 0.0834 0.3319 0.4189 2.2911 -0.0797 0.0797 0.3328 0 0
14 400 835 0 0 0 0 0 1.0003 0 0.9564 -0.0521 0.2484 0.3065 1.5631 0.9187 -0.0574 0.3311 0.4227 2.4408 0.1497 0.1497 0.3029 0 0
14 401 779 0 0 0 0 0 1.0008 0 0.941 7e-04 0.2704 0.3826 1.5562 0.8977 -0.01 0.3541 0.4393 2.3848 -0.0422 0.0422 0.3577 0 0
14 402 819 0 0 0 0 0 1.0006 0 0.9654 0.1832 0.2781 0.3736 2.3107 0.9167 0.1302 0.3662 0.4708 2.3448 0.1007 0.1007 0.323 0 0
14 403 823 0 0 0 0 0 1.0005 0 0.9761 -0.1419 0.2072 0.251 1.2318 0.9228 -0.0876 0.3387 0.4247 2.3553 0.0628 0.0628 0.3018 0 0
14 404 811 0 0 0 0 0 1.0002 0 0.9782 0.1537 0.2319 0.281 1.8549 0.9039 0.1068 0.3424 0.4303 2.3172 0.0131 0.0131 0.3357 0 0
14 405 802 0 0 0 0 0 1.0004 0 0.953 -0.0861 0.2649 0.3322 1.8137 0.8997 -0.0568 0.3393 0.4278 2.1374 -0.1567 0.1567 0.3351 0 0
14 406 828 0 0 0 0 0 1.0005 0 0.9813 -0.0305 0.1894 0.2377 1.831 0.9184 -0.0393 0.3361 0.4256 2.4563 0.088 0.088 0.3167 0 0
14 407 691 0 0 0 0 0 1.0005 0 0.968 0.1079 0.217 0.3045 1.8147 0.9046 0.0619 0.363 0.455 2.4643 -0.0553 0.0553 0.3523 0 0
14 408 690 0 0 0 0 0 1.0004 0 0.9878 -0.1052 0.1629 0.2028 2.0196 0.8737 -0.0978 0.3513 0.4492 2.1533 -0.1057 0.1057 0.3533 0 0
14 409 771 0 0 0 0 0 1.0002 0 0.9686 -0.0718 0.1908 0.2321 1.2236 0.9233 -0.1197 0.3442 0.448 2.5193 -0.0722 0.0722 0.3291 0 0
14 410 785 0 0 0 0 0 1.0002 0 0.9696 -0.0071 0.2243 0.2876 1.7483 0.8939 0.0023 0.3324 0.4199 2.3449 -0.0276 0.0276 0.3406 0 0
14 411 717 0 0 0 0 0 1.0005 0 0.9745 -0.1088 0.2003 0.244 1.4772 0.9299 -0.1057 0.3302 0.4128 2.3543 -0.0274 0.0274 0.3137 0 0
14 412 807 0 0 0 0 0 1.0002 0 0.9803 -0.1327 0.2106 0.2553 1.967 0.918 -0.1311 0.3431 0.4465 2.4107 0.0328 0.0328 0.3162 0 0
14 413 736 0 0 0 0 0 1.0007 0 0.942 0.102 0.2999 0.5329 2.6398 0.905 0.0129 0.3543 0.4592 2.3988 0.0063 0.0063 0.3382 0 0
14 414 677 0 0 0 0 0 1.0001 0 0.9664 0.1773 0.2392 0.4151 2.7917 0.903 0.065 0.3389 0.4338 2.4252 -0.1974 0.1974 0.365 0 0
14 415 813 0 0 0 0 0 1.0002 0 0.9594 0.1517 0.2424 0.3222 1.7701 0.9146 0.1195 0.3428 0.4235 2.537 0.0679 0.0679 0.3583 0 0
14 416 767 0 0 0 0 0 1.0002 0 0.9774 -0.082 0.2144 0.2882 2.1869 0.9007 -0.1307 0.3675 0.4633 2.3412 -0.1728 0.1728 0.3376 0 0
14 417 810 0 0 0 0 0 1.0001 0 0.9623 0.1637 0.2686 0.3941 2.6742 0.897 0.1417 0.3523 0.4504 2.7012 0.0192 0.0192 0.3739 0 0
14 418 724 0 0 0 0 0 1.0006 0 0.9644 -0.0768 0.2273 0.2897 1.9519 0.8975 -0.1573 0.3674 0.4589 2.4756 -0.043 0.043 0.3416 0 0
14 419 776 0 0 0 0 0 1.0003 0 0.9743 0.0429 0.2096 0.2649 2.1721 0.8925 -0.025 0.3566 0.4613 2.4584 -0.0791 0.0791 0.3476 0 0
14 420 813 0 0 0 0 0 1.0006 0 0.973 0.0999 0.2865 0.4278 2.4903 0.8881 0.1075 0.3705 0.4707 2.0767 0.1034 0.1034 0.3473 0 0
14 421 814 0 0 0 0 0 1.0001 0 0.9844 -0.0264 0.1586 0.2088 1.8153 0.9026 0.0129 0.3311 0.4201 2.4174 0.0395 0.0395 0.3316 0 0
14 422 815 0 0 0 0 0 1.0002 0 0.994 0.0124 0.1449 0.164 1.9047 0.9194 0.0504 0.369 0.4681 2.4749 0.1121 0.1121 0.317 0 0
14 423 792 0 0 0 0 0 1.0003 0 0.9718 -0.0222 0.1793 0.2237 2.0126 0.8987 0.0136 0.3572 0.4547 2.4833 -0.1219 0.1219 0.3266 0 0
14 424 690 0 0 0 0 0 1.0003 0 0.9692 -0.0493 0.2449 0.335 2.1446 0.895 -0.0982 0.3622 0.4443 2.3946 -0.0421 0.0421 0.3492 0 0
14 425 819 0 0 0 0 0 1.0006 0 0.9527 0.0338 0.227 0.3051 1.4998 0.9164 0.0441 0.3177 0.4112 2.3265 -0.059 0.059 0.3578 0 0
14 426 818 0 0 0 0 0 1.0005 0 0.8731 -0.4421 0.5491 0.8251 2.9007 0.8683 -0.1923 0.4248 0.5192 2.7116 0.066 0.066 0.3832 0 0
14 427 806 0 0 0 0 0 1.0006 0 0.9613 0.2145 0.2682 0.3844 1.9709 0.9015 0.1995 0.3767 0.4828 2.3776 0.0312 0.0312 0.3276 0 0
14 428 801 0 0 0 0 0 1.0002 0 0.9838 0.0387 0.1844 0.2509 1.8765 0.8904 0.0465 0.3607 0.4575 2.2662 0.0379 0.0379 0.3324 0 0
14 429 784 0 0 0 0 0 1.0004 0 0.962 0.1475 0.2221 0.3137 1.8131 0.9156 0.0792 0.3382 0.4192 2.5483 0.0402 0.0402 0.3239 0 0
14 430 807 0 0 0 0 0 1.0004 0 0.9647 0.0637 0.2135 0.2893 1.9173 0.906 0.1183 0.3494 0.4345 2.6933 0.0783 0.0783 0.3231 0 0
14 431 737 0 0 0 0 0 1.0002 0 0.9471 -0.1483 0.3358 0.44 1.8353 0.909 -0.1245 0.3647 0.4675 2.3324 -0.0668 0.0668 0.3369 0 0
14 432 796 0 0 0 0 0 1.0001 0 0.9829 -0.0136 0.2082 0.2932 2.3566 0.8894 -0.0635 0.3382 0.4423 2.3462 0.0102 0.0102 0.3522 0 0
14 433 765 0 0 0 0 0 1.0004 0 0.9746 0.392 0.4015 0.4457 1.7063 0.9179 0.3231 0.4263 0.5314 2.566 0.0733 0.0733 0.3253 0 0
14 434 805 0 0 0 0 0 1.0008 0 0.9698 0.0816 0.1883 0.2691 1.7581 0.9202 0.0322 0.3038 0.3757 2.3315 -0.0391 0.0391 0.3367 0 0
14 435 815 0 0 0 0 0 1.0004 0 0.9366 0.1562 0.2789 0.4053 1.9102 0.9317 0.0976 0.3509 0.4373 2.3888 0.0759 0.0759 0.3344 0 0
14 436 810 0 0 0 0 0 1.0007 0 0.9726 0.1632 0.2694 0.35 1.8834 0.9052 0.1279 0.3482 0.4302 2.2429 -8e-04 8e-04 0.335 0 0
14 437 690 0 0 0 0 0 1.0002 0 0.9853 0.0898 0.1813 0.208 2.2195 0.9139 0.011 0.3266 0.4012 2.3905 -0.073 0.073 0.3333 0 0
14 438 682 0 0 0 0 0 1.0003 0 0.9739 -7e-04 0.1901 0.2361 1.9252 0.8906 -0.0468 0.3481 0.4223 2.3863 -0.0941 0.0941 0.3427 0 0
14 439 820 0 0 0 0 0 1.0001 0 0.9352 0.2512 0.3167 0.4216 1.7269 0.9127 0.2013 0.3881 0.4868 2.656 0.141 0.141 0.322 0 0
14 440 762 0 0 0 0 0 1.0006 0 0.9732 -0.144 0.2737 0.363 2.2712 0.8862 -0.1337 0.3726 0.4754 2.3387 -0.0669 0.0669 0.3602 0 0
14 441 775 0 0 0 0 0 1.0003 0 0.9707 -0.0496 0.2075 0.2948 1.7807 0.9013 -0.0304 0.3431 0.432 2.266 0.0434 0.0434 0.3356 0 0
14 442 811 0 0 0 0 0 1.0004 0 0.9602 0.0262 0.1713 0.246 1.5571 0.9282 -0.0395 0.2904 0.3589 2.2721 0.067 0.067 0.3256 0 0
14 443 684 0 0 0 0 0 1.0016 0 0.9707 -0.2608 0.2978 0.3667 1.7195 0.9206 -0.2568 0.4002 0.4818 2.2224 -0.099 0.099 0.3305 0 0
14 444 817 0 0 0 0 0 1.0006 0 0.9813 -0.0283 0.181 0.2245 2.2985 0.8878 -0.036 0.3282 0.4251 2.2754 0.0289 0.0289 0.3523 0 0
14 445 818 0 0 0 0 0 1.0006 0 0.9845 0.094 0.1779 0.2327 2.0891 0.8971 0.1418 0.3541 0.4514 2.3085 0.0938 0.0938 0.3317 0 0
14 446 786 0 0 0 0 0 1.0003 0 0.9459 -0.1655 0.2391 0.4823 2.8904 0.8891 -0.0609 0.3262 0.4359 2.5421 -0.1031 0.1031 0.374 0 0
14 447 808 0 0 0 0 0 1.0002 0 0.9717 0.0787 0.1846 0.3227 2.1772 0.9132 0.0116 0.3387 0.421 2.2052 -0.0085 0.0085 0.3179 0 0
14 448 812 0 0 0 0 0 1.0003 0 0.9577 -0.2547 0.3076 0.3879 1.8226 0.9208 -0.2077 0.3657 0.4638 2.304 -0.0087 0.0087 0.327 0 0
14 449 808 0 0 0 0 0 1.0005 0 0.9852 0.0965 0.1685 0.2088 1.5389 0.9061 0.0665 0.3493 0.4385 2.2966 -0.0128 0.0128 0.3412 0 0
14 450 726 0 0 0 0 0 1.0005 0 0.9657 -0.0385 0.2392 0.2918 1.8158 0.897 -0.042 0.3457 0.4282 2.3407 -0.1539 0.1539 0.3506 0 0
14 451 821 0 0 0 0 0 1.0002 0 0.9795 -0.1314 0.1938 0.2394 1.6289 0.9224 -0.146 0.331 0.4224 2.3533 0.0781 0.0781 0.3101 0 0
14 452 809 0 0 0 0 0 1.0004 0 0.9753 -0.1976 0.2325 0.2894 1.4342 0.9012 -0.1596 0.3624 0.4533 2.3511 0.0491 0.0491 0.3245 0 0
14 453 822 0 0 0 0 0 1.0014 0 0.9763 0.0177 0.1568 0.2009 2.0835 0.8959 0.0499 0.3872 0.4895 2.6689 0.0932 0.0932 0.3412 0 0
14 454 800 0 0 0 0 0 1.0005 0 0.9652 -0.1379 0.2029 0.3758 2.2143 0.8857 -0.0671 0.3615 0.4567 2.3669 -0.2901 0.2901 0.3709 0 0
14 455 731 0 0 0 0 0 1.0002 0 0.9773 -0.0487 0.1885 0.2592 2.0657 0.8959 -0.0351 0.341 0.4284 2.3701 -0.0322 0.0322 0.3606 0 0
14 456 723 0 0 0 0 0 1.0001 0 0.8995 0.328 0.3858 0.7586 2.9579 0.8832 0.1619 0.4068 0.5093 2.3189 0.0198 0.0198 0.3358 0 0
14 457 809 0 0 0 0 0 1.0001 0 0.9507 -0.3298 0.3449 0.4464 2.0501 0.8987 -0.2477 0.4309 0.5425 2.7049 -0.0128 0.0128 0.367 0 0
14 458 793 0 0 0 0 0 1.0006 0 0.9581 -0.0782 0.3655 0.5181 2.5758 0.8848 -0.0236 0.3808 0.4899 2.1589 0.0294 0.0294 0.3442 0 0
14 459 731 0 0 0 0 0 1.0004 0 0.9578 0.1192 0.226 0.3038 1.5708 0.9334 0.1162 0.3206 0.4007 2.4269 -0.0996 0.0996 0.3236 0 0
14 460 809 0 0 0 0 0 1.0001 0 0.9694 0.144 0.2473 0.3088 1.6253 0.9211 0.1024 0.3206 0.3975 2.4811 -0.0224 0.0224 0.3413 0 0
14 461 731 0 0 0 0 0 1.0003 0 0.9639 -0.1198 0.2105 0.2736 1.5148 0.9377 -0.0785 0.2962 0.365 2.3735 0.0225 0.0225 0.3138 0 0
14 462 806 0 0 0 0 0 1.0002 0 0.9697 0.0954 0.2221 0.2877 1.5926 0.8967 0.0507 0.3357 0.4295 2.1827 0.0416 0.0416 0.3248 0 0
14 463 825 0 0 0 0 0 1.001 0 0.954 0.0435 0.2416 0.313 1.7723 0.9159 0.0066 0.3527 0.4504 2.5046 0.08 0.08 0.3444 0 0
14 464 805 0 0 0 0 0 1.0005 0 0.9431 0.2116 0.3979 0.4752 1.9476 0.9086 0.2291 0.383 0.481 2.2589 0.0139 0.0139 0.3301 0 0
14 465 804 0 0 0 0 0 1.0005 0 0.9715 -0.1878 0.2261 0.2742 1.2976 0.9072 -0.1363 0.3379 0.4266 2.3045 -0.08 0.08 0.3312 0 0
14 466 795 0 0 0 0 0 1.0004 0 0.9741 -0.2198 0.2672 0.3196 2.176 0.9039 -0.1589 0.3583 0.4548 2.4754 -0.1418 0.1418 0.3485 0 0
14 467 789 0 0 0 0 0 1.0003 0 0.9821 -0.0982 0.2459 0.2986 2.0653 0.9152 -0.0754 0.366 0.4579 2.1456 0.0039 0.0039 0.3328 0 0
14 468 797 0 0 0 0 0 1.0009 0 0.9603 -0.0036 0.2051 0.2703 2.3288 0.8866 -0.0278 0.3323 0.4243 2.5318 -0.0276 0.0276 0.3666 0 0
14 469 683 0 0 0 0 0 1.0002 0 0.9698 -0.0023 0.2161 0.353 2.2176 0.9195 -0.0931 0.3475 0.4397 2.1874 -0.0756 0.0756 0.3472 0 0
14 470 803 0 0 0 0 0 1.0005 0 0.9856 -0.2913 0.2958 0.3397 2.1458 0.9158 -0.2062 0.3976 0.4884 2.409 -0.0398 0.0398 0.3253 0 0
14 471 818 0 0 0 0 0 1.0004 0 0.9765 -0.0445 0.2233 0.3193 2.3491 0.8984 -0.0203 0.3614 0.444 2.335 0.1461 0.1461 0.3106 0 0
14 472 813 0 0 0 0 0 1.0008 0 0.9785 -0.0936 0.1767 0.2342 1.7517 0.9095 -0.1148 0.3465 0.4333 2.4623 -0.0143 0.0143 0.3278 0 0
14 473 802 0 0 0 0 0 1.0003 0 0.9778 -0.119 0.2758 0.3443 2.0841 0.8987 -0.1074 0.3807 0.4668 2.3064 -0.2134 0.2134 0.3479 0 0
14 474 826 0 0 0 0 0 1.0004 0 0.9158 -0.3505 0.4013 0.5524 2.2514 0.8916 -0.1893 0.4041 0.5078 2.6399 0.0697 0.0697 0.3615 0 0
14 475 747 0 0 0 0 0 1.0002 0 0.9511 -0.0514 0.3001 0.4243 2.2136 0.8851 -0.1772 0.3824 0.4735 2.4087 -0.1002 0.1002 0.3651 0 0
14 476 754 0 0 0 0 0 1.0002 0 0.9787 0.1263 0.1813 0.239 1.5959 0.9129 0.0939 0.343 0.4327 2.3256 -0.0617 0.0617 0.3274 0 0
14 477 682 0 0 0 0 0 1.0013 0 0.9853 -0.1024 0.1756 0.2164 1.5588 0.9227 -0.0665 0.3163 0.4033 2.3593 -0.0992 0.0992 0.3219 0 0
14 478 772 0 0 0 0 0 1.0013 0 0.9723 -0.1337 0.2342 0.2916 2.0299 0.8998 -0.0853 0.3758 0.4804 2.5966 0.0448 0.0448 0.3242 0 0
14 479 809 0 0 0 0 0 1.0003 0 0.978 -0.0944 0.2331 0.3015 1.9309 0.9189 -0.0482 0.3413 0.4476 2.4166 0.0211 0.0211 0.3173 0 0
14 480 657 0 0 0 0 0 1.0007 0 0.9689 -0.1463 0.317 0.4646 2.8073 0.8813 -0.1058 0.3665 0.4636 2.1256 -0.1678 0.1678 0.3657 0 0
14 481 793 0 0 0 0 0 1.0006 0 0.9817 0.1864 0.2447 0.3187 2.6747 0.9038 0.1536 0.3447 0.4457 2.3083 0.0495 0.0495 0.3363 0 0
14 482 812 0 0 0 0 0 1.0004 0 0.9616 0.1058 0.2331 0.2912 1.5697 0.9326 0.0751 0.2954 0.3786 2.4732 0.1187 0.1187 0.3072 0 0
14 483 818 0 0 0 0 0 1.0003 0 0.9798 -0.2256 0.2632 0.3904 2.7237 0.9042 -0.2067 0.3913 0.4863 2.4286 0.0521 0.0521 0.3509 0 0
14 484 810 0 0 0 0 0 1.0006 0 0.9649 -0.0203 0.2507 0.3241 2.03 0.9051 -0.0474 0.3596 0.4485 2.2443 0.0489 0.0489 0.325 0 0
14 485 749 0 0 0 0 0 1.0005 0 0.9727 -0.0712 0.1657 0.2215 1.5926 0.9031 -0.0649 0.3349 0.4159 2.3114 -0.1364 0.1364 0.3322 0 0
14 486 766 0 0 0 0 0 1.0005 0 0.9836 0.075 0.1824 0.2337 1.6793 0.9162 0.0329 0.348 0.4431 2.1461 0.074 0.074 0.2991 0 0
14 487 808 0 0 0 0 0 1.0002 0 0.9426 -0.1477 0.2902 0.4244 2.8295 0.8707 -0.1052 0.3897 0.4782 2.6518 0.0439 0.0439 0.3867 0 0
14 488 760 0 0 0 0 0 1.0004 0 0.9774 0.0561 0.215 0.2836 2.3889 0.8981 0.0763 0.3503 0.4347 2.2834 -0.0636 0.0636 0.3417 0 0
14 489 808 0 0 0 0 0 1.0003 0 0.9588 -0.0366 0.2331 0.3573 2.0431 0.9192 -0.0253 0.3168 0.4049 2.183 0.0296 0.0296 0.3399 0 0
14 490 802 0 0 0 0 0 1.0001 0 0.9399 0.1146 0.2934 0.3489 1.9316 0.9081 0.071 0.3535 0.4473 2.5409 -0.1133 0.1133 0.3251 0 0
14 491 813 0 0 0 0 0 1.0001 0 0.9839 -0.2024 0.2185 0.272 1.5492 0.9278 -0.1603 0.3461 0.4324 2.4776 0.0217 0.0217 0.3168 0 0
14 492 811 0 0 0 0 0 1.0011 0 0.9617 -0.0308 0.2139 0.3083 1.7935 0.8911 -0.0052 0.3622 0.4504 2.451 0.0118 0.0118 0.345 0 0
14 493 785 0 0 0 0 0 1.0004 0 0.9592 -0.0132 0.277 0.3789 2.1039 0.8911 0.0561 0.3412 0.4273 2.3054 -0.0436 0.0436 0.3703 0 0
14 494 728 0 0 0 0 0 1.0011 0 0.9485 0.2816 0.3348 0.4773 2.8244 0.9045 0.2382 0.3977 0.5075 2.5338 0.025 0.025 0.3717 0 0
14 495 711 0 0 0 0 0 1.0004 0 0.9832 0.0588 0.1831 0.2606 1.9201 0.9156 0.0527 0.3371 0.4204 2.2743 -0.1216 0.1216 0.3204 0 0
14 496 766 0 0 0 0 0 1.0004 0 0.9639 -0.2461 0.3444 0.4736 2.5429 0.8789 -0.1345 0.4108 0.5066 2.297 -0.0077 0.0077 0.3441 0 0
14 497 826 0 0 0 0 0 1.0002 0 0.9733 -0.2215 0.3117 0.3746 1.7404 0.922 -0.1984 0.3693 0.4639 2.291 0.0199 0.0199 0.3279 0 0
14 498 790 0 0 0 0 0 1.0001 0 0.9644 -0.0022 0.2869 0.4632 2.8417 0.8994 0.0757 0.359 0.459 2.2649 -0.0985 0.0985 0.3452 0 0
14 499 722 0 0 0 0 0 1.0003 0 0.9752 0.1659 0.255 0.3352 2.373 0.9168 0.1193 0.3437 0.427 2.5078 0.028 0.028 0.3425 0 0
14 500 756 0 0 0 0 0 1.0002 0 0.9771 -0.1114 0.2207 0.2912 1.8081 0.8964 -0.0368 0.36 0.4551 2.2095 -0.122 0.122 0.3423 0 0
