cond r run.time ndiv nbfmi ntree nbulk ntail maxRhat nRhat beta.cor beta.bias beta.abbias beta.rmse beta.CI theta.cor theta.bias theta.abbias theta.rmse theta.CI lambda.bias lambda.abbias lambda.CI corrupt efficiency
22 1 817 0 0 0 0 0 1.0004 0 0.9781 0.1474 0.2473 0.2863 1.5264 0.9218 0.1829 0.3812 0.484 2.5259 -0.0664 0.0664 0.3222 0 0
22 2 820 0 0 0 0 0 1.0006 0 0.963 -0.046 0.2728 0.388 2.7216 0.9241 0.0273 0.3456 0.4409 2.5042 -0.057 0.057 0.3112 0 0
22 3 887 0 0 0 0 0 1.0007 0 0.9818 -0.1796 0.2092 0.2533 1.7396 0.9339 -0.1932 0.3686 0.4712 2.5801 0.0842 0.0842 0.2619 0 0
22 4 826 0 0 0 0 0 1.0001 0 0.9856 0.0653 0.1785 0.2218 2.1524 0.9362 0.0881 0.3333 0.4059 2.3563 -0.0446 0.0446 0.2999 0 0
22 5 819 0 0 0 0 0 1.0002 0 0.9726 0.2523 0.3224 0.3676 1.8895 0.9188 0.3123 0.4269 0.5315 2.3791 -0.0734 0.0734 0.2871 0 0
22 6 827 0 0 0 0 0 1.0002 0 0.9478 0.2782 0.3423 0.5514 2.5055 0.9117 0.1828 0.3846 0.482 2.5045 -0.0323 0.0323 0.3168 0 0
22 7 824 0 0 0 0 0 1.0002 0 0.9794 0.133 0.2357 0.2876 2.0124 0.9365 0.1665 0.3413 0.4492 2.7115 -0.0156 0.0156 0.2915 0 0
22 8 850 0 0 0 0 0 1.0006 0 0.9648 -0.1188 0.3062 0.4499 2.3668 0.9158 -0.0728 0.3991 0.4976 2.8426 0.0021 0.0021 0.2944 0 0
22 9 819 0 0 0 0 0 1.0001 0 0.9869 -0.2316 0.2548 0.2804 1.6212 0.9188 -0.1866 0.3417 0.4476 2.3254 -0.1351 0.1351 0.3095 0 0
22 10 822 0 0 0 0 0 1.0007 0 0.9765 0.0432 0.1861 0.2525 1.8188 0.9235 0.0251 0.3443 0.4277 2.4572 -0.1375 0.1375 0.3165 0 0
22 11 853 0 0 0 0 0 1.0012 0 0.956 0.0103 0.2522 0.3773 2.1716 0.9293 0.0245 0.3119 0.4045 2.4126 -0.0722 0.0722 0.3173 0 0
22 12 830 0 0 0 0 0 1.0002 0 0.9888 -0.0501 0.1298 0.1556 1.5504 0.9274 -0.0616 0.3366 0.4267 2.4871 -0.0412 0.0412 0.3107 0 0
22 13 875 0 0 0 0 0 1.0014 0 0.963 0.2298 0.2667 0.3563 1.9129 0.9227 0.1789 0.4095 0.5175 2.8304 0.0735 0.0735 0.2807 0 0
22 14 948 0 0 0 0 0 1.0009 0 0.9793 -0.0748 0.1912 0.2382 1.5772 0.9343 -0.0515 0.3207 0.3962 2.5102 0.0939 0.0939 0.2691 0 0
22 15 1020 0 0 0 0 0 1.0008 0 0.9514 -0.0439 0.2569 0.3294 1.5326 0.9287 -0.048 0.3535 0.4369 2.7468 0.0623 0.0623 0.2778 0 0
22 16 815 0 0 0 0 0 1.0002 0 0.9803 -0.1944 0.2562 0.2904 1.5087 0.9219 -0.1495 0.3672 0.4746 2.4355 -0.0944 0.0944 0.2933 0 0
22 17 835 0 0 0 0 0 1.0005 0 0.9721 0.1847 0.3137 0.3792 1.8712 0.9049 0.0932 0.3817 0.5107 2.4972 -0.0453 0.0453 0.3067 0 0
22 18 845 0 0 0 0 0 1.0005 0 0.9494 -0.3082 0.3461 0.5044 2.282 0.9251 -0.2599 0.4034 0.4919 2.3275 -0.0028 0.0028 0.3018 0 0
22 19 847 0 0 0 0 0 1.001 0 0.9338 -0.2984 0.3942 0.7099 3.0195 0.924 -0.1594 0.3737 0.465 2.5689 0.0125 0.0125 0.302 0 0
22 20 823 0 0 0 0 0 1.0003 0 0.9411 0.0269 0.2738 0.3711 1.388 0.9435 -0.014 0.351 0.4387 2.5403 -0.0466 0.0466 0.2819 0 0
22 21 832 0 0 0 0 0 1.0002 0 0.978 -0.0484 0.1967 0.2536 2.127 0.9379 -0.0484 0.3148 0.4112 2.4676 0.0152 0.0152 0.3018 0 0
22 22 832 0 0 0 0 0 1.0005 0 0.9481 0.1775 0.2557 0.5447 2.9178 0.9197 0.0869 0.3703 0.4565 2.3774 -0.0777 0.0777 0.2971 0 0
22 23 812 0 0 0 0 0 1.0002 0 0.9617 -0.1399 0.2465 0.339 1.6767 0.9243 -0.1342 0.3473 0.4486 2.4182 -0.1159 0.1159 0.3186 0 0
22 24 838 0 0 0 0 0 1.0004 0 0.9756 0.0954 0.2108 0.2633 1.8586 0.9306 0.0471 0.348 0.444 2.65 0.0439 0.0439 0.279 0 0
22 25 923 0 0 0 0 0 1.0003 0 0.9587 -0.0123 0.1877 0.2413 1.3806 0.9327 0.0204 0.3485 0.4354 2.7391 0.0675 0.0675 0.2748 0 0
22 26 837 0 0 0 0 0 1.0003 0 0.9653 0.0782 0.2061 0.242 1.4916 0.9273 0.0871 0.3344 0.4388 2.6756 -0.0163 0.0163 0.2919 0 0
22 27 852 0 0 0 0 0 1.0003 0 0.9776 -0.0154 0.1485 0.1811 1.487 0.9191 -0.0353 0.3532 0.4501 2.8649 0.0433 0.0433 0.2823 0 0
22 28 1004 0 0 0 0 0 1.0007 0 0.9743 -0.1176 0.2051 0.2702 1.7707 0.9427 -0.1135 0.3373 0.4327 2.6324 0.0897 0.0897 0.259 0 0
22 29 956 0 0 0 0 0 1.0002 0 0.9844 0.175 0.2467 0.3508 2.5323 0.9249 0.1132 0.3829 0.4848 2.4452 0.1194 0.1194 0.2647 0 0
22 30 834 0 0 0 0 0 1.0008 0 0.9807 -0.0998 0.2252 0.3117 1.8326 0.9257 -0.0786 0.3542 0.4399 2.3472 -0.0857 0.0857 0.3103 0 0
22 31 850 0 0 0 0 0 1.0004 0 0.978 0.0502 0.1704 0.2243 1.5227 0.9356 0.072 0.3118 0.4016 2.5524 0.0682 0.0682 0.2682 0 0
22 32 824 0 0 0 0 0 1.0006 0 0.9703 -0.0186 0.2126 0.2705 1.6993 0.9363 -0.0019 0.3183 0.408 2.4211 -0.0307 0.0307 0.303 0 0
22 33 974 2 0 0 0 0 1.0003 0 0.8942 0.4028 0.421 0.5744 1.8643 0.9272 0.3398 0.4755 0.5738 3.0345 0.06 0.06 0.3127 1 0
22 34 828 0 0 0 0 0 1.0004 0 0.9792 -0.1507 0.232 0.2686 1.631 0.9344 -0.1969 0.363 0.4628 2.7185 0.0052 0.0052 0.289 0 0
22 35 839 1 0 0 0 0 1.0004 0 0.9876 -0.285 0.2884 0.3348 2.3779 0.9442 -0.3377 0.4317 0.5101 2.7625 0.0231 0.0231 0.3081 1 0
22 36 849 0 0 0 0 0 1.0007 0 0.9804 -0.0988 0.1969 0.2652 1.926 0.9353 -0.0966 0.3457 0.4366 2.3474 0.0629 0.0629 0.2665 0 0
22 37 846 0 0 0 0 0 1.0012 0 0.8941 -0.2591 0.3519 0.5173 1.8937 0.9203 -0.1571 0.3908 0.5031 2.505 0.0424 0.0424 0.3066 0 0
22 38 836 0 0 0 0 0 1.001 0 0.9719 -0.1748 0.2587 0.308 2.0402 0.8998 -0.2109 0.4225 0.5313 2.4726 -0.0436 0.0436 0.289 0 0
22 39 844 0 0 0 0 0 1.0004 0 0.9526 -0.1279 0.3002 0.39 1.6335 0.9417 -0.1608 0.3622 0.4496 2.601 0.0659 0.0659 0.2701 0 0
22 40 836 0 0 0 0 0 1.0007 0 0.942 0.1497 0.2618 0.3374 1.7275 0.926 0.131 0.3594 0.4598 2.6428 -0.0082 0.0082 0.2982 0 0
22 41 871 0 0 0 0 0 1.0004 0 0.9696 0.0661 0.1947 0.2442 1.3421 0.9371 0.0747 0.3429 0.4427 2.6689 0.0411 0.0411 0.2794 0 0
22 42 967 0 0 0 0 0 1.0003 0 0.9832 0.0881 0.2222 0.2721 1.9063 0.928 0.046 0.3198 0.4186 2.4471 0.0124 0.0124 0.2838 0 0
22 43 837 0 0 0 0 0 1.0005 0 0.9587 -0.0946 0.3465 0.4808 2.8251 0.9215 -0.2148 0.3796 0.4917 2.4035 0.0162 0.0162 0.2927 0 0
22 44 833 0 0 0 0 0 1.0001 0 0.9707 -0.2923 0.3424 0.4179 2.2034 0.9142 -0.2723 0.4207 0.508 2.2621 -0.0454 0.0454 0.3074 0 0
22 45 813 0 0 0 0 0 1.0002 0 0.9724 -0.1186 0.2308 0.2648 1.5762 0.9291 -0.131 0.3377 0.4252 2.3662 -0.1352 0.1352 0.3156 0 0
22 46 877 0 0 0 0 0 1.0003 0 0.9803 0.0217 0.2294 0.3258 1.8547 0.9404 -3e-04 0.3408 0.4327 2.3815 0.0577 0.0577 0.2597 0 0
22 47 826 0 0 0 0 0 1.0005 0 0.9429 0.0351 0.4186 0.6201 2.849 0.9357 0.1591 0.3771 0.4895 2.4042 -0.0161 0.0161 0.2887 0 0
22 48 836 0 0 0 0 0 1.001 0 0.9553 0.1193 0.2511 0.3286 1.7285 0.9341 0.2023 0.3522 0.4537 2.4477 -0.0042 0.0042 0.282 0 0
22 49 833 0 0 0 0 0 1.0004 0 0.9688 -0.0236 0.2669 0.319 1.6401 0.9318 0.0452 0.3452 0.4415 2.5228 -0.0088 0.0088 0.2845 0 0
22 50 1211 11 0 0 0 0 1.0005 0 0.959 0.2893 0.3252 0.3804 2.2341 0.9222 0.2027 0.4 0.5131 3.1622 0.1345 0.1345 0.2813 1 0
22 51 854 0 0 0 0 0 1.0009 0 0.9851 9e-04 0.1297 0.1693 1.3042 0.9208 6e-04 0.3437 0.4402 2.4932 -0.0206 0.0206 0.2828 0 0
22 52 878 0 0 0 0 0 1.0002 0 0.9746 0.0136 0.2022 0.2392 1.5398 0.9312 -0.0243 0.3253 0.4078 2.8294 0.0319 0.0319 0.2892 0 0
22 53 870 0 0 0 0 0 1.0008 0 0.959 0.312 0.3438 0.5296 2.5003 0.9218 0.1817 0.3793 0.4726 2.7393 0.0043 0.0043 0.3135 0 0
22 54 1092 0 0 0 0 0 1.0004 0 0.9763 0.0288 0.2414 0.3159 1.9133 0.941 0.0482 0.348 0.4381 2.5746 0.1012 0.1012 0.2675 0 0
22 55 834 0 0 0 0 0 1.0006 0 0.9702 0.0313 0.1923 0.2313 1.4344 0.9294 0.0136 0.3338 0.4185 2.537 -0.0339 0.0339 0.2778 0 0
22 56 828 0 0 0 0 0 1.0003 0 0.9689 -0.2715 0.3496 0.4805 1.9807 0.9211 -0.3024 0.425 0.5281 2.3397 -0.0093 0.0093 0.3046 0 0
22 57 844 0 0 0 0 0 1.0002 0 0.9299 0.2225 0.2647 0.3637 1.3152 0.925 0.2109 0.3582 0.4558 2.5735 -0.1192 0.1192 0.3026 0 0
22 58 844 0 0 0 0 0 1.0003 0 0.9918 0.1854 0.2069 0.306 2.2913 0.9352 0.0703 0.3437 0.4476 2.5582 -0.0208 0.0208 0.2892 0 0
22 59 873 0 0 0 0 0 1.0006 0 0.9831 -0.1228 0.2365 0.294 2.2897 0.9264 -0.1508 0.3759 0.4825 2.5042 0.0086 0.0086 0.283 0 0
22 60 832 0 0 0 0 0 1.0004 0 0.9434 -0.0298 0.3097 0.4336 1.7362 0.9187 -0.0645 0.3494 0.447 2.3117 -0.0531 0.0531 0.2971 0 0
22 61 835 0 0 0 0 0 1.0003 0 0.9729 0.2011 0.2319 0.2964 1.2555 0.9315 0.229 0.3691 0.467 2.4448 -0.0968 0.0968 0.3087 0 0
22 62 817 0 0 0 0 0 1.0004 0 0.9837 -0.0534 0.2644 0.3615 2.5611 0.8959 0.0388 0.3978 0.4888 2.3926 -0.0707 0.0707 0.3207 0 0
22 63 826 0 0 0 0 0 1.0002 0 0.9722 0.0916 0.1858 0.2273 1.6165 0.9216 0.1129 0.3444 0.4431 2.2947 -0.1972 0.1972 0.3077 0 0
22 64 803 0 0 0 0 0 1.0005 0 0.9765 -0.2512 0.2891 0.3856 1.939 0.914 -0.175 0.3606 0.4615 2.5634 -0.255 0.255 0.3557 0 0
22 65 844 2 0 0 0 0 1.0009 0 0.9285 0.0687 0.2348 0.36 2.1939 0.912 0.0764 0.3744 0.4674 2.9889 0.0263 0.0263 0.3461 1 0
22 66 821 0 0 0 0 0 1.0003 0 0.9622 -0.0156 0.2072 0.3204 2.0391 0.9142 0.0881 0.3254 0.4265 2.2793 -0.1889 0.1889 0.3089 0 0
22 67 824 0 0 0 0 0 1.0003 0 0.9372 -0.0374 0.2202 0.283 1.2713 0.9347 0.021 0.3155 0.3951 2.4915 -0.0728 0.0728 0.3003 0 0
22 68 829 0 0 0 0 0 1.0014 0 0.9693 0.1324 0.2145 0.2532 1.4224 0.9309 0.1305 0.3418 0.4214 2.5353 -0.0668 0.0668 0.2906 0 0
22 69 826 0 0 0 0 0 1.0009 0 0.9488 -0.0764 0.244 0.2935 1.5447 0.9366 -0.0778 0.3376 0.4266 2.6834 -0.0594 0.0594 0.2952 0 0
22 70 977 0 0 0 0 0 1.0003 0 0.9867 -0.0343 0.226 0.2979 1.6708 0.9237 -0.0596 0.3886 0.4994 2.5494 0.1122 0.1122 0.2627 0 0
22 71 837 0 0 0 0 0 1.0003 0 0.9756 -0.033 0.2057 0.245 1.8455 0.9218 -0.0605 0.3462 0.435 2.6531 -0.0034 0.0034 0.29 0 0
22 72 841 0 0 0 0 0 1.0003 0 0.985 0.0679 0.1796 0.2111 1.5022 0.9369 0.0979 0.3261 0.402 2.3682 0.0141 0.0141 0.2927 0 0
22 73 838 0 0 0 0 0 1.0015 0 0.9849 0.2014 0.2334 0.2966 1.8054 0.9377 0.1747 0.3696 0.4638 2.6016 -0.0157 0.0157 0.2774 0 0
22 74 821 0 0 0 0 0 1.0007 0 0.975 0.0331 0.1757 0.2126 2.0526 0.9092 0.0359 0.3735 0.4741 2.72 -0.0939 0.0939 0.3303 0 0
22 75 856 0 0 0 0 0 1.0006 0 0.967 0.1468 0.2313 0.2767 1.6494 0.9307 0.1146 0.3881 0.4913 2.4627 -0.0015 0.0015 0.2786 0 0
22 76 1138 0 0 0 0 0 1.0004 0 0.9756 -0.1163 0.2685 0.3456 2.0016 0.9522 -0.1314 0.3512 0.4473 2.6618 0.1222 0.1222 0.2505 0 0
22 77 823 0 0 0 0 0 1.0004 0 0.9748 0.057 0.1814 0.2446 1.5271 0.9187 0.057 0.354 0.4433 2.6956 -0.0783 0.0783 0.3005 0 0
22 78 1077 0 0 0 0 0 1.0005 0 0.9812 0.0529 0.1773 0.2121 2.1934 0.9152 0.0484 0.3532 0.4569 2.7295 0.0418 0.0418 0.2937 0 0
22 79 1112 0 0 0 0 0 1.0011 0 0.9508 -0.2561 0.3162 0.3957 1.6409 0.9368 -0.1659 0.3619 0.4535 2.7148 0.1008 0.1008 0.2675 0 0
22 80 1315 0 0 0 0 0 1.0006 0 0.9551 -0.0698 0.229 0.284 1.5629 0.937 -0.0195 0.3535 0.4439 3.0367 0.067 0.067 0.2864 0 0
22 81 855 0 0 0 0 0 1.0011 0 0.9509 -0.2165 0.2848 0.4139 1.844 0.9409 -0.1891 0.3413 0.4381 2.4705 0.0072 0.0072 0.2885 0 0
22 82 862 0 0 0 0 0 1.0005 0 0.9689 -0.2989 0.3202 0.3892 1.721 0.9283 -0.3565 0.4584 0.5635 2.79 0.0272 0.0272 0.287 0 0
22 83 823 0 0 0 0 0 1.0002 0 0.9637 0.573 0.573 0.643 1.8401 0.9379 0.5571 0.583 0.6821 2.4081 -0.0677 0.0677 0.3045 0 0
22 84 862 0 0 0 0 0 1.0006 0 0.9531 0.292 0.352 0.4494 1.5708 0.9345 0.2465 0.4069 0.5077 2.8675 0.0659 0.0659 0.2796 0 0
22 85 926 3 0 0 0 0 1.0004 0 0.9583 -0.4803 0.4897 0.5692 2.0579 0.9402 -0.4239 0.4813 0.5939 2.8919 0.0965 0.0965 0.2795 1 0
22 86 838 0 0 0 0 0 1.0002 0 0.9349 -0.0923 0.2708 0.4007 1.7073 0.926 -0.0182 0.3393 0.4198 2.6333 0.0086 0.0086 0.2833 0 0
22 87 828 0 0 0 0 0 1.0004 0 0.9835 -0.1035 0.1962 0.2411 1.9362 0.9071 -0.0958 0.349 0.4599 2.2899 -0.0946 0.0946 0.2983 0 0
22 88 983 2 0 0 0 0 1.0004 0 0.9497 0.123 0.2581 0.3601 2.2369 0.9023 0.0692 0.3461 0.4431 2.7977 0.0318 0.0318 0.3508 1 0
22 89 844 0 0 0 0 0 1.0005 0 0.9703 0.2805 0.3196 0.3727 1.4333 0.9394 0.279 0.3956 0.4921 2.7303 0.0278 0.0278 0.2751 0 0
22 90 808 0 0 0 0 0 1.0002 0 0.9793 0.0195 0.1935 0.2396 1.7619 0.9269 -0.0069 0.3309 0.4197 2.3663 -0.17 0.17 0.3171 0 0
22 91 833 0 0 0 0 0 1.0014 0 0.9726 0.1373 0.272 0.3496 2.1057 0.9224 0.174 0.3619 0.4724 2.51 0.0338 0.0338 0.2899 0 0
22 92 865 2 0 0 0 0 1.0026 0 0.9661 -0.0924 0.2383 0.2718 1.6908 0.9386 -0.0198 0.3419 0.4312 3.1733 0.0825 0.0825 0.2974 1 0
22 93 817 0 0 0 0 0 1.0006 0 0.9767 -0.2499 0.3171 0.3532 1.5853 0.9242 -0.2401 0.4239 0.5161 2.6116 -0.0284 0.0284 0.2925 0 0
22 94 837 0 0 0 0 0 1.0004 0 0.9675 -0.0349 0.2053 0.327 1.9404 0.9358 0.0113 0.3115 0.3946 2.4669 -0.0519 0.0519 0.2966 0 0
22 95 852 0 0 0 0 0 1.0005 0 0.9845 -0.257 0.2581 0.315 1.6029 0.9087 -0.2588 0.426 0.5352 2.5899 0.0382 0.0382 0.2796 0 0
22 96 858 0 0 0 0 0 1.0005 0 0.9872 0.0345 0.1413 0.1851 1.349 0.9333 0.0404 0.3394 0.4328 2.6096 0.0823 0.0823 0.2545 0 0
22 97 1155 0 0 0 0 0 1.0008 0 0.949 -0.0347 0.243 0.2953 1.5414 0.9388 -0.0376 0.3199 0.4044 2.6369 0.1263 0.1263 0.252 0 0
22 98 809 0 0 0 0 0 1.0003 0 0.9586 0.0546 0.2333 0.2957 1.7706 0.9208 0.0363 0.3059 0.3791 2.3181 -0.1777 0.1777 0.3296 0 0
22 99 847 0 0 0 0 0 1.0009 0 0.9782 -0.0439 0.1702 0.207 1.2908 0.9466 -0.0106 0.3335 0.4246 2.8348 0.0329 0.0329 0.2768 0 0
22 100 843 0 0 0 0 0 1.001 0 0.9765 -0.1512 0.2438 0.3706 2.4535 0.9255 -0.036 0.3775 0.4841 2.6234 0.0514 0.0514 0.2845 0 0
22 101 825 0 0 0 0 0 1.0004 0 0.9651 0.002 0.2412 0.3145 1.7957 0.928 0.0258 0.3481 0.4332 2.3738 -0.0446 0.0446 0.2939 0 0
22 102 842 0 0 0 0 0 1.0004 0 0.9444 -0.1494 0.2705 0.3353 1.4113 0.9448 -0.1752 0.3502 0.4335 2.6599 0.029 0.029 0.2728 0 0
22 103 835 0 0 0 0 0 1.0003 0 0.9751 -0.062 0.2134 0.2785 2.07 0.9231 -0.0214 0.3379 0.4225 2.5411 0.016 0.016 0.3024 0 0
22 104 995 0 0 0 0 0 1.0009 0 0.9802 0.0278 0.1567 0.2541 1.835 0.9432 -0.033 0.3089 0.4017 2.6402 0.0828 0.0828 0.2828 0 0
22 105 837 0 0 0 0 0 1.0012 0 0.9594 0.0523 0.3369 0.496 2.4305 0.9205 0.11 0.3742 0.4847 2.4655 -0.0104 0.0104 0.2922 0 0
22 106 930 0 0 0 0 0 1.0005 0 0.9463 -0.0463 0.3026 0.4192 2.7785 0.925 -0.1136 0.3686 0.4597 2.525 0.0708 0.0708 0.2818 0 0
22 107 835 0 0 0 0 0 1.0003 0 0.969 -0.1532 0.2133 0.2912 1.4497 0.9283 -0.1542 0.3786 0.474 2.6307 -0.0214 0.0214 0.2977 0 0
22 108 824 0 0 0 0 0 1.0005 0 0.9678 0.0562 0.1919 0.2483 1.4054 0.9134 0.087 0.3284 0.4151 2.2185 -0.0797 0.0797 0.3114 0 0
22 109 828 0 0 0 0 0 1.0001 0 0.9816 0.1023 0.1805 0.2202 1.5786 0.9259 0.0512 0.3411 0.4231 2.5012 -0.0427 0.0427 0.2868 0 0
22 110 870 0 0 0 0 0 1.0003 0 0.9597 -0.0493 0.201 0.248 1.5286 0.9361 -0.1306 0.3279 0.4621 2.9411 0.0794 0.0794 0.2742 0 0
22 111 821 0 0 0 0 0 1.0005 0 0.9704 0.0525 0.2639 0.3197 1.7281 0.918 -0.0406 0.3506 0.4332 2.3833 -0.1341 0.1341 0.3106 0 0
22 112 837 0 0 0 0 0 1.0002 0 0.9798 0.23 0.2961 0.3296 1.9229 0.931 0.213 0.3802 0.4623 2.3075 -0.0672 0.0672 0.2963 0 0
22 113 823 0 0 0 0 0 1.0002 0 0.9443 -0.4363 0.4576 0.5832 2.4218 0.9206 -0.3903 0.4676 0.5629 2.6977 -0.0417 0.0417 0.3154 0 0
22 114 836 0 0 0 0 0 1.0004 0 0.9593 -0.0034 0.2737 0.4219 2.3832 0.9292 -0.0476 0.3287 0.4105 2.4073 0.0072 0.0072 0.2865 0 0
22 115 830 0 0 0 0 0 1.0002 0 0.9699 -0.0769 0.2051 0.2623 1.6831 0.9345 -0.0963 0.3346 0.4258 2.5004 -0.0375 0.0375 0.2776 0 0
22 116 1028 0 0 0 0 0 1.0002 0 0.9624 0.0792 0.2879 0.3376 2.0726 0.9375 0.0709 0.3418 0.4331 2.8069 0.0747 0.0747 0.276 0 0
22 117 819 0 0 0 0 0 1.0006 0 0.9709 -0.1395 0.2107 0.2979 1.7541 0.9112 -0.0931 0.3617 0.4676 2.3758 -0.1205 0.1205 0.3073 0 0
22 118 836 0 0 0 0 0 1.0005 0 0.9744 -0.2385 0.2822 0.3559 1.7432 0.9174 -0.1816 0.3799 0.4833 2.4256 -0.0298 0.0298 0.3013 0 0
22 119 832 0 0 0 0 0 1.0003 0 0.9622 -0.1125 0.1996 0.2655 1.4374 0.9184 -0.1277 0.3477 0.4512 2.5158 -0.0515 0.0515 0.2843 0 0
22 120 1153 0 0 0 0 0 1.0005 0 0.9784 0.3911 0.405 0.4938 2.1145 0.9205 0.3456 0.5217 0.6116 2.7942 0.0965 0.0965 0.2934 0 0
22 121 825 0 0 0 0 0 1.0003 0 0.9791 0.0153 0.1781 0.2378 2.1035 0.9142 -0.0247 0.3406 0.4304 2.538 -0.0506 0.0506 0.3108 0 0
22 122 828 0 0 0 0 0 1.0003 0 0.9551 0.1062 0.2554 0.4622 2.8902 0.9135 0.0867 0.348 0.4324 2.5253 -0.1016 0.1016 0.3336 0 0
22 123 847 0 0 0 0 0 1.0003 0 0.9861 0.3319 0.35 0.4084 1.7553 0.9224 0.3027 0.4575 0.5604 2.6323 0.0312 0.0312 0.2979 0 0
22 124 1252 0 0 0 0 0 1.0005 0 0.9519 0.5009 0.5027 0.6413 2.5265 0.9238 0.4605 0.5376 0.6507 2.7852 0.1178 0.1178 0.2817 0 0
22 125 838 0 0 0 0 0 1.0004 0 0.9675 0.1494 0.2464 0.3165 1.3754 0.9473 0.1576 0.3786 0.482 2.7458 0.0488 0.0488 0.2647 0 0
22 126 815 0 0 0 0 0 1.0007 0 0.93 0.2729 0.3371 0.5766 2.6955 0.9253 0.1298 0.3803 0.4783 2.4721 -0.146 0.146 0.3248 0 0
22 127 845 0 0 0 0 0 1.0005 0 0.9639 -0.1172 0.2103 0.2764 1.4093 0.934 -0.0964 0.3691 0.4729 2.7939 0.0469 0.0469 0.265 0 0
22 128 835 0 0 0 0 0 1.0006 0 0.9822 -0.0434 0.1838 0.226 1.8402 0.9123 -0.0203 0.3436 0.4393 2.5558 -0.0451 0.0451 0.2968 0 0
22 129 823 0 0 0 0 0 1.0007 0 0.977 0.1585 0.1953 0.2584 1.433 0.9216 0.1501 0.3603 0.4445 2.7207 -0.0505 0.0505 0.3003 0 0
22 130 828 0 0 0 0 0 1.0008 0 0.9711 0.0461 0.2745 0.3533 2.0285 0.924 0.0574 0.3749 0.4608 2.6403 0.0256 0.0256 0.2893 0 0
22 131 850 0 0 0 0 0 1.0009 0 0.9692 -0.0035 0.2097 0.2675 1.895 0.9317 -0.0554 0.3309 0.429 2.5505 0.0423 0.0423 0.2972 0 0
22 132 986 5 0 0 0 0 1.0015 0 0.964 0.4474 0.4474 0.57 2.556 0.9076 0.4149 0.5011 0.6058 2.6466 0.0841 0.0841 0.3132 1 0
22 133 852 0 0 0 0 0 1.0008 0 0.977 0.1508 0.1962 0.2571 1.8942 0.9292 0.0697 0.3389 0.4315 2.6405 0.0202 0.0202 0.3131 0 0
22 134 832 0 0 0 0 0 1.0002 0 0.9602 0.1627 0.2329 0.298 1.8816 0.9259 0.1366 0.3457 0.4433 2.9413 0.0191 0.0191 0.3006 0 0
22 135 975 0 0 0 0 0 1.0002 0 0.9347 -0.3655 0.4225 0.7028 3.0079 0.8875 -0.2064 0.4228 0.5201 2.6528 1e-04 1e-04 0.3586 0 0
22 136 833 0 0 0 0 0 1.0005 0 0.9708 0.435 0.435 0.4869 1.5678 0.9098 0.427 0.5029 0.6051 2.9602 0.0114 0.0114 0.3046 0 0
22 137 845 0 0 0 0 0 1.0006 0 0.9694 -0.247 0.2952 0.4238 2.257 0.914 -0.1497 0.3795 0.4856 2.8048 0.0424 0.0424 0.3018 0 0
22 138 1059 0 0 0 0 0 1.0006 0 0.9833 -0.1977 0.3054 0.3761 2.4651 0.9304 -0.2038 0.4015 0.5003 2.3177 0.0852 0.0852 0.2779 0 0
22 139 954 0 0 0 0 0 1.0021 0 0.9884 -0.1479 0.2058 0.2917 2.3089 0.9385 -0.1193 0.3737 0.4733 2.4291 0.0909 0.0909 0.2631 0 0
22 140 826 0 0 0 0 0 1.0003 0 0.9687 -0.1375 0.2455 0.3308 1.8448 0.9305 -0.1254 0.3461 0.4255 2.4551 -0.0376 0.0376 0.2987 0 0
22 141 832 0 0 0 0 0 1.0002 0 0.9667 0.0117 0.2311 0.2833 1.9712 0.9117 0.0406 0.3801 0.4567 2.746 -0.0265 0.0265 0.3014 0 0
22 142 816 0 0 0 0 0 1.0005 0 0.9728 -0.1111 0.1968 0.2593 1.8882 0.9165 -0.0475 0.3661 0.4672 2.6922 -0.1394 0.1394 0.3429 0 0
22 143 823 0 0 0 0 0 1.0003 0 0.951 -0.3686 0.4017 0.4897 2.0254 0.9261 -0.357 0.4339 0.5321 2.6416 -0.0836 0.0836 0.3276 0 0
22 144 870 0 0 0 0 0 1.0004 0 0.9394 -0.0025 0.2086 0.2732 1.1951 0.9339 -0.0029 0.3424 0.4195 2.5621 0.0867 0.0867 0.2593 0 0
22 145 834 0 0 0 0 0 1.0002 0 0.9586 -0.0471 0.2429 0.3204 1.9557 0.9155 -0.0645 0.3524 0.4305 2.442 -0.0273 0.0273 0.2934 0 0
22 146 834 0 0 0 0 0 1.0008 0 0.9735 -0.017 0.2232 0.3147 1.7612 0.9196 -0.064 0.3778 0.4673 2.4433 -0.0061 0.0061 0.2828 0 0
22 147 854 0 0 0 0 0 1.0007 0 0.9817 -0.276 0.2952 0.3601 1.6525 0.9393 -0.2549 0.3906 0.4833 2.3694 0.0318 0.0318 0.2838 0 0
22 148 823 0 0 0 0 0 1.0002 0 0.9661 0.0987 0.194 0.268 1.5818 0.9184 0.0409 0.3213 0.4187 2.3257 -0.0325 0.0325 0.3119 0 0
22 149 842 0 0 0 0 0 1.0005 0 0.9809 -0.3172 0.3286 0.419 2.1255 0.9088 -0.2604 0.4389 0.5477 2.3548 0.0587 0.0587 0.2705 0 0
22 150 1008 9 0 0 0 0 1.0006 0 0.9707 -0.3965 0.4037 0.4561 1.9614 0.9202 -0.3159 0.465 0.5621 3.1017 0.0759 0.0759 0.3196 1 0
22 151 1197 0 0 0 0 0 1.0008 0 0.9654 -0.1587 0.2691 0.3722 1.65 0.9456 -0.1103 0.3506 0.444 2.5541 0.1558 0.1558 0.2405 0 0
22 152 900 0 0 0 0 0 1.0007 0 0.9726 0.2651 0.2878 0.3331 1.316 0.9181 0.2374 0.4002 0.5073 2.5334 0.0692 0.0692 0.282 0 0
22 153 866 0 0 0 0 0 1.0008 0 0.945 0.1861 0.274 0.3675 1.7625 0.9212 0.2242 0.3863 0.4994 2.8984 0.0491 0.0491 0.2889 0 0
22 154 838 0 0 0 0 0 1.0007 0 0.975 0.1011 0.2126 0.2718 1.5207 0.9391 0.1074 0.3417 0.43 2.5637 0.0013 0.0013 0.2871 0 0
22 155 1068 0 0 0 0 0 1.0004 0 0.9524 0.1537 0.2659 0.373 1.7547 0.9335 0.1124 0.3213 0.4064 2.973 0.0792 0.0792 0.2794 0 0
22 156 810 0 0 0 0 0 1.0002 0 0.9789 0.2392 0.2772 0.3426 1.9238 0.9202 0.2346 0.3802 0.4839 2.2296 -0.132 0.132 0.3227 0 0
22 157 829 0 0 0 0 0 1.0002 0 0.9622 -0.0977 0.3816 0.513 2.7156 0.9134 0.049 0.3685 0.4741 2.476 0.0344 0.0344 0.3059 0 0
22 158 816 0 0 0 0 0 1.0001 0 0.9708 -0.1555 0.3282 0.4055 2.0059 0.9145 -0.195 0.4021 0.4955 2.2273 -0.1137 0.1137 0.3238 0 0
22 159 1078 0 0 0 0 0 1.0004 0 0.975 0.0451 0.2175 0.2452 2.01 0.9244 0.038 0.3379 0.417 2.4704 0.1041 0.1041 0.2816 0 0
22 160 844 0 0 0 0 0 1.0006 0 0.9594 0.1376 0.2697 0.3591 2.0166 0.9134 0.0599 0.3382 0.4562 2.5777 0.0478 0.0478 0.2853 0 0
22 161 835 0 0 0 0 0 1.0003 0 0.9817 -0.0797 0.2203 0.2793 1.8966 0.9331 -0.0068 0.339 0.4251 2.5372 0.0176 0.0176 0.2893 0 0
22 162 853 0 0 0 0 0 1.0004 0 0.9795 -0.2267 0.3427 0.4822 2.1253 0.9338 -0.1305 0.3719 0.476 2.6786 0.0272 0.0272 0.2987 0 0
22 163 850 0 0 0 0 0 1.0002 0 0.967 -0.4094 0.4232 0.5209 2.025 0.9401 -0.3062 0.4442 0.5492 2.6031 0.0064 0.0064 0.297 0 0
22 164 908 0 0 0 0 0 1.001 0 0.9685 -0.1145 0.3219 0.381 1.9835 0.9238 -0.1326 0.3672 0.4564 2.3543 0.0435 0.0435 0.2868 0 0
22 165 1406 2 0 0 0 0 1.0008 0 0.9672 0.3006 0.314 0.3951 1.7803 0.9311 0.2784 0.4144 0.5262 3.1584 0.1493 0.1493 0.2824 1 0
22 166 869 0 0 0 0 0 1.0008 0 0.9619 0.3038 0.3208 0.4027 1.6325 0.9298 0.256 0.4227 0.5097 2.7212 -0.0215 0.0215 0.3234 0 0
22 167 870 0 0 0 0 0 1.0004 0 0.9791 0.0397 0.1737 0.2203 1.786 0.9343 -0.0051 0.3469 0.4276 2.5078 0.0418 0.0418 0.2696 0 0
22 168 829 0 0 0 0 0 1.0003 0 0.9797 -0.1323 0.2047 0.2555 1.5612 0.9291 -0.1203 0.3656 0.4636 2.3995 -0.0283 0.0283 0.2941 0 0
22 169 1404 12 0 0 0 0 1.0006 0 0.9288 -0.6146 0.6146 0.6808 1.8132 0.9351 -0.5734 0.6266 0.7342 3.1566 0.1482 0.1482 0.2815 1 0
22 170 865 0 0 0 0 0 1.0004 0 0.9836 -0.2472 0.2692 0.3066 1.547 0.9424 -0.2435 0.3701 0.4677 2.7168 0.028 0.028 0.2887 0 0
22 171 1124 4 0 0 0 0 1.0006 0 0.9439 -0.4558 0.4797 0.5401 2.2562 0.9107 -0.4656 0.5322 0.6406 3.1043 0.0738 0.0738 0.3272 1 0
22 172 861 0 0 0 0 0 1.0004 0 0.9723 0.0601 0.2415 0.3034 1.8499 0.9324 0.0189 0.3434 0.4447 2.6355 0.0818 0.0818 0.2793 0 0
22 173 848 0 0 0 0 0 1.0004 0 0.959 0.0654 0.2359 0.3123 1.8132 0.9327 0.0169 0.3204 0.4073 2.6099 0.0426 0.0426 0.2766 0 0
22 174 827 0 0 0 0 0 1.0009 0 0.9823 0.0142 0.1856 0.2424 2.0297 0.9285 -0.0706 0.3169 0.42 2.5166 -0.0614 0.0614 0.3057 0 0
22 175 815 0 0 0 0 0 1.0004 0 0.9408 -0.0987 0.2834 0.4071 2.5702 0.9252 -0.1079 0.3425 0.4352 2.3848 -0.1729 0.1729 0.3105 0 0
22 176 828 0 0 0 0 0 1.0003 0 0.9742 0.054 0.2449 0.2929 1.692 0.9341 0.004 0.3459 0.4198 2.6608 -0.0073 0.0073 0.3015 0 0
22 177 927 0 0 0 0 0 1.0005 0 0.9714 0.4828 0.5053 0.5848 2.5066 0.944 0.4116 0.4709 0.5716 2.5673 0.1029 0.1029 0.2921 0 0
22 178 851 0 0 0 0 0 1.0003 0 0.965 -0.0667 0.1682 0.2464 1.3767 0.9276 -0.0407 0.3593 0.4633 2.5766 0.0119 0.0119 0.2772 0 0
22 179 834 0 0 0 0 0 1.0003 0 0.9807 0.2707 0.2972 0.3978 1.7949 0.9382 0.1652 0.3608 0.4564 2.6093 0.0066 0.0066 0.2847 0 0
22 180 822 0 0 0 0 0 1.0014 0 0.9639 -0.1706 0.323 0.4224 2.0746 0.9086 -0.1356 0.3552 0.4392 2.4284 -0.0963 0.0963 0.3397 0 0
22 181 817 0 0 0 0 0 1.0004 0 0.9871 -0.0687 0.1469 0.1994 2.0639 0.9158 -0.0542 0.3575 0.4593 2.4634 -0.1265 0.1265 0.3063 0 0
22 182 853 0 0 0 0 0 1.0003 0 0.9456 0.0252 0.3005 0.4173 2.0655 0.9372 0.0458 0.3294 0.4097 2.6934 0.065 0.065 0.2677 0 0
22 183 828 0 0 0 0 0 1.0007 0 0.9801 -0.0106 0.1875 0.2359 1.7414 0.9321 0.0741 0.3193 0.4002 2.2629 -0.0683 0.0683 0.2978 0 0
22 184 824 0 0 0 0 0 1.0002 0 0.9745 -0.092 0.2464 0.322 1.9452 0.9257 -0.0937 0.3701 0.4714 2.4346 -0.0117 0.0117 0.2887 0 0
22 185 874 0 0 0 0 0 1.0021 0 0.9678 0.2769 0.2851 0.4062 1.9749 0.9289 0.1873 0.3561 0.4544 2.9907 0.0379 0.0379 0.3027 0 0
22 186 835 0 0 0 0 0 1.0003 0 0.9755 -0.0451 0.1657 0.2076 1.2651 0.9359 -0.0898 0.3474 0.4325 2.5107 -0.0481 0.0481 0.288 0 0
22 187 834 0 0 0 0 0 1.0004 0 0.9812 0.0633 0.1538 0.2231 1.8716 0.9003 0.0398 0.3678 0.4592 2.2979 -0.0738 0.0738 0.3146 0 0
22 188 851 0 0 0 0 0 1.0005 0 0.9552 0.1627 0.2291 0.3033 1.5301 0.9293 0.1899 0.3465 0.4713 2.5529 -0.1269 0.1269 0.3002 0 0
22 189 825 0 0 0 0 0 1.0002 0 0.9615 0.1581 0.3599 0.4208 1.8545 0.9184 0.1489 0.3434 0.4529 2.3605 -0.0447 0.0447 0.3226 0 0
22 190 823 0 0 0 0 0 1.0001 0 0.957 -0.2268 0.282 0.4202 2.1135 0.919 -0.1367 0.3667 0.4689 2.5193 -0.0531 0.0531 0.3065 0 0
22 191 845 0 0 0 0 0 1.0012 0 0.9573 0.1374 0.3148 0.4522 2.2452 0.9287 0.1251 0.3651 0.4618 2.6175 0.0585 0.0585 0.2799 0 0
22 192 840 0 0 0 0 0 1.0008 0 0.9576 0.1949 0.2642 0.3774 2.1043 0.9202 0.1058 0.3475 0.4507 2.6891 0.0351 0.0351 0.3032 0 0
22 193 835 0 0 0 0 0 1.0006 0 0.982 -0.0236 0.1778 0.2088 1.8227 0.9174 0.0062 0.3357 0.4215 2.6505 -0.0173 0.0173 0.2974 0 0
22 194 835 0 0 0 0 0 1.0003 0 0.9572 -0.0289 0.2783 0.3376 1.6225 0.9352 -0.0082 0.3155 0.4024 2.4307 4e-04 4e-04 0.2906 0 0
22 195 814 0 0 0 0 0 1.0003 0 0.9711 -0.011 0.2378 0.2775 1.8038 0.9231 -0.0324 0.3383 0.4509 2.2834 -0.1434 0.1434 0.3189 0 0
22 196 829 0 0 0 0 0 1.0002 0 0.9781 -0.181 0.2586 0.3216 2.0342 0.9357 -0.1745 0.3558 0.4456 2.7174 -0.0563 0.0563 0.2832 0 0
22 197 827 0 0 0 0 0 1.0001 0 0.9648 0.1588 0.2595 0.3973 2.4139 0.9281 0.0952 0.3357 0.4151 2.6716 -0.0686 0.0686 0.3352 0 0
22 198 819 0 0 0 0 0 1.0004 0 0.9742 0.3834 0.3874 0.4363 1.6365 0.9028 0.4264 0.5001 0.619 2.6132 -0.0552 0.0552 0.3082 0 0
22 199 834 0 0 0 0 0 1.0011 0 0.9635 -0.386 0.4194 0.5988 2.7678 0.9301 -0.2708 0.4037 0.5068 2.4679 5e-04 5e-04 0.3121 0 0
22 200 841 0 0 0 0 0 1.0008 0 0.9559 0.2905 0.365 0.5446 2.7413 0.9243 0.1657 0.3949 0.4878 2.773 0.0174 0.0174 0.3101 0 0
22 201 834 0 0 0 0 0 1.0007 0 0.9726 0.0999 0.2387 0.3069 2.2681 0.9339 0.1102 0.3392 0.425 2.4311 -0.0052 0.0052 0.2844 0 0
22 202 956 1 0 0 0 0 1.0005 0 0.9678 0.1132 0.219 0.3191 1.9971 0.9148 0.0648 0.3773 0.4679 2.5719 0.1073 0.1073 0.2678 1 0
22 203 885 0 0 0 0 0 1.0009 0 0.9724 -0.1565 0.2134 0.2887 1.6571 0.9252 -0.1623 0.3998 0.4906 2.5868 0.0841 0.0841 0.2776 0 0
22 204 828 0 0 0 0 0 1.0011 0 0.9349 0.1212 0.3244 0.4824 2.3071 0.9292 0.152 0.3657 0.4566 2.548 -0.0865 0.0865 0.3036 0 0
22 205 831 0 0 0 0 0 1.0002 0 0.9486 0.2837 0.4001 0.5042 2.201 0.9332 0.2554 0.4114 0.5102 2.5659 -0.0592 0.0592 0.3036 0 0
22 206 811 0 0 0 0 0 1.0004 0 0.9668 0.1265 0.2762 0.3532 1.6686 0.9219 0.1605 0.3597 0.4457 2.3295 -0.1103 0.1103 0.311 0 0
22 207 855 0 0 0 0 0 1.001 0 0.9759 -0.0279 0.2245 0.2632 2.4586 0.9219 -0.0576 0.3468 0.4378 2.4717 0.026 0.026 0.2998 0 0
22 208 859 0 0 0 0 0 1.0014 0 0.9623 0.2884 0.2953 0.3895 1.4488 0.9213 0.2848 0.4191 0.5448 2.4243 0.0253 0.0253 0.2814 0 0
22 209 823 0 0 0 0 0 1.0011 0 0.9583 -0.0916 0.2183 0.2903 1.469 0.9344 -0.0706 0.316 0.4002 2.7135 -0.0786 0.0786 0.3057 0 0
22 210 823 0 0 0 0 0 1.001 0 0.9199 -0.0556 0.3019 0.4232 1.6647 0.9343 -0.0306 0.3367 0.415 2.5271 -0.1233 0.1233 0.3064 0 0
22 211 843 0 0 0 0 0 1.0004 0 0.9729 0.0566 0.2007 0.2595 1.5354 0.923 0.122 0.3565 0.4383 2.508 -0.0578 0.0578 0.2813 0 0
22 212 834 0 0 0 0 0 1.0004 0 0.9538 -0.1316 0.2643 0.3366 1.9376 0.9188 -0.0716 0.3462 0.4469 2.4024 -0.0913 0.0913 0.31 0 0
22 213 841 0 0 0 0 0 1.0005 0 0.9463 0.1663 0.2743 0.3399 1.3113 0.937 0.1514 0.3269 0.4201 2.6414 -0.0017 0.0017 0.2835 0 0
22 214 944 1 0 0 0 0 1.0007 0 0.9617 -0.1127 0.2358 0.3399 2.292 0.9248 -0.0969 0.3575 0.4588 2.4087 0.1295 0.1295 0.2681 1 0
22 215 812 0 0 0 0 0 1.0002 0 0.9454 0.1614 0.2924 0.3926 1.8144 0.9178 0.1543 0.3662 0.4597 2.4246 -0.0846 0.0846 0.3034 0 0
22 216 873 0 0 0 0 0 1.0005 0 0.971 0.2649 0.2957 0.3623 1.7296 0.9393 0.1467 0.3428 0.4494 2.6806 0.0884 0.0884 0.2625 0 0
22 217 822 0 0 0 0 0 1.0007 0 0.9622 0.1957 0.3256 0.4576 2.4999 0.9059 0.1004 0.3781 0.4674 2.5995 -0.1008 0.1008 0.3381 0 0
22 218 839 0 0 0 0 0 1.0003 0 0.969 -0.1393 0.2293 0.2686 1.2894 0.9301 -0.1138 0.3342 0.4281 2.6197 -0.0528 0.0528 0.2909 0 0
22 219 863 0 0 0 0 0 1.0004 0 0.9583 0.0548 0.2569 0.312 1.4223 0.934 0.0781 0.3826 0.4929 2.6495 0.0634 0.0634 0.2513 0 0
22 220 1204 0 0 0 0 0 1.0006 0 0.9853 0.3676 0.3676 0.4295 1.8607 0.932 0.3607 0.4591 0.5709 2.4193 0.15 0.15 0.2574 0 0
22 221 823 0 0 0 0 0 1.0006 0 0.9666 0.2599 0.3716 0.462 2.7959 0.9145 0.2309 0.3678 0.4595 2.2967 -0.1381 0.1381 0.3258 0 0
22 222 1101 17 0 0 0 0 1.0014 0 0.9342 0.553 0.5894 0.8571 3.1084 0.9248 0.3062 0.449 0.5466 2.8986 0.1035 0.1035 0.3275 1 0
22 223 851 0 0 0 0 0 1.0007 0 0.9645 0.2318 0.3225 0.442 2.1838 0.9066 0.1577 0.3994 0.5084 2.5453 -0.0066 0.0066 0.3061 0 0
22 224 826 0 0 0 0 0 1.0006 0 0.9609 0.0317 0.2233 0.2793 1.5056 0.9371 0.0055 0.2935 0.368 2.3791 -0.0838 0.0838 0.3066 0 0
22 225 865 0 0 0 0 0 1.0009 0 0.9633 0.466 0.4776 0.5778 2.253 0.9345 0.3515 0.4697 0.5782 2.7 0.0804 0.0804 0.2733 0 0
22 226 839 0 0 0 0 0 1.0004 0 0.9532 -0.006 0.2435 0.2918 1.7485 0.9387 -0.0121 0.2961 0.3737 2.639 0.0223 0.0223 0.2812 0 0
22 227 958 0 0 0 0 0 1.0017 0 0.9696 0.0862 0.2414 0.3736 1.9288 0.9248 0.0291 0.3435 0.4425 2.5108 0.0689 0.0689 0.2832 0 0
22 228 830 0 0 0 0 0 1.0003 0 0.9362 -0.116 0.2256 0.3029 1.5834 0.9302 -0.0603 0.3481 0.4494 2.8841 -0.0648 0.0648 0.3174 0 0
22 229 969 0 0 0 0 0 1.0002 0 0.9726 -0.4235 0.443 0.5534 2.5663 0.9218 -0.3703 0.4504 0.558 2.5673 0.0705 0.0705 0.2991 0 0
22 230 842 0 0 0 0 0 1.0003 0 0.9648 -0.1802 0.2828 0.4201 2.169 0.9304 -0.0528 0.3968 0.4796 2.4309 0.0679 0.0679 0.2801 0 0
22 231 828 0 0 0 0 0 1.0003 0 0.9766 -0.2624 0.2937 0.4183 2.3496 0.9078 -0.1969 0.4016 0.4992 2.4784 -0.0081 0.0081 0.2999 0 0
22 232 838 0 0 0 0 0 1.0006 0 0.9606 0.2319 0.2873 0.3586 1.6189 0.927 0.1566 0.4003 0.4929 2.6606 -0.0552 0.0552 0.3038 0 0
22 233 823 0 0 0 0 0 1.0005 0 0.9807 -0.0299 0.2013 0.2732 1.9503 0.9234 -0.0399 0.3348 0.4238 2.6527 -0.0829 0.0829 0.3041 0 0
22 234 832 0 0 0 0 0 1.0005 0 0.9769 -0.1136 0.2199 0.2832 1.8663 0.9009 -0.0598 0.3839 0.4827 2.5514 -0.0087 0.0087 0.2962 0 0
22 235 820 0 0 0 0 0 1.0007 0 0.9855 -0.0658 0.165 0.2231 1.6223 0.9075 -0.091 0.3415 0.4411 2.484 -0.04 0.04 0.2886 0 0
22 236 848 0 0 0 0 0 1.0005 0 0.9362 -0.0512 0.2663 0.3295 1.7892 0.9182 -0.1083 0.3784 0.4607 2.6582 -0.114 0.114 0.3226 0 0
22 237 817 0 0 0 0 0 1.0015 0 0.9697 -0.1415 0.2701 0.3725 2.1527 0.9173 -0.0784 0.3562 0.4433 2.3707 -0.1424 0.1424 0.3187 0 0
22 238 822 0 0 0 0 0 1.0003 0 0.9681 -0.2976 0.3052 0.373 1.7428 0.9266 -0.2379 0.3853 0.4746 2.5372 -0.1074 0.1074 0.3075 0 0
22 239 827 0 0 0 0 0 1.0006 0 0.9288 -0.233 0.2729 0.4994 2.7828 0.9217 -0.1776 0.3701 0.4673 2.6759 -0.0732 0.0732 0.32 0 0
22 240 841 0 0 0 0 0 1.0003 0 0.9776 -0.0873 0.1585 0.2037 1.3776 0.9283 -0.0968 0.3212 0.4254 2.549 -0.065 0.065 0.2907 0 0
22 241 842 0 0 0 0 0 1.0002 0 0.9715 0.1774 0.2025 0.2827 1.728 0.9178 0.0635 0.3452 0.4443 2.661 -0.0102 0.0102 0.3153 0 0
22 242 836 1 0 0 0 0 1.0004 0 0.9677 -0.3229 0.3412 0.4225 1.4096 0.9333 -0.2669 0.4107 0.5077 2.8733 -0.0047 0.0047 0.2849 1 0
22 243 832 0 0 0 0 0 1.0004 0 0.9814 -0.2125 0.2323 0.3028 1.8137 0.9259 -0.2107 0.3619 0.4588 2.8816 -0.0387 0.0387 0.3097 0 0
22 244 833 0 0 0 0 0 1.0003 0 0.9608 0.1202 0.209 0.2856 1.6372 0.9192 0.1206 0.381 0.4736 2.7403 0.0405 0.0405 0.2751 0 0
22 245 844 1 0 0 0 0 1.0006 0 0.9083 -0.3173 0.3946 0.6295 2.7035 0.9024 -0.1638 0.3892 0.4919 2.8874 -0.0014 0.0014 0.3457 1 0
22 246 879 0 0 0 0 0 1.0005 0 0.9777 -0.1013 0.2153 0.2618 1.9524 0.9358 -0.1485 0.3563 0.4558 2.5608 0.0749 0.0749 0.2726 0 0
22 247 825 0 0 0 0 0 1.0007 0 0.9766 0.2183 0.2939 0.3503 1.738 0.9271 0.1542 0.3663 0.4735 2.7388 -0.0237 0.0237 0.3292 0 0
22 248 861 0 0 0 0 0 1.0004 0 0.9742 0.2794 0.3019 0.3878 1.7668 0.9295 0.1961 0.4135 0.5116 2.6467 0.0804 0.0804 0.2801 0 0
22 249 842 0 0 0 0 0 1.0005 0 0.9754 -0.2144 0.2458 0.3115 1.5055 0.929 -0.2121 0.359 0.4534 2.4412 0.0131 0.0131 0.2908 0 0
22 250 892 0 0 0 0 0 1.0005 0 0.9649 0.0996 0.2306 0.2585 1.4299 0.9315 0.0611 0.372 0.4625 2.6141 0.1045 0.1045 0.2542 0 0
22 251 981 2 0 0 0 0 1.0007 0 0.9486 -0.3227 0.3584 0.4496 1.7515 0.9217 -0.2586 0.4195 0.5164 2.6948 0.079 0.079 0.3094 1 0
22 252 834 0 0 0 0 0 1.0011 0 0.9487 0.0848 0.2609 0.368 1.8102 0.944 0.1155 0.3221 0.4043 2.7024 0.0309 0.0309 0.2812 0 0
22 253 856 0 0 0 0 0 1.0003 0 0.9594 0.0463 0.3769 0.4565 1.9752 0.9302 0.1061 0.3884 0.4824 2.4085 0.0643 0.0643 0.2761 0 0
22 254 807 0 0 0 0 0 1.0002 0 0.9867 -0.1099 0.1795 0.2313 1.8621 0.9024 -0.0428 0.3406 0.4196 2.1364 -0.1544 0.1544 0.3168 0 0
22 255 836 0 0 0 0 0 1.0005 0 0.9574 -0.1624 0.2453 0.292 1.2943 0.928 -0.1631 0.3572 0.4399 2.7606 -0.0421 0.0421 0.2921 0 0
22 256 859 0 0 0 0 0 1.0007 0 0.9452 0.0258 0.2371 0.3129 1.35 0.9131 0.0334 0.3382 0.4405 2.4678 0.0159 0.0159 0.2892 0 0
22 257 844 0 0 0 0 0 1.0016 0 0.9387 -0.1727 0.3146 0.3565 1.4737 0.9142 -0.1738 0.3899 0.4808 2.3789 -0.0494 0.0494 0.2996 0 0
22 258 850 18 0 0 0 0 1.0016 0 0.9219 -0.1526 0.2847 0.4222 2.2044 0.9058 -0.0714 0.3702 0.4776 2.5974 0.0462 0.0462 0.3376 1 0
22 259 821 0 0 0 0 0 1.0003 0 0.9665 -0.2409 0.2736 0.4107 2.0858 0.936 -0.1753 0.358 0.4587 2.4755 -0.1153 0.1153 0.2942 0 0
22 260 824 0 0 0 0 0 1.0003 0 0.9794 0.1464 0.1987 0.2458 1.7865 0.9247 0.1988 0.3478 0.4431 2.5303 -0.1013 0.1013 0.3034 0 0
22 261 851 0 0 0 0 0 1.0002 0 0.9688 -0.4173 0.4191 0.4966 1.6695 0.9289 -0.3659 0.454 0.5395 2.5267 -0.0345 0.0345 0.3205 0 0
22 262 823 0 0 0 0 0 1.0003 0 0.9504 0.0839 0.2451 0.3451 2.4757 0.9099 0.0841 0.3458 0.4433 2.5779 -0.0688 0.0688 0.3137 0 0
22 263 860 0 0 0 0 0 1.0016 0 0.9258 -0.1016 0.2301 0.32 1.7319 0.9116 -0.0991 0.3852 0.4858 3.0539 0.032 0.032 0.3188 0 0
22 264 833 0 0 0 0 0 1.001 0 0.9737 -0.0619 0.206 0.2843 1.6263 0.9165 -0.038 0.3699 0.4768 2.3997 -0.0219 0.0219 0.2904 0 0
22 265 1171 7 0 0 0 0 1.0005 0 0.9636 -0.3602 0.3801 0.4983 2.271 0.9222 -0.2849 0.4687 0.5625 2.7738 0.0971 0.0971 0.3066 1 0
22 266 834 0 0 0 0 0 1.0002 0 0.9828 0.0585 0.1759 0.2228 1.866 0.9302 0.0243 0.3532 0.4502 2.4443 -0.0031 0.0031 0.2781 0 0
22 267 819 0 0 0 0 0 1.0007 0 0.9537 -0.1444 0.2844 0.3346 1.7174 0.9114 -0.1731 0.3842 0.4977 2.4355 -0.1093 0.1093 0.3212 0 0
22 268 840 0 0 0 0 0 1.0004 0 0.9335 0.0122 0.3109 0.3858 1.997 0.9378 0.0475 0.3219 0.421 2.8315 0.0305 0.0305 0.2946 0 0
22 269 826 0 0 0 0 0 1.0003 0 0.9755 -0.3552 0.3836 0.4803 2.3898 0.9168 -0.3015 0.4105 0.5213 2.3952 -0.0464 0.0464 0.3006 0 0
22 270 839 0 0 0 0 0 1.0004 0 0.9769 0.1796 0.2667 0.3434 2.286 0.9225 0.1721 0.3672 0.4539 2.6462 -0.0081 0.0081 0.3004 0 0
22 271 825 0 0 0 0 0 1.0003 0 0.9309 0.2276 0.3989 0.6798 2.7227 0.9254 0.1164 0.3411 0.4317 2.4657 -0.0619 0.0619 0.3077 0 0
22 272 830 0 0 0 0 0 1.0002 0 0.9768 0.0085 0.1856 0.2429 1.7099 0.9328 -0.0033 0.3152 0.3982 2.4438 -0.0421 0.0421 0.2935 0 0
22 273 820 0 0 0 0 0 1.0004 0 0.9815 -0.0246 0.206 0.2717 2.1293 0.922 0.0821 0.3561 0.4527 2.335 -0.092 0.092 0.2967 0 0
22 274 835 0 0 0 0 0 1.0007 0 0.9758 0.2675 0.2969 0.4339 2.0308 0.9294 0.2692 0.4095 0.5143 2.4024 0.0285 0.0285 0.2818 0 0
22 275 828 0 0 0 0 0 1.0003 0 0.9405 -0.1871 0.325 0.438 2.0424 0.9169 -0.1079 0.3334 0.4337 2.3037 -0.0622 0.0622 0.3177 0 0
22 276 837 0 0 0 0 0 1.0003 0 0.9715 -0.0958 0.2739 0.312 2.0753 0.9384 -0.1358 0.3431 0.4351 2.4434 0.0736 0.0736 0.2634 0 0
22 277 852 0 0 0 0 0 1.0006 0 0.9569 -0.0143 0.2269 0.3159 1.7776 0.9235 0.0536 0.356 0.4529 2.8924 0.0694 0.0694 0.2894 0 0
22 278 813 0 0 0 0 0 1.0006 0 0.9638 0.2145 0.2763 0.3664 1.5389 0.9169 0.1908 0.3711 0.4669 2.5341 -0.1024 0.1024 0.3023 0 0
22 279 834 0 0 0 0 0 1.0003 0 0.9717 0.0219 0.1704 0.2523 1.7546 0.9261 0.0153 0.3366 0.4391 2.5411 -0.0361 0.0361 0.2881 0 0
22 280 826 0 0 0 0 0 1.0006 0 0.9654 0.0764 0.2394 0.2967 1.7846 0.9417 0.0398 0.298 0.3839 2.5669 -0.0644 0.0644 0.2826 0 0
22 281 831 0 0 0 0 0 1.0002 0 0.9729 0.0571 0.2011 0.2735 1.9567 0.9057 0.0866 0.3621 0.4577 2.4438 -0.124 0.124 0.3187 0 0
22 282 869 0 0 0 0 0 1.0005 0 0.9717 -0.0227 0.2331 0.2864 1.7488 0.936 -0.0603 0.3451 0.4261 2.6222 0.0719 0.0719 0.2578 0 0
22 283 829 0 0 0 0 0 1.0005 0 0.9685 -0.021 0.2018 0.2398 1.3226 0.9332 -0.0085 0.3288 0.4266 2.6212 -0.0444 0.0444 0.2828 0 0
22 284 836 0 0 0 0 0 1.0004 0 0.9659 0.1484 0.3389 0.4529 2.1365 0.925 0.1764 0.4173 0.5126 2.2985 -0.0888 0.0888 0.3089 0 0
22 285 865 0 0 0 0 0 1.0003 0 0.9785 -0.2193 0.3273 0.3959 2.0621 0.9227 -0.2617 0.4118 0.516 2.51 0.0459 0.0459 0.3077 0 0
22 286 841 0 0 0 0 0 1.0003 0 0.9774 0.0492 0.1659 0.1965 1.3501 0.9316 0.0445 0.3386 0.4298 2.7257 0.0481 0.0481 0.2633 0 0
22 287 839 0 0 0 0 0 1.0012 0 0.9738 0.1034 0.218 0.2865 1.9288 0.9251 0.0427 0.3397 0.4445 2.5913 0.0249 0.0249 0.2771 0 0
22 288 1013 0 0 0 0 0 1.0003 0 0.9665 -0.0653 0.2417 0.2745 2.0127 0.9266 -0.0266 0.333 0.423 2.5096 0.0435 0.0435 0.2935 0 0
22 289 837 0 0 0 0 0 1.0004 0 0.9775 0.0267 0.2108 0.2769 1.9528 0.9255 -0.0034 0.3278 0.4166 2.5276 -0.097 0.097 0.3024 0 0
22 290 831 0 0 0 0 0 1.0004 0 0.982 0.0562 0.1691 0.2001 1.4892 0.9377 0.0595 0.3327 0.4091 2.4828 -0.0018 0.0018 0.2935 0 0
22 291 806 0 0 0 0 0 1.0005 0 0.9799 -0.0752 0.2045 0.2772 1.9319 0.9242 -0.0451 0.3345 0.4245 2.2606 -0.1202 0.1202 0.3065 0 0
22 292 840 0 0 0 0 0 1.0006 0 0.9633 0.1067 0.2488 0.3074 1.6526 0.9278 0.0868 0.335 0.4175 2.5841 -0.0025 0.0025 0.2868 0 0
22 293 834 0 0 0 0 0 1.0003 0 0.9609 0.0069 0.2726 0.474 2.4903 0.928 -0.0394 0.3427 0.4423 2.5195 0.0313 0.0313 0.2922 0 0
22 294 1325 2 0 0 0 0 1.0004 0 0.971 0.2643 0.3031 0.4032 2.2809 0.9187 0.2471 0.4136 0.5169 2.8084 0.14 0.14 0.2749 1 0
22 295 826 0 0 0 0 0 1.0004 0 0.9433 -0.0412 0.2466 0.3243 1.706 0.9098 -0.0076 0.3441 0.4466 2.5824 -0.0913 0.0913 0.3035 0 0
22 296 827 0 0 0 0 0 1.0002 0 0.9674 -0.0376 0.1988 0.2607 1.7532 0.9154 -0.0328 0.3148 0.4037 2.4926 -0.1076 0.1076 0.3363 0 0
22 297 829 0 0 0 0 0 1.0006 0 0.9579 0.136 0.2331 0.2923 1.4179 0.9369 0.1195 0.3172 0.3935 2.4692 -0.061 0.061 0.3063 0 0
22 298 830 0 0 0 0 0 1.0001 0 0.9867 -0.2053 0.2199 0.2639 1.5499 0.9261 -0.2006 0.3689 0.4574 2.4151 -0.0718 0.0718 0.2875 0 0
22 299 829 0 0 0 0 0 1.0003 0 0.9587 0.0968 0.2874 0.3538 1.6662 0.9374 0.0449 0.3346 0.4224 2.7383 -0.0528 0.0528 0.2924 0 0
22 300 824 0 0 0 0 0 1.0008 0 0.9775 0.0469 0.1763 0.2175 1.726 0.9238 0.0407 0.3504 0.4385 2.4114 -0.0295 0.0295 0.2943 0 0
22 301 827 0 0 0 0 0 1.0008 0 0.9854 0.0883 0.1727 0.2168 1.6321 0.9347 0.0505 0.3415 0.44 2.5255 -0.0304 0.0304 0.2772 0 0
22 302 864 0 0 0 0 0 1.0005 0 0.9631 -0.2147 0.3045 0.3616 1.786 0.9334 -0.1923 0.3642 0.4692 2.7925 0.0957 0.0957 0.2647 0 0
22 303 828 0 0 0 0 0 1.0002 0 0.9767 -0.0383 0.1595 0.2052 1.8945 0.9195 -0.0791 0.3604 0.4458 2.8048 -0.0329 0.0329 0.2918 0 0
22 304 843 0 0 0 0 0 1.0009 0 0.9554 0.0175 0.3052 0.3934 2.0414 0.9389 0.1069 0.3354 0.4128 2.6691 0.0135 0.0135 0.2938 0 0
22 305 975 2 0 0 0 0 1.0002 0 0.9595 -0.228 0.3467 0.4811 2.0175 0.9361 -0.1616 0.3769 0.4741 2.6447 0.0836 0.0836 0.2709 1 0
22 306 823 0 0 0 0 0 1.0002 0 0.9738 0.0452 0.1795 0.219 1.2384 0.9332 0.0296 0.3521 0.4533 2.7979 -0.0078 0.0078 0.2773 0 0
22 307 839 0 0 0 0 0 1.0005 0 0.9741 -0.0495 0.1839 0.2313 1.748 0.9161 -0.0178 0.3821 0.486 2.6571 0.0221 0.0221 0.2736 0 0
22 308 832 0 0 0 0 0 1.0005 0 0.9722 0.2826 0.3253 0.4866 2.1362 0.915 0.18 0.408 0.5012 2.4964 -0.0297 0.0297 0.3298 0 0
22 309 845 0 0 0 0 0 1.0002 0 0.982 -0.0723 0.2019 0.2662 2.4518 0.8983 0.01 0.4177 0.5338 2.4 0.0019 0.0019 0.2961 0 0
22 310 868 0 0 0 0 0 1.0007 0 0.964 0.3334 0.3649 0.5169 2.7251 0.9052 0.2294 0.4344 0.548 2.8877 0.0812 0.0812 0.3069 0 0
22 311 1092 0 0 0 0 0 1.0003 0 0.9546 0.0241 0.2299 0.3088 1.6213 0.9374 -0.0176 0.349 0.4418 2.8154 0.1067 0.1067 0.2448 0 0
22 312 906 0 0 0 0 0 1.0005 0 0.9629 0.1476 0.1961 0.2782 1.4603 0.9274 0.1841 0.3922 0.4818 2.6763 0.043 0.043 0.2897 0 0
22 313 823 0 0 0 0 0 1.0005 0 0.9464 0.1264 0.2821 0.3223 1.4743 0.9004 0.078 0.3812 0.4908 2.387 -0.1039 0.1039 0.3211 0 0
22 314 810 0 0 0 0 0 1.0002 0 0.9729 -0.1313 0.229 0.3371 1.9589 0.9061 -0.1418 0.3694 0.4768 2.3281 -0.138 0.138 0.3257 0 0
22 315 827 0 0 0 0 0 1.0009 0 0.9795 0.0447 0.1857 0.2183 1.6348 0.9078 0.0705 0.3443 0.4441 2.3996 -0.0543 0.0543 0.3216 0 0
22 316 825 0 0 0 0 0 1.0009 0 0.9798 0.0656 0.166 0.2201 1.6338 0.9158 0.0196 0.3161 0.4075 2.5261 -0.0922 0.0922 0.322 0 0
22 317 845 0 0 0 0 0 1.0005 0 0.9667 0.0248 0.1787 0.2229 1.288 0.9193 0.0639 0.3521 0.4371 2.606 -0.0338 0.0338 0.2814 0 0
22 318 973 0 0 0 0 0 1.0008 0 0.9718 0.2233 0.252 0.3104 1.7292 0.935 0.1653 0.3535 0.4474 2.4018 0.0529 0.0529 0.286 0 0
22 319 831 0 0 0 0 0 1.0006 0 0.9628 0.0774 0.2928 0.3352 1.7731 0.9173 0.129 0.3682 0.4778 2.7785 -0.0196 0.0196 0.2872 0 0
22 320 840 2 0 0 0 0 1.0004 0 0.9844 0.4319 0.4319 0.483 2.1393 0.9283 0.3982 0.4836 0.5848 2.712 0.0291 0.0291 0.305 1 0
22 321 819 0 0 0 0 0 1.0002 0 0.9362 0.0625 0.2352 0.2935 1.4816 0.9385 0.1059 0.3268 0.4075 2.5546 -0.1393 0.1393 0.3165 0 0
22 322 845 0 0 0 0 0 1.0004 0 0.9835 0.118 0.1877 0.2361 1.8571 0.9425 0.1379 0.3368 0.424 2.4239 -0.0238 0.0238 0.2983 0 0
22 323 840 0 0 0 0 0 1.0013 0 0.971 -0.1509 0.2626 0.3229 1.9062 0.9299 -0.0923 0.3704 0.4588 2.4435 -0.0308 0.0308 0.3117 0 0
22 324 831 0 0 0 0 0 1.0006 0 0.9855 0.0529 0.261 0.4176 2.7563 0.9242 0.0573 0.3712 0.4589 2.4618 -0.0235 0.0235 0.3103 0 0
22 325 830 0 0 0 0 0 1.0002 0 0.9669 -0.2708 0.3205 0.3729 1.3863 0.9445 -0.2334 0.3734 0.4651 2.5291 -0.0626 0.0626 0.2869 0 0
22 326 821 0 0 0 0 0 1.0003 0 0.9467 -0.0241 0.3559 0.4891 1.9263 0.9338 0.0429 0.3791 0.4783 2.3029 -0.0749 0.0749 0.2903 0 0
22 327 831 0 0 0 0 0 1.0006 0 0.9721 0.3758 0.4416 0.5416 2.0246 0.9223 0.2635 0.4079 0.5256 2.7003 0.0134 0.0134 0.3046 0 0
22 328 833 0 0 0 0 0 1.0002 0 0.9751 0.19 0.2766 0.3521 1.7732 0.935 0.1355 0.3862 0.4875 2.6216 0.051 0.051 0.2781 0 0
22 329 937 3 0 0 0 0 1.0009 0 0.939 -0.2485 0.3199 0.4247 2.367 0.911 -0.2223 0.3797 0.4766 2.8485 0.0636 0.0636 0.3202 1 0
22 330 847 0 0 0 0 0 1.0008 0 0.9608 -0.0445 0.1883 0.2318 1.3342 0.9448 -0.065 0.3254 0.4183 2.7792 -0.0018 0.0018 0.2839 0 0
22 331 1002 0 0 0 0 0 1.0002 0 0.9428 0.0086 0.258 0.3037 1.4462 0.9384 0.0498 0.3166 0.3992 2.6407 0.0642 0.0642 0.27 0 0
22 332 960 0 0 0 0 0 1.0002 0 0.9834 -0.1806 0.2608 0.3104 1.8586 0.9394 -0.1137 0.3519 0.452 2.8606 0.0439 0.0439 0.2754 0 0
22 333 856 0 0 0 0 0 1.0003 0 0.9725 0.0153 0.2612 0.3387 1.6702 0.9434 0.0207 0.3347 0.436 2.4914 0.0623 0.0623 0.26 0 0
22 334 841 0 0 0 0 0 1.0004 0 0.9698 0.0981 0.2358 0.2989 2.2757 0.9094 0.0382 0.3582 0.4532 2.3872 -0.0066 0.0066 0.3019 0 0
22 335 800 0 0 0 0 0 1.0003 0 0.9612 -0.126 0.3475 0.4978 2.8838 0.9186 -0.1514 0.3837 0.4779 2.3258 -0.1876 0.1876 0.3196 0 0
22 336 975 0 0 0 0 0 1.0006 0 0.9674 -0.0839 0.2687 0.3388 1.9735 0.9332 -0.1325 0.3692 0.4616 2.5343 0.0726 0.0726 0.2659 0 0
22 337 825 0 0 0 0 0 1.0003 0 0.9791 0.2139 0.2778 0.4167 2.2601 0.9311 0.1841 0.3764 0.4915 2.2947 -0.0846 0.0846 0.2964 0 0
22 338 837 0 0 0 0 0 1.0002 0 0.9757 -0.3001 0.3119 0.3739 1.7498 0.9345 -0.2592 0.3904 0.4769 2.7632 -0.0422 0.0422 0.2967 0 0
22 339 826 0 0 0 0 0 1.0004 0 0.9801 -8e-04 0.2176 0.2878 1.9306 0.9268 0.0016 0.3424 0.4392 2.3354 -0.0133 0.0133 0.2945 0 0
22 340 896 0 0 0 0 0 1.0003 0 0.9569 0.1813 0.252 0.3061 1.4358 0.9371 0.1407 0.3262 0.4183 2.8969 0.0498 0.0498 0.2844 0 0
22 341 829 0 0 0 0 0 1.0005 0 0.9705 0.0581 0.3234 0.4145 2.1796 0.9236 0.1201 0.3668 0.4654 2.5514 -0.0354 0.0354 0.2903 0 0
22 342 834 0 0 0 0 0 1.0008 0 0.9692 0.2214 0.2638 0.3392 1.6128 0.9297 0.1056 0.3338 0.4345 2.6607 0.0135 0.0135 0.317 0 0
22 343 817 0 0 0 0 0 1.0006 0 0.9697 0.0405 0.2506 0.2966 1.3545 0.9226 -0.0017 0.3484 0.4452 2.434 -0.1255 0.1255 0.3049 0 0
22 344 807 0 0 0 0 0 1.0004 0 0.9704 0.2213 0.358 0.5359 2.7451 0.9131 0.1683 0.3784 0.4608 2.1399 -0.1294 0.1294 0.324 0 0
22 345 847 0 0 0 0 0 1.0013 0 0.9758 -0.3002 0.3157 0.4185 2.4554 0.9331 -0.2603 0.3972 0.499 2.397 0.061 0.061 0.2689 0 0
22 346 968 0 0 0 0 0 1.0006 0 0.9803 -0.0632 0.2462 0.2933 2.515 0.9374 -0.1054 0.3253 0.4198 2.2889 0.0909 0.0909 0.2815 0 0
22 347 838 0 0 0 0 0 1.0004 0 0.966 -0.3562 0.4102 0.4582 2.2719 0.937 -0.3134 0.4218 0.5126 2.5827 -0.0076 0.0076 0.2911 0 0
22 348 874 0 0 0 0 0 1.0009 0 0.9836 -0.0738 0.1917 0.2728 1.9845 0.933 -0.07 0.3593 0.4461 2.5325 0.1208 0.1208 0.2514 0 0
22 349 834 0 0 0 0 0 1.0002 0 0.9381 -0.0107 0.2632 0.3432 1.7897 0.9417 0.0059 0.3206 0.412 2.4734 -0.0354 0.0354 0.2967 0 0
22 350 1060 0 0 0 0 0 1.001 0 0.9782 0.4821 0.4821 0.5687 2.7626 0.9288 0.3439 0.4743 0.5818 2.6261 0.0895 0.0895 0.2874 0 0
22 351 853 0 0 0 0 0 1.0008 0 0.9575 0.1009 0.2436 0.3603 2.3592 0.9328 0.0233 0.3252 0.4046 2.5911 0.0135 0.0135 0.2997 0 0
22 352 927 0 0 0 0 0 1.0004 0 0.9152 -0.1042 0.2338 0.2918 1.3202 0.9388 -0.075 0.3334 0.4132 2.8114 0.0744 0.0744 0.2776 0 0
22 353 860 0 0 0 0 0 1.0008 0 0.9626 0.0181 0.2135 0.3279 1.9749 0.9212 -0.0402 0.3745 0.4775 2.855 0.0741 0.0741 0.2755 0 0
22 354 831 0 0 0 0 0 1.0003 0 0.9683 0.1918 0.2809 0.3335 1.7635 0.9343 0.2244 0.3888 0.4799 2.5927 -0.0373 0.0373 0.2848 0 0
22 355 820 0 0 0 0 0 1.0004 0 0.984 -0.1017 0.2295 0.3476 2.6398 0.9309 -0.1701 0.3446 0.4375 2.2962 -0.0051 0.0051 0.2977 0 0
22 356 823 0 0 0 0 0 1.0004 0 0.9788 -0.0034 0.2017 0.2434 2.2847 0.8958 -0.0389 0.3728 0.4649 2.5393 -0.0889 0.0889 0.3365 0 0
22 357 856 0 0 0 0 0 1.0005 0 0.9459 -0.0121 0.2333 0.3641 1.8019 0.9312 -0.0434 0.3267 0.408 2.4156 0.0582 0.0582 0.278 0 0
22 358 869 0 0 0 0 0 1.0004 0 0.9706 0.2343 0.2715 0.3336 1.4797 0.9232 0.2386 0.4212 0.5412 2.5891 0.1032 0.1032 0.2602 0 0
22 359 838 0 0 0 0 0 1.0013 0 0.9771 -0.0847 0.2312 0.3162 2.0388 0.9024 -0.0298 0.3372 0.4258 2.556 -0.0821 0.0821 0.3377 0 0
22 360 887 0 0 0 0 0 1.0004 0 0.969 -0.255 0.2933 0.341 1.3394 0.9254 -0.2675 0.445 0.549 2.8179 0.08 0.08 0.266 0 0
22 361 893 0 0 0 0 0 1.0004 0 0.975 -0.3377 0.345 0.4519 2.2468 0.9377 -0.3306 0.4363 0.5328 2.522 0.0892 0.0892 0.267 0 0
22 362 811 0 0 0 0 0 1.0007 0 0.9641 -0.2214 0.3698 0.5055 2.4543 0.8921 -0.196 0.4188 0.5261 2.3309 -0.138 0.138 0.3242 0 0
22 363 1109 0 0 0 0 0 1.001 0 0.9784 0.1251 0.2052 0.2564 2.3771 0.9369 0.0805 0.3447 0.4269 2.5409 0.0942 0.0942 0.2677 0 0
22 364 822 0 0 0 0 0 1.0001 0 0.9404 -0.2123 0.5269 0.7651 3.0274 0.9156 -0.3616 0.4445 0.5519 2.0295 -0.0721 0.0721 0.3241 0 0
22 365 855 0 0 0 0 0 1.0011 0 0.9429 -0.3039 0.3471 0.4351 1.4982 0.94 -0.2384 0.3705 0.4645 2.6993 0.062 0.062 0.2798 0 0
22 366 856 0 0 0 0 0 1.0007 0 0.9634 -0.1381 0.315 0.3825 2.3201 0.9377 -0.195 0.393 0.4799 2.5447 0.0237 0.0237 0.2767 0 0
22 367 1116 0 0 0 0 0 1.0007 0 0.9807 0.2966 0.312 0.3485 1.5758 0.9396 0.2413 0.3932 0.4993 3.0252 0.1417 0.1417 0.2595 0 0
22 368 868 0 0 0 0 0 1.0008 0 0.9649 0.0211 0.2153 0.2949 1.6361 0.9488 -0.0051 0.3021 0.3769 2.5688 0.0786 0.0786 0.2647 0 0
22 369 832 0 0 0 0 0 1.0013 0 0.9742 -0.1484 0.2561 0.3583 2.5949 0.9183 -0.1227 0.3684 0.4563 2.4421 -0.0401 0.0401 0.3127 0 0
22 370 861 0 0 0 0 0 1.0005 0 0.9816 0.1154 0.2382 0.2735 1.9748 0.9339 0.0918 0.3685 0.4529 2.4831 0.0598 0.0598 0.2724 0 0
22 371 845 0 0 0 0 0 1.0005 0 0.9554 0.1921 0.2989 0.423 1.9339 0.9133 0.0909 0.3737 0.4567 2.4594 0.0049 0.0049 0.2938 0 0
22 372 1079 0 0 0 0 0 1.0009 0 0.9771 -0.366 0.3662 0.4299 1.5664 0.9327 -0.3715 0.4763 0.5864 2.7769 0.1333 0.1333 0.2621 0 0
22 373 858 0 0 0 0 0 1.0003 0 0.9544 -0.1502 0.2583 0.3035 1.3141 0.9345 -0.1441 0.3333 0.4266 2.4558 0.0214 0.0214 0.2981 0 0
22 374 847 0 0 0 0 0 1.0006 0 0.9788 0.1354 0.2066 0.2896 2.1138 0.9271 0.1683 0.3591 0.4614 2.2675 0.0213 0.0213 0.2858 0 0
22 375 828 0 0 0 0 0 1.0006 0 0.9466 0.0873 0.3048 0.3878 2.0899 0.9273 0.0587 0.3382 0.4196 2.3445 -0.05 0.05 0.3045 0 0
22 376 809 0 0 0 0 0 1.0017 0 0.965 -0.0363 0.2181 0.2821 1.8001 0.9399 -0.0573 0.2896 0.373 2.4101 -0.1078 0.1078 0.3044 0 0
22 377 874 0 0 0 0 0 1.0005 0 0.9465 -0.0733 0.2229 0.3348 1.7688 0.939 -0.011 0.3036 0.3921 2.8453 0.0772 0.0772 0.269 0 0
22 378 820 0 0 0 0 0 1.0005 0 0.9889 0.1199 0.1942 0.246 1.9495 0.9313 0.1604 0.3542 0.4435 2.4077 -0.0217 0.0217 0.2886 0 0
22 379 1641 4 0 0 0 0 1.0003 0 0.9466 0.4228 0.4811 0.5597 2.3171 0.9289 0.4003 0.5167 0.6133 3.2689 0.2092 0.2092 0.2631 1 0
22 380 868 1 0 0 0 0 1.0026 0 0.9733 -0.3058 0.3349 0.409 1.964 0.9226 -0.2325 0.428 0.5256 2.6672 0.052 0.052 0.3115 1 0
22 381 992 0 0 0 0 0 1.0012 0 0.9752 0.2834 0.35 0.4484 1.9443 0.9227 0.2291 0.4589 0.5503 2.8419 0.0971 0.0971 0.2894 0 0
22 382 852 0 0 0 0 0 1.0012 0 0.9788 0.119 0.1869 0.2296 1.6453 0.9427 0.0929 0.3046 0.3898 2.6368 0.0501 0.0501 0.2847 0 0
22 383 805 0 0 0 0 0 1.0002 0 0.9306 -0.1072 0.2848 0.3864 1.6239 0.9191 -0.1126 0.3525 0.4359 2.322 -0.1749 0.1749 0.3173 0 0
22 384 879 4 0 0 0 0 1.0002 0 0.9636 -0.3976 0.4205 0.5225 2.5 0.9154 -0.3337 0.4462 0.5638 2.7958 0.0909 0.0909 0.3222 1 0
22 385 836 0 0 0 0 0 1.0003 0 0.9816 0.1285 0.2263 0.2767 2.0966 0.9292 0.1167 0.3296 0.4086 2.4487 -0.0038 0.0038 0.2934 0 0
22 386 836 0 0 0 0 0 1.0005 0 0.93 0.1507 0.3807 0.7649 2.9475 0.9182 -0.0231 0.3714 0.4747 2.3593 0.0133 0.0133 0.2851 0 0
22 387 853 0 0 0 0 0 1.001 0 0.9703 -0.2149 0.3055 0.3613 1.8131 0.9239 -0.1644 0.3532 0.4611 2.4582 0.083 0.083 0.2678 0 0
22 388 834 0 0 0 0 0 1.0002 0 0.95 0.0462 0.2689 0.3188 1.6499 0.9127 0.1199 0.3772 0.4766 2.3378 -0.0748 0.0748 0.3081 0 0
22 389 827 0 0 0 0 0 1.0002 0 0.9888 0.2293 0.2375 0.2922 2.0117 0.9259 0.1628 0.3599 0.4483 2.5034 -0.0557 0.0557 0.3104 0 0
22 390 831 0 0 0 0 0 1.0001 0 0.9484 0.216 0.3044 0.4933 2.255 0.9235 0.1106 0.3779 0.48 2.4346 -0.0228 0.0228 0.2971 0 0
22 391 846 0 0 0 0 0 1.0004 0 0.9706 0.0573 0.1905 0.2463 1.4817 0.9288 0.0998 0.3543 0.4435 2.446 0.0246 0.0246 0.2703 0 0
22 392 838 0 0 0 0 0 1.0007 0 0.9634 -0.0607 0.2604 0.3428 1.9342 0.9336 -0.0354 0.3626 0.4505 2.7439 -0.0034 0.0034 0.2957 0 0
22 393 833 0 0 0 0 0 1.0003 0 0.9721 -0.1771 0.2117 0.3033 1.7236 0.9092 -0.0801 0.3729 0.4728 2.6252 -0.1444 0.1444 0.3287 0 0
22 394 827 0 0 0 0 0 1.0003 0 0.9583 0.0305 0.2555 0.3631 2.5186 0.918 -0.0086 0.3366 0.4301 2.2644 -0.0983 0.0983 0.3114 0 0
22 395 1011 2 0 0 0 0 1.0005 0 0.9533 0.22 0.3578 0.4854 2.2579 0.9153 0.0561 0.3854 0.4847 2.8572 0.0568 0.0568 0.3305 1 0
22 396 835 0 0 0 0 0 1.0004 0 0.9612 0.084 0.311 0.4823 2.5473 0.921 -0.0504 0.3645 0.4478 2.5656 0.0101 0.0101 0.3013 0 0
22 397 827 0 0 0 0 0 1.0006 0 0.9698 -0.0633 0.2305 0.2981 2.0012 0.9163 -0.1264 0.3747 0.467 2.3137 -0.0457 0.0457 0.3003 0 0
22 398 848 0 0 0 0 0 1.0003 0 0.9765 -0.3497 0.3611 0.4106 1.4527 0.9296 -0.2829 0.4054 0.5087 2.6937 3e-04 3e-04 0.2812 0 0
22 399 849 0 0 0 0 0 1.0006 0 0.9813 0.0577 0.188 0.2472 1.7265 0.9248 0.0927 0.3679 0.4732 2.5002 0.0279 0.0279 0.2696 0 0
22 400 818 0 0 0 0 0 1.0002 0 0.9701 -0.0275 0.1894 0.2402 1.6858 0.9197 -0.0118 0.3425 0.4386 2.4803 -0.0534 0.0534 0.2884 0 0
22 401 828 0 0 0 0 0 1.0004 0 0.9615 0.106 0.2572 0.367 2.283 0.931 0.032 0.3044 0.3845 2.4067 -0.0256 0.0256 0.2941 0 0
22 402 828 0 0 0 0 0 1.0005 0 0.98 0.1052 0.1993 0.2355 1.5843 0.926 0.143 0.3619 0.4448 2.6814 -0.0332 0.0332 0.3036 0 0
22 403 841 0 0 0 0 0 1.0001 0 0.9439 0.0584 0.2816 0.3396 1.4676 0.9344 0.1192 0.3401 0.4372 2.7033 0.0047 0.0047 0.2849 0 0
22 404 824 0 0 0 0 0 1.0011 0 0.9805 -0.0985 0.2203 0.288 1.6331 0.9272 -0.0956 0.3336 0.4317 2.463 -0.0751 0.0751 0.299 0 0
22 405 836 0 0 0 0 0 1.0006 0 0.9849 0.0609 0.1816 0.2477 2.2098 0.9316 0.093 0.3823 0.4848 2.8082 0.0539 0.0539 0.2671 0 0
22 406 857 0 0 0 0 0 1.001 0 0.9789 0.0543 0.1464 0.1865 1.366 0.9245 0.1062 0.3295 0.4199 2.5137 -0.037 0.037 0.2962 0 0
22 407 834 0 0 0 0 0 1.0003 0 0.969 -0.1452 0.2677 0.3609 2.319 0.9355 -0.1025 0.3326 0.4293 2.7647 -0.015 0.015 0.3081 0 0
22 408 1021 0 0 0 0 0 1.0005 0 0.9572 0.1682 0.2761 0.3443 1.7299 0.9267 0.1272 0.3507 0.4375 2.4848 0.0615 0.0615 0.2839 0 0
22 409 819 0 0 0 0 0 1.0004 0 0.9856 -0.0456 0.1396 0.199 1.6269 0.9311 -0.0297 0.3142 0.3894 2.4816 -0.1007 0.1007 0.3052 0 0
22 410 829 0 0 0 0 0 1.0004 0 0.9869 0.1713 0.2051 0.2399 1.9343 0.9208 0.1358 0.3284 0.4095 2.4602 -0.0524 0.0524 0.3075 0 0
22 411 1072 0 0 0 0 0 1.0004 0 0.9804 0.0603 0.1682 0.266 2.3099 0.9327 -0.0181 0.34 0.4231 2.6436 0.0843 0.0843 0.2895 0 0
22 412 834 0 0 0 0 0 1.0008 0 0.9564 -0.2325 0.3323 0.4656 2.5818 0.9217 -0.1244 0.3424 0.4557 2.442 -0.0034 0.0034 0.2988 0 0
22 413 820 0 0 0 0 0 1.0002 0 0.9622 -0.026 0.211 0.2766 1.8351 0.9328 -0.047 0.3105 0.3977 2.3347 -0.092 0.092 0.2868 0 0
22 414 1031 0 0 0 0 0 1.0003 0 0.9244 0.209 0.3527 0.5208 2.0239 0.9186 0.1398 0.3848 0.479 2.9421 0.0603 0.0603 0.2956 0 0
22 415 852 0 0 0 0 0 1.0005 0 0.9777 0.0265 0.1677 0.21 1.59 0.9365 0.0384 0.3762 0.4699 2.6266 0.0737 0.0737 0.2645 0 0
22 416 866 0 0 0 0 0 1.0017 0 0.9781 0.0102 0.2262 0.2752 2.0361 0.9351 -0.0727 0.3637 0.4434 2.7558 0.0359 0.0359 0.2823 0 0
22 417 847 0 0 0 0 0 1.0005 0 0.9815 0.0925 0.1917 0.2464 2.211 0.9307 0.0936 0.3575 0.4374 2.6947 0.0432 0.0432 0.2687 0 0
22 418 841 0 0 0 0 0 1.0013 0 0.9795 -0.0428 0.2173 0.2704 1.5781 0.9252 -8e-04 0.3473 0.4574 2.7143 0.0115 0.0115 0.2917 0 0
22 419 917 0 0 0 0 0 1.0012 0 0.9723 -0.1503 0.2493 0.2832 1.593 0.9421 -0.1451 0.3612 0.4681 2.8125 0.1043 0.1043 0.2449 0 0
22 420 820 0 0 0 0 0 1.0005 0 0.958 0.2504 0.3423 0.397 1.7816 0.9247 0.3228 0.454 0.5597 2.4004 -0.0843 0.0843 0.2947 0 0
22 421 837 0 0 0 0 0 1.0007 0 0.9672 -0.3369 0.3619 0.4455 2.4037 0.9402 -0.2964 0.4107 0.5028 2.6794 9e-04 9e-04 0.2925 0 0
22 422 841 0 0 0 0 0 1.0006 0 0.9801 0.1928 0.245 0.3064 2.411 0.9277 0.1181 0.35 0.443 2.6157 0.0014 0.0014 0.2782 0 0
22 423 836 0 0 0 0 0 1.0012 0 0.8927 -0.3734 0.4441 0.5952 2.3777 0.9075 -0.2966 0.4355 0.5498 2.6036 -0.0581 0.0581 0.3278 0 0
22 424 924 0 0 0 0 0 1.0004 0 0.9827 0.4195 0.4315 0.5017 1.819 0.9426 0.407 0.489 0.5856 2.9006 0.0651 0.0651 0.2651 0 0
22 425 839 0 0 0 0 0 1.0014 0 0.9717 0.2261 0.2888 0.4165 2.3516 0.9216 0.0591 0.3418 0.4277 2.7773 0.0121 0.0121 0.3238 0 0
22 426 825 0 0 0 0 0 1.0003 0 0.9677 -0.1152 0.2498 0.3119 1.7686 0.9194 -0.1014 0.3291 0.4348 2.3426 -0.1053 0.1053 0.3222 0 0
22 427 833 0 0 0 0 0 1.0006 0 0.9766 -0.4281 0.4321 0.5255 1.8187 0.9281 -0.4171 0.4998 0.6101 2.6335 -0.0055 0.0055 0.2894 0 0
22 428 854 0 0 0 0 0 1.0018 0 0.9684 0.0446 0.1795 0.2072 1.4323 0.9375 0.0282 0.2846 0.3623 2.3927 0.0022 0.0022 0.2942 0 0
22 429 819 0 0 0 0 0 1.0003 0 0.9893 0.0866 0.136 0.1959 1.918 0.9206 0.143 0.382 0.4862 2.6677 -0.0514 0.0514 0.3055 0 0
22 430 837 0 0 0 0 0 1.0003 0 0.9845 0.1216 0.1896 0.2736 2.0454 0.9265 0.0758 0.3243 0.4093 2.2742 -0.0779 0.0779 0.3328 0 0
22 431 838 0 0 0 0 0 1.0011 0 0.951 0.2402 0.3098 0.3906 1.9435 0.9199 0.2335 0.4159 0.5173 2.688 0.0173 0.0173 0.3039 0 0
22 432 881 0 0 0 0 0 1.0004 0 0.9835 -0.1708 0.2816 0.3208 1.6172 0.9381 -0.1372 0.3578 0.4374 2.7303 0.0714 0.0714 0.2663 0 0
22 433 848 0 0 0 0 0 1.0005 0 0.9816 -0.0754 0.1841 0.2226 1.3017 0.9429 -0.0503 0.3481 0.4396 2.6286 -0.0254 0.0254 0.2816 0 0
22 434 826 0 0 0 0 0 1.0004 0 0.9732 -0.2245 0.3029 0.3835 1.7627 0.9293 -0.2501 0.3954 0.4885 2.4034 -0.0441 0.0441 0.3022 0 0
22 435 883 0 0 0 0 0 1.0005 0 0.9579 0.058 0.2162 0.293 1.935 0.9196 0.0409 0.3726 0.4558 2.3938 0.0422 0.0422 0.2839 0 0
22 436 851 0 0 0 0 0 1.0004 0 0.9712 -0.1641 0.352 0.4465 2.1358 0.9285 -0.2191 0.3851 0.4906 2.2147 0.0293 0.0293 0.2788 0 0
22 437 859 0 0 0 0 0 1.0003 0 0.9656 0.2792 0.3089 0.4419 2.4911 0.9257 0.2115 0.4244 0.519 2.7596 0.0782 0.0782 0.2818 0 0
22 438 833 0 0 0 0 0 1.0013 0 0.9773 0.1708 0.2441 0.2992 1.8203 0.9285 0.1399 0.345 0.4392 2.4307 -0.0158 0.0158 0.2942 0 0
22 439 826 0 0 0 0 0 1.0003 0 0.9734 -0.1221 0.2052 0.2738 1.6697 0.9182 -0.0535 0.3274 0.417 2.4035 -0.0982 0.0982 0.309 0 0
22 440 817 0 0 0 0 0 1.0009 0 0.9407 -0.1994 0.3305 0.5062 2.6494 0.9002 -0.0392 0.3562 0.4353 2.7171 -0.1313 0.1313 0.3421 0 0
22 441 836 0 0 0 0 0 1.0006 0 0.9806 0.1057 0.1823 0.2142 1.4068 0.9361 0.0847 0.3055 0.3933 2.4004 -0.0451 0.0451 0.2968 0 0
22 442 822 0 0 0 0 0 1.0005 0 0.9606 -0.2063 0.2713 0.3867 2.1468 0.9241 -0.1926 0.3678 0.4544 2.6062 -0.0417 0.0417 0.3171 0 0
22 443 814 0 0 0 0 0 1.0002 0 0.9438 0.0636 0.2454 0.3179 1.5714 0.9123 0.0701 0.341 0.451 2.34 -0.1709 0.1709 0.3432 0 0
22 444 824 0 0 0 0 0 1.0002 0 0.9393 0.0914 0.3017 0.4128 1.5699 0.9357 0.0371 0.3407 0.4279 2.5559 -0.1214 0.1214 0.3126 0 0
22 445 835 0 0 0 0 0 1.0003 0 0.9709 -0.0575 0.209 0.2563 1.5538 0.9356 -0.033 0.3402 0.4409 2.7485 0.0306 0.0306 0.2824 0 0
22 446 846 0 0 0 0 0 1.0004 0 0.9692 -0.204 0.268 0.3379 1.6373 0.9274 -0.147 0.3584 0.4426 2.6308 0.0115 0.0115 0.284 0 0
22 447 1414 27 0 0 0 0 1.0009 0 0.9732 0.4151 0.4532 0.569 2.5838 0.9211 0.3103 0.4626 0.576 2.9169 0.1556 0.1556 0.2952 1 0
22 448 826 0 0 0 0 0 1.0002 0 0.9778 -0.0103 0.2526 0.3605 2.1664 0.9161 0.0226 0.3804 0.4735 2.4627 -0.0321 0.0321 0.3162 0 0
22 449 828 0 0 0 0 0 1.0004 0 0.9797 0.0332 0.2281 0.2664 1.8617 0.9264 -0.0244 0.3183 0.4127 2.3324 -0.0849 0.0849 0.3105 0 0
22 450 830 0 0 0 0 0 1.0002 0 0.9717 -0.1178 0.2071 0.2646 1.9266 0.9199 -0.1377 0.3534 0.446 2.4808 -0.0328 0.0328 0.3011 0 0
22 451 783 0 0 0 0 0 1.0007 0 0.9785 -0.0696 0.1962 0.2606 1.8816 0.9148 -0.0404 0.3481 0.4429 2.3512 -0.0946 0.0946 0.2959 0 0
22 452 819 0 0 0 0 0 1.0009 0 0.9566 0.2421 0.3027 0.4136 1.9454 0.9118 0.1829 0.3714 0.4775 2.5762 -0.0711 0.0711 0.3038 0 0
22 453 824 0 0 0 0 0 1.0004 0 0.9435 -0.0274 0.2489 0.355 2.1858 0.9428 -0.0187 0.2904 0.3664 2.5498 -0.0461 0.0461 0.3121 0 0
22 454 857 0 0 0 0 0 1.0005 0 0.9726 -0.3142 0.3707 0.4299 1.5657 0.9384 -0.3616 0.452 0.5511 2.4772 0.0115 0.0115 0.2703 0 0
22 455 824 0 0 0 0 0 1.0002 0 0.9655 -0.0444 0.2843 0.3409 1.6673 0.9198 -0.0161 0.375 0.4803 2.3831 -0.0081 0.0081 0.2865 0 0
22 456 834 0 0 0 0 0 1.0003 0 0.961 0.1758 0.4184 0.5745 2.4993 0.9154 0.1886 0.3878 0.4786 2.5102 -0.0089 0.0089 0.3081 0 0
22 457 1001 0 0 0 0 0 1.0003 0 0.9531 0.1752 0.2894 0.3745 1.865 0.916 0.1645 0.3734 0.4624 2.3076 0.1024 0.1024 0.2729 0 0
22 458 853 0 0 0 0 0 1.0005 0 0.9451 -0.0579 0.238 0.2981 1.549 0.9432 -0.0069 0.3411 0.4488 2.6411 0.0273 0.0273 0.2745 0 0
22 459 839 0 0 0 0 0 1.0005 0 0.9688 -0.2166 0.2431 0.2952 1.4326 0.9255 -0.2227 0.3758 0.4712 2.9244 0.0198 0.0198 0.2997 0 0
22 460 835 0 0 0 0 0 1.0014 0 0.9673 -0.282 0.3186 0.4118 1.7303 0.9377 -0.1901 0.3504 0.4422 2.4941 0.0052 0.0052 0.2944 0 0
22 461 820 0 0 0 0 0 1.0003 0 0.9793 -0.011 0.209 0.2629 2.0282 0.9048 -0.0441 0.3535 0.4366 2.3666 -0.0962 0.0962 0.3091 0 0
22 462 841 0 0 0 0 0 1.0004 0 0.98 0.0335 0.2064 0.2749 1.6101 0.9295 0.0631 0.3546 0.452 2.5875 -0.0081 0.0081 0.2979 0 0
22 463 806 0 0 0 0 0 1.0003 0 0.9434 0.2062 0.331 0.4248 1.7438 0.9237 0.2435 0.3775 0.4606 2.5309 -0.113 0.113 0.3121 0 0
22 464 846 0 0 0 0 0 1.0004 0 0.9378 0.0024 0.2875 0.3643 1.6869 0.9275 0.0109 0.3654 0.4474 2.645 0.0031 0.0031 0.286 0 0
22 465 766 0 0 0 0 0 1.0008 0 0.9803 0.0769 0.2262 0.3118 2.5446 0.9227 0.0731 0.3762 0.464 2.3167 -0.1281 0.1281 0.3122 0 0
22 466 841 0 0 0 0 0 1.0002 0 0.974 -0.168 0.2554 0.3172 1.8751 0.9312 -0.1191 0.3654 0.4709 2.9486 -0.0018 0.0018 0.2953 0 0
22 467 859 0 0 0 0 0 1.0004 0 0.9586 -0.0973 0.2314 0.2711 1.4737 0.9198 -0.0805 0.341 0.4338 2.3777 0.0457 0.0457 0.2849 0 0
22 468 834 0 0 0 0 0 1.0002 0 0.978 0.2864 0.3338 0.4168 2.074 0.9306 0.2747 0.4082 0.5103 2.6229 -0.0039 0.0039 0.2894 0 0
22 469 818 0 0 0 0 0 1.0003 0 0.9688 -0.1221 0.2365 0.2933 1.5258 0.9251 -0.1631 0.3632 0.4568 2.4359 -0.0859 0.0859 0.3174 0 0
22 470 835 0 0 0 0 0 1.0006 0 0.9734 -0.148 0.2257 0.2807 1.6638 0.9138 -0.1435 0.3662 0.4626 2.4977 -0.0534 0.0534 0.3074 0 0
22 471 1094 0 0 0 0 0 1.0002 0 0.9604 0.1929 0.2759 0.3397 1.7642 0.934 0.1526 0.3678 0.4576 2.783 0.0944 0.0944 0.2797 0 0
22 472 862 0 0 0 0 0 1.0013 0 0.95 -0.2798 0.3179 0.4844 2.6132 0.933 -0.1926 0.3578 0.4393 2.4258 0.0333 0.0333 0.3065 0 0
22 473 838 0 0 0 0 0 1.0003 0 0.9634 0.13 0.311 0.4546 2.2348 0.914 0.0713 0.3666 0.4546 2.2431 -0.0097 0.0097 0.2953 0 0
22 474 822 0 0 0 0 0 1.0003 0 0.9789 -0.0682 0.1966 0.2601 2.5233 0.9274 -0.0944 0.3368 0.4125 2.4696 0.014 0.014 0.2887 0 0
22 475 837 0 0 0 0 0 1.0003 0 0.9442 0.1416 0.3211 0.4301 1.6373 0.9227 0.1737 0.3584 0.4696 2.4127 0.0383 0.0383 0.2826 0 0
22 476 837 0 0 0 0 0 1.0006 0 0.9891 -0.1512 0.2504 0.2888 2.1192 0.9311 -0.1545 0.3506 0.4398 2.3612 0.0306 0.0306 0.2893 0 0
22 477 890 0 0 0 0 0 1.0004 0 0.9733 0.352 0.3722 0.4387 1.8088 0.9367 0.345 0.4608 0.5426 2.4899 0.0529 0.0529 0.2702 0 0
22 478 836 0 0 0 0 0 1.0003 0 0.9768 0.1359 0.223 0.2601 1.731 0.9313 0.0933 0.3344 0.4188 2.7056 0.027 0.027 0.2896 0 0
22 479 823 0 0 0 0 0 1.0003 0 0.9576 0.117 0.2508 0.3666 2.0645 0.8996 0.0693 0.3538 0.4464 2.5198 -0.1547 0.1547 0.3292 0 0
22 480 1096 0 0 0 0 0 1.0014 0 0.9729 -0.4828 0.4966 0.6043 2.4758 0.9256 -0.4102 0.5107 0.6198 2.9271 0.0994 0.0994 0.2768 0 0
22 481 828 0 0 0 0 0 1.0006 0 0.9602 -0.1408 0.2425 0.4395 2.798 0.9307 -0.1213 0.3356 0.4156 2.8467 -0.0103 0.0103 0.3046 0 0
22 482 820 0 0 0 0 0 1.0005 0 0.953 -0.0792 0.2624 0.3177 1.8753 0.9279 -0.009 0.338 0.4381 2.6468 -0.1536 0.1536 0.308 0 0
22 483 834 0 0 0 0 0 1.0005 0 0.9681 0.234 0.3086 0.3912 1.8405 0.9107 0.1803 0.3821 0.4822 2.7341 0.0092 0.0092 0.3045 0 0
22 484 835 0 0 0 0 0 1.0003 0 0.9673 0.0707 0.241 0.321 1.9778 0.9268 0.0959 0.3426 0.4252 2.5955 -0.0243 0.0243 0.3078 0 0
22 485 851 0 0 0 0 0 1.0011 0 0.9735 0.2604 0.3239 0.4429 2.5793 0.9373 0.166 0.3748 0.4598 2.5907 0.0461 0.0461 0.2799 0 0
22 486 831 0 0 0 0 0 1.0006 0 0.9782 0.0967 0.2135 0.2833 1.6907 0.9299 0.102 0.3552 0.4403 2.6497 -0.0185 0.0185 0.3116 0 0
22 487 833 0 0 0 0 0 1.0012 0 0.9871 -0.1328 0.2353 0.2958 1.897 0.9433 -0.1778 0.3718 0.4649 2.7001 0.0469 0.0469 0.2626 0 0
22 488 938 0 0 0 0 0 1.0007 0 0.9723 0.0316 0.2181 0.2693 1.8645 0.9227 0.0354 0.3479 0.4346 2.5353 0.0781 0.0781 0.2725 0 0
22 489 838 0 0 0 0 0 1.0002 0 0.9671 0.2763 0.3093 0.3572 1.5042 0.9256 0.2989 0.4262 0.5164 2.5639 0.0239 0.0239 0.2879 0 0
22 490 833 0 0 0 0 0 1.0004 0 0.9752 0.1155 0.2487 0.3541 1.975 0.9247 0.195 0.3671 0.4683 2.3805 -0.0057 0.0057 0.2985 0 0
22 491 827 0 0 0 0 0 1.0004 0 0.9413 -0.0763 0.2552 0.297 1.5185 0.9373 -0.1129 0.3187 0.4058 2.7333 -0.0659 0.0659 0.2976 0 0
22 492 844 0 0 0 0 0 1.0002 0 0.9459 0.3092 0.3755 0.4868 2.2578 0.9203 0.1778 0.378 0.4643 2.7206 -0.0015 0.0015 0.3108 0 0
22 493 817 0 0 0 0 0 1.0008 0 0.9736 -0.0014 0.163 0.2291 1.6565 0.9171 0.0087 0.3309 0.414 2.5471 -0.0799 0.0799 0.3109 0 0
22 494 836 0 0 0 0 0 1.0001 0 0.9752 -0.0527 0.1739 0.2265 1.3513 0.9211 0.0035 0.3314 0.4254 2.4409 -0.1288 0.1288 0.2958 0 0
22 495 873 0 0 0 0 0 1.0006 0 0.9725 0.2871 0.314 0.3757 2.2695 0.9345 0.2805 0.4205 0.5139 2.7923 0.0746 0.0746 0.2814 0 0
22 496 830 0 0 0 0 0 1.0002 0 0.9384 -0.3257 0.3774 0.6001 2.6923 0.9254 -0.19 0.3925 0.4845 2.7758 -0.0636 0.0636 0.3282 0 0
22 497 2698 251 0 0 0 0 1.0007 0 0.9438 -0.9955 0.9955 1.0414 2.8055 0.9061 -0.9961 1.0075 1.1248 3.2925 0.3071 0.3071 0.2409 1 0
22 498 838 0 0 0 0 0 1.0005 0 0.976 0.285 0.3404 0.4009 2.0878 0.9157 0.2567 0.4064 0.5009 2.2441 -0.045 0.045 0.3006 0 0
22 499 832 0 0 0 0 0 1.0002 0 0.9871 0.0383 0.1388 0.1766 1.6377 0.9264 0.0491 0.2941 0.373 2.3001 -0.0081 0.0081 0.3053 0 0
22 500 847 0 0 0 0 0 1.0002 0 0.9644 -0.0824 0.3709 0.5423 2.6531 0.9149 -0.0273 0.3717 0.4633 2.3992 0.0134 0.0134 0.296 0 0
