cond r run.time ndiv nbfmi ntree nbulk ntail maxRhat nRhat beta.cor beta.bias beta.abbias beta.rmse beta.CI theta.cor theta.bias theta.abbias theta.rmse theta.CI lambda.bias lambda.abbias lambda.CI corrupt efficiency
23 1 1472 0 0 0 0 0 1.0001 0 0.9883 0.0722 0.1735 0.2249 1.2576 0.9351 0.0285 0.3359 0.4262 2.4607 -0.0574 0.0574 0.2248 0 0
23 2 1535 0 0 0 0 0 1.0004 0 0.9775 -0.2735 0.2989 0.3882 1.6067 0.93 -0.194 0.3866 0.4763 2.731 0.0247 0.0247 0.2108 0 0
23 3 1913 0 0 0 0 0 1.0004 0 0.9812 0.1215 0.2033 0.2536 1.6042 0.9427 0.0549 0.3347 0.4307 2.7072 0.0616 0.0616 0.1975 0 0
23 4 1495 0 0 0 0 0 1.0005 0 0.9899 0.1276 0.2008 0.2973 1.3933 0.9282 0.1066 0.3792 0.474 2.5151 -0.0091 0.0091 0.2041 0 0
23 5 1477 0 0 0 0 0 1.0003 0 0.9798 -0.1565 0.2178 0.2627 1.3302 0.9163 -0.1391 0.3689 0.4598 2.49 -0.0298 0.0298 0.225 0 0
23 6 1494 0 0 0 0 0 1.0002 0 0.9818 0.2265 0.2543 0.3226 1.7672 0.9342 0.2063 0.3667 0.4619 2.6442 -0.0259 0.0259 0.2151 0 0
23 7 1477 0 0 0 0 0 1.0005 0 0.9733 -0.0416 0.1756 0.2626 1.76 0.9084 -0.0622 0.3608 0.4505 2.7345 -0.0182 0.0182 0.2231 0 0
23 8 1500 0 0 0 0 0 1.0004 0 0.9827 0.3169 0.3284 0.3719 1.5094 0.9102 0.3038 0.4338 0.5343 2.6996 -0.0164 0.0164 0.2243 0 0
23 9 1502 0 0 0 0 0 1.0004 0 0.9829 -0.1406 0.2062 0.2773 1.2994 0.9182 -0.1176 0.3883 0.49 2.6789 0.0308 0.0308 0.2091 0 0
23 10 1452 0 0 0 0 0 1.0006 0 0.9737 -0.1153 0.1896 0.2466 1.3896 0.9292 -0.0599 0.3212 0.4055 2.6311 -0.1174 0.1174 0.2348 0 0
23 11 1464 0 0 0 0 0 1.0007 0 0.9615 0.1061 0.1858 0.3383 1.6724 0.9191 0.0509 0.3399 0.4357 2.5214 -0.0666 0.0666 0.2245 0 0
23 12 1468 0 0 0 0 0 1.0001 0 0.9752 -0.1232 0.2167 0.2661 1.7023 0.9003 -0.1087 0.3634 0.4533 2.6795 -0.0874 0.0874 0.2511 0 0
23 13 1473 0 0 0 0 0 1.0003 0 0.9823 0.0701 0.1927 0.2236 1.5692 0.9288 0.1186 0.3591 0.4566 2.8575 -0.0182 0.0182 0.2257 0 0
23 14 2024 0 0 0 0 0 1.0009 0 0.9844 -0.0229 0.1595 0.2064 2.2414 0.9205 -0.0466 0.3693 0.4758 2.8049 0.07 0.07 0.214 0 0
23 15 1477 0 0 0 0 0 1.0006 0 0.9753 0.0434 0.1632 0.1974 1.0173 0.926 0.0277 0.3331 0.4179 2.5947 -0.0494 0.0494 0.2276 0 0
23 16 1507 0 0 0 0 0 1.0003 0 0.9852 -0.0268 0.172 0.2131 1.4626 0.9351 -0.0593 0.3342 0.4145 2.4596 0.0038 0.0038 0.2078 0 0
23 17 1880 0 0 0 0 0 1.0003 0 0.9884 -0.1195 0.1673 0.2311 1.7838 0.9308 -0.0877 0.3293 0.4213 2.5963 0.0432 0.0432 0.2119 0 0
23 18 1496 0 0 0 0 0 1.0003 0 0.9755 0.1647 0.222 0.2677 1.1113 0.9339 0.1414 0.3401 0.4264 2.62 -0.0123 0.0123 0.2147 0 0
23 19 1718 0 0 0 0 0 1.0006 0 0.9706 0.2647 0.2817 0.336 1.2616 0.9243 0.2135 0.3954 0.4981 2.7736 0.0011 0.0011 0.219 0 0
23 20 1492 0 0 0 0 0 1.0019 0 0.9636 -0.2579 0.3095 0.41 2.0365 0.8938 -0.1366 0.4094 0.5159 2.9966 0.0131 0.0131 0.2648 0 0
23 21 1580 0 0 0 0 0 1.0003 0 0.975 0.298 0.3395 0.4074 1.625 0.9306 0.3016 0.4418 0.5294 2.5362 0.0249 0.0249 0.2212 0 0
23 22 1469 0 0 0 0 0 1.0003 0 0.9865 0.1193 0.1785 0.215 1.5866 0.9182 0.1093 0.359 0.463 2.5898 -0.0049 0.0049 0.2164 0 0
23 23 1446 0 0 0 0 0 1.0002 0 0.9881 -0.0084 0.2564 0.3254 1.9324 0.9165 0.0194 0.3588 0.4543 2.448 -0.1482 0.1482 0.2481 0 0
23 24 2786 0 0 0 0 0 1.0005 0 0.9819 0.2628 0.2648 0.3245 1.7464 0.9194 0.2388 0.4127 0.5154 3.0788 0.1246 0.1246 0.216 0 0
23 25 1649 0 0 0 0 0 1.0009 0 0.983 -0.0174 0.1528 0.1969 1.5399 0.9222 0.0058 0.3498 0.439 2.8193 0.0484 0.0484 0.22 0 0
23 26 1489 0 0 0 0 0 1.0002 0 0.9938 -0.1794 0.2241 0.2842 1.8635 0.9142 -0.1309 0.393 0.4879 2.4901 -0.0286 0.0286 0.2265 0 0
23 27 1462 0 0 0 0 0 1.0003 0 0.9689 -0.0781 0.2051 0.2734 1.1023 0.9374 -0.0764 0.3235 0.4143 2.4883 -0.0284 0.0284 0.2236 0 0
23 28 1485 0 0 0 0 0 1.0006 0 0.9753 -0.1869 0.2116 0.2657 1.0512 0.9255 -0.1577 0.3714 0.4771 2.7522 -0.0218 0.0218 0.2168 0 0
23 29 1476 0 0 0 0 0 1.0003 0 0.99 -0.1374 0.1854 0.2116 1.7193 0.9362 -0.1268 0.3564 0.4449 2.5789 -0.0236 0.0236 0.2173 0 0
23 30 1554 0 0 0 0 0 1.001 0 0.9907 0.0299 0.1455 0.1783 1.3469 0.9218 -0.0163 0.3572 0.4642 2.6347 0.0483 0.0483 0.2093 0 0
23 31 1464 0 0 0 0 0 1.0002 0 0.9806 -0.1916 0.2642 0.3212 1.6975 0.9111 -0.1483 0.3612 0.458 2.3945 -0.0171 0.0171 0.2263 0 0
23 32 1512 0 0 0 0 0 1.0002 0 0.986 -0.0356 0.1232 0.1449 1.1978 0.9315 -0.0349 0.322 0.4087 2.7575 0.0404 0.0404 0.2119 0 0
23 33 1780 0 0 0 0 0 1.0004 0 0.9876 0.0174 0.1381 0.1794 1.4817 0.9337 0.0474 0.3442 0.4388 2.6078 0.0336 0.0336 0.2056 0 0
23 34 1867 0 0 0 0 0 1.0004 0 0.9642 0.2479 0.2875 0.3472 1.3916 0.9265 0.1999 0.3901 0.4846 2.78 0.0708 0.0708 0.2138 0 0
23 35 1504 0 0 0 0 0 1.0014 0 0.9879 -0.2245 0.2256 0.2906 1.832 0.9151 -0.1805 0.384 0.4848 2.9458 -0.0189 0.0189 0.2273 0 0
23 36 1479 0 0 0 0 0 1.0004 0 0.9857 0.0463 0.1998 0.2706 2.2322 0.9262 0.0845 0.3377 0.4308 2.3589 -0.0438 0.0438 0.241 0 0
23 37 1711 0 0 0 0 0 1.0009 0 0.9612 -0.1253 0.2221 0.2915 1.0858 0.9345 -0.0654 0.323 0.4151 2.6319 0.0221 0.0221 0.2076 0 0
23 38 1509 0 0 0 0 0 1.0007 0 0.9788 -0.0803 0.1682 0.2119 1.3446 0.9294 -0.1154 0.348 0.4362 2.6312 3e-04 3e-04 0.214 0 0
23 39 1466 0 0 0 0 0 1.0002 0 0.9902 -0.3009 0.3078 0.3557 2.0235 0.9184 -0.2918 0.4142 0.5036 2.48 -0.0287 0.0287 0.2284 0 0
23 40 1496 0 0 0 0 0 1.0003 0 0.9809 -0.3118 0.3655 0.4346 2.28 0.8993 -0.2644 0.4402 0.55 2.5155 -0.0382 0.0382 0.2255 0 0
23 41 1688 0 0 0 0 0 1.0009 0 0.9749 -0.1863 0.2534 0.3104 1.4773 0.9271 -0.1318 0.3731 0.4649 2.6668 0.055 0.055 0.2061 0 0
23 42 1458 0 0 0 0 0 1.0009 0 0.9747 -0.0991 0.2235 0.3241 2.2171 0.9196 -0.1085 0.34 0.4299 2.5379 -0.0556 0.0556 0.2402 0 0
23 43 1492 0 0 0 0 0 1.0011 0 0.9667 -0.2538 0.2817 0.4446 2.0888 0.91 -0.1408 0.377 0.4731 2.7556 0.0103 0.0103 0.2378 0 0
23 44 1476 0 0 0 0 0 1.0002 0 0.9853 0.1911 0.1942 0.246 1.0181 0.9237 0.2186 0.3769 0.4817 2.6804 -0.0386 0.0386 0.2128 0 0
23 45 1451 0 0 0 0 0 1.0004 0 0.9797 0.2129 0.2751 0.3328 1.6267 0.924 0.173 0.3679 0.4656 2.4766 -0.0937 0.0937 0.2265 0 0
23 46 1632 0 0 0 0 0 1.0006 0 0.9856 -0.1475 0.1882 0.25 1.4445 0.9348 -0.1335 0.3605 0.4586 2.432 0.0295 0.0295 0.2058 0 0
23 47 1453 0 0 0 0 0 1.0004 0 0.9691 0.0875 0.2309 0.3367 1.8338 0.9168 0.1546 0.3659 0.4617 2.4105 -0.1059 0.1059 0.2357 0 0
23 48 1479 0 0 0 0 0 1.0004 0 0.9837 0.0801 0.1694 0.2092 1.3223 0.9431 0.0524 0.3234 0.4075 2.7062 -0.0022 0.0022 0.2089 0 0
23 49 1472 0 0 0 0 0 1.001 0 0.9815 -0.2272 0.2347 0.3141 1.5855 0.9274 -0.167 0.3852 0.4798 2.7945 -0.0839 0.0839 0.2256 0 0
23 50 1529 0 0 0 0 0 1.0005 0 0.9789 -0.0191 0.1663 0.2048 1.183 0.9374 0.0067 0.3409 0.4304 2.6956 -0.0268 0.0268 0.2141 0 0
23 51 1776 0 0 0 0 0 1.0003 0 0.9892 -0.0538 0.2034 0.2486 1.9604 0.9259 -0.0539 0.3487 0.4358 2.5717 0.0288 0.0288 0.2183 0 0
23 52 1499 0 0 0 0 0 1.0006 0 0.9901 -0.0026 0.1419 0.1705 1.3026 0.9318 0.002 0.3421 0.4318 2.56 0.0372 0.0372 0.2035 0 0
23 53 1489 0 0 0 0 0 1.0002 0 0.9764 0.0026 0.1468 0.2126 1.0983 0.9271 0.0269 0.3304 0.4195 2.4547 0.0016 0.0016 0.2127 0 0
23 54 1677 0 0 0 0 0 1.0003 0 0.9823 0.4433 0.4433 0.5372 2.4939 0.9223 0.3715 0.4671 0.5698 2.7156 0.0485 0.0485 0.2287 0 0
23 55 1465 0 0 0 0 0 1.0003 0 0.989 -0.0598 0.1324 0.164 1.2739 0.9303 -0.026 0.3184 0.4154 2.6897 -0.0455 0.0455 0.226 0 0
23 56 1483 0 0 0 0 0 1.0006 0 0.9703 0.0875 0.2667 0.3762 2.4381 0.9238 0.1556 0.367 0.4641 2.4048 -3e-04 3e-04 0.2179 0 0
23 57 1491 0 0 0 0 0 1.0003 0 0.9779 -0.146 0.2159 0.2476 1.1403 0.9348 -0.132 0.3456 0.442 2.8823 0.0064 0.0064 0.2049 0 0
23 58 1482 0 0 0 0 0 1.0003 0 0.9737 0.1024 0.297 0.3765 1.871 0.9221 0.0332 0.3619 0.4511 2.453 -0.0358 0.0358 0.2232 0 0
23 59 1494 0 0 0 0 0 1.0006 0 0.9871 -0.0177 0.1244 0.1677 1.2951 0.9298 0.0415 0.3522 0.4367 2.372 0.0085 0.0085 0.2084 0 0
23 60 1471 0 0 0 0 0 1.0003 0 0.9854 -0.0315 0.1517 0.1893 1.253 0.9207 -0.0391 0.3394 0.431 2.4947 -0.0465 0.0465 0.2233 0 0
23 61 1462 0 0 0 0 0 1.0002 0 0.9909 -0.0835 0.1631 0.2007 1.5786 0.93 -0.1026 0.3429 0.4436 2.666 -0.0441 0.0441 0.229 0 0
23 62 1436 0 0 0 0 0 1.0008 0 0.9724 -0.2565 0.3365 0.515 2.3519 0.9146 -0.2017 0.3765 0.4948 2.3784 -0.0831 0.0831 0.2447 0 0
23 63 1481 0 0 0 0 0 1.0006 0 0.9834 0.0511 0.147 0.1796 1.6047 0.9135 0.0095 0.3663 0.4607 2.9702 -0.0028 0.0028 0.2369 0 0
23 64 1466 0 0 0 0 0 1.0002 0 0.9912 -0.006 0.1608 0.2227 2.0611 0.9264 -0.0498 0.3541 0.4633 2.4342 -0.0213 0.0213 0.2254 0 0
23 65 1653 0 0 0 0 0 1.0006 0 0.9809 0.0898 0.1855 0.2161 1.3385 0.9297 0.0548 0.3373 0.4364 2.7996 0.0258 0.0258 0.2113 0 0
23 66 1450 0 0 0 0 0 1.0002 0 0.9751 -0.0288 0.167 0.3043 1.7707 0.9234 -0.0642 0.3407 0.4323 2.499 -0.0742 0.0742 0.2326 0 0
23 67 2684 0 0 0 0 0 1.0002 0 0.9887 0.153 0.2118 0.2562 1.7043 0.9296 0.1536 0.3732 0.4725 2.2906 0.1312 0.1312 0.1921 0 0
23 68 1491 0 0 0 0 0 1.0009 0 0.9844 0.0116 0.2295 0.3156 1.8367 0.9286 0.0669 0.3697 0.4543 2.3893 -0.0043 0.0043 0.2096 0 0
23 69 1500 0 0 0 0 0 1.0007 0 0.9834 0.3011 0.3351 0.3742 1.8857 0.9193 0.2924 0.4358 0.5323 2.915 0.0066 0.0066 0.2263 0 0
23 70 1455 0 0 0 0 0 1.0004 0 0.9853 0.2951 0.3184 0.3879 1.5919 0.9247 0.2441 0.4143 0.5116 2.4056 -0.0528 0.0528 0.2322 0 0
23 71 1501 0 0 0 0 0 1.0004 0 0.9728 0.237 0.314 0.4338 2.3167 0.9106 0.1735 0.4146 0.5161 2.6742 0.0486 0.0486 0.2144 0 0
23 72 1952 0 0 0 0 0 1.0004 0 0.9753 0.1562 0.2098 0.2713 1.4663 0.9361 0.124 0.3576 0.4523 2.7277 0.073 0.073 0.1906 0 0
23 73 1448 0 0 0 0 0 1.0002 0 0.981 0.076 0.2889 0.3705 1.8473 0.9285 0.0357 0.3492 0.4577 2.5012 -0.0838 0.0838 0.2288 0 0
23 74 1463 0 0 0 0 0 1.0003 0 0.9846 0.0358 0.1709 0.2038 1.3003 0.9223 0.032 0.3509 0.4326 2.4574 -0.0371 0.0371 0.2199 0 0
23 75 1491 0 0 0 0 0 1.0002 0 0.9804 -0.1694 0.207 0.258 1.2777 0.9278 -0.1626 0.3673 0.4553 2.848 -0.0383 0.0383 0.224 0 0
23 76 1461 0 0 0 0 0 1.0014 0 0.9687 -0.1145 0.211 0.3799 2.6522 0.9215 -0.0487 0.3401 0.4265 2.4827 -0.06 0.06 0.2315 0 0
23 77 1429 0 0 0 0 0 1.0006 0 0.9879 0.0837 0.1797 0.2392 1.6327 0.921 0.0499 0.3538 0.4565 2.459 -0.1882 0.1882 0.2413 0 0
23 78 1455 0 0 0 0 0 1.0002 0 0.986 0.0362 0.1592 0.2337 2.0481 0.9173 0.0613 0.3399 0.4168 2.4105 -0.066 0.066 0.2266 0 0
23 79 1459 0 0 0 0 0 1.0011 0 0.9721 0.0113 0.2186 0.2926 1.7362 0.9279 -0.0452 0.3325 0.4146 2.2023 -0.0648 0.0648 0.2338 0 0
23 80 1542 0 0 0 0 0 1.002 0 0.9761 -0.1663 0.2036 0.2699 1.4065 0.9328 -0.1665 0.3575 0.4527 2.8061 0.0405 0.0405 0.2071 0 0
23 81 1684 0 0 0 0 0 1.0007 0 0.9678 0.2555 0.268 0.3342 1.2318 0.9328 0.2421 0.383 0.4782 2.8662 0.0138 0.0138 0.2082 0 0
23 82 1503 0 0 0 0 0 1.0006 0 0.9902 -0.0967 0.1445 0.1878 1.6259 0.919 -0.0907 0.3517 0.4469 2.6001 0.029 0.029 0.2123 0 0
23 83 1472 0 0 0 0 0 1.0006 0 0.9861 -0.0258 0.1569 0.2037 1.341 0.9287 -0.0371 0.3592 0.4584 2.4953 -0.03 0.03 0.2097 0 0
23 84 1454 0 0 0 0 0 1.0011 0 0.9865 0.209 0.2485 0.2874 1.8221 0.9326 0.1708 0.3656 0.4524 2.698 -0.0832 0.0832 0.2274 0 0
23 85 1653 0 0 0 0 0 1.0005 0 0.9889 0.1069 0.1468 0.1975 1.2895 0.9353 0.1039 0.3423 0.4403 2.8824 0.0723 0.0723 0.1997 0 0
23 86 1484 0 0 0 0 0 1.0007 0 0.9788 0.0655 0.1785 0.2182 1.1899 0.9396 0.0866 0.3247 0.4128 2.528 -0.0447 0.0447 0.2169 0 0
23 87 1978 0 0 0 0 0 1.0004 0 0.9724 -0.2 0.2526 0.3838 1.9933 0.9293 -0.1689 0.3689 0.462 2.5127 0.044 0.044 0.2204 0 0
23 88 1666 0 0 0 0 0 1.0004 0 0.9887 -0.1023 0.1408 0.1806 1.2276 0.9362 -0.078 0.3304 0.4171 2.6271 0.0396 0.0396 0.2027 0 0
23 89 1439 0 0 0 0 0 1.0006 0 0.9519 0.1061 0.3521 0.5493 2.4703 0.9102 -0.0569 0.3474 0.4424 2.5381 -0.1437 0.1437 0.2529 0 0
23 90 1512 0 0 0 0 0 1.0005 0 0.9876 -0.0841 0.1643 0.2188 1.6401 0.9203 -0.106 0.3685 0.4637 2.5387 -0.0258 0.0258 0.2165 0 0
23 91 1491 0 0 0 0 0 1.0007 0 0.9773 0.1453 0.2325 0.3307 1.7221 0.9293 0.1351 0.3679 0.4684 2.3517 -0.0347 0.0347 0.2103 0 0
23 92 1472 0 0 0 0 0 1.002 0 0.9801 0.1883 0.2592 0.3118 1.6156 0.9272 0.1402 0.3472 0.4333 2.5238 -0.0552 0.0552 0.2325 0 0
23 93 1775 0 0 0 0 0 1.0004 0 0.9868 -0.1878 0.2426 0.3153 1.9678 0.9391 -0.1967 0.3716 0.4753 2.5527 0.0687 0.0687 0.1984 0 0
23 94 1479 0 0 0 0 0 1.0002 0 0.9797 0.104 0.2095 0.2757 1.6098 0.9291 0.0728 0.3328 0.4257 2.6552 -0.0585 0.0585 0.2329 0 0
23 95 2214 0 0 0 0 0 1.0004 0 0.9839 -0.1747 0.1917 0.2333 1.1675 0.9399 -0.1743 0.3591 0.4513 2.9482 0.089 0.089 0.1998 0 0
23 96 1465 0 0 0 0 0 1.0003 0 0.9807 0.0469 0.1815 0.2898 2.0693 0.9171 0.0272 0.3512 0.4408 2.4493 -0.0715 0.0715 0.2314 0 0
23 97 1485 0 0 0 0 0 1.0002 0 0.9843 0.0186 0.1942 0.2374 1.4988 0.9269 0.0219 0.3584 0.4504 2.6582 -0.0039 0.0039 0.2193 0 0
23 98 1525 0 0 0 0 0 1.0002 0 0.9836 0.0379 0.1527 0.2052 1.3479 0.9224 0.0041 0.3485 0.4437 2.894 0.0232 0.0232 0.2152 0 0
23 99 1479 0 0 0 0 0 1.0003 0 0.9804 -0.101 0.2017 0.2303 1.1319 0.9334 -0.0647 0.3287 0.4194 2.5756 -0.0405 0.0405 0.2232 0 0
23 100 1487 0 0 0 0 0 1.0005 0 0.9848 -0.2267 0.251 0.3019 1.628 0.9416 -0.2154 0.3814 0.4754 2.5588 -0.0234 0.0234 0.2162 0 0
23 101 1490 0 0 0 0 0 1.0005 0 0.9618 -0.0782 0.2356 0.3039 1.492 0.9295 -0.0011 0.34 0.4363 2.6099 0.01 0.01 0.2022 0 0
23 102 1518 0 0 0 0 0 1.0005 0 0.9413 0.3045 0.3535 0.572 2.8355 0.8969 0.1854 0.4141 0.5244 2.9207 0.0534 0.0534 0.2424 0 0
23 103 1657 0 0 0 0 0 1.0006 0 0.9738 -0.1039 0.2472 0.3151 1.3276 0.9317 -0.153 0.3824 0.4823 2.6815 0.0238 0.0238 0.2111 0 0
23 104 1475 0 0 0 0 0 1.0002 0 0.9752 0.1203 0.2056 0.2831 1.9498 0.9273 0.0891 0.3342 0.4264 2.8103 -0.0371 0.0371 0.2224 0 0
23 105 1585 0 0 0 0 0 1.0007 0 0.9824 0.2042 0.2254 0.274 1.1864 0.9328 0.199 0.3627 0.4635 2.6751 0.0186 0.0186 0.2046 0 0
23 106 1454 0 0 0 0 0 1.001 0 0.9632 0.0745 0.2241 0.3097 1.5838 0.9143 0.1644 0.3672 0.4748 2.7466 -0.081 0.081 0.2368 0 0
23 107 1482 0 0 0 0 0 1.0011 0 0.9885 -0.0669 0.1576 0.1937 1.3581 0.9296 -0.0836 0.3306 0.417 2.6359 -0.0338 0.0338 0.2246 0 0
23 108 1486 0 0 0 0 0 1.0006 0 0.9772 -0.0923 0.1751 0.2253 1.0998 0.9333 -0.0878 0.3482 0.4516 2.5798 0.0062 0.0062 0.209 0 0
23 109 1480 0 0 0 0 0 1.0011 0 0.9803 -0.0762 0.2106 0.3154 2.3537 0.917 -0.0419 0.3633 0.4462 2.6022 0.0024 0.0024 0.2291 0 0
23 110 1479 0 0 0 0 0 1.0012 0 0.9819 0.2684 0.2881 0.3428 1.7352 0.9157 0.2237 0.419 0.5195 2.8058 -0.0135 0.0135 0.2232 0 0
23 111 1498 0 0 0 0 0 1.0009 0 0.9583 -0.0897 0.2077 0.3297 1.8289 0.9314 -0.0511 0.3375 0.4269 2.7266 0.0351 0.0351 0.2181 0 0
23 112 2403 0 0 0 0 0 1.0003 0 0.9673 -0.0553 0.1894 0.2986 1.3021 0.9501 -0.0144 0.3126 0.3928 2.5007 0.0705 0.0705 0.1984 0 0
23 113 1907 0 0 0 0 0 1.0005 0 0.9841 0.0889 0.1803 0.2402 1.3674 0.9398 0.1067 0.3355 0.4362 2.5966 0.0171 0.0171 0.2074 0 0
23 114 1674 0 0 0 0 0 1.0004 0 0.99 -0.0292 0.1692 0.2278 2.1829 0.931 -0.0047 0.3473 0.4359 2.2088 0.0633 0.0633 0.2032 0 0
23 115 1459 0 0 0 0 0 1.0002 0 0.9837 -0.0431 0.2 0.2836 2.4619 0.9287 -0.0065 0.3556 0.4529 2.6005 -0.0477 0.0477 0.2222 0 0
23 116 1466 0 0 0 0 0 1.0004 0 0.9878 0.1779 0.2006 0.2453 1.4016 0.9189 0.2283 0.3858 0.4774 2.4446 -0.0883 0.0883 0.2254 0 0
23 117 1525 0 0 0 0 0 1.0012 0 0.9754 0.0816 0.1893 0.2519 1.5232 0.9119 0.091 0.3657 0.4556 2.6522 0.0321 0.0321 0.2169 0 0
23 118 1436 0 0 0 0 0 1.0006 0 0.9853 0.0502 0.1861 0.2295 2.0695 0.908 0.0303 0.372 0.4711 2.4674 -0.054 0.054 0.2342 0 0
23 119 1476 0 0 0 0 0 1.0005 0 0.9917 0.2427 0.2577 0.3041 1.4277 0.926 0.2368 0.3913 0.4905 2.6086 -0.0385 0.0385 0.2207 0 0
23 120 1442 0 0 0 0 0 1.0004 0 0.9917 -0.1383 0.2042 0.2476 1.9785 0.9136 -0.1253 0.3882 0.485 2.3564 -0.0389 0.0389 0.2216 0 0
23 121 1457 0 0 0 0 0 1.0006 0 0.9862 0.006 0.1693 0.2338 1.4634 0.9377 -0.0107 0.329 0.4125 2.4474 -0.0528 0.0528 0.2193 0 0
23 122 1489 0 0 0 0 0 1.0003 0 0.9813 0.2169 0.2476 0.2991 1.3809 0.9333 0.2509 0.3678 0.4668 2.5774 -0.0599 0.0599 0.2298 0 0
23 123 1465 0 0 0 0 0 1.0006 0 0.9788 0.083 0.1921 0.2395 1.1407 0.9298 0.0908 0.3208 0.412 2.5201 -0.0641 0.0641 0.2213 0 0
23 124 1635 0 0 0 0 0 1.0006 0 0.9864 0.1315 0.1606 0.2235 1.8194 0.9267 0.1162 0.3513 0.4609 2.7061 -0.0075 0.0075 0.2176 0 0
23 125 1509 0 0 0 0 0 1.0003 0 0.9595 -0.1523 0.2374 0.3652 1.8875 0.9174 -0.0945 0.3453 0.4438 2.6422 -0.0313 0.0313 0.2286 0 0
23 126 1532 0 0 0 0 0 1.001 0 0.9789 0.0574 0.2242 0.2926 1.6903 0.9307 0.1433 0.3617 0.4584 2.3554 0.0303 0.0303 0.2121 0 0
23 127 1508 0 0 0 0 0 1.0004 0 0.9867 -0.2749 0.2977 0.3264 1.1783 0.9364 -0.2619 0.3816 0.4762 2.6287 0.0037 0.0037 0.2162 0 0
23 128 1508 0 0 0 0 0 1.0005 0 0.9818 0.1635 0.1973 0.2517 1.3054 0.9297 0.174 0.3686 0.4608 2.5832 -0.025 0.025 0.2141 0 0
23 129 1450 0 0 0 0 0 1.0004 0 0.9918 0.0497 0.1298 0.1518 1.4301 0.9252 0.0259 0.3391 0.4176 2.436 -0.0826 0.0826 0.2262 0 0
23 130 1484 0 0 0 0 0 1.0007 0 0.9805 -0.2387 0.2493 0.3007 1.2188 0.9145 -0.2187 0.3886 0.5016 2.8885 0.0049 0.0049 0.2276 0 0
23 131 1489 0 0 0 0 0 1.0007 0 0.9857 -0.0303 0.1414 0.1761 1.4315 0.9254 -0.0792 0.3462 0.4373 2.5025 -0.0032 0.0032 0.2149 0 0
23 132 1530 0 0 0 0 0 1.0014 0 0.9862 -0.0847 0.202 0.3053 2.5197 0.9262 -0.0326 0.3716 0.4696 2.8148 0.0892 0.0892 0.2117 0 0
23 133 1683 0 0 0 0 0 1.0008 0 0.97 -0.0906 0.1925 0.2308 1.0947 0.9302 -0.0765 0.3272 0.4185 2.8097 0.0497 0.0497 0.2071 0 0
23 134 1503 0 0 0 0 0 1.001 0 0.9846 0.0939 0.165 0.2136 1.3881 0.9308 0.0859 0.3477 0.4402 2.7313 0.0216 0.0216 0.2065 0 0
23 135 1497 0 0 0 0 0 1.001 0 0.9815 0.087 0.1927 0.2476 1.4746 0.9221 0.0219 0.3394 0.431 2.3723 0.0082 0.0082 0.2202 0 0
23 136 1456 0 0 0 0 0 1.0005 0 0.9947 -0.0532 0.134 0.1597 1.393 0.9218 -0.0095 0.3348 0.4208 2.5747 -0.036 0.036 0.2257 0 0
23 137 1483 0 0 0 0 0 1.0006 0 0.9656 -0.0445 0.2326 0.392 1.9201 0.919 -0.0401 0.3725 0.466 2.4341 -0.0045 0.0045 0.2146 0 0
23 138 1500 0 0 0 0 0 1.0006 0 0.9851 0.035 0.1193 0.1541 1.0414 0.9309 0.0051 0.323 0.4022 2.588 -0.0163 0.0163 0.214 0 0
23 139 1505 0 0 0 0 0 1.0004 0 0.9833 -0.0274 0.1517 0.217 1.3648 0.9286 -0.0526 0.3306 0.4105 2.6948 0.019 0.019 0.2151 0 0
23 140 1456 0 0 0 0 0 1.0002 0 0.9841 -0.0362 0.1639 0.1998 1.4616 0.9168 -0.0969 0.3487 0.4365 2.3597 -0.1132 0.1132 0.2391 0 0
23 141 1459 0 0 0 0 0 1.0005 0 0.9807 0.0014 0.1989 0.2565 1.7919 0.9276 0.0229 0.3477 0.4349 2.4318 -0.061 0.061 0.2236 0 0
23 142 1477 0 0 0 0 0 1.0004 0 0.9866 0.2018 0.224 0.2682 1.6534 0.9209 0.1922 0.387 0.4673 2.715 -0.0171 0.0171 0.2299 0 0
23 143 1501 0 0 0 0 0 1.0006 0 0.9766 -0.2221 0.3028 0.3654 1.7416 0.9333 -0.2315 0.3932 0.4914 2.5007 0.0099 0.0099 0.2163 0 0
23 144 1460 0 0 0 0 0 1.0001 0 0.9375 -0.2147 0.3003 0.5853 2.8346 0.9233 -0.0689 0.348 0.4257 2.6932 -0.0816 0.0816 0.2464 0 0
23 145 1467 0 0 0 0 0 1.0001 0 0.986 0.0451 0.2283 0.3097 1.7212 0.9197 -0.0053 0.3708 0.4637 2.3981 -0.022 0.022 0.212 0 0
23 146 1543 0 0 0 0 0 1.0004 0 0.9913 0.1194 0.1594 0.203 1.9623 0.9233 0.1264 0.363 0.4533 2.6902 0.0503 0.0503 0.2158 0 0
23 147 1667 0 0 0 0 0 1.0004 0 0.988 -0.1363 0.1727 0.2216 1.5131 0.9356 -0.1499 0.3677 0.4774 2.5975 0.0444 0.0444 0.1978 0 0
23 148 1517 0 0 0 0 0 1.0002 0 0.967 -0.1191 0.201 0.2718 1.3089 0.922 -0.0977 0.3728 0.4602 2.8906 0.0074 0.0074 0.2165 0 0
23 149 1471 0 0 0 0 0 1.0001 0 0.9848 0.0147 0.1289 0.165 1.0595 0.9281 0.0269 0.3395 0.434 2.4084 -0.0403 0.0403 0.2262 0 0
23 150 1524 0 0 0 0 0 1.0005 0 0.985 -0.2413 0.266 0.3176 1.8234 0.9282 -0.2118 0.3795 0.4826 2.6281 0.0329 0.0329 0.2142 0 0
23 151 1467 0 0 0 0 0 1.0002 0 0.977 -0.1262 0.1818 0.3211 2.4842 0.9159 -0.118 0.3772 0.4677 2.4819 -0.0407 0.0407 0.2299 0 0
23 152 1550 0 0 0 0 0 1.0004 0 0.9859 -0.0153 0.2274 0.3011 2.3631 0.9363 -0.0835 0.3434 0.4257 2.5526 0.0086 0.0086 0.2156 0 0
23 153 1458 0 0 0 0 0 1.0006 0 0.973 -0.3432 0.362 0.431 2.2769 0.9113 -0.2853 0.4322 0.5306 2.6119 -0.0763 0.0763 0.2313 0 0
23 154 1470 0 0 0 0 0 1.0003 0 0.9767 -0.1211 0.2318 0.3286 1.8201 0.9339 -0.0942 0.3513 0.4371 2.4437 -0.0361 0.0361 0.2234 0 0
23 155 1474 0 0 0 0 0 1.0009 0 0.988 -0.0765 0.163 0.2068 1.5763 0.9365 -0.0692 0.351 0.4425 2.5811 -0.0213 0.0213 0.2123 0 0
23 156 1599 0 0 0 0 0 1.0004 0 0.9818 -0.0533 0.1779 0.2184 1.3987 0.939 -0.0914 0.3259 0.4027 2.6043 0.0387 0.0387 0.2127 0 0
23 157 1474 0 0 0 0 0 1.0003 0 0.9796 -0.1913 0.2295 0.3213 1.9903 0.9064 -0.1544 0.3848 0.4883 2.3827 -0.017 0.017 0.2292 0 0
23 158 1474 0 0 0 0 0 1.0005 0 0.9894 -0.0266 0.1575 0.1835 1.3957 0.9232 -0.037 0.3556 0.4334 2.4525 -0.0653 0.0653 0.228 0 0
23 159 1461 0 0 0 0 0 1.0009 0 0.9911 -0.133 0.1509 0.1909 1.2005 0.9182 -0.1279 0.3446 0.4433 2.5391 -0.0709 0.0709 0.2346 0 0
23 160 1471 0 0 0 0 0 1.0007 0 0.9828 0.085 0.1692 0.204 1.4007 0.9375 0.0444 0.323 0.4052 2.4712 -0.0539 0.0539 0.2161 0 0
23 161 1557 0 0 0 0 0 1.0003 0 0.9768 -0.0736 0.1917 0.2442 1.2182 0.9304 -0.0099 0.3373 0.4411 2.6657 0.0204 0.0204 0.2139 0 0
23 162 1988 0 0 0 0 0 1.0003 0 0.9682 0.1931 0.2712 0.3406 1.4862 0.9416 0.1529 0.351 0.4484 2.8473 0.1009 0.1009 0.1966 0 0
23 163 1452 0 0 0 0 0 1.001 0 0.987 0.1168 0.1818 0.2495 1.8598 0.9128 0.1014 0.3601 0.4515 2.64 -0.0448 0.0448 0.2411 0 0
23 164 1567 0 0 0 0 0 1.0009 0 0.9867 0.1677 0.1928 0.2564 1.3158 0.9086 0.1389 0.3758 0.4675 2.5144 -0.0079 0.0079 0.2178 0 0
23 165 1497 0 0 0 0 0 1.0005 0 0.9794 -0.1165 0.2029 0.2625 1.5811 0.9215 -0.0808 0.3372 0.4274 2.8069 -4e-04 4e-04 0.2268 0 0
23 166 1486 0 0 0 0 0 1.0007 0 0.9813 0.0974 0.2312 0.3059 2.1197 0.9252 0.0521 0.352 0.4526 2.3736 -0.0041 0.0041 0.2167 0 0
23 167 1510 0 0 0 0 0 1.0004 0 0.9868 -0.0478 0.15 0.1852 1.0396 0.9345 -0.0485 0.3389 0.4336 2.6452 0.0051 0.0051 0.2044 0 0
23 168 1466 0 0 0 0 0 1.0004 0 0.9819 0.0907 0.1883 0.2176 1.1644 0.9229 0.0449 0.3397 0.4253 2.653 -0.0455 0.0455 0.2181 0 0
23 169 1481 0 0 0 0 0 1.0006 0 0.9737 0.2147 0.2475 0.3516 1.6532 0.9274 0.1768 0.379 0.4731 2.6358 0.001 0.001 0.2117 0 0
23 170 1555 0 0 0 0 0 1.0004 0 0.9842 0.1798 0.2644 0.3963 2.4834 0.9124 0.1074 0.4045 0.5211 2.5546 0.0306 0.0306 0.2118 0 0
23 171 1488 0 0 0 0 0 1.0003 0 0.981 0.0385 0.1574 0.1915 1.1026 0.9193 0.0542 0.3501 0.4357 2.622 0.0086 0.0086 0.2142 0 0
23 172 1468 0 0 0 0 0 1.0002 0 0.9854 -0.0254 0.1416 0.1886 1.4898 0.9257 0.0251 0.311 0.3941 2.415 -0.0553 0.0553 0.2226 0 0
23 173 1504 0 0 0 0 0 1.0003 0 0.9844 -0.0474 0.1651 0.2134 1.5265 0.929 -0.0676 0.37 0.4695 2.8533 0.0312 0.0312 0.1929 0 0
23 174 1501 0 0 0 0 0 1.0004 0 0.9801 -0.1624 0.204 0.26 1.1711 0.9317 -0.1471 0.3525 0.4413 2.5195 0.0087 0.0087 0.2127 0 0
23 175 1874 0 0 0 0 0 1.0003 0 0.9808 0.0646 0.2187 0.2739 1.6691 0.9309 0.0331 0.3544 0.4469 2.7495 0.079 0.079 0.1953 0 0
23 176 1715 0 0 0 0 0 1.0004 0 0.993 0.0663 0.17 0.1942 1.4827 0.9325 0.0076 0.3468 0.4497 2.7473 0.0418 0.0418 0.2056 0 0
23 177 1523 0 0 0 0 0 1.0012 0 0.988 0.1159 0.2144 0.274 1.7103 0.9233 0.0952 0.3606 0.4583 2.4998 -0.0651 0.0651 0.2328 0 0
23 178 1482 0 0 0 0 0 1.001 0 0.9677 -0.0518 0.2032 0.2538 1.2358 0.9284 -0.0891 0.3528 0.4559 2.6591 -0.0706 0.0706 0.2209 0 0
23 179 1620 0 0 0 0 0 1.0004 0 0.9492 0.2498 0.3087 0.5967 2.5587 0.9245 0.1457 0.3869 0.4818 2.4011 0.0549 0.0549 0.2033 0 0
23 180 1485 0 0 0 0 0 1.0002 0 0.9869 0.1903 0.2139 0.2712 1.5619 0.9176 0.1402 0.3887 0.4791 2.6427 -0.0404 0.0404 0.2311 0 0
23 181 1446 0 0 0 0 0 1.0004 0 0.9793 -0.0789 0.1871 0.2307 1.3756 0.9127 -0.0616 0.3307 0.4193 2.6323 -0.1133 0.1133 0.2403 0 0
23 182 1884 0 0 0 0 0 1.0003 0 0.9827 -0.0136 0.1916 0.274 2.2962 0.9295 -0.0164 0.3588 0.453 2.435 0.0568 0.0568 0.2008 0 0
23 183 1505 0 0 0 0 0 1.0006 0 0.9811 0.0981 0.1675 0.2063 1.1817 0.9353 0.1039 0.3381 0.4302 2.5992 0.0119 0.0119 0.2048 0 0
23 184 1828 0 0 0 0 0 1.0003 0 0.996 0.2398 0.2449 0.2661 1.5041 0.9213 0.2171 0.3882 0.4968 2.7223 0.0821 0.0821 0.2044 0 0
23 185 1510 0 0 0 0 0 1.0008 0 0.9901 0.1693 0.1794 0.2252 1.8394 0.9386 0.1829 0.3476 0.4414 2.641 -0.0184 0.0184 0.2163 0 0
23 186 1521 0 0 0 0 0 1.0005 0 0.9875 0.0595 0.1699 0.2129 1.2355 0.9421 0.0442 0.3433 0.4521 2.6797 0.0462 0.0462 0.2195 0 0
23 187 1468 0 0 0 0 0 1.0005 0 0.9918 -0.0616 0.1994 0.2912 1.8807 0.9109 -0.0681 0.3845 0.4799 2.2584 0.0084 0.0084 0.2326 0 0
23 188 1497 0 0 0 0 0 1.0007 0 0.9759 -0.0791 0.1775 0.2111 1.4967 0.9076 -0.0879 0.3805 0.4742 2.9223 -0.0225 0.0225 0.2292 0 0
23 189 1464 0 0 0 0 0 1.0003 0 0.9811 -0.2628 0.2679 0.3234 1.499 0.9215 -0.2176 0.385 0.4697 2.5193 -0.0966 0.0966 0.2309 0 0
23 190 1529 0 0 0 0 0 1.0006 0 0.9892 -0.0856 0.1359 0.1911 1.4213 0.9261 -0.0737 0.3536 0.4354 2.6083 0.0505 0.0505 0.2118 0 0
23 191 1480 0 0 0 0 0 1.0003 0 0.9835 -0.0675 0.227 0.2571 1.8764 0.921 -0.1097 0.3452 0.4375 2.5804 -0.0227 0.0227 0.2254 0 0
23 192 1463 0 0 0 0 0 1.0005 0 0.9817 -0.0045 0.1921 0.231 1.8352 0.9199 -0.0642 0.356 0.4472 2.4594 -0.1287 0.1287 0.2279 0 0
23 193 1805 0 0 0 0 0 1.0005 0 0.9745 -0.1249 0.2299 0.2911 1.4725 0.9302 -0.1034 0.3274 0.4208 2.384 0.012 0.012 0.2107 0 0
23 194 2656 0 0 0 0 0 1.0005 0 0.9823 0.1145 0.248 0.3898 2.196 0.94 0.0668 0.3476 0.4512 2.5906 0.1279 0.1279 0.1979 0 0
23 195 1449 0 0 0 0 0 1.0005 0 0.9732 -0.1355 0.2335 0.3868 2.5787 0.9035 -0.1332 0.3657 0.4569 2.4496 -0.1082 0.1082 0.2434 0 0
23 196 1779 0 0 0 0 0 1.0003 0 0.9724 -0.2941 0.315 0.4086 1.8651 0.9304 -0.2839 0.428 0.5325 3.0143 0.0915 0.0915 0.2174 0 0
23 197 1504 0 0 0 0 0 1.0005 0 0.9249 0.2683 0.3183 0.4044 1.2268 0.9266 0.2668 0.4185 0.5206 2.9051 0.0129 0.0129 0.2171 0 0
23 198 1483 0 0 0 0 0 1.0004 0 0.9841 0.0323 0.1995 0.2857 1.9339 0.9213 -0.0477 0.3622 0.4511 2.483 -0.0185 0.0185 0.2146 0 0
23 199 1466 0 0 0 0 0 1.0002 0 0.9721 0.0148 0.2 0.2811 1.199 0.9302 0.0649 0.3533 0.4458 2.5829 -0.0387 0.0387 0.2176 0 0
23 200 1494 0 0 0 0 0 1.0002 0 0.9778 -0.0643 0.2688 0.335 1.9334 0.9121 -0.0273 0.3575 0.4492 2.403 0.0126 0.0126 0.2232 0 0
23 201 1708 0 0 0 0 0 1.0002 0 0.9867 -0.0131 0.1363 0.1831 1.6 0.9277 -0.0374 0.333 0.4228 2.7398 0.0289 0.0289 0.2212 0 0
23 202 1453 0 0 0 0 0 1.0003 0 0.9725 0.0982 0.1928 0.2754 1.8376 0.9252 0.0478 0.3303 0.4122 2.6285 -0.0647 0.0647 0.2314 0 0
23 203 1446 0 0 0 0 0 1.0005 0 0.9877 0.0164 0.207 0.2629 2.2736 0.8983 0.0141 0.3912 0.481 2.4691 -0.112 0.112 0.2465 0 0
23 204 1583 0 0 0 0 0 1.0004 0 0.983 0.1191 0.1674 0.2061 1.064 0.9363 0.1071 0.3158 0.4004 2.692 0.0192 0.0192 0.2094 0 0
23 205 1463 0 0 0 0 0 1.0003 0 0.9857 -0.0134 0.1058 0.1411 1.0443 0.9254 -0.0412 0.3139 0.4058 2.3812 -0.0568 0.0568 0.2246 0 0
23 206 1682 0 0 0 0 0 1.0003 0 0.9766 0.0314 0.1662 0.2029 1.1193 0.938 0.0693 0.3327 0.4159 2.5332 0.0409 0.0409 0.1949 0 0
23 207 1479 0 0 0 0 0 1.0004 0 0.9883 0.0644 0.1228 0.1558 1.1798 0.9149 0.0773 0.3641 0.4574 2.5571 -0.0377 0.0377 0.225 0 0
23 208 1495 0 0 0 0 0 1.0004 0 0.9792 -0.1449 0.2077 0.2872 2.2063 0.9207 -0.0634 0.3576 0.4499 2.5601 -0.0123 0.0123 0.2251 0 0
23 209 1475 0 0 0 0 0 1.0002 0 0.9757 0.0153 0.2298 0.3151 1.766 0.9187 0.0677 0.3457 0.4299 2.421 -0.0256 0.0256 0.225 0 0
23 210 1457 0 0 0 0 0 1.0003 0 0.9713 0.1831 0.2409 0.302 1.173 0.9204 0.1691 0.3726 0.4753 2.7139 -0.0552 0.0552 0.2234 0 0
23 211 1464 0 0 0 0 0 1.0005 0 0.9631 0.1457 0.1989 0.3477 1.9012 0.8921 0.1356 0.3792 0.4763 2.7143 -0.0277 0.0277 0.2558 0 0
23 212 1569 0 0 0 0 0 1.0009 0 0.9594 -0.1619 0.2342 0.3236 1.8669 0.9123 -0.0705 0.3853 0.4958 2.8936 0.0153 0.0153 0.228 0 0
23 213 1564 0 0 0 0 0 1.0003 0 0.9872 0.2029 0.2159 0.257 1.0297 0.9349 0.2098 0.3894 0.486 2.4834 0.0257 0.0257 0.2033 0 0
23 214 1455 0 0 0 0 0 1.0008 0 0.9707 0.0214 0.1971 0.2838 2.4012 0.9205 0.0129 0.3298 0.4218 2.5683 -0.0381 0.0381 0.2269 0 0
23 215 2115 0 0 0 0 0 1.0004 0 0.989 0.0888 0.1495 0.1908 1.8345 0.9373 0.0996 0.348 0.4341 2.7965 0.1151 0.1151 0.1879 0 0
23 216 1461 0 0 0 0 0 1.0007 0 0.9862 0.1148 0.2054 0.2754 1.7673 0.9025 0.0263 0.4021 0.5009 2.5635 -0.0434 0.0434 0.2319 0 0
23 217 1449 0 0 0 0 0 1.0008 0 0.9802 0.0725 0.234 0.3206 1.925 0.9002 0.0499 0.3667 0.4609 2.5771 -0.1149 0.1149 0.254 0 0
23 218 2546 0 0 0 0 0 1.0004 0 0.9886 -0.3585 0.3589 0.3931 1.2643 0.9378 -0.3108 0.4315 0.5331 2.7163 0.0962 0.0962 0.1888 0 0
23 219 1460 0 0 0 0 0 1.0008 0 0.9917 -0.1616 0.2292 0.2767 2.2346 0.9233 -0.0895 0.3351 0.4202 2.1502 -0.0619 0.0619 0.2367 0 0
23 220 1607 0 0 0 0 0 1.0003 0 0.9898 0.0029 0.1218 0.1566 1.429 0.9337 0.0071 0.3351 0.4103 2.7206 0.015 0.015 0.2056 0 0
23 221 1667 0 0 0 0 0 1.0001 0 0.9791 -0.2588 0.3342 0.4127 2.3044 0.9192 -0.2039 0.4009 0.4931 2.4436 -0.0139 0.0139 0.2235 0 0
23 222 1479 0 0 0 0 0 1.0002 0 0.9893 -0.0658 0.1737 0.2269 1.3314 0.92 -0.0593 0.3279 0.4284 2.4222 -0.0854 0.0854 0.2269 0 0
23 223 1461 0 0 0 0 0 1.0002 0 0.9853 -0.0472 0.1752 0.2122 1.1438 0.9172 -0.0558 0.3481 0.4487 2.4956 -0.0913 0.0913 0.2237 0 0
23 224 1526 0 0 0 0 0 1.0003 0 0.9762 -0.1063 0.1719 0.2344 1.1939 0.9312 -0.0601 0.3347 0.4218 2.5222 -0.0383 0.0383 0.2177 0 0
23 225 1826 0 0 0 0 0 1.0003 0 0.9892 0.2428 0.2528 0.2877 1.3159 0.9371 0.2861 0.4062 0.5034 2.5336 0.0438 0.0438 0.2113 0 0
23 226 1452 0 0 0 0 0 1.0005 0 0.9857 0.0243 0.1707 0.2268 1.6081 0.9171 -0.0045 0.3296 0.422 2.1431 -0.1092 0.1092 0.2387 0 0
23 227 1967 0 0 0 0 0 1.0003 0 0.9669 -0.4471 0.4668 0.5188 2.0743 0.9097 -0.4371 0.5547 0.6639 2.9333 0.0777 0.0777 0.2369 0 0
23 228 1444 0 0 0 0 0 1.0002 0 0.9743 0.0711 0.1979 0.2889 1.77 0.9054 0.0917 0.3495 0.4369 2.4998 -0.1902 0.1902 0.2549 0 0
23 229 1463 0 0 0 0 0 1.0006 0 0.9846 -0.0306 0.1558 0.2284 1.6099 0.9252 0.0574 0.3356 0.4316 2.4639 -0.0477 0.0477 0.2263 0 0
23 230 1476 0 0 0 0 0 1.0001 0 0.986 -0.0179 0.1983 0.2405 1.7024 0.928 0.0253 0.3474 0.4338 2.3787 -0.0473 0.0473 0.2183 0 0
23 231 1456 0 0 0 0 0 1.0002 0 0.9875 -0.0951 0.1928 0.2491 1.702 0.9253 -0.076 0.3612 0.4551 2.3723 -0.0177 0.0177 0.2167 0 0
23 232 1469 0 0 0 0 0 1.0002 0 0.9706 0.2914 0.3156 0.408 1.6525 0.9157 0.2292 0.4035 0.4955 2.8404 -0.0713 0.0713 0.2407 0 0
23 233 1708 0 0 0 0 0 1.0006 0 0.9798 -0.1312 0.1957 0.2514 1.4317 0.9264 -0.1111 0.3709 0.464 2.9618 0.0286 0.0286 0.2186 0 0
23 234 1451 0 0 0 0 0 1.0007 0 0.9938 -0.0749 0.1283 0.1433 1.4418 0.9164 -0.0716 0.3645 0.4567 2.5692 -0.0591 0.0591 0.2335 0 0
23 235 1451 0 0 0 0 0 1.0007 0 0.9796 -0.0473 0.2244 0.2798 1.7669 0.9217 -0.0752 0.3716 0.4752 2.4528 -0.0643 0.0643 0.2191 0 0
23 236 1488 0 0 0 0 0 1.0005 0 0.9895 -0.005 0.1497 0.1745 1.2646 0.931 0.0053 0.33 0.4281 2.4791 -0.0661 0.0661 0.2214 0 0
23 237 1519 0 0 0 0 0 1.0005 0 0.9801 -0.0456 0.1549 0.18 1.1546 0.9235 -0.0594 0.3619 0.4683 2.6003 0.0271 0.0271 0.2027 0 0
23 238 1462 0 0 0 0 0 1.0011 0 0.9878 0.0367 0.1142 0.1522 1.1339 0.9145 0.0351 0.3355 0.4276 2.3559 -0.0681 0.0681 0.231 0 0
23 239 2359 0 0 0 0 0 1.0003 0 0.9839 0.0612 0.1401 0.1781 1.4596 0.9198 0.0683 0.3557 0.4535 3.1594 0.0788 0.0788 0.2034 0 0
23 240 1466 0 0 0 0 0 1.0002 0 0.9877 -0.0082 0.1284 0.1677 1.3822 0.9227 0.0042 0.342 0.4331 2.4662 -0.0748 0.0748 0.2197 0 0
23 241 1471 0 0 0 0 0 1.0005 0 0.9906 0.0552 0.1761 0.2234 1.831 0.9144 0.0936 0.3606 0.4604 2.6537 -0.0517 0.0517 0.2282 0 0
23 242 1629 0 0 0 0 0 1.0004 0 0.9826 -0.3304 0.3321 0.3886 1.2357 0.9377 -0.3105 0.4116 0.5127 2.8303 0.0343 0.0343 0.2027 0 0
23 243 1510 0 0 0 0 0 1.0004 0 0.9888 -0.2056 0.286 0.3552 2.1604 0.9278 -0.2013 0.4044 0.5146 2.4311 0.018 0.018 0.215 0 0
23 244 1461 0 0 0 0 0 1.0003 0 0.9849 0.0035 0.1496 0.1793 1.3269 0.9278 0.0092 0.3136 0.4081 2.3906 -0.0665 0.0665 0.2256 0 0
23 245 1601 0 0 0 0 0 1.0003 0 0.9835 0.1583 0.2084 0.2705 1.9948 0.9256 0.1121 0.368 0.4533 2.5332 0.0148 0.0148 0.209 0 0
23 246 1455 0 0 0 0 0 1.0005 0 0.9867 0.139 0.1962 0.2284 1.6862 0.9117 0.1405 0.3896 0.4794 2.5737 -0.0517 0.0517 0.2314 0 0
23 247 1787 0 0 0 0 0 1.0011 0 0.9831 -0.1101 0.1803 0.2134 1.2826 0.93 -0.0924 0.3604 0.4735 2.817 0.0461 0.0461 0.2023 0 0
23 248 1496 0 0 0 0 0 1.0003 0 0.9806 0.1922 0.2335 0.3758 1.7497 0.9355 0.1186 0.3717 0.4562 2.414 0.0055 0.0055 0.2191 0 0
23 249 1481 0 0 0 0 0 1.0005 0 0.9795 0.1548 0.2361 0.2792 1.5721 0.9426 0.187 0.3537 0.4429 2.4688 0.0237 0.0237 0.207 0 0
23 250 1477 0 0 0 0 0 1.0003 0 0.9549 -0.1675 0.2574 0.4737 2.744 0.9042 -0.0691 0.3734 0.4634 2.6003 -0.0536 0.0536 0.2407 0 0
23 251 1494 0 0 0 0 0 1.0007 0 0.9872 -0.1394 0.1733 0.2026 1.3989 0.9302 -0.1583 0.3659 0.4511 2.8347 -0.0348 0.0348 0.2188 0 0
23 252 1498 0 0 0 0 0 1.0005 0 0.973 0.0266 0.2442 0.3136 1.6812 0.9193 0.052 0.3646 0.4602 2.5588 0.0064 0.0064 0.213 0 0
23 253 1464 0 0 0 0 0 1.0003 0 0.984 0.0503 0.1675 0.1878 1.2185 0.9225 0.0786 0.3574 0.4453 2.5061 -0.0492 0.0492 0.2192 0 0
23 254 1705 0 0 0 0 0 1.0008 0 0.9856 -0.1816 0.2042 0.2704 1.73 0.927 -0.1188 0.3562 0.4358 2.6938 0.0261 0.0261 0.2162 0 0
23 255 1463 0 0 0 0 0 1.0009 0 0.9776 -0.146 0.1978 0.2813 1.8765 0.9352 -0.1087 0.3444 0.4303 2.6666 -0.0622 0.0622 0.2253 0 0
23 256 2522 0 0 0 0 0 1.0003 0 0.9708 0.1592 0.2217 0.29 1.1797 0.9434 0.1527 0.3595 0.4582 2.619 0.091 0.091 0.1911 0 0
23 257 1469 0 0 0 0 0 1.001 0 0.995 0.0348 0.1089 0.1439 1.962 0.9318 0.0091 0.3234 0.4011 2.3836 -0.0129 0.0129 0.216 0 0
23 258 1484 0 0 0 0 0 1.0005 0 0.985 0.0014 0.1307 0.1613 1.2411 0.9248 0.0029 0.3269 0.4258 2.6316 -0.0209 0.0209 0.2142 0 0
23 259 1643 0 0 0 0 0 1.0011 0 0.986 0.0031 0.21 0.2666 1.3376 0.9367 0.0405 0.3468 0.4409 2.4642 0.0319 0.0319 0.2021 0 0
23 260 1448 0 0 0 0 0 1.0006 0 0.9647 -0.1238 0.2917 0.3956 2.4346 0.9134 -0.0756 0.384 0.4906 2.7056 -0.0635 0.0635 0.2377 0 0
23 261 1862 0 0 0 0 0 1.0004 0 0.968 -0.3063 0.312 0.3947 1.376 0.9165 -0.2077 0.4024 0.5113 2.853 0.057 0.057 0.2222 0 0
23 262 1446 0 0 0 0 0 1.0003 0 0.9811 -0.0397 0.1662 0.2026 1.0993 0.9285 -0.0165 0.3412 0.4358 2.3601 -0.1416 0.1416 0.2283 0 0
23 263 1584 0 0 0 0 0 1.0012 0 0.9752 -0.0626 0.2582 0.3496 2.2927 0.911 -0.1103 0.3762 0.4766 2.7193 0.0179 0.0179 0.2215 0 0
23 264 1641 0 0 0 0 0 1.0005 0 0.9809 0.274 0.274 0.3551 1.6334 0.9237 0.2346 0.395 0.5021 2.8477 0.0106 0.0106 0.2209 0 0
23 265 1493 0 0 0 0 0 1.0005 0 0.9547 -0.3412 0.3525 0.4446 1.9947 0.9178 -0.2791 0.4266 0.5308 3.0399 -0.0185 0.0185 0.2453 0 0
23 266 2410 0 0 0 0 0 1.0003 0 0.982 0.2437 0.2521 0.2987 1.5238 0.9328 0.2654 0.41 0.5039 2.974 0.1063 0.1063 0.2051 0 0
23 267 1454 0 0 0 0 0 1.0007 0 0.9829 0.0576 0.2024 0.2814 2.0653 0.913 0.0386 0.3477 0.4443 2.4273 -0.0741 0.0741 0.2288 0 0
23 268 1497 0 0 0 0 0 1.0009 0 0.9889 0.0888 0.1726 0.227 2.0843 0.9157 0.0844 0.3681 0.4597 2.593 -0.0249 0.0249 0.2179 0 0
23 269 1473 0 0 0 0 0 1.0005 0 0.984 0.1316 0.1742 0.2085 1.6106 0.9216 0.1647 0.3769 0.4617 2.7694 -0.0739 0.0739 0.232 0 0
23 270 1436 0 0 0 0 0 1.0003 0 0.9544 0.1424 0.3576 0.5118 2.7947 0.9084 0.2812 0.4256 0.5343 2.5348 -0.124 0.124 0.2432 0 0
23 271 1455 0 0 0 0 0 1.0004 0 0.9778 -0.0089 0.1851 0.2646 1.6835 0.9246 0.0734 0.3354 0.4211 2.4775 -0.0501 0.0501 0.2322 0 0
23 272 1459 0 0 0 0 0 1.0009 0 0.9737 0.0476 0.284 0.4398 2.7049 0.9067 -0.0888 0.3877 0.4827 2.6223 -0.0435 0.0435 0.2334 0 0
23 273 1920 0 0 0 0 0 1.0007 0 0.9855 0.1384 0.1752 0.2262 1.8302 0.9098 0.1238 0.383 0.4859 2.9925 0.0533 0.0533 0.2175 0 0
23 274 1486 0 0 0 0 0 1.0002 0 0.9865 -0.0713 0.1347 0.2011 1.5353 0.9259 -0.0304 0.3273 0.4153 2.6526 0.0086 0.0086 0.2242 0 0
23 275 1714 0 0 0 0 0 1.0009 0 0.988 0.0906 0.1973 0.2577 1.5048 0.9439 0.1232 0.3351 0.4248 2.5907 0.0541 0.0541 0.2066 0 0
23 276 1495 0 0 0 0 0 1.0005 0 0.9852 -0.2612 0.2703 0.3199 2.2512 0.9165 -0.203 0.409 0.5257 2.8972 0.0305 0.0305 0.231 0 0
23 277 1495 0 0 0 0 0 1.0006 0 0.9792 0.0152 0.1945 0.2385 1.7655 0.9241 0.0215 0.3412 0.4278 2.6571 -0.0117 0.0117 0.2192 0 0
23 278 1692 0 0 0 0 0 1.0003 0 0.984 -0.0242 0.1356 0.1686 1.0942 0.9259 -0.0161 0.3316 0.4268 2.5688 0.0251 0.0251 0.2087 0 0
23 279 1543 0 0 0 0 0 1.0005 0 0.9744 0.0453 0.1449 0.1763 0.9595 0.9266 0.0701 0.3349 0.4231 2.6271 0.0199 0.0199 0.2064 0 0
23 280 1905 0 0 0 0 0 1.0004 0 0.9785 -0.2133 0.2358 0.2832 1.2774 0.9167 -0.2039 0.3895 0.4834 2.8348 0.0343 0.0343 0.2186 0 0
23 281 1489 0 0 0 0 0 1.0013 0 0.9772 0.1881 0.2293 0.2716 1.1196 0.9303 0.1838 0.3648 0.4529 2.6169 -0.0589 0.0589 0.2119 0 0
23 282 1433 0 0 0 0 0 1.0005 0 0.9864 0.1963 0.2149 0.3113 2.1596 0.9243 0.142 0.339 0.4348 2.3259 -0.1158 0.1158 0.2315 0 0
23 283 1496 0 0 0 0 0 1.0005 0 0.987 0.0068 0.1748 0.2311 1.5367 0.9323 0.0091 0.3442 0.4396 2.3917 -0.0449 0.0449 0.2169 0 0
23 284 1468 0 0 0 0 0 1.0004 0 0.9856 -0.121 0.2268 0.3062 1.8975 0.909 -0.1324 0.3868 0.4665 2.4954 -0.0845 0.0845 0.2322 0 0
23 285 1475 0 0 0 0 0 1.0007 0 0.9817 -0.1745 0.2078 0.2689 1.2026 0.9245 -0.1933 0.3692 0.4679 2.568 -0.07 0.07 0.2192 0 0
23 286 1509 0 0 0 0 0 1.0011 0 0.9897 0.0449 0.173 0.2226 1.8066 0.9409 0.0459 0.3314 0.4164 2.4214 0.014 0.014 0.208 0 0
23 287 1470 0 0 0 0 0 1.0002 0 0.9873 -0.1691 0.225 0.2897 1.6554 0.91 -0.131 0.3695 0.4623 2.3634 -0.0615 0.0615 0.2311 0 0
23 288 1449 0 0 0 0 0 1.0004 0 0.9726 -0.0539 0.2266 0.3471 2.0343 0.9133 -0.0365 0.3664 0.4507 2.485 -0.068 0.068 0.2288 0 0
23 289 1486 0 0 0 0 0 1.0004 0 0.9887 0.0033 0.1619 0.2177 1.6828 0.9341 0.0439 0.3412 0.4383 2.7864 -0.0065 0.0065 0.2152 0 0
23 290 1496 0 0 0 0 0 1.0005 0 0.9917 0.0817 0.1444 0.1759 1.6981 0.9286 0.0538 0.3157 0.4039 2.541 -0.0228 0.0228 0.2205 0 0
23 291 1495 0 0 0 0 0 1.0006 0 0.9891 -0.1689 0.1855 0.2216 1.18 0.9276 -0.1404 0.3457 0.4346 2.6573 0.0142 0.0142 0.2149 0 0
23 292 1479 0 0 0 0 0 1.0003 0 0.979 0.017 0.1673 0.1996 1.0618 0.9347 0.0219 0.331 0.4205 2.3914 -0.057 0.057 0.2093 0 0
23 293 1480 0 0 0 0 0 1.0004 0 0.9891 0.0862 0.1652 0.204 1.5672 0.9224 0.0254 0.3578 0.452 2.678 -0.0064 0.0064 0.2193 0 0
23 294 1458 0 0 0 0 0 1.0003 0 0.9797 -0.0495 0.1741 0.2074 1.3091 0.9209 -0.0369 0.3215 0.4136 2.4763 -0.0706 0.0706 0.2299 0 0
23 295 1490 0 0 0 0 0 1.0004 0 0.9801 0.0537 0.1386 0.1787 1.1524 0.9117 0.0641 0.3572 0.4565 2.5602 0.0026 0.0026 0.222 0 0
23 296 1453 0 0 0 0 0 1.0005 0 0.9848 -0.1511 0.2214 0.2711 1.6199 0.9119 -0.1881 0.3822 0.4798 2.2675 -0.1153 0.1153 0.2355 0 0
23 297 1480 0 0 0 0 0 1.0006 0 0.9798 -0.0857 0.269 0.3353 1.9325 0.9285 -0.0368 0.3629 0.4625 2.4239 -0.0153 0.0153 0.2214 0 0
23 298 1490 0 0 0 0 0 1.0008 0 0.9822 -0.2183 0.2688 0.3211 1.4362 0.9325 -0.1863 0.3722 0.4719 2.3992 0.0113 0.0113 0.2179 0 0
23 299 1524 0 0 0 0 0 1.0016 0 0.9825 0.1598 0.1898 0.2495 1.5819 0.9319 0.1758 0.3566 0.4406 3.0554 0.0041 0.0041 0.221 0 0
23 300 1561 0 0 0 0 0 1.0004 0 0.9913 0.1353 0.1605 0.2166 1.3356 0.9347 0.0632 0.3555 0.4593 2.7609 0.0612 0.0612 0.1962 0 0
23 301 1498 0 0 0 0 0 1.0008 0 0.9665 -0.1533 0.2472 0.3345 1.497 0.9219 -0.1217 0.3685 0.4607 2.533 0.0481 0.0481 0.2109 0 0
23 302 1480 0 0 0 0 0 1.0006 0 0.9935 0.1748 0.2442 0.2964 1.1977 0.9237 0.161 0.3938 0.494 2.4588 -0.0147 0.0147 0.2181 0 0
23 303 1468 0 0 0 0 0 1.0006 0 0.9844 -0.0912 0.175 0.2125 1.2963 0.9337 -0.0894 0.3329 0.4244 2.6368 -0.0091 0.0091 0.2015 0 0
23 304 1478 0 0 0 0 0 1.0004 0 0.9842 0.1139 0.1555 0.2229 1.9419 0.9254 0.1134 0.331 0.4244 2.4201 -0.063 0.063 0.2271 0 0
23 305 1451 0 0 0 0 0 1.0004 0 0.9949 -0.1365 0.1608 0.1944 1.4457 0.9249 -0.1316 0.3486 0.4547 2.6945 -0.0519 0.0519 0.2217 0 0
23 306 1549 0 0 0 0 0 1.0007 0 0.987 0.069 0.1286 0.1536 1.2856 0.9241 0.0603 0.3377 0.4433 2.5646 0.0163 0.0163 0.2081 0 0
23 307 1705 0 0 0 0 0 1.0003 0 0.973 0.0901 0.1922 0.2457 1.1596 0.9404 0.0513 0.3424 0.4296 2.5112 0.0705 0.0705 0.1968 0 0
23 308 1495 0 0 0 0 0 1.0002 0 0.9766 -0.0233 0.1657 0.2197 1.5894 0.9294 7e-04 0.314 0.4056 2.6423 0.0126 0.0126 0.2185 0 0
23 309 1707 0 0 0 0 0 1.0008 0 0.9829 0.0277 0.161 0.2267 1.8244 0.9175 0.0595 0.3736 0.4649 2.4925 0.0779 0.0779 0.2067 0 0
23 310 1530 0 0 0 0 0 1.0004 0 0.982 -0.0663 0.1293 0.1647 1.2493 0.9212 -0.0659 0.3375 0.4367 2.7302 0.0104 0.0104 0.2108 0 0
23 311 2101 0 0 0 0 0 1.0005 0 0.9806 0.0609 0.1847 0.2453 1.5087 0.9287 0.0422 0.3348 0.4325 2.8091 0.0935 0.0935 0.1961 0 0
23 312 1565 0 0 0 0 0 1.0004 0 0.9894 0.0223 0.1498 0.2234 1.5025 0.9313 0.0025 0.3613 0.4576 2.5464 0.0702 0.0702 0.2013 0 0
23 313 1467 0 0 0 0 0 1.0004 0 0.987 -0.1494 0.1622 0.2371 1.2854 0.9247 -0.0918 0.3467 0.4377 2.4806 -0.0769 0.0769 0.2239 0 0
23 314 2339 0 0 0 0 0 1.001 0 0.9876 0.1498 0.1602 0.1977 1.0335 0.9411 0.1341 0.3458 0.4214 2.8057 0.059 0.059 0.2075 0 0
23 315 1507 0 0 0 0 0 1.0003 0 0.9838 0.1305 0.1782 0.2538 1.749 0.9332 0.1118 0.3355 0.4142 2.5796 0.01 0.01 0.211 0 0
23 316 1483 0 0 0 0 0 1.0005 0 0.9783 -0.021 0.1975 0.2517 1.3775 0.9344 -0.0471 0.3381 0.4259 2.5482 0.0038 0.0038 0.2158 0 0
23 317 1469 0 0 0 0 0 1.0007 0 0.9878 0.2178 0.2318 0.2945 2.1009 0.9305 0.1548 0.3513 0.4374 2.7316 -0.0475 0.0475 0.2247 0 0
23 318 1486 0 0 0 0 0 1.0001 0 0.9767 0.1214 0.1828 0.2598 1.3204 0.9302 0.1379 0.3616 0.4599 2.5414 -0.0377 0.0377 0.2158 0 0
23 319 1523 0 0 0 0 0 1.0007 0 0.9637 -0.0832 0.1951 0.2376 1.1096 0.9284 -0.0848 0.352 0.4419 2.4564 -0.0436 0.0436 0.2183 0 0
23 320 1494 0 0 0 0 0 1.0003 0 0.9681 0.1315 0.2413 0.2938 1.4812 0.9435 0.1131 0.3429 0.4294 2.6651 0.0047 0.0047 0.2049 0 0
23 321 1438 0 0 0 0 0 1.001 0 0.9866 -0.0408 0.1817 0.2195 1.6925 0.911 -0.0719 0.3441 0.4368 2.552 -0.1 0.1 0.2356 0 0
23 322 1458 0 0 0 0 0 1.0008 0 0.9829 0.0247 0.2116 0.286 2.2595 0.9248 -0.0183 0.3435 0.4285 2.4572 -0.0543 0.0543 0.2357 0 0
23 323 1480 0 0 0 0 0 1.0005 0 0.9936 0.0144 0.102 0.1313 1.1965 0.9295 -8e-04 0.3171 0.3936 2.6412 -0.0136 0.0136 0.2188 0 0
23 324 1482 0 0 0 0 0 1.0012 0 0.9903 -0.1438 0.178 0.229 1.8561 0.9111 -0.1329 0.3948 0.5114 2.5221 -8e-04 8e-04 0.2124 0 0
23 325 1470 0 0 0 0 0 1.0008 0 0.9903 -0.0126 0.1177 0.1434 1.1461 0.9253 -0.0137 0.342 0.4429 2.5986 -0.0733 0.0733 0.2174 0 0
23 326 1449 0 0 0 0 0 1.001 0 0.9693 -0.1287 0.2305 0.2853 1.3193 0.9369 -0.1286 0.3398 0.4176 2.6745 -0.0678 0.0678 0.2192 0 0
23 327 1837 0 0 0 0 0 1.0006 0 0.9949 0.2786 0.2786 0.3025 1.9069 0.9303 0.2699 0.4067 0.5015 2.9385 0.0748 0.0748 0.2143 0 0
23 328 1466 0 0 0 0 0 1.0002 0 0.9862 0.1866 0.2117 0.2788 1.884 0.9227 0.1794 0.3629 0.4619 2.6068 -0.0201 0.0201 0.219 0 0
23 329 1470 0 0 0 0 0 1.0008 0 0.9691 -0.0334 0.2026 0.2989 1.8903 0.9042 -0.041 0.3609 0.4613 2.3543 -0.0406 0.0406 0.2321 0 0
23 330 1489 0 0 0 0 0 1.0011 0 0.9715 -0.241 0.285 0.3359 1.294 0.9315 -0.1867 0.3612 0.4615 2.6315 0.003 0.003 0.2071 0 0
23 331 1705 0 0 0 0 0 1.0012 0 0.9846 -0.3025 0.3025 0.37 1.4932 0.9233 -0.269 0.4344 0.5393 2.647 0.0423 0.0423 0.2176 0 0
23 332 1497 0 0 0 0 0 1.0005 0 0.9936 0.0296 0.0968 0.1281 1.4152 0.9241 0.0341 0.3184 0.4022 2.3435 -0.0705 0.0705 0.2258 0 0
23 333 1486 0 0 0 0 0 1.0006 0 0.9831 0.2131 0.2805 0.3457 1.5319 0.9245 0.1638 0.3668 0.4715 2.5164 -0.0124 0.0124 0.2177 0 0
23 334 1624 0 0 0 0 0 1.0007 0 0.9849 -0.0232 0.1356 0.1709 1.4267 0.9289 -0.0188 0.3647 0.4697 2.7168 0.0402 0.0402 0.2044 0 0
23 335 1477 0 0 0 0 0 1.0004 0 0.9691 -0.1718 0.2564 0.3563 1.656 0.9219 -0.0941 0.3547 0.4501 2.6334 -0.037 0.037 0.2208 0 0
23 336 1504 0 0 0 0 0 1.0009 0 0.9775 0.076 0.1927 0.2451 1.5481 0.9233 0.0457 0.3681 0.4655 2.5976 0.0054 0.0054 0.2174 0 0
23 337 1473 0 0 0 0 0 1.0003 0 0.978 0.0035 0.1397 0.1816 1.1431 0.922 -0.0447 0.359 0.4565 2.8081 -0.0522 0.0522 0.215 0 0
23 338 1446 0 0 0 0 0 1.0007 0 0.9715 -0.2155 0.3503 0.4821 2.4608 0.9283 -0.1458 0.3664 0.4722 2.4142 -0.0677 0.0677 0.2302 0 0
23 339 1484 0 0 0 0 0 1.0008 0 0.9771 0.0906 0.1922 0.2295 1.2457 0.9295 0.0759 0.3336 0.4223 2.6575 -0.0159 0.0159 0.2197 0 0
23 340 1719 0 0 0 0 0 1.0004 0 0.9927 -0.0715 0.1442 0.1792 2.3011 0.9336 -0.0503 0.3252 0.424 2.8675 0.0168 0.0168 0.2093 0 0
23 341 2286 0 0 0 0 0 1.0004 0 0.981 -0.3746 0.3808 0.4404 2.1675 0.9236 -0.3206 0.4658 0.5818 3.3067 0.0877 0.0877 0.2247 0 0
23 342 1480 0 0 0 0 0 1.0005 0 0.9859 0.2887 0.2887 0.3396 1.3261 0.9293 0.2633 0.4135 0.5075 2.6387 -0.0123 0.0123 0.2175 0 0
23 343 1446 0 0 0 0 0 1.0006 0 0.9725 0.109 0.1999 0.239 0.9721 0.9302 0.0819 0.3507 0.4416 2.6747 -0.05 0.05 0.2219 0 0
23 344 1470 0 0 0 0 0 1.0002 0 0.9902 0.1226 0.1574 0.1869 1.474 0.9245 0.0802 0.3462 0.431 2.7379 -0.0403 0.0403 0.222 0 0
23 345 1597 0 0 0 0 0 1.0005 0 0.9841 0.0037 0.1608 0.1976 1.4177 0.9204 0.0063 0.3375 0.44 2.5825 -0.0331 0.0331 0.2227 0 0
23 346 1446 0 0 0 0 0 1.0002 0 0.9906 0.1095 0.1874 0.2337 2.0546 0.9218 0.0189 0.3424 0.4297 2.4544 -0.1187 0.1187 0.2347 0 0
23 347 1437 0 0 0 0 0 1.0003 0 0.9668 0.1301 0.3271 0.5362 2.823 0.9235 0.0274 0.3412 0.4241 2.4555 -0.0715 0.0715 0.2253 0 0
23 348 1459 0 0 0 0 0 1.0005 0 0.9868 0.2097 0.2562 0.2959 1.2274 0.9227 0.2127 0.3919 0.4998 2.5173 -0.0827 0.0827 0.228 0 0
23 349 1463 0 0 0 0 0 1.001 0 0.986 0.0341 0.161 0.1956 1.6828 0.918 0.0375 0.3188 0.4058 2.3959 -0.0825 0.0825 0.2378 0 0
23 350 1509 0 0 0 0 0 1.0002 0 0.9817 -0.1625 0.2216 0.2854 1.8094 0.923 -0.0898 0.3752 0.4666 2.6614 0.0031 0.0031 0.2144 0 0
23 351 1463 0 0 0 0 0 1.0008 0 0.9709 -0.1434 0.1886 0.2442 1.204 0.9293 -0.129 0.3335 0.4353 2.6805 -0.0618 0.0618 0.2197 0 0
23 352 1653 0 0 0 0 0 1.0008 0 0.9607 0.1172 0.21 0.2548 1.1212 0.9357 0.114 0.3665 0.4709 2.8026 0.0978 0.0978 0.186 0 0
23 353 1510 0 0 0 0 0 1.0005 0 0.9784 -0.1698 0.2412 0.3089 1.6745 0.9302 -0.177 0.3534 0.4452 2.5147 -7e-04 7e-04 0.215 0 0
23 354 1495 0 0 0 0 0 1.0005 0 0.9727 -0.0839 0.2389 0.289 1.6913 0.9393 -0.0628 0.3103 0.3937 2.5466 0.0065 0.0065 0.2119 0 0
23 355 1500 0 0 0 0 0 1.0005 0 0.9839 -0.0646 0.1659 0.2264 1.2192 0.9389 -0.1034 0.3464 0.4422 2.5964 -0.0156 0.0156 0.2143 0 0
23 356 1485 0 0 0 0 0 1.0004 0 0.9622 -0.0917 0.2613 0.3053 1.5958 0.9298 -0.1072 0.3465 0.4389 2.6586 -0.0264 0.0264 0.2116 0 0
23 357 1493 0 0 0 0 0 1.0005 0 0.9892 -0.1477 0.1849 0.2319 1.254 0.9253 -0.18 0.3789 0.4694 2.4813 -0.0065 0.0065 0.2191 0 0
23 358 2229 0 0 0 0 0 1.0005 0 0.9877 -0.0308 0.1846 0.2295 1.7179 0.9351 0.0167 0.3582 0.4589 2.7617 0.1143 0.1143 0.1903 0 0
23 359 2007 0 0 0 0 0 1.0003 0 0.9914 -0.2828 0.2828 0.3226 1.5272 0.9361 -0.2831 0.4119 0.5115 2.7225 0.0749 0.0749 0.1959 0 0
23 360 1483 0 0 0 0 0 1.0006 0 0.9923 0.1134 0.1696 0.1988 1.4352 0.9204 0.0699 0.3701 0.4698 2.6745 0.002 0.002 0.211 0 0
23 361 1458 0 0 0 0 0 1.0003 0 0.9614 0.1221 0.2729 0.5276 2.7553 0.9086 0.0256 0.3747 0.4663 2.4639 -0.0533 0.0533 0.2295 0 0
23 362 2038 0 0 0 0 0 1.0003 0 0.9777 -0.1628 0.2165 0.2602 2.1753 0.9222 -0.1421 0.3614 0.4667 3.0194 0.0868 0.0868 0.2154 0 0
23 363 1561 0 0 0 0 0 1.0008 0 0.9842 0.2846 0.2846 0.3322 1.1377 0.9374 0.2506 0.3877 0.4949 2.7796 0.0264 0.0264 0.2022 0 0
23 364 1473 0 0 0 0 0 1.0004 0 0.9609 0.0256 0.2345 0.3031 1.3891 0.9314 0.05 0.334 0.4314 2.5808 -0.1057 0.1057 0.2276 0 0
23 365 1507 0 0 0 0 0 1.0003 0 0.9818 0.0868 0.157 0.204 1.2325 0.9274 0.1133 0.3406 0.4417 2.6464 -0.0366 0.0366 0.2142 0 0
23 366 1472 0 0 0 0 0 1.0003 0 0.9905 0.1209 0.1615 0.1932 1.6343 0.918 0.1039 0.3628 0.4522 2.7304 -0.0228 0.0228 0.2279 0 0
23 367 1469 0 0 0 0 0 1.0009 0 0.9638 -0.2053 0.3343 0.4112 2.3029 0.9298 -0.2212 0.4093 0.5209 2.6132 -0.0901 0.0901 0.2285 0 0
23 368 1690 0 0 0 0 0 1.0003 0 0.9801 0.1622 0.2244 0.2661 1.212 0.94 0.077 0.3419 0.4303 2.5881 0.0619 0.0619 0.2003 0 0
23 369 1468 0 0 0 0 0 1.0003 0 0.9858 0.093 0.1386 0.189 1.3276 0.918 0.0924 0.3497 0.4464 2.6646 -0.0596 0.0596 0.22 0 0
23 370 1506 0 0 0 0 0 1.0004 0 0.9858 0.2337 0.2479 0.2955 1.1849 0.9331 0.2436 0.3903 0.4794 2.8373 -0.0092 0.0092 0.2085 0 0
23 371 1543 0 0 0 0 0 1.0007 0 0.9778 -0.1202 0.2127 0.2736 1.5754 0.9265 -0.0868 0.3422 0.4332 2.5051 0.0324 0.0324 0.2118 0 0
23 372 1506 0 0 0 0 0 1.0009 0 0.9801 0.2448 0.2537 0.3162 1.0858 0.926 0.1951 0.3876 0.4817 2.7214 -0.0161 0.0161 0.2238 0 0
23 373 1545 0 0 0 0 0 1.0002 0 0.9733 0.0404 0.2375 0.318 2.1239 0.9191 0.0564 0.345 0.4343 2.5005 -0.0111 0.0111 0.2238 0 0
23 374 1489 0 0 0 0 0 1.0002 0 0.9916 0.1424 0.1651 0.1987 1.2473 0.9405 0.1547 0.3434 0.4268 2.4771 -0.0103 0.0103 0.2061 0 0
23 375 1529 0 0 0 0 0 1.0005 0 0.9798 0.0292 0.1737 0.2137 1.2635 0.9386 0.049 0.3137 0.395 2.75 0.019 0.019 0.2069 0 0
23 376 1577 0 0 0 0 0 1.0005 0 0.9747 -0.2382 0.2997 0.3726 1.5244 0.9283 -0.1536 0.3815 0.4732 2.7908 0.0456 0.0456 0.2123 0 0
23 377 1452 0 0 0 0 0 1.0004 0 0.9615 -0.2075 0.3911 0.4964 2.3712 0.9181 -0.2091 0.3947 0.4841 2.4353 -0.0729 0.0729 0.2291 0 0
23 378 1641 0 0 0 0 0 1.0003 0 0.9779 0.0616 0.1419 0.1957 1.0129 0.9384 0.0371 0.3134 0.3933 2.9052 0.0483 0.0483 0.206 0 0
23 379 1545 0 0 0 0 0 1.0003 0 0.9866 3e-04 0.166 0.202 1.3795 0.9164 0.0394 0.3408 0.4325 2.5623 -0.0011 0.0011 0.2212 0 0
23 380 1480 0 0 0 0 0 1.0002 0 0.9929 -0.0128 0.115 0.1381 1.3663 0.9308 -0.0379 0.3331 0.4204 2.3635 -0.016 0.016 0.2078 0 0
23 381 1507 0 0 0 0 0 1.0004 0 0.9894 0.0024 0.1815 0.2246 2.0275 0.924 -0.0311 0.3395 0.4362 2.6775 0.0273 0.0273 0.22 0 0
23 382 1456 0 0 0 0 0 1.0004 0 0.9723 -0.1069 0.1913 0.2589 1.4978 0.9295 -0.0846 0.3461 0.4299 2.5587 -0.0445 0.0445 0.2322 0 0
23 383 1446 0 0 0 0 0 1.0004 0 0.9866 0.1948 0.217 0.264 1.3611 0.9043 0.1715 0.3945 0.5037 2.3864 -0.0402 0.0402 0.227 0 0
23 384 1479 0 0 0 0 0 1.0016 0 0.9536 -0.1922 0.2722 0.5334 2.6543 0.9214 -0.0609 0.3491 0.4349 2.4571 -0.0028 0.0028 0.224 0 0
23 385 1452 0 0 0 0 0 1.0003 0 0.9882 0.006 0.1539 0.1862 1.5049 0.9176 0.0523 0.342 0.4405 2.3658 -0.0599 0.0599 0.2265 0 0
23 386 1457 0 0 0 0 0 1.001 0 0.975 0.1886 0.2557 0.3272 1.4301 0.9258 0.157 0.3504 0.4299 2.3428 -0.0991 0.0991 0.2284 0 0
23 387 1533 0 0 0 0 0 1.0004 0 0.982 0.0556 0.1797 0.2525 1.7086 0.9151 0.0527 0.363 0.4509 2.5137 0.0316 0.0316 0.2177 0 0
23 388 1473 0 0 0 0 0 1.0016 0 0.982 -0.0291 0.1459 0.1916 1.1848 0.9137 0.0271 0.3385 0.4303 2.6624 -0.0316 0.0316 0.2318 0 0
23 389 1513 0 0 0 0 0 1.0003 0 0.9865 -0.0373 0.1802 0.248 2.2126 0.9208 -0.0312 0.3511 0.452 2.3334 0.063 0.063 0.2051 0 0
23 390 1446 0 0 0 0 0 1.0004 0 0.9845 -0.0803 0.1678 0.2359 1.5546 0.9329 -0.08 0.3266 0.4039 2.4137 -0.152 0.152 0.2344 0 0
23 391 1460 0 0 0 0 0 1.0002 0 0.9814 0.0443 0.2024 0.2665 1.8059 0.9257 0.093 0.3339 0.4163 2.349 -0.0863 0.0863 0.2335 0 0
23 392 1490 0 0 0 0 0 1.0006 0 0.9934 -0.2287 0.2385 0.2672 1.7544 0.9302 -0.1913 0.3752 0.4619 2.6401 0.0194 0.0194 0.2127 0 0
23 393 1477 0 0 0 0 0 1.0003 0 0.9835 -0.0471 0.1469 0.1706 0.9996 0.9275 -0.0159 0.3327 0.4257 2.6742 -0.0913 0.0913 0.2288 0 0
23 394 1501 0 0 0 0 0 1.0008 0 0.9534 0.0983 0.1965 0.273 1.1538 0.9234 0.0542 0.3593 0.4491 2.7303 -0.0178 0.0178 0.2131 0 0
23 395 1448 0 0 0 0 0 1.0001 0 0.9857 0.0367 0.2108 0.2732 2.3494 0.9254 -0.0111 0.3195 0.4064 2.2281 -0.128 0.128 0.2375 0 0
23 396 1503 0 0 0 0 0 1.0004 0 0.9853 0.0408 0.1596 0.204 1.3845 0.9299 0.1 0.3452 0.4413 2.9565 0.0192 0.0192 0.213 0 0
23 397 1482 0 0 0 0 0 1.0004 0 0.9721 -0.0184 0.2271 0.2724 1.279 0.9207 -0.0431 0.3305 0.4239 2.4493 -0.0092 0.0092 0.2261 0 0
23 398 1755 0 0 0 0 0 1.0004 0 0.9774 0.2222 0.2611 0.3242 1.7784 0.9416 0.1874 0.3743 0.465 2.9553 0.0496 0.0496 0.2084 0 0
23 399 1919 0 0 0 0 0 1.0011 0 0.9651 0.1581 0.1966 0.2551 1.2582 0.9218 0.1714 0.3906 0.4901 3.0932 0.0743 0.0743 0.2151 0 0
23 400 1438 0 0 0 0 0 1.0001 0 0.9714 -0.1018 0.2605 0.3159 1.2584 0.9117 -0.1488 0.3761 0.478 2.4254 -0.0873 0.0873 0.2301 0 0
23 401 1473 0 0 0 0 0 1.0009 0 0.9843 0.0118 0.1618 0.2225 1.3722 0.9117 0.0285 0.3559 0.4464 2.611 0.0056 0.0056 0.2218 0 0
23 402 1873 0 0 0 0 0 1.0004 0 0.9753 -0.1853 0.2593 0.3376 1.4521 0.9221 -0.1332 0.3781 0.4759 2.8142 0.0529 0.0529 0.2141 0 0
23 403 1488 0 0 0 0 0 1.0003 0 0.9672 -0.0117 0.1842 0.228 1.1395 0.9407 -0.0087 0.3217 0.4134 2.8068 -0.0267 0.0267 0.2111 0 0
23 404 1483 0 0 0 0 0 1.0002 0 0.9774 -0.0821 0.2156 0.354 2.3411 0.9245 -0.0583 0.3596 0.4462 2.5545 0.0115 0.0115 0.2114 0 0
23 405 1471 0 0 0 0 0 1.0002 0 0.9695 0.0965 0.2189 0.3216 2.3329 0.9317 0.026 0.3225 0.4033 2.79 -0.0413 0.0413 0.2172 0 0
23 406 1449 0 0 0 0 0 1.0007 0 0.9881 -0.0611 0.1885 0.2553 1.6418 0.9304 -0.1279 0.3393 0.4345 2.4615 -0.071 0.071 0.228 0 0
23 407 1912 0 0 0 0 0 1.0007 0 0.9885 0.0336 0.159 0.191 1.7158 0.923 -0.0125 0.3556 0.4454 2.6052 0.0376 0.0376 0.2098 0 0
23 408 1439 0 0 0 0 0 1.0003 0 0.9674 0.0407 0.2645 0.446 2.782 0.9002 -0.0163 0.3811 0.4756 2.361 -0.1483 0.1483 0.2456 0 0
23 409 1480 0 0 0 0 0 1.0006 0 0.987 -0.0277 0.1818 0.2199 2.4032 0.9172 0.0397 0.3474 0.458 2.6526 -0.0124 0.0124 0.2089 0 0
23 410 1449 0 0 0 0 0 1.0007 0 0.9784 -0.1081 0.2183 0.2714 1.3239 0.9237 -0.0684 0.3492 0.4444 2.4753 -0.1074 0.1074 0.2317 0 0
23 411 1886 0 0 0 0 0 1.0004 0 0.9711 0.0592 0.1614 0.2291 1.0815 0.9426 0.0496 0.3077 0.3937 2.8645 0.0493 0.0493 0.2025 0 0
23 412 1474 0 0 0 0 0 1.0008 0 0.994 -0.165 0.1938 0.2304 1.5135 0.9212 -0.1316 0.3657 0.4585 2.432 -0.0334 0.0334 0.2186 0 0
23 413 1528 0 0 0 0 0 1.0014 0 0.9874 0.0019 0.1604 0.2215 1.7388 0.9347 0.0312 0.3328 0.4222 2.5538 0.0274 0.0274 0.21 0 0
23 414 1479 0 0 0 0 0 1.0009 0 0.9851 -0.0353 0.1586 0.193 1.4415 0.9312 -0.0384 0.3231 0.4103 2.4245 -0.0615 0.0615 0.2216 0 0
23 415 1544 0 0 0 0 0 1.0002 0 0.9843 0.1013 0.1842 0.234 1.6796 0.9413 0.0688 0.3247 0.412 2.6081 0.0241 0.0241 0.2123 0 0
23 416 1444 0 0 0 0 0 1.0002 0 0.9799 -0.1088 0.2207 0.2811 1.4681 0.9371 -0.1277 0.3353 0.4131 2.5816 -0.0675 0.0675 0.2335 0 0
23 417 1542 0 0 0 0 0 1.0006 0 0.9809 -0.029 0.1429 0.1756 0.9918 0.9271 0.0107 0.3304 0.425 2.4939 -0.0272 0.0272 0.2098 0 0
23 418 1556 0 0 0 0 0 1.0008 0 0.9792 0.1143 0.2045 0.2598 1.273 0.9271 0.1068 0.3497 0.4467 2.7025 -0.015 0.015 0.2105 0 0
23 419 1469 0 0 0 0 0 1.0004 0 0.9736 0.1246 0.2438 0.287 1.4982 0.9277 0.074 0.345 0.4328 2.562 -0.0583 0.0583 0.2183 0 0
23 420 1463 0 0 0 0 0 1.0005 0 0.9891 0.0793 0.1919 0.2486 2.2703 0.8987 0.046 0.3633 0.473 2.539 -0.0486 0.0486 0.245 0 0
23 421 1535 0 0 0 0 0 1.0004 0 0.9741 0.0591 0.2164 0.3328 2.6662 0.9398 -0.0347 0.3514 0.4404 2.6017 0.0207 0.0207 0.2115 0 0
23 422 1447 0 0 0 0 0 1.0003 0 0.9889 0.0115 0.1627 0.1875 1.3385 0.9284 -0.0031 0.334 0.4308 2.3725 -0.0605 0.0605 0.2236 0 0
23 423 1478 0 0 0 0 0 1.0003 0 0.9798 -0.1223 0.226 0.3191 1.6254 0.9243 -0.114 0.3644 0.4514 2.5089 -0.0065 0.0065 0.2177 0 0
23 424 1487 0 0 0 0 0 1.0009 0 0.9918 -0.0267 0.1235 0.1561 1.4276 0.9287 0.0188 0.3261 0.4146 2.5456 -0.0113 0.0113 0.2233 0 0
23 425 1487 0 0 0 0 0 1.0003 0 0.9899 0.1319 0.1451 0.1909 1.5535 0.9083 0.0988 0.3649 0.4693 2.8125 0.0035 0.0035 0.2221 0 0
23 426 1516 0 0 0 0 0 1.0008 0 0.9929 -0.0705 0.1278 0.1793 1.6897 0.925 -0.0865 0.3578 0.4589 2.5536 0.0152 0.0152 0.2124 0 0
23 427 2133 0 0 0 0 0 1.0003 0 0.9652 0.3594 0.4254 0.5081 2.2487 0.912 0.2917 0.4212 0.5283 2.7579 0.0733 0.0733 0.2368 0 0
23 428 1464 0 0 0 0 0 1.0006 0 0.9662 -0.26 0.3121 0.4639 2.3691 0.9197 -0.1894 0.3996 0.4944 2.5167 -0.0046 0.0046 0.228 0 0
23 429 1494 0 0 0 0 0 1.0001 0 0.9866 -0.0647 0.1538 0.1879 1.2263 0.9333 -0.0842 0.3468 0.4421 2.5526 0.0074 0.0074 0.2106 0 0
23 430 2507 0 0 0 0 0 1.0008 0 0.9651 -0.3905 0.4054 0.5097 1.9671 0.9013 -0.3137 0.5047 0.6224 3.0224 0.0941 0.0941 0.2507 0 0
23 431 1676 0 0 0 0 0 1.0003 0 0.9858 -0.0872 0.1763 0.238 1.7206 0.9344 -0.0857 0.3508 0.4355 2.9338 0.0619 0.0619 0.2025 0 0
23 432 1465 0 0 0 0 0 1.0005 0 0.9678 -0.0756 0.1694 0.211 1.1579 0.9179 -0.0425 0.3563 0.4611 2.7356 -0.0355 0.0355 0.2205 0 0
23 433 1472 0 0 0 0 0 1.0009 0 0.9821 0.1144 0.1783 0.2206 1.2908 0.9257 0.0984 0.3206 0.4195 2.4858 -0.0107 0.0107 0.2144 0 0
23 434 1470 0 0 0 0 0 1.0003 0 0.9812 0.0435 0.1661 0.1993 1.3444 0.9223 0.003 0.343 0.4442 2.7115 -0.0491 0.0491 0.2257 0 0
23 435 1480 0 0 0 0 0 1.0004 0 0.9717 -0.124 0.2295 0.2732 1.4471 0.926 -0.1285 0.3479 0.4303 2.5942 -0.0331 0.0331 0.2212 0 0
23 436 1527 0 0 0 0 0 1.0004 0 0.9885 -0.0113 0.1348 0.1655 1.3284 0.9274 -0.0335 0.3326 0.4219 2.6245 -0.0442 0.0442 0.2174 0 0
23 437 1456 0 0 0 0 0 1.0004 0 0.9739 -0.0319 0.1485 0.1901 1.1457 0.9201 -0.0268 0.3468 0.4322 2.4946 -0.0885 0.0885 0.2277 0 0
23 438 1777 0 0 0 0 0 1.0007 0 0.9823 -0.2423 0.2804 0.3453 2.0106 0.9284 -0.1897 0.3763 0.465 2.6677 0.053 0.053 0.2169 0 0
23 439 1489 0 0 0 0 0 1.0006 0 0.9923 -0.0162 0.1364 0.1724 1.7037 0.9175 -0.0068 0.3198 0.4122 2.3475 -0.0137 0.0137 0.2295 0 0
23 440 1471 0 0 0 0 0 1.0006 0 0.9782 0.0394 0.1652 0.2053 1.3905 0.9285 0.1168 0.3162 0.405 2.3672 -0.0185 0.0185 0.2231 0 0
23 441 1451 0 0 0 0 0 1.0002 0 0.9894 0.1048 0.1382 0.1829 1.625 0.9193 0.0894 0.3642 0.4536 2.8332 -0.0529 0.0529 0.22 0 0
23 442 1507 0 0 0 0 0 1.0003 0 0.9789 -0.0324 0.1954 0.2673 1.5272 0.9298 0.0462 0.3612 0.4547 2.5981 0.0153 0.0153 0.2152 0 0
23 443 1481 0 0 0 0 0 1.0004 0 0.9752 -0.1325 0.1786 0.225 1.3215 0.9263 -0.1577 0.3559 0.4583 2.6694 -0.0728 0.0728 0.2253 0 0
23 444 1492 0 0 0 0 0 1.0004 0 0.9821 0.0562 0.1613 0.1994 1.1568 0.9403 0.0419 0.3207 0.3998 2.556 0.0198 0.0198 0.2022 0 0
23 445 1484 0 0 0 0 0 1.0002 0 0.9908 0.1605 0.2159 0.2688 1.4455 0.9286 0.1654 0.385 0.4843 2.5457 0.011 0.011 0.2124 0 0
23 446 1959 0 0 0 0 0 1.0008 0 0.9935 0.0389 0.1615 0.2176 1.2727 0.9414 0.0127 0.3238 0.4098 2.6367 0.0824 0.0824 0.2022 0 0
23 447 1488 0 0 0 0 0 1.0008 0 0.9865 0.2339 0.2824 0.327 1.995 0.9264 0.1489 0.3865 0.4784 2.5329 0.0219 0.0219 0.2125 0 0
23 448 1759 0 0 0 0 0 1.0015 0 0.9836 0.2355 0.2566 0.3 1.2289 0.931 0.2126 0.3752 0.4781 2.8747 0.0671 0.0671 0.2073 0 0
23 449 1468 0 0 0 0 0 1.0003 0 0.9758 0.0565 0.1968 0.251 1.3417 0.9122 0.0547 0.3703 0.4475 2.6275 -0.036 0.036 0.2273 0 0
23 450 1505 0 0 0 0 0 1.0011 0 0.9618 -0.1237 0.2564 0.3126 1.2845 0.9306 -0.0934 0.3486 0.449 2.7835 7e-04 7e-04 0.2211 0 0
23 451 1505 0 0 0 0 0 1.0012 0 0.9897 0.0057 0.1992 0.2562 2.2984 0.9152 -2e-04 0.3668 0.4622 2.5761 0.0054 0.0054 0.2258 0 0
23 452 1481 0 0 0 0 0 1.0004 0 0.9839 0.0908 0.1737 0.2263 1.3411 0.9247 0.0864 0.361 0.4621 2.543 0.0331 0.0331 0.219 0 0
23 453 1487 0 0 0 0 0 1.0002 0 0.9809 0.0558 0.2056 0.2387 1.6245 0.929 0.018 0.3264 0.4063 2.5024 -0.0634 0.0634 0.2236 0 0
23 454 1478 0 0 0 0 0 1.0002 0 0.9856 -0.0798 0.1951 0.2428 1.2882 0.9268 -0.0778 0.3653 0.4605 2.4763 -0.0133 0.0133 0.2241 0 0
23 455 1742 0 0 0 0 0 1.0002 0 0.9807 0.0308 0.1515 0.201 1.3507 0.9296 0.0647 0.3494 0.4379 2.6546 0.051 0.051 0.199 0 0
23 456 1492 0 0 0 0 0 1.0003 0 0.9846 0.0503 0.1668 0.2084 1.8327 0.9185 0.04 0.3464 0.4429 2.5321 -0.0087 0.0087 0.2167 0 0
23 457 1524 0 0 0 0 0 1.0004 0 0.9719 0.0143 0.1523 0.1923 1.1224 0.9329 -0.0191 0.3219 0.417 2.6767 0.0379 0.0379 0.2128 0 0
23 458 2134 0 0 0 0 0 1.001 0 0.9892 0.2229 0.2271 0.2668 1.5262 0.9253 0.1733 0.3781 0.48 2.9459 0.0958 0.0958 0.2102 0 0
23 459 1485 0 0 0 0 0 1.0002 0 0.9912 -0.0618 0.1291 0.1547 1.436 0.9282 -0.0467 0.3168 0.4073 2.6385 0.0052 0.0052 0.2093 0 0
23 460 1490 0 0 0 0 0 1.0005 0 0.9708 0.0785 0.2441 0.3348 2.4665 0.9275 0.0627 0.3489 0.4331 2.6599 -0.002 0.002 0.214 0 0
23 461 1513 0 0 0 0 0 1.0004 0 0.9834 -0.0334 0.1824 0.2467 1.5247 0.9343 -0.0238 0.3439 0.4231 2.496 0.0532 0.0532 0.1989 0 0
23 462 1567 0 0 0 0 0 1.0009 0 0.9888 -0.0317 0.1936 0.2469 1.8549 0.9307 -0.0483 0.342 0.425 2.4666 0.0483 0.0483 0.2125 0 0
23 463 2133 0 0 0 0 0 1.0002 0 0.9768 0.0445 0.1321 0.1875 1.1251 0.9356 0.0069 0.3346 0.4322 2.7567 0.0571 0.0571 0.1995 0 0
23 464 1481 0 0 0 0 0 1.0007 0 0.9925 0.1122 0.1308 0.1699 1.7599 0.9225 0.1031 0.3525 0.454 2.7561 -0.0225 0.0225 0.2256 0 0
23 465 1872 0 0 0 0 0 1.0005 0 0.9768 -0.0149 0.1625 0.1909 1.096 0.9527 -0.0232 0.3071 0.3847 3.0135 0.1034 0.1034 0.1903 0 0
23 466 1508 0 0 0 0 0 1.0004 0 0.99 -0.1788 0.204 0.2579 1.6476 0.945 -0.1227 0.3414 0.4345 2.5907 0.0321 0.0321 0.198 0 0
23 467 1448 0 0 0 0 0 1.0008 0 0.9867 -0.0417 0.188 0.2896 1.5984 0.9257 -0.0584 0.3386 0.4321 2.4891 -0.0713 0.0713 0.2242 0 0
23 468 2556 0 0 0 0 0 1.0002 0 0.9836 0.204 0.2404 0.3141 1.3627 0.9462 0.1778 0.3506 0.4344 2.5631 0.085 0.085 0.1978 0 0
23 469 1491 0 0 0 0 0 1.0004 0 0.9829 0.0021 0.1541 0.2169 1.3159 0.928 0.038 0.3302 0.4091 2.42 0.005 0.005 0.2147 0 0
23 470 1672 0 0 0 0 0 1.0004 0 0.9931 -0.0816 0.158 0.1861 1.2903 0.9313 -0.0665 0.3329 0.4285 2.7837 0.0178 0.0178 0.2127 0 0
23 471 1563 0 0 0 0 0 1.0003 0 0.991 -0.0551 0.1729 0.2481 1.9146 0.9241 -0.0992 0.3665 0.4569 2.3735 0.014 0.014 0.2165 0 0
23 472 1457 0 0 0 0 0 1.0006 0 0.9878 -0.08 0.1604 0.202 1.4493 0.9169 -0.0796 0.3281 0.4167 2.4138 -0.1043 0.1043 0.2401 0 0
23 473 1558 0 0 0 0 0 1.0004 0 0.9843 -0.2473 0.2627 0.3422 1.3188 0.9225 -0.1877 0.3942 0.4901 2.7199 -0.0038 0.0038 0.2121 0 0
23 474 1499 0 0 0 0 0 1.0006 0 0.9792 -0.0365 0.1597 0.1976 1.3313 0.9229 -0.0123 0.3514 0.437 2.6371 -0.0088 0.0088 0.2096 0 0
23 475 1498 0 0 0 0 0 1.0005 0 0.9889 -0.0417 0.1349 0.1699 1.0582 0.9284 -0.0194 0.3375 0.4193 2.5519 -0.0702 0.0702 0.2175 0 0
23 476 2142 0 0 0 0 0 1.0004 0 0.9668 -0.0969 0.1943 0.2366 1.1689 0.9371 -0.095 0.3375 0.4323 2.7266 0.1 0.1 0.1907 0 0
23 477 2291 0 0 0 0 0 1.0003 0 0.9756 -0.2734 0.2992 0.3419 1.2412 0.9444 -0.2718 0.3984 0.4949 2.8924 0.1263 0.1263 0.1877 0 0
23 478 1480 0 0 0 0 0 1.0028 0 0.9767 -0.0772 0.1505 0.2097 1.3695 0.9223 -0.0689 0.35 0.4532 2.853 -0.0017 0.0017 0.2283 0 0
23 479 1455 0 0 0 0 0 1.0001 0 0.9876 0.0468 0.1481 0.1774 1.1904 0.9311 0.0267 0.3137 0.4101 2.6168 -0.0417 0.0417 0.2166 0 0
23 480 1562 0 0 0 0 0 1.0004 0 0.9863 0.1575 0.1712 0.2058 0.9126 0.9331 0.1719 0.3457 0.4337 2.7577 0.0329 0.0329 0.203 0 0
23 481 1546 0 0 0 0 0 1.0003 0 0.9618 -0.0088 0.2155 0.282 1.1608 0.9369 0.0016 0.3552 0.4376 2.5258 0.0517 0.0517 0.1958 0 0
23 482 1492 0 0 0 0 0 1.0003 0 0.98 0.0605 0.2388 0.3096 1.6384 0.9254 0.0508 0.3561 0.4508 2.4322 0.0052 0.0052 0.2086 0 0
23 483 1472 0 0 0 0 0 1.0004 0 0.9807 0.136 0.2059 0.2992 2.5558 0.922 0.0616 0.3516 0.4514 2.714 -0.0453 0.0453 0.2275 0 0
23 484 2475 0 0 0 0 0 1.0006 0 0.9687 0.2796 0.3157 0.4052 2.1859 0.9192 0.2174 0.4303 0.5253 2.9379 0.1027 0.1027 0.2073 0 0
23 485 1685 0 0 0 0 0 1.0003 0 0.9731 -0.2213 0.268 0.311 1.1386 0.9194 -0.2164 0.379 0.4932 2.7539 0.0185 0.0185 0.2151 0 0
23 486 1452 0 0 0 0 0 1.0007 0 0.9772 -0.042 0.2329 0.3498 1.7374 0.9159 -0.069 0.3667 0.467 2.7376 -0.0877 0.0877 0.2355 0 0
23 487 1504 0 0 0 0 0 1.0003 0 0.9815 0.1148 0.2125 0.2638 2.156 0.9264 0.0734 0.3287 0.417 2.6953 0.0321 0.0321 0.2223 0 0
23 488 1584 0 0 0 0 0 1.0006 0 0.9828 -0.0971 0.1867 0.2207 1.362 0.9274 -0.1581 0.3687 0.4684 2.6955 0.0185 0.0185 0.208 0 0
23 489 1503 0 0 0 0 0 1.0003 0 0.9679 -0.0522 0.2006 0.2609 1.1895 0.9301 -0.0392 0.3415 0.4381 2.5858 -0.0107 0.0107 0.2161 0 0
23 490 1687 0 0 0 0 0 1.0004 0 0.9813 0.0335 0.1953 0.2119 1.2901 0.933 0.0365 0.3308 0.4199 2.534 0.0133 0.0133 0.2079 0 0
23 491 1493 0 0 0 0 0 1.0004 0 0.9909 -0.0819 0.1369 0.1699 1.2805 0.9345 -0.0923 0.3528 0.4359 2.5949 -0.0014 0.0014 0.2029 0 0
23 492 1488 0 0 0 0 0 1.0009 0 0.979 -0.0791 0.1868 0.2569 1.3713 0.9258 -0.0427 0.335 0.4127 2.513 -0.083 0.083 0.2371 0 0
23 493 1449 0 0 0 0 0 1.0005 0 0.9797 0.0271 0.1791 0.2283 1.6808 0.9213 0.006 0.3251 0.4116 2.5655 -0.0936 0.0936 0.2314 0 0
23 494 1490 0 0 0 0 0 1.001 0 0.9754 -0.1117 0.2084 0.2685 1.1756 0.9358 -0.1274 0.3391 0.4284 2.4821 -0.022 0.022 0.212 0 0
23 495 1613 0 0 0 0 0 1.0003 0 0.9806 -0.1581 0.2471 0.3028 1.5693 0.9059 -0.2248 0.4129 0.5085 2.3774 0.0341 0.0341 0.218 0 0
23 496 1470 0 0 0 0 0 1.0001 0 0.986 0.0152 0.1573 0.1895 1.2673 0.9305 0.0258 0.337 0.4265 2.6137 -0.0741 0.0741 0.2158 0 0
23 497 1458 0 0 0 0 0 1.0006 0 0.9879 -0.1067 0.1502 0.1829 1.1202 0.9242 -0.0838 0.3331 0.4237 2.4071 -0.0735 0.0735 0.2278 0 0
23 498 1448 0 0 0 0 0 1.0008 0 0.9849 0.188 0.2362 0.2674 1.3987 0.9328 0.1511 0.3604 0.447 2.445 -0.0765 0.0765 0.2207 0 0
23 499 1473 0 0 0 0 0 1.0006 0 0.9909 0.0844 0.1312 0.1712 1.6937 0.9255 0.0708 0.3468 0.4283 2.5805 -0.0095 0.0095 0.214 0 0
23 500 1553 0 0 0 0 0 1.0004 0 0.9882 -0.0831 0.1524 0.1831 1.0757 0.9184 -0.0937 0.3655 0.4562 2.5333 0.002 0.002 0.2081 0 0
