cond r run.time ndiv nbfmi ntree nbulk ntail maxRhat nRhat beta.cor beta.bias beta.abbias beta.rmse beta.CI theta.cor theta.bias theta.abbias theta.rmse theta.CI lambda.bias lambda.abbias lambda.CI corrupt efficiency
24 1 2117 0 0 0 0 0 1.0003 0 0.9886 -0.126 0.1921 0.2912 1.6327 0.9099 -0.0654 0.3793 0.4818 2.6089 0.0119 0.0119 0.1847 0 0
24 2 2538 0 0 0 0 0 1.0005 0 0.9887 -0.0663 0.1398 0.206 1.8171 0.9183 -0.0167 0.3874 0.482 2.8669 0.0524 0.0524 0.1865 0 0
24 3 2477 0 0 0 0 0 1.001 0 0.9929 -0.0439 0.1131 0.1357 1.2969 0.9341 -0.0482 0.3251 0.4154 2.6895 0.0138 0.0138 0.1772 0 0
24 4 2629 0 0 0 0 0 1.0003 0 0.988 -0.0876 0.1705 0.2119 1.3659 0.9304 -0.1168 0.3455 0.4429 2.6719 0.0507 0.0507 0.1758 0 0
24 5 2206 0 0 0 0 0 1.0004 0 0.9849 0.0588 0.149 0.1883 1.0642 0.9237 0.0438 0.3269 0.4198 2.4258 -0.0212 0.0212 0.1829 0 0
24 6 2101 0 0 0 0 0 1.0002 0 0.9895 0.0622 0.1407 0.1895 1.3688 0.9294 0.0357 0.3354 0.4231 2.6728 -0.0365 0.0365 0.1831 0 0
24 7 2130 0 0 0 0 0 1.0004 0 0.9918 -0.0305 0.1232 0.1515 1.2695 0.9275 -0.0124 0.3419 0.4368 2.7767 -0.0318 0.0318 0.1813 0 0
24 8 2117 0 0 0 0 0 1.0003 0 0.9915 -0.0766 0.1364 0.1799 1.4701 0.9056 -0.0903 0.3496 0.4464 2.3987 -0.0705 0.0705 0.1982 0 0
24 9 2126 0 0 0 0 0 1.001 0 0.9913 0.0838 0.1368 0.1702 1.3094 0.9317 0.0863 0.3332 0.4202 2.579 -0.0437 0.0437 0.1825 0 0
24 10 2126 0 0 0 0 0 1.0003 0 0.9792 -0.0844 0.1646 0.2017 0.904 0.9262 -0.0465 0.3466 0.4335 2.5731 -0.0603 0.0603 0.1834 0 0
24 11 3819 0 0 0 0 0 1.0004 0 0.9852 0.0116 0.1478 0.178 1.1524 0.9385 0.0315 0.3407 0.4366 2.7459 0.0715 0.0715 0.1611 0 0
24 12 2156 0 0 0 0 0 1.0004 0 0.9876 -0.1229 0.2158 0.2717 1.3825 0.9341 -0.1221 0.3423 0.4299 2.6003 -0.0649 0.0649 0.1896 0 0
24 13 2137 0 0 0 0 0 1.0008 0 0.9933 -0.101 0.138 0.174 1.5155 0.9227 -0.091 0.3442 0.4398 2.7139 -0.0776 0.0776 0.1904 0 0
24 14 2187 0 0 0 0 0 1.0003 0 0.989 -0.26 0.2725 0.3238 1.3024 0.9178 -0.2472 0.4283 0.5212 2.7471 0.0201 0.0201 0.1835 0 0
24 15 2284 0 0 0 0 0 1.0006 0 0.9907 -0.0356 0.1346 0.1579 1.0198 0.9279 -0.0253 0.3338 0.4252 2.4888 -0.019 0.019 0.1767 0 0
24 16 2782 0 0 0 0 0 1.0008 0 0.9919 0.0114 0.1094 0.1299 1.0695 0.9273 -0.0093 0.3343 0.4241 2.6041 0.0282 0.0282 0.1722 0 0
24 17 2087 0 0 0 0 0 1.0006 0 0.9938 -0.0534 0.1505 0.1814 1.2743 0.9248 -0.0328 0.3417 0.426 2.4531 -0.1283 0.1283 0.1951 0 0
24 18 3629 0 0 0 0 0 1.0004 0 0.9869 -0.1253 0.1545 0.2027 1.1733 0.9253 -0.1232 0.3774 0.4748 2.67 0.0452 0.0452 0.1711 0 0
24 19 2294 0 0 0 0 0 1.0009 0 0.9845 0.0314 0.1267 0.1843 1.0897 0.931 0.0055 0.3296 0.4184 2.534 0.0069 0.0069 0.181 0 0
24 20 2434 0 0 0 0 0 1.0003 0 0.9919 0.0265 0.119 0.1571 1.1439 0.9314 0.0028 0.3294 0.4225 2.4916 -0.0101 0.0101 0.1765 0 0
24 21 2237 0 0 0 0 0 1.0007 0 0.9798 -0.2025 0.2176 0.3553 2.2453 0.917 -0.1251 0.3562 0.4594 2.7133 -0.0173 0.0173 0.1838 0 0
24 22 2093 0 0 0 0 0 1.0008 0 0.9904 0.0518 0.1295 0.1672 1.5526 0.9143 0.0711 0.3542 0.4451 2.4107 -0.118 0.118 0.1958 0 0
24 23 2131 0 0 0 0 0 1.0007 0 0.9825 -0.0291 0.1493 0.1765 1.1956 0.9333 -0.0761 0.3243 0.4074 2.7824 -0.0222 0.0222 0.1825 0 0
24 24 2146 0 0 0 0 0 1.0005 0 0.9926 0.0336 0.1139 0.1419 1.1214 0.9123 0.0564 0.3365 0.4245 2.5803 -0.0398 0.0398 0.1944 0 0
24 25 2097 0 0 0 0 0 1.0005 0 0.9937 -0.1538 0.1798 0.2111 1.4301 0.9301 -0.1413 0.3517 0.4474 2.4848 -0.036 0.036 0.1808 0 0
24 26 2110 0 0 0 0 0 1.0003 0 0.9748 0.0296 0.2416 0.4411 2.2353 0.9174 -0.0514 0.3653 0.4588 2.4291 -0.0618 0.0618 0.1882 0 0
24 27 2173 0 0 0 0 0 1.0006 0 0.9874 0.0683 0.1654 0.1951 1.2389 0.9241 0.0668 0.34 0.4259 2.4407 -0.0227 0.0227 0.1886 0 0
24 28 2189 0 0 0 0 0 1.0007 0 0.9895 0.0516 0.1276 0.198 1.7761 0.928 0.0476 0.3409 0.4245 2.5279 -0.0299 0.0299 0.1812 0 0
24 29 2159 0 0 0 0 0 1.0014 0 0.983 0.0119 0.1603 0.2016 1.1026 0.9333 0.0396 0.343 0.4422 2.4617 -0.0429 0.0429 0.1771 0 0
24 30 2466 0 0 0 0 0 1.0005 0 0.9943 -0.0826 0.1273 0.1565 1.4675 0.9302 -0.0934 0.3433 0.4296 2.6076 0.0132 0.0132 0.1771 0 0
24 31 2166 0 0 0 0 0 1.0005 0 0.9829 0.2263 0.2599 0.3654 1.9748 0.9077 0.2323 0.4037 0.5105 2.3029 -0.007 0.007 0.1811 0 0
24 32 2161 0 0 0 0 0 1.0004 0 0.9849 -0.0657 0.1393 0.1746 1.0227 0.9252 -0.0369 0.3395 0.4261 2.592 -0.0204 0.0204 0.1812 0 0
24 33 2818 0 0 0 0 0 1.0006 0 0.9941 0.0388 0.1012 0.1239 1.0635 0.9312 0.0459 0.3454 0.4301 2.7104 0.0705 0.0705 0.1666 0 0
24 34 2119 0 0 0 0 0 1.0009 0 0.9929 -0.093 0.1301 0.1533 1.0368 0.9216 -0.1136 0.355 0.4388 2.5865 -0.0632 0.0632 0.1974 0 0
24 35 2124 0 0 0 0 0 1.0007 0 0.9814 -0.0811 0.1799 0.2557 1.4698 0.9152 -0.0992 0.3642 0.4578 2.4836 -0.0576 0.0576 0.1871 0 0
24 36 2702 0 0 0 0 0 1.0003 0 0.9891 0.1065 0.1593 0.1995 1.3063 0.9181 0.1067 0.3544 0.4519 2.843 0.0165 0.0165 0.1805 0 0
24 37 2806 0 0 0 0 0 1.0012 0 0.9667 -0.0743 0.1711 0.2428 1.2296 0.9222 -0.0689 0.3662 0.4585 2.961 0.0579 0.0579 0.1788 0 0
24 38 2174 0 0 0 0 0 1.0007 0 0.9773 -0.0889 0.1717 0.2024 0.9543 0.9322 -0.1027 0.34 0.4317 2.5409 -0.0339 0.0339 0.1743 0 0
24 39 2263 0 0 0 0 0 1.0004 0 0.9813 -0.161 0.237 0.3106 2.0364 0.9135 -0.1744 0.3915 0.4884 2.705 -0.0294 0.0294 0.1878 0 0
24 40 3050 0 0 0 0 0 1.0004 0 0.9885 -0.0269 0.1295 0.152 1.0958 0.9295 -0.0633 0.339 0.4357 2.6692 0.0346 0.0346 0.1733 0 0
24 41 2151 0 0 0 0 0 1.0011 0 0.9882 0.176 0.2065 0.2478 1.2386 0.9247 0.179 0.369 0.4544 2.5462 0.0164 0.0164 0.1779 0 0
24 42 3012 0 0 0 0 0 1.0005 0 0.9771 0.1045 0.1857 0.2242 1.3217 0.936 0.0702 0.3536 0.4529 3.1333 0.0463 0.0463 0.1813 0 0
24 43 2136 0 0 0 0 0 1.0002 0 0.9936 0.0159 0.0936 0.139 1.9215 0.9298 -0.0053 0.3308 0.4179 2.8478 -0.0336 0.0336 0.1883 0 0
24 44 2233 0 0 0 0 0 1.0007 0 0.9915 -0.0995 0.1409 0.1879 1.3895 0.929 -0.0658 0.3382 0.4314 2.4408 0.0077 0.0077 0.1696 0 0
24 45 2124 0 0 0 0 0 1.0008 0 0.99 0.0557 0.1428 0.184 1.1669 0.9199 0.0832 0.3659 0.4614 2.6446 -0.052 0.052 0.1794 0 0
24 46 2069 0 0 0 0 0 1.0006 0 0.9777 -0.0194 0.1589 0.221 1.5735 0.9281 -0.034 0.338 0.4252 2.6908 -0.0916 0.0916 0.1875 0 0
24 47 2415 0 0 0 0 0 1.0006 0 0.9773 0.0237 0.1759 0.2319 1.1806 0.9372 0.0342 0.3433 0.4298 2.6857 0.0264 0.0264 0.1712 0 0
24 48 2071 0 0 0 0 0 1.0002 0 0.9916 0.054 0.1689 0.2438 2.0598 0.9298 0.098 0.3498 0.4412 2.2159 -0.0766 0.0766 0.1902 0 0
24 49 2590 0 0 0 0 0 1.0003 0 0.9855 0.235 0.2477 0.2917 1.2195 0.9332 0.2043 0.38 0.4759 2.8689 0.0469 0.0469 0.1772 0 0
24 50 2830 0 0 0 0 0 1.0005 0 0.9899 0.1118 0.1584 0.2487 1.2298 0.9291 0.069 0.3456 0.4308 2.6322 0.0464 0.0464 0.175 0 0
24 51 2127 0 0 0 0 0 1.0004 0 0.9941 0.0194 0.1338 0.1572 1.7798 0.9143 0.0161 0.3567 0.4478 2.6224 0.0196 0.0196 0.1799 0 0
24 52 2315 0 0 0 0 0 1.0008 0 0.9945 0.2599 0.2599 0.2914 1.5487 0.9327 0.2279 0.3772 0.479 2.5895 -0.0029 0.0029 0.1785 0 0
24 53 2131 0 0 0 0 0 1.0008 0 0.9783 0.1341 0.1956 0.2533 1.0442 0.9308 0.0868 0.3472 0.4487 2.7765 -0.0503 0.0503 0.1916 0 0
24 54 2961 0 0 0 0 0 1.0008 0 0.9871 -0.1207 0.1957 0.2597 1.4876 0.9335 -0.1357 0.3545 0.4489 2.4324 0.0334 0.0334 0.168 0 0
24 55 3271 0 0 0 0 0 1.0004 0 0.9913 0.0649 0.1181 0.1389 1.0025 0.9401 0.0657 0.3225 0.4116 2.7435 0.0527 0.0527 0.1697 0 0
24 56 2145 0 0 0 0 0 1.0007 0 0.991 0.1976 0.217 0.2613 2.0511 0.9235 0.1538 0.3755 0.4745 2.3996 -0.0116 0.0116 0.1783 0 0
24 57 2160 0 0 0 0 0 1.0006 0 0.9842 -0.0166 0.1197 0.1534 1.1091 0.9307 -0.0092 0.3313 0.4199 2.689 -0.0416 0.0416 0.1844 0 0
24 58 2243 0 0 0 0 0 1.0005 0 0.9815 0.1227 0.2207 0.2666 1.2966 0.9279 0.1431 0.3422 0.4444 2.7561 0.0481 0.0481 0.1739 0 0
24 59 2121 0 0 0 0 0 1.0003 0 0.9876 0.1921 0.2156 0.2951 2.4207 0.925 0.1635 0.3806 0.4766 2.6333 -0.0397 0.0397 0.182 0 0
24 60 2753 0 0 0 0 0 1.0006 0 0.995 -0.1898 0.1898 0.2183 1.0781 0.9263 -0.2019 0.3747 0.4704 2.418 -0.0043 0.0043 0.1746 0 0
24 61 2447 0 0 0 0 0 1.0006 0 0.9906 0.0911 0.1422 0.1752 1.0051 0.9422 0.0842 0.3165 0.4106 2.7504 0.0897 0.0897 0.1621 0 0
24 62 2241 0 0 0 0 0 1.0006 0 0.9905 0.0105 0.113 0.1389 1.6621 0.9286 -0.0388 0.3181 0.4095 2.7012 0.0242 0.0242 0.1793 0 0
24 63 2131 0 0 0 0 0 1.0002 0 0.9918 -0.0612 0.1634 0.2352 1.8932 0.9201 -0.0531 0.3486 0.4392 2.2137 -0.0151 0.0151 0.1856 0 0
24 64 2128 0 0 0 0 0 1.0003 0 0.9894 0.1003 0.1635 0.2162 1.4305 0.9204 0.0966 0.3498 0.4413 2.6233 -0.0443 0.0443 0.1857 0 0
24 65 2693 0 0 0 0 0 1.0004 0 0.9713 -0.081 0.1766 0.2224 1.1934 0.9254 -0.0711 0.3525 0.4561 2.8735 0.0277 0.0277 0.1773 0 0
24 66 2298 0 0 0 0 0 1.0003 0 0.981 0.1466 0.219 0.2631 1.1466 0.9266 0.1406 0.3489 0.4482 2.5185 -0.0236 0.0236 0.181 0 0
24 67 2520 0 0 0 0 0 1.0005 0 0.9899 -0.0969 0.1475 0.2052 0.9376 0.9238 -0.0923 0.3503 0.4306 2.6074 -0.0032 0.0032 0.1737 0 0
24 68 2244 0 0 0 0 0 1.0002 0 0.9905 -0.09 0.1408 0.1732 1.2071 0.9319 -0.0981 0.342 0.4396 2.905 0.0325 0.0325 0.1732 0 0
24 69 2305 0 0 0 0 0 1.0006 0 0.9804 0.0657 0.2148 0.26 1.2563 0.9226 0.0169 0.3284 0.4196 2.6838 -0.0181 0.0181 0.1894 0 0
24 70 2139 0 0 0 0 0 1.0003 0 0.9856 -0.0878 0.1397 0.1757 1.0164 0.9355 -0.0544 0.3306 0.4188 2.7143 -0.0304 0.0304 0.177 0 0
24 71 2122 0 0 0 0 0 1.0003 0 0.9888 0.131 0.1751 0.2739 1.8902 0.9225 0.0835 0.3422 0.4221 2.3696 -0.0822 0.0822 0.1879 0 0
24 72 2131 0 0 0 0 0 1.0007 0 0.9827 -0.0664 0.1883 0.2198 1.2421 0.9295 -0.0419 0.3608 0.4644 2.699 -0.0349 0.0349 0.1764 0 0
24 73 2170 0 0 0 0 0 1.0015 0 0.9893 -0.0269 0.1253 0.1512 1.0845 0.9326 -0.0525 0.3351 0.4128 2.6893 -0.0341 0.0341 0.1781 0 0
24 74 2700 0 0 0 0 0 1.001 0 0.993 0.4082 0.4082 0.4287 0.9267 0.9182 0.3737 0.4779 0.5829 2.6907 0.0123 0.0123 0.1886 0 0
24 75 2716 0 0 0 0 0 1.0008 0 0.9904 -0.0646 0.1614 0.1923 1.2501 0.9254 -0.0745 0.3427 0.4367 2.639 0.045 0.045 0.1751 0 0
24 76 2679 0 0 0 0 0 1.0005 0 0.9896 -0.0126 0.1219 0.1602 1.1221 0.9352 0.0423 0.3349 0.4291 2.6948 0.0319 0.0319 0.1739 0 0
24 77 2102 0 0 0 0 0 1.0003 0 0.9912 -0.063 0.1199 0.146 0.8011 0.9313 -0.0341 0.3202 0.409 2.5808 -0.0874 0.0874 0.1841 0 0
24 78 2700 0 0 0 0 0 1.0008 0 0.986 -0.0014 0.122 0.1619 1.177 0.9286 -0.0473 0.3219 0.4247 2.6451 4e-04 4e-04 0.1819 0 0
24 79 2130 0 0 0 0 0 1.0008 0 0.9928 0.0053 0.1365 0.1681 1.7367 0.9268 -0.0291 0.3321 0.4175 2.6135 -0.0246 0.0246 0.1759 0 0
24 80 2210 0 0 0 0 0 1.0007 0 0.9764 -0.0971 0.2203 0.2949 2.1397 0.9139 -0.1191 0.3578 0.4692 2.5808 0.0143 0.0143 0.1764 0 0
24 81 2109 0 0 0 0 0 1.0002 0 0.982 -0.1016 0.2023 0.2618 1.1744 0.9117 -0.0723 0.3569 0.4422 2.573 -0.1143 0.1143 0.1906 0 0
24 82 2110 0 0 0 0 0 1.0003 0 0.9899 0.14 0.1784 0.2391 1.4873 0.9313 0.1366 0.3549 0.4442 2.6514 -0.0795 0.0795 0.1863 0 0
24 83 2403 0 0 0 0 0 1.0006 0 0.9943 -0.1954 0.2172 0.2426 1.659 0.918 -0.1996 0.408 0.515 2.6457 0.0467 0.0467 0.1724 0 0
24 84 2578 0 0 0 0 0 1.0009 0 0.9923 0.0773 0.143 0.1706 1.6227 0.916 0.086 0.3485 0.4426 2.3769 0.0165 0.0165 0.1817 0 0
24 85 2135 0 0 0 0 0 1.001 0 0.9885 -0.1476 0.1937 0.2217 0.9363 0.9204 -0.1414 0.3436 0.445 2.3782 -0.0654 0.0654 0.1925 0 0
24 86 2672 0 0 0 0 0 1.0007 0 0.9924 0.0139 0.1125 0.143 1.2332 0.9331 -0.0078 0.3279 0.4171 2.5834 0.0267 0.0267 0.1727 0 0
24 87 2150 0 0 0 0 0 1.0004 0 0.9898 -0.0544 0.1261 0.1583 1.2419 0.9213 -0.0408 0.3495 0.4462 2.5403 -0.0202 0.0202 0.1759 0 0
24 88 2181 0 0 0 0 0 1.0003 0 0.9896 -0.0412 0.1144 0.1394 0.9936 0.9252 -0.0361 0.3514 0.4431 2.6245 -0.0051 0.0051 0.1738 0 0
24 89 2340 0 0 0 0 0 1.0004 0 0.986 0.0181 0.1482 0.2099 1.6074 0.9298 0.0204 0.3293 0.4193 2.5912 -0.0036 0.0036 0.1772 0 0
24 90 2426 0 0 0 0 0 1.0011 0 0.9914 0.0467 0.1175 0.1404 0.9313 0.9358 0.0625 0.3099 0.3977 2.5509 -0.0178 0.0178 0.1744 0 0
24 91 2548 0 0 0 0 0 1.0012 0 0.9928 -0.0598 0.1096 0.1303 1.2359 0.934 -0.0626 0.33 0.4194 2.5826 0.0451 0.0451 0.1738 0 0
24 92 2117 0 0 0 0 0 1.0011 0 0.9864 0.045 0.1307 0.1699 1.0302 0.925 0.0314 0.3272 0.4098 2.3184 -0.0291 0.0291 0.184 0 0
24 93 2176 0 0 0 0 0 1.0005 0 0.9943 0.0366 0.1231 0.1472 1.4073 0.9114 0.0745 0.3506 0.4315 2.4407 -0.0276 0.0276 0.1876 0 0
24 94 2169 0 0 0 0 0 1.0006 0 0.9924 -0.0338 0.1435 0.1758 1.6016 0.9326 -0.0194 0.3244 0.4093 2.5728 0.0271 0.0271 0.1758 0 0
24 95 2169 0 0 0 0 0 1.0014 0 0.9643 -0.3384 0.3979 0.5257 1.858 0.8994 -0.2721 0.4461 0.5453 2.7123 -0.0235 0.0235 0.1984 0 0
24 96 2125 0 0 0 0 0 1.0008 0 0.9861 -0.1141 0.1731 0.2296 1.2797 0.9301 -0.1112 0.3377 0.4323 2.5729 -0.0266 0.0266 0.18 0 0
24 97 2819 0 0 0 0 0 1.0007 0 0.9745 -0.2512 0.2798 0.4149 1.6415 0.9127 -0.1771 0.4186 0.5155 2.8017 0.0714 0.0714 0.1758 0 0
24 98 2121 0 0 0 0 0 1.0006 0 0.9908 0.0379 0.1601 0.1947 1.6385 0.9305 0.0669 0.3089 0.4013 2.4077 -0.0601 0.0601 0.1888 0 0
24 99 2154 0 0 0 0 0 1.0009 0 0.9834 -0.0718 0.1278 0.1739 1.5286 0.9076 -0.062 0.3563 0.4644 2.9343 -0.0239 0.0239 0.1964 0 0
24 100 2347 0 0 0 0 0 1.0004 0 0.9913 -0.0994 0.1466 0.1952 1.7402 0.9314 -0.1127 0.3453 0.4453 2.4498 0.0379 0.0379 0.1655 0 0
24 101 3238 0 0 0 0 0 1.0005 0 0.979 -0.2143 0.2579 0.3079 1.1082 0.9333 -0.1485 0.3651 0.4659 2.6603 0.0384 0.0384 0.1693 0 0
24 102 2145 0 0 0 0 0 1.0005 0 0.9924 -0.0084 0.0953 0.1219 1.0265 0.9254 -0.0462 0.3352 0.4263 2.5911 -0.0475 0.0475 0.1927 0 0
24 103 2132 0 0 0 0 0 1.0005 0 0.9764 0.0968 0.1896 0.2484 1.6683 0.9152 0.0458 0.3685 0.461 2.906 -0.0835 0.0835 0.1929 0 0
24 104 2595 0 0 0 0 0 1.0006 0 0.9773 0.1029 0.1473 0.2008 1.0523 0.9286 0.1121 0.3426 0.4349 2.9683 0.0131 0.0131 0.1789 0 0
24 105 2249 0 0 0 0 0 1.0003 0 0.9931 0.0419 0.1403 0.1815 1.1998 0.9374 0.0369 0.3531 0.4476 2.4587 0.0141 0.0141 0.1752 0 0
24 106 2133 0 0 0 0 0 1.0003 0 0.9909 0.1391 0.1658 0.2344 1.493 0.9239 0.1228 0.3696 0.4567 2.3679 -0.0274 0.0274 0.1799 0 0
24 107 2701 0 0 0 0 0 1.0003 0 0.989 -0.0051 0.1368 0.1712 1.0384 0.9366 -0.032 0.3274 0.4164 2.5315 0.0264 0.0264 0.1688 0 0
24 108 2293 0 0 0 0 0 1.0004 0 0.9892 -0.0573 0.1564 0.1871 1.485 0.9107 -0.0411 0.3375 0.4271 2.2922 -0.0423 0.0423 0.1962 0 0
24 109 2703 0 0 0 0 0 1.0005 0 0.9875 -0.135 0.1636 0.2073 1.0867 0.928 -0.1346 0.358 0.4606 2.7651 0.0349 0.0349 0.1697 0 0
24 110 2131 0 0 0 0 0 1.0015 0 0.9836 0.0989 0.1684 0.2135 1.3951 0.9062 0.1015 0.3724 0.4702 2.5903 -0.0472 0.0472 0.1886 0 0
24 111 2150 0 0 0 0 0 1.0009 0 0.9766 -0.0548 0.1634 0.2266 1.0863 0.9336 -0.049 0.3263 0.4188 2.6476 -0.0511 0.0511 0.1787 0 0
24 112 2064 0 0 0 0 0 1.0004 0 0.9892 0.0595 0.1581 0.1865 1.3929 0.9259 0.0751 0.3445 0.4357 2.4262 -0.1131 0.1131 0.187 0 0
24 113 2140 0 0 0 0 0 1.0003 0 0.9848 -0.0228 0.1379 0.1718 0.9827 0.929 -0.0182 0.3452 0.4415 2.5607 -0.0341 0.0341 0.1784 0 0
24 114 2206 0 0 0 0 0 1.0004 0 0.9911 -0.261 0.261 0.3078 1.1179 0.9307 -0.2784 0.4148 0.512 2.7034 0.0313 0.0313 0.1767 0 0
24 115 2224 0 0 0 0 0 1.0015 0 0.9851 -0.0853 0.1657 0.2141 0.9947 0.9325 -0.0748 0.3506 0.4384 2.665 0.0121 0.0121 0.1716 0 0
24 116 2106 0 0 0 0 0 1.0008 0 0.9812 -0.0841 0.2178 0.2762 1.5491 0.9258 -0.0263 0.3355 0.4241 2.4581 -0.0673 0.0673 0.1871 0 0
24 117 2803 0 0 0 0 0 1.001 0 0.9933 0.1993 0.211 0.2478 1.3817 0.9234 0.2027 0.3891 0.4878 2.7854 0.0452 0.0452 0.185 0 0
24 118 2145 0 0 0 0 0 1.0002 0 0.9891 -0.112 0.1474 0.1761 0.916 0.9256 -0.1397 0.3553 0.444 2.4788 -0.0401 0.0401 0.1807 0 0
24 119 2722 0 0 0 0 0 1.0006 0 0.9895 -0.0273 0.1577 0.1969 1.3847 0.9242 -0.0444 0.362 0.448 2.5554 0.0402 0.0402 0.1729 0 0
24 120 2091 0 0 0 0 0 1.0004 0 0.9929 0.0233 0.1703 0.2259 1.6605 0.9317 0.0699 0.3415 0.4338 2.4711 -0.0393 0.0393 0.1863 0 0
24 121 2152 0 0 0 0 0 1.0004 0 0.9863 -0.0247 0.1643 0.1867 0.9888 0.9394 -0.0271 0.3122 0.4065 2.6065 -0.0441 0.0441 0.1844 0 0
24 122 2117 0 0 0 0 0 1.001 0 0.9788 0.1101 0.2031 0.232 1.4401 0.916 0.1181 0.3388 0.4288 2.6641 -0.0928 0.0928 0.2073 0 0
24 123 3157 0 0 0 0 0 1.0002 0 0.986 -0.0817 0.1388 0.1738 1.1133 0.928 -0.0612 0.3322 0.4269 2.6486 0.0144 0.0144 0.1793 0 0
24 124 2175 0 0 0 0 0 1.0009 0 0.9878 -0.0908 0.1549 0.1959 1.1439 0.9241 -0.0217 0.3399 0.4452 2.6125 -0.033 0.033 0.1811 0 0
24 125 2117 0 0 0 0 0 1.0011 0 0.9845 0.1244 0.2199 0.2842 1.3753 0.9086 0.1285 0.3718 0.4723 2.3552 -0.0389 0.0389 0.1924 0 0
24 126 2714 0 0 0 0 0 1.0002 0 0.9908 -0.0118 0.1162 0.1409 1.3935 0.9275 -0.0167 0.3391 0.4291 2.6981 0.0082 0.0082 0.1781 0 0
24 127 2145 0 0 0 0 0 1.0008 0 0.9894 0.0175 0.1882 0.2268 1.6511 0.9289 0.0345 0.3368 0.4302 2.5392 -0.0364 0.0364 0.1868 0 0
24 128 2162 0 0 0 0 0 1.0006 0 0.9902 0.0891 0.1224 0.1681 1.0219 0.9321 0.0764 0.3337 0.417 2.7722 -0.0233 0.0233 0.1809 0 0
24 129 2164 0 0 0 0 0 1.0007 0 0.9915 -0.0767 0.1178 0.1516 0.9413 0.9387 -0.044 0.3123 0.3988 2.6571 -0.016 0.016 0.1779 0 0
24 130 2165 0 0 0 0 0 1.0005 0 0.9852 -0.004 0.1085 0.1476 0.9081 0.9288 0.0014 0.3263 0.4154 2.6596 -0.0247 0.0247 0.1783 0 0
24 131 3341 0 0 0 0 0 1.0004 0 0.983 0.1291 0.1602 0.198 0.9429 0.9425 0.081 0.3545 0.4521 2.9433 0.0846 0.0846 0.1661 0 0
24 132 2155 0 0 0 0 0 1.0007 0 0.9833 0.0591 0.1618 0.2041 1.4742 0.9208 -0.0179 0.3534 0.4518 2.7471 -0.0302 0.0302 0.1875 0 0
24 133 2169 0 0 0 0 0 1.0007 0 0.9921 0.0638 0.1505 0.1881 1.3349 0.9321 0.0248 0.3433 0.4315 2.5368 -0.0103 0.0103 0.1826 0 0
24 134 2700 0 0 0 0 0 1.0005 0 0.9818 0.2916 0.295 0.3894 1.7368 0.9196 0.2102 0.3973 0.5021 2.8652 0.0401 0.0401 0.1784 0 0
24 135 3224 0 0 0 0 0 1.0005 0 0.9845 0.0171 0.1393 0.1903 1.5195 0.9278 -0.0322 0.329 0.4292 2.8777 0.0603 0.0603 0.1766 0 0
24 136 2304 0 0 0 0 0 1.0006 0 0.9813 -0.03 0.13 0.1631 1.0614 0.9334 -0.019 0.3232 0.4053 2.6717 -0.0369 0.0369 0.1768 0 0
24 137 2313 0 0 0 0 0 1.0004 0 0.983 -0.183 0.2683 0.3291 1.6645 0.9207 -0.1681 0.376 0.474 2.5574 0.0155 0.0155 0.1782 0 0
24 138 2176 0 0 0 0 0 1.0004 0 0.9894 -0.0094 0.1509 0.1983 1.216 0.9229 -0.0459 0.3334 0.4225 2.4759 -0.0057 0.0057 0.1812 0 0
24 139 3115 0 0 0 0 0 1.001 0 0.9879 0.1572 0.176 0.2178 1.0675 0.9298 0.1763 0.3522 0.452 2.819 0.0508 0.0508 0.1707 0 0
24 140 2332 0 0 0 0 0 1.0005 0 0.9774 0.0094 0.1602 0.1993 1.0241 0.9168 0.0541 0.3599 0.4664 2.7244 -0.028 0.028 0.1862 0 0
24 141 3028 0 0 0 0 0 1.0004 0 0.9891 0.1766 0.2279 0.2789 1.2695 0.9333 0.1292 0.3633 0.4502 2.871 0.0366 0.0366 0.1685 0 0
24 142 2102 0 0 0 0 0 1.0003 0 0.9871 -0.0954 0.1448 0.1946 0.9559 0.9283 -0.0417 0.3304 0.403 2.4549 -0.0742 0.0742 0.1907 0 0
24 143 2133 0 0 0 0 0 1.0009 0 0.9912 -0.0925 0.1606 0.2043 1.6017 0.9254 -0.0829 0.3372 0.4294 2.3903 -0.0517 0.0517 0.1863 0 0
24 144 3115 0 0 0 0 0 1.0005 0 0.9848 -0.1054 0.1977 0.2416 1.9246 0.9213 -0.1068 0.3621 0.4492 2.9278 0.0413 0.0413 0.1774 0 0
24 145 2316 0 0 0 0 0 1.0003 0 0.9749 0.2916 0.2916 0.3906 1.7599 0.9206 0.2208 0.3953 0.496 2.7779 0.0212 0.0212 0.1818 0 0
24 146 2138 0 0 0 0 0 1.0005 0 0.9915 0.144 0.1841 0.2207 1.6916 0.9214 0.1222 0.3537 0.4411 2.4757 -0.0502 0.0502 0.1821 0 0
24 147 2832 0 0 0 0 0 1.0005 0 0.988 0.0289 0.1265 0.1738 1.129 0.9371 0.0457 0.325 0.4156 2.6438 0.03 0.03 0.1686 0 0
24 148 2543 0 0 0 0 0 1.0008 0 0.9907 -0.0016 0.1164 0.1423 1.0532 0.925 0.0143 0.349 0.4405 2.6199 0.0349 0.0349 0.1731 0 0
24 149 2358 0 0 0 0 0 1.0005 0 0.9776 0.193 0.2135 0.2972 1.6651 0.9021 0.1386 0.381 0.4837 3.0754 0.0272 0.0272 0.2044 0 0
24 150 2130 0 0 0 0 0 1.0006 0 0.9634 -0.0673 0.2052 0.397 2.31 0.9156 -0.0181 0.3475 0.444 2.4361 -0.0501 0.0501 0.1916 0 0
24 151 2101 0 0 0 0 0 1.0006 0 0.9793 -0.0645 0.1715 0.2279 1.7292 0.9092 -0.0203 0.3532 0.4544 2.6938 -0.0529 0.0529 0.1931 0 0
24 152 3045 0 0 0 0 0 1.001 0 0.988 -0.1251 0.1709 0.2203 1.4795 0.9246 -0.1634 0.3731 0.4714 2.4941 0.0196 0.0196 0.1738 0 0
24 153 2653 0 0 0 0 0 1.0007 0 0.9902 -0.0811 0.1468 0.1963 1.4463 0.925 -0.0557 0.3589 0.4467 2.7454 0.0543 0.0543 0.1666 0 0
24 154 3095 0 0 0 0 0 1.0005 0 0.9899 -0.1378 0.1799 0.2112 1.1347 0.9327 -0.1134 0.3585 0.4409 2.5111 0.0454 0.0454 0.1666 0 0
24 155 2156 0 0 0 0 0 1.0012 0 0.9926 -0.0169 0.1467 0.1749 1.1806 0.9283 -0.0035 0.3495 0.4372 2.3746 0.014 0.014 0.1715 0 0
24 156 2166 0 0 0 0 0 1.0011 0 0.9969 0.0889 0.1334 0.1599 1.3659 0.9336 0.0775 0.3329 0.4311 2.7422 0.0028 0.0028 0.179 0 0
24 157 2137 0 0 0 0 0 1.0003 0 0.9856 0.1681 0.2241 0.3614 2.4803 0.9284 0.1286 0.3425 0.4274 2.4834 -0.0157 0.0157 0.1892 0 0
24 158 2236 0 0 0 0 0 1.0005 0 0.9878 -0.0014 0.1152 0.1455 0.9479 0.9388 0.0115 0.3451 0.436 2.6189 -0.0481 0.0481 0.1778 0 0
24 159 2429 0 0 0 0 0 1.0003 0 0.9937 -0.0098 0.1465 0.1707 1.5528 0.9374 0.0287 0.3169 0.4022 2.459 0.0327 0.0327 0.1796 0 0
24 160 2237 0 0 0 0 0 1.0004 0 0.9895 0.2845 0.295 0.371 1.7239 0.921 0.2081 0.417 0.5115 2.7713 0.0208 0.0208 0.1849 0 0
24 161 2485 0 0 0 0 0 1.0016 0 0.9838 0.045 0.1501 0.1849 0.819 0.9289 0.0701 0.3289 0.4211 2.7294 0.0329 0.0329 0.1745 0 0
24 162 2350 0 0 0 0 0 1.0006 0 0.9801 0.0995 0.1912 0.2395 1.3293 0.9233 0.078 0.3597 0.445 2.8262 -0.0267 0.0267 0.1872 0 0
24 163 2110 0 0 0 0 0 1.0006 0 0.9671 0.1385 0.2496 0.4966 2.5084 0.9262 -0.0261 0.3572 0.463 2.8054 -0.0608 0.0608 0.1904 0 0
24 164 2098 0 0 0 0 0 1.0002 0 0.99 -0.0319 0.1203 0.1429 1.4531 0.927 -0.0477 0.3298 0.4175 2.6366 -0.089 0.089 0.1834 0 0
24 165 2180 0 0 0 0 0 1.0007 0 0.9774 -0.1542 0.1951 0.231 0.9298 0.9321 -0.14 0.3519 0.4456 2.675 -0.0098 0.0098 0.1731 0 0
24 166 2773 0 0 0 0 0 1.0007 0 0.9855 0.1581 0.222 0.2947 1.3576 0.9218 0.098 0.3818 0.4795 2.4598 0.0443 0.0443 0.1725 0 0
24 167 2345 0 0 0 0 0 1.0004 0 0.9919 -0.0236 0.145 0.182 1.5715 0.9391 0.0237 0.3264 0.4148 2.6433 0.0243 0.0243 0.1739 0 0
24 168 3745 0 0 0 0 0 1.0003 0 0.9899 -0.0325 0.1468 0.1711 1.1 0.9381 0.0222 0.3473 0.4423 2.7077 0.0534 0.0534 0.1619 0 0
24 169 2251 0 0 0 0 0 1.0002 0 0.9897 0.0644 0.1339 0.1661 1.1984 0.925 0.0728 0.3413 0.4284 2.4485 -0.0162 0.0162 0.1788 0 0
24 170 2400 0 0 0 0 0 1.0008 0 0.99 0.073 0.1336 0.1529 1.0382 0.935 0.0702 0.3479 0.4366 2.7008 0.0417 0.0417 0.1709 0 0
24 171 3872 0 0 0 0 0 1.0004 0 0.9855 -0.083 0.1573 0.1967 0.9809 0.9388 -0.0589 0.3433 0.4395 2.8588 0.0574 0.0574 0.1609 0 0
24 172 2129 0 0 0 0 0 1.0005 0 0.9885 0.0806 0.182 0.2699 2.1642 0.9047 0.0168 0.3665 0.4578 2.4122 -0.0314 0.0314 0.1955 0 0
24 173 2938 0 0 0 0 0 1.0005 0 0.9862 -0.1239 0.1971 0.2353 1.1566 0.9352 -0.0709 0.3566 0.4451 2.5563 0.092 0.092 0.1691 0 0
24 174 2178 0 0 0 0 0 1.0003 0 0.9874 -0.077 0.1238 0.1756 1.1855 0.9284 -0.0533 0.3532 0.4371 2.7347 0.0129 0.0129 0.1745 0 0
24 175 3209 0 0 0 0 0 1.0009 0 0.9756 -0.0575 0.1813 0.248 1.1006 0.9343 -0.0798 0.3394 0.4361 2.4255 0.0437 0.0437 0.1679 0 0
24 176 2148 0 0 0 0 0 1.0011 0 0.9888 -0.1423 0.1746 0.2374 1.4577 0.9276 -0.0775 0.3781 0.4722 2.7702 0.0134 0.0134 0.1829 0 0
24 177 2151 0 0 0 0 0 1.0006 0 0.993 -0.0131 0.1623 0.229 1.9429 0.9178 0.0369 0.3598 0.458 2.3193 -0.0343 0.0343 0.1879 0 0
24 178 2361 0 0 0 0 0 1.0004 0 0.9803 -0.105 0.2073 0.269 1.2707 0.9314 -0.1268 0.3654 0.4588 2.566 0.0289 0.0289 0.1704 0 0
24 179 3304 0 0 0 0 0 1.0003 0 0.9842 0.2215 0.2371 0.285 0.9485 0.9365 0.1943 0.3711 0.4559 2.6491 0.0334 0.0334 0.1723 0 0
24 180 2087 0 0 0 0 0 1.0004 0 0.9931 -0.0704 0.1295 0.1517 1.3446 0.9225 -0.1043 0.3585 0.4549 2.5179 -0.1208 0.1208 0.1849 0 0
24 181 2168 0 0 0 0 0 1.0008 0 0.977 0.1411 0.2049 0.3411 2.0455 0.9219 0.1091 0.3706 0.4705 2.5554 -0.0026 0.0026 0.1729 0 0
24 182 2124 0 0 0 0 0 1.0008 0 0.9941 -0.0675 0.1481 0.2043 2.033 0.9256 -0.108 0.3598 0.458 2.2676 0.0071 0.0071 0.1743 0 0
24 183 2136 0 0 0 0 0 1.001 0 0.9896 -0.1388 0.1757 0.2212 1.1972 0.9239 -0.1299 0.3505 0.4408 2.4823 -0.0298 0.0298 0.1903 0 0
24 184 2420 0 0 0 0 0 1.0005 0 0.9792 0.0056 0.2104 0.3231 2.4885 0.9347 0.0092 0.3209 0.4135 2.3415 0.0671 0.0671 0.1698 0 0
24 185 2414 0 0 0 0 0 1.0005 0 0.9863 -0.0525 0.1109 0.1424 0.8102 0.9385 -0.0377 0.3301 0.4074 2.787 0.0295 0.0295 0.172 0 0
24 186 2143 0 0 0 0 0 1.0004 0 0.9718 0.2495 0.2581 0.3993 2.1099 0.9203 0.1548 0.3706 0.4681 2.611 -0.0062 0.0062 0.1872 0 0
24 187 2777 0 0 0 0 0 1.0006 0 0.9939 -0.0296 0.0942 0.1315 1.1766 0.9213 -0.0207 0.3441 0.4328 2.6036 0.0294 0.0294 0.1701 0 0
24 188 2123 0 0 0 0 0 1.001 0 0.9855 -0.1017 0.1494 0.1957 0.9378 0.9333 -0.0688 0.3432 0.4335 2.4843 -0.0422 0.0422 0.1786 0 0
24 189 2115 0 0 0 0 0 1.0004 0 0.9807 0.1772 0.2019 0.2783 1.5836 0.9166 0.0961 0.3599 0.4519 2.6768 -0.0921 0.0921 0.1949 0 0
24 190 2369 0 0 0 0 0 1.0004 0 0.9892 -0.034 0.1404 0.1774 1.0756 0.9274 -0.0537 0.336 0.4319 2.5351 0.0142 0.0142 0.1761 0 0
24 191 2127 0 0 0 0 0 1.0003 0 0.9863 -0.071 0.1924 0.2155 1.426 0.9287 -0.0256 0.3274 0.4108 2.4175 -0.0876 0.0876 0.1892 0 0
24 192 2170 0 0 0 0 0 1.0003 0 0.9893 0.3413 0.351 0.4125 1.9617 0.9298 0.2349 0.3882 0.4896 2.5057 -9e-04 9e-04 0.1805 0 0
24 193 2130 0 0 0 0 0 1.0007 0 0.9938 -0.0726 0.147 0.1755 1.5024 0.9279 -0.0402 0.3369 0.4268 2.4681 -0.0273 0.0273 0.1839 0 0
24 194 2162 0 0 0 0 0 1.0003 0 0.9755 0.1639 0.1963 0.2389 0.9706 0.9313 0.133 0.3452 0.4372 2.674 -0.0453 0.0453 0.1808 0 0
24 195 2206 0 0 0 0 0 1.0008 0 0.9913 0.0348 0.1026 0.1395 1.5293 0.9292 0.0091 0.3315 0.4162 2.6719 -0.0432 0.0432 0.1859 0 0
24 196 2233 0 0 0 0 0 1.0004 0 0.9898 0.0498 0.107 0.1306 0.9249 0.9335 0.0677 0.3396 0.4274 2.7174 0.021 0.021 0.1686 0 0
24 197 3017 0 0 0 0 0 1.0009 0 0.9841 0.0992 0.1689 0.2013 1.0244 0.9272 0.0739 0.3773 0.4676 2.6255 0.0351 0.0351 0.1684 0 0
24 198 2180 0 0 0 0 0 1.0004 0 0.9919 0.1648 0.1833 0.2389 1.5218 0.9176 0.1469 0.3648 0.4708 2.6807 -0.0019 0.0019 0.181 0 0
24 199 2656 0 0 0 0 0 1.0003 0 0.9878 0.1629 0.2154 0.2994 1.8542 0.9288 0.1152 0.367 0.4631 2.4245 0.046 0.046 0.1741 0 0
24 200 2684 0 0 0 0 0 1.0006 0 0.9852 0.2186 0.2581 0.3393 1.9167 0.9325 0.155 0.3714 0.4705 2.5715 0.0351 0.0351 0.1739 0 0
24 201 2158 0 0 0 0 0 1.0005 0 0.9914 -0.0847 0.1263 0.203 1.3842 0.9232 -0.0682 0.3658 0.46 2.6877 0.0097 0.0097 0.1779 0 0
24 202 2226 0 0 0 0 0 1.0004 0 0.9768 -0.0179 0.211 0.3178 1.8122 0.9233 0.0036 0.3385 0.421 2.5113 -0.0402 0.0402 0.1875 0 0
24 203 3969 0 0 0 0 0 1.0002 0 0.9813 0.1422 0.1701 0.2154 1.0327 0.9365 0.1069 0.342 0.4355 2.9477 0.1189 0.1189 0.1625 0 0
24 204 2144 0 0 0 0 0 1.0008 0 0.9855 -0.1607 0.1903 0.2583 1.9132 0.937 -0.0921 0.3458 0.4361 2.7203 -0.033 0.033 0.1848 0 0
24 205 2260 0 0 0 0 0 1.0003 0 0.9903 0.0577 0.1085 0.1467 1.1299 0.923 0.0357 0.328 0.4189 2.5813 -0.0307 0.0307 0.1846 0 0
24 206 2091 0 0 0 0 0 1.0006 0 0.9877 0.0857 0.1789 0.3061 2.3738 0.906 0.0562 0.3806 0.4762 2.2598 -0.109 0.109 0.2006 0 0
24 207 2180 0 0 0 0 0 1.0006 0 0.9907 -0.1196 0.165 0.2181 1.6564 0.9317 -0.077 0.3452 0.4219 2.541 0.0164 0.0164 0.1784 0 0
24 208 2144 0 0 0 0 0 1.0008 0 0.9871 -0.0161 0.1438 0.193 1.1444 0.9216 3e-04 0.3404 0.4343 2.7264 -0.0227 0.0227 0.1804 0 0
24 209 2167 0 0 0 0 0 1.0005 0 0.987 -0.1156 0.1669 0.205 1.2765 0.9272 -0.0842 0.3449 0.4358 2.6705 0.0049 0.0049 0.1776 0 0
24 210 2241 0 0 0 0 0 1.0009 0 0.9316 0.2606 0.289 0.5106 2.1785 0.9127 0.236 0.4178 0.5234 3.1774 0.0811 0.0811 0.1917 0 0
24 211 2162 0 0 0 0 0 1.0004 0 0.9794 -0.0091 0.1878 0.2849 1.7696 0.9265 -0.0024 0.3404 0.4332 2.5604 -0.0053 0.0053 0.1828 0 0
24 212 2175 0 0 0 0 0 1.0003 0 0.992 0.1136 0.1534 0.1859 1.3696 0.9249 0.1215 0.3482 0.441 2.7292 0.009 0.009 0.1825 0 0
24 213 2150 0 0 0 0 0 1.001 0 0.982 -0.0164 0.171 0.2241 2.1222 0.916 -0.0685 0.3583 0.4667 2.7085 -0.0094 0.0094 0.1927 0 0
24 214 2130 0 0 0 0 0 1.0003 0 0.9928 -0.0138 0.1098 0.1325 1.1791 0.9343 0.0334 0.3223 0.4093 2.5423 -0.0311 0.0311 0.1796 0 0
24 215 2170 0 0 0 0 0 1.001 0 0.9842 -0.2142 0.229 0.2633 0.951 0.9228 -0.2309 0.4013 0.5045 2.8115 -0.0157 0.0157 0.1854 0 0
24 216 2091 0 0 0 0 0 1.0009 0 0.9816 -0.0693 0.1499 0.2309 1.1061 0.9212 0.0012 0.3405 0.4372 2.6837 -0.0887 0.0887 0.1873 0 0
24 217 2790 0 0 0 0 0 1.0005 0 0.9958 -0.1676 0.1778 0.216 1.2921 0.9339 -0.1326 0.3676 0.4597 2.5004 0.0227 0.0227 0.1673 0 0
24 218 2422 0 0 0 0 0 1.0005 0 0.9926 -0.0862 0.1408 0.171 1.0637 0.9364 -0.0899 0.3562 0.4486 2.7164 0.0296 0.0296 0.1688 0 0
24 219 2368 0 0 0 0 0 1.0007 0 0.9837 0.0349 0.2014 0.2609 1.4239 0.9271 -0.0153 0.3606 0.4444 2.4965 -0.0128 0.0128 0.1807 0 0
24 220 3221 0 0 0 0 0 1.0004 0 0.9866 -0.1927 0.223 0.2728 1.4126 0.9335 -0.1812 0.3721 0.4729 3.0543 0.0795 0.0795 0.1688 0 0
24 221 2128 0 0 0 0 0 1.0002 0 0.9708 0.0505 0.1912 0.2881 1.6029 0.922 0.0076 0.3424 0.4365 2.5741 -0.0547 0.0547 0.1787 0 0
24 222 3283 0 0 0 0 0 1.0004 0 0.9948 -0.0125 0.1065 0.1282 1.2249 0.9302 -0.0281 0.343 0.4326 2.8424 0.0556 0.0556 0.1701 0 0
24 223 2187 0 0 0 0 0 1.0009 0 0.9931 0.1787 0.1954 0.22 1.0023 0.9196 0.1608 0.3718 0.471 2.3817 -0.0252 0.0252 0.1796 0 0
24 224 2194 0 0 0 0 0 1.0005 0 0.9772 0.0108 0.1601 0.1988 0.9993 0.9311 0.0276 0.3346 0.4285 2.8205 0.0112 0.0112 0.1752 0 0
24 225 2185 0 0 0 0 0 1.0005 0 0.9882 -0.0413 0.1586 0.2186 1.464 0.9249 -0.0571 0.3489 0.4473 2.7394 0.0053 0.0053 0.1761 0 0
24 226 2082 0 0 0 0 0 1.0006 0 0.9844 0.0985 0.1765 0.2864 1.7301 0.9142 0.0951 0.3798 0.4837 2.3761 -0.0545 0.0545 0.1886 0 0
24 227 2146 0 0 0 0 0 1.0005 0 0.9802 0.149 0.1882 0.2419 1.3543 0.9285 0.1191 0.351 0.4478 2.9092 -0.0462 0.0462 0.1895 0 0
24 228 2133 0 0 0 0 0 1.0003 0 0.9926 -0.1216 0.1786 0.242 1.8909 0.9199 -0.0237 0.3558 0.4485 2.4525 -0.0117 0.0117 0.1848 0 0
24 229 2114 0 0 0 0 0 1.0006 0 0.9865 -0.0147 0.1811 0.2343 2.0265 0.9233 0.0059 0.3511 0.4257 2.3318 -0.101 0.101 0.1965 0 0
24 230 2277 0 0 0 0 0 1.0006 0 0.9935 0.0658 0.1406 0.1775 1.6797 0.931 0.0664 0.3337 0.4249 2.6067 -0.0045 0.0045 0.183 0 0
24 231 2166 0 0 0 0 0 1.0002 0 0.9809 0.0622 0.194 0.2457 1.2956 0.923 0.1216 0.3622 0.4623 2.643 -0.0095 0.0095 0.1795 0 0
24 232 2931 0 0 0 0 0 1.0005 0 0.9892 -0.0998 0.1667 0.2069 1.2288 0.9336 -0.0828 0.3335 0.4216 2.3446 0.0349 0.0349 0.1702 0 0
24 233 2096 0 0 0 0 0 1.0017 0 0.984 0.1603 0.2094 0.2615 1.6301 0.9231 0.136 0.3549 0.456 2.5569 -0.0335 0.0335 0.185 0 0
24 234 3936 0 0 0 0 0 1.0004 0 0.9913 0.0076 0.1157 0.1417 1.1732 0.9446 0.0296 0.3097 0.3991 2.704 0.0746 0.0746 0.1628 0 0
24 235 2131 0 0 0 0 0 1.0013 0 0.9489 -0.0883 0.3635 0.7253 2.8945 0.9046 0.0552 0.3831 0.4732 2.456 -0.0592 0.0592 0.1906 0 0
24 236 2096 0 0 0 0 0 1.0007 0 0.9853 -0.104 0.1492 0.1966 0.9219 0.9261 -0.0837 0.3359 0.426 2.5258 -0.1105 0.1105 0.1944 0 0
24 237 2346 0 0 0 0 0 1.0004 0 0.9927 0.0672 0.1982 0.2379 2.1417 0.9314 0.1039 0.3564 0.4493 2.6357 0.0297 0.0297 0.1697 0 0
24 238 2867 0 0 0 0 0 1.0004 0 0.9893 0.0311 0.1512 0.1752 1.5455 0.9323 0.0284 0.3386 0.4319 2.8751 0.0489 0.0489 0.172 0 0
24 239 2147 0 0 0 0 0 1.0005 0 0.9885 0.053 0.1581 0.2009 1.5901 0.9307 0.0993 0.3589 0.4412 2.4967 -0.0119 0.0119 0.1786 0 0
24 240 2152 0 0 0 0 0 1.0003 0 0.988 0.1444 0.1787 0.2362 1.1213 0.936 0.1347 0.3384 0.4239 2.5056 -0.0149 0.0149 0.1807 0 0
24 241 2619 0 0 0 0 0 1.0006 0 0.9847 -0.0515 0.1624 0.2433 1.7059 0.9268 -0.0278 0.3554 0.4491 2.7145 0.0102 0.0102 0.174 0 0
24 242 2105 0 0 0 0 0 1.0013 0 0.9879 -0.0036 0.1271 0.1483 0.9127 0.9258 -0.0195 0.3195 0.4091 2.6154 -0.0862 0.0862 0.1893 0 0
24 243 2166 0 0 0 0 0 1.0004 0 0.9898 -0.1156 0.1353 0.163 0.7766 0.9252 -0.0859 0.3401 0.4361 2.6511 -0.0442 0.0442 0.1888 0 0
24 244 2188 0 0 0 0 0 1.0004 0 0.9756 0.0574 0.188 0.3083 1.3941 0.9345 -0.0038 0.3472 0.4491 2.5441 0.0081 0.0081 0.1718 0 0
24 245 2195 0 0 0 0 0 1.0005 0 0.9832 -0.0127 0.1354 0.1877 1.1109 0.9358 -0.0517 0.3272 0.4131 2.5292 -0.02 0.02 0.1792 0 0
24 246 2139 0 0 0 0 0 1.0007 0 0.9872 0.0013 0.1621 0.2072 1.2901 0.9292 0.0261 0.3523 0.4407 2.6568 -0.0648 0.0648 0.1884 0 0
24 247 3120 0 0 0 0 0 1.0005 0 0.9957 -0.0166 0.102 0.1274 1.5944 0.9306 0.0251 0.3558 0.4551 2.7492 0.0327 0.0327 0.1702 0 0
24 248 2101 0 0 0 0 0 1.0005 0 0.9533 -0.2654 0.3015 0.3898 1.6482 0.8977 -0.2372 0.4378 0.5413 3.0179 -0.076 0.076 0.2107 0 0
24 249 2103 0 0 0 0 0 1.0008 0 0.9722 -0.1279 0.2228 0.3832 2.1715 0.9288 -0.0371 0.3513 0.4465 2.4656 0.0019 0.0019 0.1717 0 0
24 250 2123 0 0 0 0 0 1.0001 0 0.9898 0.0872 0.1493 0.1775 1.2432 0.9295 0.0956 0.3322 0.4121 2.6045 -0.0363 0.0363 0.182 0 0
24 251 2288 0 0 0 0 0 1.0004 0 0.9963 -0.1056 0.1216 0.1606 1.1204 0.9184 -0.101 0.3626 0.4527 2.547 -0.016 0.016 0.1781 0 0
24 252 2674 0 0 0 0 0 1.0004 0 0.9806 0.0012 0.1623 0.1999 1.0407 0.931 -0.014 0.3549 0.4582 2.7155 0.0341 0.0341 0.174 0 0
24 253 2114 0 0 0 0 0 1.0007 0 0.992 -0.0731 0.1332 0.1684 1.2841 0.9266 -0.0595 0.3335 0.4253 2.5885 -0.0289 0.0289 0.1825 0 0
24 254 3112 0 0 0 0 0 1.0003 0 0.9717 0.0593 0.1483 0.2128 0.9806 0.9372 0.0182 0.3476 0.4413 2.9687 0.0403 0.0403 0.1652 0 0
24 255 2159 0 0 0 0 0 1.0007 0 0.9834 -0.2024 0.2047 0.2474 0.8363 0.93 -0.2051 0.3693 0.4681 2.5848 0.0037 0.0037 0.1799 0 0
24 256 2377 0 0 0 0 0 1.0005 0 0.9901 0.0471 0.1254 0.1669 2.0514 0.9202 0.0625 0.3454 0.4374 2.6768 0.0083 0.0083 0.1826 0 0
24 257 2132 0 0 0 0 0 1.0007 0 0.9923 0.1529 0.1694 0.2409 1.6187 0.9308 0.1187 0.366 0.4631 2.4935 -0.0146 0.0146 0.1783 0 0
24 258 3327 0 0 0 0 0 1.0003 0 0.9922 0.2993 0.2993 0.3424 1.4337 0.9214 0.2058 0.4209 0.5284 3.1541 0.0516 0.0516 0.1842 0 0
24 259 2151 0 0 0 0 0 1.0002 0 0.9809 -0.0689 0.1777 0.216 1.4912 0.9282 -0.1004 0.3438 0.4315 2.8383 -0.0194 0.0194 0.179 0 0
24 260 2106 0 0 0 0 0 1.0002 0 0.9823 -0.0021 0.1711 0.257 1.4197 0.9219 -0.045 0.3255 0.4257 2.6337 -0.0721 0.0721 0.191 0 0
24 261 4031 0 0 0 0 0 1.0002 0 0.9772 -0.1147 0.1684 0.2191 1.1503 0.9316 -0.1616 0.3719 0.4649 3.0248 0.1042 0.1042 0.1687 0 0
24 262 2111 0 0 0 0 0 1.0004 0 0.992 0.0937 0.148 0.1937 2.378 0.9293 0.0789 0.3394 0.4289 2.5379 -0.0411 0.0411 0.1925 0 0
24 263 2317 0 0 0 0 0 1.0003 0 0.9823 0.0104 0.2115 0.3362 2.2793 0.9063 0.0187 0.3627 0.4628 2.4591 0.0035 0.0035 0.19 0 0
24 264 2135 0 0 0 0 0 1.0006 0 0.9876 -0.208 0.2418 0.3097 1.6344 0.9211 -0.1964 0.3765 0.4815 2.3664 -0.0348 0.0348 0.1904 0 0
24 265 2667 0 0 0 0 0 1.0015 0 0.9869 -0.2465 0.3118 0.3549 1.7583 0.9277 -0.2221 0.3936 0.4933 2.6281 0.0185 0.0185 0.1788 0 0
24 266 2212 0 0 0 0 0 1.0007 0 0.9318 -0.3745 0.3835 0.6705 2.8335 0.9099 -0.2175 0.4188 0.5242 3.0321 0.037 0.037 0.1958 0 0
24 267 2137 0 0 0 0 0 1.0004 0 0.9921 0.0424 0.1026 0.1358 0.9746 0.9309 0.0717 0.3545 0.4539 2.8512 -0.0166 0.0166 0.1791 0 0
24 268 2155 0 0 0 0 0 1.0005 0 0.9875 0.1393 0.164 0.2061 0.9674 0.935 0.1315 0.3496 0.4334 2.6224 -0.0251 0.0251 0.1732 0 0
24 269 2146 0 0 0 0 0 1.0003 0 0.9932 -0.2422 0.2542 0.2936 1.3836 0.9162 -0.2465 0.404 0.4998 2.5428 -0.0529 0.0529 0.196 0 0
24 270 2297 0 0 0 0 0 1.0005 0 0.9868 -0.2119 0.2144 0.2719 0.9299 0.9353 -0.1794 0.3654 0.4617 2.7472 0.0387 0.0387 0.1705 0 0
24 271 2147 0 0 0 0 0 1.0008 0 0.9912 -0.0362 0.0844 0.1092 0.7855 0.9209 -0.0553 0.3367 0.4364 2.6964 -0.0646 0.0646 0.1878 0 0
24 272 2285 0 0 0 0 0 1.0006 0 0.9907 -0.1363 0.1498 0.2005 0.9989 0.9401 -0.1477 0.3344 0.4303 2.5189 -0.0064 0.0064 0.1793 0 0
24 273 2283 0 0 0 0 0 1.0008 0 0.9922 0.1093 0.1455 0.1742 1.1607 0.9289 0.1315 0.3542 0.4551 2.6753 0.0118 0.0118 0.1727 0 0
24 274 2084 0 0 0 0 0 1.0004 0 0.9921 0.1503 0.1954 0.2544 2.1485 0.9163 0.0964 0.37 0.4647 2.5999 -0.0621 0.0621 0.1917 0 0
24 275 2087 0 0 0 0 0 1.0003 0 0.9896 0.0348 0.1381 0.1683 1.2919 0.9208 0.0446 0.3424 0.4317 2.5509 -0.0531 0.0531 0.1846 0 0
24 276 2115 0 0 0 0 0 1.0007 0 0.9928 0.0402 0.1499 0.1929 1.947 0.9225 0.0611 0.3581 0.4589 2.4875 -0.0304 0.0304 0.1745 0 0
24 277 2120 0 0 0 0 0 1.0009 0 0.9832 -0.1473 0.203 0.2469 1.1599 0.9174 -0.1373 0.3642 0.4659 2.3607 -0.0574 0.0574 0.1897 0 0
24 278 2138 0 0 0 0 0 1.0008 0 0.9942 -0.1035 0.1291 0.1759 1.1249 0.9163 -0.064 0.3527 0.4431 2.3595 -0.0547 0.0547 0.1871 0 0
24 279 3136 0 0 0 0 0 1.0004 0 0.9874 0.0298 0.1153 0.1562 0.8811 0.9316 0.0393 0.3526 0.4352 2.6743 0.0456 0.0456 0.1677 0 0
24 280 2135 0 0 0 0 0 1.0003 0 0.9914 -0.0909 0.1298 0.1682 1.3152 0.9231 -0.106 0.3379 0.4403 2.4956 -0.0397 0.0397 0.1867 0 0
24 281 2124 0 0 0 0 0 1.0006 0 0.9902 0.0055 0.1907 0.2549 2.2756 0.912 -0.0479 0.3623 0.4546 2.3941 -0.0507 0.0507 0.1975 0 0
24 282 2188 0 0 0 0 0 1.0005 0 0.9869 -0.0022 0.1408 0.1856 1.2727 0.9247 0.0065 0.3233 0.4018 2.5457 -0.0405 0.0405 0.1874 0 0
24 283 2084 0 0 0 0 0 1.0003 0 0.9893 -0.0187 0.1382 0.1834 1.4052 0.9102 -0.0487 0.3457 0.4229 2.4866 -0.1198 0.1198 0.1974 0 0
24 284 2137 0 0 0 0 0 1.0008 0 0.9939 0.0324 0.1374 0.1813 1.6294 0.9389 0.0091 0.3084 0.3949 2.4426 -0.028 0.028 0.1818 0 0
24 285 2306 0 0 0 0 0 1.0004 0 0.9753 -0.1001 0.1918 0.286 1.3547 0.9351 -0.0648 0.3426 0.43 2.7291 0.0357 0.0357 0.1693 0 0
24 286 2928 0 0 0 0 0 1.0004 0 0.9856 0.0623 0.1838 0.2157 1.476 0.9231 0.0473 0.361 0.458 2.5351 0.0376 0.0376 0.1736 0 0
24 287 2528 0 0 0 0 0 1.0007 0 0.9959 0.0945 0.1396 0.1608 1.5175 0.9373 0.1051 0.3525 0.4429 2.6177 0.0361 0.0361 0.1655 0 0
24 288 2262 0 0 0 0 0 1.0009 0 0.9869 -0.1298 0.1657 0.2225 1.3884 0.9352 -0.1233 0.3439 0.4368 2.6269 0.0302 0.0302 0.17 0 0
24 289 2177 0 0 0 0 0 1.0005 0 0.9743 -0.0222 0.1654 0.286 1.2537 0.9306 -0.0704 0.3405 0.4228 2.5918 0.0164 0.0164 0.1797 0 0
24 290 3276 0 0 0 0 0 1.0003 0 0.9902 -0.2565 0.2565 0.3295 1.7854 0.9284 -0.2327 0.415 0.526 2.9948 0.0896 0.0896 0.1639 0 0
24 291 2257 0 0 0 0 0 1.0003 0 0.9888 -0.0525 0.1208 0.1654 1.0088 0.9328 -0.0655 0.3199 0.418 2.5157 -0.0439 0.0439 0.1797 0 0
24 292 2129 0 0 0 0 0 1.0007 0 0.9705 0.0141 0.2105 0.3409 1.7455 0.9134 0.0187 0.3518 0.4377 2.3589 -0.0121 0.0121 0.1868 0 0
24 293 2139 0 0 0 0 0 1.0005 0 0.9939 -0.1032 0.1598 0.1928 1.4014 0.9239 -0.1172 0.3542 0.4462 2.3533 -0.0711 0.0711 0.1845 0 0
24 294 2130 0 0 0 0 0 1.001 0 0.9466 -0.3006 0.3391 0.5605 2.4461 0.9112 -0.1816 0.4069 0.5133 2.7372 -0.0332 0.0332 0.1907 0 0
24 295 2199 0 0 0 0 0 1.0004 0 0.9812 -0.0547 0.2134 0.254 1.5752 0.9133 -0.0445 0.3785 0.4664 2.6784 0.021 0.021 0.1834 0 0
24 296 2129 0 0 0 0 0 1.0003 0 0.9856 0.0499 0.127 0.1658 1.2979 0.9211 0.0205 0.3532 0.4392 2.7816 -0.043 0.043 0.1833 0 0
24 297 2164 0 0 0 0 0 1.0006 0 0.9889 -0.0089 0.1568 0.2141 1.2521 0.9254 -0.0179 0.3456 0.4355 2.6727 -0.0458 0.0458 0.1858 0 0
24 298 2194 0 0 0 0 0 1.0012 0 0.9917 -0.1055 0.1324 0.1726 1.2711 0.9351 -0.0955 0.3349 0.4161 2.7145 0.0242 0.0242 0.1751 0 0
24 299 2070 0 0 0 0 0 1.0004 0 0.9811 -0.1728 0.2423 0.3839 2.666 0.9199 -0.0793 0.3575 0.4506 2.5357 -0.0459 0.0459 0.1938 0 0
24 300 2216 0 0 0 0 0 1.0011 0 0.9923 -0.1529 0.2006 0.2366 1.4685 0.9321 -0.0857 0.3478 0.4312 2.5218 0.0357 0.0357 0.175 0 0
24 301 2210 0 0 0 0 0 1.0008 0 0.9925 -0.1183 0.1498 0.2031 1.5766 0.9257 -0.1298 0.3548 0.4553 2.6132 -0.016 0.016 0.1853 0 0
24 302 2564 0 0 0 0 0 1.0002 0 0.9461 -0.0386 0.2072 0.3647 2.2971 0.9127 0.0029 0.3563 0.4559 3.094 0.0095 0.0095 0.1979 0 0
24 303 2107 0 0 0 0 0 1.0002 0 0.9962 0.2248 0.2261 0.2639 1.6632 0.9269 0.1845 0.3734 0.4622 2.6588 -0.0793 0.0793 0.1923 0 0
24 304 2126 0 0 0 0 0 1.0007 0 0.9854 0.1243 0.1732 0.1943 1.1181 0.9295 0.095 0.3301 0.4242 2.7401 -0.064 0.064 0.1848 0 0
24 305 2125 0 0 0 0 0 1.0008 0 0.9883 -0.0442 0.155 0.1857 1.3579 0.9262 -0.0632 0.3319 0.4335 2.5202 -0.0185 0.0185 0.1796 0 0
24 306 2141 0 0 0 0 0 1.0005 0 0.9903 0.1751 0.2251 0.2525 1.3928 0.9305 0.2212 0.39 0.4922 2.7045 -0.0098 0.0098 0.1782 0 0
24 307 2946 0 0 0 0 0 1.0009 0 0.9897 0.1787 0.1829 0.2184 0.9269 0.9306 0.1906 0.3773 0.4673 2.7472 0.0367 0.0367 0.1713 0 0
24 308 2176 0 0 0 0 0 1.001 0 0.9837 -0.1379 0.239 0.3082 1.7423 0.9196 -0.1091 0.3859 0.4811 2.6001 0.0098 0.0098 0.1741 0 0
24 309 2138 0 0 0 0 0 1.0004 0 0.9644 0.0097 0.2299 0.3313 1.953 0.92 0.0661 0.3502 0.438 2.6099 -0.0295 0.0295 0.1886 0 0
24 310 2170 0 0 0 0 0 1.0007 0 0.991 -0.0095 0.1487 0.178 1.883 0.9237 -0.0081 0.339 0.4259 2.7386 -0.0089 0.0089 0.1835 0 0
24 311 2731 0 0 0 0 0 1.0013 0 0.9919 0.1065 0.1435 0.1757 1.6823 0.9267 0.099 0.3535 0.4473 2.6763 0.0313 0.0313 0.1688 0 0
24 312 2435 0 0 0 0 0 1.0005 0 0.9874 -0.1233 0.1599 0.2054 1.0743 0.9425 -0.0962 0.3272 0.4049 2.5722 -0.005 0.005 0.1781 0 0
24 313 2443 0 0 0 0 0 1.0005 0 0.9893 0.1498 0.1857 0.2211 1.0854 0.9376 0.1363 0.3361 0.4453 2.6078 0.0375 0.0375 0.1675 0 0
24 314 2591 0 0 0 0 0 1.0004 0 0.9905 -0.1517 0.1784 0.2265 1.7113 0.9254 -0.1033 0.358 0.4578 2.9189 0.0094 0.0094 0.1779 0 0
24 315 2660 0 0 0 0 0 1.0005 0 0.9861 -0.0353 0.1503 0.184 1.0372 0.9353 -0.0278 0.3258 0.4198 2.6974 0.0038 0.0038 0.1794 0 0
24 316 2535 0 0 0 0 0 1.0003 0 0.9781 0.1697 0.2272 0.3106 1.867 0.9209 0.122 0.3957 0.502 3.1442 0.0714 0.0714 0.1795 0 0
24 317 2314 0 0 0 0 0 1.0003 0 0.9853 0.0874 0.1546 0.201 1.2743 0.9178 0.0755 0.3514 0.4498 2.859 -0.0021 0.0021 0.1807 0 0
24 318 2169 0 0 0 0 0 1.0004 0 0.9841 -0.0348 0.1354 0.1666 1.0055 0.9256 -0.0117 0.3278 0.412 2.6421 0.0147 0.0147 0.1818 0 0
24 319 2829 0 0 0 0 0 1.0011 0 0.9823 -0.1229 0.1808 0.2147 1.0417 0.9279 -0.1226 0.3471 0.4423 2.5097 0.0061 0.0061 0.1753 0 0
24 320 2450 0 0 0 0 0 1.0005 0 0.9908 -0.1113 0.1694 0.2026 1.588 0.9183 -0.0952 0.3457 0.4346 2.7539 -0.0588 0.0588 0.1882 0 0
24 321 3989 0 0 0 0 0 1.0003 0 0.9746 0.2245 0.2845 0.431 2.2432 0.9264 0.1409 0.3979 0.4914 2.8863 0.1217 0.1217 0.1676 0 0
24 322 2739 0 0 0 0 0 1.0007 0 0.9893 0.0656 0.1318 0.1609 0.989 0.9367 0.0245 0.3237 0.4118 2.6443 0.0366 0.0366 0.1722 0 0
24 323 2242 0 0 0 0 0 1.0008 0 0.9869 -0.0676 0.137 0.166 1.06 0.9293 -0.0599 0.3336 0.4235 2.6511 0.0137 0.0137 0.1735 0 0
24 324 2129 0 0 0 0 0 1.0007 0 0.9889 -0.0495 0.118 0.1744 1.3172 0.9245 -0.0217 0.3423 0.4208 2.6979 -0.0077 0.0077 0.1805 0 0
24 325 2503 0 0 0 0 0 1.0014 0 0.9901 0.1107 0.154 0.1874 1.3128 0.9364 0.0938 0.3328 0.4176 2.8001 0.0337 0.0337 0.1769 0 0
24 326 2635 0 0 0 0 0 1.0003 0 0.9746 -0.1327 0.2023 0.3326 1.7601 0.9274 -0.101 0.3362 0.4244 2.6569 -0.0041 0.0041 0.1828 0 0
24 327 2119 0 0 0 0 0 1.0004 0 0.9911 0.0713 0.1806 0.2391 1.3372 0.9261 0.0265 0.3485 0.4456 2.3834 -0.044 0.044 0.1815 0 0
24 328 2156 0 0 0 0 0 1.0008 0 0.9915 0.1076 0.1715 0.2069 1.294 0.9241 0.0988 0.3655 0.4571 2.4393 -0.0253 0.0253 0.1825 0 0
24 329 2594 0 0 0 0 0 1.0009 0 0.9847 0.169 0.2073 0.2311 0.871 0.9258 0.145 0.3608 0.4587 2.7973 0.0418 0.0418 0.168 0 0
24 330 2136 0 0 0 0 0 1.0003 0 0.9919 0.1396 0.1516 0.196 0.9369 0.9275 0.1398 0.3503 0.4525 2.513 -0.0408 0.0408 0.1762 0 0
24 331 2128 0 0 0 0 0 1.0012 0 0.985 -0.0303 0.1317 0.187 1.0322 0.9129 0.0325 0.3778 0.488 2.6062 -0.0698 0.0698 0.1893 0 0
24 332 2165 0 0 0 0 0 1.0004 0 0.993 -0.0346 0.1174 0.1454 1.0171 0.9349 -0.0116 0.33 0.4199 2.5008 -0.004 0.004 0.1746 0 0
24 333 2094 0 0 0 0 0 1.001 0 0.9903 0.0759 0.1157 0.1592 0.9688 0.927 0.0665 0.3382 0.4219 2.6782 -0.0561 0.0561 0.181 0 0
24 334 2161 0 0 0 0 0 1.0005 0 0.9942 -0.1061 0.1291 0.1667 1.7112 0.923 -0.1012 0.3482 0.4366 2.5702 -0.0359 0.0359 0.1835 0 0
24 335 2175 0 0 0 0 0 1.0006 0 0.9811 -0.0027 0.1579 0.2096 1.2934 0.9223 0.0069 0.3437 0.4318 2.5326 0.0062 0.0062 0.1875 0 0
24 336 2622 0 0 0 0 0 1.001 0 0.9832 0.1214 0.173 0.2334 1.1299 0.938 0.087 0.3259 0.4074 2.5389 0.0311 0.0311 0.1758 0 0
24 337 2164 0 0 0 0 0 1.0012 0 0.9884 -0.1226 0.1731 0.2135 1.5884 0.9277 -0.0989 0.3358 0.4332 2.7853 -0.0303 0.0303 0.1794 0 0
24 338 2113 0 0 0 0 0 1.0003 0 0.9951 -0.158 0.1972 0.2432 1.9173 0.9145 -0.1315 0.4005 0.4995 2.4229 0.0077 0.0077 0.1838 0 0
24 339 2452 0 0 0 0 0 1.0004 0 0.993 -0.0083 0.1213 0.1537 1.6662 0.9321 -0.0357 0.3387 0.4229 2.5287 0.0102 0.0102 0.177 0 0
24 340 3346 0 0 0 0 0 1.0003 0 0.9876 -0.0734 0.1736 0.215 1.7428 0.921 -0.0158 0.3648 0.4628 2.7679 0.0718 0.0718 0.1705 0 0
24 341 2113 0 0 0 0 0 1.0006 0 0.9938 0.109 0.1264 0.162 1.1631 0.9064 0.1422 0.3494 0.4445 2.6113 -0.0633 0.0633 0.1972 0 0
24 342 2172 0 0 0 0 0 1.0006 0 0.9864 -0.0351 0.1422 0.1773 1.2337 0.9236 -0.0107 0.3509 0.4451 2.8616 -0.0198 0.0198 0.1806 0 0
24 343 2217 0 0 0 0 0 1.0027 0 0.9658 0.3759 0.4018 0.554 2.5496 0.9174 0.2945 0.4357 0.5444 2.8372 0.0318 0.0318 0.1886 0 0
24 344 3142 0 0 0 0 0 1.0003 0 0.987 0.2861 0.2918 0.3261 1.2692 0.9323 0.2726 0.4208 0.515 2.7783 0.0408 0.0408 0.1687 0 0
24 345 3240 0 0 0 0 0 1.0007 0 0.9908 0.1359 0.1863 0.2221 1.4107 0.9222 0.1134 0.3751 0.4632 2.9678 0.0594 0.0594 0.1816 0 0
24 346 2196 0 0 0 0 0 1.0003 0 0.9944 0.1476 0.1521 0.1902 0.9872 0.9367 0.1392 0.3465 0.4378 2.5093 0.0224 0.0224 0.1736 0 0
24 347 2107 0 0 0 0 0 1.0007 0 0.9793 -0.2434 0.2833 0.3903 2.2536 0.9167 -0.1163 0.3807 0.4906 2.8555 -0.0287 0.0287 0.2014 0 0
24 348 2213 0 0 0 0 0 1.0009 0 0.9887 -0.093 0.1525 0.1857 1.2127 0.937 -0.0585 0.3221 0.4063 2.8409 -0.0105 0.0105 0.1877 0 0
24 349 2798 0 0 0 0 0 1.0003 0 0.9691 -0.0978 0.2715 0.5579 2.5727 0.919 0.0087 0.3537 0.4525 2.3001 0.0715 0.0715 0.1796 0 0
24 350 2124 0 0 0 0 0 1.0004 0 0.9847 -0.0503 0.1991 0.2423 1.1991 0.9308 -0.0473 0.3355 0.4193 2.6143 -0.062 0.062 0.1864 0 0
24 351 2074 0 0 0 0 0 1.0005 0 0.9907 0.0148 0.1218 0.1481 1.0713 0.926 0.0068 0.3256 0.4172 2.5109 -0.1063 0.1063 0.1923 0 0
24 352 2110 0 0 0 0 0 1.0003 0 0.9705 -0.0375 0.2121 0.3343 2.0078 0.9288 -0.0217 0.3225 0.4069 2.4278 -0.0506 0.0506 0.1907 0 0
24 353 2163 0 0 0 0 0 1.0004 0 0.9846 -0.0828 0.1513 0.1767 0.9991 0.9353 -0.0869 0.32 0.413 2.7932 -5e-04 5e-04 0.1784 0 0
24 354 2188 0 0 0 0 0 1.0007 0 0.9903 0.2064 0.2321 0.2569 1.3453 0.9249 0.1839 0.3698 0.4687 2.4687 -0.0071 0.0071 0.1803 0 0
24 355 2125 0 0 0 0 0 1.0012 0 0.9894 0.0035 0.1266 0.1867 1.2003 0.9246 0.0206 0.3517 0.436 2.6474 -0.0194 0.0194 0.181 0 0
24 356 2226 0 0 0 0 0 1.0006 0 0.9833 -0.0186 0.1544 0.1883 1.1822 0.9322 0.0211 0.3191 0.4058 2.6826 -0.0365 0.0365 0.1845 0 0
24 357 2327 0 0 0 0 0 1.0012 0 0.9624 -0.0973 0.207 0.4029 2.6058 0.9175 -0.0029 0.3612 0.4589 2.9131 -0.0094 0.0094 0.1938 0 0
24 358 2226 0 0 0 0 0 1.0008 0 0.9935 0.065 0.1309 0.1627 1.5555 0.9221 0.0933 0.3403 0.4257 2.6141 -0.0402 0.0402 0.1904 0 0
24 359 2121 0 0 0 0 0 1.001 0 0.9923 -0.0581 0.1268 0.1541 1.4268 0.9276 -0.018 0.346 0.4339 2.8034 -0.0429 0.0429 0.1806 0 0
24 360 2211 0 0 0 0 0 1.0003 0 0.9846 -0.1892 0.2135 0.2601 0.9641 0.9344 -0.1795 0.3581 0.4584 2.7839 0.0074 0.0074 0.1759 0 0
24 361 2127 0 0 0 0 0 1.0003 0 0.9886 0.0277 0.1197 0.1645 1.1525 0.9093 0.0111 0.3513 0.442 2.412 -0.0505 0.0505 0.1838 0 0
24 362 2223 0 0 0 0 0 1.0007 0 0.9902 0.1682 0.202 0.2302 1.1733 0.9322 0.1314 0.3659 0.4491 2.5942 0.0145 0.0145 0.1748 0 0
24 363 2136 0 0 0 0 0 1.0004 0 0.9868 0.1077 0.1409 0.1801 0.8543 0.9292 0.0482 0.3224 0.4052 2.4646 -0.0596 0.0596 0.1799 0 0
24 364 2219 0 0 0 0 0 1.0008 0 0.988 0.2563 0.2618 0.3473 2.5018 0.9233 0.1765 0.3765 0.4677 2.7643 -0.0285 0.0285 0.1907 0 0
24 365 2123 0 0 0 0 0 1.0002 0 0.9633 0.1345 0.2279 0.4429 2.4903 0.9212 0.0349 0.3516 0.4503 2.7339 -0.0234 0.0234 0.1837 0 0
24 366 2256 0 0 0 0 0 1.0003 0 0.9844 0.2352 0.2963 0.3964 2.2331 0.9235 0.1391 0.3914 0.4841 2.9332 0.0239 0.0239 0.1964 0 0
24 367 2132 0 0 0 0 0 1.0007 0 0.9866 -0.0314 0.1394 0.1732 1.6414 0.9182 -0.0038 0.3499 0.4393 2.6028 0.0092 0.0092 0.1857 0 0
24 368 2175 0 0 0 0 0 1.0014 0 0.9914 0.003 0.1274 0.1616 1.3978 0.9335 0.0283 0.3267 0.4136 2.5237 -0.0085 0.0085 0.1811 0 0
24 369 2273 0 0 0 0 0 1.0009 0 0.9794 -0.2191 0.2576 0.3547 1.9076 0.9264 -0.1592 0.3821 0.4788 2.9236 0.0682 0.0682 0.1823 0 0
24 370 2369 0 0 0 0 0 1.0007 0 0.9863 0.071 0.1647 0.2019 1.0496 0.9257 0.0599 0.358 0.4478 2.4207 0.0238 0.0238 0.1718 0 0
24 371 2138 0 0 0 0 0 1.0009 0 0.9878 -0.0633 0.1413 0.1942 1.3038 0.9275 -0.0563 0.323 0.415 2.5114 -0.0273 0.0273 0.186 0 0
24 372 2392 0 0 0 0 0 1.0007 0 0.9874 0.2135 0.2304 0.2756 1.172 0.9262 0.1549 0.3715 0.4658 2.7851 0.0235 0.0235 0.1788 0 0
24 373 2732 0 0 0 0 0 1.0006 0 0.9884 0.053 0.147 0.1826 1.2154 0.9372 0.0962 0.3307 0.419 2.5763 0.046 0.046 0.1702 0 0
24 374 2594 0 0 0 0 0 1.0003 0 0.9961 -0.0506 0.1351 0.1893 2.0259 0.9236 -0.0409 0.3757 0.4674 2.4129 0.0462 0.0462 0.1731 0 0
24 375 2126 0 0 0 0 0 1.0003 0 0.9866 -0.0067 0.1348 0.1855 1.3961 0.9181 -0.0101 0.3548 0.4561 2.7621 -0.0612 0.0612 0.1916 0 0
24 376 2152 0 0 0 0 0 1.0004 0 0.9921 0.0346 0.1193 0.138 0.9897 0.9171 -0.0065 0.3437 0.4271 2.6045 -0.0359 0.0359 0.1832 0 0
24 377 3353 0 0 0 0 0 1.0014 0 0.9872 0.0976 0.1708 0.215 1.2745 0.9327 0.0946 0.3422 0.4291 2.6238 0.0889 0.0889 0.1657 0 0
24 378 3505 0 0 0 0 0 1.0002 0 0.9788 -0.0187 0.1844 0.2359 1.4521 0.9266 -0.024 0.3618 0.4548 2.6913 0.0765 0.0765 0.1661 0 0
24 379 2104 0 0 0 0 0 1.0007 0 0.9919 -0.0209 0.1324 0.1612 1.3033 0.927 -0.0114 0.3364 0.4258 2.4034 -0.0365 0.0365 0.1855 0 0
24 380 2279 0 0 0 0 0 1.0011 0 0.9752 0.2355 0.2465 0.3817 1.8938 0.92 0.1551 0.3841 0.4798 2.7332 0.0041 0.0041 0.1861 0 0
24 381 2166 0 0 0 0 0 1.0016 0 0.9916 0.0897 0.1237 0.1661 1.3872 0.9343 0.0769 0.3154 0.404 2.4037 -6e-04 6e-04 0.1835 0 0
24 382 2443 0 0 0 0 0 1.0003 0 0.9745 -0.0022 0.1772 0.2145 1.6537 0.9284 -0.0205 0.3413 0.4368 2.9403 0.0099 0.0099 0.1822 0 0
24 383 2422 0 0 0 0 0 1.0009 0 0.993 -0.1061 0.1524 0.182 1.2621 0.9227 -0.0907 0.356 0.4442 2.6782 0.0186 0.0186 0.1822 0 0
24 384 2962 0 0 0 0 0 1.001 0 0.9877 -0.0572 0.1331 0.1532 0.9231 0.9345 -0.054 0.3279 0.4228 2.7469 0.023 0.023 0.1665 0 0
24 385 2085 0 0 0 0 0 1.0004 0 0.9862 -0.1146 0.1593 0.2141 1.2138 0.9301 -0.1302 0.3347 0.4204 2.4246 -0.0704 0.0704 0.1838 0 0
24 386 2178 0 0 0 0 0 1.0012 0 0.984 0.082 0.1251 0.1636 0.886 0.9309 0.1244 0.3348 0.4234 2.5457 -0.0023 0.0023 0.1762 0 0
24 387 2097 0 0 0 0 0 1.0005 0 0.9883 -0.0699 0.1774 0.2143 1.788 0.9182 -0.0318 0.3327 0.4185 2.3788 -0.1056 0.1056 0.1917 0 0
24 388 2151 0 0 0 0 0 1.0004 0 0.9823 -0.1694 0.2186 0.3144 2.1945 0.9183 -0.0691 0.3751 0.4706 2.8107 -0.0204 0.0204 0.1817 0 0
24 389 2180 0 0 0 0 0 1.0007 0 0.9766 0.2268 0.2347 0.3224 1.1178 0.9316 0.1469 0.3675 0.4658 2.7278 -0.0721 0.0721 0.1826 0 0
24 390 2095 0 0 0 0 0 1.0002 0 0.9828 0.2258 0.2799 0.3619 1.5911 0.9263 0.1322 0.3499 0.4418 2.7459 -0.0622 0.0622 0.1869 0 0
24 391 3712 0 0 0 0 0 1.0003 0 0.9849 0.2663 0.2834 0.3104 1.1914 0.9366 0.2829 0.406 0.5071 2.871 0.0815 0.0815 0.1687 0 0
24 392 2789 0 0 0 0 0 1.0002 0 0.9923 0.0044 0.143 0.1696 1.2856 0.9265 0.0175 0.3449 0.4402 2.5933 0.0438 0.0438 0.1691 0 0
24 393 2116 0 0 0 0 0 1.0008 0 0.9926 -0.0791 0.1482 0.1861 1.5409 0.9194 -0.0719 0.3289 0.4197 2.3753 -0.1078 0.1078 0.1994 0 0
24 394 2145 0 0 0 0 0 1.0004 0 0.9967 0.1161 0.1312 0.1513 1.1653 0.9395 0.1405 0.3252 0.4124 2.7203 0.0034 0.0034 0.1755 0 0
24 395 3076 0 0 0 0 0 1.0006 0 0.981 -0.0202 0.1766 0.214 1.163 0.9393 -0.0033 0.3348 0.4207 3.0294 0.0776 0.0776 0.17 0 0
24 396 2513 0 0 0 0 0 1.0004 0 0.9836 -0.0328 0.1695 0.2271 1.3592 0.9356 -0.0243 0.3446 0.4361 2.7479 0.0236 0.0236 0.1735 0 0
24 397 2281 0 0 0 0 0 1.0003 0 0.9935 0.1484 0.178 0.2209 1.3585 0.9371 0.1675 0.343 0.4394 2.6705 0.0025 0.0025 0.1809 0 0
24 398 2291 0 0 0 0 0 1.0003 0 0.9916 0.0644 0.1157 0.1515 0.9896 0.9358 0.0959 0.3323 0.4196 2.7636 0.0269 0.0269 0.1732 0 0
24 399 2731 0 0 0 0 0 1.0007 0 0.9938 -0.1369 0.1449 0.1758 1.0097 0.935 -0.1552 0.3464 0.4432 2.9028 0.0395 0.0395 0.1725 0 0
24 400 2235 0 0 0 0 0 1.0007 0 0.9808 -0.1002 0.1539 0.229 1.5141 0.9297 -0.0627 0.3388 0.433 2.7836 -0.0111 0.0111 0.1785 0 0
24 401 2099 0 0 0 0 0 1.0005 0 0.9925 0.1394 0.1719 0.2115 1.2193 0.9348 0.0854 0.3223 0.415 2.541 -0.0397 0.0397 0.1815 0 0
24 402 2149 0 0 0 0 0 1.0004 0 0.9792 0.1336 0.2389 0.287 1.3552 0.927 0.143 0.3542 0.4432 2.5201 -0.0255 0.0255 0.182 0 0
24 403 2177 0 0 0 0 0 1.0005 0 0.9825 0.1241 0.1739 0.2236 1.0386 0.9389 0.1027 0.3225 0.407 2.6538 -0.0089 0.0089 0.1801 0 0
24 404 2420 0 0 0 0 0 1.0005 0 0.9737 0.0644 0.1959 0.3048 1.7853 0.9319 0.0722 0.3486 0.4387 2.6258 0.033 0.033 0.1719 0 0
24 405 2203 0 0 0 0 0 1.0007 0 0.9786 -0.2172 0.2421 0.3557 1.3224 0.9232 -0.1718 0.3701 0.4665 2.6377 0.0371 0.0371 0.179 0 0
24 406 2552 0 0 0 0 0 1.0012 0 0.9921 -0.1233 0.1453 0.178 1.1918 0.9314 -0.1568 0.362 0.45 2.7873 0.0151 0.0151 0.1706 0 0
24 407 2127 0 0 0 0 0 1.0003 0 0.9912 -0.0472 0.1633 0.188 2.0519 0.9151 -0.0355 0.3452 0.4441 2.8672 -0.0129 0.0129 0.1882 0 0
24 408 3122 0 0 0 0 0 1.0007 0 0.9843 0.2954 0.3306 0.4108 2.3602 0.9195 0.2366 0.3974 0.5085 2.9528 0.0618 0.0618 0.1856 0 0
24 409 2193 0 0 0 0 0 1.0006 0 0.9839 0.0705 0.165 0.2538 1.7043 0.9241 0.0759 0.3394 0.4385 2.6738 -0.0042 0.0042 0.1805 0 0
24 410 2278 0 0 0 0 0 1.0004 0 0.9877 0.0512 0.1444 0.1971 1.1477 0.9332 0.037 0.3319 0.4175 2.4647 0.0372 0.0372 0.1703 0 0
24 411 2171 0 0 0 0 0 1.0004 0 0.986 -0.1715 0.2159 0.2762 1.605 0.9334 -0.129 0.3559 0.4509 2.495 0.0024 0.0024 0.1752 0 0
24 412 2098 0 0 0 0 0 1.0004 0 0.9925 0.0067 0.1157 0.1425 1.2421 0.9233 0.0258 0.3323 0.4222 2.4371 -0.0577 0.0577 0.1917 0 0
24 413 2176 0 0 0 0 0 1.001 0 0.9852 -0.0465 0.1291 0.1648 0.9593 0.9327 -0.0628 0.3341 0.4244 2.5604 0.0014 0.0014 0.1721 0 0
24 414 2292 0 0 0 0 0 1.0007 0 0.9832 0.0189 0.1733 0.2575 1.3964 0.9294 0.0059 0.33 0.416 2.5096 0.0253 0.0253 0.1781 0 0
24 415 3081 0 0 0 0 0 1.0003 0 0.9783 0.1375 0.1842 0.2985 1.5868 0.9356 0.0883 0.3559 0.4477 2.8229 0.0623 0.0623 0.1694 0 0
24 416 2124 0 0 0 0 0 1.0004 0 0.9828 -0.058 0.2334 0.2766 1.6958 0.9174 -0.1048 0.3916 0.4888 2.5049 -0.0856 0.0856 0.1854 0 0
24 417 3435 0 0 0 0 0 1.0003 0 0.984 -0.0138 0.1788 0.224 1.1859 0.9245 -0.037 0.346 0.442 2.4859 0.0806 0.0806 0.1661 0 0
24 418 2136 0 0 0 0 0 1.0008 0 0.9927 -0.0295 0.1337 0.1706 1.5064 0.9222 -9e-04 0.3323 0.4249 2.4541 -0.0632 0.0632 0.1887 0 0
24 419 2325 0 0 0 0 0 1.0003 0 0.9935 -0.0607 0.1312 0.1745 1.5747 0.9243 -0.002 0.3617 0.4552 2.7328 0.0442 0.0442 0.1728 0 0
24 420 2158 0 0 0 0 0 1.0004 0 0.9885 0.0573 0.1258 0.1589 1.0046 0.9268 0.0124 0.3331 0.4171 2.5789 -0.0565 0.0565 0.1823 0 0
24 421 2080 0 0 0 0 0 1.0003 0 0.9857 -0.0326 0.2029 0.3071 1.8246 0.9108 -0.0112 0.3537 0.4451 2.2782 -0.0811 0.0811 0.1972 0 0
24 422 2601 0 0 0 0 0 1.0003 0 0.9872 -0.1666 0.2157 0.2455 1.8335 0.9291 -0.1812 0.376 0.4596 2.7666 0.0239 0.0239 0.184 0 0
24 423 2196 0 0 0 0 0 1.0003 0 0.9871 0.2291 0.2541 0.3445 1.7461 0.9233 0.1469 0.3907 0.4791 2.7286 0.0045 0.0045 0.1825 0 0
24 424 2664 0 0 0 0 0 1.0005 0 0.9885 -0.1161 0.1463 0.1789 1.1335 0.9268 -0.1077 0.3367 0.4227 2.6469 0.0036 0.0036 0.1839 0 0
24 425 2214 0 0 0 0 0 1.0003 0 0.9938 -0.1348 0.1678 0.1955 1.3546 0.9324 -0.1125 0.3387 0.4255 2.4399 0.0013 0.0013 0.1779 0 0
24 426 2117 0 0 0 0 0 1.0008 0 0.9693 0.1501 0.2591 0.4471 2.0457 0.9202 0.0786 0.3779 0.4685 2.3718 0.0078 0.0078 0.1835 0 0
24 427 2216 0 0 0 0 0 1.0022 0 0.9765 0.0749 0.1798 0.2859 1.5452 0.9276 0.0189 0.3446 0.4399 2.7749 0.0084 0.0084 0.1781 0 0
24 428 2303 0 0 0 0 0 1.0003 0 0.9762 0.1671 0.2587 0.3363 2.2157 0.9265 0.148 0.3671 0.4673 2.7588 0.0167 0.0167 0.1781 0 0
24 429 2364 0 0 0 0 0 1.0004 0 0.978 -0.1043 0.1475 0.2033 0.8757 0.9355 -0.1036 0.339 0.4285 2.7864 -0.0063 0.0063 0.1739 0 0
24 430 2118 0 0 0 0 0 1.0011 0 0.983 0.2346 0.2701 0.3395 1.2159 0.924 0.1893 0.397 0.4915 2.6733 -0.0314 0.0314 0.1796 0 0
24 431 2139 0 0 0 0 0 1.0009 0 0.9815 -0.022 0.134 0.1783 0.9499 0.9358 -0.0197 0.3153 0.3901 2.5899 -0.0736 0.0736 0.1898 0 0
24 432 3126 0 0 0 0 0 1.0014 0 0.9807 -0.0456 0.1916 0.228 1.1641 0.925 -4e-04 0.3368 0.4253 2.8264 0.0502 0.0502 0.1791 0 0
24 433 2119 0 0 0 0 0 1.0011 0 0.9903 0.0097 0.1344 0.1576 1.1431 0.9233 0.0346 0.3739 0.4784 2.6876 -0.049 0.049 0.186 0 0
24 434 2465 0 0 0 0 0 1.0005 0 0.9914 0.056 0.107 0.1398 1.2798 0.9331 0.031 0.3259 0.4149 2.5354 0.0266 0.0266 0.1831 0 0
24 435 2390 0 0 0 0 0 1.0005 0 0.9858 -0.0358 0.1349 0.1638 0.9091 0.936 -0.0422 0.3363 0.4245 2.7761 0.0244 0.0244 0.1698 0 0
24 436 2879 0 0 0 0 0 1.0005 0 0.9892 8e-04 0.1728 0.22 1.5833 0.9309 0.0163 0.3385 0.4216 2.5015 0.0611 0.0611 0.1725 0 0
24 437 2398 0 0 0 0 0 1.0008 0 0.9882 0.0269 0.1461 0.1991 1.9518 0.9213 0.0097 0.3375 0.4273 2.463 -0.0133 0.0133 0.1837 0 0
24 438 2469 0 0 0 0 0 1.0007 0 0.9885 0.0441 0.1762 0.2209 1.3177 0.933 0.0729 0.3356 0.4286 2.7744 0.0164 0.0164 0.1756 0 0
24 439 2793 0 0 0 0 0 1.0014 0 0.9476 -0.0181 0.2067 0.3437 1.6782 0.9215 -0.0088 0.3475 0.4446 2.7969 0.0392 0.0392 0.177 0 0
24 440 2767 0 0 0 0 0 1.0005 0 0.9865 0.0195 0.1682 0.2045 1.4552 0.9423 -0.0145 0.3098 0.3916 2.5703 -0.0097 0.0097 0.1766 0 0
24 441 2344 0 0 0 0 0 1.0008 0 0.9894 -0.1359 0.1776 0.2061 1.1922 0.9371 -0.0836 0.3256 0.4095 2.8406 -0.0039 0.0039 0.174 0 0
24 442 2719 0 0 0 0 0 1.0002 0 0.9726 0.1538 0.1979 0.3248 1.703 0.9316 0.1144 0.3365 0.4301 2.8426 0.019 0.019 0.1851 0 0
24 443 2194 0 0 0 0 0 1.0012 0 0.9813 0.1061 0.181 0.2327 0.9881 0.9361 0.0963 0.3503 0.4466 2.8793 0.0057 0.0057 0.1775 0 0
24 444 3459 0 0 0 0 0 1.0002 0 0.9877 0.0676 0.1618 0.224 2.0423 0.9358 0.0458 0.332 0.42 2.6702 0.0472 0.0472 0.1715 0 0
24 445 2144 0 0 0 0 0 1.0008 0 0.995 -0.0389 0.1156 0.1389 1.0431 0.9298 -0.0152 0.332 0.4157 2.5677 -0.0182 0.0182 0.1791 0 0
24 446 2306 0 0 0 0 0 1.0006 0 0.9935 -0.1436 0.1575 0.1846 1.106 0.93 -0.1509 0.3517 0.4448 2.7607 -1e-04 1e-04 0.1772 0 0
24 447 2231 0 0 0 0 0 1.0008 0 0.9955 0.0068 0.0853 0.0991 1.0443 0.9368 -0.004 0.3318 0.423 2.4647 0.0026 0.0026 0.1768 0 0
24 448 2178 0 0 0 0 0 1.001 0 0.9891 -0.2554 0.2678 0.3252 1.4459 0.9313 -0.2109 0.3864 0.4822 2.5722 0.0366 0.0366 0.1773 0 0
24 449 2753 0 0 0 0 0 1.0005 0 0.9795 0.2192 0.2306 0.2837 1.1904 0.9315 0.186 0.3732 0.4642 2.8886 0.0434 0.0434 0.1759 0 0
24 450 2263 0 0 0 0 0 1.0006 0 0.9926 -0.0446 0.1412 0.1676 0.9057 0.939 -0.0769 0.3226 0.4175 2.5954 -0.0282 0.0282 0.176 0 0
24 451 2161 0 0 0 0 0 1.0012 0 0.9862 0.0075 0.1354 0.1744 1.3351 0.9326 0.049 0.3237 0.4228 2.6882 -0.0359 0.0359 0.1806 0 0
24 452 2393 0 0 0 0 0 1.0007 0 0.9907 -0.0272 0.117 0.1486 1.0812 0.9389 -0.0322 0.3277 0.4071 2.563 0.0489 0.0489 0.1732 0 0
24 453 2844 0 0 0 0 0 1.0014 0 0.9883 0.0189 0.1251 0.158 1.1252 0.9324 0.0068 0.3416 0.4334 2.5661 0.0313 0.0313 0.17 0 0
24 454 2129 0 0 0 0 0 1.0009 0 0.9943 0.0197 0.1269 0.1518 1.3769 0.9231 0.044 0.3519 0.4404 2.4597 -0.0277 0.0277 0.1845 0 0
24 455 2747 0 0 0 0 0 1.0004 0 0.9786 -0.0843 0.1603 0.1977 1.1028 0.9172 -0.1017 0.3819 0.4822 3.0066 0.0452 0.0452 0.1753 0 0
24 456 2748 0 0 0 0 0 1.0006 0 0.9814 -0.0531 0.1428 0.1765 0.931 0.9249 -0.0644 0.3381 0.4294 2.6899 0.0248 0.0248 0.1789 0 0
24 457 2258 0 0 0 0 0 1.0012 0 0.9821 0.0044 0.1369 0.1714 0.8815 0.9286 -0.0126 0.3326 0.4204 2.8352 -0.0218 0.0218 0.1854 0 0
24 458 3899 0 0 0 0 0 1.0004 0 0.979 -0.0711 0.1604 0.1983 0.9997 0.9317 -0.0711 0.3566 0.4512 2.8417 0.0712 0.0712 0.1618 0 0
24 459 2247 0 0 0 0 0 1.0004 0 0.9911 -0.2524 0.2557 0.3092 1.882 0.9332 -0.1989 0.3893 0.487 2.7652 -0.0047 0.0047 0.181 0 0
24 460 2098 0 0 0 0 0 1.0005 0 0.9856 0.0049 0.1407 0.1836 1.174 0.9213 -0.0066 0.3487 0.4416 2.4705 -0.0714 0.0714 0.192 0 0
24 461 3373 0 0 0 0 0 1.0008 0 0.9878 -0.095 0.1549 0.1848 1.3284 0.9302 -0.1017 0.348 0.4433 2.8901 0.0388 0.0388 0.1683 0 0
24 462 2248 0 0 0 0 0 1.0016 0 0.9754 -0.0895 0.2427 0.3381 2.3168 0.9175 -0.0109 0.3656 0.4552 2.7504 0.0151 0.0151 0.1862 0 0
24 463 2106 0 0 0 0 0 1.0006 0 0.9892 -0.0663 0.1354 0.166 1.1688 0.9172 -0.0227 0.3312 0.4157 2.5688 -0.0995 0.0995 0.1921 0 0
24 464 2188 0 0 0 0 0 1.0016 0 0.97 0.2693 0.301 0.3936 1.6448 0.9272 0.2354 0.3956 0.4982 2.6517 -0.014 0.014 0.183 0 0
24 465 2866 0 0 0 0 0 1.0007 0 0.9882 -0.1674 0.2099 0.248 1.0014 0.9314 -0.1452 0.3619 0.4511 2.4572 0.0404 0.0404 0.1696 0 0
24 466 3684 0 0 0 0 0 1.0004 0 0.9923 -0.0682 0.1165 0.1426 0.9487 0.9401 -0.0536 0.3241 0.415 2.6056 0.0583 0.0583 0.1709 0 0
24 467 2257 0 0 0 0 0 1.0015 0 0.9935 0.0077 0.1272 0.1502 1.9505 0.913 -0.0138 0.366 0.4675 2.4865 -0.0266 0.0266 0.187 0 0
24 468 2138 0 0 0 0 0 1.0005 0 0.993 -0.0135 0.1467 0.2117 1.7117 0.9367 -0.0119 0.3424 0.4354 2.3588 -0.0138 0.0138 0.1739 0 0
24 469 2150 0 0 0 0 0 1.0004 0 0.9952 0.0347 0.0778 0.1032 0.7907 0.9276 0.0168 0.3344 0.4191 2.6861 0.0174 0.0174 0.175 0 0
24 470 2167 0 0 0 0 0 1.0003 0 0.9922 0.0395 0.1101 0.1417 1.4831 0.9146 0.0498 0.3495 0.4523 2.5788 -0.0239 0.0239 0.1863 0 0
24 471 2725 0 0 0 0 0 1.0003 0 0.9883 0.1094 0.1802 0.2116 1.1349 0.9341 0.0577 0.3404 0.4253 2.65 0.0468 0.0468 0.175 0 0
24 472 2106 0 0 0 0 0 1.0002 0 0.9862 -0.1329 0.1888 0.2252 1.0946 0.9245 -0.0992 0.3365 0.4263 2.4987 -0.0517 0.0517 0.188 0 0
24 473 2389 0 0 0 0 0 1.0005 0 0.9868 -0.0244 0.1131 0.1681 1.2474 0.9163 -0.0729 0.3611 0.4598 2.6161 0.0312 0.0312 0.1753 0 0
24 474 2724 0 0 0 0 0 1.0007 0 0.9947 -0.0574 0.0902 0.1304 1.2014 0.9213 -0.088 0.3717 0.4755 2.7986 0.0577 0.0577 0.1695 0 0
24 475 2755 0 0 0 0 0 1.0003 0 0.994 -0.1233 0.17 0.2159 1.7036 0.9343 -0.131 0.3573 0.4473 2.7019 0.0568 0.0568 0.1745 0 0
24 476 2155 0 0 0 0 0 1.0014 0 0.9893 -0.0415 0.1725 0.2386 1.8405 0.934 0.0218 0.3454 0.4285 2.3597 -0.0229 0.0229 0.1767 0 0
24 477 2146 0 0 0 0 0 1.0005 0 0.98 -0.0271 0.1782 0.2956 1.5352 0.9231 -0.0057 0.3558 0.454 2.5153 -0.0476 0.0476 0.188 0 0
24 478 2126 0 0 0 0 0 1.0002 0 0.991 -0.0732 0.1445 0.1856 1.4684 0.927 -0.0705 0.3483 0.4398 2.778 -0.0388 0.0388 0.183 0 0
24 479 2219 0 0 0 0 0 1.0004 0 0.988 0.0776 0.1446 0.1809 1.0288 0.9297 0.0874 0.337 0.4335 2.5562 -0.0194 0.0194 0.1836 0 0
24 480 2098 0 0 0 0 0 1.0003 0 0.9951 -0.0365 0.1212 0.1467 1.3302 0.9241 -0.0374 0.3428 0.4275 2.466 -0.0277 0.0277 0.1831 0 0
24 481 2126 0 0 0 0 0 1.0006 0 0.9877 0.0707 0.1446 0.2004 1.0032 0.9263 0.0688 0.3592 0.4511 2.5187 -0.0702 0.0702 0.1805 0 0
24 482 3194 0 0 0 0 0 1.0004 0 0.9881 -0.0398 0.1268 0.1532 1.1127 0.9301 -0.0143 0.3339 0.4253 2.6422 0.0239 0.0239 0.1771 0 0
24 483 2505 0 0 0 0 0 1.0006 0 0.992 -0.0677 0.1322 0.1777 1.5866 0.9286 -0.0277 0.3479 0.4363 2.5688 0.0389 0.0389 0.1714 0 0
24 484 2685 0 0 0 0 0 1.0021 0 0.9746 0.0819 0.1919 0.2547 1.2733 0.9379 0.0349 0.3424 0.4311 2.5153 0.06 0.06 0.1631 0 0
24 485 2384 0 0 0 0 0 1.0006 0 0.9902 0.0615 0.1237 0.1484 1.0235 0.934 0.0404 0.3465 0.4454 2.6467 0.0273 0.0273 0.1697 0 0
24 486 2100 0 0 0 0 0 1.0009 0 0.9842 0.1474 0.2178 0.2983 1.5544 0.9245 0.1345 0.3721 0.4632 2.6145 -0.0346 0.0346 0.1804 0 0
24 487 2153 0 0 0 0 0 1.0004 0 0.9907 -0.0225 0.1306 0.2134 2.0114 0.9096 -0.0083 0.382 0.4745 2.4558 0.0233 0.0233 0.1906 0 0
24 488 2106 0 0 0 0 0 1.0011 0 0.9911 -0.0284 0.1091 0.135 0.9922 0.9224 -0.011 0.3529 0.446 2.6507 -0.0262 0.0262 0.1809 0 0
24 489 2857 0 0 0 0 0 1.0009 0 0.9906 0.2374 0.2444 0.2908 1.3786 0.9361 0.197 0.3609 0.452 2.837 0.0681 0.0681 0.1741 0 0
24 490 2144 0 0 0 0 0 1.0007 0 0.9889 -0.0297 0.1577 0.222 1.4053 0.9367 0.0125 0.3289 0.4175 2.5342 -0.0193 0.0193 0.1806 0 0
24 491 2876 0 0 0 0 0 1.0005 0 0.9841 -0.0599 0.194 0.3023 1.4385 0.9287 0.0016 0.3649 0.4616 2.2911 0.0253 0.0253 0.1742 0 0
24 492 2462 0 0 0 0 0 1.0006 0 0.9965 -0.1387 0.1592 0.1822 1.7341 0.9194 -0.0808 0.3603 0.4518 2.7328 0.0116 0.0116 0.1814 0 0
24 493 2493 0 0 0 0 0 1.0005 0 0.9805 -0.0737 0.1504 0.2011 0.9837 0.9272 -0.0704 0.3551 0.4388 2.6233 0.03 0.03 0.173 0 0
24 494 2682 0 0 0 0 0 1.0004 0 0.9899 -0.024 0.142 0.1682 1.2217 0.9369 0.0104 0.3349 0.4235 2.5709 0.0217 0.0217 0.1708 0 0
24 495 2148 0 0 0 0 0 1.0009 0 0.9824 -0.0295 0.1421 0.1641 0.9388 0.9242 -0.0294 0.3304 0.4332 2.6879 -0.0165 0.0165 0.1836 0 0
24 496 2106 0 0 0 0 0 1.0006 0 0.989 -0.1034 0.1536 0.1957 1.1267 0.9221 -0.0267 0.3402 0.4277 2.7751 -0.0427 0.0427 0.1834 0 0
24 497 2249 0 0 0 0 0 1.0008 0 0.9931 -0.0208 0.0974 0.1202 0.9249 0.9218 -0.0476 0.3452 0.4496 2.6866 -0.0126 0.0126 0.1764 0 0
24 498 2105 0 0 0 0 0 1.0003 0 0.9857 -0.0781 0.159 0.1898 1.6494 0.9207 -0.0574 0.345 0.4402 2.8694 -0.0514 0.0514 0.1881 0 0
24 499 2260 0 0 0 0 0 1.0004 0 0.9862 0.0306 0.1072 0.1368 0.9137 0.9293 0.0539 0.3177 0.4025 2.4322 -0.0254 0.0254 0.1853 0 0
24 500 2205 0 0 0 0 0 1.002 0 0.9764 -0.0468 0.1575 0.2051 0.9376 0.9372 -0.0392 0.332 0.4199 2.5727 -0.0147 0.0147 0.1761 0 0
