cond r run.time ndiv nbfmi ntree nbulk ntail maxRhat nRhat alpha.cor alpha.bias alpha.abbias alpha.rmse alpha.CI beta.cor beta.bias beta.abbias beta.rmse beta.CI theta.cor theta.bias theta.abbias theta.rmse theta.CI lambda.bias lambda.abbias lambda.CI corrupt efficiency
32 1 2474 0 0 0 0 0 1.0008 0 0.9188 -0.0145 0.0825 0.0908 0.7468 0.9954 0.0307 0.0777 0.11 1.3533 0.7895 0.0181 0.4781 0.6133 4.0356 -0.0221 0.0221 0.2955 0 0
32 2 2359 0 0 0 0 0 1.0011 0 0.9326 -0.0738 0.1402 0.1927 1.1115 0.9758 -0.0812 0.2693 0.5031 4.1674 0.711 0.0511 0.5478 0.725 4.1205 -0.152 0.152 0.3546 0 0
32 3 2290 0 0 0 0 0 1.0013 0 0.2625 -0.2022 0.2816 0.312 0.9298 0.9695 0.1836 0.565 0.9213 7.6631 0.6639 0.0095 0.5906 0.7506 4.0644 0.0185 0.0185 0.4355 0 0
32 4 2367 0 0 0 0 0 1.0002 0 0.7873 -0.1657 0.1733 0.2304 0.6888 0.9936 0.034 0.1778 0.245 2.2867 0.7329 0.0931 0.5393 0.6848 4.043 0.2038 0.2038 0.3011 0 0
32 5 2369 0 0 0 0 0 1.0004 0 0.9584 0.0113 0.0724 0.1127 0.8508 0.9958 -0.0997 0.1066 0.1392 1.7546 0.7519 -0.0448 0.5246 0.6713 4.0793 0.1439 0.1439 0.313 0 0
32 6 2278 0 0 0 0 0 1.0005 0 0.8765 0.0058 0.1276 0.1537 0.7794 0.9814 -0.0799 0.155 0.2147 1.8969 0.6936 -0.0749 0.573 0.7515 4.0507 0.0256 0.0256 0.3549 0 0
32 7 2305 0 0 0 0 0 1.0003 0 0.8014 -0.0676 0.1731 0.2482 1.0021 0.9889 0.3052 0.3512 0.4851 7.3633 0.749 0.0105 0.5194 0.6732 4.0123 0.11 0.11 0.3282 0 0
32 8 2398 0 0 0 0 0 1.0004 0 0.8856 -0.0014 0.1067 0.1162 0.7346 0.9937 0.1128 0.1482 0.1709 1.3824 0.7553 0.0073 0.5019 0.6475 4.0039 -0.0102 0.0102 0.2961 0 0
32 9 2429 0 0 0 0 0 1.0004 0 0.6665 -0.1457 0.1815 0.2144 0.7417 0.9849 -0.0668 0.2024 0.2756 2.1686 0.689 -0.0319 0.5567 0.7145 4.0339 -0.0684 0.0684 0.334 0 0
32 10 2380 0 0 0 0 0 1.0002 0 0.7971 0.0551 0.1113 0.1678 0.8352 0.9924 -0.0986 0.1659 0.2088 1.7331 0.7388 -0.0694 0.5207 0.6646 4.06 -0.0427 0.0427 0.333 0 0
32 11 2385 0 0 0 0 0 1.0002 0 0.6766 0.062 0.0731 0.1151 0.7093 0.9966 0.0408 0.1243 0.1663 1.5699 0.7288 0.0231 0.5461 0.7006 4.0229 -0.0319 0.0319 0.3075 0 0
32 12 2433 0 0 0 0 0 1.0002 0 0.6614 -0.0121 0.1503 0.1785 0.7252 0.9904 0.1192 0.1457 0.1854 1.9657 0.7738 0.0418 0.5076 0.6462 3.9893 -0.0258 0.0258 0.2975 0 0
32 13 2484 0 0 0 0 0 1.0004 0 0.7207 0.0336 0.0738 0.0953 0.6501 0.9964 0.0419 0.0804 0.1119 1.5923 0.7845 0.0244 0.4785 0.604 4.0434 0.1256 0.1256 0.2973 0 0
32 14 2410 0 0 0 0 0 1.0004 0 0.9926 0.0024 0.0643 0.0695 0.8928 0.9967 0.0463 0.0843 0.1067 1.607 0.7474 -0.0075 0.4912 0.6598 4.0345 -0.023 0.023 0.2719 0 0
32 15 2411 0 0 0 0 0 1.0004 0 0.7517 -0.0649 0.2133 0.2557 0.9608 0.9806 0.2281 0.3045 0.4715 3.7685 0.6803 0.0468 0.5648 0.7179 3.9967 -0.1219 0.1219 0.309 0 0
32 16 2423 0 0 0 0 0 1.0002 0 0.9083 -0.0974 0.1551 0.1581 0.819 0.9959 0.0817 0.1514 0.1926 2.5631 0.7436 0.0371 0.5059 0.6571 3.998 -0.1039 0.1039 0.3145 0 0
32 17 2352 0 0 0 0 0 1.0004 0 0.8063 0.0213 0.0731 0.0948 0.7813 0.9958 -0.0102 0.0972 0.1182 1.4228 0.7408 -0.0017 0.518 0.6708 4.0249 -0.0742 0.0742 0.3234 0 0
32 18 2399 0 0 0 0 0 1.0004 0 0.6353 -0.0329 0.15 0.1593 0.7895 0.9885 0.094 0.1582 0.207 1.5401 0.7224 0.0646 0.5492 0.7179 4.0488 -0.0503 0.0503 0.3262 0 0
32 19 2370 0 0 0 0 0 1.0004 0 0.506 0.1278 0.1641 0.2084 0.7251 0.9829 0.0593 0.1658 0.2089 1.5058 0.6999 -0.0424 0.6061 0.7611 4.0448 -0.0245 0.0245 0.3289 0 0
32 20 2409 0 0 0 0 0 1.0003 0 0.6418 0.0212 0.1358 0.1647 0.7651 0.98 0.1028 0.2359 0.308 2.769 0.7446 0.0416 0.5475 0.6886 4.0215 -0.0847 0.0847 0.3505 0 0
32 21 2403 0 0 0 0 0 1.0004 0 0.6492 -0.0539 0.2015 0.2574 0.9511 0.9901 0.4205 0.4879 0.8308 10.8721 0.736 0.0134 0.5517 0.7041 4.0038 0.0561 0.0561 0.3129 0 0
32 22 2391 0 0 0 0 0 1.0004 0 0.922 0.07 0.129 0.1522 0.8934 0.9937 0.0026 0.1522 0.1793 2.9534 0.7641 0.0435 0.5372 0.6813 4.0281 0.0643 0.0643 0.3016 0 0
32 23 2390 0 0 0 0 0 1.0008 0 0.9215 -0.0882 0.1292 0.1434 0.6808 0.9951 -0.118 0.1722 0.2051 2.0271 0.7245 0.0019 0.5029 0.6609 4.0673 0.0401 0.0401 0.3056 0 0
32 24 2384 0 0 0 0 0 1.0007 0 0.6835 0.0401 0.1424 0.1847 0.8884 0.9904 -0.0894 0.158 0.2036 2.0413 0.7245 8e-04 0.527 0.6798 4.039 0.0118 0.0118 0.3349 0 0
32 25 2292 0 0 0 0 0 1.0005 0 0.7274 -0.0671 0.1052 0.1152 0.7083 0.9905 0.1251 0.154 0.2136 2.2165 0.7224 0.0142 0.5419 0.6851 4.0767 0.2389 0.2389 0.3499 0 0
32 26 2457 0 0 0 0 0 1.0005 0 0.9024 0.0974 0.1231 0.193 0.9221 0.9957 -0.0742 0.1316 0.1812 4.38 0.7795 -0.0059 0.5062 0.6469 4.103 -0.0868 0.0868 0.3053 0 0
32 27 2417 0 0 0 0 0 1.0007 0 0.9643 0.0211 0.0875 0.108 0.8502 0.994 0.0236 0.1013 0.1516 3.8231 0.788 -0.0464 0.4962 0.6369 4.0412 -0.0468 0.0468 0.3266 0 0
32 28 2495 0 0 0 0 0 1.0006 0 0.8509 -0.0635 0.1224 0.1567 0.8087 0.9919 -0.0853 0.1485 0.2238 2.0921 0.7476 -0.0052 0.519 0.6687 4.029 -0.0061 0.0061 0.3035 0 0
32 29 2461 0 0 0 0 0 1.0005 0 0.9975 -0.093 0.093 0.0985 1.1078 0.9982 -0.1014 0.1737 0.2425 2.5338 0.7452 -0.0429 0.4951 0.6358 4.0337 -0.0559 0.0559 0.3662 0 0
32 30 2400 0 0 0 0 0 1.0003 0 0.8277 0.0176 0.0916 0.1178 0.7433 0.9949 0.1241 0.134 0.1811 2.3068 0.7248 0.0233 0.5497 0.7055 4.0421 -0.064 0.064 0.3361 0 0
32 31 2381 0 0 0 0 0 1.0003 0 0.9653 -0.1286 0.1286 0.1359 0.7228 0.9968 -0.0106 0.1033 0.1289 1.44 0.7111 -0.0053 0.5251 0.6859 4.0256 0.016 0.016 0.3256 0 0
32 32 2490 0 0 0 0 0 1.0005 0 0.8961 -0.0785 0.2032 0.2257 1.0258 0.9845 -0.1439 0.2 0.2834 2.4258 0.7695 -0.0741 0.4733 0.6464 4.0125 0.0335 0.0335 0.264 0 0
32 33 2420 0 0 0 0 0 1.0004 0 0.9215 -0.0613 0.1238 0.1588 0.7629 0.9938 -0.0429 0.1306 0.1624 1.3795 0.7679 -0.0344 0.4913 0.6375 4.0467 -0.0231 0.0231 0.2889 0 0
32 34 2397 0 0 0 0 0 1.0013 0 0.8384 0.0798 0.1787 0.1988 0.9092 0.9955 -0.0469 0.1126 0.1393 2.5882 0.7377 0.0082 0.5455 0.699 4.058 0.1083 0.1083 0.3017 0 0
32 35 2312 0 0 0 0 0 1.0003 0 0.8678 0.0977 0.1776 0.2142 0.8164 0.9426 0.0969 0.2538 0.4381 4.6747 0.6857 -0.0029 0.5709 0.7323 4.0402 -0.0705 0.0705 0.3373 0 0
32 36 2458 0 0 0 0 0 1.0004 0 0.9441 -0.0612 0.1095 0.1324 0.8479 0.9763 6e-04 0.2038 0.3061 3.3363 0.7294 -0.0409 0.5236 0.6982 4.0201 0.0217 0.0217 0.3121 0 0
32 37 2455 0 0 0 0 0 1.0003 0 0.2926 -0.1078 0.1707 0.2185 0.7158 0.986 -0.0181 0.1761 0.2423 2.5634 0.6753 0.0102 0.546 0.6928 4.0436 0.1108 0.1108 0.3733 0 0
32 38 2440 0 0 0 0 0 1.0007 0 0.9324 0.0396 0.0932 0.1077 0.8023 0.9934 0.0661 0.1461 0.1849 2.3371 0.726 0.0457 0.5222 0.6903 4.0589 0 0 0.3253 0 0
32 39 2458 0 0 0 0 0 1.0002 0 0.8517 0.051 0.1021 0.1264 0.7211 0.9893 -0.022 0.1329 0.1729 1.396 0.7692 -0.0232 0.5298 0.669 4.0509 0.0273 0.0273 0.316 0 0
32 40 2381 0 0 0 0 0 1.0004 0 0.891 -0.0559 0.1307 0.1444 0.7387 0.9945 0.0278 0.1459 0.1787 1.9927 0.7431 -0.0049 0.5054 0.6545 4.0242 0.0414 0.0414 0.3308 0 0
32 41 2317 0 0 0 0 0 1.0003 0 0.8522 -0.0763 0.165 0.1871 0.8872 0.9929 0.0179 0.169 0.2107 1.9708 0.7501 0.0173 0.4985 0.6495 4.0384 0.0712 0.0712 0.3304 0 0
32 42 2367 0 0 0 0 0 1.0006 0 0.9478 -0.0832 0.1039 0.1207 0.7641 0.9876 -0.0266 0.1416 0.2171 3.0681 0.7178 -0.0773 0.545 0.6924 4.1041 -0.0305 0.0305 0.3648 0 0
32 43 2408 0 0 0 0 0 1.0012 0 0.8469 0.0162 0.1757 0.2016 0.9348 0.9934 0.029 0.121 0.15 1.9022 0.7537 0.0325 0.5151 0.6441 4.058 -0.1169 0.1169 0.3291 0 0
32 44 2495 0 0 0 0 0 1.0004 0 0.885 -0.1234 0.1747 0.1874 0.7622 0.9902 0.0257 0.1436 0.2257 2.4882 0.7489 -0.0204 0.5062 0.6566 4.0388 0.0455 0.0455 0.3198 0 0
32 45 2288 0 0 0 0 0 1.0007 0 0.7005 -0.0103 0.089 0.1299 0.8118 0.9847 0.008 0.2504 0.3213 3.8128 0.679 -0.0545 0.5581 0.7157 4.0436 0.0284 0.0284 0.323 0 0
32 46 2430 0 0 0 0 0 1.0005 0 0.5724 -0.0051 0.0494 0.0629 0.6508 0.9951 0.0045 0.0963 0.1163 1.0982 0.7569 -0.004 0.4971 0.6504 4.0556 -0.0215 0.0215 0.3148 0 0
32 47 2430 0 0 0 0 0 1.0005 0 0.099 -0.0941 0.13 0.1759 0.8922 0.962 -0.277 0.3648 0.6498 7.1475 0.6133 0.0127 0.605 0.7601 4.0719 -0.0126 0.0126 0.4686 0 0
32 48 2411 0 0 0 0 0 1.0008 0 0.7151 0.0615 0.2017 0.2438 0.8711 0.9857 0.0731 0.1896 0.2269 1.4817 0.7179 0.0519 0.5739 0.7167 4.0874 0.035 0.035 0.3306 0 0
32 49 2422 0 0 0 0 0 1.0008 0 0.874 0.0074 0.0722 0.0835 0.7218 0.9885 0.1915 0.2246 0.274 1.8945 0.7711 0.1265 0.5097 0.655 4.0166 0.0176 0.0176 0.3141 0 0
32 50 2363 0 0 0 0 0 1.0015 0 0.6903 0.0061 0.1375 0.1755 0.8613 0.9624 -0.0982 0.1925 0.336 3.1979 0.705 0.0281 0.567 0.7227 4.0212 0.0629 0.0629 0.3284 0 0
32 51 2416 0 0 0 0 0 1.0003 0 0.9687 0.077 0.0972 0.1134 0.8754 0.9941 -0.0836 0.1596 0.2143 1.9367 0.7516 -0.0151 0.5372 0.6909 4.0762 0.0367 0.0367 0.3072 0 0
32 52 2365 0 0 0 0 0 1.0004 0 0.9263 -0.1221 0.1221 0.1479 0.7635 0.9969 -0.0053 0.1338 0.1784 2.5691 0.762 -0.0285 0.5249 0.6738 4.061 0.1704 0.1704 0.3342 0 0
32 53 2332 0 0 0 0 0 1.0004 0 0.5276 0.0323 0.1457 0.1899 0.9195 0.986 0.0511 0.1787 0.2214 2.2918 0.6405 0.016 0.5998 0.7582 4.0541 -0.0061 0.0061 0.4117 0 0
32 54 2330 0 0 0 0 0 1.0006 0 0.8561 -0.0792 0.1439 0.1576 0.8835 0.9807 0.0642 0.2231 0.3017 2.9683 0.6794 -0.0745 0.5715 0.7292 4.0713 -0.0936 0.0936 0.3874 0 0
32 55 2373 0 0 0 0 0 1.0004 0 0.857 0.1567 0.1761 0.2118 0.8747 0.9924 0.0319 0.156 0.2012 1.6894 0.7327 0.0182 0.5452 0.699 4.0123 -0.0083 0.0083 0.3288 0 0
32 56 2317 0 0 0 0 0 1.0003 0 0.4976 -0.1024 0.1775 0.2073 0.8012 0.962 -0.2316 0.4245 0.6569 6.7155 0.6374 -0.0184 0.5705 0.7257 4.0752 -0.2413 0.2413 0.3831 0 0
32 57 2407 0 0 0 0 0 1.0005 0 0.8476 -0.0691 0.1149 0.1622 0.8067 0.9951 0.1423 0.1959 0.2858 4.7782 0.7225 0.0535 0.4907 0.6572 4.0281 0.0933 0.0933 0.303 0 0
32 58 2305 0 0 0 0 0 1.0003 0 0.5533 -0.07 0.2486 0.2732 0.8794 0.9681 -0.2478 0.3508 0.5763 5.5761 0.6976 -0.0084 0.5636 0.7327 4.0893 0.0195 0.0195 0.3683 0 0
32 59 2312 0 0 0 0 0 1.0003 0 0.7491 -0.1109 0.1683 0.2064 0.7983 0.9833 -0.1413 0.2685 0.4231 4.4914 0.719 0.0294 0.5355 0.7027 4.0281 0.1685 0.1685 0.3356 0 0
32 60 2402 0 0 0 0 0 1.0006 0 0.8961 0.0083 0.1029 0.1185 0.8015 0.9877 0.0805 0.1635 0.2066 1.7381 0.7608 0.053 0.5343 0.6907 4.031 0.0474 0.0474 0.322 0 0
32 61 2441 0 0 0 0 0 1.0005 0 0.8955 -0.0415 0.1166 0.1529 0.9289 0.9878 -0.276 0.3038 0.4295 3.0015 0.7066 -0.0801 0.5466 0.6924 4.0184 0.0082 0.0082 0.317 0 0
32 62 2380 0 0 0 0 0 1.0009 0 0.8028 -0.0083 0.1072 0.1205 0.7399 0.9735 -0.0982 0.22 0.3881 4.1134 0.7091 0.0462 0.5427 0.7119 4.0342 0.0794 0.0794 0.3488 0 0
32 63 2448 0 0 0 0 0 1.0006 0 0.8512 -0.0177 0.0811 0.103 0.7177 0.9962 0.0307 0.0791 0.1121 1.3971 0.7467 0.0228 0.5328 0.6738 4.0468 0.0549 0.0549 0.3035 0 0
32 64 2340 0 0 0 0 0 1.001 0 0.9503 -0.068 0.1347 0.1578 1.1299 0.9779 -0.0819 0.2238 0.3369 2.9389 0.677 -0.0112 0.5806 0.7399 4.0191 0.0707 0.0707 0.3638 0 0
32 65 2350 0 0 0 0 0 1.0003 0 0.8579 -0.0501 0.1208 0.1324 0.7256 0.9821 0.3335 0.3454 0.5466 8.0181 0.6937 0.0433 0.5432 0.682 4.0218 0.0237 0.0237 0.3456 0 0
32 66 2375 0 0 0 0 0 1.0007 0 0.5953 -0.1046 0.1941 0.2145 0.9124 0.9954 -0.2066 0.3525 0.5441 6.066 0.7046 -0.0079 0.5638 0.7328 4.0956 -0.1929 0.1929 0.3905 0 0
32 67 2332 0 0 0 0 0 1.0008 0 0.7564 0.0394 0.2002 0.2217 0.8247 0.9752 -0.0425 0.2574 0.3925 3.6094 0.7106 -0.0423 0.5406 0.6778 4.1025 0.0111 0.0111 0.3682 0 0
32 68 2385 0 0 0 0 0 1.0007 0 0.9058 -0.0449 0.1198 0.153 0.8118 0.9952 -0.0166 0.0935 0.1237 1.4116 0.7537 -0.0012 0.5066 0.6743 4.0397 -0.0308 0.0308 0.3371 0 0
32 69 2463 0 0 0 0 0 1.0003 0 0.9814 -0.0129 0.0736 0.0811 0.8027 0.9894 -0.0087 0.1352 0.1684 1.2925 0.7678 -0.0218 0.5016 0.647 4.0255 -0.0144 0.0144 0.2828 0 0
32 70 2425 0 0 0 0 0 1.0002 0 0.9697 -0.1113 0.1113 0.1294 0.826 0.9971 0.0641 0.132 0.1744 2.1201 0.7266 -0.0062 0.5322 0.6794 4.0728 -0.0482 0.0482 0.3339 0 0
32 71 2391 0 0 0 0 0 1.0006 0 0.966 -0.035 0.0897 0.1042 0.7328 0.9914 0.0718 0.1389 0.1758 1.6707 0.7605 0.0447 0.4909 0.6379 4.0361 0.0509 0.0509 0.3113 0 0
32 72 2348 0 0 0 0 0 1.0005 0 0.8044 0.0432 0.1423 0.1596 0.733 0.982 0.0371 0.1816 0.2821 4.3076 0.7007 -0.0122 0.5612 0.7182 4.05 0.1045 0.1045 0.338 0 0
32 73 2326 0 0 0 0 0 1.0014 0 0.9659 -0.0857 0.1018 0.129 1.0697 0.9954 -0.1364 0.2776 0.3668 3.2491 0.711 -0.0193 0.5141 0.6888 4.0863 0.0456 0.0456 0.3519 0 0
32 74 2289 0 0 0 0 0 1.0004 0 0.7285 -0.0555 0.103 0.1203 0.7701 0.9938 -0.1425 0.1764 0.2223 3.3776 0.71 0.005 0.5638 0.7235 4.1245 -0.1557 0.1557 0.3988 0 0
32 75 2359 0 0 0 0 0 1.0005 0 0.6886 0.0856 0.2237 0.2481 0.7468 0.9894 -0.049 0.1652 0.2072 1.5594 0.7157 -0.0879 0.5651 0.7182 4.0086 0.0046 0.0046 0.3194 0 0
32 76 2391 0 0 0 0 0 1.0005 0 0.8187 -0.0412 0.0826 0.0874 0.7037 0.9953 -0.1318 0.185 0.2205 2.1218 0.7155 -0.0356 0.5843 0.733 4.0265 -0.0155 0.0155 0.3614 0 0
32 77 2412 0 0 0 0 0 1.0001 0 0.8128 0.0367 0.1922 0.2299 0.8753 0.9913 -0.1478 0.1674 0.2337 2.1092 0.7735 -0.0591 0.4921 0.6524 4.0217 -0.1168 0.1168 0.2646 0 0
32 78 2320 0 0 0 0 0 1.0004 0 0.3483 -0.0239 0.1484 0.1772 0.7835 0.9917 0.076 0.1385 0.1809 2.0091 0.7164 0.0522 0.5389 0.6998 4.0654 -0.1717 0.1717 0.3791 0 0
32 79 2361 0 0 0 0 0 1.0005 0 0.7942 0.0102 0.1197 0.1709 0.7745 0.986 0.0913 0.1678 0.2618 2.9209 0.7203 -0.0077 0.5395 0.6803 4.0921 0.0771 0.0771 0.3454 0 0
32 80 2317 0 0 0 0 0 1.0003 0 0.7476 -0.0719 0.1206 0.1656 0.7587 0.9202 -0.3878 0.4826 1.0641 13.5412 0.6443 0.0596 0.5825 0.7565 4.1006 0.0793 0.0793 0.4256 0 0
32 81 2431 0 0 0 0 0 1.0007 0 0.9281 -0.1709 0.1709 0.2064 0.9426 0.9648 0.1391 0.3517 0.5343 5.1859 0.7332 0.0813 0.5447 0.6804 4.0881 0.0097 0.0097 0.3564 0 0
32 82 2423 0 0 0 0 0 1.0006 0 0.9413 0.1766 0.2183 0.2551 0.7839 0.9768 0.0225 0.211 0.266 2.3233 0.7669 -0.0974 0.5439 0.6857 4.0359 0.0672 0.0672 0.2838 0 0
32 83 2419 0 0 0 0 0 1.0005 0 0.9018 0.062 0.1719 0.2055 1.0627 0.9754 -0.0296 0.1781 0.2551 2.6136 0.6693 -0.0307 0.609 0.7737 4.035 0.0948 0.0948 0.3221 0 0
32 84 2387 0 0 0 0 0 1.0009 0 0.3383 0.0271 0.1804 0.2053 0.782 0.9912 -0.0744 0.1682 0.2178 2.3404 0.7343 0.0049 0.5365 0.6865 4.0467 -0.0313 0.0313 0.3098 0 0
32 85 2488 0 0 0 0 0 1.0003 0 0.8349 -0.1129 0.1577 0.1809 0.7509 0.9828 -0.1922 0.2498 0.4555 4.3406 0.7407 0.0248 0.4841 0.6226 4.0422 0.0228 0.0228 0.3391 0 0
32 86 2442 0 0 0 0 0 1.0007 0 0.9572 0.0531 0.0997 0.1221 0.8624 0.9929 0.0862 0.169 0.2023 2.381 0.7442 0.0519 0.5197 0.6853 4.0646 -0.1455 0.1455 0.3256 0 0
32 87 2371 0 0 0 0 0 1.0006 0 0.8861 -0.113 0.1301 0.1632 0.8438 0.9902 -0.0564 0.2388 0.3265 2.4784 0.7197 -0.0729 0.5354 0.668 4.0042 -0.0976 0.0976 0.3526 0 0
32 88 2450 0 0 0 0 0 1.0002 0 0.6854 -0.0538 0.1919 0.2166 0.785 0.9937 -0.1082 0.206 0.2879 3.2005 0.7132 -0.048 0.5478 0.7018 3.9931 0.0743 0.0743 0.3034 0 0
32 89 2434 0 0 0 0 0 1.0005 0 0.2696 -0.024 0.1614 0.1751 0.7162 0.9951 -0.0611 0.1144 0.1413 1.5699 0.7586 -0.027 0.51 0.6526 4.0196 0.0652 0.0652 0.2917 0 0
32 90 2415 0 0 0 0 0 1.0007 0 0.7488 -0.0134 0.1718 0.212 0.9356 0.9688 -0.1319 0.2403 0.3983 4.3839 0.7258 -0.0261 0.5539 0.7123 4.0431 0.056 0.056 0.3249 0 0
32 91 2371 0 0 0 0 0 1.0007 0 0.9285 -0.1012 0.1599 0.1761 0.9097 0.951 -0.2611 0.3415 0.5386 4.5482 0.7281 0.0347 0.5411 0.7062 4.074 0.2507 0.2507 0.3642 0 0
32 92 2334 0 0 0 0 0 1.0005 0 0.9005 0.0148 0.152 0.1873 0.909 0.97 0.003 0.2265 0.3364 2.1965 0.7446 -0.0288 0.5218 0.6713 4.0444 0.1245 0.1245 0.3204 0 0
32 93 2376 0 0 0 0 0 1.0005 0 0.7859 0.0276 0.1969 0.2033 0.7616 0.9808 -0.0164 0.234 0.2743 2.8948 0.7297 0.0291 0.5243 0.6788 4.1064 0.0561 0.0561 0.3421 0 0
32 94 2310 0 0 0 0 0 1.0008 0 0.9212 -0.064 0.161 0.196 0.8491 0.994 0.0774 0.1323 0.1745 1.9409 0.6574 0.0514 0.5674 0.7319 4.0496 -0.0543 0.0543 0.3585 0 0
32 95 2411 0 0 0 0 0 1.0004 0 0.9861 -0.0228 0.05 0.0757 0.8007 0.982 0.0345 0.1709 0.2263 2.1035 0.7323 0.0633 0.5339 0.6668 4.0743 0.0959 0.0959 0.3517 0 0
32 96 2281 0 0 0 0 0 1.0022 0 0.9348 -0.0102 0.0837 0.124 0.9288 0.9823 0.0493 0.1783 0.281 2.8376 0.7019 -0.007 0.5438 0.6879 4.075 -0.0687 0.0687 0.3896 0 0
32 97 2402 0 0 0 0 0 1.0004 0 0.8286 0.041 0.1265 0.1374 0.8066 0.9836 -0.1546 0.2468 0.299 2.1493 0.7002 -0.0029 0.584 0.7478 4.0438 -0.1246 0.1246 0.3521 0 0
32 98 2413 0 0 0 0 0 1.0007 0 0.6997 0.0549 0.1434 0.1948 0.8919 0.9716 -0.099 0.2304 0.2995 2.5213 0.7164 -0.0326 0.5698 0.7255 4.1399 0.0487 0.0487 0.3713 0 0
32 99 2343 0 0 0 0 0 1.0008 0 0.7632 0.0379 0.0994 0.127 0.7357 0.9929 -0.0018 0.106 0.1404 2.0144 0.6771 -0.0203 0.5751 0.742 4.0647 -0.1852 0.1852 0.3359 0 0
32 100 2433 0 0 0 0 0 1.0006 0 0.8988 -0.0131 0.0989 0.1306 0.7837 0.9956 0.1701 0.1958 0.2273 2.4416 0.7544 0.0902 0.518 0.6748 3.9945 0.0929 0.0929 0.3044 0 0
32 101 2390 0 0 0 0 0 1.0009 0 0.7301 0.0136 0.1634 0.2062 0.9166 0.9797 0.0358 0.1617 0.2252 2.3188 0.7465 -0.0328 0.5224 0.6716 4.0383 -0.1683 0.1683 0.293 0 0
32 102 2372 0 0 0 0 0 1.0003 0 0.822 -0.0154 0.1122 0.1328 0.7918 0.9947 0.0741 0.1563 0.1939 2.8954 0.681 -0.0259 0.5736 0.7194 4.0302 0.0573 0.0573 0.3258 0 0
32 103 2386 0 0 0 0 0 1.0003 0 0.9618 0.0555 0.0961 0.1091 0.7596 0.9972 0.1072 0.1179 0.1351 1.0306 0.7694 0.1031 0.4993 0.6437 4.0014 -0.0749 0.0749 0.2673 0 0
32 104 2357 0 0 0 0 0 1.0002 0 0.2364 0.0144 0.1758 0.2253 0.7831 0.9764 -0.0632 0.1553 0.2251 1.962 0.7149 0.0088 0.553 0.692 4.0013 0.0195 0.0195 0.3058 0 0
32 105 2352 0 0 0 0 0 1.0006 0 0.6514 -0.1397 0.1462 0.2492 0.8427 0.9935 -0.2369 0.3211 0.5284 6.6163 0.7376 0.0238 0.5225 0.6516 4.0381 -0.0884 0.0884 0.3165 0 0
32 106 2287 0 0 0 0 0 1.0006 0 0.4632 0.024 0.1625 0.1922 0.8281 0.9685 -0.1169 0.2269 0.2643 1.7918 0.662 -0.072 0.6002 0.7729 4.0551 0.1098 0.1098 0.3335 0 0
32 107 2425 0 0 0 0 0 1.0002 0 0.5647 -0.0438 0.0947 0.1047 0.7205 0.9903 -0.106 0.1535 0.2147 2.5022 0.7162 -0.035 0.5548 0.7135 4.0618 -0.0999 0.0999 0.3146 0 0
32 108 2414 0 0 0 0 0 1.0009 0 0.8245 0.0143 0.1163 0.1564 0.749 0.9935 -0.0179 0.1197 0.1547 1.7804 0.7878 0.0276 0.4976 0.6504 4.0346 -0.0974 0.0974 0.2936 0 0
32 109 2388 0 0 0 0 0 1.001 0 0.2197 0.0158 0.1782 0.1881 0.7269 0.9903 0.0531 0.1707 0.2304 2.5077 0.7178 -0.0147 0.5415 0.694 4.017 -0.0239 0.0239 0.3648 0 0
32 110 2340 0 0 0 0 0 1.0005 0 0.3169 -0.0372 0.3063 0.3665 0.9322 0.9899 0.0124 0.2192 0.2795 2.7402 0.7208 0.0231 0.5307 0.6818 3.9974 -0.0241 0.0241 0.2846 0 0
32 111 2260 0 0 0 0 0 1.0014 0 0.8803 -0.0532 0.1577 0.1871 1.0998 0.9906 -0.0829 0.2773 0.3462 3.8487 0.6643 -0.0118 0.5835 0.7374 4.0568 0.0257 0.0257 0.3894 0 0
32 112 2394 0 0 0 0 0 1.0005 0 0.6317 -0.0042 0.128 0.1625 0.7718 0.9919 0.0814 0.1307 0.1682 1.2799 0.76 0.007 0.5191 0.6547 4.018 0.0663 0.0663 0.3058 0 0
32 113 2432 0 0 0 0 0 1.0004 0 0.7382 -0.0091 0.1599 0.1974 0.8087 0.9938 0.036 0.1101 0.141 2.1621 0.7499 0.0028 0.5147 0.6477 4.0585 -0.0752 0.0752 0.3155 0 0
32 114 2402 0 0 0 0 0 1.0004 0 0.666 0.1663 0.1718 0.2537 0.8832 0.9959 -0.0089 0.1505 0.1862 1.78 0.7667 -0.0494 0.5314 0.6876 4.0562 0.0796 0.0796 0.2975 0 0
32 115 2426 0 0 0 0 0 1.0003 0 0.276 0.0181 0.2028 0.2312 0.721 0.984 -0.0194 0.2096 0.2837 2.4155 0.7472 -0.0064 0.5261 0.6724 4.1197 0.0839 0.0839 0.3169 0 0
32 116 2420 0 0 0 0 0 1.0001 0 0.8759 0.0725 0.0944 0.1388 0.72 0.9771 0.0251 0.211 0.2562 1.3634 0.7513 0.0376 0.5139 0.6474 4.0106 -0.0318 0.0318 0.3124 0 0
32 117 2370 0 0 0 0 0 1.0004 0 0.7607 -0.0166 0.1918 0.2028 0.8401 0.9861 -0.1151 0.2123 0.291 2.5841 0.7184 0.0379 0.5513 0.7237 4.0196 -0.0921 0.0921 0.3404 0 0
32 118 2396 0 0 0 0 0 1.0004 0 0.494 0.0713 0.1537 0.2163 0.9096 0.9957 -0.0099 0.1036 0.1336 1.6108 0.7565 0.0267 0.5011 0.6518 4.0382 0.0631 0.0631 0.3047 0 0
32 119 2321 0 0 0 0 0 1.0007 0 0.7225 -0.134 0.1839 0.1984 0.7661 0.9906 0.1061 0.238 0.4256 4.9295 0.7577 0.042 0.5018 0.6518 4.0186 0.0101 0.0101 0.3492 0 0
32 120 2394 0 0 0 0 0 1.0006 0 0.5962 -0.1115 0.1559 0.1828 0.8379 0.9751 -0.0326 0.3019 0.3692 4.5846 0.6749 0.0152 0.5463 0.6994 4.0457 -0.2052 0.2052 0.3919 0 0
32 121 2375 0 0 0 0 0 1.0005 0 0.1723 -0.0596 0.1255 0.1456 0.7493 0.9889 0.0685 0.1957 0.2514 2.7365 0.6742 -0.0306 0.581 0.7324 4.0415 0.0321 0.0321 0.3861 0 0
32 122 2470 0 0 0 0 0 1.0007 0 0.8265 0.029 0.1011 0.1212 0.7076 0.9915 -0.0078 0.0996 0.1163 1.5172 0.7379 0.052 0.499 0.6472 4.0135 -0.0857 0.0857 0.31 0 0
32 123 2328 0 0 0 0 0 1.0003 0 0.7071 -0.0349 0.1955 0.2251 0.9535 0.9814 -0.043 0.1812 0.2727 2.4801 0.7312 -0.0082 0.5157 0.6763 4.043 -0.0686 0.0686 0.3219 0 0
32 124 2325 0 0 0 0 0 1.0003 0 0.0335 -0.0438 0.2049 0.2666 0.8754 0.9724 -0.0504 0.1993 0.2644 1.5753 0.6599 0.0024 0.5669 0.7337 4.0225 0.0616 0.0616 0.3448 0 0
32 125 2395 0 0 0 0 0 1.0007 0 0.6813 -0.0803 0.2254 0.2473 0.9771 0.9742 0.029 0.3418 0.4869 5.2619 0.6817 -0.0287 0.597 0.7425 4.0809 0.0784 0.0784 0.3884 0 0
32 126 2395 0 0 0 0 0 1.001 0 0.9207 0.0928 0.1351 0.158 0.8096 0.9964 -0.0325 0.0697 0.0918 1.2327 0.7536 0.05 0.5075 0.6711 4.0611 0.0091 0.0091 0.3079 0 0
32 127 2431 0 0 0 0 0 1.0003 0 0.9403 -0.0663 0.1319 0.1489 0.9547 0.9952 0.0592 0.142 0.1733 2.3967 0.7676 0.0055 0.4676 0.5979 4.0085 6e-04 6e-04 0.2879 0 0
32 128 2378 0 0 0 0 0 1.0008 0 0.064 0.0469 0.1926 0.2107 0.7454 0.9867 0.0706 0.1542 0.1875 1.3048 0.7273 -0.0046 0.5543 0.6982 4.004 0.0069 0.0069 0.3204 0 0
32 129 2423 0 0 0 0 0 1.0007 0 0.844 0.1417 0.2067 0.2449 0.9193 0.9969 -0.073 0.1147 0.1419 1.0975 0.7911 -0.0267 0.4739 0.6163 4.0161 0.0253 0.0253 0.2599 0 0
32 130 2321 0 0 0 0 0 1.0006 0 0.9763 -0.0128 0.0553 0.0626 0.8065 0.9958 -0.0354 0.0888 0.1223 2.2615 0.7617 0.0042 0.4899 0.6378 4.0692 0.0042 0.0042 0.3229 0 0
32 131 2404 0 0 0 0 0 1.0002 0 0.992 -0.1797 0.1797 0.1863 0.8882 0.9931 0.1481 0.2137 0.2854 2.6196 0.7565 0.1145 0.4902 0.6489 4.048 -0.146 0.146 0.3014 0 0
32 132 2420 0 0 0 0 0 1.0002 0 0.8773 0.0364 0.1622 0.1968 0.8363 0.9888 0.1508 0.2016 0.3134 3.1136 0.7728 -0.0212 0.4934 0.6458 4.043 -0.2136 0.2136 0.2847 0 0
32 133 2339 0 0 0 0 0 1.0003 0 0.8746 -0.0799 0.1048 0.1349 0.8374 0.9915 -0.0128 0.2026 0.2624 2.8605 0.688 -0.0203 0.5543 0.7056 4.0585 0.0476 0.0476 0.3549 0 0
32 134 2443 0 0 0 0 0 1.0003 0 0.7513 -0.0015 0.195 0.2341 0.9847 0.9842 -0.0049 0.1424 0.1974 1.4307 0.764 0.03 0.5111 0.6505 4.0338 -0.0745 0.0745 0.2921 0 0
32 135 2388 0 0 0 0 0 1.0004 0 0.7738 0.0036 0.169 0.1983 0.8313 0.9663 -0.1072 0.2579 0.404 3.7858 0.6939 0.0018 0.5712 0.7287 4.0224 -0.0871 0.0871 0.3252 0 0
32 136 2393 0 0 0 0 0 1.0004 0 0.4785 0 0.1094 0.1232 0.743 0.9901 0.0784 0.1473 0.1902 1.5255 0.6834 0.0444 0.5726 0.7306 4.0351 0.0647 0.0647 0.3517 0 0
32 137 2341 0 0 0 0 0 1.0008 0 0.5428 -0.0395 0.1377 0.1665 0.847 0.9859 -0.0182 0.1524 0.1895 1.5769 0.7787 -0.0122 0.4925 0.6339 4.0161 0.0648 0.0648 0.2873 0 0
32 138 2284 0 0 0 0 0 1.0017 0 0.6815 0.0679 0.1703 0.2232 0.8836 0.9971 -0.085 0.1222 0.1668 2.247 0.7448 -0.0111 0.5596 0.7123 4.0473 -0.0266 0.0266 0.3151 0 0
32 139 2382 0 0 0 0 0 1.0005 0 0.084 0.0215 0.1245 0.1382 0.7511 0.9921 0.0573 0.1557 0.2087 2.5313 0.6966 -0.0179 0.5647 0.732 4.036 -0.009 0.009 0.3245 0 0
32 140 2370 0 0 0 0 0 1.0003 0 0.8766 -0.1445 0.1683 0.2163 0.8762 0.9858 0.0053 0.2058 0.3253 3.2274 0.7325 -0.073 0.512 0.6753 4.1233 0.0334 0.0334 0.3877 0 0
32 141 2354 0 0 0 0 0 1.0008 0 0.7576 -0.0533 0.1357 0.1575 0.8207 0.9986 -0.0543 0.0949 0.1182 2.0101 0.7463 -0.0281 0.5184 0.6472 4.0593 0.0286 0.0286 0.3272 0 0
32 142 2477 0 0 0 0 0 1.0002 0 0.984 -0.0297 0.0801 0.0887 0.8644 0.9915 -0.0264 0.1283 0.1565 1.4647 0.7766 0.0031 0.4647 0.62 4.0359 0.0742 0.0742 0.2869 0 0
32 143 2392 0 0 0 0 0 1.0004 0 0.726 -0.03 0.1604 0.1757 0.8575 0.9692 -0.0503 0.2262 0.3505 4.0802 0.6899 0.0312 0.5665 0.7261 4.0533 0.019 0.019 0.3571 0 0
32 144 2320 0 0 0 0 0 1.0006 0 0.9206 0.0701 0.1158 0.1324 0.8568 0.9943 0.0445 0.1095 0.1311 1.7801 0.7094 0.0315 0.5611 0.7153 4.0289 0.0986 0.0986 0.3189 0 0
32 145 2445 0 0 0 0 0 1.0007 0 0.8173 -0.0729 0.1102 0.1389 0.7906 0.987 -0.042 0.194 0.2591 3.3795 0.7843 0.0527 0.4815 0.6152 4.058 0.0206 0.0206 0.3319 0 0
32 146 2254 0 0 0 0 0 1.0004 0 0.9372 0.0155 0.1152 0.126 0.8883 0.9881 -0.0363 0.1399 0.2111 2.6776 0.7762 -0.088 0.4944 0.6417 4.0106 0.076 0.076 0.3094 0 0
32 147 2398 0 0 0 0 0 1.0003 0 0.8622 0.0522 0.0944 0.1154 0.7514 0.9958 -0.1057 0.1266 0.1571 1.6614 0.7147 -0.0943 0.5446 0.7005 4.0313 -0.022 0.022 0.3291 0 0
32 148 2378 0 0 0 0 0 1.001 0 0.4608 -0.1068 0.2055 0.2531 0.8227 0.9838 -0.1711 0.3938 0.6264 6.4639 0.7062 -0.0503 0.5224 0.6863 4.1194 -0.0017 0.0017 0.4217 0 0
32 149 2453 0 0 0 0 0 1.0004 0 0.9752 -0.096 0.096 0.1174 0.8262 0.991 -0.0259 0.0935 0.1744 2.4119 0.741 -0.0234 0.5187 0.6922 4.0127 -0.0944 0.0944 0.3058 0 0
32 150 2377 0 0 0 0 0 1.0002 0 0.9304 -0.1091 0.1245 0.1466 0.8514 0.9979 -0.0847 0.188 0.2547 4.493 0.7429 -0.0651 0.4927 0.6447 4.1186 -0.1066 0.1066 0.3367 0 0
32 151 2357 0 0 0 0 0 1.0003 0 0.9478 -0.03 0.102 0.11 0.819 0.9882 -0.0213 0.1869 0.2501 2.7543 0.7495 -0.0189 0.5436 0.6978 4.0684 -0.009 0.009 0.3689 0 0
32 152 2253 0 0 0 0 0 1.0004 0 0.7953 -0.1491 0.1919 0.2411 0.9049 0.9944 -0.1479 0.2519 0.3827 4.8603 0.6779 0.0107 0.5659 0.722 4.0597 -0.0022 0.0022 0.3975 0 0
32 153 2376 0 0 0 0 0 1.0009 0 0.3911 -0.0041 0.1048 0.1257 0.711 0.9866 0.1504 0.2161 0.2793 2.3849 0.6613 0.0194 0.5822 0.7419 4.0546 0.1778 0.1778 0.3727 0 0
32 154 2399 0 0 0 0 0 1.0007 0 0.6944 -0.0716 0.2083 0.2339 0.8664 0.9832 -0.0967 0.2424 0.3855 3.8376 0.7202 -0.0615 0.5467 0.703 4.0485 0.1665 0.1665 0.3302 0 0
32 155 2350 0 0 0 0 0 1.0007 0 0.8294 -0.0196 0.1155 0.1342 0.8065 0.995 -0.0539 0.1418 0.1632 1.8849 0.7438 0.0061 0.498 0.6555 4.0267 0.0507 0.0507 0.3045 0 0
32 156 2316 0 0 0 0 0 1.0002 0 0.7086 -0.0238 0.1048 0.1659 0.741 0.9981 -0.0846 0.1022 0.1247 1.5972 0.7445 -0.0082 0.52 0.7007 4.0545 -0.0294 0.0294 0.2962 0 0
32 157 2368 0 0 0 0 0 1.0006 0 0.9186 -0.0175 0.1284 0.165 0.9035 0.9857 0.0785 0.206 0.2563 3.008 0.7006 0.003 0.5696 0.736 4.0972 0.1747 0.1747 0.3493 0 0
32 158 2343 0 0 0 0 0 1.0005 0 0.757 -0.0674 0.145 0.1726 0.7939 0.9871 0.0984 0.1855 0.2329 1.9385 0.7138 0.0644 0.5354 0.6789 4.0898 0.0707 0.0707 0.3733 0 0
32 159 2373 0 0 0 0 0 1.0005 0 0.8925 -0.1265 0.1313 0.1697 0.7113 0.9957 0.0506 0.1571 0.1876 2.1275 0.7296 -0.0552 0.5379 0.6937 4.0488 0.006 0.006 0.354 0 0
32 160 2376 0 0 0 0 0 1.0004 0 0.928 0.1378 0.1461 0.1718 0.7189 0.9871 -0.1071 0.158 0.2264 1.0898 0.756 -0.0354 0.521 0.6766 4.07 -0.0334 0.0334 0.31 0 0
32 161 2439 0 0 0 0 0 1.0003 0 0.8835 0.0735 0.1177 0.1426 0.7629 0.9914 0.1687 0.1789 0.2247 1.4452 0.7307 0.0617 0.5113 0.6615 4.0214 -0.1122 0.1122 0.3056 0 0
32 162 2454 0 0 0 0 0 1.0003 0 0.5974 0.0211 0.1493 0.1799 0.788 0.9846 -0.1839 0.1898 0.2822 2.0545 0.7539 -0.0415 0.5274 0.675 4.056 0.2347 0.2347 0.2967 0 0
32 163 2390 0 0 0 0 0 1.0006 0 0.4706 -0.1291 0.1465 0.2098 0.7481 0.9934 -0.1898 0.2254 0.2915 2.2146 0.7098 -0.0463 0.5474 0.7105 4.0763 -0.0584 0.0584 0.3336 0 0
32 164 2783 9000 0 0 520 532 66.1132 516 0.8305 -0.2088 0.2275 0.2551 1.0925 0.7696 3.6518 3.9464 6.7084 63.4133 0.313 0.8815 1.2768 1.6097 14.3729 0.3481 0.3481 1.1287 1 1
32 165 2328 0 0 0 0 0 1.0005 0 0.7213 -0.1251 0.1394 0.1756 0.8843 0.989 0.1642 0.3188 0.446 5.8242 0.6759 -0.0925 0.6036 0.7636 4.0921 0.206 0.206 0.3672 0 0
32 166 2441 0 0 0 0 0 1.0002 0 0.926 -0.1413 0.1513 0.227 0.7804 0.9662 -0.1864 0.2893 0.528 5.3609 0.8065 -0.0177 0.4608 0.5848 4.0639 -0.0947 0.0947 0.2961 0 0
32 167 2433 0 0 0 0 0 1.0003 0 0.9846 -0.1069 0.1069 0.1225 1.0955 0.9945 0.1096 0.1923 0.2512 2.577 0.7568 0.0265 0.5083 0.6388 4.073 -0.0129 0.0129 0.3801 0 0
32 168 2344 0 0 0 0 0 1.0005 0 0.9089 -0.0917 0.1105 0.1302 0.8377 0.9927 0.2146 0.2339 0.3761 4.529 0.6497 0.0591 0.5882 0.7501 4.0359 0.1672 0.1672 0.3843 0 0
32 169 2379 0 0 0 0 0 1.0002 0 0.5792 0.0549 0.1339 0.1535 0.7474 0.9947 -0.028 0.1049 0.1388 1.4928 0.726 -3e-04 0.5587 0.7011 4.088 -0.0623 0.0623 0.3417 0 0
32 170 2364 0 0 0 0 0 1.0002 0 0.532 -0.0466 0.1481 0.1826 0.7128 0.9812 0.0541 0.2339 0.4595 7.3538 0.6697 -0.0229 0.5662 0.7261 4.032 0.1444 0.1444 0.3552 0 0
32 171 2351 0 0 0 0 0 1.0001 0 0.9664 -0.1982 0.1982 0.2122 0.893 0.9629 -0.2337 0.4119 0.606 5.5959 0.6807 0.0053 0.5556 0.7033 4.0313 0.0986 0.0986 0.3961 0 0
32 172 2328 0 0 0 0 0 1.0004 0 0.9159 0.0996 0.1251 0.1429 0.8427 0.9937 -0.0319 0.1475 0.2007 1.7984 0.7471 -0.0456 0.5462 0.6983 4.041 -0.0146 0.0146 0.3276 0 0
32 173 2416 0 0 0 0 0 1.0003 0 0.623 -0.0862 0.2139 0.2577 0.752 0.971 -0.2613 0.415 0.695 6.8422 0.7231 -0.0083 0.4897 0.6365 4.0418 -0.0601 0.0601 0.3362 0 0
32 174 2368 0 0 0 0 0 1.0003 0 0.8752 -0.037 0.1261 0.1432 0.8054 0.9904 0.0635 0.1697 0.2353 3.0764 0.7294 0.0465 0.5252 0.6943 4.0296 0.0643 0.0643 0.3048 0 0
32 175 2307 0 0 0 0 0 1.0005 0 0.949 -0.0243 0.0643 0.0754 0.788 0.9926 -0.0032 0.1091 0.14 1.6485 0.7242 -0.0215 0.5637 0.7203 4.0625 0.1116 0.1116 0.3489 0 0
32 176 2364 0 0 0 0 0 1.0005 0 0.9554 0.0355 0.0717 0.0879 0.6906 0.9851 -0.011 0.1451 0.1954 1.4007 0.7307 -0.0137 0.5437 0.6847 4.0342 -0.0617 0.0617 0.337 0 0
32 177 2396 0 0 0 0 0 1.0009 0 0.6439 -0.0563 0.1341 0.17 0.7114 0.9913 0.0223 0.157 0.1922 2.0411 0.7307 -0.0291 0.5257 0.6708 4.0412 -0.0044 0.0044 0.3706 0 0
32 178 2398 0 0 0 0 0 1.0003 0 0.8319 0.0374 0.0916 0.1097 0.7579 0.9914 -0.0736 0.1349 0.1754 1.6415 0.7452 0.0701 0.5334 0.6695 4.0325 -0.0037 0.0037 0.333 0 0
32 179 2390 0 0 0 0 0 1.0004 0 0.9032 -0.0258 0.0683 0.0923 0.6904 0.9965 -0.0816 0.1076 0.1202 1.1439 0.7794 -0.0505 0.4671 0.6143 4.0373 -0.0058 0.0058 0.2968 0 0
32 180 2343 0 0 0 0 0 1.0013 0 -0.5033 0.0447 0.1995 0.2263 0.7526 0.9868 -0.124 0.1867 0.25 2.8215 0.677 -0.0764 0.6128 0.7899 4.0402 -0.0449 0.0449 0.3769 0 0
32 181 2340 0 0 0 0 0 1.0004 0 0.9387 -0.0044 0.0715 0.0925 0.8361 0.9914 0.0971 0.1688 0.2002 1.7474 0.7494 0.043 0.5245 0.6599 4.0364 0.155 0.155 0.3175 0 0
32 182 2429 0 0 0 0 0 1.0014 0 0.7652 -0.0081 0.1559 0.1803 0.8125 0.9933 0.0082 0.1204 0.1475 1.9365 0.7581 0.059 0.5346 0.6841 4.0546 -0.1583 0.1583 0.3057 0 0
32 183 2354 0 0 0 0 0 1.0005 0 0.4678 0.0329 0.1745 0.217 0.8122 0.99 -0.0813 0.1375 0.2014 1.7641 0.7183 0.0028 0.5866 0.7248 4.046 0.0877 0.0877 0.3205 0 0
32 184 2394 0 0 0 0 0 1.0005 0 0.88 0.0421 0.1019 0.1231 0.7529 0.9883 -0.0596 0.1834 0.2315 2.7247 0.7309 -0.0025 0.5552 0.7131 4.0124 -0.0492 0.0492 0.3407 0 0
32 185 2414 0 0 0 0 0 1.0001 0 0.981 0.0302 0.0461 0.0613 0.7467 0.9966 0.1003 0.1185 0.1508 1.736 0.767 0.0317 0.5124 0.6695 4.0038 -0.0772 0.0772 0.2779 0 0
32 186 2389 0 0 0 0 0 1.0005 0 0.9682 -0.1406 0.1406 0.158 0.8163 0.9967 0.0128 0.1078 0.1368 1.1861 0.728 -0.0201 0.5139 0.6556 3.9998 -0.0062 0.0062 0.2944 0 0
32 187 2316 0 0 0 0 0 1.0003 0 0.56 -0.0379 0.1521 0.1649 0.7676 0.9803 0.0572 0.285 0.4095 3.6594 0.7328 -0.0148 0.5329 0.6829 4.0525 0.0431 0.0431 0.3573 0 0
32 188 2381 0 0 0 0 0 1.0003 0 0.7011 -0.0852 0.166 0.1813 0.7834 0.988 0.0598 0.2662 0.3376 4.072 0.6927 -0.0364 0.5616 0.7174 4.1228 -0.0788 0.0788 0.3852 0 0
32 189 2405 0 0 0 0 0 1.0002 0 0.9101 0.0888 0.1802 0.2746 1.2386 0.9802 -0.1058 0.1945 0.2465 2.0442 0.7569 0.0359 0.5577 0.7123 4.0333 0.0796 0.0796 0.333 0 0
32 190 2460 0 0 0 0 0 1.0005 0 0.9281 0.0257 0.1662 0.2008 0.9206 0.9934 -0.0574 0.125 0.184 2.2304 0.7651 0.0345 0.5085 0.6843 4.0069 -0.0741 0.0741 0.2827 0 0
32 191 2303 0 0 0 0 0 1.0006 0 0.8086 -0.0721 0.0905 0.1267 0.8718 0.9832 0.1781 0.2636 0.3663 3.8776 0.6437 0.0036 0.5812 0.7373 4.1381 -0.0615 0.0615 0.4646 0 0
32 192 2373 0 0 0 0 0 1.0002 0 0.8995 0.0311 0.1163 0.1418 0.7837 0.9838 -0.1202 0.172 0.2842 3.5774 0.7328 -0.0312 0.5297 0.6729 4.0409 0.0083 0.0083 0.3172 0 0
32 193 2288 0 0 0 0 0 1.0008 0 0.9742 -0.1544 0.1544 0.1654 0.7864 0.9945 -0.006 0.1635 0.2159 2.1417 0.7041 -0.0286 0.5222 0.6835 4.1044 -0.0094 0.0094 0.3905 0 0
32 194 2380 0 0 0 0 0 1.0004 0 0.927 -0.1134 0.1275 0.1548 0.7302 0.9959 0.0522 0.2482 0.2991 4.0214 0.7298 0.0151 0.5106 0.6604 4.0769 -0.0429 0.0429 0.367 0 0
32 195 2425 0 0 0 0 0 1.0004 0 0.9773 -0.1569 0.1569 0.1684 0.7505 0.9963 -0.0243 0.1634 0.197 2.7427 0.7407 -0.0328 0.5246 0.6688 4.0115 0.0214 0.0214 0.3237 0 0
32 196 2323 0 0 0 0 0 1.0008 0 0.3806 0.1014 0.1356 0.1736 0.7474 0.9952 0.1033 0.1596 0.2082 2.2699 0.7378 0.0118 0.5456 0.6843 4.026 0.1012 0.1012 0.3296 0 0
32 197 2380 0 0 0 0 0 1.0008 0 0.7048 0.0058 0.1762 0.2238 0.9155 0.9919 -0.0177 0.1087 0.1444 1.5544 0.7666 -0.0369 0.4998 0.6507 4.0258 -0.0398 0.0398 0.3233 0 0
32 198 2471 0 0 0 0 0 1.0007 0 0.9863 0.079 0.0876 0.1364 1.0605 0.9972 0.0686 0.0986 0.1242 1.5896 0.7548 0.0029 0.5033 0.6597 4.0214 0.0318 0.0318 0.2867 0 0
32 199 2533 0 0 0 0 0 1.0005 0 0.0352 -0.0863 0.2009 0.2363 0.8027 0.9862 -0.08 0.2717 0.3434 4.2168 0.709 -0.001 0.5809 0.7241 4.0218 0.0479 0.0479 0.3592 0 0
32 200 2384 0 0 0 0 0 1.0005 0 0.899 0.0903 0.13 0.1605 0.7996 0.9861 0.012 0.1689 0.2236 1.8753 0.7573 0.0151 0.5369 0.6746 4.0253 0.0441 0.0441 0.3187 0 0
32 201 2335 0 0 0 0 0 1.0004 0 0.8752 -0.0593 0.1494 0.1856 0.8074 0.99 -0.1184 0.2087 0.3323 3.3348 0.7289 -0.0263 0.5018 0.6549 4 0.0913 0.0913 0.3278 0 0
32 202 2291 0 0 0 0 0 1.0005 0 0.9603 0.0305 0.0725 0.0927 0.8684 0.9927 -0.0123 0.1908 0.2387 2.5886 0.6831 -0.0812 0.5991 0.7686 4.0976 0.087 0.087 0.3986 0 0
32 203 2364 0 0 0 0 0 1.0006 0 0.8467 -0.0918 0.1262 0.1411 0.771 0.9903 0.066 0.1481 0.1953 1.8129 0.7146 0.0167 0.5179 0.6683 4.0131 -0.0498 0.0498 0.3248 0 0
32 204 2451 0 0 0 0 0 1.0005 0 0.5468 0.0402 0.0833 0.1084 0.712 0.9934 -0.0303 0.1119 0.1428 1.6783 0.7414 -0.0507 0.5665 0.7071 4.0736 0.0847 0.0847 0.2969 0 0
32 205 2374 0 0 0 0 0 1.0001 0 0.7584 -0.1301 0.2221 0.2656 0.9146 0.9958 0.0167 0.1543 0.195 2.0579 0.7613 -0.0287 0.4897 0.6291 4.0093 0.0179 0.0179 0.29 0 0
32 206 2373 0 0 0 0 0 1.0004 0 0.4034 0.0139 0.1583 0.2121 0.8148 0.9873 -0.1195 0.1504 0.2358 2.2878 0.735 0.0048 0.5163 0.668 4.0178 -0.108 0.108 0.2919 0 0
32 207 2416 0 0 0 0 0 1.0002 0 0.6114 -0.012 0.2503 0.2949 1.1097 0.9917 -0.0385 0.1714 0.2183 2.2451 0.7237 0.0302 0.5254 0.6841 4.0185 -0.0227 0.0227 0.3107 0 0
32 208 2298 0 0 0 0 0 1.0009 0 -0.3382 -0.0579 0.2073 0.2603 0.822 0.9507 -0.1119 0.3196 0.4822 3.369 0.6909 -0.0548 0.5739 0.7255 4.0504 0.0544 0.0544 0.3907 0 0
32 209 2401 0 0 0 0 0 1.001 0 0.7483 -0.0158 0.1187 0.1424 0.7821 0.9943 -0.0555 0.1216 0.15 2.1155 0.7484 4e-04 0.5026 0.6641 4.0752 0.054 0.054 0.34 0 0
32 210 2415 0 0 0 0 0 1.0004 0 0.8455 -0.0502 0.1614 0.1799 0.8439 0.988 0.043 0.1614 0.2176 2.5086 0.7192 -0.0052 0.5592 0.7043 4.0996 -0.047 0.047 0.3733 0 0
32 211 2372 0 0 0 0 0 1.0007 0 0.794 -0.0804 0.1259 0.139 0.7687 0.9975 -0.0299 0.1047 0.1223 2.3138 0.75 -0.0377 0.5085 0.6488 4.0767 -0.0031 0.0031 0.3208 0 0
32 212 2338 0 0 0 0 0 1.0011 0 0.3105 0.0971 0.1627 0.1782 0.797 0.9957 -0.0367 0.2092 0.2687 1.8785 0.714 -0.034 0.561 0.7082 4.0142 -0.015 0.015 0.3107 0 0
32 213 2440 0 0 0 0 0 1.0002 0 0.6471 -0.0502 0.1836 0.2178 0.7875 0.9919 -0.1438 0.2099 0.2582 3.2484 0.7548 -0.0427 0.519 0.6671 4.0078 0.0931 0.0931 0.2983 0 0
32 214 2370 0 0 0 0 0 1.0005 0 0.3733 -0.1351 0.2208 0.2422 0.8068 0.9943 0.194 0.3402 0.5027 4.6666 0.6975 -0.0116 0.5788 0.7397 4.0504 -0.0012 0.0012 0.4007 0 0
32 215 2418 0 0 0 0 0 1.0004 0 0.9683 -0.0864 0.0874 0.1031 0.8179 0.9901 0.0815 0.1906 0.2636 3.8176 0.6799 -0.0183 0.5477 0.6938 4.0484 -0.088 0.088 0.3887 0 0
32 216 2404 0 0 0 0 0 1.0003 0 0.9828 0.1272 0.1553 0.1727 0.824 0.9966 -2e-04 0.1035 0.1476 1.4753 0.7667 -0.0272 0.5067 0.6647 4.0399 0.0381 0.0381 0.2898 0 0
32 217 2383 0 0 0 0 0 1.0007 0 0.8872 0.0031 0.0837 0.1154 0.8239 0.996 -0.0738 0.1225 0.1627 2.2393 0.7072 -0.0238 0.5447 0.7002 4.0301 -0.0058 0.0058 0.3308 0 0
32 218 2376 0 0 0 0 0 1.001 0 0.6316 0.0244 0.1876 0.228 0.8068 0.9862 -0.0785 0.1578 0.2336 2.5722 0.7423 -0.0619 0.5422 0.7098 4.0242 0.0109 0.0109 0.3203 0 0
32 219 2349 0 0 0 0 0 1.0002 0 0.5515 -0.0201 0.1421 0.167 0.7103 0.993 -0.0337 0.1017 0.1504 2.7837 0.7264 -0.0352 0.5637 0.7336 4.0157 0.1115 0.1115 0.2858 0 0
32 220 2331 0 0 0 0 0 1.0003 0 0.7956 -0.1369 0.1932 0.2546 0.822 0.988 -0.1399 0.2075 0.2589 1.6323 0.7442 -0.0409 0.5097 0.6645 4.027 -0.0989 0.0989 0.3369 0 0
32 221 2356 0 0 0 0 0 1.0002 0 0.9088 -0.0855 0.1101 0.144 0.8007 0.9918 -0.023 0.1592 0.2178 1.6533 0.7068 -0.0132 0.5205 0.6966 4.031 -0.1225 0.1225 0.3139 0 0
32 222 2422 0 0 0 0 0 1.0003 0 0.397 -0.1458 0.1841 0.2285 0.7114 0.9708 0.1874 0.3516 0.6929 6.4665 0.6802 0.0922 0.5256 0.6914 4.0582 -0.0873 0.0873 0.3446 0 0
32 223 2342 0 0 0 0 0 1.0005 0 0.5159 -0.1573 0.1671 0.2794 0.8084 0.9831 -0.1621 0.3188 0.4897 4.8334 0.7233 0.0127 0.5419 0.7134 4.031 -0.0937 0.0937 0.3693 0 0
32 224 2330 0 0 0 0 0 1.0007 0 0.8503 -0.0787 0.1387 0.1632 0.7063 0.998 0.0242 0.0907 0.1238 2.508 0.7434 0.0993 0.5204 0.66 4.0205 -0.0348 0.0348 0.3338 0 0
32 225 2447 0 0 0 0 0 1.0006 0 0.6878 -0.0216 0.1227 0.1354 0.69 0.9952 -0.0212 0.1307 0.1869 2.3444 0.7673 -0.0076 0.4805 0.628 4.0258 -0.0055 0.0055 0.3058 0 0
32 226 2400 0 0 0 0 0 1.0007 0 0.9684 -0.0559 0.0748 0.1023 0.9419 0.9869 0.0715 0.1452 0.2077 2.2488 0.7581 0.0424 0.5503 0.6984 4.0146 -0.1102 0.1102 0.3178 0 0
32 227 2471 0 0 0 0 0 1.0007 0 0.989 0.0754 0.0808 0.091 1.05 0.9957 0.0504 0.1092 0.1405 1.0448 0.8056 0.0127 0.4876 0.6298 4.026 0.0392 0.0392 0.2673 0 0
32 228 2443 0 0 0 0 0 1.0006 0 0.8869 0.0034 0.0995 0.1148 0.7646 0.9853 -0.0729 0.1385 0.2432 2.4391 0.7372 0.0218 0.5173 0.694 4.0123 -0.0564 0.0564 0.3157 0 0
32 229 2376 0 0 0 0 0 1.0008 0 0.8325 0.0548 0.1765 0.2023 0.9246 0.9848 0.1792 0.2132 0.3008 2.8592 0.7674 0.0401 0.519 0.6589 4.0178 -0.0404 0.0404 0.2851 0 0
32 230 2326 0 0 0 0 0 1.0007 0 0.8812 -0.0224 0.0922 0.1389 0.8944 0.9863 -0.0075 0.1514 0.2073 1.7688 0.7242 2e-04 0.5622 0.7094 4.0194 -0.0479 0.0479 0.3138 0 0
32 231 2416 0 0 0 0 0 1.0002 0 0.1836 -0.0408 0.2001 0.245 0.8434 0.9944 -0.0246 0.1186 0.1543 1.7399 0.7355 0.0094 0.5147 0.6803 4.0159 0.0451 0.0451 0.2833 0 0
32 232 2335 0 0 0 0 0 1.0002 0 0.6508 0.0192 0.1358 0.1459 0.8905 0.977 0.1241 0.2378 0.3254 2.9429 0.6608 0.0633 0.6077 0.7766 4.0302 -0.0344 0.0344 0.3445 0 0
32 233 2377 0 0 0 0 0 1.0009 0 0.8003 0.0954 0.1552 0.2068 0.8731 0.9944 -0.1095 0.1271 0.154 1.4473 0.7631 -0.0521 0.5293 0.6849 4.0014 0.0638 0.0638 0.2862 0 0
32 234 2370 0 0 0 0 0 1.0006 0 0.7424 -0.058 0.124 0.1485 0.8633 0.9916 0.0339 0.1487 0.2167 1.9009 0.6949 0.0344 0.5513 0.6943 4.0395 0.0848 0.0848 0.3462 0 0
32 235 2322 0 0 0 0 0 1.0004 0 0.9569 -0.048 0.0782 0.1106 0.8777 0.9972 0.0185 0.0775 0.0931 2.0081 0.7474 -0.0087 0.5377 0.6876 4.0492 0.067 0.067 0.3228 0 0
32 236 2434 0 0 0 0 0 1.0006 0 0.7973 -0.0421 0.1897 0.2161 0.9192 0.9811 -0.1181 0.1913 0.2797 1.7768 0.7914 -0.001 0.473 0.5965 3.9989 -0.0542 0.0542 0.2807 0 0
32 237 2448 0 0 0 0 0 1.0004 0 0.5326 -0.0801 0.1792 0.1954 0.7612 0.9907 -0.1639 0.2398 0.2883 2.2629 0.6949 -0.0365 0.5389 0.7086 4.037 -0.0249 0.0249 0.3451 0 0
32 238 2439 0 0 0 0 0 1.0004 0 0.7286 0.0024 0.1502 0.158 0.7413 0.9922 0.1063 0.1854 0.2272 2.2113 0.744 0.0838 0.5262 0.6737 4.0647 -0.1181 0.1181 0.3327 0 0
32 239 2409 0 0 0 0 0 1.0004 0 0.0218 -0.0661 0.1783 0.1918 0.7059 0.9884 -0.1059 0.1901 0.3148 3.0082 0.7124 -0.071 0.5178 0.6572 4.0361 0.0572 0.0572 0.3326 0 0
32 240 2362 0 0 0 0 0 1.0005 0 0.9442 -0.1026 0.108 0.1255 0.8126 0.9834 0.0095 0.2878 0.4075 4.6871 0.6503 -0.0195 0.591 0.7445 4.0438 0.1941 0.1941 0.3833 0 0
32 241 2344 0 0 0 0 0 1.0004 0 0.7595 -0.0786 0.1673 0.1789 0.7406 0.9886 0.0939 0.1696 0.2154 2.2642 0.7125 0.0579 0.5408 0.6889 4.0406 0.0878 0.0878 0.3165 0 0
32 242 2291 0 0 0 0 0 1.0007 0 0.8812 -0.0868 0.105 0.1505 0.8969 0.9912 0.0642 0.1862 0.2803 3.3339 0.6583 0.0305 0.5805 0.734 4.1008 0.1746 0.1746 0.4281 0 0
32 243 2385 0 0 0 0 0 1.0006 0 0.5667 0.056 0.1739 0.2044 0.7674 0.9871 0.0232 0.1396 0.1689 1.5026 0.6962 0.0169 0.5679 0.7409 4.0368 -0.1031 0.1031 0.3361 0 0
32 244 2400 0 0 0 0 0 1.0005 0 0.7216 -0.1312 0.1572 0.1976 0.7595 0.9823 0.2993 0.4462 0.705 7.2047 0.681 -0.0488 0.551 0.6929 4.0367 0.1011 0.1011 0.3872 0 0
32 245 2480 0 0 0 0 0 1.0006 0 0.7565 0.016 0.1116 0.1351 0.7681 0.9937 -0.0356 0.1011 0.1245 1.5733 0.7737 4e-04 0.4928 0.6455 4.0081 0.0992 0.0992 0.295 0 0
32 246 2382 0 0 0 0 0 1.0004 0 0.8086 0.0999 0.1515 0.2516 1.0233 0.9939 -0.0587 0.1219 0.1497 1.9268 0.7462 -0.023 0.5227 0.6666 4.0005 -0.0072 0.0072 0.3143 0 0
32 247 2406 0 0 0 0 0 1.0006 0 0.6614 -0.0928 0.2082 0.2382 0.9486 0.9572 0.4603 0.5365 0.768 6.1646 0.6365 0.042 0.6074 0.7878 4.1567 0.2097 0.2097 0.4703 0 0
32 248 2406 0 0 0 0 0 1.0004 0 0.7832 -0.1482 0.1863 0.2175 0.7519 0.9871 -0.0189 0.2252 0.3442 3.1174 0.7186 0.0183 0.5244 0.688 4.0451 0.0157 0.0157 0.3039 0 0
32 249 2345 0 0 0 0 0 1.0004 0 0.301 0.0038 0.1596 0.1973 0.749 0.9693 0.0551 0.209 0.2496 1.6741 0.7448 0.1042 0.5524 0.6897 4.0593 0.189 0.189 0.3061 0 0
32 250 2370 0 0 0 0 0 1.0004 0 0.6112 -0.0945 0.1967 0.2147 0.8253 0.9594 -0.2364 0.4102 0.6772 8.2161 0.6441 -0.0024 0.6065 0.7667 4.0734 -0.0323 0.0323 0.404 0 0
32 251 2450 0 0 0 0 0 1.0006 0 0.9213 0.008 0.0762 0.0964 0.7902 0.9917 -0.066 0.1221 0.1812 1.8302 0.7435 -0.0298 0.5324 0.6853 4.0724 0.1534 0.1534 0.3266 0 0
32 252 2362 0 0 0 0 0 1.0005 0 0.8699 1e-04 0.1515 0.1799 0.9427 0.9954 -0.0926 0.155 0.1928 2.1575 0.7321 0.0111 0.5352 0.6861 4.016 -0.1525 0.1525 0.3056 0 0
32 253 2370 0 0 0 0 0 1.0003 0 0.7473 -0.0693 0.114 0.1331 0.7307 0.9969 0.016 0.1102 0.1308 1.4956 0.7804 -0.043 0.5044 0.6482 4.0633 -0.0393 0.0393 0.3176 0 0
32 254 2451 0 0 0 0 0 1.0002 0 0.2178 0.0634 0.2397 0.2611 0.7225 0.9842 0.0708 0.1745 0.2152 1.3312 0.7723 0.004 0.4815 0.6428 4.088 -0.0634 0.0634 0.3113 0 0
32 255 2377 0 0 0 0 0 1.0012 0 0.9052 -0.1375 0.1386 0.1587 0.7849 0.9947 0.0212 0.2139 0.2968 3.6096 0.6805 0.0463 0.5755 0.744 4.0579 -0.029 0.029 0.3575 0 0
32 256 2556 0 0 0 0 0 1.0007 0 0.8752 -0.046 0.0913 0.1159 0.715 0.9859 -0.0705 0.1713 0.2139 1.5611 0.6926 0.0559 0.5571 0.7058 4.046 0.2029 0.2029 0.3125 0 0
32 257 2463 0 0 0 0 0 1.0003 0 0.6535 -0.0457 0.1963 0.2293 1.0399 0.9818 -0.0263 0.2442 0.346 2.8952 0.7297 0.0265 0.5447 0.6925 4.0502 -0.0439 0.0439 0.318 0 0
32 258 2320 0 0 0 0 0 1.0003 0 -0.611 -0.0445 0.1233 0.1523 0.7094 0.9877 -0.0438 0.1683 0.2325 2.2404 0.7173 -0.119 0.5674 0.7229 4.0454 -0.0717 0.0717 0.3234 0 0
32 259 2369 0 0 0 0 0 1.0006 0 0.9432 -0.0135 0.084 0.0954 0.8262 0.9957 -0.042 0.119 0.1701 3.1231 0.72 -0.0682 0.5411 0.6873 4.038 0.0508 0.0508 0.3384 0 0
32 260 2481 0 0 0 0 0 1.0003 0 0.9573 -0.0042 0.1025 0.1339 0.871 0.9955 0.079 0.1287 0.1641 2.1986 0.7734 0.0284 0.5141 0.6521 4.0529 -0.1115 0.1115 0.3261 0 0
32 261 2398 0 0 0 0 0 1.0008 0 0.9619 -0.0264 0.061 0.0724 0.7535 0.9918 -0.0818 0.1584 0.2016 2.5602 0.7212 -0.0504 0.5577 0.7122 4.0445 0.0356 0.0356 0.3329 0 0
32 262 2453 0 0 0 0 0 1.0005 0 0.9019 -0.0056 0.0692 0.0996 0.853 0.9968 0.1426 0.1475 0.1734 1.5977 0.7501 0.0569 0.5233 0.6691 4.0182 -0.0393 0.0393 0.298 0 0
32 263 2368 0 0 0 0 0 1.001 0 0.9874 -0.1023 0.1023 0.1145 0.8168 0.9929 -0.0376 0.1467 0.1941 2.3855 0.7503 -0.0756 0.5232 0.6693 4.0447 0.067 0.067 0.3564 0 0
32 264 2319 0 0 0 0 0 1.0002 0 0.9509 -0.0754 0.118 0.1285 0.9695 0.991 0.0265 0.204 0.2666 3.9373 0.7011 -0.029 0.568 0.734 4.0729 0.106 0.106 0.3692 0 0
32 265 2475 0 0 0 0 0 1.0005 0 0.8521 0.0264 0.094 0.1109 0.739 0.985 0.1142 0.1657 0.2688 3.8889 0.7197 -0.004 0.5664 0.7328 4.0505 0.1022 0.1022 0.3143 0 0
32 266 2393 0 0 0 0 0 1.0003 0 0.5975 -0.0901 0.1492 0.1746 0.8053 0.986 0.0289 0.2403 0.3487 3.2379 0.691 -0.0371 0.5634 0.7186 4.0828 0.0613 0.0613 0.3976 0 0
32 267 2439 0 0 0 0 0 1.0006 0 0.8296 -0.1314 0.1519 0.1729 0.7407 0.9881 -0.0242 0.1931 0.2317 2.3765 0.7275 0.0184 0.5227 0.6744 4.0261 0.0741 0.0741 0.3249 0 0
32 268 2442 0 0 0 0 0 1.001 0 0.9516 -0.0257 0.1194 0.1557 1.0422 0.9634 -0.1184 0.2732 0.4274 4.4198 0.7186 -0.0351 0.5374 0.6884 4.011 0.0607 0.0607 0.3201 0 0
32 269 2349 0 0 0 0 0 1.0007 0 0.7515 -0.0317 0.1067 0.1642 0.8501 0.9892 -0.0404 0.17 0.23 2.2955 0.7033 0.0493 0.565 0.7278 4.0541 0.1155 0.1155 0.3725 0 0
32 270 2390 0 0 0 0 0 1.0006 0 0.852 0.063 0.1244 0.1308 0.7922 0.9762 0.1202 0.2536 0.4117 5.6925 0.6633 0.0133 0.5986 0.7784 4.0333 -0.0737 0.0737 0.3868 0 0
32 271 2430 0 0 0 0 0 1.0006 0 0.9846 -0.0073 0.0875 0.1234 1.0572 0.9914 0.0364 0.1096 0.1476 1.7576 0.7611 0.0467 0.5142 0.6735 4.0404 0.0134 0.0134 0.3082 0 0
32 272 2383 0 0 0 0 0 1.0004 0 0.6 -0.0513 0.1278 0.1575 0.767 0.9849 -0.0084 0.1721 0.2145 2.5838 0.7061 0.0779 0.5563 0.7172 4.0299 -0.0229 0.0229 0.3393 0 0
32 273 2381 0 0 0 0 0 1.0003 0 0.7158 0.1084 0.1357 0.1932 0.7993 0.9979 -0.1351 0.1571 0.1964 1.3099 0.7861 -0.0757 0.479 0.6158 4.0013 -0.092 0.092 0.2744 0 0
32 274 2421 0 0 0 0 0 1.0003 0 -0.021 0.0308 0.1253 0.1595 0.7182 0.996 -0.042 0.0948 0.1162 1.4139 0.6934 -0.0349 0.5779 0.7362 4.0658 -0.0977 0.0977 0.3837 0 0
32 275 2342 0 0 0 0 0 1.001 0 0.7938 -0.1677 0.2812 0.3778 0.8265 0.9756 0.0794 0.3106 0.4927 5.0758 0.7917 0.031 0.4745 0.6149 4.061 -0.0593 0.0593 0.3229 0 0
32 276 2353 0 0 0 0 0 1.0009 0 0.6288 -9e-04 0.2171 0.2965 0.9459 0.9953 -0.1323 0.2463 0.3025 3.7478 0.7827 -0.0741 0.4779 0.6193 4.0929 0.0705 0.0705 0.3132 0 0
32 277 2413 0 0 0 0 0 1.0003 0 0.9312 -0.0635 0.0875 0.0975 0.8525 0.9949 -0.0709 0.1675 0.2141 3.3809 0.6982 -0.0531 0.5467 0.6896 4.0764 -0.0565 0.0565 0.3832 0 0
32 278 2331 0 0 0 0 0 1.0005 0 0.2779 -0.0764 0.1632 0.1772 0.7876 0.9908 -0.0771 0.1982 0.2561 3.281 0.6977 -0.0039 0.5567 0.7322 4.0179 0.0421 0.0421 0.3231 0 0
32 279 2431 0 0 0 0 0 1.001 0 0.831 0.1073 0.1741 0.249 0.9175 0.988 0.1202 0.1607 0.2139 2.2186 0.7331 0.0614 0.556 0.7055 4.0439 0.0154 0.0154 0.2955 0 0
32 280 2387 0 0 0 0 0 1.001 0 0.7055 -0.1203 0.1554 0.2042 0.7583 0.9639 0.192 0.3345 0.6369 5.6051 0.7521 0.0102 0.4969 0.6297 4.0371 -0.0378 0.0378 0.3141 0 0
32 281 2353 0 0 0 0 0 1.0005 0 0.6521 0.0577 0.194 0.212 0.7912 0.9831 0.0185 0.1904 0.2346 2.3313 0.7473 -0.0308 0.5141 0.677 4.0172 -0.0771 0.0771 0.3271 0 0
32 282 2496 0 0 0 0 0 1.0003 0 0.8324 0.0239 0.1251 0.1432 0.8039 0.9878 -0.0657 0.1664 0.215 2.8241 0.7355 -0.0112 0.5241 0.6741 4.0471 0.1844 0.1844 0.343 0 0
32 283 2372 0 0 0 0 0 1.0005 0 0.7057 -0.045 0.1907 0.2049 0.9637 0.9701 -0.015 0.3466 0.51 5.5934 0.6175 -0.0389 0.6125 0.7754 4.0496 -0.0254 0.0254 0.3734 0 0
32 284 2447 0 0 0 0 0 1.0004 0 0.8428 -3e-04 0.1345 0.1616 0.8327 0.992 -0.0462 0.1325 0.1835 2.3401 0.7347 -0.0563 0.5396 0.6785 4.0699 0.0314 0.0314 0.3347 0 0
32 285 2408 0 0 0 0 0 1.0003 0 0.8933 -0.0717 0.1194 0.1312 0.7322 0.984 -0.0045 0.1485 0.2126 1.3342 0.7449 -0.0211 0.4995 0.6495 4.0581 0.0679 0.0679 0.3375 0 0
32 286 2408 0 0 0 0 0 1.0008 0 0.77 0.0046 0.1256 0.1642 0.7698 0.9958 -0.0815 0.1196 0.1439 2.0486 0.7646 -0.0749 0.517 0.6602 4.033 -0.0557 0.0557 0.3121 0 0
32 287 2351 0 0 0 0 0 1.0004 0 0.1675 0.0352 0.1744 0.1932 0.7276 0.9948 0.0944 0.1261 0.144 1.48 0.7236 0.0403 0.5444 0.6972 4.0324 -0.0034 0.0034 0.304 0 0
32 288 2407 0 0 0 0 0 1.0004 0 0.8208 -0.044 0.1237 0.1428 0.7664 0.9929 0.0098 0.1332 0.1807 3.4166 0.7281 0.0317 0.5422 0.6917 4.0215 0.0259 0.0259 0.3116 0 0
32 289 2517 0 0 0 0 0 1.0004 0 0.9516 -7e-04 0.0551 0.0685 0.7655 0.9965 -0.0344 0.1059 0.125 1.4337 0.7763 -0.0218 0.4971 0.6468 4.0002 0.067 0.067 0.2975 0 0
32 290 2463 0 0 0 0 0 1.0007 0 0.8705 -0.0851 0.1293 0.1556 0.7825 0.99 -0.0094 0.1324 0.1684 1.9893 0.6789 -0.0401 0.5727 0.7284 4.1168 0.1125 0.1125 0.3956 0 0
32 291 2332 0 0 0 0 0 1.0003 0 0.5869 -0.0892 0.1513 0.1882 0.7478 0.9966 0.0323 0.1786 0.2422 2.9977 0.7312 0.0532 0.5322 0.6759 4.036 0.1447 0.1447 0.3402 0 0
32 292 2463 0 0 0 0 0 1.0005 0 0.925 -0.1138 0.1373 0.1838 0.8856 0.9842 -0.0331 0.2603 0.3632 3.9683 0.7496 0.016 0.5065 0.6471 4.0715 -0.2883 0.2883 0.3333 0 0
32 293 2424 0 0 0 0 0 1.0004 0 0.9889 -0.0741 0.0741 0.0829 0.7319 0.9941 0.0429 0.1222 0.1673 2.6722 0.74 0.0043 0.4929 0.6317 4.0727 0.0845 0.0845 0.3039 0 0
32 294 2348 0 0 0 0 0 1.0005 0 0.777 -0.1023 0.1599 0.2011 0.8035 0.9904 0.0118 0.2407 0.3388 3.7857 0.6712 0.019 0.5761 0.7278 4.0789 0.2016 0.2016 0.3908 0 0
32 295 2400 0 0 0 0 0 1.0003 0 0.8789 -0.0018 0.1698 0.1938 0.8024 0.9838 0.0161 0.1889 0.2708 2.0983 0.7681 0.0198 0.5295 0.671 4.0274 -0.0297 0.0297 0.3164 0 0
32 296 2371 0 0 0 0 0 1.0003 0 0.7621 -0.0898 0.131 0.151 0.7392 0.9897 0.0036 0.1315 0.1716 1.9843 0.6988 0.0524 0.5635 0.6999 4.0579 0.1022 0.1022 0.3513 0 0
32 297 2368 0 0 0 0 0 1.0002 0 0.8723 0.0144 0.1609 0.1866 0.8125 0.9585 -0.1407 0.2355 0.5158 7.9929 0.6898 -0.0155 0.5489 0.7013 4.0508 0.1163 0.1163 0.3674 0 0
32 298 2420 0 0 0 0 0 1.0007 0 0.8693 -0.0355 0.0698 0.1042 0.8168 0.9866 0.1435 0.2311 0.3033 3.4436 0.7102 0.0458 0.5498 0.7003 4.0208 -0.1105 0.1105 0.3489 0 0
32 299 2342 0 0 0 0 0 1.0008 0 0.902 -0.0517 0.1169 0.1333 0.8154 0.9819 -0.0651 0.1509 0.2149 1.5563 0.7648 -0.1153 0.5074 0.6394 4.0213 0.0487 0.0487 0.327 0 0
32 300 2372 0 0 0 0 0 1.0004 0 0.9852 0.0171 0.0526 0.0734 1.0205 0.9962 -0.0598 0.0949 0.1233 2.0969 0.7711 -0.0526 0.5022 0.6554 3.997 0.066 0.066 0.2912 0 0
32 301 2392 0 0 0 0 0 1.001 0 0.9196 -0.0044 0.0904 0.1132 0.7822 0.9886 -0.1443 0.1726 0.217 2.7476 0.7007 -0.0268 0.5492 0.6965 4.0084 -0.0255 0.0255 0.3392 0 0
32 302 2370 0 0 0 0 0 1.0006 0 0.8775 -0.0823 0.202 0.2421 0.9213 0.9782 -0.0561 0.1902 0.2369 2.861 0.7092 0.0272 0.52 0.6847 4.0428 0.0429 0.0429 0.3119 0 0
32 303 2427 0 0 0 0 0 1.0004 0 0.9108 0.0318 0.0782 0.0963 0.7715 0.9959 0.0452 0.1175 0.1454 2.3716 0.723 0.0036 0.5772 0.7292 4.1049 -0.0512 0.0512 0.4068 0 0
32 304 2374 0 0 0 0 0 1.0004 0 0.6934 0.0528 0.1885 0.2433 0.7928 0.9916 0.124 0.1393 0.1986 1.2683 0.7458 0.0783 0.5403 0.7161 4.0205 -0.0312 0.0312 0.2821 0 0
32 305 2359 0 0 0 0 0 1.0003 0 0.6154 0.075 0.1918 0.2088 0.7411 0.9925 -0.0592 0.1324 0.1864 2.1016 0.7533 0.0306 0.5166 0.6571 4.0048 -0.0709 0.0709 0.298 0 0
32 306 2407 0 0 0 0 0 1.0005 0 0.8062 -0.0768 0.1181 0.1333 0.7315 0.9916 0.0077 0.1508 0.217 2.271 0.7189 0.0273 0.5475 0.6947 4.0377 0.135 0.135 0.3323 0 0
32 307 2301 0 0 0 0 0 1.0014 0 0.8635 -0.0888 0.1312 0.1674 0.7131 0.9865 0.0737 0.2266 0.2996 2.6357 0.7226 0.0155 0.5176 0.6511 4.1389 0.0022 0.0022 0.352 0 0
32 308 2410 0 0 0 0 0 1.0004 0 0.8679 -0.0143 0.0811 0.0897 0.7441 0.9969 0.0123 0.0979 0.131 2.3016 0.7207 0.0531 0.5374 0.6882 4.0303 0.0274 0.0274 0.3475 0 0
32 309 2373 0 0 0 0 0 1.0003 0 0.6406 -0.0174 0.0874 0.0992 0.7011 0.9953 0.0998 0.1359 0.1596 1.7305 0.7172 0.0149 0.5501 0.7059 4.0458 -0.256 0.256 0.3109 0 0
32 310 2301 0 0 0 0 0 1.0004 0 0.8946 -0.0758 0.1043 0.1214 0.7434 0.9977 -0.0814 0.1285 0.1697 2.5963 0.7234 -0.0196 0.532 0.6932 4.0518 0.1698 0.1698 0.3229 0 0
32 311 2380 0 0 0 0 0 1.0003 0 0.876 -0.1327 0.1592 0.1831 0.8835 0.9911 0.0897 0.1603 0.2043 1.8044 0.7522 0.0934 0.5007 0.6437 4.0266 0.0713 0.0713 0.3393 0 0
32 312 2369 0 0 0 0 0 1.0006 0 0.5639 -0.1083 0.1707 0.2316 0.8588 0.9856 -0.164 0.2866 0.4501 4.9317 0.6615 0.0465 0.5781 0.7514 4.058 0.1762 0.1762 0.382 0 0
32 313 2344 0 0 0 0 0 1.0003 0 0.3486 -0.1408 0.1765 0.2064 0.8302 0.9921 -0.0466 0.236 0.3316 4.1642 0.6665 -0.0204 0.5843 0.7308 4.0273 0.0169 0.0169 0.4016 0 0
32 314 2478 0 0 0 0 0 1.0002 0 0.8673 -0.1995 0.1995 0.2382 0.7504 0.9836 0.0683 0.2257 0.3665 4.1272 0.7498 -0.1198 0.4841 0.6361 4.0084 -0.1594 0.1594 0.3053 0 0
32 315 2429 0 0 0 0 0 1.0002 0 0.9171 0.0144 0.1088 0.1171 0.9025 0.9946 -0.0924 0.1405 0.1729 1.8494 0.7818 -0.0895 0.5139 0.6454 3.9878 -0.0477 0.0477 0.279 0 0
32 316 2455 0 0 0 0 0 1.0003 0 0.595 0.0074 0.1719 0.2119 0.7535 0.9867 -0.1525 0.245 0.3249 2.0392 0.7202 -0.1072 0.5371 0.6881 3.9924 -0.0218 0.0218 0.2922 0 0
32 317 2339 0 0 0 0 0 1.0005 0 0.8545 0.1685 0.2089 0.2441 0.7859 0.9752 -0.0966 0.2606 0.3559 1.3393 0.7396 -0.0501 0.5328 0.6803 4.0496 0.1189 0.1189 0.3259 0 0
32 318 2341 0 0 0 0 0 1.0006 0 0.8322 -0.0605 0.1064 0.13 0.9815 0.9887 0.0368 0.165 0.2249 2.1306 0.6887 -0.0129 0.5338 0.6843 4.0714 -0.121 0.121 0.3761 0 0
32 319 2424 0 0 0 0 0 1.0004 0 0.508 -0.012 0.1785 0.2118 0.6927 0.9816 -0.0515 0.1735 0.2619 3.0729 0.7238 0.0338 0.531 0.6731 4.0561 -0.1143 0.1143 0.3522 0 0
32 320 2393 0 0 0 0 0 1.0003 0 0.851 0.0329 0.1265 0.149 0.8151 0.9939 0.0275 0.0997 0.146 1.8709 0.7058 0.0901 0.56 0.7254 4.0326 -0.1339 0.1339 0.3161 0 0
32 321 2402 0 0 0 0 0 1.0006 0 0.9049 -0.008 0.0995 0.1117 0.736 0.9954 0.078 0.1017 0.1403 1.4261 0.7545 0.018 0.5182 0.6813 4.0282 -0.0074 0.0074 0.3106 0 0
32 322 2368 0 0 0 0 0 1.0003 0 0.632 -0.0774 0.1783 0.2165 0.8686 0.9907 0.0626 0.1635 0.2122 2.2323 0.711 -0.0433 0.5452 0.7159 4.0721 0.0643 0.0643 0.3332 0 0
32 323 2231 0 0 0 0 0 1.0004 0 0.8498 -0.0442 0.0846 0.1021 0.7741 0.9925 -0.0626 0.1352 0.2224 3.2874 0.7182 -0.028 0.5423 0.713 4.0547 -0.0683 0.0683 0.3531 0 0
32 324 2327 0 0 0 0 0 1.0004 0 0.972 -0.0901 0.0901 0.1422 0.7514 0.9891 0.0725 0.1361 0.1982 1.4067 0.729 0.0372 0.494 0.6415 4.0082 0.0267 0.0267 0.2954 0 0
32 325 2373 0 0 0 0 0 1.0006 0 0.8856 -0.0101 0.1167 0.1468 0.8437 0.9964 -0.0548 0.118 0.1445 2.6643 0.7653 -9e-04 0.4902 0.6238 4.0867 0.0122 0.0122 0.3323 0 0
32 326 2375 0 0 0 0 0 1.0003 0 0.9476 0.0206 0.0816 0.0984 0.795 0.9958 -0.1923 0.1955 0.2287 1.7415 0.7512 -0.0856 0.5273 0.69 4.0191 -6e-04 6e-04 0.3282 0 0
32 327 2359 0 0 0 0 0 1.0004 0 0.9045 0.0265 0.1487 0.1778 0.8589 0.9772 0.0103 0.2246 0.3238 5.1603 0.7066 0.0103 0.5417 0.704 4.015 0.0357 0.0357 0.3352 0 0
32 328 2365 0 0 0 0 0 1.0003 0 0.9751 -0.0525 0.0798 0.0993 0.731 0.9967 -0.0242 0.0946 0.1201 2.6086 0.7051 0.0011 0.5541 0.7097 4.0216 0.0331 0.0331 0.3436 0 0
32 329 2428 0 0 0 0 0 1.0003 0 0.821 -0.0314 0.0849 0.1007 0.6719 0.9919 -0.0817 0.1788 0.2408 1.8873 0.7293 -0.0352 0.531 0.6828 4.0172 0.0824 0.0824 0.3059 0 0
32 330 2412 0 0 0 0 0 1.0005 0 0.879 -0.1339 0.1422 0.2016 0.8783 0.9812 -0.0123 0.1986 0.3054 2.6804 0.707 -0.0249 0.5296 0.6881 4.0466 0.1066 0.1066 0.3434 0 0
32 331 2377 0 0 0 0 0 1.0005 0 0.9803 0.0167 0.0787 0.1135 0.8421 0.9933 -0.0468 0.178 0.2067 2.1235 0.7545 0.0179 0.5402 0.6868 4.0161 0.0287 0.0287 0.3299 0 0
32 332 2398 0 0 0 0 0 1.0003 0 0.6566 -0.0979 0.1107 0.1477 0.6984 0.9931 0.0106 0.1797 0.2227 2.2995 0.7117 0.021 0.538 0.6934 4.0194 -0.0099 0.0099 0.3754 0 0
32 333 2462 0 0 0 0 0 1.0004 0 0.9621 -0.0803 0.1202 0.1225 0.8087 0.9924 -0.0766 0.1574 0.1944 1.5981 0.75 0.0063 0.4991 0.6537 4.043 0.1869 0.1869 0.3063 0 0
32 334 2411 0 0 0 0 0 1.0003 0 0.6854 -0.0541 0.1127 0.141 0.6938 0.9956 0.0287 0.0878 0.1212 1.0795 0.7889 0.0056 0.4653 0.6012 4.0596 0.0591 0.0591 0.293 0 0
32 335 2475 0 0 0 0 0 1.0003 0 0.5632 0.0248 0.1762 0.2167 0.8832 0.9892 0.0554 0.1539 0.1943 1.8882 0.7888 0.0307 0.4859 0.618 4.0263 -0.0352 0.0352 0.2955 0 0
32 336 2317 0 0 0 0 0 1.0006 0 0.6711 0.0592 0.1142 0.1383 0.8348 0.9874 -0.0445 0.1907 0.2781 5.128 0.6925 -0.0632 0.5953 0.7545 4.0376 -0.1359 0.1359 0.3563 0 0
32 337 2333 0 0 0 0 0 1.0003 0 0.6948 0.0744 0.1505 0.2045 0.8387 0.9838 -0.0231 0.1804 0.2045 1.3418 0.6941 -0.0753 0.5858 0.7488 4.02 -0.0244 0.0244 0.313 0 0
32 338 2375 0 0 0 0 0 1.0005 0 0.8261 0.0264 0.1439 0.171 0.8814 0.9878 0.1301 0.1541 0.1945 1.5662 0.7538 0.0309 0.5396 0.6948 4.024 0.0323 0.0323 0.3015 0 0
32 339 2337 0 0 0 0 0 1.0006 0 0.6131 -0.1166 0.1667 0.2239 0.7431 0.9899 0.0136 0.1622 0.2292 1.8742 0.729 0.0138 0.5055 0.6543 4.0474 0.0171 0.0171 0.3469 0 0
32 340 2367 0 0 0 0 0 1.0004 0 0.7312 -0.1098 0.1435 0.1707 0.7685 0.9938 -0.0675 0.1171 0.1474 1.5155 0.7575 -0.0241 0.4847 0.6343 4.0535 -0.1556 0.1556 0.3028 0 0
32 341 2361 0 0 0 0 0 1.0009 0 0.7744 -0.12 0.1206 0.1743 0.8958 0.9954 0.0555 0.2174 0.2798 4.187 0.6703 0.0174 0.5693 0.7243 4.068 0.2109 0.2109 0.3427 0 0
32 342 2371 0 0 0 0 0 1.0005 0 0.8776 -0.0226 0.1331 0.1634 0.8027 0.9912 0.104 0.1667 0.2302 2.5799 0.7358 0.0178 0.518 0.6848 4.0175 0.0374 0.0374 0.3215 0 0
32 343 2327 0 0 0 0 0 1.0009 0 0.9638 0.0435 0.0634 0.0722 0.8317 0.9949 0.1388 0.167 0.2097 3.1495 0.6802 -0.0304 0.5653 0.7373 4.038 -0.0013 0.0013 0.3429 0 0
32 344 2373 0 0 0 0 0 1.0006 0 0.4069 -0.1236 0.2799 0.2841 0.8872 0.974 -0.107 0.3443 0.4949 3.4867 0.7225 -0.0118 0.5291 0.6739 4.0572 0.0825 0.0825 0.336 0 0
32 345 2417 0 0 0 0 0 1.0007 0 0.857 0.0101 0.0941 0.1158 0.721 0.9912 -0.0131 0.1069 0.147 1.4035 0.7566 0.0549 0.5057 0.6428 4.0375 -0.0894 0.0894 0.3306 0 0
32 346 2392 0 0 0 0 0 1.0008 0 0.8374 -0.0578 0.1262 0.1446 0.7095 0.9767 -0.0671 0.1929 0.3956 3.9214 0.7257 -0.003 0.5327 0.6927 4.0302 -0.1662 0.1662 0.3306 0 0
32 347 2376 0 0 0 0 0 1.001 0 0.7373 0.0185 0.1816 0.216 0.7585 0.9813 0.1686 0.2262 0.2871 2.1952 0.756 0.0242 0.5241 0.6765 4.0185 -0.0794 0.0794 0.3122 0 0
32 348 2301 0 0 0 0 0 1.0004 0 0.951 -0.0189 0.0464 0.0598 0.765 0.9932 -0.0339 0.1525 0.201 2.6184 0.7071 -0.0204 0.5812 0.7362 4.0802 -0.0047 0.0047 0.3583 0 0
32 349 2378 0 0 0 0 0 1.0006 0 0.8424 -0.0347 0.1251 0.1516 0.767 0.9796 0.1231 0.2505 0.3407 3.1922 0.7245 0.0223 0.5353 0.6999 4.0884 0.0639 0.0639 0.3698 0 0
32 350 2344 0 0 0 0 0 1.0006 0 0.58 0.0286 0.176 0.2349 0.7223 0.9961 0.0817 0.1036 0.124 1.5952 0.7636 0.0217 0.5061 0.6422 4.0811 -0.1329 0.1329 0.317 0 0
32 351 2347 0 0 0 0 0 1.0003 0 0.7563 -0.0573 0.1678 0.1913 0.78 0.9905 -0.011 0.1728 0.2064 3.4557 0.7272 -0.0562 0.5355 0.6762 4.0986 0.1359 0.1359 0.3825 0 0
32 352 2399 0 0 0 0 0 1.0008 0 0.9887 -0.2138 0.2138 0.2761 0.8103 0.996 -0.0266 0.1279 0.169 1.4573 0.7702 -0.0483 0.4487 0.6155 4.0597 0.0494 0.0494 0.2889 0 0
32 353 2333 0 0 0 0 0 1.0005 0 0.6273 -0.0704 0.1495 0.1758 0.7878 0.9786 -0.0551 0.1942 0.3288 4.1059 0.6764 0.0036 0.55 0.7045 4.0552 -0.1046 0.1046 0.3802 0 0
32 354 2373 0 0 0 0 0 1.0005 0 0.9215 -0.0781 0.1525 0.1732 0.9397 0.9887 0.0527 0.1429 0.2351 3.0586 0.7686 0.0477 0.4813 0.6297 4.0248 -0.0545 0.0545 0.3068 0 0
32 355 2378 0 0 0 0 0 1.0004 0 0.709 -0.0603 0.1753 0.2199 0.7387 0.9859 -0.0343 0.2767 0.4085 3.8823 0.7027 -0.0459 0.5392 0.7032 4.0682 -0.0634 0.0634 0.3325 0 0
32 356 2437 0 0 0 0 0 1.0008 0 0.8991 -0.0425 0.0712 0.0947 0.7241 0.9942 -0.0921 0.1082 0.1511 1.8448 0.7528 -0.0437 0.512 0.648 4.0699 -0.0341 0.0341 0.3336 0 0
32 357 2433 0 0 0 0 0 1.0005 0 0.8237 0.052 0.0888 0.119 0.7498 0.9875 0.0779 0.1483 0.2197 1.8674 0.6953 0.1121 0.5506 0.7106 4.024 -0.0151 0.0151 0.317 0 0
32 358 2445 0 0 0 0 0 1.0007 0 0.7175 0.0216 0.1965 0.2521 0.7312 0.9861 -0.0726 0.1674 0.2144 1.3092 0.7548 -0.0169 0.5181 0.6921 4.0191 0.0924 0.0924 0.3012 0 0
32 359 2285 0 0 0 0 0 1.0003 0 0.7208 0.0339 0.124 0.1555 0.777 0.9936 0.0643 0.1259 0.1785 2.4964 0.7365 -0.0729 0.5303 0.6938 4.1185 -0.1083 0.1083 0.3547 0 0
32 360 2395 0 0 0 0 0 1.001 0 0.6128 -0.2539 0.263 0.3729 0.78 0.9911 -0.2186 0.3274 0.5367 4.6881 0.7407 -0.0145 0.514 0.6714 4.0579 -0.1493 0.1493 0.3262 0 0
32 361 2331 0 0 0 0 0 1.0001 0 0.5189 -0.0323 0.2482 0.3172 1.0769 0.9927 0.2261 0.2514 0.3221 3.1242 0.6899 0.0062 0.5898 0.7447 4.0696 0.0931 0.0931 0.3434 0 0
32 362 2442 0 0 0 0 0 1.0006 0 0.6854 0.0054 0.1743 0.1904 0.781 0.9854 -0.0455 0.2411 0.3538 8.0037 0.6774 0.0349 0.6068 0.768 4.0687 -0.169 0.169 0.3536 0 0
32 363 2269 0 0 0 0 0 1.0014 0 0.1744 -0.2075 0.2677 0.3156 0.9075 0.9859 0.0095 0.9111 1.4665 12.8306 0.6421 0.0036 0.566 0.7087 4.0249 -0.0161 0.0161 0.4136 0 0
32 364 2364 0 0 0 0 0 1.0007 0 0.9448 -0.0523 0.0835 0.1145 0.7968 0.9619 0.0912 0.2646 0.5317 7.4751 0.6711 -0.0052 0.5888 0.7272 4.0762 0.0121 0.0121 0.3987 0 0
32 365 2323 0 0 0 0 0 1.0004 0 0.4393 -0.1007 0.1599 0.2018 0.8185 0.9866 -0.0667 0.1889 0.2985 3.6426 0.6468 -0.0547 0.5635 0.7345 4.0703 -0.0708 0.0708 0.401 0 0
32 366 2352 0 0 0 0 0 1.0003 0 0.976 -0.0829 0.1014 0.1148 0.8324 0.979 -0.1619 0.2476 0.3278 3.2869 0.7222 -0.1117 0.5432 0.6995 4.0151 -0.1617 0.1617 0.3154 0 0
32 367 2412 0 0 0 0 0 1.0005 0 0.7786 -0.0941 0.1352 0.164 0.8211 0.978 0.0638 0.191 0.3337 2.7386 0.6986 -0.0203 0.533 0.6734 4.0144 0.0249 0.0249 0.3223 0 0
32 368 2487 0 0 0 0 0 1.0003 0 0.8767 -0.0193 0.1758 0.1829 0.8437 0.9607 -0.2206 0.2825 0.5942 7.3096 0.7373 -0.0322 0.5309 0.6893 4.0192 -0.06 0.06 0.3167 0 0
32 369 2372 0 0 0 0 0 1.0002 0 0.5141 -0.0718 0.2176 0.2629 0.8516 0.9921 0.0774 0.1864 0.2692 2.5568 0.7004 -0.0051 0.5686 0.7204 4.0861 -0.0327 0.0327 0.3336 0 0
32 370 2473 0 0 0 0 0 1.0003 0 0.949 -0.0487 0.0654 0.1143 0.7504 0.9911 -0.0431 0.1216 0.1415 1.5725 0.7587 0.0828 0.4799 0.6344 4.0232 0.0948 0.0948 0.2983 0 0
32 371 2460 0 0 0 0 0 1.0003 0 0.9684 0.0619 0.1153 0.1344 0.9078 0.9955 0.0989 0.1189 0.1831 2.0526 0.7714 -0.0091 0.5177 0.6574 4.0049 -0.0343 0.0343 0.2772 0 0
32 372 2376 0 0 0 0 0 1.0002 0 0.4805 -0.046 0.1059 0.1332 0.6882 0.9949 -0.0249 0.127 0.1881 2.3382 0.7262 0.0054 0.5356 0.6955 4.0536 0.0689 0.0689 0.342 0 0
32 373 2390 0 0 0 0 0 1.0005 0 0.9173 0.0151 0.2025 0.301 1.3331 0.9887 0.0158 0.1757 0.2322 2.0387 0.7553 0.0255 0.5134 0.6644 4.0151 -0.001 0.001 0.2788 0 0
32 374 2363 0 0 0 0 0 1.0002 0 0.8598 -0.0367 0.132 0.1436 0.9093 0.9915 -0.0745 0.1628 0.2057 2.0078 0.7424 -0.0482 0.5255 0.6706 4.0291 0.0664 0.0664 0.3443 0 0
32 375 2373 0 0 0 0 0 1.0003 0 0.2923 -0.027 0.1466 0.1917 0.9012 0.9898 0.099 0.1721 0.2259 2.3221 0.6835 -0.0261 0.5691 0.7316 4.1125 -0.0568 0.0568 0.3893 0 0
32 376 2382 0 0 0 0 0 1.0003 0 0.7538 -0.0374 0.1179 0.1285 0.7438 0.9863 -0.0234 0.1742 0.2226 3.2147 0.6936 -0.0725 0.5695 0.7242 4.2148 0.0899 0.0899 0.3935 0 0
32 377 2434 0 0 0 0 0 1.0007 0 0.9161 -0.0975 0.1722 0.2319 0.8102 0.9909 -0.1039 0.1539 0.1786 1.7662 0.8092 -0.0857 0.4626 0.6001 4.0506 0.0011 0.0011 0.3016 0 0
32 378 2383 0 0 0 0 0 1.0004 0 0.9276 -0.1191 0.1506 0.1982 0.9019 0.9902 -0.0631 0.1499 0.2264 2.1083 0.7242 -0.0211 0.4972 0.6523 4.0401 0.1036 0.1036 0.2987 0 0
32 379 2381 0 0 0 0 0 1.001 0 0.4052 0.011 0.1643 0.1745 0.6958 0.9902 -0.0507 0.14 0.2062 2.6804 0.6862 0.0357 0.5489 0.7046 4.092 0.1913 0.1913 0.323 0 0
32 380 2418 0 0 0 0 0 1.0004 0 0.8236 -0.0633 0.0924 0.1233 0.7121 0.9978 -0.0559 0.0853 0.1079 2.0134 0.7879 -0.0263 0.4813 0.6297 4.0401 0.0427 0.0427 0.2869 0 0
32 381 2393 0 0 0 0 0 1.0003 0 0.9475 0.0966 0.104 0.1316 0.8137 0.9854 -0.0275 0.1603 0.2031 1.6553 0.7445 -0.0019 0.5427 0.6843 4.0662 0.0536 0.0536 0.3295 0 0
32 382 2444 0 0 0 0 0 1.0002 0 0.9634 0.0197 0.0713 0.0853 0.8411 0.9735 0.1056 0.228 0.3163 2.8786 0.7921 0.0777 0.4799 0.618 4.0672 -0.0655 0.0655 0.3109 0 0
32 383 2375 0 0 0 0 0 1.0004 0 0.7457 -0.097 0.166 0.1833 0.815 0.9857 -0.0155 0.2733 0.359 4.3201 0.6299 0.0216 0.6037 0.7699 4.0433 -0.0096 0.0096 0.371 0 0
32 384 2388 0 0 0 0 0 1.0003 0 0.9228 -0.0543 0.1522 0.1737 0.9297 0.9718 -0.2099 0.2705 0.4366 4.5857 0.7276 0.0281 0.5239 0.6837 4.0426 -0.0357 0.0357 0.3164 0 0
32 385 2300 0 0 0 0 0 1.0013 0 0.0395 -0.1802 0.2653 0.296 1.3671 0.9561 -0.9954 1.0697 1.6354 14.2967 0.54 -0.0408 0.6286 0.797 4.1181 -0.0927 0.0927 0.4499 0 0
32 386 2441 0 0 0 0 0 1.0006 0 0.9029 0.0353 0.1175 0.1552 1.0317 0.9921 0.0979 0.1204 0.1657 1.4462 0.7486 0.0358 0.5268 0.6808 4.0215 -0.0772 0.0772 0.3077 0 0
32 387 2314 0 0 0 0 0 1.0009 0 0.6881 -0.0985 0.1505 0.1906 0.7827 0.9913 -0.0339 0.2005 0.244 2.2554 0.7637 -0.0376 0.5004 0.6505 4.0207 0.0515 0.0515 0.3169 0 0
32 388 2386 0 0 0 0 0 1.0003 0 0.9375 -0.038 0.0625 0.0875 0.8351 0.9849 0.0162 0.2204 0.3123 2.978 0.7232 0.0645 0.5442 0.6869 4.0129 0.0136 0.0136 0.339 0 0
32 389 2351 0 0 0 0 0 1.001 0 0.9843 -0.1369 0.2059 0.3964 1.0275 0.9942 -0.0842 0.1349 0.1605 1.5479 0.802 -0.0672 0.4568 0.6076 4.0287 -0.0107 0.0107 0.2974 0 0
32 390 2440 0 0 0 0 0 1.0008 0 0.7744 -0.0951 0.1237 0.1609 0.6681 0.9837 -0.0048 0.2833 0.376 2.9421 0.7061 -0.027 0.5491 0.7059 4.0277 0.0722 0.0722 0.3495 0 0
32 391 2397 0 0 0 0 0 1.0005 0 0.667 -0.0411 0.1825 0.1998 0.761 0.9408 -0.0138 0.2205 0.4063 4.074 0.6894 -0.0294 0.5593 0.7011 4.0757 -0.1106 0.1106 0.357 0 0
32 392 2433 0 0 0 0 0 1.0002 0 0.7669 -0.0395 0.1421 0.153 0.7712 0.9913 0.0888 0.1808 0.2507 3.1278 0.7022 0.0501 0.5593 0.7092 4.0301 0.0207 0.0207 0.3381 0 0
32 393 2440 0 0 0 0 0 1.0004 0 0.8487 -0.0818 0.1964 0.222 0.7731 0.9922 -0.0481 0.1249 0.1627 1.2202 0.7732 0.0309 0.4978 0.6393 4.0225 -0.0724 0.0724 0.2776 0 0
32 394 2403 0 0 0 0 0 1.0005 0 0.9129 0.0541 0.1429 0.1676 0.8603 0.9519 0.1894 0.3026 0.6154 8.6171 0.7256 -0.0387 0.5449 0.7085 4.0736 0.0243 0.0243 0.3496 0 0
32 395 2468 0 0 0 0 0 1.0007 0 0.7635 -0.0439 0.106 0.1391 0.7606 0.9894 0.1392 0.2056 0.245 2.0035 0.7433 0.0864 0.5064 0.6522 3.9886 -0.0456 0.0456 0.2969 0 0
32 396 2421 0 0 0 0 0 1.0007 0 0.9416 -0.0288 0.0974 0.113 0.8273 0.9902 -0.0989 0.1659 0.2406 3.7932 0.7407 0.0245 0.5388 0.6944 4.0314 0.028 0.028 0.3207 0 0
32 397 2366 0 0 0 0 0 1.0007 0 0.8328 0.0225 0.1221 0.1488 0.8245 0.9959 -0.0379 0.1087 0.1359 1.9593 0.7477 0.0125 0.5637 0.7229 4.0147 -0.0289 0.0289 0.3042 0 0
32 398 2408 0 0 0 0 0 1.0004 0 0.9756 -0.1015 0.1015 0.1176 0.8564 0.9965 0.0038 0.1174 0.1641 1.8183 0.7389 -0.0196 0.5169 0.6752 4.0232 -0.0179 0.0179 0.3084 0 0
32 399 2288 0 0 0 0 0 1.0003 0 0.8613 0.0106 0.1391 0.1577 0.9035 0.9769 -0.0758 0.2466 0.3554 4.0158 0.6717 -0.0394 0.5881 0.7253 4.0687 0.0618 0.0618 0.385 0 0
32 400 2306 0 0 0 0 0 1.0004 0 0.7544 -0.0633 0.0964 0.117 0.7519 0.9816 0.0307 0.246 0.3848 3.9406 0.6638 -0.0273 0.5747 0.7461 4.0825 -0.1302 0.1302 0.3867 0 0
32 401 2360 0 0 0 0 0 1.0009 0 0.7096 -0.1031 0.1173 0.1565 0.7215 0.9928 -0.1072 0.1892 0.2554 3.126 0.6518 0.1188 0.5793 0.7383 4.0577 0.2313 0.2313 0.3621 0 0
32 402 2406 0 0 0 0 0 1.0004 0 0.8736 -0.1665 0.1974 0.208 0.8314 0.9822 -0.0241 0.4185 0.5915 4.8772 0.6718 -0.0561 0.5383 0.6942 4.0041 -0.1043 0.1043 0.3683 0 0
32 403 2436 0 0 0 0 0 1.0003 0 0.7336 0.0708 0.1453 0.1718 0.7448 0.9884 0.0862 0.1862 0.2335 2.6922 0.7307 -0.0171 0.5295 0.6735 3.9982 -0.1102 0.1102 0.2847 0 0
32 404 2416 0 0 0 0 0 1.0004 0 0.9278 0.0177 0.1492 0.1534 0.8041 0.9845 -0.0772 0.1897 0.2281 2.4655 0.7332 -0.0123 0.5317 0.6732 4.0217 -0.0101 0.0101 0.3306 0 0
32 405 2395 0 0 0 0 0 1.0003 0 0.9629 0.0067 0.0828 0.095 0.7502 0.9968 0.0841 0.1145 0.1371 1.6838 0.7659 0.075 0.5075 0.6605 4.0183 -0.0719 0.0719 0.2944 0 0
32 406 2403 0 0 0 0 0 1.0002 0 0.782 0.0918 0.139 0.1723 0.8437 0.9908 0.0068 0.1555 0.2104 1.2999 0.7377 0.0136 0.5369 0.6882 4.0025 -0.0942 0.0942 0.2707 0 0
32 407 2413 0 0 0 0 0 1.0005 0 0.4936 -0.0306 0.2073 0.2407 0.7882 0.9923 0.1049 0.1995 0.241 2.7697 0.7783 0.0847 0.4789 0.6163 4.0369 0.0758 0.0758 0.3079 0 0
32 408 2413 0 0 0 0 0 1.0004 0 0.8844 0.0168 0.1054 0.109 0.7386 0.9844 -0.1193 0.1977 0.2974 4.1089 0.7601 0.0093 0.5255 0.6778 4.0187 -0.1347 0.1347 0.3009 0 0
32 409 2293 0 0 0 0 0 1.0004 0 0.3598 0.0432 0.1756 0.2152 0.8777 0.9846 -0.0592 0.1483 0.1752 1.2279 0.7411 -0.0258 0.5038 0.6553 4.1085 -0.0738 0.0738 0.3521 0 0
32 410 2448 0 0 0 0 0 1.0004 0 0.6822 -0.1161 0.1191 0.1812 0.7747 0.991 -0.08 0.2423 0.317 3.1367 0.7188 -0.002 0.5343 0.6753 4.0092 0.0673 0.0673 0.3399 0 0
32 411 2414 0 0 0 0 0 1.0008 0 0.0515 -0.0891 0.2568 0.3475 0.9384 0.99 -0.1274 0.2445 0.3884 2.9997 0.7586 -0.1073 0.5195 0.6622 4.0089 -0.0689 0.0689 0.3251 0 0
32 412 2299 0 0 0 0 0 1.0003 0 0.6585 0.0517 0.1424 0.2117 0.9432 0.9914 0.0589 0.163 0.1817 2.3386 0.6605 -0.0227 0.5921 0.7325 4.045 0.0334 0.0334 0.3535 0 0
32 413 2355 0 0 0 0 0 1.0002 0 0.7446 0.1287 0.1379 0.1822 0.7471 0.9708 0.0272 0.1672 0.2219 2.0197 0.7423 0.0884 0.5448 0.6956 4.0229 -0.0274 0.0274 0.34 0 0
32 414 2310 0 0 0 0 0 1.0006 0 0.3872 -0.0825 0.2483 0.2902 1.0268 0.9711 0.0313 0.341 0.5355 3.7708 0.7217 0.0104 0.525 0.6668 4.0594 0.0095 0.0095 0.335 0 0
32 415 2356 0 0 0 0 0 1.0007 0 0.7102 -0.1223 0.1967 0.2395 0.8366 0.9887 -0.0531 0.2156 0.3275 3.0245 0.6562 0.0627 0.6232 0.7889 4.1644 -0.0564 0.0564 0.4187 0 0
32 416 2306 0 0 0 0 0 1.0004 0 0.802 -0.0405 0.1001 0.1034 0.8613 0.9909 -0.0291 0.1626 0.2142 2.3746 0.6392 -0.019 0.5964 0.7493 4.0909 -0.0875 0.0875 0.3907 0 0
32 417 2502 0 0 0 0 0 1.0006 0 0.9156 -0.0127 0.0632 0.0758 0.6601 0.9904 0.0703 0.1408 0.1889 1.9097 0.7165 0.0082 0.5484 0.7027 4.0478 -0.0788 0.0788 0.3449 0 0
32 418 2331 0 0 0 0 0 1.0008 0 0.8471 -0.1362 0.1652 0.1827 0.8536 0.9941 0.3136 0.4043 0.5931 5.6056 0.6893 -0.0519 0.6021 0.7509 4.052 -0.0933 0.0933 0.3905 0 0
32 419 2485 0 0 0 0 0 1.0008 0 0.5508 -0.0151 0.1947 0.2236 0.8475 0.9791 -0.0272 0.2259 0.3111 2.2361 0.6972 0.0464 0.5633 0.718 4.0094 0.0111 0.0111 0.3071 0 0
32 420 2324 0 0 0 0 0 1.0002 0 0.9247 -0.0357 0.1189 0.1345 0.795 0.997 0.2056 0.2099 0.2401 1.6987 0.7545 0.0811 0.5171 0.6887 4.0204 0.0062 0.0062 0.3206 0 0
32 421 2387 0 0 0 0 0 1.0005 0 0.8835 0.0597 0.1828 0.2314 0.7538 0.9876 -0.055 0.1573 0.2221 2.12 0.7456 -0.0408 0.5364 0.6843 4.032 0.2018 0.2018 0.2883 0 0
32 422 2438 0 0 0 0 0 1.0006 0 0.7998 -0.0713 0.1618 0.2236 0.7498 0.9823 -0.064 0.208 0.2959 3.7866 0.7588 0.0224 0.4894 0.6433 4.0592 0.0568 0.0568 0.3234 0 0
32 423 2412 0 0 0 0 0 1.001 0 0.9384 0.0614 0.1485 0.1973 1.0382 0.9957 0.0679 0.1243 0.1507 1.7713 0.7891 0.058 0.4898 0.6287 4.0083 0.0105 0.0105 0.2997 0 0
32 424 2405 0 0 0 0 0 1.0007 0 0.7408 0.0335 0.1618 0.2401 0.9893 0.9906 0.2132 0.2294 0.2889 2.4446 0.6816 0.0427 0.557 0.7167 4.001 -0.0782 0.0782 0.3423 0 0
32 425 2310 0 0 0 0 0 1.0005 0 0.7525 -0.0273 0.1026 0.123 0.8093 0.9943 -0.0288 0.1372 0.1969 3.8551 0.6717 -0.02 0.5602 0.7158 4.0777 -0.0796 0.0796 0.3734 0 0
32 426 2347 0 0 0 0 0 1.0003 0 0.7982 -0.0137 0.0934 0.1112 0.7254 0.9947 0.0044 0.0999 0.1321 2.8106 0.6945 0.0586 0.5735 0.7091 4.0612 0.0248 0.0248 0.3572 0 0
32 427 2394 0 0 0 0 0 1.0002 0 0.794 -0.0663 0.1162 0.1301 0.784 0.9918 0.0012 0.1079 0.1476 1.6597 0.7136 0.0095 0.5267 0.6751 4.1163 0.0891 0.0891 0.3217 0 0
32 428 2395 0 0 0 0 0 1.0005 0 0.8083 -0.0349 0.1273 0.1395 0.8019 0.9907 -0.0045 0.1395 0.1871 2.5624 0.6864 -0.0157 0.5713 0.7243 4.1085 0.0317 0.0317 0.3454 0 0
32 429 2458 0 0 0 0 0 1.0009 0 0.8946 -0.0612 0.1236 0.1339 0.8019 0.9848 -0.0195 0.2132 0.2811 3.0989 0.7072 0.0381 0.5599 0.7239 4.0503 0.0991 0.0991 0.3302 0 0
32 430 2387 0 0 0 0 0 1.0006 0 0.8379 0.0133 0.1293 0.1633 0.838 0.99 0.0608 0.1341 0.1758 1.4149 0.7775 -0.0079 0.4878 0.6213 4.02 0.0278 0.0278 0.3268 0 0
32 431 2376 0 0 0 0 0 1.0004 0 0.6524 -0.0396 0.1784 0.2358 0.9123 0.987 0.0489 0.1798 0.2416 3.4835 0.736 0.0869 0.57 0.7245 4.0353 0.0062 0.0062 0.3206 0 0
32 432 2387 0 0 0 0 0 1.0005 0 0.8839 -0.1242 0.1323 0.1676 0.8156 0.9793 -0.0737 0.191 0.2834 2.3656 0.745 -0.0311 0.5194 0.6596 4.144 0.0032 0.0032 0.3632 0 0
32 433 2247 0 0 0 0 0 1.0003 0 0.8146 -0.0297 0.209 0.2288 0.8419 0.9869 -0.1355 0.2252 0.2637 1.9409 0.7371 -0.069 0.5552 0.7056 4.0194 0.0452 0.0452 0.3436 0 0
32 434 2383 0 0 0 0 0 1.0003 0 0.7541 -0.021 0.1253 0.1494 0.7304 0.9903 -0.0627 0.1388 0.1822 1.553 0.7489 -0.0219 0.5338 0.6772 4.0202 -0.0114 0.0114 0.2928 0 0
32 435 2299 0 0 0 0 0 1.0005 0 0.7897 -0.0351 0.1503 0.1909 0.8781 0.9964 0.0976 0.1444 0.1915 2.6445 0.7282 0.0724 0.5572 0.7159 4.07 0.0259 0.0259 0.3382 0 0
32 436 2363 0 0 0 0 0 1.0004 0 0.8178 -0.0741 0.1573 0.1757 0.9119 0.9791 0.2459 0.3345 0.5106 6.0574 0.6818 3e-04 0.5561 0.7159 4.031 -0.0142 0.0142 0.3459 0 0
32 437 2346 0 0 0 0 0 1.0003 0 0.7829 -0.0168 0.16 0.1958 0.6957 0.989 -0.0195 0.1472 0.202 1.8909 0.7389 0.0456 0.5194 0.6787 4.0641 -0.0728 0.0728 0.3391 0 0
32 438 2417 0 0 0 0 0 1.0004 0 0.9381 0.0835 0.0881 0.13 0.8734 0.9837 7e-04 0.2154 0.2536 2.3684 0.7456 -0.0034 0.5373 0.6788 4.0027 -0.0094 0.0094 0.3118 0 0
32 439 2490 0 0 0 0 0 1.0003 0 0.9681 -0.112 0.1287 0.1581 0.8997 0.9973 0.0581 0.1043 0.1621 3.4539 0.8241 0.0055 0.4284 0.5585 4.0176 0.0068 0.0068 0.2815 0 0
32 440 2421 0 0 0 0 0 1.0004 0 0.9205 -0.0507 0.1424 0.1677 0.8789 0.9927 0.0983 0.1871 0.2536 2.1548 0.767 0.0604 0.4956 0.6334 4.0801 0.0302 0.0302 0.297 0 0
32 441 2373 0 0 0 0 0 1.0003 0 0.8254 0.0083 0.1343 0.1447 0.8107 0.988 0.1459 0.1807 0.2163 1.7511 0.7453 0.1443 0.5313 0.6787 4.0188 -0.1105 0.1105 0.3195 0 0
32 442 2428 0 0 0 0 0 1.0003 0 0.8615 0.1 0.1548 0.1674 0.7833 0.9924 -0.1141 0.1535 0.2101 1.0978 0.7552 -0.0754 0.5284 0.6853 4.0207 0.0265 0.0265 0.2827 0 0
32 443 2353 0 0 0 0 0 1.0007 0 0.8781 0.1115 0.1355 0.185 0.9602 0.9859 -0.1041 0.226 0.335 2.0035 0.7136 0.0073 0.5657 0.7568 4.0147 -0.0773 0.0773 0.2998 0 0
32 444 2410 0 0 0 0 0 1.0006 0 0.8855 0.0143 0.0836 0.0898 0.7622 0.9989 -0.0524 0.0734 0.0895 1.3922 0.7241 -0.0666 0.5448 0.7307 4.0091 -0.0017 0.0017 0.284 0 0
32 445 2357 0 0 0 0 0 1.0007 0 0.8162 -0.0964 0.1133 0.1457 0.7899 0.9892 0.1213 0.1989 0.2707 2.5595 0.7038 0.0459 0.5463 0.6985 4.0722 0.0521 0.0521 0.4118 0 0
32 446 2506 0 0 0 0 0 1.0007 0 0.9579 -0.0162 0.077 0.0841 0.8704 0.9894 -0.08 0.18 0.2313 2.104 0.7609 0.0259 0.5115 0.6732 3.9941 -0.0142 0.0142 0.2837 0 0
32 447 2426 0 0 0 0 0 1.0005 0 0.8881 0.1065 0.129 0.1784 0.7199 0.9709 0.0292 0.1838 0.2698 1.0791 0.7416 -0.0509 0.5345 0.6732 4.0656 0.0451 0.0451 0.2936 0 0
32 448 2448 0 0 0 0 0 1.0005 0 0.8355 -0.0795 0.1425 0.1755 0.7819 0.9885 0.0111 0.1673 0.2459 2.2738 0.7486 0.028 0.497 0.6384 4.0435 0.1559 0.1559 0.301 0 0
32 449 2370 0 0 0 0 0 1.0002 0 0.5541 -0.0964 0.1466 0.1756 0.714 0.9867 -0.0574 0.1995 0.2616 2.557 0.7072 0.0944 0.5322 0.6781 4.0697 -0.0676 0.0676 0.366 0 0
32 450 2420 0 0 0 0 0 1.0001 0 0.6749 -0.0313 0.143 0.1638 0.8088 0.9924 -0.0788 0.1475 0.2059 1.7943 0.747 -0.0605 0.5298 0.6787 4.068 8e-04 8e-04 0.3179 0 0
32 451 2417 0 0 0 0 0 1.0006 0 0.6201 -0.0096 0.1874 0.1944 0.7514 0.9683 0.1073 0.2584 0.3432 3.2032 0.7168 -0.0061 0.5482 0.7079 4.0266 0.018 0.018 0.3451 0 0
32 452 2403 0 0 0 0 0 1.0003 0 0.4908 0.0784 0.2447 0.2908 0.9932 0.949 -0.2505 0.4614 0.8589 8.8442 0.7422 0.001 0.5385 0.689 4.0998 0.0173 0.0173 0.332 0 0
32 453 2433 0 0 0 0 0 1.0002 0 0.663 0.0033 0.179 0.1953 0.805 0.9908 -0.0521 0.1458 0.179 1.7268 0.7223 -0.0353 0.5284 0.669 4.0785 0.0163 0.0163 0.3281 0 0
32 454 2431 0 0 0 0 0 1.0007 0 0.678 -0.0938 0.2056 0.2341 0.8672 0.9835 0.0267 0.2626 0.347 2.6192 0.7197 0.0185 0.5536 0.6995 4 0.146 0.146 0.3302 0 0
32 455 2335 0 0 0 0 0 1.0004 0 0.9039 -0.0393 0.0986 0.129 0.7874 0.9904 -0.035 0.1368 0.1689 1.7686 0.7071 -0.0388 0.5396 0.7055 4.0192 0.0449 0.0449 0.3164 0 0
32 456 2384 0 0 0 0 0 1.0008 0 0.8587 -0.0309 0.1045 0.1254 0.779 0.9923 0.1129 0.1981 0.2673 2.579 0.6878 0.0726 0.562 0.7204 4.0373 -0.0697 0.0697 0.3374 0 0
32 457 2405 0 0 0 0 0 1.0006 0 0.727 0.0331 0.1272 0.1725 0.8373 0.9906 -0.0481 0.1604 0.185 2.2579 0.7366 0.0371 0.5115 0.6635 4.054 -0.0848 0.0848 0.309 0 0
32 458 2327 0 0 0 0 0 1.0005 0 0.5718 0.0358 0.1125 0.1383 0.7956 0.9903 -0.1088 0.1622 0.1922 1.7645 0.7354 -0.0406 0.5388 0.6941 4.0341 -0.0414 0.0414 0.3169 0 0
32 459 2367 0 0 0 0 0 1.0006 0 0.8086 -0.0572 0.1279 0.1555 0.8576 0.9859 -0.3249 0.3392 0.521 6.9647 0.7163 -0.1157 0.5728 0.7377 4.0195 0.1221 0.1221 0.3389 0 0
32 460 2467 0 0 0 0 0 1.0004 0 0.7748 -0.0045 0.1285 0.1513 0.7207 0.9971 0.0346 0.0947 0.1183 2.0824 0.7904 0.0738 0.4942 0.6202 4.0145 0.0638 0.0638 0.2709 0 0
32 461 2380 0 0 0 0 0 1.0001 0 0.9068 -0.0387 0.1196 0.1455 0.72 0.9899 0.0221 0.1104 0.1436 1.0986 0.7654 0.0276 0.4937 0.6363 4.0119 -0.0609 0.0609 0.2881 0 0
32 462 2389 0 0 0 0 0 1.0002 0 0.8027 0.0239 0.0917 0.1166 0.6856 0.9967 -0.0037 0.0739 0.0876 1.106 0.7397 0.0552 0.5181 0.6699 4.0174 -0.0892 0.0892 0.2794 0 0
32 463 2428 0 0 0 0 0 1.0005 0 0.8633 -0.0112 0.0609 0.0674 0.6842 0.991 -0.0135 0.1259 0.1551 1.613 0.7317 -0.0037 0.5295 0.6729 4.0857 0.075 0.075 0.3489 0 0
32 464 2279 0 0 0 0 0 1.0004 0 0.7407 0.0914 0.152 0.1738 0.8887 0.9925 -0.0567 0.145 0.1838 1.6668 0.723 0.0322 0.5636 0.7148 4.0574 0.0433 0.0433 0.344 0 0
32 465 2420 0 0 0 0 0 1.0006 0 0.7977 -0.0874 0.2092 0.2233 0.7615 0.9872 0.1103 0.1949 0.2597 2.4161 0.7031 -0.0087 0.5505 0.7012 4.0455 0.1291 0.1291 0.3057 0 0
32 466 2463 0 0 0 0 0 1.0003 0 0.8235 0.0821 0.0995 0.135 0.7261 0.982 0.0199 0.1466 0.2035 1.0909 0.7365 0.0349 0.5317 0.672 4.0431 -0.0305 0.0305 0.2959 0 0
32 467 2386 0 0 0 0 0 1.0004 0 0.714 -0.0428 0.1645 0.186 0.9239 0.9772 -0.2343 0.322 0.4528 4.8149 0.7052 -0.0706 0.5279 0.6876 4.0736 -0.1026 0.1026 0.3946 0 0
32 468 2440 0 0 0 0 0 1.0005 0 0.8929 0.0792 0.1452 0.1719 0.8428 0.9893 0.0947 0.1543 0.1828 1.4159 0.779 0.06 0.4836 0.6222 4.0326 -0.0706 0.0706 0.285 0 0
32 469 2360 0 0 0 0 0 1.0006 0 0.8006 0.0042 0.1025 0.1388 0.7322 0.9915 0.0101 0.1619 0.2025 1.7993 0.7576 -0.0339 0.5093 0.651 4.0355 -0.0406 0.0406 0.3132 0 0
32 470 2478 0 0 0 0 0 1.0003 0 0.8669 -0.0936 0.1499 0.2143 0.9387 0.9932 -0.1359 0.224 0.2896 2.8336 0.7421 0.0035 0.5262 0.6856 4.0386 0.0638 0.0638 0.2964 0 0
32 471 2443 0 0 0 0 0 1.0002 0 0.7689 0.059 0.1289 0.1496 0.7343 0.9884 0.0204 0.1138 0.1523 0.9192 0.7869 0.0327 0.4565 0.6044 4.0058 -0.0174 0.0174 0.2755 0 0
32 472 2460 0 0 0 0 0 1.0004 0 0.783 -0.0824 0.1156 0.1295 0.7436 0.9951 -0.0987 0.1767 0.2326 2.3459 0.695 -0.0619 0.5449 0.6871 4.0527 -0.0541 0.0541 0.3614 0 0
32 473 2369 0 0 0 0 0 1.0003 0 0.637 0.0242 0.0842 0.1186 0.7805 0.9931 -0.0918 0.1364 0.1711 1.9017 0.7379 -0.0112 0.5416 0.6956 4.0163 -0.0692 0.0692 0.34 0 0
32 474 2351 0 0 0 0 0 1.0002 0 0.9834 0.044 0.0919 0.1085 0.961 0.9944 -0.1787 0.182 0.2224 1.5443 0.7703 -0.0776 0.5006 0.6383 4.0575 -0.088 0.088 0.2982 0 0
32 475 2413 0 0 0 0 0 1.0008 0 0.7824 -0.0438 0.1439 0.1547 0.7501 0.9699 0.16 0.2509 0.4181 4.6223 0.6948 0.028 0.5608 0.7133 4.0364 0.1577 0.1577 0.3414 0 0
32 476 2392 0 0 0 0 0 1.0002 0 0.9235 0.0317 0.0738 0.0911 0.7369 0.9958 -0.0406 0.1091 0.1256 1.8705 0.7414 -0.0363 0.5536 0.7099 4.0521 0.0696 0.0696 0.3257 0 0
32 477 2356 0 0 0 0 0 1.0004 0 0.8613 2e-04 0.11 0.1298 0.8324 0.9873 -0.0349 0.1305 0.2011 1.8111 0.7377 -0.0131 0.5305 0.6845 4.0982 0.0478 0.0478 0.3413 0 0
32 478 2468 0 0 0 0 0 1.0006 0 0.9592 -0.0613 0.0937 0.1132 0.9165 0.9969 -0.0057 0.1102 0.127 1.4933 0.7721 -0.0353 0.4573 0.596 4.033 0.0594 0.0594 0.3301 0 0
32 479 2339 0 0 0 0 0 1.0003 0 0.4867 -0.0619 0.2467 0.302 1.0137 0.9692 0.0731 0.2636 0.3539 3.1566 0.7109 -0.0053 0.5665 0.7236 4.0304 -0.0639 0.0639 0.3703 0 0
32 480 2390 0 0 0 0 0 1.001 0 0.0828 -0.0948 0.1404 0.1637 0.6871 0.99 -0.135 0.2392 0.3241 3.9892 0.6436 0.0455 0.61 0.7581 4.2327 0.1885 0.1885 0.5169 0 0
32 481 2425 0 0 0 0 0 1.0003 0 0.5165 -0.0963 0.1605 0.1759 0.7952 0.9877 -0.0164 0.1698 0.2659 2.4175 0.6845 -0.0129 0.5789 0.7392 4.1047 -0.0703 0.0703 0.3554 0 0
32 482 2477 0 0 0 0 0 1.0002 0 0.5957 -0.0441 0.1254 0.1542 0.66 0.9931 0.0225 0.1369 0.1904 1.3812 0.7206 -0.0123 0.5187 0.6777 4.041 0.026 0.026 0.3023 0 0
32 483 2413 0 0 0 0 0 1.0003 0 0.8713 -0.0465 0.0801 0.0928 0.7672 0.987 0.0626 0.1561 0.1908 2.3205 0.7081 0.0374 0.5586 0.6965 4.0102 -0.1207 0.1207 0.3412 0 0
32 484 2424 0 0 0 0 0 1.0004 0 0.7443 -0.048 0.1795 0.2087 0.8074 0.9814 -0.0783 0.219 0.3046 3.1869 0.6946 -0.0584 0.598 0.7507 4.0176 -0.1138 0.1138 0.332 0 0
32 485 2336 0 0 0 0 0 1.0002 0 0.8572 -0.1668 0.1668 0.2145 0.7572 0.992 -0.1342 0.2259 0.3364 2.9147 0.7058 -0.0392 0.5341 0.6934 4.0153 0.1072 0.1072 0.3463 0 0
32 486 2425 0 0 0 0 0 1.0004 0 0.8632 -0.0979 0.1362 0.1865 0.7148 0.9819 -0.0072 0.2166 0.3055 3.0695 0.7746 0.0252 0.487 0.6518 4.0507 0.0117 0.0117 0.3015 0 0
32 487 2389 0 0 0 0 0 1.0003 0 0.9049 -0.1128 0.16 0.2386 0.7984 0.9941 -0.0319 0.1105 0.1561 2.187 0.7962 0.0592 0.4657 0.59 4.0795 -0.0405 0.0405 0.3044 0 0
32 488 2280 0 0 0 0 0 1.0005 0 0.8638 -0.0372 0.1153 0.1223 0.7797 0.9921 0.0728 0.1659 0.2202 3.0713 0.7062 0.0092 0.5409 0.6957 4.0504 0.0093 0.0093 0.3522 0 0
32 489 2356 0 0 0 0 0 1.0002 0 0.9509 -0.0738 0.0738 0.0976 0.8802 0.9992 -0.0515 0.0902 0.0996 2.3162 0.7549 -0.0343 0.5206 0.6825 4.0585 -0.0113 0.0113 0.334 0 0
32 490 2384 0 0 0 0 0 1.0004 0 0.8356 0.0263 0.1392 0.1547 0.7204 0.9831 -0.0099 0.155 0.2192 3.0491 0.7398 -0.0124 0.5443 0.6824 4.0597 0.0585 0.0585 0.3179 0 0
32 491 2403 0 0 0 0 0 1.0001 0 0.8199 0.1203 0.1625 0.1865 0.8845 0.9818 0.024 0.2136 0.2706 2.1537 0.7608 0.0552 0.5444 0.6975 4.0847 -0.0655 0.0655 0.3028 0 0
32 492 2342 0 0 0 0 0 1.0004 0 0.8494 -0.0862 0.125 0.1551 0.8126 0.9935 0.1288 0.1858 0.2634 3.5612 0.7053 0.0641 0.5267 0.6687 4.0362 0.0605 0.0605 0.3403 0 0
32 493 2354 0 0 0 0 0 1.001 0 0.4876 -0.0154 0.1803 0.2321 0.8177 0.946 0.0653 0.344 0.5773 4.9173 0.6951 -0.027 0.5643 0.715 4.1076 -0.0423 0.0423 0.3841 0 0
32 494 2347 0 0 0 0 0 1.0007 0 0.8244 -0.0521 0.1302 0.1863 0.8203 0.988 -0.0545 0.172 0.2361 2.198 0.6805 -0.0282 0.5629 0.7306 4.0108 -0.0092 0.0092 0.328 0 0
32 495 2435 0 0 0 0 0 1.0002 0 0.8602 -0.0144 0.0637 0.0894 0.7168 0.9935 -0.0299 0.1218 0.1556 1.4838 0.6983 -0.0255 0.5297 0.6938 4.0095 0.0165 0.0165 0.3552 0 0
32 496 2440 0 0 0 0 0 1.0003 0 0.6942 -0.0707 0.1633 0.1818 0.7264 0.9958 -0.0171 0.0787 0.1096 1.4276 0.7885 0.0138 0.4754 0.6178 4.0565 -0.0788 0.0788 0.2725 0 0
32 497 2366 0 0 0 0 0 1.0003 0 0.8613 0.0822 0.1139 0.1348 0.8673 0.9946 0.0768 0.1377 0.1783 1.426 0.7527 -0.0037 0.5264 0.6807 4.0369 -0.0684 0.0684 0.3384 0 0
32 498 2489 0 0 0 0 0 1.0006 0 0.7379 0.0376 0.1267 0.161 0.7365 0.9893 -0.0038 0.1613 0.2081 1.5824 0.7082 -0.0063 0.5453 0.6893 4.0854 -0.0454 0.0454 0.3313 0 0
32 499 2453 0 0 0 0 0 1.0007 0 0.7143 -0.0589 0.1128 0.1446 0.8157 0.9812 -0.1628 0.2111 0.2667 1.6379 0.7081 -0.0904 0.556 0.7077 4.0187 -0.0813 0.0813 0.364 0 0
32 500 2450 0 0 0 0 0 1.0008 0 0.9852 -0.0198 0.0348 0.0438 0.71 0.9937 0.069 0.1397 0.1767 3.2053 0.7362 0.0422 0.5083 0.6436 4.1934 -0.0017 0.0017 0.3557 0 0
