cond r run.time ndiv nbfmi ntree nbulk ntail maxRhat nRhat alpha.cor alpha.bias alpha.abbias alpha.rmse alpha.CI beta.cor beta.bias beta.abbias beta.rmse beta.CI theta.cor theta.bias theta.abbias theta.rmse theta.CI lambda.bias lambda.abbias lambda.CI corrupt efficiency
15 1 1994 0 0 0 0 0 1.0005 0 0.8534 -0.1662 0.2084 0.2514 0.8187 0.9847 0.1504 0.3593 0.488 4.4476 0.8076 -0.09 0.4411 0.5678 2.819 -0.051 0.051 0.3142 0 0
15 2 1975 0 0 0 0 0 1.0002 0 0.8418 0.0756 0.1243 0.1453 0.8774 0.9831 -0.1398 0.2064 0.2389 1.881 0.7747 -0.0891 0.5079 0.6478 2.8669 -0.075 0.075 0.318 0 0
15 3 1989 0 0 0 0 0 1.0005 0 0.8069 0.0529 0.1885 0.2269 0.9876 0.9889 -0.0225 0.1285 0.1578 1.5373 0.8475 -0.0447 0.4275 0.5355 2.6104 -0.0608 0.0608 0.297 0 0
15 4 1979 0 0 0 0 0 1.0006 0 0.9685 0.0173 0.0824 0.0914 0.8718 0.9796 0.0207 0.1906 0.2506 2.2719 0.7921 0.0657 0.5232 0.6453 2.9348 -0.0445 0.0445 0.3166 0 0
15 5 2016 0 0 0 0 0 1.0005 0 0.2714 0.0238 0.184 0.2135 0.7481 0.987 -0.3052 0.329 0.3938 2.4852 0.8383 -0.0603 0.4355 0.5506 2.8109 0.0376 0.0376 0.2841 0 0
15 6 1991 0 0 0 0 0 1.0007 0 0.7328 -0.1005 0.1238 0.1527 0.8708 0.9774 0.0339 0.2493 0.392 3.8818 0.7662 -0.0263 0.511 0.6343 3.0882 0.0091 0.0091 0.3616 0 0
15 7 2009 0 0 0 0 0 1.0003 0 0.9293 0.0117 0.1116 0.1245 0.805 0.99 -0.0025 0.1043 0.1622 2.7238 0.8265 -0.0476 0.4572 0.5727 2.7215 -0.0444 0.0444 0.2889 0 0
15 8 1992 0 0 0 0 0 1.0002 0 0.9427 -0.0579 0.1011 0.1274 0.8929 0.9935 0.0011 0.1469 0.1859 3.4564 0.8017 -0.0499 0.509 0.6256 2.9701 0.0391 0.0391 0.3176 0 0
15 9 2000 0 0 0 0 0 1.0003 0 0.4759 -0.0305 0.1483 0.1735 0.741 0.9915 0.0512 0.1462 0.2179 2.4063 0.8037 0.0337 0.4961 0.6181 2.9342 0.089 0.089 0.3095 0 0
15 10 1999 0 0 0 0 0 1.0005 0 -0.0194 0.0545 0.169 0.1907 0.7439 0.9829 0.018 0.1612 0.2065 2.3983 0.7832 0.0154 0.5433 0.7024 3.0529 0.1248 0.1248 0.3231 0 0
15 11 2011 0 0 0 0 0 1.0007 0 0.4475 0.0521 0.19 0.211 0.8207 0.9605 0.0323 0.241 0.3349 2.0112 0.7942 0.0752 0.5415 0.6662 2.745 -0.0842 0.0842 0.315 0 0
15 12 1980 0 0 0 0 0 1.0004 0 0.7086 -0.0144 0.2625 0.3554 0.7749 0.9713 -0.1128 0.2084 0.3267 1.4398 0.8383 -0.0219 0.4436 0.5505 2.6158 -0.2114 0.2114 0.3048 0 0
15 13 1968 0 0 0 0 0 1.0002 0 0.9002 0.0288 0.1451 0.1737 0.9518 0.9899 -0.1123 0.2124 0.3536 5.2674 0.7997 0.0277 0.4789 0.5985 2.7893 -0.0771 0.0771 0.3277 0 0
15 14 2001 0 0 0 0 0 1.0002 0 0.9559 -0.03 0.0806 0.105 0.8373 0.9913 0.0607 0.1494 0.1795 2.7771 0.8279 -0.016 0.4749 0.5983 2.8039 0.0068 0.0068 0.2981 0 0
15 15 1999 0 0 0 0 0 1.0004 0 0.9707 -0.0096 0.0509 0.0643 0.8919 0.9878 -0.1038 0.1556 0.2138 1.8028 0.8208 -0.0549 0.5152 0.6378 2.8479 -0.0126 0.0126 0.3186 0 0
15 16 2006 0 0 0 0 0 1.0004 0 0.6146 0.027 0.184 0.2303 1.1168 0.9873 -0.0233 0.1981 0.2326 2.7115 0.7606 0.0304 0.52 0.6767 2.9737 -0.017 0.017 0.3384 0 0
15 17 2003 0 0 0 0 0 1.0003 0 0.9512 0.0564 0.0994 0.1214 0.8466 0.993 0.077 0.1087 0.1595 1.9379 0.8545 -0.0074 0.4422 0.5634 2.6931 0.0675 0.0675 0.2875 0 0
15 18 1971 0 0 0 0 0 1.0005 0 0.9202 -0.0157 0.0636 0.0759 0.8323 0.9817 0.166 0.2422 0.3238 4.0476 0.748 0.0333 0.5396 0.6803 2.9649 -0.0556 0.0556 0.3375 0 0
15 19 1973 0 0 0 0 0 1.0005 0 0.8624 -0.1949 0.2051 0.2802 0.9297 0.9841 0.1853 0.3883 0.5795 7.6815 0.7723 -0.1305 0.5103 0.6371 3.0028 -0.1286 0.1286 0.3395 0 0
15 20 2031 0 0 0 0 0 1.0002 0 0.8943 0.0136 0.0854 0.098 0.8517 0.9909 0.1142 0.1872 0.225 2.0522 0.8441 0.0944 0.4637 0.5824 2.8164 -0.0334 0.0334 0.307 0 0
15 21 1997 0 0 0 0 0 1.0002 0 0.3658 -0.2461 0.2461 0.3085 0.8383 0.9959 0.0023 0.2604 0.3606 2.986 0.833 -0.0338 0.4395 0.5477 2.9985 0.0107 0.0107 0.328 0 0
15 22 2052 0 0 0 0 0 1.0004 0 0.8772 0.085 0.1701 0.2559 1.094 0.9887 0.0332 0.1321 0.1649 1.7189 0.8354 0.0301 0.4492 0.5667 2.5976 0.101 0.101 0.2698 0 0
15 23 2098 0 0 0 0 0 1.0002 0 0.4582 -0.0122 0.1964 0.2278 0.7887 0.9902 0.2714 0.2776 0.3878 2.6567 0.8225 0.0291 0.4487 0.5669 2.8083 0.0715 0.0715 0.3212 0 0
15 24 1978 0 0 0 0 0 1.0003 0 0.9123 1e-04 0.1139 0.1517 1.0166 0.9887 -0.1703 0.2087 0.2463 1.6791 0.823 -0.1306 0.5006 0.6323 2.8273 -0.0134 0.0134 0.3256 0 0
15 25 2006 0 0 0 0 0 1.0007 0 0.9456 0.0452 0.1105 0.1372 0.8646 0.9962 -0.1031 0.1335 0.1776 1.5304 0.8635 -0.1451 0.4712 0.6099 2.7183 0.0258 0.0258 0.2933 0 0
15 26 1967 0 0 0 0 0 1.0002 0 0.546 0.0875 0.1606 0.2028 0.9851 0.9831 -0.1464 0.2167 0.2925 2.0789 0.7617 -0.1238 0.544 0.6826 2.8695 -0.1677 0.1677 0.33 0 0
15 27 1996 0 0 0 0 0 1.0005 0 0.6556 -0.0648 0.1645 0.2584 0.8586 0.9926 -0.055 0.1231 0.1689 1.5001 0.8206 -0.0109 0.4652 0.5898 2.743 -0.1204 0.1204 0.3121 0 0
15 28 2019 0 0 0 0 0 1.0003 0 -0.0912 -0.0555 0.1673 0.1926 0.6887 0.9798 0.0577 0.1838 0.24 1.9065 0.7629 0.0547 0.5337 0.6738 3.0143 0.1108 0.1108 0.3335 0 0
15 29 2027 0 0 0 0 0 1.0003 0 0.8504 0.0085 0.1433 0.1824 1.0089 0.9911 -0.1107 0.1779 0.2209 2.8412 0.7665 -0.15 0.5428 0.6784 2.8754 -0.0705 0.0705 0.3242 0 0
15 30 2003 0 0 0 0 0 1.0005 0 0.937 -0.0356 0.094 0.1 0.8423 0.985 0.1398 0.2565 0.308 3.2962 0.7987 0.1492 0.5124 0.6498 3.1139 0.0152 0.0152 0.3442 0 0
15 31 2018 0 0 0 0 0 1.0003 0 0.7222 -0.1146 0.1709 0.1916 0.7999 0.9889 -0.0155 0.2259 0.3317 3.0745 0.8054 -0.033 0.474 0.6182 2.8294 0.0518 0.0518 0.2997 0 0
15 32 1986 0 0 0 0 0 1.001 0 0.7705 -0.0398 0.1223 0.1329 0.8305 0.9888 0.0399 0.1854 0.2583 2.6916 0.7593 -0.0389 0.5101 0.6517 2.966 -0.0191 0.0191 0.3468 0 0
15 33 2018 0 0 0 0 0 1.0002 0 0.6583 -0.0624 0.1297 0.1896 0.9012 0.982 0.0933 0.2084 0.2858 2.6169 0.7655 0.1243 0.5437 0.6678 3.0187 0.0811 0.0811 0.3455 0 0
15 34 2027 0 0 0 0 0 1.0003 0 0.9384 -0.0268 0.0731 0.086 0.7553 0.9941 0.0255 0.1323 0.1611 2.3416 0.8418 0.0711 0.4764 0.6002 2.7573 -0.0714 0.0714 0.3342 0 0
15 35 2009 0 0 0 0 0 1.0003 0 0.7892 -0.0294 0.1781 0.2377 0.8284 0.9632 0.2234 0.3119 0.6028 5.7246 0.8116 0.0471 0.4938 0.6209 2.9326 0.0855 0.0855 0.3087 0 0
15 36 2006 0 0 0 0 0 1.0005 0 0.6941 0.1481 0.1681 0.1925 0.7465 0.9944 0.1663 0.2171 0.2722 1.4673 0.8448 0.0773 0.5129 0.646 2.7065 -0.0831 0.0831 0.3197 0 0
15 37 2029 0 0 0 0 0 1.0006 0 0.708 -0.0568 0.1176 0.1322 0.7328 0.9907 -0.05 0.1445 0.1681 2.3686 0.8125 -0.1136 0.4978 0.6243 2.933 -0.0829 0.0829 0.3676 0 0
15 38 2006 0 0 0 0 0 1.0003 0 0.4832 0.0134 0.2164 0.2345 0.8679 0.9883 -0.0476 0.1707 0.2124 2.1746 0.7974 0.0246 0.4887 0.6114 2.8585 0.0268 0.0268 0.3061 0 0
15 39 2015 0 0 0 0 0 1.0006 0 0.8124 -0.2022 0.2108 0.2573 0.7881 0.9909 -0.0419 0.2831 0.3912 3.9182 0.8032 0.1389 0.4818 0.6178 3.1072 -0.0322 0.0322 0.381 0 0
15 40 1993 0 0 0 0 0 1.0002 0 0.7725 0.0268 0.0857 0.114 0.7425 0.9942 -0.1291 0.1477 0.1951 1.7779 0.8354 -0.0739 0.4722 0.5975 2.8469 -0.0804 0.0804 0.3094 0 0
15 41 1961 0 0 0 0 0 1.0006 0 0.8917 -0.0923 0.1035 0.1315 0.7969 0.9927 0.1204 0.2077 0.2798 3.8692 0.7665 0.0862 0.503 0.6285 2.9589 -0.0964 0.0964 0.349 0 0
15 42 2002 0 0 0 0 0 1.0008 0 0.6328 -0.0034 0.2048 0.2299 0.9034 0.9806 -0.0345 0.184 0.2324 1.7194 0.8577 -0.0321 0.4208 0.5302 2.678 -0.0229 0.0229 0.2868 0 0
15 43 2017 0 0 0 0 0 1.0007 0 0.9552 -0.055 0.091 0.11 1.0244 0.9944 0.0949 0.1848 0.2386 3.0486 0.7537 0.0372 0.538 0.6617 2.8649 -0.0801 0.0801 0.3361 0 0
15 44 2003 0 0 0 0 0 1.0002 0 0.9764 -0.0384 0.0685 0.0763 0.8214 0.9939 -0.0742 0.1483 0.1672 2.1254 0.7987 -0.0083 0.4951 0.6102 2.8928 -0.0293 0.0293 0.3187 0 0
15 45 2011 0 0 0 0 0 1.0002 0 0.8822 0.0446 0.0929 0.1233 0.8239 0.992 -0.0787 0.1119 0.1471 1.1249 0.8486 -0.0293 0.4196 0.5307 2.7433 0.0248 0.0248 0.2842 0 0
15 46 2002 0 0 0 0 0 1.0002 0 0.5434 -0.0488 0.2198 0.2393 0.9399 0.9823 -0.0399 0.2597 0.359 3.3854 0.7636 -0.1012 0.5363 0.6809 3.0118 -0.0775 0.0775 0.3806 0 0
15 47 1996 0 0 0 0 0 1.0003 0 0.665 0.0596 0.2097 0.2647 1.0068 0.9774 -0.1321 0.2148 0.2932 1.5825 0.8484 -0.0487 0.4475 0.5675 2.6817 -0.0164 0.0164 0.2932 0 0
15 48 1990 0 0 0 0 0 1.0003 0 0.9818 -0.0371 0.0804 0.0945 1.0392 0.9893 0.0575 0.1563 0.2354 2.6776 0.8188 -0.022 0.4875 0.5943 2.796 0.0066 0.0066 0.3085 0 0
15 49 2034 0 0 0 0 0 1.001 0 0.9304 0.0034 0.1005 0.1372 1.0183 0.9859 -0.0336 0.1792 0.2212 1.6875 0.8372 -0.0155 0.4612 0.5685 2.9087 0.0627 0.0627 0.2911 0 0
15 50 2014 0 0 0 0 0 1.0002 0 0.8886 -0.109 0.1267 0.1456 0.838 0.9873 -0.0106 0.2025 0.2563 2.7815 0.77 0.051 0.5008 0.6436 2.9935 0.1143 0.1143 0.3486 0 0
15 51 1983 0 0 0 0 0 1.0003 0 0.7915 -0.0537 0.1316 0.1389 0.7621 0.9836 -0.1343 0.2124 0.3015 4.7551 0.7669 -0.01 0.5382 0.6792 3.2608 0.1112 0.1112 0.3767 0 0
15 52 2014 0 0 0 0 0 1.0004 0 0.8651 -0.0841 0.1943 0.2077 0.8607 0.9726 0.038 0.2621 0.4692 4.5307 0.8338 -0.0615 0.4511 0.573 2.7742 -0.0113 0.0113 0.3113 0 0
15 53 1972 0 0 0 0 0 1.0002 0 0.7784 0.0547 0.2022 0.2306 1.0222 0.9858 0.1858 0.2358 0.3111 2.4589 0.763 0.0752 0.5276 0.6741 2.962 0.0673 0.0673 0.3198 0 0
15 54 1965 0 0 0 0 0 1.0006 0 0.6931 0.0083 0.1812 0.2543 1.0707 0.9912 0.2469 0.2601 0.3146 1.8399 0.8267 0.1094 0.497 0.623 2.9603 0.0409 0.0409 0.3076 0 0
15 55 1946 0 0 0 0 0 1.0014 0 0.8304 0.0478 0.1359 0.1735 0.9141 0.9109 0.0051 0.3709 0.5623 7.4506 0.7878 0.0933 0.5072 0.6541 3.2003 0.0803 0.0803 0.3707 0 0
15 56 2017 0 0 0 0 0 1.0002 0 0.9928 0.0566 0.0791 0.0898 0.994 0.9964 0.0582 0.0971 0.1378 1.9529 0.8482 0.0118 0.4267 0.5293 2.6314 -0.0123 0.0123 0.299 0 0
15 57 2018 0 0 0 0 0 1.0005 0 0.1504 -0.1054 0.1884 0.2401 0.7362 0.9878 -0.0124 0.1838 0.2409 1.9233 0.8202 0.0314 0.4596 0.5908 2.7686 0.0556 0.0556 0.296 0 0
15 58 2007 0 0 0 0 0 1.0005 0 0.7594 -0.1741 0.1741 0.2221 0.765 0.9836 -0.0837 0.2957 0.421 3.2613 0.7608 0.0739 0.5126 0.6396 3.0228 0.0805 0.0805 0.3311 0 0
15 59 1984 0 0 0 0 0 1.0003 0 0.8181 0.1075 0.1197 0.1508 0.8622 0.9942 0.0409 0.1589 0.2067 2.1622 0.8278 5e-04 0.526 0.6587 2.7962 -0.1176 0.1176 0.3134 0 0
15 60 2014 0 0 0 0 0 1.0003 0 0.5307 0.0156 0.1728 0.1945 0.8188 0.9894 0.0449 0.1654 0.2026 2.3468 0.7373 0.0801 0.5177 0.6579 2.7777 -0.135 0.135 0.3371 0 0
15 61 2059 0 0 0 0 0 1.0002 0 0.8994 -0.012 0.103 0.1114 0.8477 0.9935 -0.1425 0.1475 0.1982 1.5479 0.8288 -0.0237 0.4598 0.5806 2.8735 0.0776 0.0776 0.3036 0 0
15 62 1991 0 0 0 0 0 1.0003 0 0.8669 0.094 0.1082 0.1351 0.748 0.9872 0.0253 0.1682 0.1973 1.7941 0.7814 0.0815 0.5422 0.6892 2.7716 0.0051 0.0051 0.2927 0 0
15 63 1988 0 0 0 0 0 1.0007 0 0.1687 -0.0611 0.2008 0.2223 0.8295 0.9905 -0.1227 0.2096 0.2562 2.5618 0.7995 -0.2039 0.5113 0.6275 2.8211 -0.0919 0.0919 0.3179 0 0
15 64 1960 0 0 0 0 0 1.0001 0 0.8322 -0.0517 0.1219 0.1424 0.9582 0.991 -0.0354 0.1475 0.194 2.3752 0.7867 -0.0529 0.4921 0.6416 2.8934 -0.1318 0.1318 0.3559 0 0
15 65 2022 0 0 0 0 0 1.0009 0 0.4521 -0.0339 0.1186 0.1582 0.7212 0.9933 -0.1372 0.176 0.2035 1.6971 0.7962 -0.1177 0.4757 0.5991 2.7909 -0.1123 0.1123 0.3132 0 0
15 66 1988 0 0 0 0 0 1.0007 0 0.9825 0.0731 0.1322 0.1515 1.1155 0.9896 -0.1317 0.1532 0.1931 2.0864 0.8112 -0.0609 0.4772 0.6016 2.8294 -0.0246 0.0246 0.31 0 0
15 67 1995 0 0 0 0 0 1.0002 0 0.7869 -0.0645 0.1469 0.1769 0.8992 0.9881 -0.1053 0.2027 0.2438 2.2031 0.7987 -0.0755 0.4746 0.5935 2.8219 -0.0672 0.0672 0.3335 0 0
15 68 2004 0 0 0 0 0 1.0004 0 0.8621 -0.0547 0.2076 0.2376 1.2206 0.9688 -0.1768 0.2592 0.4084 2.9719 0.8081 -0.0623 0.46 0.5807 2.7865 0.0173 0.0173 0.301 0 0
15 69 2067 0 0 0 0 0 1.0003 0 0.7185 0.0161 0.1016 0.1137 0.7822 0.9919 -0.0148 0.12 0.1391 1.6155 0.7855 -0.0245 0.5127 0.6405 2.8666 0.0602 0.0602 0.2967 0 0
15 70 1967 0 0 0 0 0 1.0006 0 0.6493 0.0391 0.2198 0.3194 1.2843 0.9534 -0.0328 0.3492 0.4101 4.1358 0.7322 -0.0828 0.5433 0.6739 2.9971 -0.1157 0.1157 0.354 0 0
15 71 1841 0 0 0 0 0 1.0005 0 0.787 -0.048 0.201 0.236 1.0227 0.9632 0.121 0.285 0.426 5.0647 0.7093 0.0496 0.5437 0.6914 3.0023 -0.0272 0.0272 0.363 0 0
15 72 1975 0 0 0 0 0 1.0004 0 0.7631 -0.08 0.2227 0.2701 1.2643 0.9827 -0.1001 0.4043 0.5552 5.3483 0.7156 0.0237 0.5593 0.7126 3.1082 0.0798 0.0798 0.3357 0 0
15 73 1989 0 0 0 0 0 1.0005 0 0.9594 -0.0917 0.0917 0.1229 0.8508 0.9871 -0.0082 0.1579 0.2112 1.8379 0.8333 0.0399 0.4397 0.56 2.9426 0.0562 0.0562 0.316 0 0
15 74 1974 0 0 0 0 0 1.0008 0 0.8974 0.0188 0.1884 0.271 1.3531 0.9907 -0.0367 0.2183 0.3017 4.4105 0.7561 -0.0307 0.5241 0.6699 2.9407 -0.0086 0.0086 0.3216 0 0
15 75 1968 0 0 0 0 0 1.0006 0 0.2651 0.2225 0.2356 0.3333 0.9738 0.9888 0.0235 0.1461 0.2118 1.7187 0.8068 0.0187 0.5464 0.6748 2.8613 0.0471 0.0471 0.3036 0 0
15 76 1985 0 0 0 0 0 1.0008 0 0.8371 -0.0859 0.1164 0.151 0.828 0.9688 0.0927 0.1983 0.3385 4.4436 0.762 -0.0348 0.4986 0.6327 3.0033 -0.0429 0.0429 0.3797 0 0
15 77 2016 0 0 0 0 0 1.0003 0 0.9632 -0.1389 0.1389 0.1709 1.0792 0.9814 0.1061 0.219 0.2962 2.8097 0.8188 0.0678 0.4684 0.5975 2.9645 0.1382 0.1382 0.3295 0 0
15 78 1967 0 0 0 0 0 1.0004 0 0.9156 -0.281 0.281 0.3064 0.9966 0.9866 0.2161 0.4017 0.6048 5.5229 0.7842 0.0423 0.5088 0.6281 3.1263 0.0601 0.0601 0.3681 0 0
15 79 1990 0 0 0 0 0 1.0003 0 0.5797 -0.0354 0.1481 0.1705 0.916 0.992 0.0731 0.1436 0.2125 2.0647 0.7932 0.0059 0.4723 0.5961 2.9153 0.0244 0.0244 0.3365 0 0
15 80 1996 0 0 0 0 0 1.0003 0 0.5078 0.0628 0.2148 0.2272 0.9262 0.9918 0.0346 0.1352 0.1721 2.0854 0.8281 -0.0114 0.4706 0.5999 2.756 -0.0255 0.0255 0.3033 0 0
15 81 2019 0 0 0 0 0 1.0003 0 0.656 -0.0875 0.1883 0.2217 0.9469 0.9866 -0.1663 0.3292 0.4641 4.6321 0.7957 0.1201 0.4707 0.5992 3.0137 0.0645 0.0645 0.3404 0 0
15 82 2035 0 0 0 0 0 1.0002 0 0.1597 -0.1318 0.2159 0.291 0.7545 0.9901 0.2307 0.267 0.4341 4.7225 0.7733 0.0957 0.5374 0.6671 3.0346 0.0211 0.0211 0.3248 0 0
15 83 1977 0 0 0 0 0 1.0002 0 0.3481 0.0178 0.2089 0.2545 0.9714 0.9909 -0.0698 0.1709 0.2285 3.0484 0.8071 0.0918 0.5188 0.6447 2.8375 -0.0561 0.0561 0.3194 0 0
15 84 1963 0 0 0 0 0 1.0003 0 0.8593 0.0027 0.0776 0.0988 0.8374 0.9948 0.0055 0.104 0.1185 1.906 0.8581 0.0062 0.4112 0.5214 2.7555 0.003 0.003 0.3074 0 0
15 85 2010 0 0 0 0 0 1.0003 0 0.9178 -0.1112 0.158 0.2105 1.1323 0.9719 0.0047 0.2335 0.4392 3.4078 0.8512 0.0407 0.4144 0.5253 2.8016 0.0064 0.0064 0.293 0 0
15 86 2005 0 0 0 0 0 1.0004 0 0.9055 -0.032 0.0922 0.1166 0.7853 0.9946 0.1909 0.2168 0.2606 3.1784 0.7693 0.1228 0.5563 0.6961 2.9505 0.1499 0.1499 0.2996 0 0
15 87 1963 0 0 0 0 0 1.0004 0 0.8597 0.1575 0.1822 0.2192 0.8459 0.9882 -0.1194 0.2047 0.2412 2.3645 0.8299 -0.1111 0.4911 0.6097 2.7418 -0.0851 0.0851 0.3054 0 0
15 88 1977 0 0 0 0 0 1.0003 0 0.9358 0.0111 0.1012 0.1168 0.805 0.9835 -0.0434 0.1781 0.2157 3.0155 0.7988 -0.1207 0.498 0.6431 3.1332 0.0993 0.0993 0.3318 0 0
15 89 1974 0 0 0 0 0 1.0009 0 0.5093 -0.0938 0.1452 0.1676 0.7993 0.9805 0.0791 0.1871 0.2703 2.5068 0.7884 0.0693 0.4869 0.608 3.0824 -0.193 0.193 0.3995 0 0
15 90 2016 0 0 0 0 0 1.0004 0 0.5807 -0.0601 0.2065 0.2427 0.8603 0.9758 0.0393 0.208 0.2639 2.9531 0.7808 0.0075 0.4834 0.6162 2.968 -0.0305 0.0305 0.3531 0 0
15 91 2040 0 0 0 0 0 1.0002 0 0.9132 0.0057 0.0705 0.0778 0.8148 0.9912 -0.0139 0.1668 0.2058 2.3128 0.7558 -0.1 0.4815 0.611 2.8425 -0.05 0.05 0.3345 0 0
15 92 2104 0 0 0 0 0 1.0002 0 0.4998 -0.1077 0.1788 0.2334 0.8004 0.9782 0.0804 0.2394 0.3584 3.7463 0.7923 0.1145 0.5141 0.6328 3.1515 -0.0654 0.0654 0.3582 0 0
15 93 1993 0 0 0 0 0 1.0003 0 0.4162 -0.1368 0.1712 0.1967 0.8129 0.9866 0.0306 0.2496 0.3594 3.3986 0.8062 -6e-04 0.4577 0.5767 2.8532 0.0866 0.0866 0.3086 0 0
15 94 2001 0 0 0 0 0 1.0002 0 0.5737 -0.1029 0.236 0.3166 0.8416 0.9915 -0.0303 0.2199 0.3178 2.3774 0.8339 -0.0395 0.4522 0.5769 2.8418 0.0605 0.0605 0.2997 0 0
15 95 2026 0 0 0 0 0 1.0006 0 0.8555 -0.0128 0.2338 0.309 1.4411 0.9891 -0.1812 0.238 0.4008 5.0961 0.8142 -0.059 0.4916 0.6153 2.9578 0.103 0.103 0.2936 0 0
15 96 1987 0 0 0 0 0 1.0002 0 0.6304 -0.0673 0.2606 0.2758 1.2129 0.9724 -0.0414 0.3383 0.4329 3.207 0.7581 3e-04 0.5341 0.6717 2.9299 -0.0826 0.0826 0.3496 0 0
15 97 1985 0 0 0 0 0 1.0005 0 0.5175 0.0652 0.1436 0.1914 0.8089 0.9899 -0.0407 0.1409 0.1796 2.4802 0.7856 0.0032 0.5075 0.6383 2.8403 0.0227 0.0227 0.331 0 0
15 98 1989 0 0 0 0 0 1.0002 0 0.9265 -0.0449 0.0912 0.1139 0.8929 0.9931 -0.1112 0.1514 0.1996 1.826 0.8126 -0.1803 0.5117 0.6364 2.9441 0.0381 0.0381 0.334 0 0
15 99 2029 0 0 0 0 0 1.0001 0 0.923 0.0933 0.0988 0.1341 0.9019 0.9832 0.0167 0.1934 0.2689 2.226 0.8243 -0.0455 0.5012 0.6254 2.7371 -0.1163 0.1163 0.3026 0 0
15 100 1997 0 0 0 0 0 1.0008 0 0.6503 -0.0725 0.1581 0.186 1.1391 0.9768 -0.3241 0.4345 0.5401 4.8138 0.6734 -0.1663 0.5658 0.7141 3.3216 -0.1935 0.1935 0.4602 0 0
15 101 1976 0 0 0 0 0 1.0002 0 0.8304 0.0202 0.087 0.1158 0.8013 0.9949 -0.1513 0.1924 0.2655 2.3351 0.8434 -0.049 0.4797 0.601 2.7717 -0.0227 0.0227 0.3081 0 0
15 102 1979 0 0 0 0 0 1.0003 0 -0.0068 0.0868 0.1695 0.1853 0.7926 0.9914 0.1282 0.1896 0.228 2.3094 0.7858 0.0819 0.5264 0.6769 2.8737 -0.1136 0.1136 0.3408 0 0
15 103 1995 0 0 0 0 0 1.0003 0 0.5535 -0.0524 0.1139 0.1324 0.7118 0.9923 0.1522 0.2179 0.2543 2.8016 0.7519 0.0577 0.5107 0.6591 3.0809 0.0049 0.0049 0.3243 0 0
15 104 1992 0 0 0 0 0 1.0006 0 0.771 -0.1559 0.1745 0.2054 0.8558 0.9929 -0.0778 0.1884 0.2595 2.9662 0.8171 0.048 0.4562 0.5791 3.0621 -0.0073 0.0073 0.3404 0 0
15 105 1993 0 0 0 0 0 1.0004 0 0.8822 -0.0045 0.1183 0.1374 0.86 0.9865 -0.0657 0.1165 0.1977 1.8476 0.7894 -0.0666 0.5148 0.6591 2.9 0.0449 0.0449 0.3169 0 0
15 106 1973 0 0 0 0 0 1.0002 0 -0.023 0.0059 0.2473 0.2716 0.9614 0.9838 0.0501 0.236 0.2918 2.8215 0.7954 0.1073 0.512 0.6428 2.9609 0.0945 0.0945 0.3284 0 0
15 107 2019 0 0 0 0 0 1.0002 0 0.8644 -0.0167 0.1349 0.1576 0.9144 0.9911 -0.0978 0.1396 0.1786 1.6247 0.8436 -0.1238 0.4802 0.5904 2.7684 0.0685 0.0685 0.2787 0 0
15 108 2010 0 0 0 0 0 1.0004 0 0.9432 -0.0576 0.1101 0.1319 0.9198 0.9897 -0.1971 0.23 0.3771 4.6927 0.8094 -0.0458 0.4972 0.6257 3.0581 0.0836 0.0836 0.3264 0 0
15 109 2022 0 0 0 0 0 1.0003 0 -0.0954 -0.0995 0.2131 0.248 0.7574 0.9888 -0.0442 0.1772 0.2462 1.7481 0.8278 -0.0117 0.4558 0.5684 2.7375 -0.0601 0.0601 0.3213 0 0
15 110 1972 0 0 0 0 0 1.0003 0 0.9087 -0.0929 0.1103 0.1299 0.898 0.9554 -0.3236 0.3775 0.8559 12.5184 0.7711 -0.0094 0.5047 0.6295 3.1521 0.0333 0.0333 0.4002 0 0
15 111 1998 0 0 0 0 0 1.0003 0 0.7716 -0.0345 0.1421 0.1552 0.9053 0.99 -0.1979 0.293 0.4705 6.5149 0.8103 -0.0385 0.4931 0.6333 2.9095 0.1336 0.1336 0.333 0 0
15 112 2018 0 0 0 0 0 1.0006 0 0.9722 -0.055 0.0592 0.0773 0.8363 0.9948 -1e-04 0.1166 0.1405 1.8637 0.8208 0.0022 0.4555 0.5748 2.7428 -0.1188 0.1188 0.3355 0 0
15 113 2011 0 0 0 0 0 1.0005 0 0.9509 0.0968 0.0968 0.1338 0.7939 0.9851 -0.2047 0.2628 0.3414 1.2458 0.8416 -0.0927 0.4472 0.5672 2.7404 -0.0125 0.0125 0.2919 0 0
15 114 2002 0 0 0 0 0 1.0003 0 0.677 -0.0215 0.1342 0.1454 0.8171 0.9808 0.0908 0.2528 0.3131 2.9911 0.7457 0.05 0.5291 0.6703 3.0331 0.0917 0.0917 0.335 0 0
15 115 2083 0 0 0 0 0 1.0007 0 0.9439 0.0724 0.1225 0.1544 0.8821 0.9817 -0.0076 0.1786 0.2353 2.1798 0.8459 0.0554 0.4334 0.5454 2.7349 0.0234 0.0234 0.2859 0 0
15 116 2002 0 0 0 0 0 1.0008 0 0.8632 0.052 0.0815 0.0891 0.7333 0.993 0.0337 0.1364 0.1604 1.3636 0.8629 0.0368 0.4454 0.558 2.6221 0.0213 0.0213 0.2875 0 0
15 117 1977 0 0 0 0 0 1.0003 0 0.965 -0.0572 0.0994 0.1096 0.8936 0.9957 0.0985 0.1645 0.1894 2.894 0.781 0.0946 0.5172 0.643 2.9742 -0.058 0.058 0.3516 0 0
15 118 2003 0 0 0 0 0 1.0004 0 0.8148 -0.042 0.1348 0.1512 0.794 0.9958 0.0377 0.1243 0.1504 2.5226 0.8243 0.0534 0.4689 0.5885 2.8623 0.04 0.04 0.2977 0 0
15 119 2017 0 0 0 0 0 1.0002 0 0.86 -0.1084 0.1358 0.1628 0.775 0.9825 -0.097 0.2393 0.2683 1.5885 0.8449 0.0233 0.3986 0.5083 2.7536 -0.1088 0.1088 0.321 0 0
15 120 1999 0 0 0 0 0 1.0003 0 0.8918 -0.1363 0.2139 0.234 0.8443 0.9873 0.3134 0.3477 0.5734 6.7037 0.8083 0.0516 0.4763 0.5901 2.784 0.032 0.032 0.3146 0 0
15 121 2022 0 0 0 0 0 1.0005 0 0.9254 0.1076 0.1564 0.1629 1.0226 0.9877 0.2213 0.2242 0.2729 1.5686 0.8594 0.1305 0.4279 0.5415 2.7284 0.0202 0.0202 0.2985 0 0
15 122 1989 0 0 0 0 0 1.0003 0 -0.0299 -0.0306 0.165 0.2217 0.7661 0.9865 -0.0525 0.2172 0.3024 4.2058 0.7805 0.127 0.5196 0.6634 2.8778 0.0099 0.0099 0.3323 0 0
15 123 1993 0 0 0 0 0 1.0006 0 0.8303 -0.0326 0.1598 0.1647 0.846 0.9926 0.1537 0.1695 0.2428 2.309 0.8525 0.079 0.4395 0.5555 2.9147 0.1133 0.1133 0.278 0 0
15 124 2005 0 0 0 0 0 1.0002 0 0.4533 0.1082 0.1769 0.2203 0.842 0.9825 0.1425 0.204 0.267 2.002 0.7845 0.0257 0.5423 0.6892 2.8385 -0.0577 0.0577 0.3139 0 0
15 125 2021 0 0 0 0 0 1.0006 0 0.6594 0.0048 0.1534 0.2027 0.819 0.9943 0.0529 0.1446 0.1857 2.4535 0.8284 -0.0233 0.48 0.598 2.8068 0.0341 0.0341 0.2861 0 0
15 126 1956 0 0 0 0 0 1.0004 0 0.8982 0.064 0.1251 0.1642 1.0785 0.9945 -0.1879 0.2305 0.2785 3.2785 0.805 -0.0988 0.5302 0.6633 2.8983 -0.1005 0.1005 0.3626 0 0
15 127 2006 0 0 0 0 0 1.0001 0 0.9689 0.0415 0.0663 0.0839 0.9413 0.9943 -0.0371 0.1236 0.1408 1.7336 0.8397 0.0032 0.4639 0.5749 2.8429 0.0786 0.0786 0.3154 0 0
15 128 2017 0 0 0 0 0 1.0006 0 0.9224 -0.1074 0.1074 0.1452 0.9079 0.9947 -0.0262 0.2191 0.2743 3.3797 0.7895 0.0125 0.4706 0.5918 2.8306 0.0017 0.0017 0.3099 0 0
15 129 1989 0 0 0 0 0 1.0007 0 0.8747 -0.1711 0.1711 0.1954 0.9671 0.975 0.1904 0.3626 0.5215 5.0477 0.7322 0.0946 0.5151 0.6466 3.3096 -0.1184 0.1184 0.4328 0 0
15 130 1993 0 0 0 0 0 1.0002 0 0.8343 -0.0751 0.1521 0.2099 0.8531 0.9897 0.0662 0.1803 0.2411 2.7701 0.8143 0.1093 0.5206 0.6524 2.9049 0.0822 0.0822 0.3164 0 0
15 131 2036 0 0 0 0 0 1.0005 0 0.9148 0.0865 0.1534 0.1817 0.8471 0.985 0.0371 0.1502 0.204 1.8287 0.8471 0.0436 0.465 0.5847 2.7175 0.0931 0.0931 0.2773 0 0
15 132 1999 0 0 0 0 0 1.0002 0 0.5914 0.0348 0.1353 0.2143 0.8245 0.9891 0.1475 0.2127 0.2491 3.0517 0.7685 0.1082 0.5315 0.667 2.8997 0.0505 0.0505 0.351 0 0
15 133 1982 0 0 0 0 0 1.0004 0 0.9394 0.0719 0.0996 0.1265 0.975 0.9884 -0.0082 0.1225 0.1585 1.6617 0.8117 -0.0203 0.4888 0.6121 2.8051 0.0154 0.0154 0.2998 0 0
15 134 2002 0 0 0 0 0 1.0002 0 0.9779 -0.0792 0.0805 0.0919 0.8904 0.9962 0.0918 0.136 0.1765 2.0615 0.8032 0.0996 0.4782 0.6032 2.8171 -0.0578 0.0578 0.331 0 0
15 135 1984 0 0 0 0 0 1.0006 0 0.9452 -0.083 0.1166 0.1459 0.8691 0.9965 -0.1135 0.1472 0.1887 2.923 0.8647 -0.0874 0.4362 0.5406 2.7341 -0.0998 0.0998 0.2988 0 0
15 136 2023 0 0 0 0 0 1.0005 0 0.7721 -0.0068 0.1119 0.1525 0.8209 0.9968 0.1248 0.1392 0.1655 1.67 0.8622 0.1048 0.4191 0.521 2.5193 -0.1044 0.1044 0.2727 0 0
15 137 2048 0 0 0 0 0 1.001 0 0.9129 -0.1486 0.1486 0.1802 0.9916 0.9701 0.072 0.2658 0.3529 3.226 0.8018 0.0733 0.4885 0.6136 3.192 0.0608 0.0608 0.3696 0 0
15 138 1997 0 0 0 0 0 1.0003 0 0.8688 -0.0193 0.0956 0.1094 0.7719 0.9913 -0.125 0.1669 0.1982 1.4992 0.833 -0.1491 0.4492 0.5777 2.6746 -0.023 0.023 0.2983 0 0
15 139 2069 0 0 0 0 0 1.0007 0 0.6702 -0.0539 0.2291 0.277 1.2048 0.9828 -0.1112 0.1999 0.2993 3.2529 0.7928 0.0103 0.4829 0.617 3.0836 0.0142 0.0142 0.3433 0 0
15 140 1994 0 0 0 0 0 1.0004 0 0.7425 -0.0233 0.1803 0.2211 0.9484 0.9959 -0.0089 0.1236 0.1692 2.1758 0.797 -0.0578 0.5167 0.6443 2.7532 0.0744 0.0744 0.3087 0 0
15 141 1975 0 0 0 0 0 1.0003 0 0.9898 0.0855 0.1437 0.1786 1.4579 0.9857 0.0269 0.1376 0.1825 2.1553 0.8549 0.0911 0.4261 0.5437 2.6601 -0.1011 0.1011 0.2848 0 0
15 142 1990 0 0 0 0 0 1.0002 0 0.4627 -0.0864 0.167 0.1934 0.8663 0.9794 -0.1643 0.2663 0.3967 4.8311 0.7752 -0.0435 0.5022 0.6426 3.0773 -0.1026 0.1026 0.356 0 0
15 143 1973 0 0 0 0 0 1.0004 0 0.6304 -0.0165 0.2725 0.3054 0.9568 0.9788 -0.1446 0.237 0.393 3.2327 0.8127 -0.082 0.4983 0.6218 2.8139 0.0447 0.0447 0.2857 0 0
15 144 1992 0 0 0 0 0 1.0006 0 0.6427 -0.1469 0.2354 0.2559 0.7979 0.9733 0.0678 0.2689 0.4054 3.1028 0.8652 0.0202 0.412 0.5135 2.8444 0.0594 0.0594 0.2923 0 0
15 145 1976 0 0 0 0 0 1.0002 0 0.6171 -0.1655 0.283 0.3036 0.9937 0.9478 -0.287 0.4615 0.7796 7.531 0.7405 -0.0923 0.5136 0.6466 3.2393 -0.1595 0.1595 0.4157 0 0
15 146 1975 0 0 0 0 0 1.0002 0 0.8507 0.0753 0.1534 0.1625 0.9224 0.9823 -0.1557 0.2005 0.2454 1.7362 0.7961 -0.11 0.5141 0.6416 2.6838 -0.0539 0.0539 0.3166 0 0
15 147 1997 0 0 0 0 0 1.0003 0 0.0518 0.2191 0.3029 0.3387 0.8308 0.9863 0.2595 0.2863 0.3471 1.193 0.8151 0.129 0.4856 0.6175 2.6621 -0.0323 0.0323 0.2832 0 0
15 148 1964 0 0 0 0 0 1.0004 0 0.5222 0.0168 0.227 0.2444 0.92 0.987 0.2024 0.283 0.3717 4.0206 0.826 0.1195 0.4938 0.6174 3.0471 0.0411 0.0411 0.3128 0 0
15 149 1997 0 0 0 0 0 1.0004 0 0.4863 -0.1496 0.1695 0.2247 0.8635 0.9752 -0.1091 0.2774 0.4146 4.2683 0.7697 0.0587 0.4782 0.5997 3.0558 -0.0536 0.0536 0.3726 0 0
15 150 2008 0 0 0 0 0 1.0002 0 0.8589 0.1087 0.1327 0.1589 0.7635 0.9964 0.0501 0.1624 0.1878 1.5244 0.8709 0.0572 0.4545 0.5753 2.589 0.0147 0.0147 0.2769 0 0
15 151 2002 0 0 0 0 0 1.0003 0 0.7296 -0.0415 0.1065 0.1295 0.8347 0.951 -0.115 0.3024 0.5657 5.3026 0.7625 0.0483 0.5112 0.6504 2.9705 0.0244 0.0244 0.3363 0 0
15 152 1979 0 0 0 0 0 1.0003 0 0.7923 -0.0073 0.1318 0.1513 0.9168 0.9755 0.2288 0.2824 0.3424 1.8521 0.7946 0.1187 0.5104 0.6628 2.9086 0.0106 0.0106 0.3573 0 0
15 153 1975 0 0 0 0 0 1.0003 0 0.8212 -2e-04 0.0979 0.1269 0.7711 0.991 -0.0314 0.136 0.1832 3.1215 0.767 -0.0265 0.5364 0.6838 3.0163 0.0575 0.0575 0.3261 0 0
15 154 1980 0 0 0 0 0 1.0002 0 0.8447 -0.0227 0.1507 0.2259 0.8212 0.9864 -0.1844 0.2514 0.2888 1.9252 0.8285 -0.1724 0.4811 0.6093 2.9434 0.1677 0.1677 0.2964 0 0
15 155 1997 0 0 0 0 0 1.0002 0 0.769 0.0485 0.1553 0.1668 0.8961 0.9883 0.1409 0.1849 0.2378 1.7294 0.8292 -0.014 0.4612 0.577 2.8533 -0.0318 0.0318 0.3072 0 0
15 156 1974 0 0 0 0 0 1.0004 0 0.7124 -0.0777 0.1524 0.1937 0.8885 0.9826 -0.0252 0.2839 0.4455 4.4494 0.7134 0.1359 0.5744 0.7386 3.2461 -0.0696 0.0696 0.3838 0 0
15 157 1949 0 0 0 0 0 1.0003 0 0.8938 0.0333 0.0878 0.1198 0.9218 0.9812 -0.0011 0.1968 0.2461 3.0315 0.7843 -0.0318 0.4901 0.6172 2.9777 -0.0844 0.0844 0.3356 0 0
15 158 1965 0 0 0 0 0 1.0002 0 0.5277 -0.0038 0.2275 0.2571 1.1157 0.9773 -0.0214 0.1736 0.2345 2.4364 0.7833 -0.0106 0.5219 0.6642 2.887 -0.0221 0.0221 0.327 0 0
15 159 2002 0 0 0 0 0 1.0009 0 0.4722 0.0249 0.1168 0.143 0.778 0.9872 0.3876 0.3876 0.4502 1.8024 0.8268 0.1795 0.534 0.6647 2.9843 0.0655 0.0655 0.3316 0 0
15 160 2015 0 0 0 0 0 1.0001 0 0.8324 -0.0786 0.0919 0.1102 0.7594 0.9972 -0.1523 0.187 0.2309 3.1051 0.8383 -0.0283 0.445 0.5635 2.9779 0.0526 0.0526 0.3247 0 0
15 161 2010 0 0 0 0 0 1.0002 0 0.8722 0.0326 0.1016 0.1231 0.8364 0.9857 -0.2596 0.2791 0.325 3.0033 0.7683 -0.1185 0.562 0.7074 2.9894 -0.0182 0.0182 0.3727 0 0
15 162 1994 0 0 0 0 0 1.0002 0 0.9343 5e-04 0.1371 0.1665 1.1088 0.9839 0.0949 0.1618 0.2476 1.9886 0.8264 0.0238 0.4428 0.5813 2.738 -0.0361 0.0361 0.2986 0 0
15 163 2072 0 0 0 0 0 1.0008 0 0.6862 -0.0781 0.1703 0.2151 0.8224 0.9772 0.1032 0.2187 0.2695 2.2798 0.7912 0.0739 0.5335 0.6514 2.9052 0.031 0.031 0.3384 0 0
15 164 2018 0 0 0 0 0 1.0001 0 0.7584 -0.0268 0.1645 0.1971 0.8748 0.9822 0.0082 0.1687 0.2152 1.6644 0.8243 -0.0384 0.4793 0.6015 2.8261 0.063 0.063 0.2823 0 0
15 165 2038 0 0 0 0 0 1.0006 0 0.7102 -0.0839 0.168 0.1905 0.7771 0.9828 -0.0213 0.1677 0.2372 2.0895 0.8409 0.046 0.4273 0.537 2.8983 0.0111 0.0111 0.3134 0 0
15 166 1985 0 0 0 0 0 1.0004 0 0.6534 -0.0362 0.2114 0.2341 0.8568 0.9849 0.1105 0.2129 0.2875 2.0104 0.8447 0.0485 0.4509 0.5631 2.6409 0.0724 0.0724 0.285 0 0
15 167 1990 0 0 0 0 0 1.0012 0 0.5922 -0.0417 0.1544 0.1642 0.8229 0.988 0.0305 0.1319 0.1918 2.5278 0.8073 -0.0066 0.4761 0.5846 2.7405 -0.1276 0.1276 0.3228 0 0
15 168 1983 0 0 0 0 0 1.0004 0 0.7324 -0.0119 0.1716 0.208 0.8381 0.9895 0.0136 0.125 0.1616 1.655 0.8365 -0.0073 0.4677 0.5936 2.7516 -0.1162 0.1162 0.3064 0 0
15 169 1979 0 0 0 0 0 1.0008 0 0.9092 0.1246 0.1246 0.1445 0.7992 0.9952 0.0964 0.1308 0.152 1.7073 0.8155 0.1258 0.5317 0.667 2.8341 0.0244 0.0244 0.2979 0 0
15 170 1993 0 0 0 0 0 1.0004 0 0.8816 -0.0904 0.1533 0.2017 0.8314 0.9622 -0.042 0.3385 0.5349 5.0859 0.7423 0.0315 0.5173 0.6618 2.9927 0.0137 0.0137 0.3299 0 0
15 171 1977 0 0 0 0 0 1.0005 0 0.8312 0.0711 0.1351 0.1678 0.8946 0.9926 0.0711 0.1396 0.1712 2.5489 0.8048 0.0518 0.5036 0.6389 2.8529 -0.0341 0.0341 0.3271 0 0
15 172 2010 0 0 0 0 0 1.0007 0 0.9444 0.0321 0.0854 0.1007 0.773 0.994 0.117 0.1483 0.1864 1.9791 0.8385 0.0978 0.4668 0.5989 2.605 -0.0352 0.0352 0.2879 0 0
15 173 2003 0 0 0 0 0 1.0008 0 0.5467 -0.0709 0.1662 0.1886 0.8032 0.9911 0.0824 0.1645 0.2353 2.1231 0.7902 0.0489 0.4966 0.6244 2.9743 -0.019 0.019 0.3439 0 0
15 174 1999 0 0 0 0 0 1.0008 0 0.9944 0.0139 0.0735 0.0905 1.1505 0.9932 0.0419 0.1256 0.1558 1.5487 0.8393 0.0892 0.452 0.5646 2.6923 -0.0269 0.0269 0.2934 0 0
15 175 2025 0 0 0 0 0 1.0008 0 0.8357 0.0364 0.1348 0.1558 0.9117 0.9799 -0.1664 0.2332 0.3285 2.0915 0.8191 -0.0748 0.4941 0.6195 2.8935 0.0935 0.0935 0.3026 0 0
15 176 2015 0 0 0 0 0 1.0003 0 0.9589 0.0717 0.1331 0.1968 1.1119 0.9905 -0.0592 0.134 0.1671 1.4286 0.8583 -0.0312 0.4539 0.5862 2.8072 0.0643 0.0643 0.2859 0 0
15 177 2012 0 0 0 0 0 1.0008 0 0.7704 -0.2058 0.2058 0.2521 0.8372 0.9818 0.0885 0.2677 0.3818 3.4405 0.7576 -0.0341 0.539 0.6814 3.3241 0.2597 0.2597 0.3328 0 0
15 178 1988 0 0 0 0 0 1.0002 0 0.8648 0.0667 0.109 0.1463 0.8651 0.9778 -0.0698 0.1779 0.2336 2.5018 0.8189 -0.0907 0.4945 0.6241 2.7695 -0.0482 0.0482 0.3198 0 0
15 179 1979 0 0 0 0 0 1.0004 0 0.8884 0.0041 0.1049 0.1161 0.8184 0.9889 -0.0262 0.1769 0.213 2.0043 0.8142 -0.0632 0.4761 0.6024 2.8495 -0.0733 0.0733 0.3114 0 0
15 180 1976 0 0 0 0 0 1.0003 0 0.6552 0.0911 0.1918 0.2096 0.9848 0.9715 -0.0769 0.2242 0.3136 3.4887 0.7443 -0.012 0.5288 0.6818 2.8025 -0.2542 0.2542 0.3358 0 0
15 181 2030 0 0 0 0 0 1.0004 0 0.9621 0.0387 0.0876 0.0919 0.8421 0.9827 -0.0736 0.1671 0.2134 3.0418 0.8109 -0.0848 0.4857 0.6154 2.8885 0.0742 0.0742 0.3093 0 0
15 182 1986 0 0 0 0 0 1.0009 0 0.9182 -0.0719 0.142 0.1632 0.9328 0.9954 0.032 0.2026 0.2628 5.2838 0.8348 0.1149 0.459 0.581 2.7854 0.0324 0.0324 0.2849 0 0
15 183 1997 0 0 0 0 0 1.0005 0 0.3968 -0.07 0.1828 0.2025 0.8968 0.9927 -0.0028 0.1352 0.1744 2.2959 0.8128 0.1036 0.4958 0.6163 2.7679 0.0371 0.0371 0.3058 0 0
15 184 1941 0 0 0 0 0 1.0003 0 0.5018 0.0711 0.1662 0.2324 1.0037 0.993 -0.1084 0.1517 0.1779 1.6332 0.7985 -0.059 0.5032 0.628 2.9349 -0.0642 0.0642 0.334 0 0
15 185 2024 0 0 0 0 0 1.0003 0 0.846 0.0246 0.1462 0.1708 0.9015 0.9871 0.0675 0.1239 0.2083 2.274 0.8376 -0.0263 0.4468 0.5636 2.7534 -0.1077 0.1077 0.3078 0 0
15 186 1996 0 0 0 0 0 1.0003 0 0.7808 -0.0876 0.1522 0.1766 0.8793 0.9869 0.0297 0.2106 0.2623 4.2311 0.7868 0.2176 0.5192 0.6421 3.0409 -0.0328 0.0328 0.3531 0 0
15 187 2053 0 0 0 0 0 1.0004 0 0.739 0.1325 0.1992 0.339 1.1893 0.9924 -0.037 0.1914 0.2556 2.4558 0.8252 0.0434 0.4783 0.5957 2.7572 -0.0467 0.0467 0.2892 0 0
15 188 1969 0 0 0 0 0 1.0006 0 -0.1711 -0.0641 0.3351 0.3646 1.0198 0.9847 -0.0348 0.3397 0.4958 3.9141 0.7863 0.0753 0.4947 0.6106 2.9411 -0.1853 0.1853 0.346 0 0
15 189 1963 0 0 0 0 0 1.0005 0 0.8304 -0.0658 0.1416 0.1663 0.88 0.9908 -0.1269 0.2009 0.2628 2.9672 0.7904 0.0782 0.4882 0.6157 3.0063 -0.0593 0.0593 0.3444 0 0
15 190 1972 0 0 0 0 0 1.0003 0 0.3551 -0.0249 0.2058 0.2309 0.7854 0.9733 0.0438 0.186 0.2667 2.2392 0.7518 0.0507 0.5379 0.6772 3.1862 0.1241 0.1241 0.3624 0 0
15 191 2009 0 0 0 0 0 1.0003 0 0.7837 0.009 0.1118 0.145 0.8659 0.9934 -0.0284 0.1207 0.1532 2.2853 0.826 -0.0684 0.4774 0.6073 2.8736 -7e-04 7e-04 0.333 0 0
15 192 2009 0 0 0 0 0 1.0003 0 0.6773 -0.0502 0.1512 0.2309 0.9014 0.9933 0.1772 0.1803 0.2486 2.2524 0.8567 0.0505 0.4229 0.5147 2.6467 -0.0197 0.0197 0.2832 0 0
15 193 1998 0 0 0 0 0 1.0003 0 0.6193 0.001 0.1627 0.2001 0.9254 0.9861 0.1014 0.1864 0.2585 2.4749 0.7853 0.0563 0.5212 0.6563 3.0059 0.0409 0.0409 0.3231 0 0
15 194 1991 0 0 0 0 0 1.0003 0 0.5994 -0.1564 0.21 0.227 0.7701 0.9912 -0.004 0.2357 0.3739 3.4221 0.8165 -0.0625 0.4721 0.5809 3.0863 0.0291 0.0291 0.3309 0 0
15 195 2003 0 0 0 0 0 1.0004 0 0.9033 -0.0379 0.1477 0.1766 0.9972 0.9957 0.2269 0.245 0.3161 4.1467 0.8018 0.0774 0.4844 0.6103 2.8748 0.1077 0.1077 0.3169 0 0
15 196 1987 0 0 0 0 0 1.0004 0 0.8185 -0.0564 0.1937 0.209 0.8777 0.9785 0.1532 0.259 0.3874 3.4244 0.7842 0.0827 0.5 0.6417 2.9454 0.0716 0.0716 0.3193 0 0
15 197 2011 0 0 0 0 0 1.0003 0 0.8801 -0.0985 0.1668 0.1935 0.8422 0.9905 0.037 0.1717 0.2013 1.8925 0.8355 -0.0189 0.4772 0.5908 2.906 0.0762 0.0762 0.319 0 0
15 198 2020 0 0 0 0 0 1.0002 0 0.9403 -0.0573 0.0891 0.1486 0.7965 0.9954 0.1307 0.1433 0.1656 1.4349 0.8532 0.0679 0.433 0.5414 2.9341 0.1341 0.1341 0.2828 0 0
15 199 2000 0 0 0 0 0 1.0002 0 0.8318 -0.0808 0.1121 0.1487 0.8339 0.9942 0.0721 0.1321 0.1641 2.3395 0.8365 -0.008 0.4467 0.5614 2.7394 0.0082 0.0082 0.2971 0 0
15 200 2002 0 0 0 0 0 1.0004 0 0.8939 0.0768 0.0883 0.1292 0.8968 0.9933 -0.1576 0.1972 0.2264 1.9617 0.8166 -0.1873 0.5176 0.6347 2.8697 0.1632 0.1632 0.2769 0 0
15 201 2022 0 0 0 0 0 1.0002 0 0.824 0.0333 0.1507 0.1751 0.8101 0.9693 0.0738 0.181 0.2439 2.3376 0.797 0.0548 0.5236 0.6526 2.874 0.0969 0.0969 0.3006 0 0
15 202 1989 0 0 0 0 0 1.0004 0 0.7457 -0.0435 0.1285 0.1699 0.94 0.9895 -0.0714 0.2391 0.347 4.9392 0.8167 0.0812 0.5104 0.6445 2.8824 0.0422 0.0422 0.3134 0 0
15 203 2010 0 0 0 0 0 1.0003 0 0.8468 0.053 0.1038 0.1173 0.7903 0.983 0.2537 0.2628 0.3216 1.4095 0.7962 0.2431 0.5698 0.7024 2.8723 -0.2017 0.2017 0.346 0 0
15 204 2002 0 0 0 0 0 1.0004 0 0.7014 -0.0812 0.2068 0.2337 0.8805 0.9635 -0.058 0.3539 0.5516 7.027 0.712 0.0916 0.5453 0.6806 2.9717 -0.0505 0.0505 0.3352 0 0
15 205 1951 0 0 0 0 0 1.0002 0 0.8705 0.0334 0.1246 0.1373 0.897 0.9868 0.1217 0.1811 0.2367 3.0419 0.7769 0.0057 0.4895 0.6293 2.8445 -0.0724 0.0724 0.3164 0 0
15 206 2018 0 0 0 0 0 1.0004 0 0.9025 -0.07 0.127 0.1435 0.8983 0.9798 0.2595 0.3141 0.4306 5.5775 0.7848 0.0571 0.5392 0.6641 3.0708 0.1358 0.1358 0.3464 0 0
15 207 2009 0 0 0 0 0 1.0004 0 0.7816 -0.0622 0.1558 0.1654 0.8245 0.9892 -0.1146 0.2032 0.2717 4.2322 0.7881 -0.0764 0.5041 0.618 2.9273 -0.0303 0.0303 0.3294 0 0
15 208 1974 0 0 0 0 0 1.0003 0 0.9098 -0.1342 0.1607 0.2131 0.9346 0.992 -0.052 0.3107 0.4557 5.8289 0.8265 0.044 0.4516 0.5711 2.8536 -0.0769 0.0769 0.3153 0 0
15 209 1984 0 0 0 0 0 1.0005 0 0.6656 0.0733 0.1207 0.1539 0.8015 0.9876 0.014 0.1996 0.2367 2.1117 0.8088 -0.0062 0.4705 0.5943 2.8108 -0.076 0.076 0.3096 0 0
15 210 2005 0 0 0 0 0 1.0002 0 0.8333 -0.1029 0.1597 0.1927 0.8411 0.9956 -0.0635 0.1839 0.2325 3.1029 0.7929 -0.0338 0.4908 0.6177 2.9233 0.0589 0.0589 0.3433 0 0
15 211 2075 0 0 0 0 0 1.0006 0 0.8829 -0.1355 0.1461 0.1849 0.7491 0.9848 -0.0074 0.1904 0.2498 2.3344 0.7986 0.0852 0.5032 0.6192 3.0115 0.0966 0.0966 0.3091 0 0
15 212 2023 0 0 0 0 0 1.0001 0 0.6947 0.0261 0.1648 0.2027 0.818 0.9161 0.1917 0.3329 0.6328 6.5514 0.738 -0.0812 0.5371 0.665 2.9093 -0.0497 0.0497 0.3338 0 0
15 213 2027 0 0 0 0 0 1.0005 0 0.8013 0.0167 0.112 0.1291 0.8048 0.9844 0.1334 0.1815 0.2318 1.4841 0.8586 0.0977 0.4305 0.55 2.7635 0.0829 0.0829 0.3007 0 0
15 214 1952 0 0 0 0 0 1.0004 0 0.865 -0.2128 0.2974 0.3789 1.0436 0.9765 0.4747 0.6202 1.047 12.4499 0.8195 -0.0246 0.4635 0.5711 3.0725 -0.0316 0.0316 0.3548 0 0
15 215 1989 0 0 0 0 0 1.0005 0 0.8792 0.0037 0.0781 0.083 0.8082 0.9963 -0.0963 0.1123 0.1466 1.9492 0.8121 -0.0606 0.4914 0.6074 2.9664 0.0482 0.0482 0.3172 0 0
15 216 1976 0 0 0 0 0 1.0005 0 -0.6842 -0.0994 0.1441 0.1673 0.762 0.9842 -0.1023 0.2557 0.3397 3.7174 0.7749 0.0314 0.5478 0.6967 3.2603 0.1072 0.1072 0.4023 0 0
15 217 1999 0 0 0 0 0 1.0004 0 0.6842 -0.0805 0.1884 0.1952 0.8295 0.9847 -0.0254 0.2072 0.3107 2.8733 0.7933 0.0543 0.4966 0.6187 2.9494 -0.0027 0.0027 0.3329 0 0
15 218 1985 0 0 0 0 0 1.0004 0 0.9134 -0.1119 0.1347 0.147 0.9813 0.9903 -0.0577 0.2287 0.3618 5.3475 0.763 0.0068 0.5237 0.6688 3.1075 -0.1018 0.1018 0.3994 0 0
15 219 1955 0 0 0 0 0 1.0003 0 0.0226 -0.0521 0.2859 0.3491 1.3251 0.986 0.12 0.3423 0.411 4.1475 0.7181 -0.0193 0.5903 0.7361 2.9488 -0.1206 0.1206 0.4076 0 0
15 220 2007 0 0 0 0 0 1.0002 0 -0.1878 -0.0049 0.1101 0.1259 0.7223 0.9948 0.0194 0.1112 0.1344 1.6939 0.8323 0.0297 0.4603 0.5742 2.8291 -0.0185 0.0185 0.3247 0 0
15 221 1996 0 0 0 0 0 1.0005 0 0.7991 0.0055 0.1334 0.1515 0.8337 0.9856 -0.0492 0.1159 0.1824 1.6937 0.8095 -0.0424 0.5013 0.6342 3.0139 0.0071 0.0071 0.3295 0 0
15 222 1994 0 0 0 0 0 1.0005 0 0.4442 -0.1045 0.2498 0.2919 0.8827 0.9856 0.0013 0.2081 0.2985 3.4923 0.7182 -0.0473 0.5458 0.6824 3.1211 -0.0764 0.0764 0.3806 0 0
15 223 1999 0 0 0 0 0 1.0005 0 0.9214 0.0044 0.1551 0.176 1.0129 0.9794 0.2681 0.3114 0.5292 5.2382 0.7853 0.0143 0.4923 0.6096 2.9407 0.0244 0.0244 0.3067 0 0
15 224 1968 0 0 0 0 0 1.0005 0 0.762 0.0539 0.1169 0.1601 0.8621 0.9732 -0.0393 0.2636 0.3257 6.5917 0.755 -0.0941 0.5437 0.6638 2.9391 -0.1001 0.1001 0.3474 0 0
15 225 2000 0 0 0 0 0 1.0004 0 0.8827 -0.0418 0.117 0.1453 0.9149 0.987 -0.0649 0.1686 0.2157 3.2414 0.7975 -0.0381 0.5157 0.6553 3.0913 0.1177 0.1177 0.3254 0 0
15 226 1959 0 0 0 0 0 1.0004 0 0.2859 -0.0267 0.1451 0.1891 0.9415 0.9805 -2e-04 0.2042 0.2766 2.6801 0.7591 -0.0149 0.511 0.6509 3.0546 -0.1241 0.1241 0.3988 0 0
15 227 2020 0 0 0 0 0 1.0002 0 0.7612 -0.064 0.0904 0.1168 0.8204 0.9954 -0.0492 0.1218 0.1712 2.1134 0.791 -0.0039 0.4817 0.6026 2.9745 0.0192 0.0192 0.3483 0 0
15 228 2027 0 0 0 0 0 1.0004 0 0.6235 0.0947 0.1624 0.2321 0.8823 0.9899 -0.084 0.141 0.1812 1.5098 0.8495 -0.0423 0.4672 0.5737 2.6527 0.0921 0.0921 0.2739 0 0
15 229 1997 0 0 0 0 0 1.0002 0 0.9495 -0.0072 0.126 0.1399 0.8816 0.9892 -0.0458 0.153 0.1956 2.1257 0.8483 -0.0684 0.4463 0.5571 2.661 -0.0456 0.0456 0.3035 0 0
15 230 2009 0 0 0 0 0 1.0004 0 0.6248 -0.0085 0.162 0.1991 0.7784 0.9811 0.0906 0.1808 0.2866 3.3664 0.777 -0.0199 0.4979 0.6433 2.9588 4e-04 4e-04 0.3343 0 0
15 231 2020 0 0 0 0 0 1.0003 0 0.9922 0.0758 0.1133 0.1562 1.18 0.9893 -0.2434 0.2513 0.3054 1.6694 0.846 -0.1822 0.4956 0.6146 2.792 -0.0051 0.0051 0.2871 0 0
15 232 2012 0 0 0 0 0 1.0003 0 0.5906 0.122 0.2417 0.3457 1.0984 0.9799 -0.1364 0.23 0.2774 2.0893 0.8483 -0.161 0.454 0.5629 2.6238 -0.0139 0.0139 0.2784 0 0
15 233 2041 0 0 0 0 0 1.0002 0 0.6533 -0.0921 0.2333 0.2611 0.9495 0.9721 -0.0629 0.2822 0.3831 4.3701 0.7951 0.1753 0.5058 0.6325 2.9266 0.1025 0.1025 0.3026 0 0
15 234 1988 0 0 0 0 0 1.0008 0 0.9363 -0.0574 0.133 0.1649 0.8809 0.9566 0.1527 0.2585 0.5203 6.9884 0.8429 0.0571 0.4616 0.5907 2.832 0.017 0.017 0.3219 0 0
15 235 2064 0 0 0 0 0 1.0004 0 0.1634 -0.1029 0.2723 0.3207 1.1322 0.9874 -0.2508 0.3587 0.5319 4.467 0.7787 0.0173 0.4972 0.6321 3.0888 0.1311 0.1311 0.3457 0 0
15 236 2009 0 0 0 0 0 1.0002 0 0.9452 -0.1432 0.1432 0.1529 0.7094 0.9892 -4e-04 0.2366 0.3089 2.9849 0.7844 0.05 0.4835 0.6335 3.0719 0.0748 0.0748 0.3494 0 0
15 237 1990 0 0 0 0 0 1.0004 0 0.6122 -0.1042 0.1847 0.2532 0.8488 0.9903 0.0828 0.1983 0.3268 2.7371 0.8162 0.047 0.466 0.5824 2.7859 -0.0813 0.0813 0.3081 0 0
15 238 1983 0 0 0 0 0 1.0002 0 0.607 -0.0849 0.1356 0.1687 0.7431 0.988 0.0042 0.1651 0.2211 1.9744 0.7979 0.0177 0.4648 0.5899 2.9463 -0.0587 0.0587 0.3413 0 0
15 239 2014 0 0 0 0 0 1.0002 0 0.9436 -0.0271 0.0811 0.0906 0.8445 0.9807 0.1214 0.2315 0.2953 2.798 0.8208 0.0971 0.4832 0.6082 2.7508 -0.1032 0.1032 0.3227 0 0
15 240 2011 0 0 0 0 0 1.0003 0 0.8662 -0.0532 0.118 0.1217 0.8657 0.9923 -0.0156 0.1297 0.1626 2.5264 0.8382 -0.0483 0.4568 0.5667 2.897 0.0601 0.0601 0.3312 0 0
15 241 1953 0 0 0 0 0 1.0007 0 0.5804 -0.0235 0.1115 0.164 0.759 0.9538 0.3206 0.4354 0.8641 10.1755 0.7894 -0.0502 0.5147 0.6544 2.9758 0.0449 0.0449 0.3349 0 0
15 242 2005 0 0 0 0 0 1.0004 0 0.9249 -0.1504 0.1504 0.1859 0.9104 0.9938 -0.012 0.2358 0.2884 4.2595 0.8031 0.1542 0.4734 0.6054 2.8106 -0.1255 0.1255 0.3155 0 0
15 243 1968 0 0 0 0 0 1.0003 0 0.4489 -0.1734 0.2032 0.2766 0.7961 0.982 -0.0793 0.2597 0.3611 3.19 0.7963 -0.0081 0.4666 0.5813 2.9353 -0.031 0.031 0.337 0 0
15 244 1973 0 0 0 0 0 1.0002 0 0.7991 -0.0053 0.1554 0.1892 1.1513 0.9798 -0.0091 0.1924 0.2997 3.1535 0.7988 0.0904 0.5028 0.638 2.9268 0.0172 0.0172 0.336 0 0
15 245 1985 0 0 0 0 0 1.0005 0 0.7839 -0.1176 0.1747 0.2072 0.8401 0.982 -0.0299 0.2614 0.4271 4.743 0.7929 0.0602 0.4747 0.6018 2.9277 -0.1234 0.1234 0.3322 0 0
15 246 2002 0 0 0 0 0 1.0002 0 0.9541 -0.1372 0.155 0.1862 1.0265 0.9864 0.0803 0.3775 0.52 7.1589 0.7975 0.1796 0.4756 0.5953 2.8668 -0.154 0.154 0.3267 0 0
15 247 2022 0 0 0 0 0 1.0005 0 0.457 -0.0224 0.17 0.2041 0.7818 0.9844 0.075 0.1622 0.2338 2.5457 0.7726 -0.0132 0.4788 0.6202 2.8288 0.0366 0.0366 0.3137 0 0
15 248 2004 0 0 0 0 0 1.0005 0 0.708 -0.0029 0.2948 0.3411 1.3838 0.9907 -0.0348 0.1924 0.2489 3.0078 0.8081 0.0845 0.5046 0.6214 2.8245 0.0653 0.0653 0.2881 0 0
15 249 1962 0 0 0 0 0 1.0003 0 0.8773 0.0048 0.1216 0.141 0.9149 0.9977 -0.048 0.0977 0.1205 2.0051 0.8274 -0.0302 0.4685 0.5786 2.6178 -0.0751 0.0751 0.288 0 0
15 250 2030 0 0 0 0 0 1.0003 0 0.8715 0.042 0.1068 0.1347 0.8272 0.9959 -0.1237 0.1586 0.181 1.8185 0.815 -0.1417 0.4885 0.6131 2.7074 0.0881 0.0881 0.2739 0 0
15 251 1970 0 0 0 0 0 1.0004 0 0.7242 0.0646 0.1791 0.22 0.9947 0.9815 -0.0419 0.2233 0.2627 2.2819 0.7377 -0.0369 0.5478 0.6828 3.0465 -0.1141 0.1141 0.3453 0 0
15 252 2012 0 0 0 0 0 1.0005 0 0.8414 -0.1178 0.1462 0.1789 0.792 0.9859 0.0483 0.2114 0.294 3.8259 0.7934 -0.0017 0.5015 0.6273 2.9863 0.1108 0.1108 0.3159 0 0
15 253 1994 0 0 0 0 0 1.0006 0 0.6236 -0.0249 0.151 0.1635 0.7646 0.9838 -0.0806 0.1684 0.2237 1.9508 0.7656 0.0342 0.519 0.6524 2.8875 -0.0083 0.0083 0.3092 0 0
15 254 1997 0 0 0 0 0 1.0004 0 0.7129 -0.0109 0.0927 0.0947 0.7397 0.9893 -0.002 0.1559 0.1854 2.399 0.753 -0.0924 0.5061 0.6318 2.9772 -0.1016 0.1016 0.3513 0 0
15 255 1988 0 0 0 0 0 1.0003 0 0.6973 0.015 0.1868 0.2625 1.0101 0.9595 -0.2442 0.3507 0.6455 5.2091 0.8013 0.0216 0.4819 0.6128 2.7509 -0.1519 0.1519 0.3046 0 0
15 256 1987 0 0 0 0 0 1.0004 0 0.6888 -0.0835 0.2115 0.2268 0.8093 0.9874 0.1119 0.2176 0.2793 3.3219 0.7811 0.0508 0.4968 0.6203 2.8787 -0.238 0.238 0.344 0 0
15 257 2057 0 0 0 0 0 1.0004 0 0.9028 -0.1349 0.1868 0.2092 0.8585 0.9809 0.1422 0.2567 0.3215 2.8478 0.8619 0.1274 0.4599 0.5869 2.984 0.2373 0.2373 0.2775 0 0
15 258 2025 0 0 0 0 0 1.0002 0 0.6554 -0.0271 0.1842 0.2395 0.8634 0.979 -9e-04 0.2005 0.3084 2.6788 0.8026 0.0222 0.5044 0.6257 3.0204 0.1932 0.1932 0.2894 0 0
15 259 2088 0 0 0 0 0 1.0003 0 0.8585 0.0189 0.1083 0.1316 0.8448 0.9891 -0.0539 0.169 0.2073 1.6074 0.8393 -0.051 0.439 0.5584 2.7081 0.0264 0.0264 0.298 0 0
15 260 1968 0 0 0 0 0 1.0007 0 0.9098 -0.0161 0.1542 0.1661 1.1532 0.964 0.1402 0.3626 0.5058 5.6606 0.6889 -0.0234 0.586 0.7381 3.4654 -0.0451 0.0451 0.4654 0 0
15 261 2304 0 0 0 0 0 1.0003 0 0.8331 0.0089 0.0862 0.1067 0.7396 0.9961 -0.0711 0.1101 0.1362 1.9408 0.7774 -0.1142 0.5045 0.6325 2.9016 -0.0389 0.0389 0.3304 0 0
15 262 2001 0 0 0 0 0 1.0007 0 0.8454 -0.1353 0.1703 0.2069 0.794 0.9958 0.0442 0.208 0.2509 2.9693 0.7851 -0.0569 0.4943 0.6169 3.0737 0.0714 0.0714 0.3566 0 0
15 263 1961 0 0 0 0 0 1.0005 0 0.8304 -0.0605 0.1545 0.1771 1.0514 0.9914 -0.1999 0.2481 0.3587 3.879 0.7663 -0.0788 0.4887 0.625 2.909 -0.0794 0.0794 0.3325 0 0
15 264 1987 0 0 0 0 0 1.0005 0 0.733 -0.0367 0.1796 0.2441 0.8713 0.9952 0.0305 0.1452 0.1853 2.8803 0.8053 0.0354 0.5187 0.6428 3.1039 -0.0201 0.0201 0.3361 0 0
15 265 1974 0 0 0 0 0 1.0002 0 0.6598 -0.0363 0.1304 0.1664 0.8711 0.9956 0.0733 0.1268 0.1707 2.7354 0.8452 -0.032 0.4586 0.5837 2.7958 -0.014 0.014 0.3041 0 0
15 266 2010 0 0 0 0 0 1.001 0 0.9362 0.084 0.1208 0.1555 0.9716 0.9932 0.0422 0.1014 0.1391 1.9019 0.8689 0.0254 0.3875 0.4935 2.6262 0.011 0.011 0.2866 0 0
15 267 1996 0 0 0 0 0 1.0008 0 0.8633 -0.079 0.1276 0.177 1.0159 0.9703 0.0101 0.2755 0.4076 3.3331 0.7851 0.0011 0.5147 0.6459 3.1063 0.1144 0.1144 0.3463 0 0
15 268 2025 0 0 0 0 0 1.0005 0 0.7593 -0.1027 0.1595 0.2378 0.7777 0.9772 -0.167 0.3523 0.5657 5.7856 0.8124 0.0512 0.47 0.5837 2.9278 0.005 0.005 0.3382 0 0
15 269 2019 0 0 0 0 0 1.0003 0 0.9388 -0.0322 0.1261 0.1617 1.1289 0.9945 -0.0715 0.1128 0.1465 1.7412 0.8708 -0.0876 0.4095 0.5245 2.5791 -0.063 0.063 0.2776 0 0
15 270 1966 0 0 0 0 0 1.0002 0 0.6965 -0.0658 0.1701 0.193 0.8895 0.9907 -0.0907 0.1734 0.2226 2.0639 0.8188 -0.0681 0.4768 0.5944 2.9116 -0.0503 0.0503 0.3276 0 0
15 271 1974 0 0 0 0 0 1.0002 0 0.9245 -0.0043 0.1044 0.1226 1.0646 0.9916 -0.2955 0.2988 0.3287 2.1143 0.7656 -0.1722 0.5704 0.6993 3.0604 0.0934 0.0934 0.3199 0 0
15 272 1983 0 0 0 0 0 1.0005 0 0.4428 -0.0572 0.272 0.3371 1.3375 0.9761 0.1888 0.3481 0.5729 5.3971 0.7858 0.1569 0.476 0.6058 2.9548 -0.0986 0.0986 0.3372 0 0
15 273 1980 0 0 0 0 0 1.0004 0 0.6749 -0.0808 0.1436 0.1795 0.7726 0.9822 -0.091 0.2203 0.3009 2.4516 0.717 -0.0576 0.5412 0.6761 3.0986 0.0337 0.0337 0.3393 0 0
15 274 1971 0 0 0 0 0 1.0005 0 0.9248 -0.0112 0.0797 0.1013 0.8098 0.9828 0.1935 0.2144 0.3315 3.2024 0.7877 0.0257 0.4983 0.6235 3.0087 -0.0691 0.0691 0.3714 0 0
15 275 1987 0 0 0 0 0 1.0002 0 0.9404 0.1101 0.1101 0.1405 0.8364 0.9949 -0.0115 0.1369 0.1599 2.2557 0.8148 0.0364 0.4812 0.6028 2.7691 -0.0798 0.0798 0.2975 0 0
15 276 2009 0 0 0 0 0 1.0006 0 0.9687 -0.2401 0.2401 0.2623 0.9732 0.9898 -0.2705 0.335 0.4859 4.1932 0.8343 -0.018 0.4312 0.5227 2.9165 -0.0642 0.0642 0.3097 0 0
15 277 2028 0 0 0 0 0 1.0002 0 0.9418 0.0017 0.0742 0.0894 0.8218 0.9967 0.127 0.1431 0.1622 1.598 0.8412 0.0932 0.4707 0.5811 2.7451 -0.0334 0.0334 0.2918 0 0
15 278 2009 0 0 0 0 0 1.0005 0 0.3852 0.0471 0.1802 0.2094 0.8919 0.9855 -0.0566 0.137 0.2037 1.5523 0.8068 -0.0213 0.4595 0.5779 2.6302 -0.0654 0.0654 0.2939 0 0
15 279 2016 0 0 0 0 0 1.0002 0 0.9817 -0.0483 0.0629 0.0743 0.858 0.9939 -0.0562 0.1433 0.1683 2.285 0.7703 -0.0614 0.5492 0.6711 2.8719 -0.006 0.006 0.3071 0 0
15 280 2001 0 0 0 0 0 1.0003 0 0.6895 -0.1811 0.1979 0.2615 0.8158 0.9929 -0.1243 0.3815 0.452 3.6346 0.8537 -0.1709 0.4181 0.5202 2.8974 0.0105 0.0105 0.3086 0 0
15 281 1988 0 0 0 0 0 1.0004 0 0.9172 -0.1127 0.1455 0.1775 1.0421 0.9728 0.1331 0.2991 0.4148 4.8866 0.807 0.119 0.5012 0.621 3.049 0.1237 0.1237 0.334 0 0
15 282 2051 0 0 0 0 0 1.0006 0 0.9615 0.1133 0.1275 0.1935 0.9983 0.9949 0.1325 0.143 0.1807 1.5573 0.8619 0.1069 0.4267 0.5416 2.6404 -0.1363 0.1363 0.2881 0 0
15 283 1981 0 0 0 0 0 1.0009 0 0.7295 -0.0075 0.1316 0.1524 0.7538 0.9903 -0.091 0.2008 0.2279 2.0827 0.797 -0.077 0.4796 0.6129 2.8612 -0.0141 0.0141 0.3414 0 0
15 284 2047 0 0 0 0 0 1.0007 0 0.8923 -0.1751 0.1938 0.2542 1.219 0.9954 0.1281 0.2971 0.4231 7.4899 0.804 -0.0621 0.4773 0.6093 2.8329 -0.0092 0.0092 0.3055 0 0
15 285 2027 0 0 0 0 0 1.0003 0 0.9469 0.0063 0.1647 0.2322 1.0528 0.9853 -0.0409 0.2227 0.2753 2.7082 0.8035 -0.1052 0.4879 0.6193 2.7674 0.1223 0.1223 0.2739 0 0
15 286 2019 0 0 0 0 0 1.0005 0 0.2948 -0.0455 0.1597 0.2075 0.7795 0.9906 -0.1346 0.2873 0.4638 6.2332 0.8017 0.0333 0.5131 0.6345 2.9739 0.1296 0.1296 0.2901 0 0
15 287 2024 0 0 0 0 0 1.0003 0 0.221 -0.0056 0.1601 0.1899 0.7529 0.99 -0.1892 0.2104 0.2522 1.3231 0.8371 -0.0602 0.4296 0.5558 2.5785 0.0351 0.0351 0.2886 0 0
15 288 1953 0 0 0 0 0 1.0001 0 0.9206 -0.0498 0.1103 0.1155 0.8626 0.9782 0.1276 0.2144 0.2729 3.0454 0.8094 0.0308 0.4807 0.6011 3.0012 0.0528 0.0528 0.3516 0 0
15 289 1984 0 0 0 0 0 1.0003 0 0.931 0.0198 0.0633 0.0882 0.8164 0.9924 0.1286 0.1438 0.208 2.1842 0.8149 0.0591 0.4833 0.6045 2.8402 0.0461 0.0461 0.325 0 0
15 290 1973 0 0 0 0 0 1.0006 0 0.7293 0.0084 0.1492 0.1757 0.7878 0.9778 -0.05 0.1888 0.2839 2.3253 0.781 -0.0696 0.5309 0.6605 2.9708 0.0046 0.0046 0.3332 0 0
15 291 2025 0 0 0 0 0 1.0004 0 0.9032 0.0079 0.072 0.0841 0.7963 0.9967 0.1494 0.1533 0.1883 1.919 0.8301 0.1735 0.4859 0.6184 2.761 0.1012 0.1012 0.2845 0 0
15 292 1969 0 0 0 0 0 1.0002 0 0.9352 -0.1161 0.1784 0.1907 1.0052 0.9892 -0.0342 0.2432 0.2886 2.9091 0.8036 0.0302 0.4663 0.5812 2.9539 -0.2624 0.2624 0.3415 0 0
15 293 2010 0 0 0 0 0 1.0004 0 0.9565 0.0306 0.1011 0.1187 0.9681 0.9914 0.0068 0.1083 0.1339 1.0576 0.876 -0.0758 0.4292 0.5348 2.5366 -0.1457 0.1457 0.2912 0 0
15 294 2003 0 0 0 0 0 1.0002 0 0.8291 0.048 0.11 0.1527 0.8602 0.9887 -0.1167 0.1937 0.235 3.2092 0.7794 -0.016 0.4996 0.6252 2.9035 -0.0138 0.0138 0.3181 0 0
15 295 1969 0 0 0 0 0 1.0004 0 -0.2592 -0.1295 0.17 0.2339 0.7792 0.9841 -0.1663 0.3044 0.5612 6.3376 0.762 0.1057 0.5094 0.643 2.9199 0.0061 0.0061 0.358 0 0
15 296 1981 0 0 0 0 0 1.0002 0 0.8402 -0.0778 0.1166 0.1473 0.8387 0.9896 0.1357 0.1809 0.2894 2.4348 0.7983 0.0562 0.4741 0.6061 2.7718 -0.027 0.027 0.3182 0 0
15 297 1990 0 0 0 0 0 1.0003 0 0.4552 -0.0505 0.216 0.2458 0.8705 0.9922 -0.0264 0.2009 0.2687 3.3081 0.7959 -0.0177 0.52 0.6486 3.051 0.0647 0.0647 0.3169 0 0
15 298 2024 0 0 0 0 0 1.0013 0 0.9227 -0.0578 0.138 0.1505 0.853 0.9976 -0.1489 0.1642 0.1825 1.9448 0.8809 -0.1291 0.4144 0.5045 2.592 0.0114 0.0114 0.2798 0 0
15 299 1986 0 0 0 0 0 1.0003 0 0.4445 0.1338 0.2168 0.2398 0.8709 0.9696 0.434 0.434 0.6411 1.4762 0.8442 0.1526 0.4617 0.5912 2.6431 -0.042 0.042 0.2818 0 0
15 300 2003 0 0 0 0 0 1.0002 0 0.6955 -0.0782 0.2235 0.2407 0.8357 0.9821 -0.0995 0.2008 0.2696 2.1383 0.8591 -0.0734 0.4472 0.555 2.8211 0.0446 0.0446 0.3153 0 0
15 301 2073 0 0 0 0 0 1.0004 0 0.9226 -0.0409 0.1489 0.1704 0.8843 0.9814 0.0283 0.1823 0.2558 2.7325 0.8302 0.0859 0.4633 0.5916 2.8942 0.0212 0.0212 0.2925 0 0
15 302 1999 0 0 0 0 0 1.0006 0 0.6265 -0.0709 0.1233 0.1434 0.7417 0.9938 -0.0067 0.2624 0.3596 3.8568 0.7935 0.0326 0.4777 0.6028 3.0477 0.0542 0.0542 0.351 0 0
15 303 1975 0 0 0 0 0 1.0003 0 0.7498 0.0628 0.1064 0.1367 0.9389 0.9904 0.0192 0.1409 0.1704 1.9249 0.7668 0.0174 0.5164 0.6474 2.9523 -0.1182 0.1182 0.3562 0 0
15 304 1995 0 0 0 0 0 1.0005 0 0.8694 -0.0267 0.0882 0.0955 0.8258 0.9927 -0.084 0.1426 0.1673 2.1927 0.7924 -0.06 0.5081 0.6349 2.9171 0.0529 0.0529 0.3061 0 0
15 305 2016 0 0 0 0 0 1.0002 0 0.6294 -0.1204 0.1944 0.253 0.7836 0.9884 -0.1638 0.2099 0.362 3.5029 0.798 -0.0018 0.4765 0.599 2.7476 0.0551 0.0551 0.2996 0 0
15 306 2014 0 0 0 0 0 1.0003 0 0.7731 0.0015 0.1415 0.1638 0.8671 0.9775 -0.2409 0.2797 0.3321 2.4425 0.7872 -0.1297 0.5081 0.6225 2.8459 -0.0969 0.0969 0.33 0 0
15 307 1997 0 0 0 0 0 1.0005 0 0.7688 0.1217 0.1649 0.1954 0.8939 0.9909 0.1366 0.1845 0.2298 1.3959 0.8327 0.0297 0.4353 0.549 2.5872 -0.1248 0.1248 0.2973 0 0
15 308 2086 0 0 0 0 0 1.0003 0 0.8522 0.0542 0.1308 0.1549 0.963 0.9769 0.1205 0.2825 0.3781 4.7657 0.78 -0.0173 0.5043 0.6414 2.9245 0.053 0.053 0.3293 0 0
15 309 1995 0 0 0 0 0 1.0003 0 0.5283 0.1038 0.1712 0.2521 0.8855 0.9913 -0.068 0.2019 0.2409 2.0866 0.8333 -0.0949 0.4628 0.5934 2.686 -0.0145 0.0145 0.2836 0 0
15 310 2007 0 0 0 0 0 1.0004 0 0.9578 0.0449 0.1276 0.1315 0.8775 0.9971 0.0316 0.1177 0.1449 4.4887 0.8583 0.129 0.4576 0.5596 2.7706 0.1717 0.1717 0.2726 0 0
15 311 1989 0 0 0 0 0 1.0007 0 0.8977 0.0118 0.1361 0.1632 1.0567 0.9793 0.0401 0.24 0.2976 3.086 0.7933 0.173 0.514 0.6367 2.819 -0.0552 0.0552 0.3226 0 0
15 312 1986 0 0 0 0 0 1.001 0 0.8912 -0.0784 0.1778 0.2054 1.0983 0.9841 -0.0315 0.2231 0.289 3.4657 0.8175 0.1704 0.4725 0.6078 2.9018 0.0401 0.0401 0.3066 0 0
15 313 1967 0 0 0 0 0 1.0004 0 0.8236 0.0124 0.1901 0.2327 1.1795 0.9814 0.0388 0.2161 0.3141 4.9584 0.8269 -0.012 0.4579 0.5946 2.8118 -0.0879 0.0879 0.3204 0 0
15 314 2000 0 0 0 0 0 1.0002 0 0.8111 -0.1151 0.1725 0.2036 0.8992 0.9825 -0.1765 0.3054 0.4284 4.2797 0.8171 -0.1086 0.5037 0.6239 2.9634 0.0291 0.0291 0.3667 0 0
15 315 1990 0 0 0 0 0 1.0007 0 0.8325 0.2 0.2277 0.3692 1.3498 0.9928 0.0518 0.1349 0.1649 1.9011 0.8305 0.0074 0.4952 0.6242 2.7229 0.05 0.05 0.2639 0 0
15 316 1985 0 0 0 0 0 1.0006 0 0.7528 -0.0559 0.1629 0.1824 0.9896 0.9891 0.1065 0.2254 0.2939 2.6351 0.8073 0.0606 0.4554 0.5766 2.951 -0.1892 0.1892 0.3824 0 0
15 317 1981 0 0 0 0 0 1.0004 0 0.8815 -0.2054 0.298 0.3139 1.369 0.9749 -0.4371 0.6475 0.9451 8.1776 0.7427 0.0303 0.5035 0.6569 3.0583 0.0507 0.0507 0.3402 0 0
15 318 1984 0 0 0 0 0 1.0009 0 0.7672 -0.1093 0.1981 0.2368 1.0605 0.9897 0.1192 0.31 0.4584 5.1895 0.8124 0.0715 0.4629 0.6059 3.0357 0.0639 0.0639 0.3463 0 0
15 319 1975 0 0 0 0 0 1.0006 0 0.8181 0.0138 0.1572 0.2028 0.8841 0.9891 0.0762 0.204 0.2694 2.5107 0.8398 0.0624 0.4569 0.5704 2.6801 0.0147 0.0147 0.2868 0 0
15 320 1993 0 0 0 0 0 1.0004 0 0.8706 0.0518 0.1311 0.1609 0.918 0.9828 0.1956 0.3229 0.4181 5.9267 0.8038 0.0407 0.4871 0.6216 2.7983 0.0697 0.0697 0.3018 0 0
15 321 1971 0 0 0 0 0 1.0001 0 0.4637 0.064 0.1739 0.2048 0.8568 0.985 0.0858 0.1695 0.2842 3.9106 0.8233 0.0374 0.5045 0.6305 2.7531 -0.0807 0.0807 0.3136 0 0
15 322 2018 0 0 0 0 0 1.0006 0 0.8941 0.011 0.1544 0.1659 0.8316 0.9887 0.0747 0.1444 0.1914 1.8094 0.8334 0.1189 0.4517 0.5656 2.6439 -0.0605 0.0605 0.2996 0 0
15 323 2011 0 0 0 0 0 1.0002 0 0.2175 -0.0055 0.1356 0.1593 0.7293 0.9895 -0.0714 0.1552 0.202 1.5329 0.8335 -0.1168 0.471 0.599 2.7814 0.129 0.129 0.2839 0 0
15 324 1992 0 0 0 0 0 1.0003 0 0.4406 -0.068 0.2088 0.2611 0.7338 0.9329 -0.1685 0.3245 0.3842 2.4283 0.7869 -0.221 0.5462 0.6774 3.1442 0.1973 0.1973 0.335 0 0
15 325 2014 0 0 0 0 0 1.0004 0 0.9018 -0.0515 0.104 0.1096 0.7754 0.9981 0.1244 0.1521 0.1963 3.1738 0.8379 0.026 0.4573 0.5613 2.7488 -0.025 0.025 0.3062 0 0
15 326 2022 0 0 0 0 0 1.0008 0 0.8007 -0.054 0.1352 0.1696 0.9479 0.9671 -0.0829 0.2689 0.4119 4.4013 0.746 -0.0088 0.5449 0.676 2.9724 -0.2134 0.2134 0.3579 0 0
15 327 1991 0 0 0 0 0 1.0006 0 0.9452 -0.0986 0.1054 0.1521 1.1281 0.9907 -0.1784 0.2452 0.3765 4.365 0.7646 0.0103 0.5212 0.6565 3.1348 0.0655 0.0655 0.3566 0 0
15 328 2023 0 0 0 0 0 1.0004 0 0.7332 -0.1456 0.219 0.2536 0.8825 0.9632 0.3102 0.3794 0.5241 5.1375 0.8191 0.0997 0.4839 0.5972 2.8957 -0.0488 0.0488 0.323 0 0
15 329 1974 0 0 0 0 0 1.0004 0 0.4528 -0.0631 0.1999 0.2248 0.8553 0.9754 -0.1329 0.2883 0.3789 3.8373 0.7396 0.0269 0.55 0.7023 2.8803 -0.02 0.02 0.3499 0 0
15 330 2040 0 0 0 0 0 1.0003 0 0.3493 -0.0202 0.1315 0.178 0.7321 0.9916 -0.2545 0.2764 0.2969 1.6246 0.8216 -0.1963 0.5015 0.645 2.8019 0.065 0.065 0.3087 0 0
15 331 2024 0 0 0 0 0 1.0005 0 0.8634 -0.0112 0.1408 0.1832 1.023 0.9872 -0.1765 0.2699 0.3375 2.9089 0.8055 -0.1938 0.5083 0.6307 2.8276 -0.1442 0.1442 0.3378 0 0
15 332 2008 0 0 0 0 0 1.0004 0 0.8369 -0.0514 0.1547 0.1697 0.9119 0.9902 0.0504 0.1614 0.2238 2.6287 0.814 0.0189 0.4693 0.5982 2.8627 -0.0536 0.0536 0.3185 0 0
15 333 2040 0 0 0 0 0 1.0001 0 0.6239 -0.0897 0.1375 0.217 0.826 0.9925 0.0093 0.1378 0.2273 2.0749 0.8413 0.0714 0.4263 0.5305 2.6783 0.0669 0.0669 0.2918 0 0
15 334 1972 0 0 0 0 0 1.0006 0 -0.7964 -1e-04 0.1448 0.1745 0.807 0.9867 -0.1065 0.2647 0.3441 2.9896 0.7727 -0.0203 0.5445 0.6821 2.9702 0.1598 0.1598 0.3036 0 0
15 335 2116 0 0 0 0 0 1.0002 0 0.7678 -0.0531 0.1721 0.2199 0.8845 0.9071 0.2411 0.4208 0.8363 10.9224 0.7661 -0.0623 0.5407 0.681 3.0395 -0.1125 0.1125 0.3702 0 0
15 336 2003 0 0 0 0 0 1.0004 0 0.7176 -0.0645 0.2154 0.2599 0.8079 0.9897 -0.0269 0.1547 0.2158 2.1462 0.8269 -0.0187 0.4387 0.5622 2.7779 -0.2026 0.2026 0.3111 0 0
15 337 2024 0 0 0 0 0 1.0002 0 0.9626 0.058 0.0953 0.1016 0.9768 0.9948 0.0848 0.1267 0.1574 1.2842 0.8541 0.0614 0.4574 0.5809 2.8217 0.0402 0.0402 0.2845 0 0
15 338 1975 0 0 0 0 0 1.0007 0 0.9163 -0.1248 0.1493 0.2275 0.8208 0.997 0.0546 0.1636 0.2001 2.0854 0.8461 0.022 0.4329 0.5471 2.7509 -0.0314 0.0314 0.3251 0 0
15 339 1997 0 0 0 0 0 1.0012 0 0.839 0.0849 0.1229 0.1714 0.7797 0.9902 0.0538 0.1283 0.2032 2.0901 0.8023 0.0393 0.5005 0.616 2.7761 0.0138 0.0138 0.3037 0 0
15 340 1999 0 0 0 0 0 1.0002 0 0.4844 -0.0635 0.1468 0.1657 0.8157 0.9928 0.0122 0.1348 0.1757 1.8323 0.8152 0.0755 0.4709 0.619 2.9533 0.06 0.06 0.3206 0 0
15 341 1984 0 0 0 0 0 1.0006 0 0.7932 -0.0497 0.1427 0.1734 0.7979 0.9761 0.1215 0.3159 0.5147 4.9688 0.8172 -0.1576 0.5145 0.6451 2.831 0.0375 0.0375 0.3133 0 0
15 342 1959 0 0 0 0 0 1.0006 0 0.8759 0.0205 0.1737 0.2054 1.0503 0.9614 -0.0653 0.2501 0.3054 2.5323 0.7989 -0.0217 0.5107 0.6581 3.0353 -0.0881 0.0881 0.3756 0 0
15 343 1980 0 0 0 0 0 1.0003 0 0.2338 -0.1172 0.2606 0.3574 0.7791 0.984 0.0418 0.2893 0.3993 5.4456 0.7433 -0.1269 0.5727 0.7105 3.2314 0.1712 0.1712 0.3255 0 0
15 344 2010 0 0 0 0 0 1.0002 0 0.8481 0.0191 0.1092 0.1327 0.8192 0.9971 0.0119 0.0985 0.1197 2.5421 0.8404 -0.0305 0.4767 0.5978 2.8897 0.19 0.19 0.2668 0 0
15 345 1990 0 0 0 0 0 1.0004 0 0.9623 0.0189 0.1086 0.1276 0.9229 0.9888 0.0514 0.1277 0.1727 2.1349 0.8016 0.0672 0.4954 0.6136 2.7063 -0.0798 0.0798 0.3165 0 0
15 346 2034 0 0 0 0 0 1.0002 0 -0.4978 -0.0128 0.1865 0.1953 0.7301 0.9837 -0.2139 0.2816 0.3159 1.8158 0.8074 -0.1882 0.5295 0.6587 2.9133 0.1604 0.1604 0.3172 0 0
15 347 2016 0 0 0 0 0 1.0004 0 0.9649 0.0616 0.0762 0.0873 0.843 0.9942 0.0105 0.1093 0.1397 1.2938 0.8251 0.0042 0.4676 0.5862 2.6919 -0.0461 0.0461 0.293 0 0
15 348 2023 0 0 0 0 0 1.0003 0 0.9306 -0.0784 0.1136 0.1277 0.8176 0.9882 0.1113 0.2176 0.2645 2.6229 0.7997 0.113 0.4882 0.5964 2.8896 -0.0172 0.0172 0.3327 0 0
15 349 1989 0 0 0 0 0 1.0003 0 0.8298 -0.1644 0.2181 0.2559 0.8315 0.9913 -0.02 0.1694 0.2048 1.8202 0.8329 -0.0489 0.4839 0.5925 2.8195 0.0822 0.0822 0.3169 0 0
15 350 1979 0 0 0 0 0 1.0002 0 0.4677 0.058 0.177 0.2202 0.9404 0.9771 -0.1451 0.2014 0.2843 1.8939 0.7554 -0.1061 0.5338 0.6733 2.8375 0.027 0.027 0.3044 0 0
15 351 2009 0 0 0 0 0 1.0005 0 0.8525 -0.0389 0.1535 0.1679 1.0573 0.9923 -0.1201 0.1856 0.2256 1.7226 0.8222 -0.0525 0.4429 0.5542 2.7458 0.0021 0.0021 0.3048 0 0
15 352 2047 0 0 0 0 0 1.0004 0 0.4885 -0.0719 0.1818 0.1986 0.8397 0.9809 -0.1387 0.2832 0.3791 3.3539 0.7682 -0.0966 0.5073 0.6367 3.0207 -0.0918 0.0918 0.3603 0 0
15 353 2050 0 0 0 0 0 1.0004 0 0.9068 -0.1306 0.1968 0.2097 0.888 0.9935 -0.1421 0.2271 0.2818 2.0772 0.8652 -0.0612 0.4186 0.5346 2.7811 0.1645 0.1645 0.2607 0 0
15 354 2003 0 0 0 0 0 1.0002 0 0.9509 0.0837 0.1127 0.1234 0.887 0.992 -0.0559 0.1116 0.1412 1.4 0.8393 0.0297 0.4542 0.5787 2.7091 -0.0433 0.0433 0.3078 0 0
15 355 1972 0 0 0 0 0 1.0004 0 0.8552 -0.0257 0.1524 0.1639 0.8926 0.9937 0.1069 0.2412 0.3382 6.7102 0.8214 -0.0577 0.4404 0.5568 2.9684 -0.0592 0.0592 0.3424 0 0
15 356 2010 0 0 0 0 0 1.0011 0 0.9506 -0.1081 0.1177 0.1754 1.0749 0.9858 -0.1399 0.2113 0.3217 2.5892 0.8512 -0.0931 0.4211 0.5329 2.6639 -0.0247 0.0247 0.2835 0 0
15 357 1931 0 0 0 0 0 1.0004 0 0.7077 -0.1378 0.1407 0.2438 0.8133 0.9977 0.0623 0.198 0.2751 3.7193 0.8271 -0.017 0.472 0.6064 3.0949 -0.0781 0.0781 0.3745 0 0
15 358 1997 0 0 0 0 0 1.0003 0 0.9328 -0.0084 0.1131 0.125 0.9879 0.9753 0.2988 0.3313 0.4444 3.4599 0.8405 0.1765 0.4871 0.5896 2.8654 0.025 0.025 0.3446 0 0
15 359 1992 0 0 0 0 0 1.0003 0 0.3297 0.0128 0.1953 0.2229 0.9351 0.9567 0.2237 0.3396 0.6185 5.6337 0.7696 0.0451 0.5457 0.6732 2.9408 -0.0488 0.0488 0.3576 0 0
15 360 2009 0 0 0 0 0 1.0004 0 0.8524 0.0109 0.1392 0.1538 0.7607 0.984 0.2167 0.2405 0.3097 2.8951 0.7907 0.0735 0.5012 0.6232 2.9369 0.0073 0.0073 0.334 0 0
15 361 1992 0 0 0 0 0 1.0008 0 0.8028 0.0244 0.1418 0.1576 0.9319 0.9819 0.1371 0.2148 0.256 1.7538 0.7914 0.1295 0.5124 0.6334 2.758 -0.0903 0.0903 0.3096 0 0
15 362 2035 0 0 0 0 0 1.0007 0 0.5169 0.0442 0.1672 0.1992 0.9246 0.9656 0.0132 0.3044 0.4607 4.0018 0.8054 0.0189 0.5132 0.6543 2.8767 -0.0134 0.0134 0.322 0 0
15 363 1962 0 0 0 0 0 1.0004 0 -0.2637 -0.2052 0.2569 0.3179 0.9397 0.952 0.3661 0.6306 0.9041 6.8543 0.7271 0.0821 0.4874 0.618 3.2322 -0.2042 0.2042 0.4278 0 0
15 364 2043 0 0 0 0 0 1.0003 0 0.7293 -0.0525 0.2419 0.29 1.016 0.9776 0.02 0.1724 0.2278 1.7179 0.8475 -0.0138 0.4239 0.5424 2.6325 0.0075 0.0075 0.292 0 0
15 365 1977 0 0 0 0 0 1.0001 0 0.9614 -9e-04 0.0486 0.0627 0.8319 0.979 -0.2324 0.262 0.3601 3.7041 0.8307 -0.1724 0.4998 0.6265 2.847 -0.057 0.057 0.3447 0 0
15 366 1996 0 0 0 0 0 1.0001 0 0.3503 0.0282 0.1544 0.2264 0.857 0.9778 -0.2141 0.2806 0.3866 2.9547 0.7896 -0.1294 0.5258 0.6566 2.8504 -0.0365 0.0365 0.3258 0 0
15 367 2017 0 0 0 0 0 1.0011 0 0.8738 -0.0246 0.1363 0.1441 0.8308 0.9786 0.1241 0.2156 0.2786 2.7935 0.7883 0.2176 0.538 0.6703 2.9393 0.1408 0.1408 0.304 0 0
15 368 2004 0 0 0 0 0 1.0006 0 -0.0219 -0.0715 0.1771 0.2295 0.813 0.988 -0.1564 0.2333 0.2706 1.855 0.8184 -0.1196 0.4773 0.6022 2.9022 -0.0097 0.0097 0.3347 0 0
15 369 2035 0 0 0 0 0 1.0002 0 0.9578 0.0964 0.0976 0.1421 0.8756 0.992 -0.0495 0.1142 0.1415 1.9706 0.8586 -0.0023 0.4448 0.565 2.621 0.0111 0.0111 0.2634 0 0
15 370 2006 0 0 0 0 0 1.0002 0 0.852 -0.1313 0.1833 0.2298 0.9215 0.9635 -0.232 0.3781 0.6905 7.127 0.8052 -0.0091 0.4629 0.5874 2.95 -0.0535 0.0535 0.3385 0 0
15 371 1990 0 0 0 0 0 1.0003 0 0.4362 -0.0434 0.1879 0.1982 0.8703 0.9644 -0.1629 0.2923 0.375 2.3301 0.7559 -0.0798 0.5326 0.6807 3.0094 -0.0222 0.0222 0.3423 0 0
15 372 1982 0 0 0 0 0 1.0001 0 0.6862 -0.0143 0.1385 0.171 0.745 0.9783 0.2242 0.255 0.3725 3.2027 0.853 0.0551 0.427 0.5366 2.8504 0.0539 0.0539 0.2936 0 0
15 373 1991 0 0 0 0 0 1.0002 0 0.7325 -0.0411 0.1488 0.164 0.9204 0.9804 0.1912 0.2407 0.3401 3.2099 0.769 0.0454 0.5078 0.6282 2.9092 -0.1308 0.1308 0.3623 0 0
15 374 2021 0 0 0 0 0 1.0003 0 0.8971 -0.1847 0.1847 0.2099 0.8518 0.9852 0.0631 0.2426 0.3368 3.4924 0.8052 0.0258 0.4552 0.5746 3.0932 0.0357 0.0357 0.3423 0 0
15 375 1983 0 0 0 0 0 1.0003 0 0.859 -0.0511 0.0991 0.1105 0.7808 0.9899 -0.1852 0.2338 0.3027 2.5378 0.7305 -0.1216 0.5385 0.6733 3.0108 0.0301 0.0301 0.332 0 0
15 376 1977 0 0 0 0 0 1.0005 0 0.9669 0.1579 0.1579 0.1856 1.0496 0.9919 0.0973 0.1715 0.22 1.9984 0.8028 0.0364 0.5083 0.6391 2.758 -0.0307 0.0307 0.3083 0 0
15 377 2046 0 0 0 0 0 1.0005 0 0.8104 -0.0528 0.0874 0.1351 0.7617 0.986 0.0296 0.1926 0.2378 2.1113 0.7962 0.0795 0.4939 0.6325 3.0775 0.013 0.013 0.3426 0 0
15 378 2032 0 0 0 0 0 1.0003 0 0.1217 -0.0189 0.2423 0.3039 1.1152 0.9885 -0.0391 0.1879 0.2733 2.4808 0.8349 0.0274 0.4329 0.5439 2.845 0.0056 0.0056 0.3136 0 0
15 379 1978 0 0 0 0 0 1.0004 0 0.9462 0.1624 0.1624 0.1737 0.7776 0.9925 -0.2281 0.2452 0.2677 1.457 0.8169 -0.1501 0.5334 0.6644 2.7281 -0.059 0.059 0.3085 0 0
15 380 1963 0 0 0 0 0 1.0007 0 0.8577 0.0026 0.0758 0.0939 0.8769 0.9943 0.0552 0.1097 0.1589 2.2218 0.7741 0.0649 0.5009 0.64 2.9477 -0.0925 0.0925 0.3457 0 0
15 381 2015 0 0 0 0 0 1.0005 0 0.8911 0.0367 0.1024 0.1314 0.7747 0.9959 0.039 0.0846 0.1066 1.2899 0.8372 0.0285 0.4447 0.5729 2.6315 0.1062 0.1062 0.2718 0 0
15 382 2001 0 0 0 0 0 1.0004 0 0.6976 -0.0411 0.0922 0.118 0.7851 0.9933 -0.0449 0.1834 0.2327 3.2937 0.7838 -0.0488 0.4897 0.6189 2.978 -0.0341 0.0341 0.3447 0 0
15 383 2006 0 0 0 0 0 1.0005 0 0.8855 -0.027 0.1631 0.1678 0.9718 0.9939 -0.2034 0.2097 0.2382 1.4854 0.8617 -0.1233 0.4496 0.5547 2.8081 0.1007 0.1007 0.2774 0 0
15 384 1988 0 0 0 0 0 1.0009 0 0.9276 0.074 0.1437 0.1739 1.0049 0.9873 0.0209 0.1474 0.2019 3.2302 0.8005 0.0531 0.5075 0.6184 2.8156 0.0623 0.0623 0.2913 0 0
15 385 1984 0 0 0 0 0 1.0003 0 0.9224 0.0546 0.115 0.1259 0.7591 0.9959 0.0403 0.0903 0.1083 1.6369 0.8251 0.0153 0.4788 0.6113 2.7915 -0.0974 0.0974 0.3215 0 0
15 386 1998 0 0 0 0 0 1.0004 0 0.8197 -0.0844 0.2315 0.2771 0.826 0.9711 0.0012 0.1931 0.2275 2.4284 0.829 0.0125 0.4447 0.5646 2.6137 -0.063 0.063 0.2958 0 0
15 387 2070 0 0 0 0 0 1.0006 0 0.7749 -0.0389 0.1299 0.1557 0.9104 0.9893 0.0743 0.1636 0.2012 1.7614 0.781 0.0351 0.512 0.6473 2.9264 0.0161 0.0161 0.3305 0 0
15 388 1998 0 0 0 0 0 1.0004 0 0.9106 -0.0463 0.0985 0.1177 0.7841 0.9917 0.0646 0.1202 0.1498 1.6075 0.8605 0.043 0.4307 0.5489 2.6936 0.0925 0.0925 0.2778 0 0
15 389 1991 0 0 0 0 0 1.0008 0 0.4955 -0.003 0.1896 0.1937 0.901 0.966 0.1337 0.3492 0.4347 4.3645 0.7784 0.1293 0.5415 0.6779 3.0832 -0.0073 0.0073 0.3505 0 0
15 390 1979 0 0 0 0 0 1.0006 0 0.952 -0.0336 0.1079 0.1201 0.8837 0.9522 0.1212 0.3082 0.5242 8.9521 0.7959 -0.0744 0.4815 0.6146 2.9436 -0.0091 0.0091 0.3134 0 0
15 391 1990 0 0 0 0 0 1.0011 0 0.6805 0.0168 0.157 0.201 0.8678 0.9707 0.009 0.2227 0.3661 5.2743 0.7603 -0.0156 0.5316 0.6636 3.0637 -0.1081 0.1081 0.4033 0 0
15 392 1984 0 0 0 0 0 1.0003 0 0.7163 -0.0336 0.0784 0.1023 0.8114 0.9949 -0.0651 0.1235 0.1462 2.7534 0.8142 -0.0513 0.4593 0.5773 2.7849 -0.1779 0.1779 0.3311 0 0
15 393 1998 0 0 0 0 0 1.0002 0 0.9296 0.1132 0.1997 0.2309 1.027 0.9806 -0.3176 0.3539 0.619 8.2616 0.7915 -0.0708 0.5226 0.6581 2.7161 -0.0218 0.0218 0.2932 0 0
15 394 1967 0 0 0 0 0 1.0005 0 0.9421 0.0573 0.0778 0.1016 0.8406 0.996 -0.2024 0.2151 0.2448 2.9076 0.7183 -0.1376 0.5753 0.7194 2.9751 -0.0928 0.0928 0.3798 0 0
15 395 2000 0 0 0 0 0 1.0003 0 -0.0565 0.0617 0.1556 0.1685 0.766 0.9931 -0.1229 0.1612 0.2139 1.2377 0.8351 -0.0171 0.4743 0.5931 2.7098 -0.0268 0.0268 0.3063 0 0
15 396 1968 0 0 0 0 0 1.0006 0 0.9311 0.0065 0.1631 0.1929 1.2477 0.9818 0.0454 0.1331 0.1809 2.2797 0.774 0.0303 0.5467 0.6807 2.9389 0.0845 0.0845 0.3312 0 0
15 397 2010 0 0 0 0 0 1.0004 0 0.9786 -0.014 0.0892 0.097 0.9461 0.9905 0.0463 0.144 0.2098 2.9061 0.8581 0.0083 0.4071 0.5139 2.6228 -0.0056 0.0056 0.281 0 0
15 398 1981 0 0 0 0 0 1.0003 0 0.0811 -0.1145 0.1786 0.2163 0.7685 0.9837 -0.2582 0.2814 0.4051 3.5932 0.7929 -0.0864 0.4768 0.6031 3.007 0.0316 0.0316 0.3572 0 0
15 399 1963 0 0 0 0 0 1.0006 0 -0.0601 -0.064 0.2302 0.2758 1.0667 0.9619 0.0349 0.44 0.6894 5.874 0.7235 -0.0338 0.5529 0.6868 3.1424 -0.1411 0.1411 0.3986 0 0
15 400 2021 0 0 0 0 0 1.0004 0 -0.5003 -0.1632 0.2117 0.3064 0.7905 0.9771 -0.0492 0.2765 0.3844 3.1006 0.7798 -0.143 0.4927 0.6183 3.0455 -0.0763 0.0763 0.362 0 0
15 401 1986 0 0 0 0 0 1.0005 0 0.6616 -0.0847 0.1557 0.1724 0.771 0.9917 -0.212 0.246 0.3376 2.8547 0.8121 -0.0793 0.4834 0.5961 2.8187 0.025 0.025 0.3214 0 0
15 402 2027 0 0 0 0 0 1.0005 0 0.4469 -0.0196 0.1123 0.1265 0.8092 0.9966 -0.029 0.0675 0.0992 1.0239 0.8722 -0.0385 0.4046 0.513 2.592 -0.0297 0.0297 0.2868 0 0
15 403 1998 0 0 0 0 0 1.0008 0 0.9534 0.0117 0.1057 0.1185 0.7907 0.9811 0.0811 0.1551 0.2099 2.6346 0.8445 0.0833 0.4673 0.5761 2.7641 0.0994 0.0994 0.3012 0 0
15 404 2030 0 0 0 0 0 1.0005 0 0.3967 0.0031 0.3162 0.3479 1.0521 0.982 -0.076 0.2479 0.32 3.4948 0.7629 1e-04 0.5141 0.6387 2.8155 -0.0154 0.0154 0.3104 0 0
15 405 2008 0 0 0 0 0 1.0003 0 0.9433 0.0157 0.1215 0.1716 0.832 0.9883 0.0919 0.1457 0.2012 3.3378 0.8217 0.0011 0.4961 0.6237 2.9332 0.0749 0.0749 0.3036 0 0
15 406 2021 0 0 0 0 0 1.0008 0 0.9653 -0.0312 0.0688 0.1077 0.9448 0.992 -0.0121 0.133 0.1711 2.6516 0.8379 0.0601 0.4339 0.5477 2.6619 -0.0274 0.0274 0.2826 0 0
15 407 2007 0 0 0 0 0 1.0013 0 0.93 -0.0433 0.1003 0.121 0.7453 0.9914 0.0226 0.1074 0.1323 1.2882 0.8635 -0.0048 0.4106 0.5299 2.6394 -0.0081 0.0081 0.2858 0 0
15 408 2018 0 0 0 0 0 1.0007 0 0.6713 -0.2148 0.2325 0.2867 0.7871 0.9907 -0.1913 0.4769 0.7922 6.4944 0.7897 -0.1162 0.4814 0.6018 3.0074 0.1124 0.1124 0.3258 0 0
15 409 1992 0 0 0 0 0 1.0005 0 0.7541 -0.0774 0.144 0.2103 0.8689 0.9966 0.0955 0.1203 0.1712 2.649 0.8042 -0.0451 0.4925 0.6306 2.9356 0.011 0.011 0.3226 0 0
15 410 1972 0 0 0 0 0 1.0007 0 0.896 -0.0776 0.1271 0.14 0.8466 0.9954 0.0935 0.1464 0.1957 3.6304 0.829 -0.0198 0.4539 0.5645 2.8363 -0.0608 0.0608 0.3354 0 0
15 411 1969 0 0 0 0 0 1.0003 0 0.3093 -0.1173 0.1375 0.1529 0.8397 0.9855 0.0865 0.284 0.3545 3.7016 0.7041 0.0323 0.4953 0.6194 3.1873 -0.229 0.229 0.4122 0 0
15 412 1985 0 0 0 0 0 1.0002 0 0.7461 0.0383 0.101 0.1467 0.7569 0.9903 0.1256 0.1796 0.2444 3.1608 0.7877 -0.0033 0.5127 0.6232 2.8408 0.0659 0.0659 0.3096 0 0
15 413 1976 0 0 0 0 0 1.0003 0 0.9118 -0.0568 0.1054 0.1223 0.9167 0.9871 -0.1065 0.1844 0.2608 2.7994 0.7597 -0.0176 0.5616 0.6977 3.1128 0.0885 0.0885 0.3679 0 0
15 414 1991 0 0 0 0 0 1.0003 0 0.9007 -0.004 0.0667 0.0827 0.8423 0.9913 0.0148 0.1175 0.1446 1.4379 0.7902 0.0347 0.4778 0.6141 2.8824 -0.0016 0.0016 0.3218 0 0
15 415 1979 0 0 0 0 0 1.0006 0 0.8267 0.137 0.2178 0.2916 1.116 0.9823 0.0931 0.1827 0.2427 2.1329 0.7992 0.0272 0.5386 0.6667 2.9187 0.0768 0.0768 0.2954 0 0
15 416 2023 0 0 0 0 0 1.0003 0 0.5234 -0.176 0.2668 0.3137 0.8531 0.9679 0.4582 0.5726 1.0188 10.066 0.823 -0.0466 0.4214 0.5411 2.919 0.0309 0.0309 0.3259 0 0
15 417 2009 0 0 0 0 0 1.0009 0 0.1433 -0.1414 0.1776 0.2222 0.7721 0.978 0.1476 0.3284 0.5269 4.331 0.7958 -0.0107 0.4823 0.5971 3.1041 0.1016 0.1016 0.3217 0 0
15 418 1980 0 0 0 0 0 1.0004 0 0.5085 0.0779 0.2351 0.2568 0.9235 0.9839 -0.1027 0.1768 0.2191 2.1664 0.8205 -0.0665 0.4819 0.6075 2.8361 -0.0119 0.0119 0.3112 0 0
15 419 1983 0 0 0 0 0 1.0003 0 0.6392 -0.0036 0.0876 0.0957 0.774 0.9902 -0.1166 0.1588 0.2349 3.6367 0.7576 -0.0169 0.5294 0.6712 2.9079 -0.1579 0.1579 0.3606 0 0
15 420 1979 0 0 0 0 0 1.0005 0 0.6317 0.0521 0.1492 0.1768 0.9011 0.9886 0.07 0.133 0.1772 2.7048 0.7332 0.0389 0.5784 0.712 3.0426 -0.0515 0.0515 0.3701 0 0
15 421 1999 0 0 0 0 0 1.0012 0 0.7378 -0.0519 0.2103 0.2365 0.9405 0.9825 -0.048 0.2131 0.3071 3.6313 0.7873 0.0279 0.4679 0.5849 2.8898 -0.1469 0.1469 0.343 0 0
15 422 2006 0 0 0 0 0 1.0003 0 0.9119 -0.0209 0.0776 0.0967 0.8289 0.9836 -0.0281 0.136 0.1902 2.0756 0.7836 -0.059 0.4881 0.6144 2.886 0.0083 0.0083 0.3412 0 0
15 423 2004 0 0 0 0 0 1.0009 0 -0.2199 0.0497 0.1908 0.242 0.8504 0.9843 -0.0131 0.141 0.1879 1.8593 0.7748 -0.0643 0.5161 0.6641 2.9001 -0.0322 0.0322 0.331 0 0
15 424 2002 0 0 0 0 0 1.0005 0 0.8608 -0.1855 0.1855 0.2149 0.7609 0.9933 0.1543 0.3618 0.4374 3.9667 0.7146 -0.0674 0.531 0.6648 3.26 0.0627 0.0627 0.384 0 0
15 425 2005 0 0 0 0 0 1.0003 0 0.8278 -0.0538 0.1982 0.2291 0.9702 0.9886 0.0922 0.1737 0.2106 1.8814 0.8275 0.0604 0.4412 0.5687 2.9869 0.099 0.099 0.2987 0 0
15 426 2000 0 0 0 0 0 1.0002 0 0.6831 -0.0512 0.152 0.1777 0.898 0.9864 -0.0085 0.2018 0.2358 3.4242 0.7876 -0.0478 0.499 0.6272 3.0159 -0.0715 0.0715 0.342 0 0
15 427 1998 0 0 0 0 0 1.0002 0 0.85 -0.06 0.1354 0.1484 0.8471 0.9837 0.1707 0.2146 0.3251 3.2597 0.7852 0.1873 0.5235 0.6663 3.3071 0.1515 0.1515 0.324 0 0
15 428 2015 0 0 0 0 0 1.0003 0 0.6766 -0.0848 0.1593 0.186 0.8351 0.9848 -0.0683 0.2505 0.3245 3.2442 0.7562 -0.0318 0.5499 0.7106 3.1091 0.0596 0.0596 0.3604 0 0
15 429 1993 0 0 0 0 0 1.0006 0 0.9697 -0.0817 0.0817 0.1112 0.9961 0.9747 0.0059 0.3188 0.4643 4.6179 0.7317 -0.0993 0.559 0.6864 3.2172 0.1007 0.1007 0.4018 0 0
15 430 2015 0 0 0 0 0 1.0003 0 0.7937 -0.0321 0.1139 0.1379 0.7236 0.9904 0.0699 0.1487 0.2079 2.2926 0.7869 0.0133 0.5124 0.639 2.8936 -0.0382 0.0382 0.3212 0 0
15 431 1981 0 0 0 0 0 1.0009 0 0.9433 -0.1073 0.1424 0.1534 1.0816 0.9917 0.1046 0.2 0.2474 4.6129 0.7566 0.1037 0.5369 0.6532 3.2533 0.0035 0.0035 0.399 0 0
15 432 1984 0 0 0 0 0 1.0004 0 0.975 -0.0555 0.1244 0.1291 1.1655 0.9817 0.0654 0.2622 0.3307 3.4782 0.8113 -0.0254 0.4697 0.6007 2.8396 -0.0763 0.0763 0.3144 0 0
15 433 1994 0 0 0 0 0 1.0007 0 0.9865 0.0093 0.0419 0.0506 0.8724 0.9852 2e-04 0.1648 0.2048 3.0114 0.7746 -0.0109 0.5082 0.6404 2.9248 0.0654 0.0654 0.3214 0 0
15 434 1981 0 0 0 0 0 1.0006 0 0.8718 -0.0374 0.1106 0.1348 0.9535 0.9796 0.0427 0.2275 0.3171 2.9052 0.7888 0.0293 0.5213 0.6574 3.0546 0.1101 0.1101 0.3194 0 0
15 435 2007 0 0 0 0 0 1.0003 0 0.9423 -0.1675 0.1848 0.2687 0.9949 0.9863 -0.2399 0.292 0.4389 4.7736 0.8148 -0.0792 0.4763 0.6026 2.8955 0.0099 0.0099 0.3394 0 0
15 436 2019 0 0 0 0 0 1.0003 0 0.7668 -0.0174 0.1469 0.204 0.9524 0.9729 -0.0055 0.2033 0.2948 2.0187 0.8187 -0.0037 0.4665 0.5816 2.8652 0.0173 0.0173 0.3055 0 0
15 437 1991 0 0 0 0 0 1.0004 0 0.7671 -0.0602 0.1423 0.1699 1.0547 0.986 -0.0349 0.1604 0.1912 2.1158 0.8032 0.0015 0.4706 0.5989 2.9099 -0.0289 0.0289 0.3582 0 0
15 438 2069 0 0 0 0 0 1.0007 0 0.82 0.1792 0.2101 0.2456 0.7956 0.9812 -0.0326 0.1679 0.2277 2.591 0.8341 0.0445 0.4853 0.6068 2.5729 -0.0725 0.0725 0.2983 0 0
15 439 1994 0 0 0 0 0 1.0005 0 0.7951 -0.0773 0.1014 0.1174 0.708 0.9822 0.1329 0.2288 0.2743 1.7239 0.7943 0.1486 0.4938 0.6235 2.9643 0.066 0.066 0.3238 0 0
15 440 2005 0 0 0 0 0 1.0003 0 0.94 -0.0623 0.1073 0.1445 0.9005 0.9893 -0.0783 0.1651 0.2377 2.9923 0.8211 0.0054 0.4543 0.5698 2.846 0.0444 0.0444 0.3018 0 0
15 441 1997 0 0 0 0 0 1.0004 0 0.8595 -0.0406 0.0759 0.103 0.8874 0.9847 -0.0836 0.1972 0.3065 4.0261 0.7503 0.0498 0.5339 0.6657 3.1243 -0.1023 0.1023 0.3747 0 0
15 442 1974 0 0 0 0 0 1.0002 0 0.806 0.0048 0.1632 0.2127 1.0782 0.9791 -0.1452 0.2375 0.2737 2.1101 0.8043 -0.0798 0.4915 0.6103 2.838 -0.0903 0.0903 0.3203 0 0
15 443 1996 0 0 0 0 0 1.0003 0 0.9057 -0.0408 0.1581 0.2036 0.8925 0.9944 -0.0474 0.1299 0.1597 2.7756 0.7815 -0.0358 0.4969 0.6256 2.9753 -0.0106 0.0106 0.3639 0 0
15 444 1964 0 0 0 0 0 1.0003 0 0.5968 -0.1205 0.2945 0.376 0.9231 0.9784 -0.1272 0.2337 0.2894 2.6074 0.7734 -0.141 0.5479 0.7041 3.0669 0.0294 0.0294 0.3535 0 0
15 445 1990 0 0 0 0 0 1.0003 0 0.8814 -0.0506 0.1079 0.1212 0.8324 0.9903 0.1055 0.1741 0.2183 2.319 0.7847 0.0843 0.4967 0.6191 2.912 0.0618 0.0618 0.3164 0 0
15 446 1990 0 0 0 0 0 1.0001 0 0.9403 -0.0299 0.1064 0.1316 1.0914 0.9872 -0.1927 0.2514 0.2969 2.2693 0.8213 -0.1608 0.4815 0.6073 2.9982 0.0733 0.0733 0.3154 0 0
15 447 2022 0 0 0 0 0 1.0004 0 0.9662 -0.0926 0.1897 0.2059 1.2056 0.9877 0.0148 0.2661 0.3309 3.4757 0.766 -0.0792 0.4826 0.6146 2.9052 0.0258 0.0258 0.3502 0 0
15 448 1976 0 0 0 0 0 1.0003 0 0.7891 -0.1922 0.246 0.2668 0.806 0.9968 0.1801 0.2109 0.2861 2.4049 0.8557 0.1841 0.4644 0.5861 2.7554 -0.022 0.022 0.3175 0 0
15 449 1986 0 0 0 0 0 1.0004 0 0.9019 -0.0811 0.1302 0.1555 0.8375 0.9526 -0.2669 0.3435 0.4875 4.8043 0.8019 -0.0641 0.4819 0.6028 2.9242 -0.017 0.017 0.3338 0 0
15 450 1995 0 0 0 0 0 1.0002 0 0.9051 0.1244 0.1244 0.1537 0.8339 0.9918 0.1874 0.2075 0.2567 1.1079 0.7999 0.0814 0.5396 0.6648 2.742 -0.0473 0.0473 0.301 0 0
15 451 1997 0 0 0 0 0 1.0002 0 0.946 0.0641 0.1376 0.174 1.0883 0.9852 -0.0278 0.1862 0.24 2.0267 0.8654 -0.065 0.4427 0.557 2.5509 0.0198 0.0198 0.2649 0 0
15 452 1998 0 0 0 0 0 1.0013 0 0.7507 -0.0273 0.1495 0.165 0.8303 0.9912 -0.0224 0.1251 0.159 1.6101 0.8441 -0.0162 0.4332 0.5438 2.7308 -0.016 0.016 0.3166 0 0
15 453 1990 0 0 0 0 0 1.0003 0 0.9575 -0.0744 0.1007 0.1141 0.8783 0.9817 -0.2507 0.3224 0.4432 5.3075 0.8214 -0.1493 0.4978 0.6071 2.9471 -0.1265 0.1265 0.3248 0 0
15 454 1994 0 0 0 0 0 1.0002 0 0.9397 -0.0493 0.0937 0.1006 0.8933 0.9934 0.0864 0.1981 0.2588 3.6206 0.769 0.0793 0.519 0.6442 3.1373 -0.0643 0.0643 0.3398 0 0
15 455 2054 0 0 0 0 0 1.0003 0 0.3876 -0.0224 0.1125 0.1372 0.7133 0.9913 0.1802 0.2199 0.2697 2.1786 0.8119 0.0772 0.4815 0.6004 2.8652 0.1314 0.1314 0.2919 0 0
15 456 2011 0 0 0 0 0 1.0003 0 0.5 -0.0142 0.1813 0.2477 0.8434 0.9901 -0.006 0.1575 0.2029 1.8325 0.833 0.053 0.4499 0.5607 2.7827 -0.0439 0.0439 0.296 0 0
15 457 1964 0 0 0 0 0 1.0003 0 0.8573 -0.002 0.0669 0.0714 0.7695 0.9953 0.0287 0.0828 0.1109 1.6049 0.8049 -0.0388 0.4793 0.5902 2.7645 -0.2222 0.2222 0.3363 0 0
15 458 2020 0 0 0 0 0 1.0015 0 0.972 -0.0369 0.1123 0.1356 0.7537 0.9853 0.0717 0.1988 0.2489 2.6335 0.7654 0.0626 0.5115 0.6404 2.9414 0.0496 0.0496 0.3334 0 0
15 459 2016 0 0 0 0 0 1.0004 0 0.7053 -0.0489 0.1553 0.1833 0.7076 0.9919 -0.2368 0.2368 0.2876 2.8267 0.8222 -0.1396 0.4758 0.5857 2.9167 0.0498 0.0498 0.3069 0 0
15 460 1993 0 0 0 0 0 1.0004 0 0.8913 -0.1492 0.1653 0.1993 0.9873 0.9875 -0.0018 0.2655 0.4068 3.2525 0.819 -0.0233 0.4402 0.5558 3.0723 -0.0349 0.0349 0.3638 0 0
15 461 2013 0 0 0 0 0 1.0007 0 0.6961 -0.0164 0.2456 0.306 0.8243 0.993 0.0368 0.1479 0.1861 3.5098 0.8728 -0.0707 0.4244 0.523 2.61 0.0519 0.0519 0.2681 0 0
15 462 1998 0 0 0 0 0 1.0009 0 0.8104 -3e-04 0.1583 0.2194 1.0347 0.9922 0.0666 0.179 0.2144 2.4538 0.7924 0.069 0.486 0.607 2.8582 -0.0058 0.0058 0.3069 0 0
15 463 2047 0 0 0 0 0 1.0003 0 0.5836 -0.1174 0.2035 0.2413 0.832 0.9611 -0.0861 0.3471 0.4897 5.2118 0.7112 0.0299 0.532 0.673 3.1361 0.0315 0.0315 0.382 0 0
15 464 1979 0 0 0 0 0 1.0002 0 0.9614 0.067 0.1252 0.1464 0.7883 0.9708 0.0651 0.1861 0.3494 4.6798 0.8015 0.0199 0.4976 0.6202 2.8053 0.0118 0.0118 0.3117 0 0
15 465 2017 0 0 0 0 0 1.0005 0 0.6854 -0.0201 0.1486 0.1747 0.8624 0.9875 0.1121 0.2193 0.2647 2.8099 0.8151 0.0867 0.5016 0.6304 2.9089 -0.0028 0.0028 0.3376 0 0
15 466 1978 0 0 0 0 0 1.0004 0 0.6393 0.0073 0.1416 0.1732 0.845 0.9886 0.0109 0.1524 0.1877 1.8777 0.8174 -0.0333 0.4674 0.5844 2.7613 -0.0687 0.0687 0.3177 0 0
15 467 2003 0 0 0 0 0 1.0005 0 0.9788 0.0394 0.0701 0.0754 0.884 0.9906 0.2164 0.228 0.2627 1.5215 0.8337 0.1289 0.4673 0.5873 2.8054 -0.0135 0.0135 0.2957 0 0
15 468 2007 0 0 0 0 0 1.0004 0 0.8099 -0.0803 0.1756 0.1903 0.8935 0.9778 -0.04 0.2938 0.4383 4.7257 0.7916 0.0094 0.5257 0.6599 2.9988 0.0577 0.0577 0.3448 0 0
15 469 1989 0 0 0 0 0 1.0004 0 0.2633 -0.0167 0.1467 0.1906 0.8532 0.9752 -0.0803 0.2029 0.267 1.6872 0.7842 -0.0754 0.5065 0.6328 2.8765 0.079 0.079 0.3187 0 0
15 470 2014 0 0 0 0 0 1.0003 0 0.825 -0.2518 0.2518 0.2907 0.795 0.9917 0.1782 0.2781 0.3554 2.7548 0.8057 -0.0712 0.4809 0.6029 3.0606 0.1523 0.1523 0.3159 0 0
15 471 1996 0 0 0 0 0 1.0005 0 0.8906 -0.0364 0.1624 0.2166 1.0553 0.9656 0.0819 0.2466 0.4287 4.8224 0.8126 -0.1058 0.4771 0.6004 2.8296 0.0357 0.0357 0.3198 0 0
15 472 1957 0 0 0 0 0 1.0005 0 0.8866 -0.2336 0.2336 0.2976 0.8386 0.9924 0.2124 0.5385 0.7662 7.1956 0.759 0.0655 0.5365 0.6582 3.2961 0.1381 0.1381 0.3968 0 0
15 473 1977 0 0 0 0 0 1.0002 0 0.9111 0.0874 0.127 0.1693 0.9523 0.9905 -0.0637 0.125 0.1618 1.9518 0.8419 -0.0146 0.449 0.5796 2.8122 -0.0534 0.0534 0.3105 0 0
15 474 2039 0 0 0 0 0 1.0004 0 0.873 -0.1395 0.1429 0.1852 0.7413 0.9558 0.2451 0.3126 0.564 5.9247 0.7816 0.0985 0.4749 0.6039 3.1544 0.0196 0.0196 0.3508 0 0
15 475 2022 0 0 0 0 0 1.0002 0 0.9352 0.0617 0.1414 0.1638 0.8137 0.9833 -0.1804 0.1958 0.2881 1.2945 0.84 -0.091 0.4427 0.5751 2.6535 -0.0172 0.0172 0.2845 0 0
15 476 1980 0 0 0 0 0 1.0003 0 0.7911 -0.05 0.0934 0.1334 0.9106 0.969 -0.1594 0.3571 0.701 9.8266 0.7395 0.092 0.6086 0.753 3.1514 0.0865 0.0865 0.3646 0 0
15 477 2036 0 0 0 0 0 1.0003 0 0.7991 -0.0661 0.1104 0.1658 0.8359 0.9859 -0.0303 0.163 0.1963 2.0419 0.8315 -0.0723 0.4751 0.5924 2.9421 0.0854 0.0854 0.3015 0 0
15 478 1997 0 0 0 0 0 1.0003 0 0.9471 -0.0039 0.09 0.104 0.97 0.9935 -0.1505 0.1746 0.2147 2.2841 0.8021 -0.0874 0.4699 0.6017 2.8048 -0.0352 0.0352 0.3088 0 0
15 479 2014 0 0 0 0 0 1.0005 0 0.6715 0.0712 0.1824 0.2126 0.9845 0.9955 0.048 0.0889 0.1111 1.3081 0.8233 0.0367 0.4776 0.5976 2.7182 0.0337 0.0337 0.2775 0 0
15 480 1939 0 0 0 0 0 1.0002 0 0.8312 0.1252 0.237 0.2986 1.0922 0.988 -0.0501 0.2053 0.262 2.1729 0.8315 -0.0044 0.4806 0.6056 2.7453 -0.0953 0.0953 0.3033 0 0
15 481 2014 0 0 0 0 0 1.0002 0 0.9614 0.0549 0.0687 0.075 0.7566 0.9952 0.151 0.1741 0.195 2.1311 0.7917 0.101 0.5232 0.6504 2.8441 0.0243 0.0243 0.318 0 0
15 482 2009 0 0 0 0 0 1.0005 0 0.9663 0.0477 0.0477 0.0633 0.7193 0.9963 0.0252 0.0707 0.0966 1.3491 0.8443 0.0313 0.4308 0.551 2.6308 0.1091 0.1091 0.2722 0 0
15 483 1976 0 0 0 0 0 1.0002 0 0.8095 0.0136 0.1212 0.1636 0.8639 0.9825 -0.1074 0.2081 0.2479 3.129 0.8305 -0.058 0.4685 0.5911 2.787 0.0395 0.0395 0.3044 0 0
15 484 2007 0 0 0 0 0 1.0004 0 0.9652 0.1291 0.1791 0.205 0.9759 0.9804 -0.1534 0.1792 0.2492 3.4187 0.8315 -0.0606 0.481 0.5995 2.7523 0.0271 0.0271 0.2833 0 0
15 485 1978 0 0 0 0 0 1.0004 0 0.7534 -0.0599 0.0933 0.1354 0.7373 0.9885 0.0921 0.1815 0.2093 1.7037 0.7837 0.0621 0.4992 0.625 2.8266 -0.1074 0.1074 0.3581 0 0
15 486 1991 0 0 0 0 0 1.0006 0 0.9269 -0.1838 0.1838 0.2105 0.7588 0.9902 -0.0753 0.3311 0.4244 5.4198 0.788 -0.1482 0.4803 0.6115 2.9986 0.0215 0.0215 0.3443 0 0
15 487 2004 0 0 0 0 0 1.0004 0 0.953 0.0093 0.0855 0.104 0.9605 0.9958 0.0556 0.0994 0.1537 1.932 0.8475 -0.0491 0.4625 0.5801 2.6803 9e-04 9e-04 0.2844 0 0
15 488 2019 0 0 0 0 0 1.0005 0 0.6944 -0.1944 0.2466 0.2823 0.8221 0.945 -0.2572 0.4768 0.7384 6.6319 0.7738 0.0592 0.5154 0.6705 3.1659 0.1321 0.1321 0.3364 0 0
15 489 2091 0 0 0 0 0 1.0005 0 0.8738 -0.0645 0.1457 0.1875 0.8575 0.9824 0.0487 0.183 0.2489 3.277 0.8377 0.1121 0.4492 0.5659 2.8196 -0.0273 0.0273 0.3143 0 0
15 490 1989 0 0 0 0 0 1.0003 0 0.779 0.0874 0.1358 0.1991 0.8969 0.9937 0.006 0.1051 0.1237 1.2658 0.8349 -0.0265 0.456 0.5709 2.6509 -0.0771 0.0771 0.2983 0 0
15 491 2088 0 0 0 0 0 1.0004 0 0.8765 0.0374 0.1418 0.1482 0.8342 0.9953 0.0635 0.1137 0.1408 2.2034 0.8011 0.0479 0.4933 0.6147 2.6968 -0.0366 0.0366 0.3046 0 0
15 492 2030 0 0 0 0 0 1.001 0 0.9392 -0.1871 0.1871 0.2212 0.8829 0.9898 0.1154 0.3472 0.5798 7.9951 0.7809 0.0011 0.4637 0.5872 3.08 -0.0275 0.0275 0.3413 0 0
15 493 1986 0 0 0 0 0 1.0002 0 0.8288 -0.0378 0.1326 0.1612 0.8984 0.9925 -0.1388 0.2082 0.2574 2.7903 0.7919 -0.0797 0.5105 0.6623 2.9771 0.0497 0.0497 0.3032 0 0
15 494 2021 0 0 0 0 0 1.0004 0 0.983 -0.0863 0.0863 0.0985 0.9044 0.9959 0.0684 0.1221 0.1394 1.7214 0.8503 0.0916 0.4341 0.5552 2.6829 -0.0564 0.0564 0.3218 0 0
15 495 1993 0 0 0 0 0 1.0003 0 0.853 -0.1002 0.1562 0.2382 0.7844 0.9836 -0.1409 0.2225 0.2844 1.9221 0.8071 -0.0863 0.4697 0.6049 2.9024 -0.0141 0.0141 0.3078 0 0
15 496 1998 0 0 0 0 0 1.0008 0 0.6668 -0.1619 0.1766 0.2302 0.768 0.9893 -0.127 0.2658 0.3579 2.9502 0.7572 -0.1295 0.5148 0.6547 3.156 -0.0141 0.0141 0.3827 0 0
15 497 1982 0 0 0 0 0 1.0004 0 0.1016 0.0411 0.1189 0.1795 0.8455 0.9883 -0.0143 0.2282 0.2727 2.9046 0.7795 -0.0266 0.5352 0.6708 2.935 -0.1183 0.1183 0.3684 0 0
15 498 2020 0 0 0 0 0 1.0004 0 0.9743 -0.0222 0.1043 0.1189 0.9919 0.9852 0.0014 0.1562 0.1843 1.9436 0.8413 -0.0135 0.4079 0.5304 2.7325 -0.0079 0.0079 0.2964 0 0
15 499 1958 0 0 0 0 0 1.0007 0 0.9595 -0.07 0.0922 0.1046 0.7935 0.9942 -0.0535 0.178 0.2057 3.7381 0.8052 -0.0411 0.482 0.5972 3.001 0.0152 0.0152 0.3337 0 0
15 500 1995 0 0 0 0 0 1.0007 0 0.7773 -0.0167 0.1841 0.2394 0.9783 0.9872 -0.0092 0.1857 0.2072 2.1277 0.8124 -0.0404 0.4979 0.6271 2.9071 -0.0157 0.0157 0.3182 0 0
