cond r run.time ndiv nbfmi ntree nbulk ntail maxRhat nRhat beta.cor beta.bias beta.abbias beta.rmse beta.CI theta.cor theta.bias theta.abbias theta.rmse theta.CI lambda.bias lambda.abbias lambda.CI corrupt efficiency
10 1 340 0 0 0 0 0 1.0004 0 0.9573 -0.0026 0.2287 0.2832 1.2716 0.8884 -9e-04 0.3852 0.4893 2.5886 -0.0215 0.0215 0.3516 0 0
10 2 417 0 0 0 0 0 1.0006 0 0.9617 0.1945 0.3276 0.4659 1.7568 0.85 0.1128 0.4472 0.5647 2.6905 0.0592 0.0592 0.3821 0 0
10 3 426 0 0 0 0 0 1.0001 0 0.9569 -0.0157 0.1889 0.2467 1.2507 0.8328 -0.0273 0.4543 0.5778 2.7673 0.1507 0.1507 0.3373 0 0
10 4 403 0 0 0 0 0 1.0001 0 0.9863 0.0676 0.1488 0.1913 1.382 0.8167 0.1116 0.4885 0.6038 2.5979 -0.1816 0.1816 0.3874 0 0
10 5 410 0 0 0 0 0 1.0001 0 0.9879 0.0512 0.228 0.3355 2.4769 0.8281 0.0909 0.4936 0.6202 2.6554 0.0271 0.0271 0.4036 0 0
10 6 359 0 0 0 0 0 1.001 0 0.9337 -0.0507 0.2543 0.2817 1.1008 0.849 -0.0177 0.4157 0.5267 2.6526 -0.1017 0.1017 0.3851 0 0
10 7 416 0 0 0 0 0 1.0001 0 0.9682 -0.1839 0.2515 0.324 1.4344 0.8646 -0.1828 0.4314 0.5267 2.7377 0.0206 0.0206 0.3748 0 0
10 8 400 0 0 0 0 0 1.0003 0 0.9693 0.0491 0.2931 0.3865 2.0163 0.825 0.1947 0.501 0.6132 2.6295 0.0411 0.0411 0.3733 0 0
10 9 398 0 0 0 0 0 1.0002 0 0.9836 0.0522 0.1874 0.2369 2.2198 0.8709 0.0724 0.4124 0.5121 2.6057 0.0627 0.0627 0.375 0 0
10 10 420 0 0 0 0 0 1.0002 0 0.9455 -0.2243 0.2803 0.3773 1.743 0.827 -0.1596 0.4949 0.6081 2.9583 0.0771 0.0771 0.3726 0 0
10 11 395 0 0 0 0 0 1.0002 0 0.9694 0.0133 0.1773 0.2219 1.4263 0.855 0.0249 0.4487 0.5609 2.7222 0.0308 0.0308 0.3591 0 0
10 12 429 0 0 0 0 0 1.0002 0 0.9675 -0.1462 0.2462 0.3095 1.2977 0.8881 -0.1511 0.451 0.558 2.7684 0.0779 0.0779 0.3306 0 0
10 13 396 0 0 0 0 0 1.0002 0 0.9744 0.0387 0.1459 0.1956 1.3917 0.8445 0.0691 0.4127 0.5383 2.7072 0.127 0.127 0.3382 0 0
10 14 417 0 0 0 0 0 1.0003 0 0.9595 -0.0454 0.1881 0.2435 1.537 0.8467 -0.0645 0.4122 0.5179 2.7265 -0.0154 0.0154 0.3757 0 0
10 15 324 0 0 0 0 0 1.0006 0 0.9852 -0.0304 0.1202 0.1567 1.3964 0.8505 0.0249 0.4382 0.5537 2.6965 -0.1286 0.1286 0.3784 0 0
10 16 342 0 0 0 0 0 1.0001 0 0.986 -0.0974 0.1815 0.2616 1.785 0.8655 -0.0343 0.4681 0.569 2.6895 -0.13 0.13 0.4127 0 0
10 17 340 0 0 0 0 0 1.0001 0 0.9722 0.1382 0.3718 0.513 2.3973 0.785 0.0293 0.5296 0.6588 2.7653 -0.0508 0.0508 0.4364 0 0
10 18 425 0 0 0 0 0 1.0002 0 0.9785 0.1159 0.192 0.2274 1.6247 0.8426 0.0155 0.4383 0.5635 2.8267 0.1489 0.1489 0.3519 0 0
10 19 301 0 0 0 0 0 1.0009 0 0.9809 -0.1597 0.2764 0.3053 1.9858 0.8199 -0.1523 0.5027 0.63 2.775 0.0616 0.0616 0.3733 0 0
10 20 419 0 0 0 0 0 1.0003 0 0.9747 -0.1789 0.2014 0.2639 1.5869 0.8559 -0.1386 0.4252 0.5351 2.8663 -0.0581 0.0581 0.3897 0 0
10 21 390 0 0 0 0 0 1.0002 0 0.9137 0.1757 0.3227 0.449 2.4355 0.8093 0.1274 0.4877 0.5961 2.8616 -0.1093 0.1093 0.4236 0 0
10 22 404 0 0 0 0 0 1.0002 0 0.9609 -0.3166 0.3723 0.488 2.2018 0.8641 -0.147 0.4581 0.5727 2.8951 0.0134 0.0134 0.3915 0 0
10 23 406 0 0 0 0 0 1.0001 0 0.946 -0.1151 0.2265 0.2845 1.2244 0.8701 -0.1633 0.424 0.5316 2.7284 -0.0314 0.0314 0.3663 0 0
10 24 417 0 0 0 0 0 1.0003 0 0.9823 0.1076 0.1949 0.2261 1.4638 0.8492 0.0813 0.4854 0.6085 2.9239 0.1508 0.1508 0.3343 0 0
10 25 429 3 0 0 0 0 1.0004 0 0.9343 -0.1785 0.2631 0.3306 2.1154 0.8284 -0.2592 0.4739 0.6075 3.3079 0.1971 0.1971 0.4107 1 0
10 26 406 0 0 0 0 0 1.0007 0 0.9774 0.1611 0.2483 0.3149 1.7187 0.8579 0.0669 0.4249 0.5332 2.6219 -0.0895 0.0895 0.3805 0 0
10 27 412 0 0 0 0 0 1.0002 0 0.9655 0.0567 0.1859 0.2545 1.788 0.8719 0.0912 0.4218 0.5459 2.7657 0.0176 0.0176 0.3945 0 0
10 28 375 0 0 0 0 0 1.0003 0 0.7381 -0.3165 0.4179 0.6764 2.1178 0.7702 -0.123 0.5402 0.6779 3.0845 -0.0304 0.0304 0.433 0 0
10 29 402 0 0 0 0 0 1.0005 0 0.9183 0.1021 0.2353 0.3065 1.6465 0.8207 0.1027 0.4443 0.5548 2.7771 -0.1802 0.1802 0.4124 0 0
10 30 257 0 0 0 0 0 1.0009 0 0.973 -0.0234 0.171 0.2287 1.2939 0.8417 -0.0463 0.4299 0.5581 2.5488 -0.1137 0.1137 0.3881 0 0
10 31 404 0 0 0 0 0 1.0002 0 0.9565 -5e-04 0.2318 0.3113 1.4946 0.826 -0.0186 0.4501 0.599 2.7551 -0.0507 0.0507 0.387 0 0
10 32 412 0 0 0 0 0 1.0001 0 0.9478 0.1441 0.3428 0.4621 1.8568 0.7988 0.0572 0.4674 0.5744 2.5117 -0.0109 0.0109 0.3811 0 0
10 33 417 0 0 0 0 0 1.0002 0 0.9845 0.1236 0.1405 0.2399 1.5002 0.864 0.1393 0.4247 0.5266 2.7206 0.0494 0.0494 0.3592 0 0
10 34 427 0 0 0 0 0 1.0002 0 0.9924 0.1009 0.124 0.15 1.4231 0.8257 0.1018 0.442 0.5818 2.7368 0.0475 0.0475 0.3776 0 0
10 35 396 0 0 0 0 0 1.0001 0 0.9693 -0.0085 0.2616 0.3319 2.5687 0.7829 -0.033 0.4781 0.6035 2.8009 -0.1861 0.1861 0.4448 0 0
10 36 303 0 0 0 0 0 1.0002 0 0.9592 -0.0789 0.2173 0.2613 1.3326 0.8482 -0.1099 0.4553 0.5622 2.6895 -0.1049 0.1049 0.399 0 0
10 37 369 0 0 0 0 0 1.0002 0 0.9655 0.0386 0.1814 0.2162 1.3654 0.8785 -0.0101 0.4033 0.4969 2.9238 0.1165 0.1165 0.3325 0 0
10 38 331 0 0 0 0 0 1.0014 0 0.9647 -0.1888 0.2227 0.298 2.2553 0.8039 -0.07 0.4555 0.5868 2.9517 -0.126 0.126 0.4384 0 0
10 39 418 0 0 0 0 0 1.0001 0 0.9121 -0.3085 0.3296 0.4947 2.2773 0.7972 -0.1919 0.5188 0.6462 2.9817 -0.0499 0.0499 0.4619 0 0
10 40 331 0 0 0 0 0 1.0003 0 0.9231 -0.1312 0.3108 0.4968 2.5841 0.8324 -0.038 0.4651 0.5696 2.9362 0.0229 0.0229 0.4232 0 0
10 41 422 0 0 0 0 0 1.0002 0 0.9821 -0.0979 0.1771 0.199 1.6192 0.8454 -0.08 0.4779 0.5969 3.016 0.1006 0.1006 0.3602 0 0
10 42 367 0 0 0 0 0 1.0007 0 0.9413 0.1512 0.2683 0.3113 1.2244 0.8481 0.1066 0.4449 0.5532 2.6904 -0.0672 0.0672 0.3685 0 0
10 43 310 0 0 0 0 0 1.0002 0 0.9925 -0.0129 0.159 0.1849 2.039 0.816 -0.0568 0.4732 0.5783 2.6437 -0.1108 0.1108 0.3909 0 0
10 44 359 0 0 0 0 0 1.0006 0 0.9865 0.0415 0.1368 0.1845 1.6526 0.8837 0.0462 0.4062 0.5246 2.6788 -0.0737 0.0737 0.3925 0 0
10 45 432 0 0 0 0 0 1.0002 0 0.9705 -0.0347 0.1713 0.2024 1.3644 0.8741 -0.0692 0.4346 0.5431 2.9008 0.1924 0.1924 0.3182 0 0
10 46 357 0 0 0 0 0 1.0003 0 0.971 0.029 0.2385 0.3351 1.9315 0.8415 -0.0499 0.4584 0.5746 2.6243 0.0061 0.0061 0.3974 0 0
10 47 355 0 0 0 0 0 1.0003 0 0.9521 -0.1845 0.2607 0.338 1.5486 0.8396 -0.0904 0.4263 0.5338 2.6747 -0.0655 0.0655 0.3756 0 0
10 48 339 0 0 0 0 0 1.0002 0 0.974 -0.0087 0.2305 0.2948 1.8643 0.847 0.0093 0.4136 0.5385 2.5715 -0.1802 0.1802 0.3973 0 0
10 49 360 0 0 0 0 0 1.0003 0 0.9782 0.0852 0.2202 0.2612 1.6853 0.8123 0.0782 0.4743 0.5808 2.6871 -0.0118 0.0118 0.3935 0 0
10 50 395 0 0 0 0 0 1.0002 0 0.9695 -0.0257 0.2177 0.2793 2.3558 0.8253 -0.0279 0.4252 0.5333 2.883 0.0453 0.0453 0.3881 0 0
10 51 422 0 0 0 0 0 1.0001 0 0.9568 0.0839 0.2987 0.3621 1.776 0.8255 0.0333 0.4454 0.5486 2.6577 0.0705 0.0705 0.3653 0 0
10 52 355 0 0 0 0 0 1.0004 0 0.9611 -0.2557 0.2733 0.3489 1.1593 0.8575 -0.1729 0.4605 0.5847 2.6664 -0.1112 0.1112 0.3639 0 0
10 53 389 0 0 0 0 0 1.0001 0 0.9775 0.073 0.1407 0.1818 1.205 0.8367 0.0463 0.4151 0.5178 2.6838 0.001 0.001 0.3526 0 0
10 54 326 0 0 0 0 0 1.0003 0 0.9626 0.0069 0.2451 0.3276 1.7045 0.8156 0.0561 0.4493 0.5604 2.6209 -0.0743 0.0743 0.4002 0 0
10 55 362 0 0 0 0 0 1.0002 0 0.9003 0.0879 0.2513 0.3411 1.4981 0.86 0.1232 0.4414 0.5686 2.9411 0.0534 0.0534 0.3506 0 0
10 56 345 0 0 0 0 0 1.0006 0 0.98 -0.1301 0.2918 0.3364 2.4559 0.843 -0.1975 0.4612 0.5932 2.5552 -0.1232 0.1232 0.402 0 0
10 57 392 0 0 0 0 0 1.0002 0 0.9662 -0.1643 0.2818 0.3141 1.855 0.8387 -0.2213 0.4652 0.5711 2.7474 -0.0594 0.0594 0.4147 0 0
10 58 411 0 0 0 0 0 1.0001 0 0.9762 -0.0382 0.1796 0.2038 1.1478 0.8317 -0.0203 0.4111 0.5232 2.7105 -0.0455 0.0455 0.3608 0 0
10 59 322 0 0 0 0 0 1.0002 0 0.9744 -0.0172 0.1819 0.2031 2.044 0.8642 0.0283 0.4053 0.4984 2.8468 -0.0732 0.0732 0.3772 0 0
10 60 384 0 0 0 0 0 1.0002 0 0.9662 0.05 0.214 0.2725 1.4044 0.852 -7e-04 0.3919 0.4957 2.6944 -0.0615 0.0615 0.3895 0 0
10 61 431 0 0 0 0 0 1.0002 0 0.9291 0.1214 0.2531 0.3419 1.6027 0.8097 0.1337 0.5071 0.6285 3.047 0.1741 0.1741 0.3532 0 0
10 62 386 0 0 0 0 0 1.0003 0 0.9766 0.0903 0.1693 0.2042 1.3339 0.8515 0.0946 0.4412 0.5673 2.8152 0.0445 0.0445 0.3536 0 0
10 63 359 0 0 0 0 0 1.0003 0 0.9645 -0.0478 0.1853 0.2281 1.2555 0.8797 0.0073 0.3967 0.518 2.568 -0.1576 0.1576 0.3984 0 0
10 64 336 0 0 0 0 0 1.0009 0 0.9743 -0.0499 0.2245 0.2768 1.5626 0.8374 0.0178 0.4178 0.5311 2.5847 0.0345 0.0345 0.395 0 0
10 65 424 0 0 0 0 0 1.0003 0 0.9765 -0.0328 0.2059 0.2667 1.9084 0.8576 -0.026 0.3961 0.5086 2.6885 0.0503 0.0503 0.3661 0 0
10 66 420 0 0 0 0 0 1.0003 0 0.9879 -0.0519 0.2346 0.2696 1.641 0.8939 0.0419 0.4 0.5086 2.8181 0.1051 0.1051 0.3449 0 0
10 67 357 0 0 0 0 0 1.0006 0 0.9593 0.2412 0.2918 0.4308 2.1916 0.7959 0.0858 0.4645 0.5857 2.767 -0.0401 0.0401 0.4003 0 0
10 68 311 0 0 0 0 0 1.0002 0 0.9869 -0.0849 0.1284 0.1634 1.3351 0.8603 -0.0264 0.4172 0.5354 2.7034 -0.0944 0.0944 0.4003 0 0
10 69 364 0 0 0 0 0 1.0002 0 0.9578 -0.0819 0.253 0.2976 1.5685 0.8623 -0.1148 0.4079 0.5191 2.6962 -0.0507 0.0507 0.3816 0 0
10 70 419 0 0 0 0 0 1.0001 0 0.9811 -0.0549 0.1297 0.1836 1.6533 0.8706 -0.0157 0.3936 0.4913 2.7774 -0.0337 0.0337 0.3775 0 0
10 71 360 0 0 0 0 0 1.0006 0 0.9844 0.1028 0.2333 0.261 1.5611 0.8317 0.1113 0.4424 0.5493 2.6622 -0.0136 0.0136 0.3811 0 0
10 72 393 0 0 0 0 0 1.0003 0 0.9628 -0.0675 0.1787 0.2593 1.4246 0.8522 -0.1053 0.455 0.5535 2.7364 -0.1053 0.1053 0.3878 0 0
10 73 405 0 0 0 0 0 1.0002 0 0.9714 -0.0492 0.2899 0.3546 2.1473 0.8268 -0.0059 0.4484 0.5476 2.6811 -0.0121 0.0121 0.3869 0 0
10 74 403 0 0 0 0 0 1.0003 0 0.9882 0.0693 0.2097 0.2324 1.8612 0.8554 0.029 0.4068 0.5219 2.8408 -0.0775 0.0775 0.3989 0 0
10 75 358 0 0 0 0 0 1.0002 0 0.9699 0.0836 0.2435 0.2801 1.7337 0.8618 0.0999 0.4337 0.5563 2.5962 -0.1093 0.1093 0.3844 0 0
10 76 352 0 0 0 0 0 1.0003 0 0.9682 -0.3346 0.3447 0.5363 2.3502 0.7941 -0.006 0.51 0.6229 2.6799 -0.0761 0.0761 0.425 0 0
10 77 421 0 0 0 0 0 1.0002 0 0.9822 -0.0884 0.1656 0.2166 1.9704 0.8538 -0.0447 0.4369 0.5523 2.9116 0.1384 0.1384 0.361 0 0
10 78 414 0 0 0 0 0 1.0004 0 0.9859 -0.0426 0.1334 0.1569 1.3033 0.8773 -0.0215 0.3933 0.4996 2.6214 -0.0779 0.0779 0.3784 0 0
10 79 366 0 0 0 0 0 1.0002 0 0.9669 0.024 0.162 0.1994 1.2343 0.8549 -0.0402 0.4247 0.5581 2.6547 -0.1499 0.1499 0.369 0 0
10 80 420 0 0 0 0 0 1.0002 0 0.9292 0.1147 0.254 0.3359 1.2837 0.8629 0.1023 0.44 0.5534 2.8409 0.0939 0.0939 0.3372 0 0
10 81 297 0 0 0 0 0 1.0002 0 0.9771 0.1291 0.1698 0.2632 1.6144 0.8498 -0.0107 0.4378 0.589 2.6812 -0.1083 0.1083 0.4003 0 0
10 82 399 0 0 0 0 0 1.0004 0 0.9696 0.1025 0.2155 0.2573 1.4825 0.8448 0.155 0.4318 0.529 2.6141 -0.1188 0.1188 0.3806 0 0
10 83 366 0 0 0 0 0 1.0002 0 0.9623 -0.2972 0.3485 0.4506 2.2382 0.7983 -0.1502 0.4622 0.5885 2.8456 -0.1103 0.1103 0.4511 0 0
10 84 412 0 0 0 0 0 1.0003 0 0.9755 -0.0467 0.1938 0.2226 1.2007 0.8386 -0.0215 0.3981 0.502 2.5853 -0.1009 0.1009 0.3889 0 0
10 85 402 0 0 0 0 0 1.0001 0 0.967 -0.0093 0.1744 0.2066 1.2641 0.8891 -0.0433 0.3828 0.4875 2.7367 -0.0477 0.0477 0.3743 0 0
10 86 393 0 0 0 0 0 1.0002 0 0.9849 -0.2836 0.2836 0.3592 1.9695 0.8333 -0.1871 0.4494 0.5882 2.7744 -0.034 0.034 0.4124 0 0
10 87 353 0 0 0 0 0 1.0004 0 0.9611 -0.0548 0.2437 0.3061 1.9163 0.8741 -0.0824 0.3903 0.4993 2.6983 -0.0344 0.0344 0.3984 0 0
10 88 407 0 0 0 0 0 1.0001 0 0.909 0.1062 0.3833 0.6704 2.6916 0.8585 -0.1378 0.4304 0.56 2.7605 -0.0049 0.0049 0.3961 0 0
10 89 395 0 0 0 0 0 1.0002 0 0.9088 -0.0726 0.3462 0.5491 2.509 0.8633 -0.1253 0.4202 0.5364 2.7936 0.0611 0.0611 0.3809 0 0
10 90 412 0 0 0 0 0 1.0001 0 0.9931 0.1456 0.1649 0.1854 1.6469 0.8616 0.0749 0.4226 0.5235 2.7273 0.019 0.019 0.3808 0 0
10 91 398 0 0 0 0 0 1.0001 0 0.9843 -0.0059 0.2271 0.3769 2.5513 0.8354 0.0525 0.4794 0.6232 2.5074 0.0197 0.0197 0.3982 0 0
10 92 362 0 0 0 0 0 1.0007 0 0.971 0.0132 0.4989 0.7359 2.669 0.7849 0.0382 0.5338 0.6577 2.6719 0.0365 0.0365 0.4594 0 0
10 93 334 0 0 0 0 0 1.0002 0 0.9531 -0.2692 0.3022 0.3749 1.7068 0.8451 -0.1861 0.4797 0.6074 2.9819 7e-04 7e-04 0.4165 0 0
10 94 315 0 0 0 0 0 1.0003 0 0.978 0.0041 0.1356 0.1995 1.552 0.8687 0.0141 0.4231 0.5309 2.68 -0.0686 0.0686 0.3667 0 0
10 95 424 0 0 0 0 0 1.0004 0 0.9575 0.3017 0.4178 0.5044 2.008 0.8211 0.2375 0.4975 0.6133 2.7188 0.1543 0.1543 0.3713 0 0
10 96 410 0 0 0 0 0 1.0005 0 0.9515 -0.0625 0.2207 0.2623 1.3711 0.8783 -0.0564 0.4012 0.498 2.8011 0.0781 0.0781 0.3484 0 0
10 97 383 0 0 0 0 0 1.0002 0 0.9316 -0.1835 0.3724 0.4461 2.0575 0.8538 -0.0552 0.4428 0.5533 2.8607 0.1128 0.1128 0.3738 0 0
10 98 411 0 0 0 0 0 1.0005 0 0.9404 0.0488 0.3114 0.394 1.7301 0.8357 0.0096 0.4067 0.5304 2.8509 0.1042 0.1042 0.3816 0 0
10 99 413 0 0 0 0 0 1.0005 0 0.9543 -0.0719 0.3456 0.4018 2.3956 0.8216 -0.0786 0.4276 0.5498 2.8408 0.0505 0.0505 0.3792 0 0
10 100 368 0 0 0 0 0 1.0003 0 0.9742 -0.0671 0.2014 0.2526 2.0661 0.8437 -0.0233 0.4486 0.5597 2.8381 0.0277 0.0277 0.373 0 0
10 101 420 0 0 0 0 0 1.0001 0 0.8955 0.1161 0.2859 0.395 2.1243 0.8175 0.0542 0.4795 0.6179 2.9068 -0.1061 0.1061 0.4157 0 0
10 102 377 0 0 0 0 0 1.0002 0 0.9574 0.0563 0.2691 0.4631 2.6867 0.8363 -0.0267 0.4358 0.5595 2.7333 -0.0999 0.0999 0.4104 0 0
10 103 336 0 0 0 0 0 1.0004 0 0.9837 0.1717 0.2119 0.2789 1.7706 0.8536 0.031 0.4414 0.5511 2.7414 -0.0253 0.0253 0.3875 0 0
10 104 427 0 0 0 0 0 1.0004 0 0.9809 0.0124 0.1112 0.1522 1.1718 0.836 -0.0294 0.4497 0.5598 2.666 0.1063 0.1063 0.34 0 0
10 105 363 0 0 0 0 0 1.0005 0 0.9635 -0.2457 0.2602 0.4027 1.6288 0.8604 -0.1182 0.4909 0.6402 2.8256 -0.0303 0.0303 0.3858 0 0
10 106 392 0 0 0 0 0 1.0004 0 0.9549 -0.0953 0.2116 0.2743 1.4085 0.824 -0.1069 0.4448 0.5476 2.6687 -0.2189 0.2189 0.4096 0 0
10 107 297 0 0 0 0 0 1.0005 0 0.9782 0.1588 0.207 0.262 2.2875 0.7621 0.1738 0.4976 0.6098 2.9148 -0.1293 0.1293 0.4442 0 0
10 108 409 0 0 0 0 0 1.0003 0 0.9636 -0.4467 0.4905 0.6469 2.5717 0.8399 -0.2035 0.4985 0.62 2.8833 0.1287 0.1287 0.4214 0 0
10 109 377 0 0 0 0 0 1.0003 0 0.9802 0.0567 0.1602 0.2024 1.3411 0.8532 0.0197 0.4007 0.5214 2.8232 -0.025 0.025 0.3932 0 0
10 110 300 0 0 0 0 0 1.0002 0 0.9642 -0.0651 0.3001 0.4161 2.5203 0.7887 0.0183 0.4613 0.5758 2.6795 -0.1167 0.1167 0.4477 0 0
10 111 391 0 0 0 0 0 1.0003 0 0.9683 0.0404 0.2165 0.2642 1.6278 0.8449 0.0118 0.4433 0.5516 2.7981 -0.0244 0.0244 0.3849 0 0
10 112 340 0 0 0 0 0 1.0007 0 0.9499 -0.0112 0.3872 0.4974 2.3383 0.8018 0.0394 0.4392 0.5739 2.6141 -0.1091 0.1091 0.4091 0 0
10 113 296 0 0 0 0 0 1.0004 0 0.9667 -0.0017 0.262 0.325 1.6036 0.868 0.0451 0.4427 0.5479 2.5961 0.0355 0.0355 0.3695 0 0
10 114 294 0 0 0 0 0 1.0003 0 0.9446 0.0102 0.3878 0.4871 2.1964 0.8067 -4e-04 0.4896 0.5945 2.4852 -0.133 0.133 0.425 0 0
10 115 348 0 0 0 0 0 1.0005 0 0.9438 -0.1331 0.2696 0.3693 2.0174 0.8486 -0.0204 0.4354 0.536 2.7322 -0.0717 0.0717 0.4201 0 0
10 116 358 0 0 0 0 0 1.0002 0 0.9467 0.3317 0.5027 0.6447 2.1284 0.8472 0.1918 0.4506 0.5898 2.655 -0.0388 0.0388 0.4086 0 0
10 117 414 0 0 0 0 0 1.0002 0 0.9861 -0.0611 0.1357 0.1617 1.2116 0.8685 -0.0659 0.3774 0.4705 2.7703 0.0187 0.0187 0.3627 0 0
10 118 395 0 0 0 0 0 1.0008 0 0.9741 -0.1679 0.2384 0.2629 1.5536 0.835 -0.098 0.4514 0.5746 2.7871 -0.0432 0.0432 0.4062 0 0
10 119 418 0 0 0 0 0 1.0001 0 0.974 0.4752 0.4757 0.6149 1.9772 0.8602 0.2529 0.506 0.6292 2.6802 0.0426 0.0426 0.384 0 0
10 120 326 0 0 0 0 0 1.0002 0 0.8983 -0.0313 0.3492 0.4159 1.5689 0.8031 0.0659 0.4623 0.5917 2.8424 -0.1744 0.1744 0.4051 0 0
10 121 409 0 0 0 0 0 1.0001 0 0.9683 0.1213 0.2507 0.2979 1.7583 0.8211 0.0601 0.4593 0.5898 2.688 -0.0956 0.0956 0.3885 0 0
10 122 417 0 0 0 0 0 1.0001 0 0.9671 -0.0889 0.2376 0.2978 1.5934 0.8631 -0.125 0.4812 0.6159 2.8752 0.0335 0.0335 0.3745 0 0
10 123 273 0 0 0 0 0 1.0003 0 0.8548 -0.0929 0.3724 0.4497 1.4762 0.8544 0.0536 0.4548 0.5808 2.7348 -0.2204 0.2204 0.3993 0 0
10 124 411 0 0 0 0 0 1.0001 0 0.938 0.1937 0.2559 0.3991 1.7301 0.86 0.1213 0.4403 0.5482 2.8405 0.0199 0.0199 0.369 0 0
10 125 340 0 0 0 0 0 1.0001 0 0.9935 0.0266 0.1557 0.1942 1.3175 0.8395 -3e-04 0.4212 0.5459 2.7825 0.0576 0.0576 0.3705 0 0
10 126 384 0 0 0 0 0 1.0002 0 0.92 -0.1919 0.2729 0.3877 1.297 0.8475 -0.0827 0.4416 0.5492 2.8198 -0.0126 0.0126 0.3717 0 0
10 127 356 0 0 0 0 0 1.0006 0 0.8612 0.1578 0.2735 0.4696 1.895 0.81 0.1046 0.4862 0.6164 2.8629 -0.1073 0.1073 0.4239 0 0
10 128 426 0 0 0 0 0 1.0001 0 0.9825 -0.0227 0.1307 0.1476 1.7053 0.8249 0.0226 0.4433 0.5726 2.9047 0.1024 0.1024 0.3802 0 0
10 129 416 0 0 0 0 0 1.0009 0 0.9346 -0.0647 0.3123 0.4434 1.6081 0.8471 0.0033 0.4558 0.5567 2.649 -0.2206 0.2206 0.4 0 0
10 130 431 0 0 0 0 0 1.0005 0 0.9221 -0.0221 0.253 0.3155 1.4961 0.8709 0.0094 0.4476 0.5557 2.9047 0.1534 0.1534 0.3386 0 0
10 131 420 0 0 0 0 0 1.0002 0 0.9847 0.0036 0.1565 0.1833 1.3417 0.8462 0.0139 0.4217 0.525 2.8229 0.0773 0.0773 0.3733 0 0
10 132 419 0 0 0 0 0 1.0002 0 0.9504 -0.2446 0.3222 0.4265 2.0024 0.8354 -0.133 0.4683 0.5996 3.0794 0.051 0.051 0.3873 0 0
10 133 358 0 0 0 0 0 1.001 0 0.9842 -0.1392 0.227 0.2901 2.1699 0.8333 0.0174 0.4221 0.5373 2.7579 0.0417 0.0417 0.4022 0 0
10 134 394 0 0 0 0 0 1.0003 0 0.923 -0.2375 0.3419 0.4681 2.1492 0.825 -0.1637 0.4649 0.5935 2.8176 -0.0032 0.0032 0.3776 0 0
10 135 414 0 0 0 0 0 1.0001 0 0.9745 -0.0628 0.2172 0.2747 1.7564 0.8364 -0.0143 0.4734 0.5991 2.6354 0.0867 0.0867 0.36 0 0
10 136 419 0 0 0 0 0 1.0001 0 0.9843 0.0753 0.1849 0.2447 2.1862 0.8284 0.0487 0.4382 0.5582 2.712 0.1096 0.1096 0.3693 0 0
10 137 419 0 0 0 0 0 1.0002 0 0.943 -0.129 0.2436 0.2886 1.1522 0.8572 -0.0656 0.4273 0.5446 2.6852 -0.1035 0.1035 0.4017 0 0
10 138 320 0 0 0 0 0 1.0004 0 0.9695 -0.1598 0.2224 0.3102 1.5991 0.8266 -0.0879 0.4658 0.5831 2.5685 -0.1706 0.1706 0.3703 0 0
10 139 421 0 0 0 0 0 1.0004 0 0.9751 -0.2121 0.2498 0.3001 1.6203 0.8474 -0.2045 0.4374 0.5465 2.9108 0.0671 0.0671 0.3793 0 0
10 140 319 0 0 0 0 0 1.0005 0 0.9184 -0.0268 0.2458 0.3168 1.1342 0.8537 -0.0634 0.4245 0.5381 2.6032 -0.2509 0.2509 0.3921 0 0
10 141 282 0 0 0 0 0 1.0007 0 0.9847 -0.103 0.2479 0.3541 2.1423 0.8129 -0.0164 0.4882 0.6208 2.5853 -0.0382 0.0382 0.409 0 0
10 142 394 0 0 0 0 0 1.0004 0 0.911 -0.0274 0.3017 0.3428 1.6756 0.837 -0.0506 0.4729 0.5958 2.8488 -0.0823 0.0823 0.4208 0 0
10 143 417 0 0 0 0 0 1.0002 0 0.9879 -0.0159 0.1517 0.1883 2.0765 0.8414 0.0252 0.4592 0.5906 2.7286 0.0073 0.0073 0.3778 0 0
10 144 345 0 0 0 0 0 1.0003 0 0.9792 0.0715 0.1882 0.2027 1.1731 0.8631 -0.0109 0.4224 0.5317 2.6857 -0.0376 0.0376 0.371 0 0
10 145 336 0 0 0 0 0 1.0002 0 0.9473 -0.1548 0.2514 0.3205 1.6133 0.8235 -0.2045 0.4407 0.5406 2.7156 -0.1722 0.1722 0.4031 0 0
10 146 390 0 0 0 0 0 1.0001 0 0.9531 0.1182 0.2828 0.4353 2.6886 0.8085 0.0245 0.4429 0.5737 2.8028 0.0247 0.0247 0.3934 0 0
10 147 343 0 0 0 0 0 1.0005 0 0.9781 0.0221 0.216 0.245 1.9744 0.8169 -0.1033 0.4383 0.5675 2.9845 0.0726 0.0726 0.3917 0 0
10 148 420 0 0 0 0 0 1.0001 0 0.952 -0.013 0.2242 0.2754 1.8659 0.8363 0.0157 0.4812 0.5918 3.0599 0.0931 0.0931 0.3987 0 0
10 149 365 0 0 0 0 0 1.0003 0 0.9515 0.1465 0.2474 0.2995 1.1601 0.8613 0.001 0.4304 0.556 2.6311 -0.1416 0.1416 0.3897 0 0
10 150 426 0 0 0 0 0 1.0003 0 0.9736 -0.2526 0.257 0.322 2.2021 0.8365 -0.206 0.4955 0.6257 3.2064 0.1858 0.1858 0.3706 0 0
10 151 253 0 0 0 0 0 1.0007 0 0.9763 -0.1842 0.2617 0.3211 1.748 0.8396 -0.1021 0.4384 0.5712 2.8537 -0.0469 0.0469 0.4008 0 0
10 152 417 0 0 0 0 0 1.0002 0 0.9643 0.1412 0.2068 0.2793 1.8596 0.8253 0.1178 0.4634 0.6088 2.8609 0.0184 0.0184 0.3784 0 0
10 153 401 0 0 0 0 0 1.0005 0 0.9705 0.0355 0.2202 0.3028 2.2484 0.8461 0.0662 0.4681 0.5858 2.8193 -0.0399 0.0399 0.4267 0 0
10 154 348 0 0 0 0 0 1.0002 0 0.9657 -0.0594 0.2498 0.2969 1.4751 0.8371 -0.0945 0.4661 0.5863 2.6137 -0.0799 0.0799 0.3629 0 0
10 155 400 0 0 0 0 0 1.0003 0 0.9447 0.1502 0.2383 0.2996 1.8586 0.8227 0.1349 0.4687 0.5851 2.956 -0.0633 0.0633 0.4352 0 0
10 156 301 0 0 0 0 0 1.0003 0 0.8896 0.0157 0.2024 0.3285 1.4695 0.8115 -0.0429 0.4505 0.5683 2.7775 -0.2595 0.2595 0.4301 0 0
10 157 404 0 0 0 0 0 1.0007 0 0.9672 -0.041 0.1783 0.2056 1.2855 0.848 -0.0051 0.4526 0.5547 2.7541 -0.0104 0.0104 0.375 0 0
10 158 401 0 0 0 0 0 1.0002 0 0.966 0.0151 0.1705 0.2292 1.4466 0.846 -0.0352 0.4276 0.5318 2.7034 -0.1002 0.1002 0.3887 0 0
10 159 429 0 0 0 0 0 1.0001 0 0.9599 -0.0287 0.2058 0.2376 1.3954 0.864 -0.0509 0.4339 0.5381 2.9776 0.1414 0.1414 0.352 0 0
10 160 418 0 0 0 0 0 1.0006 0 0.9957 -0.1222 0.1262 0.1546 1.522 0.8177 -0.0572 0.4549 0.5696 2.8257 0.0551 0.0551 0.3617 0 0
10 161 332 0 0 0 0 0 1.0004 0 0.9872 0.0238 0.1414 0.1618 1.4342 0.8477 0.0116 0.4546 0.5602 2.5802 -0.1409 0.1409 0.397 0 0
10 162 422 0 0 0 0 0 1.0003 0 0.9589 -0.1818 0.2598 0.2964 1.6346 0.8157 -0.2123 0.4818 0.583 2.7796 -0.006 0.006 0.3829 0 0
10 163 347 0 0 0 0 0 1.0005 0 0.951 -0.1331 0.2502 0.3115 1.2344 0.8597 -0.1475 0.4205 0.5272 2.6294 -0.0392 0.0392 0.3959 0 0
10 164 421 0 0 0 0 0 1.0004 0 0.9669 -0.1613 0.2409 0.2837 1.2206 0.8564 -0.1712 0.4262 0.5315 2.6229 0.0158 0.0158 0.3794 0 0
10 165 393 0 0 0 0 0 1.0003 0 0.9722 0.0866 0.1965 0.2203 1.2748 0.8611 0.1204 0.396 0.5148 2.6717 -0.042 0.042 0.3586 0 0
10 166 417 0 0 0 0 0 1.0004 0 0.956 -0.1609 0.364 0.4287 2.305 0.8281 -0.1498 0.473 0.5941 2.7219 -0.0069 0.0069 0.4103 0 0
10 167 403 0 0 0 0 0 1.0003 0 0.9764 -0.0566 0.1985 0.2954 1.801 0.876 -0.0442 0.3873 0.5004 2.6188 -0.0219 0.0219 0.3944 0 0
10 168 363 0 0 0 0 0 1.0001 0 0.9966 0.0892 0.154 0.1869 1.8279 0.8076 0.1175 0.4785 0.6 2.5145 -0.0241 0.0241 0.4044 0 0
10 169 399 0 0 0 0 0 1.0005 0 0.9624 -0.2236 0.2746 0.4191 2.648 0.822 -0.068 0.4528 0.561 2.8754 0.045 0.045 0.3842 0 0
10 170 406 0 0 0 0 0 1.0001 0 0.9775 0.0413 0.1353 0.1816 1.3315 0.8305 0.0194 0.4793 0.618 2.7846 0.0455 0.0455 0.3678 0 0
10 171 421 0 0 0 0 0 1.0002 0 0.9538 0.1103 0.3386 0.4887 2.6985 0.8587 0.0474 0.4502 0.5682 2.8121 0.1352 0.1352 0.3585 0 0
10 172 421 0 0 0 0 0 1.0002 0 0.9849 -0.1926 0.2633 0.3015 2.1812 0.8192 -0.098 0.446 0.5655 2.8337 0.0594 0.0594 0.3852 0 0
10 173 429 0 0 0 0 0 1.0001 0 0.9565 -0.076 0.1674 0.2613 1.1454 0.8639 -0.0477 0.4068 0.5292 2.7649 -0.0167 0.0167 0.3742 0 0
10 174 371 0 0 0 0 0 1.0002 0 0.99 0.1919 0.1919 0.2718 1.9975 0.8393 0.1682 0.487 0.6066 2.855 0.0638 0.0638 0.3804 0 0
10 175 364 0 0 0 0 0 1.0004 0 0.9718 -8e-04 0.1793 0.2787 1.4641 0.8524 -0.036 0.4218 0.5396 2.5335 -0.0192 0.0192 0.3731 0 0
10 176 396 0 0 0 0 0 1.0004 0 0.9775 0.0644 0.255 0.2974 1.8438 0.83 0.1267 0.4294 0.5677 2.6087 -0.0227 0.0227 0.3956 0 0
10 177 360 0 0 0 0 0 1.0002 0 0.9776 -0.4771 0.4796 0.5807 1.9064 0.8374 -0.2451 0.5304 0.6748 2.8572 0.0568 0.0568 0.3862 0 0
10 178 369 0 0 0 0 0 1.0002 0 0.9777 -0.0881 0.206 0.2392 1.4812 0.8637 -0.0289 0.3916 0.4971 2.8334 -0.0363 0.0363 0.3871 0 0
10 179 360 0 0 0 0 0 1.0001 0 0.9836 0.0495 0.1684 0.2219 1.5814 0.8775 -0.0587 0.3911 0.4943 2.6086 -0.0446 0.0446 0.3828 0 0
10 180 355 0 0 0 0 0 1.0003 0 0.9858 0.0475 0.1789 0.2098 1.3925 0.8494 0.0482 0.4534 0.572 2.6926 -0.0959 0.0959 0.3962 0 0
10 181 417 0 0 0 0 0 1.0003 0 0.9406 0.0811 0.2715 0.3407 1.732 0.8358 0.0363 0.4374 0.5745 2.9651 0.0583 0.0583 0.3701 0 0
10 182 401 0 0 0 0 0 1.0002 0 0.9165 0.2897 0.5233 0.8286 2.6804 0.8419 0.0383 0.4379 0.5489 2.5401 -0.0313 0.0313 0.4076 0 0
10 183 407 0 0 0 0 0 1.0002 0 0.9763 0.127 0.1957 0.2276 1.1828 0.8502 0.1396 0.4335 0.5508 2.6533 -0.139 0.139 0.3867 0 0
10 184 363 0 0 0 0 0 1.0002 0 0.9618 0.1126 0.244 0.3664 1.9856 0.8362 -0.025 0.4871 0.5933 2.6319 -0.0739 0.0739 0.4032 0 0
10 185 412 0 0 0 0 0 1.0004 0 0.9545 -0.0721 0.207 0.256 1.6444 0.8392 -0.0564 0.423 0.5203 2.8714 0.0548 0.0548 0.3881 0 0
10 186 406 0 0 0 0 0 1.0001 0 0.9471 0.0713 0.2222 0.2642 1.2359 0.8757 0.0537 0.3767 0.4887 2.6684 -0.0122 0.0122 0.3595 0 0
10 187 358 0 0 0 0 0 1.0002 0 0.9657 0.0756 0.1883 0.2255 1.1705 0.8565 0.0416 0.398 0.5021 2.7101 0.0633 0.0633 0.3632 0 0
10 188 413 0 0 0 0 0 1.0002 0 0.9668 0.1363 0.3731 0.4504 2.5043 0.8555 0.073 0.4159 0.5336 2.8773 0.0841 0.0841 0.3764 0 0
10 189 430 0 0 0 0 0 1.0002 0 0.9755 -0.1474 0.2218 0.3036 1.5019 0.8842 -0.1295 0.426 0.5423 3.0083 0.1108 0.1108 0.3772 0 0
10 190 369 0 0 0 0 0 1.0002 0 0.983 -0.0593 0.1839 0.2246 1.4135 0.8436 -0.047 0.4308 0.5582 2.6031 -0.081 0.081 0.3805 0 0
10 191 359 0 0 0 0 0 1.0004 0 0.957 -0.0145 0.1795 0.2344 1.711 0.8333 -0.0631 0.4143 0.525 2.7514 -0.1257 0.1257 0.4007 0 0
10 192 417 0 0 0 0 0 1.0006 0 0.9588 0.288 0.4822 0.5517 2.5627 0.8163 0.2092 0.4848 0.6152 2.6596 0.0862 0.0862 0.4043 0 0
10 193 404 0 0 0 0 0 1.0004 0 0.9583 -0.0749 0.2766 0.3264 1.5003 0.8596 -0.0935 0.4668 0.5853 2.6854 -0.0691 0.0691 0.3846 0 0
10 194 409 0 0 0 0 0 1.0002 0 0.9695 -0.193 0.288 0.3192 1.938 0.8353 -0.1105 0.4655 0.5615 2.8271 0.0599 0.0599 0.4012 0 0
10 195 420 0 0 0 0 0 1.0002 0 0.8961 0.3818 0.4239 0.5183 1.984 0.8322 0.2307 0.5337 0.6539 3.2437 0.1823 0.1823 0.4255 0 0
10 196 414 0 0 0 0 0 1.0001 0 0.9571 -0.0982 0.2483 0.3408 1.5502 0.8583 -0.0492 0.3947 0.5126 2.6711 0.0246 0.0246 0.3755 0 0
10 197 431 0 0 0 0 0 1.0001 0 0.9698 0.022 0.1651 0.2093 1.0919 0.8612 0.0686 0.4068 0.5155 2.8396 0.1303 0.1303 0.3375 0 0
10 198 389 0 0 0 0 0 1.0001 0 0.9856 -0.0262 0.1673 0.2153 1.7888 0.8811 -0.0302 0.4137 0.5168 2.8213 0.0709 0.0709 0.3497 0 0
10 199 413 0 0 0 0 0 1.0007 0 0.9604 -0.2082 0.2559 0.339 1.9739 0.8573 -0.1803 0.4162 0.5249 2.8873 0.0593 0.0593 0.3805 0 0
10 200 337 0 0 0 0 0 1.0002 0 0.9587 0.249 0.417 0.6006 2.656 0.7708 0.1973 0.5454 0.6995 2.571 -0.0936 0.0936 0.4323 0 0
10 201 399 0 0 0 0 0 1.0009 0 0.9659 -0.0073 0.2824 0.3298 1.857 0.828 0.1228 0.4609 0.5684 2.6423 -0.0687 0.0687 0.4126 0 0
10 202 423 0 0 0 0 0 1.0005 0 0.9806 0.0438 0.1814 0.2272 1.5694 0.8458 -5e-04 0.4552 0.5618 2.7868 0.1239 0.1239 0.3425 0 0
10 203 306 0 0 0 0 0 1.0013 0 0.9399 0.2143 0.3453 0.6601 2.7008 0.7782 -0.0407 0.4791 0.5946 2.5383 -0.1203 0.1203 0.4503 0 0
10 204 406 0 0 0 0 0 1.0001 0 0.985 0.225 0.2485 0.3538 2.1114 0.7872 0.0743 0.5065 0.6267 2.707 0.0165 0.0165 0.4012 0 0
10 205 416 0 0 0 0 0 1.0003 0 0.9588 0.2137 0.2598 0.3307 2.0336 0.8376 0.1253 0.4333 0.5501 3.0092 -0.0255 0.0255 0.4385 0 0
10 206 412 0 0 0 0 0 1.0001 0 0.9674 0.0832 0.2934 0.3245 1.6505 0.825 0.0255 0.4323 0.5425 2.7358 0.0019 0.0019 0.408 0 0
10 207 407 0 0 0 0 0 1.0005 0 0.9558 0.0934 0.2742 0.323 1.8281 0.8161 0.0719 0.4605 0.5775 2.6982 -0.0223 0.0223 0.3922 0 0
10 208 357 0 0 0 0 0 1.0001 0 0.9054 -0.0849 0.2504 0.4497 1.9527 0.8378 -0.0673 0.4695 0.5822 3.0771 0.1 0.1 0.3845 0 0
10 209 339 0 0 0 0 0 1.0001 0 0.9835 0.0519 0.1452 0.1673 1.2284 0.8315 0.0749 0.4735 0.5897 2.6282 -0.0408 0.0408 0.3888 0 0
10 210 363 0 0 0 0 0 1.0003 0 0.9855 0.0473 0.1675 0.2052 1.7289 0.837 0.0479 0.4468 0.5707 2.5558 -0.0597 0.0597 0.3939 0 0
10 211 354 0 0 0 0 0 1.0006 0 0.9663 -0.3828 0.4785 0.606 2.4273 0.8623 -0.2199 0.4647 0.581 2.8091 -0.0652 0.0652 0.4125 0 0
10 212 364 0 0 0 0 0 1.0003 0 0.969 0.05 0.2169 0.2897 2.0674 0.8148 0.0392 0.4663 0.6009 2.7068 -0.0337 0.0337 0.3835 0 0
10 213 296 0 0 0 0 0 1.0002 0 0.9751 -0.0875 0.3129 0.4255 2.2615 0.8397 0.0567 0.4496 0.5775 2.6021 -0.2755 0.2755 0.4017 0 0
10 214 331 0 0 0 0 0 1.0004 0 0.971 0.0333 0.1817 0.2231 1.3274 0.8263 0.0057 0.4702 0.594 2.6758 -0.0593 0.0593 0.3692 0 0
10 215 395 0 0 0 0 0 1.0005 0 0.9787 -0.1364 0.171 0.2802 1.3522 0.8711 -0.1813 0.4478 0.5628 2.7997 0.0446 0.0446 0.3679 0 0
10 216 297 0 0 0 0 0 1.0003 0 0.9523 0.3001 0.525 0.7832 2.7587 0.805 0.0468 0.4801 0.5886 2.5501 -0.1221 0.1221 0.4423 0 0
10 217 293 0 0 0 0 0 1.0004 0 0.9832 -0.196 0.2688 0.3348 2.0314 0.8358 -0.2348 0.4983 0.611 2.6253 -0.1013 0.1013 0.4067 0 0
10 218 347 0 0 0 0 0 1.0002 0 0.9789 0.0296 0.1664 0.2303 1.7031 0.7915 -0.0891 0.4674 0.5999 2.817 -0.0531 0.0531 0.3953 0 0
10 219 360 0 0 0 0 0 1.0003 0 0.9853 0.1178 0.1626 0.2142 1.7812 0.8389 0.0586 0.4801 0.6 2.8391 -0.0575 0.0575 0.3809 0 0
10 220 421 0 0 0 0 0 1.0003 0 0.9783 -0.0601 0.2847 0.3535 1.8969 0.854 0.0379 0.4724 0.6005 2.8249 0.1171 0.1171 0.359 0 0
10 221 399 0 0 0 0 0 1.0002 0 0.9179 -0.2277 0.4068 0.6145 2.3399 0.8034 -0.1632 0.4832 0.5999 2.7744 -0.0608 0.0608 0.4066 0 0
10 222 403 0 0 0 0 0 1.0006 0 0.978 -0.0429 0.1365 0.165 1.1546 0.868 -0.0111 0.3977 0.4926 2.8036 0.0715 0.0715 0.3677 0 0
10 223 414 0 0 0 0 0 1.0001 0 0.9721 0.1292 0.2217 0.2603 1.855 0.8338 0.032 0.4419 0.5832 2.8658 0.0212 0.0212 0.3667 0 0
10 224 349 0 0 0 0 0 1.0002 0 0.9835 -0.0647 0.1481 0.2176 2.1529 0.832 -0.0861 0.4101 0.5231 2.7604 -0.088 0.088 0.4084 0 0
10 225 375 0 0 0 0 0 1.0003 0 0.9626 -0.1391 0.2225 0.2976 2.1769 0.8151 -0.0264 0.454 0.5905 2.9154 -0.1077 0.1077 0.4257 0 0
10 226 409 0 0 0 0 0 1.0002 0 0.9516 -0.0398 0.2399 0.2918 1.3889 0.8379 -0.173 0.4708 0.6006 2.7032 0.0239 0.0239 0.3714 0 0
10 227 400 0 0 0 0 0 1.0001 0 0.9738 -0.1985 0.3033 0.3598 2.1523 0.8255 -0.2586 0.4601 0.5958 2.7076 -0.1614 0.1614 0.416 0 0
10 228 403 0 0 0 0 0 1.0007 0 0.8735 -0.1478 0.313 0.4091 1.8343 0.8418 -0.1576 0.4761 0.5971 2.8466 -0.1463 0.1463 0.4264 0 0
10 229 403 0 0 0 0 0 1.0001 0 0.8919 0.0739 0.3168 0.4018 1.511 0.8811 0.0813 0.3749 0.471 2.6361 -0.0351 0.0351 0.3674 0 0
10 230 363 0 0 0 0 0 1.001 0 0.92 -0.0153 0.268 0.3359 1.3934 0.8571 -0.0052 0.4418 0.552 2.7345 -0.1396 0.1396 0.4151 0 0
10 231 423 0 0 0 0 0 1.0004 0 0.9694 0.1511 0.2144 0.2483 1.206 0.8449 0.1176 0.4446 0.5527 2.6892 0.0335 0.0335 0.3516 0 0
10 232 405 0 0 0 0 0 1.0001 0 0.9496 -0.0056 0.4603 0.5806 2.3885 0.7413 -0.0751 0.5216 0.6569 2.5752 0.0228 0.0228 0.4425 0 0
10 233 357 0 0 0 0 0 1.0004 0 0.9791 0.063 0.187 0.2205 1.3577 0.8782 -0.006 0.4201 0.5267 2.6837 -0.0059 0.0059 0.3598 0 0
10 234 400 0 0 0 0 0 1.0002 0 0.9787 0.0592 0.1419 0.1806 1.1835 0.8555 0.1244 0.452 0.5418 2.624 -0.1258 0.1258 0.3979 0 0
10 235 417 0 0 0 0 0 1.0003 0 0.9095 -0.0177 0.2952 0.3895 1.9705 0.8451 0.1179 0.4272 0.5555 2.926 0.0992 0.0992 0.3635 0 0
10 236 367 0 0 0 0 0 1.0001 0 0.9642 -0.0015 0.2271 0.2825 1.4686 0.8487 0.0609 0.4119 0.5127 2.6462 0.014 0.014 0.3741 0 0
10 237 401 0 0 0 0 0 1.0009 0 0.9721 0.0751 0.164 0.219 1.258 0.8592 0.0261 0.4189 0.5241 2.7703 0.0773 0.0773 0.3445 0 0
10 238 292 0 0 0 0 0 1.0007 0 0.9745 0.0578 0.1936 0.2792 2.0046 0.8631 0.111 0.4092 0.5118 2.6135 -0.0118 0.0118 0.379 0 0
10 239 371 0 0 0 0 0 1.0003 0 0.9009 -0.4072 0.4866 0.7048 2.3652 0.7814 -0.2329 0.562 0.6976 3.1164 0.0789 0.0789 0.4373 0 0
10 240 337 0 0 0 0 0 1.0008 0 0.9585 -0.052 0.2085 0.2745 1.3564 0.8542 -0.0429 0.4154 0.5053 2.6928 -0.1534 0.1534 0.4154 0 0
10 241 383 0 0 0 0 0 1.0001 0 0.9359 -0.025 0.1949 0.3149 1.3808 0.8607 0.0408 0.4037 0.5164 2.6322 -0.0164 0.0164 0.3779 0 0
10 242 355 0 0 0 0 0 1.0001 0 0.9667 -0.1057 0.2245 0.2711 1.5079 0.8235 -0.1252 0.4421 0.557 2.6206 -0.1851 0.1851 0.3905 0 0
10 243 413 0 0 0 0 0 1.0001 0 0.9622 0.3109 0.3462 0.445 2.668 0.8449 0.1713 0.4942 0.6144 2.9838 -0.0298 0.0298 0.4124 0 0
10 244 431 0 0 0 0 0 1.0001 0 0.9347 -0.0023 0.2445 0.3242 1.5939 0.8444 0.0024 0.4308 0.5391 2.7799 0.0581 0.0581 0.3474 0 0
10 245 390 0 0 0 0 0 1.0001 0 0.9745 0.0232 0.2097 0.293 1.941 0.8596 8e-04 0.4639 0.5651 2.5874 -0.0591 0.0591 0.3813 0 0
10 246 372 0 0 0 0 0 1.0002 0 0.9797 0.0091 0.2298 0.284 1.8664 0.8458 0.0276 0.4499 0.5585 2.8333 0.0167 0.0167 0.3825 0 0
10 247 343 0 0 0 0 0 1.0001 0 0.9744 -0.1026 0.2668 0.3245 1.8263 0.8275 -0.0352 0.4739 0.5827 2.6064 -0.0549 0.0549 0.3903 0 0
10 248 380 0 0 0 0 0 1.0004 0 0.9553 0.3908 0.3972 0.5499 2.2342 0.8243 0.1874 0.4901 0.6099 2.6569 -0.1682 0.1682 0.3937 0 0
10 249 416 0 0 0 0 0 1.0001 0 0.9814 -0.1086 0.1798 0.1953 1.4743 0.8653 -0.0783 0.4164 0.5298 2.7652 -0.0255 0.0255 0.3669 0 0
10 250 347 0 0 0 0 0 1.0002 0 0.9617 0.2079 0.2667 0.3779 2.282 0.8422 0.1313 0.46 0.566 2.7762 -0.0578 0.0578 0.4173 0 0
10 251 422 0 0 0 0 0 1.0004 0 0.9745 -0.0773 0.2263 0.2663 2.0517 0.8619 -0.0317 0.4021 0.5132 2.8398 0.1108 0.1108 0.3592 0 0
10 252 383 0 0 0 0 0 1.0002 0 0.9869 -0.1107 0.1763 0.2784 2.5148 0.8451 0.0017 0.4307 0.5524 2.7691 0.0371 0.0371 0.4006 0 0
10 253 397 0 0 0 0 0 1.0002 0 0.9592 -0.0547 0.2297 0.2657 1.4014 0.8682 -0.0223 0.4216 0.5278 2.7272 0.0546 0.0546 0.3597 0 0
10 254 282 0 0 0 0 0 1.0004 0 0.9815 -0.2411 0.2614 0.3805 2.2311 0.7792 -0.212 0.4981 0.626 2.6901 -0.0176 0.0176 0.3878 0 0
10 255 416 0 0 0 0 0 1.0002 0 0.9342 0.1275 0.2458 0.3319 1.375 0.8675 0.1381 0.4111 0.5257 2.7577 0.0316 0.0316 0.3625 0 0
10 256 423 0 0 0 0 0 1.0001 0 0.9693 0.1146 0.2241 0.2514 1.505 0.8406 0.1149 0.4497 0.5566 2.8599 0.1001 0.1001 0.3367 0 0
10 257 261 0 0 0 0 0 1.0006 0 0.9739 0.0373 0.1939 0.2317 1.5091 0.8484 -0.0354 0.469 0.5897 2.6904 -0.1707 0.1707 0.3883 0 0
10 258 423 0 0 0 0 0 1.0001 0 0.9622 0.0178 0.2052 0.2239 1.5137 0.8672 0.1072 0.422 0.5357 2.7708 -0.0609 0.0609 0.3763 0 0
10 259 317 0 0 0 0 0 1.0002 0 0.9524 -0.0494 0.2898 0.4567 2.3557 0.8338 0.0271 0.4362 0.5454 2.6055 -0.0507 0.0507 0.3946 0 0
10 260 417 0 0 0 0 0 1.0004 0 0.981 0.0451 0.1489 0.2232 1.5965 0.882 -0.0356 0.4316 0.558 2.823 0.1024 0.1024 0.3415 0 0
10 261 347 0 0 0 0 0 1.0001 0 0.9895 -0.1362 0.2273 0.3041 1.966 0.8202 -0.1057 0.4348 0.5592 2.5309 -0.13 0.13 0.411 0 0
10 262 390 0 0 0 0 0 1.0002 0 0.9707 0.1238 0.2877 0.3498 1.3188 0.879 0.0817 0.4259 0.5291 2.6546 0.054 0.054 0.361 0 0
10 263 423 0 0 0 0 0 1.0003 0 0.963 -0.1189 0.3248 0.3937 1.9956 0.8407 -0.0164 0.4634 0.5791 2.7835 0.0748 0.0748 0.3908 0 0
10 264 398 0 0 0 0 0 1.0001 0 0.9951 -0.0041 0.1294 0.1423 1.7123 0.8408 -0.025 0.4914 0.5986 2.6134 -0.0936 0.0936 0.3844 0 0
10 265 346 0 0 0 0 0 1.001 0 0.9466 0.1991 0.5068 0.8603 3.044 0.8016 -0.0153 0.4644 0.5793 2.5479 0.032 0.032 0.4222 0 0
10 266 287 0 0 0 0 0 1.0002 0 0.9492 0.259 0.4114 0.6193 2.3223 0.8184 0.1049 0.4687 0.5984 2.7869 -0.1486 0.1486 0.4342 0 0
10 267 359 0 0 0 0 0 1.0006 0 0.992 -0.0599 0.1414 0.1733 2.1238 0.8342 -0.0685 0.4559 0.5763 2.616 -0.0794 0.0794 0.3839 0 0
10 268 402 0 0 0 0 0 1.0002 0 0.9339 0.1747 0.2246 0.3173 1.5096 0.818 0.1641 0.4649 0.5768 2.936 0.0014 0.0014 0.383 0 0
10 269 410 0 0 0 0 0 1.0002 0 0.9759 -0.2374 0.2931 0.3931 2.2409 0.8335 -0.1361 0.4655 0.5951 2.7046 -0.0367 0.0367 0.417 0 0
10 270 418 0 0 0 0 0 1.0005 0 0.9655 0.1124 0.2111 0.2263 1.2304 0.8549 0.0924 0.4425 0.5434 2.6899 -0.0837 0.0837 0.3795 0 0
10 271 418 0 0 0 0 0 1.0006 0 0.9854 -0.0188 0.1496 0.1722 1.7476 0.7981 -0.063 0.4898 0.5991 2.8016 0.0956 0.0956 0.3839 0 0
10 272 359 0 0 0 0 0 1.0003 0 0.9794 0.0598 0.1451 0.1851 1.2779 0.8586 -0.0026 0.4016 0.5193 2.6036 -0.071 0.071 0.3837 0 0
10 273 364 0 0 0 0 0 1.0004 0 0.9485 -0.0797 0.2608 0.3405 1.5294 0.849 -0.0619 0.4477 0.5574 2.7886 0.0194 0.0194 0.3544 0 0
10 274 420 0 0 0 0 0 1.0005 0 0.9933 -0.1583 0.2379 0.2735 1.7695 0.8261 -0.1396 0.4564 0.5759 2.6699 0.0954 0.0954 0.3824 0 0
10 275 407 0 0 0 0 0 1.0002 0 0.981 -0.0223 0.1911 0.2624 1.9596 0.8273 -0.0306 0.4407 0.5858 2.6535 0.1058 0.1058 0.3537 0 0
10 276 398 0 0 0 0 0 1.0007 0 0.9806 0.0103 0.1875 0.2282 1.8623 0.851 0.0461 0.4144 0.5125 2.5972 -0.05 0.05 0.3776 0 0
10 277 421 0 0 0 0 0 1.001 0 0.9135 0.429 0.483 0.6244 2.5448 0.7535 0.1733 0.557 0.673 3.1299 0.0449 0.0449 0.462 0 0
10 278 408 0 0 0 0 0 1.0003 0 0.9549 -0.0143 0.1973 0.2369 1.2146 0.8262 -0.0254 0.4196 0.5272 2.6889 0.0357 0.0357 0.3641 0 0
10 279 377 0 0 0 0 0 1.0006 0 0.9802 0.0039 0.1308 0.1941 1.3058 0.8582 0.0113 0.3919 0.4871 2.7185 -0.0181 0.0181 0.3826 0 0
10 280 374 0 0 0 0 0 1.0008 0 0.9529 0.0414 0.248 0.3247 2.3192 0.835 9e-04 0.4646 0.6001 2.8383 0.0127 0.0127 0.3984 0 0
10 281 406 0 0 0 0 0 1.0002 0 0.9861 0.0228 0.1745 0.1936 2.3812 0.8111 -0.0097 0.4556 0.593 2.8462 -0.0127 0.0127 0.412 0 0
10 282 429 0 0 0 0 0 1.0005 0 0.9661 -0.1515 0.221 0.2822 1.6437 0.8391 -0.0373 0.4831 0.6094 2.9052 0.0132 0.0132 0.3682 0 0
10 283 422 0 0 0 0 0 1.0001 0 0.9927 -0.1813 0.1813 0.2235 1.6221 0.8634 -0.1524 0.4329 0.5413 2.7668 0.1089 0.1089 0.3608 0 0
10 284 346 0 0 0 0 0 1.0003 0 0.9725 0.1303 0.2202 0.2597 1.3549 0.8394 0.0989 0.4176 0.5261 2.7318 0.0173 0.0173 0.3806 0 0
10 285 361 0 0 0 0 0 1.0002 0 0.9718 -0.0149 0.286 0.3816 1.9903 0.8197 -0.0246 0.4999 0.6272 2.5371 -0.0614 0.0614 0.4012 0 0
10 286 423 0 0 0 0 0 1.0006 0 0.9648 -0.0627 0.2335 0.2952 1.691 0.8214 -0.0594 0.486 0.5951 2.9101 0.0857 0.0857 0.3758 0 0
10 287 400 0 0 0 0 0 1.0002 0 0.9411 0.0774 0.2174 0.2718 1.2316 0.8847 0.0347 0.3744 0.4626 2.6999 0.0098 0.0098 0.37 0 0
10 288 304 0 0 0 0 0 1.0004 0 0.9661 -0.055 0.2936 0.3209 1.7844 0.8121 -0.0969 0.4714 0.5858 2.617 -0.2057 0.2057 0.4053 0 0
10 289 379 0 0 0 0 0 1.0002 0 0.8756 -0.243 0.4068 0.6125 2.3094 0.8434 -0.1073 0.4509 0.5678 2.8908 -0.0552 0.0552 0.4061 0 0
10 290 389 0 0 0 0 0 1.0001 0 0.9828 -0.1086 0.2224 0.3011 2.0536 0.8203 -0.0325 0.4719 0.5779 2.6848 -0.1224 0.1224 0.425 0 0
10 291 322 0 0 0 0 0 1.0004 0 0.977 -0.04 0.26 0.2969 2.3421 0.8158 0.0138 0.4134 0.516 2.5651 -0.1504 0.1504 0.4278 0 0
10 292 383 0 0 0 0 0 1.0005 0 0.9596 -0.2024 0.3453 0.5119 2.5207 0.8081 -0.0655 0.4913 0.6087 2.8763 -0.0229 0.0229 0.4392 0 0
10 293 298 0 0 0 0 0 1.0005 0 0.9584 -0.0407 0.2721 0.323 1.5637 0.8571 0.0306 0.4312 0.551 2.5999 -0.173 0.173 0.4086 0 0
10 294 320 0 0 0 0 0 1.0016 0 0.9743 0.0261 0.2329 0.262 1.6223 0.8411 -0.0028 0.4633 0.5836 2.6549 -0.0115 0.0115 0.366 0 0
10 295 345 0 0 0 0 0 1.0002 0 0.9857 0.1293 0.1883 0.2429 1.8972 0.8546 0.0127 0.4215 0.5397 2.7756 -0.0622 0.0622 0.3883 0 0
10 296 353 0 0 0 0 0 1.0005 0 0.9796 -0.0153 0.2354 0.2961 1.8184 0.8606 -0.0445 0.4259 0.5361 2.6822 -0.0649 0.0649 0.3786 0 0
10 297 417 0 0 0 0 0 1.0001 0 0.9868 -0.0586 0.2059 0.309 1.5708 0.8524 -0.0742 0.3848 0.4822 2.6665 0.0493 0.0493 0.3699 0 0
10 298 390 0 0 0 0 0 1.0002 0 0.9777 -0.368 0.4179 0.5152 1.8017 0.8712 -0.1729 0.4704 0.5717 2.7859 0.0302 0.0302 0.3752 0 0
10 299 428 0 0 0 0 0 1.0005 0 0.9353 -0.0353 0.3536 0.4742 1.725 0.8613 -0.0577 0.49 0.6059 2.8424 0.1431 0.1431 0.3592 0 0
10 300 335 0 0 0 0 0 1.0002 0 0.9415 0.1402 0.308 0.4151 1.7917 0.8457 0.0107 0.4414 0.5647 2.7313 -0.1674 0.1674 0.4089 0 0
10 301 421 0 0 0 0 0 1.0001 0 0.796 0.3882 0.4192 0.687 2.4891 0.7341 0.1442 0.5683 0.7064 3.2106 0.0777 0.0777 0.4492 0 0
10 302 410 0 0 0 0 0 1.0001 0 0.9713 -0.3405 0.4338 0.5871 2.4494 0.7949 -0.1132 0.5227 0.6545 2.7558 -0.058 0.058 0.4549 0 0
10 303 379 0 0 0 0 0 1.0001 0 0.9366 -0.0781 0.2107 0.2512 1.2338 0.8501 -0.0788 0.416 0.5477 2.7943 0.0231 0.0231 0.3672 0 0
10 304 392 0 0 0 0 0 1.0005 0 0.9856 -0.1946 0.2776 0.3909 2.5291 0.8046 -0.1098 0.4707 0.5884 2.5321 -0.0353 0.0353 0.3944 0 0
10 305 400 0 0 0 0 0 1.0003 0 0.9609 -0.13 0.2565 0.2924 1.308 0.832 -0.078 0.4325 0.5501 2.6001 -0.0275 0.0275 0.3785 0 0
10 306 358 0 0 0 0 0 1.0005 0 0.9896 0.0301 0.1155 0.1294 1.4238 0.8341 9e-04 0.4717 0.581 2.6641 -0.1288 0.1288 0.3996 0 0
10 307 366 0 0 0 0 0 1.0002 0 0.9538 0.0941 0.2228 0.2686 1.3793 0.867 0.1216 0.4128 0.5266 2.755 -0.0829 0.0829 0.3879 0 0
10 308 321 0 0 0 0 0 1.0003 0 0.9918 0.2763 0.294 0.3254 1.5751 0.8448 0.3304 0.493 0.6324 2.5393 -0.2429 0.2429 0.3927 0 0
10 309 403 0 0 0 0 0 1.0002 0 0.9791 0.0349 0.1685 0.2124 1.2652 0.8559 -0.0048 0.4657 0.567 2.8472 0.1166 0.1166 0.344 0 0
10 310 342 0 0 0 0 0 1.0004 0 0.9749 0.3574 0.4034 0.5245 2.418 0.8403 0.1871 0.4485 0.5688 2.7279 0.025 0.025 0.3955 0 0
10 311 282 0 0 0 0 0 1.0002 0 0.9801 -0.001 0.2374 0.2709 2.2799 0.8239 0.0114 0.474 0.5753 2.6382 -0.137 0.137 0.4168 0 0
10 312 306 0 0 0 0 0 1.0012 0 0.9623 0.1935 0.2419 0.3004 1.3683 0.8427 0.1506 0.4535 0.5765 2.7405 -0.1274 0.1274 0.3896 0 0
10 313 330 0 0 0 0 0 1.0002 0 0.9425 -0.0491 0.3572 0.5687 2.193 0.8166 -0.0506 0.4656 0.5787 2.5525 -0.0976 0.0976 0.4153 0 0
10 314 360 0 0 0 0 0 1.0003 0 0.9689 -0.0517 0.1741 0.2266 1.3252 0.8423 -0.0593 0.4464 0.562 2.6148 -0.0726 0.0726 0.3783 0 0
10 315 372 0 0 0 0 0 1.0002 0 0.9485 0.3599 0.4175 0.5451 2.348 0.8326 0.1726 0.4876 0.6179 2.8852 0.052 0.052 0.4033 0 0
10 316 422 0 0 0 0 0 1.0009 0 0.9459 -0.1588 0.2912 0.371 1.5271 0.8596 -0.131 0.4663 0.5962 2.6304 0.0287 0.0287 0.3614 0 0
10 317 366 0 0 0 0 0 1.0002 0 0.9612 0.1122 0.2446 0.3282 1.7067 0.7933 0.0911 0.4667 0.5962 2.5744 -0.0544 0.0544 0.3909 0 0
10 318 358 0 0 0 0 0 1.0001 0 0.9705 -0.0035 0.2613 0.3152 1.6792 0.8366 -0.0289 0.4382 0.5703 2.6697 -0.0401 0.0401 0.3759 0 0
10 319 420 0 0 0 0 0 1.0001 0 0.9525 0.0838 0.2635 0.3402 1.7601 0.8523 0.0641 0.4445 0.5589 2.8331 0.04 0.04 0.3893 0 0
10 320 366 0 0 0 0 0 1.0006 0 0.9632 -0.1195 0.2686 0.3512 1.7994 0.8753 -0.052 0.4392 0.5637 2.8383 0.151 0.151 0.3553 0 0
10 321 432 0 0 0 0 0 1.0001 0 0.9818 0.1301 0.1766 0.1996 1.4004 0.8731 0.1128 0.4525 0.5704 3.1499 0.1963 0.1963 0.3357 0 0
10 322 416 0 0 0 0 0 1.0002 0 0.9363 -0.3221 0.3981 0.5387 2.7978 0.8105 -0.1637 0.4757 0.6055 2.9692 -0.0696 0.0696 0.4699 0 0
10 323 340 0 0 0 0 0 1.0002 0 0.9773 -0.13 0.2126 0.2735 2.0688 0.863 -0.0757 0.4322 0.5388 2.7236 0.0128 0.0128 0.3883 0 0
10 324 417 0 0 0 0 0 1.0001 0 0.9843 0.1645 0.1945 0.246 1.4123 0.8479 0.1959 0.4617 0.5775 2.7199 -0.0028 0.0028 0.3674 0 0
10 325 370 0 0 0 0 0 1.0005 0 0.9777 0.0688 0.208 0.2638 1.1728 0.8569 0.0147 0.3918 0.5048 2.6673 -0.0639 0.0639 0.3735 0 0
10 326 427 0 0 0 0 0 1.0004 0 0.9477 0.0559 0.2127 0.2665 1.189 0.8804 0.0107 0.4406 0.5408 2.8156 0.1798 0.1798 0.318 0 0
10 327 418 0 0 0 0 0 1.0005 0 0.9562 0.2403 0.3465 0.4117 2.1174 0.8217 0.0279 0.4881 0.5938 2.9745 0.0726 0.0726 0.3778 0 0
10 328 419 0 0 0 0 0 1.0002 0 0.9487 0.1177 0.2143 0.2571 1.5881 0.8429 0.058 0.4299 0.5435 2.9749 0.0826 0.0826 0.3762 0 0
10 329 404 0 0 0 0 0 1.0002 0 0.9784 -0.0895 0.2539 0.3428 1.995 0.7902 -0.09 0.4916 0.6077 2.524 -0.049 0.049 0.4176 0 0
10 330 396 0 0 0 0 0 1.0003 0 0.9129 0.2252 0.2589 0.3512 1.154 0.8514 0.1775 0.4816 0.5806 2.7887 0.0113 0.0113 0.3683 0 0
10 331 423 0 0 0 0 0 1.0002 0 0.9843 -0.0649 0.1618 0.1872 1.584 0.8616 -0.0686 0.4663 0.5721 2.6983 0.179 0.179 0.333 0 0
10 332 335 0 0 0 0 0 1.0004 0 0.9672 0.0533 0.1991 0.2488 1.2584 0.8815 0.065 0.4453 0.5461 2.7951 -0.033 0.033 0.363 0 0
10 333 424 0 0 0 0 0 1.0002 0 0.9845 -0.0238 0.2281 0.3034 1.7779 0.8799 -0.0574 0.457 0.5741 2.7121 0.1178 0.1178 0.3454 0 0
10 334 335 0 0 0 0 0 1.0003 0 0.9647 0.0413 0.2181 0.2587 1.6885 0.833 0.0569 0.4431 0.5621 2.7236 -0.0161 0.0161 0.3721 0 0
10 335 359 0 0 0 0 0 1.0006 0 0.9563 -0.13 0.2585 0.3457 1.7349 0.8498 0.0034 0.4382 0.5446 2.6406 0.0346 0.0346 0.3681 0 0
10 336 428 0 0 0 0 0 1.0002 0 0.9185 -0.2604 0.3852 0.5387 2.3972 0.7814 -0.1635 0.4932 0.6278 3.0815 0.0861 0.0861 0.4496 0 0
10 337 359 0 0 0 0 0 1.0002 0 0.9733 -0.0577 0.1771 0.2323 1.8412 0.8362 0.0072 0.4564 0.567 2.8042 -0.0949 0.0949 0.4158 0 0
10 338 366 0 0 0 0 0 1.0002 0 0.9722 0.0565 0.2304 0.2826 1.4557 0.8622 0.0027 0.4653 0.5776 2.838 -0.0319 0.0319 0.3727 0 0
10 339 417 0 0 0 0 0 1.0001 0 0.967 0.0347 0.214 0.2751 1.4327 0.8456 0.0227 0.4729 0.5824 2.7097 0.1176 0.1176 0.363 0 0
10 340 379 0 0 0 0 0 1.0002 0 0.9824 0.0368 0.1921 0.2273 1.9339 0.8088 -0.0539 0.4403 0.5484 2.6324 -0.1195 0.1195 0.4245 0 0
10 341 371 0 0 0 0 0 1.0003 0 0.9726 0.0863 0.2426 0.3214 1.5824 0.8524 0.0772 0.4487 0.5639 2.7884 0.08 0.08 0.3542 0 0
10 342 383 0 0 0 0 0 1.0003 0 0.961 -0.0568 0.1779 0.2491 1.4534 0.8516 -0.0498 0.3948 0.514 2.712 -0.0776 0.0776 0.4051 0 0
10 343 435 0 0 0 0 0 1.0005 0 0.9522 -0.3632 0.3816 0.4333 1.5827 0.8358 -0.3268 0.5643 0.7023 2.8763 0.1895 0.1895 0.3461 0 0
10 344 337 0 0 0 0 0 1.0003 0 0.9787 0.0224 0.2126 0.2311 1.7964 0.8059 -0.0249 0.4458 0.5701 2.7789 -0.0697 0.0697 0.3866 0 0
10 345 413 0 0 0 0 0 1.0005 0 0.9583 -0.0705 0.2672 0.3321 1.5792 0.8233 -0.0274 0.4265 0.5291 2.8173 0.0581 0.0581 0.3856 0 0
10 346 379 0 0 0 0 0 1.0004 0 0.9524 -0.0776 0.2091 0.2622 1.1817 0.876 -0.0328 0.3994 0.5073 2.629 -0.0127 0.0127 0.3611 0 0
10 347 408 0 0 0 0 0 1.0002 0 0.9729 -0.2095 0.3119 0.3666 2.236 0.8429 -0.1197 0.4919 0.6259 3.0278 -0.0036 0.0036 0.409 0 0
10 348 416 0 0 0 0 0 1.0002 0 0.9804 0.012 0.3024 0.3755 2.3233 0.8863 -0.082 0.421 0.5336 2.6817 -0.0365 0.0365 0.3782 0 0
10 349 417 0 0 0 0 0 1.0006 0 0.9809 -0.0378 0.1834 0.2115 1.602 0.8327 -0.007 0.4274 0.5364 2.7177 -0.0014 0.0014 0.3907 0 0
10 350 293 0 0 0 0 0 1.001 0 0.9636 -0.1359 0.2194 0.2729 1.3225 0.8515 -0.1728 0.4462 0.5772 2.7518 -0.1621 0.1621 0.3885 0 0
10 351 386 0 0 0 0 0 1.0009 0 0.9742 -0.098 0.2064 0.2414 1.5011 0.8519 -0.0247 0.4382 0.5463 2.7449 -0.0159 0.0159 0.3632 0 0
10 352 319 0 0 0 0 0 1.0003 0 0.963 -0.1205 0.2208 0.2689 1.4866 0.8472 -0.0708 0.4371 0.5451 2.6544 -0.118 0.118 0.3786 0 0
10 353 372 0 0 0 0 0 1.0002 0 0.9032 0.0743 0.3098 0.4325 1.8812 0.8682 0.1643 0.4606 0.5648 2.8191 0.0111 0.0111 0.3592 0 0
10 354 368 0 0 0 0 0 1.0006 0 0.9905 -0.0605 0.1086 0.1557 1.8461 0.8641 -0.0441 0.4019 0.5021 2.6893 0.0588 0.0588 0.3581 0 0
10 355 354 0 0 0 0 0 1.0003 0 0.9591 0.0753 0.1757 0.2416 1.245 0.8443 0.0408 0.4507 0.5728 2.7124 -0.0074 0.0074 0.3687 0 0
10 356 370 0 0 0 0 0 1.0005 0 0.9612 -0.0204 0.1721 0.2765 1.3937 0.8815 0.0123 0.4031 0.5272 2.7764 0.0411 0.0411 0.3621 0 0
10 357 316 0 0 0 0 0 1.0004 0 0.9468 0.0182 0.2564 0.3368 1.8562 0.8409 -0.0119 0.4348 0.5413 2.6636 -0.0932 0.0932 0.4156 0 0
10 358 412 0 0 0 0 0 1.0001 0 0.9392 0.0697 0.2778 0.332 1.4296 0.8518 -0.0023 0.4157 0.5372 2.65 -0.0924 0.0924 0.3821 0 0
10 359 367 0 0 0 0 0 1.0003 0 0.9588 -0.0533 0.3325 0.4686 2.6268 0.8042 -0.1558 0.4737 0.598 2.5157 0.0077 0.0077 0.4226 0 0
10 360 423 0 0 0 0 0 1.0003 0 0.9655 0.0684 0.1664 0.2112 1.1819 0.8533 0.0666 0.4304 0.5545 2.7507 0.1099 0.1099 0.3386 0 0
10 361 352 0 0 0 0 0 1.0007 0 0.948 -0.2374 0.3178 0.501 2.3855 0.7971 -0.1204 0.4515 0.5735 2.8871 -0.134 0.134 0.4466 0 0
10 362 391 0 0 0 0 0 1.0003 0 0.9806 -0.0164 0.1668 0.187 1.349 0.8551 -0.0257 0.4317 0.5594 2.7078 0.058 0.058 0.3573 0 0
10 363 348 0 0 0 0 0 1.0007 0 0.9735 0.0658 0.1906 0.213 1.3389 0.8345 0.0285 0.4483 0.543 2.7651 0.0196 0.0196 0.3644 0 0
10 364 354 0 0 0 0 0 1.0003 0 0.9554 0.1305 0.2016 0.2708 1.6299 0.8288 0.0718 0.4451 0.5714 2.9731 -0.0185 0.0185 0.4012 0 0
10 365 296 0 0 0 0 0 1.0008 0 0.9711 0.102 0.1745 0.2459 1.4783 0.8406 0.0204 0.4566 0.5726 2.673 -0.1768 0.1768 0.3922 0 0
10 366 416 0 0 0 0 0 1.0001 0 0.9342 -0.0908 0.246 0.3073 1.5517 0.8199 -0.0386 0.4625 0.5949 2.9619 -0.0474 0.0474 0.3794 0 0
10 367 380 0 0 0 0 0 1.0001 0 0.9572 -0.137 0.2375 0.3067 2.1151 0.8041 -0.1346 0.4973 0.6303 3.1875 0.082 0.082 0.4006 0 0
10 368 367 0 0 0 0 0 1.0001 0 0.9863 0.0168 0.1376 0.1712 1.5018 0.8662 -0.0273 0.404 0.506 2.629 -0.0203 0.0203 0.3793 0 0
10 369 386 0 0 0 0 0 1.0001 0 0.9708 -0.0821 0.2231 0.2808 1.802 0.8343 -0.0851 0.4397 0.583 2.5786 -0.004 0.004 0.3938 0 0
10 370 407 0 0 0 0 0 1.0003 0 0.9565 -0.1122 0.2425 0.276 1.1035 0.8539 -0.1752 0.4372 0.5584 2.6248 -0.1399 0.1399 0.3776 0 0
10 371 375 0 0 0 0 0 1.0003 0 0.9767 -0.0216 0.1733 0.2034 1.1862 0.8235 -0.051 0.4294 0.5308 2.5929 -0.1475 0.1475 0.4062 0 0
10 372 348 0 0 0 0 0 1.0009 0 0.9823 0.231 0.2635 0.3293 1.815 0.8499 0.1612 0.4593 0.5849 2.7022 -0.0586 0.0586 0.3816 0 0
10 373 368 0 0 0 0 0 1.0006 0 0.9924 0.01 0.1576 0.1978 2.2122 0.8614 0.0023 0.4317 0.5487 2.7132 0.0185 0.0185 0.3513 0 0
10 374 356 0 0 0 0 0 1.0008 0 0.9462 -0.161 0.224 0.3038 1.7838 0.7719 -0.1345 0.5279 0.6721 2.995 -0.1624 0.1624 0.4917 0 0
10 375 382 0 0 0 0 0 1.0001 0 0.9432 0.0163 0.2385 0.2807 1.2075 0.8711 0.0026 0.3515 0.431 2.5641 -0.1639 0.1639 0.3891 0 0
10 376 394 0 0 0 0 0 1.0001 0 0.9783 0.0328 0.2334 0.2594 2.1413 0.8357 0.0214 0.4336 0.5444 2.6419 -0.0714 0.0714 0.3997 0 0
10 377 404 0 0 0 0 0 1.0006 0 0.9615 -0.0418 0.1785 0.2385 1.3408 0.8568 -0.0342 0.4189 0.5372 2.6171 -0.0407 0.0407 0.3736 0 0
10 378 400 0 0 0 0 0 1.0005 0 0.8854 -0.2033 0.483 0.574 2.429 0.7705 -0.1431 0.5366 0.6552 2.9387 0.0476 0.0476 0.4107 0 0
10 379 409 0 0 0 0 0 1.0002 0 0.9391 0.1618 0.2188 0.323 1.5132 0.8539 0.0912 0.466 0.5918 2.945 0.0915 0.0915 0.3612 0 0
10 380 359 0 0 0 0 0 1.0007 0 0.9846 0.0503 0.1339 0.1632 1.3988 0.8318 0.048 0.4327 0.5386 2.6856 0.0042 0.0042 0.3669 0 0
10 381 383 0 0 0 0 0 1.0003 0 0.9179 0.1219 0.2872 0.318 1.1211 0.8779 0.0305 0.3857 0.4912 2.6845 -0.1543 0.1543 0.3661 0 0
10 382 415 0 0 0 0 0 1.0007 0 0.9634 -0.0403 0.2358 0.3202 2.6014 0.8195 0.0478 0.4359 0.5451 2.7522 -0.0639 0.0639 0.4128 0 0
10 383 355 0 0 0 0 0 1.0013 0 0.9073 0.3314 0.413 0.5958 1.9287 0.801 0.1049 0.5061 0.6539 3.036 -0.0195 0.0195 0.4398 0 0
10 384 426 0 0 0 0 0 1.0005 0 0.9715 0.0659 0.2038 0.236 1.2803 0.8632 0.0611 0.3988 0.4928 2.6919 0.0756 0.0756 0.3526 0 0
10 385 353 0 0 0 0 0 1.0002 0 0.9804 -0.1785 0.2223 0.272 1.7815 0.8661 -0.1434 0.4492 0.5443 2.7631 0.0916 0.0916 0.356 0 0
10 386 324 0 0 0 0 0 1.001 0 0.9882 -0.0541 0.173 0.2105 1.9688 0.8384 -0.0316 0.442 0.5485 2.7675 0.0479 0.0479 0.3655 0 0
10 387 369 0 0 0 0 0 1.0005 0 0.975 0.0218 0.2638 0.3607 1.8166 0.8257 0.0536 0.5384 0.6561 2.6062 0.0322 0.0322 0.3701 0 0
10 388 683 1496 0 0 29 48 1.0287 0 0.9164 -0.7405 0.7405 0.8272 2.8753 0.7785 -0.5829 0.7021 0.8365 4.8597 0.3343 0.3343 0.5268 1 1
10 389 422 0 0 0 0 0 1.0003 0 0.951 0.3522 0.3522 0.4468 1.4761 0.8534 0.2949 0.4593 0.5813 2.7768 0.0195 0.0195 0.3785 0 0
10 390 422 0 0 0 0 0 1.0002 0 0.9808 -0.0971 0.1964 0.2335 1.5207 0.8642 -0.1041 0.3964 0.5277 2.6213 -0.0721 0.0721 0.3922 0 0
10 391 427 0 0 0 0 0 1.0002 0 0.9549 -0.1154 0.2683 0.3656 1.758 0.8525 -0.0947 0.4379 0.5687 2.8308 0.0673 0.0673 0.3579 0 0
10 392 1264 1868 0 0 96 55 1.0574 2 0.8189 1.0231 1.0231 1.1698 3.0662 0.7522 0.7058 0.861 1.0121 5.144 0.3282 0.3282 0.6631 1 1
10 393 352 0 0 0 0 0 1.0004 0 0.9119 0.2267 0.3572 0.462 2.0331 0.8442 0.1941 0.4924 0.6073 2.8851 -0.029 0.029 0.3918 0 0
10 394 405 0 0 0 0 0 1.0002 0 0.9756 -0.1051 0.1982 0.2576 1.3788 0.8514 -0.0465 0.4288 0.5458 2.6711 0.0618 0.0618 0.3654 0 0
10 395 434 0 0 0 0 0 1.0002 0 0.9056 -0.0086 0.3289 0.3592 2.1777 0.8077 0.037 0.4813 0.622 3.2015 0.1588 0.1588 0.4094 0 0
10 396 404 0 0 0 0 0 1.0002 0 0.9684 0.0217 0.1892 0.226 1.1486 0.8512 -0.0604 0.4322 0.5485 2.5998 -8e-04 8e-04 0.3586 0 0
10 397 432 0 0 0 0 0 1.0006 0 0.9488 0.0417 0.1815 0.2181 1.2138 0.869 0.0266 0.4522 0.5753 2.9088 0.1673 0.1673 0.3461 0 0
10 398 368 0 0 0 0 0 1.0001 0 0.9868 -0.0616 0.1747 0.2191 1.8461 0.8191 -0.0606 0.4943 0.605 2.6482 -0.0938 0.0938 0.4192 0 0
10 399 387 0 0 0 0 0 1.0005 0 0.9571 -0.2356 0.3105 0.4089 2.2301 0.8281 -0.1227 0.4448 0.5597 2.7855 -0.0515 0.0515 0.3944 0 0
10 400 366 0 0 0 0 0 1.0002 0 0.9779 -0.0202 0.1845 0.2208 1.5113 0.8691 -0.0659 0.4103 0.5177 2.6202 -0.0946 0.0946 0.3864 0 0
10 401 385 0 0 0 0 0 1.0002 0 0.9874 -0.0947 0.1943 0.2167 1.6863 0.8079 -0.0226 0.4401 0.5641 2.6633 -0.0311 0.0311 0.4017 0 0
10 402 393 0 0 0 0 0 1.0002 0 0.9623 0.0404 0.1955 0.2401 1.4357 0.854 0.002 0.4435 0.5602 2.9149 0.1392 0.1392 0.3519 0 0
10 403 424 0 0 0 0 0 1.0003 0 0.9656 -0.2064 0.2557 0.2963 1.4438 0.8339 -0.1289 0.4783 0.5848 2.8876 0.1408 0.1408 0.3483 0 0
10 404 354 0 0 0 0 0 1.0006 0 0.9904 -0.0071 0.1113 0.1349 1.4066 0.808 -0.0201 0.4597 0.5699 2.6729 -0.0515 0.0515 0.3698 0 0
10 405 420 0 0 0 0 0 1.0012 0 0.9074 -0.1834 0.3082 0.4622 1.6421 0.8228 -0.1147 0.4383 0.5715 3.0405 0.0741 0.0741 0.3834 0 0
10 406 415 0 0 0 0 0 1.0002 0 0.9662 -0.0598 0.212 0.2778 1.4756 0.8417 -0.0048 0.4047 0.5332 2.7624 0.0025 0.0025 0.3649 0 0
10 407 378 0 0 0 0 0 1.0008 0 0.9843 -0.0543 0.1559 0.2377 2.0206 0.8323 0.0055 0.4707 0.584 2.6144 -0.1571 0.1571 0.4229 0 0
10 408 345 0 0 0 0 0 1.0002 0 0.9709 0.0735 0.2159 0.2578 1.5097 0.822 0.0306 0.4486 0.5483 2.632 -0.1309 0.1309 0.4011 0 0
10 409 411 0 0 0 0 0 1.0002 0 0.9576 0.1938 0.2436 0.3168 1.941 0.8213 0.166 0.446 0.5592 2.7786 -0.0255 0.0255 0.4165 0 0
10 410 404 0 0 0 0 0 1.0003 0 0.9805 -0.0664 0.1793 0.2144 1.5925 0.829 -0.0971 0.4534 0.5662 2.6451 -0.1074 0.1074 0.3802 0 0
10 411 354 0 0 0 0 0 1.0002 0 0.9461 -5e-04 0.2765 0.4156 1.8788 0.8538 -0.0534 0.4274 0.5303 2.5742 -0.1608 0.1608 0.4241 0 0
10 412 398 0 0 0 0 0 1.0006 0 0.9853 0.1283 0.2149 0.2812 1.8339 0.8686 0.1216 0.4165 0.5172 2.61 0.0125 0.0125 0.3833 0 0
10 413 382 0 0 0 0 0 1.0002 0 0.9675 0.3062 0.3277 0.4251 1.4009 0.8546 0.2002 0.467 0.5809 2.8579 0.0592 0.0592 0.3641 0 0
10 414 304 0 0 0 0 0 1.0005 0 0.9739 0.0753 0.3278 0.4956 2.5769 0.7274 0.0439 0.5302 0.6664 2.5339 -0.1687 0.1687 0.4407 0 0
10 415 418 0 0 0 0 0 1.001 0 0.9847 0.1661 0.1942 0.2244 1.9308 0.8526 0.1536 0.4417 0.5692 2.9219 0.0455 0.0455 0.3951 0 0
10 416 418 0 0 0 0 0 1.0003 0 0.9116 0.1573 0.2949 0.3817 1.3656 0.849 0.1615 0.4384 0.5401 2.7805 0.0371 0.0371 0.3691 0 0
10 417 427 0 0 0 0 0 1.0002 0 0.9469 -0.1038 0.2675 0.3203 2.2514 0.8019 -0.0688 0.4715 0.6035 2.9246 -0.0786 0.0786 0.4306 0 0
10 418 417 0 0 0 0 0 1.0002 0 0.9891 -0.2366 0.2366 0.2639 1.2545 0.8451 -0.2226 0.4404 0.5549 2.6585 0.0019 0.0019 0.3675 0 0
10 419 354 0 0 0 0 0 1.0007 0 0.9535 0.1406 0.2329 0.4057 2.0509 0.8451 0.0211 0.4572 0.5946 2.7434 -0.0799 0.0799 0.3977 0 0
10 420 414 0 0 0 0 0 1.0003 0 0.9619 -0.1323 0.2691 0.5082 2.857 0.8109 0.0598 0.4735 0.5797 2.6602 -0.0346 0.0346 0.3891 0 0
10 421 388 0 0 0 0 0 1.0002 0 0.9712 -0.0508 0.2903 0.3957 2.0921 0.8224 0.0598 0.4749 0.5958 2.6258 0.0227 0.0227 0.3856 0 0
10 422 403 0 0 0 0 0 1.0002 0 0.9824 0.0675 0.19 0.2524 1.7745 0.8391 -0.0169 0.4626 0.5766 2.7354 0.0184 0.0184 0.3785 0 0
10 423 418 0 0 0 0 0 1.0002 0 0.9575 0.1284 0.1983 0.2473 1.5573 0.8423 0.0981 0.4582 0.5791 2.9428 0.1021 0.1021 0.3642 0 0
10 424 411 0 0 0 0 0 1.0001 0 0.9765 -0.1277 0.2625 0.3015 2.0137 0.7819 0.0043 0.4453 0.5773 2.553 0.0941 0.0941 0.4047 0 0
10 425 423 0 0 0 0 0 1.0001 0 0.9779 0.2045 0.2504 0.2777 1.3081 0.8616 0.184 0.4514 0.5738 2.8487 0.0939 0.0939 0.3422 0 0
10 426 418 0 0 0 0 0 1.0006 0 0.9472 4e-04 0.2524 0.3146 1.5654 0.9034 -0.0275 0.3557 0.4428 2.8271 0.0643 0.0643 0.366 0 0
10 427 391 0 0 0 0 0 1.0003 0 0.9211 -0.0504 0.3298 0.3827 1.7818 0.8322 -0.0638 0.4289 0.558 2.8378 0.0038 0.0038 0.3815 0 0
10 428 372 0 0 0 0 0 1.0002 0 0.9815 0.029 0.1905 0.2541 2.0576 0.8788 -0.043 0.399 0.5 2.6465 -0.0269 0.0269 0.356 0 0
10 429 432 0 0 0 0 0 1.0002 0 0.9824 0.0437 0.2729 0.3194 1.9024 0.8175 -0.0172 0.5073 0.6201 2.7669 0.251 0.251 0.3403 0 0
10 430 388 0 0 0 0 0 1.0001 0 0.943 -0.0302 0.25 0.2884 1.4802 0.865 -0.008 0.3927 0.5093 2.894 0.0247 0.0247 0.3689 0 0
10 431 372 0 0 0 0 0 1.0004 0 0.9552 0.0827 0.2317 0.2925 1.7842 0.8402 0.0156 0.4394 0.5576 2.8467 -0.072 0.072 0.4244 0 0
10 432 355 0 0 0 0 0 1.0003 0 0.9737 -0.2093 0.2498 0.2966 1.5914 0.8189 -0.2021 0.4867 0.624 2.864 -0.0425 0.0425 0.4013 0 0
10 433 339 0 0 0 0 0 1.0002 0 0.9852 -0.0573 0.1746 0.2341 1.8014 0.8363 -0.1392 0.4511 0.572 2.5915 -0.0308 0.0308 0.38 0 0
10 434 353 0 0 0 0 0 1.0004 0 0.9591 -0.0279 0.2213 0.2585 1.4099 0.8428 -0.0201 0.4257 0.5431 2.6865 -0.0556 0.0556 0.3807 0 0
10 435 415 0 0 0 0 0 1.0001 0 0.9903 0.1956 0.1956 0.2307 1.6327 0.881 0.1651 0.4147 0.5258 2.7781 0.0211 0.0211 0.3654 0 0
10 436 353 0 0 0 0 0 1.0005 0 0.9414 -0.1656 0.3095 0.3771 1.465 0.8498 -0.1123 0.4183 0.5206 2.6199 -0.1573 0.1573 0.3706 0 0
10 437 423 0 0 0 0 0 1.0004 0 0.9527 -0.126 0.2453 0.2995 1.2878 0.8287 -0.1872 0.4673 0.5891 2.6859 0.0292 0.0292 0.3661 0 0
10 438 270 0 0 0 0 0 1.0002 0 0.9577 0.0047 0.2158 0.2581 1.7754 0.8363 0.0591 0.4454 0.5657 2.8663 -0.0948 0.0948 0.4227 0 0
10 439 398 0 0 0 0 0 1.0007 0 0.938 0.1828 0.3149 0.5108 2.188 0.7955 0.0474 0.4897 0.6121 2.8172 -0.0428 0.0428 0.4214 0 0
10 440 416 0 0 0 0 0 1.0002 0 0.986 -0.0323 0.1398 0.1865 1.575 0.855 0.0811 0.458 0.5755 2.8366 0.0616 0.0616 0.3587 0 0
10 441 353 0 0 0 0 0 1.0012 0 0.9602 -0.0358 0.1986 0.2518 1.4896 0.8556 -0.0337 0.4282 0.5578 2.7689 -0.0712 0.0712 0.4025 0 0
10 442 390 0 0 0 0 0 1.0007 0 0.9838 0.0235 0.142 0.1743 1.5603 0.8451 -0.0131 0.4462 0.5761 2.8758 -0.0033 0.0033 0.3827 0 0
10 443 370 0 0 0 0 0 1.0002 0 0.975 0.1222 0.1884 0.2398 1.3379 0.8485 0.1134 0.425 0.532 2.7268 -0.0682 0.0682 0.3867 0 0
10 444 408 0 0 0 0 0 1.0009 0 0.9624 0.2202 0.2919 0.37 1.8185 0.8653 0.1274 0.4237 0.5426 2.8768 0.0886 0.0886 0.3671 0 0
10 445 389 0 0 0 0 0 1.0001 0 0.9889 0.2494 0.2742 0.3342 1.8097 0.8839 0.1439 0.4418 0.5605 2.7645 -0.0727 0.0727 0.3807 0 0
10 446 423 0 0 0 0 0 1.0001 0 0.962 0.1394 0.2547 0.4866 2.6448 0.8317 0.0288 0.4343 0.5646 2.8172 0.0702 0.0702 0.3865 0 0
10 447 427 0 0 0 0 0 1.0002 0 0.9827 0.068 0.1952 0.2243 1.3925 0.8692 0.0042 0.398 0.4943 2.7824 0.082 0.082 0.3625 0 0
10 448 407 0 0 0 0 0 1.0002 0 0.9593 -0.1134 0.2546 0.305 1.4641 0.8583 -0.031 0.4188 0.5267 2.6775 -0.002 0.002 0.3665 0 0
10 449 417 0 0 0 0 0 1.0005 0 0.9855 -0.0677 0.1348 0.1667 1.515 0.8315 -0.0716 0.4388 0.536 2.6599 0.0744 0.0744 0.3539 0 0
10 450 371 0 0 0 0 0 1.0003 0 0.9208 -0.2843 0.4834 0.674 2.1932 0.7836 -0.0544 0.5161 0.6497 2.6748 -0.0344 0.0344 0.4077 0 0
10 451 417 0 0 0 0 0 1.0003 0 0.9934 0.0476 0.1063 0.1329 1.4074 0.8586 0.1092 0.4466 0.5627 2.9949 0.1107 0.1107 0.3579 0 0
10 452 367 0 0 0 0 0 1.0002 0 0.9631 0.0053 0.2925 0.3907 2.1247 0.7848 -0.0201 0.4609 0.5789 2.539 -0.1326 0.1326 0.4042 0 0
10 453 427 0 0 0 0 0 1.0003 0 0.9702 -0.0781 0.1837 0.2354 1.25 0.8877 0.0262 0.4092 0.5156 2.7731 0.1529 0.1529 0.3463 0 0
10 454 419 0 0 0 0 0 1.0001 0 0.9626 0.171 0.2624 0.3077 1.7563 0.8454 0.1152 0.4787 0.6103 2.9272 0.1227 0.1227 0.368 0 0
10 455 295 0 0 0 0 0 1.0004 0 0.9677 0.1809 0.2515 0.331 1.9688 0.8153 0.0933 0.4745 0.6062 2.8142 -0.1256 0.1256 0.4261 0 0
10 456 393 0 0 0 0 0 1.0002 0 0.9582 -0.3528 0.3659 0.4522 2.1108 0.8054 -0.2504 0.5139 0.6494 2.9109 -0.0531 0.0531 0.4185 0 0
10 457 368 0 0 0 0 0 1.0002 0 0.9692 0.2466 0.2795 0.3555 1.6897 0.8171 0.2528 0.4964 0.6176 2.6413 -0.1225 0.1225 0.4129 0 0
10 458 431 0 0 0 0 0 1.0004 0 0.9702 -0.2574 0.2732 0.3334 1.3393 0.8268 -0.1627 0.4821 0.6208 2.8781 0.2241 0.2241 0.3296 0 0
10 459 389 0 0 0 0 0 1.0003 0 0.9757 0.0942 0.2044 0.2345 1.4088 0.8292 0.099 0.4194 0.5258 2.7334 -0.0198 0.0198 0.3841 0 0
10 460 366 0 0 0 0 0 1.0002 0 0.9769 0.084 0.1513 0.1925 1.2179 0.8178 0.1089 0.4516 0.5708 2.6434 -0.1921 0.1921 0.3941 0 0
10 461 394 0 0 0 0 0 1.0011 0 0.9699 -0.0298 0.1626 0.219 1.3618 0.8533 0.0154 0.4246 0.5291 2.8468 0.0249 0.0249 0.3611 0 0
10 462 424 0 0 0 0 0 1.0001 0 0.9671 0.1114 0.2509 0.392 1.6437 0.8461 0.0715 0.4551 0.5669 2.5808 0.0802 0.0802 0.3573 0 0
10 463 395 0 0 0 0 0 1.0007 0 0.9897 -0.1879 0.2071 0.26 1.4369 0.8583 -0.1747 0.4924 0.6375 2.6244 -0.0361 0.0361 0.3659 0 0
10 464 345 0 0 0 0 0 1.0002 0 0.978 -0.0796 0.1677 0.2302 1.102 0.8619 -0.0456 0.3932 0.5126 2.5908 -0.1299 0.1299 0.3773 0 0
10 465 399 0 0 0 0 0 1.0005 0 0.985 0.0035 0.1651 0.2208 1.6532 0.8101 -0.0441 0.4475 0.5448 2.6462 -0.0326 0.0326 0.3978 0 0
10 466 405 0 0 0 0 0 1.0003 0 0.9493 0.0302 0.2199 0.2571 1.4416 0.8767 0.0831 0.4639 0.5826 2.7911 0.0308 0.0308 0.3629 0 0
10 467 421 0 0 0 0 0 1.0001 0 0.9614 -0.293 0.3784 0.4346 1.6016 0.8313 -0.1373 0.4857 0.6071 2.727 0.1013 0.1013 0.3663 0 0
10 468 384 0 0 0 0 0 1.0001 0 0.95 -0.0761 0.275 0.3431 1.5669 0.8519 -0.1255 0.4722 0.598 2.59 -0.1174 0.1174 0.388 0 0
10 469 338 0 0 0 0 0 1.001 0 0.9785 0.0155 0.2086 0.263 1.7227 0.8544 0.0306 0.4426 0.5538 2.659 -0.0332 0.0332 0.3656 0 0
10 470 368 0 0 0 0 0 1.0002 0 0.9844 -0.059 0.2288 0.2778 1.4744 0.8453 -0.0512 0.4233 0.5518 2.6198 -0.0803 0.0803 0.3849 0 0
10 471 402 0 0 0 0 0 1.001 0 0.9905 -0.2755 0.2848 0.3113 1.4114 0.8406 -0.2648 0.4852 0.5919 2.5695 -0.1029 0.1029 0.3834 0 0
10 472 402 0 0 0 0 0 1.0002 0 0.9145 0.2211 0.3149 0.4166 1.9103 0.8037 0.1691 0.5108 0.6476 2.9207 -0.0621 0.0621 0.4192 0 0
10 473 377 0 0 0 0 0 1.0002 0 0.9775 0.1607 0.208 0.2952 1.4222 0.8795 0.1571 0.452 0.5494 2.7653 0.0682 0.0682 0.3564 0 0
10 474 354 0 0 0 0 0 1.0002 0 0.9536 0.132 0.2199 0.2805 1.1429 0.8239 0.0221 0.4485 0.5712 2.6621 -0.1112 0.1112 0.3996 0 0
10 475 387 0 0 0 0 0 1.0003 0 0.9411 -0.1327 0.2042 0.3219 1.311 0.8567 -0.1259 0.4374 0.5546 3.0335 0.1783 0.1783 0.3191 0 0
10 476 325 0 0 0 0 0 1.0005 0 0.9643 2e-04 0.2139 0.2825 1.7397 0.8644 -0.0118 0.3872 0.4916 2.6848 -0.1381 0.1381 0.3997 0 0
10 477 396 0 0 0 0 0 1.0004 0 0.9852 0.0501 0.1282 0.1613 1.1488 0.871 0.0903 0.4079 0.5072 2.6586 0.0279 0.0279 0.3597 0 0
10 478 422 0 0 0 0 0 1.0007 0 0.9816 0.0629 0.1828 0.2697 2.0693 0.821 0.043 0.4474 0.5586 2.6718 0.1426 0.1426 0.364 0 0
10 479 369 0 0 0 0 0 1.0006 0 0.9432 0.0592 0.216 0.2827 1.2684 0.8888 0.062 0.4331 0.5326 2.8621 -0.0123 0.0123 0.3828 0 0
10 480 364 0 0 0 0 0 1.0003 0 0.8122 -0.4386 0.6437 1.036 2.7681 0.8227 -0.0817 0.47 0.5908 2.9127 -5e-04 5e-04 0.4158 0 0
10 481 384 0 0 0 0 0 1.0001 0 0.9636 0.065 0.199 0.2505 1.3484 0.8701 0.0091 0.3914 0.4946 2.5797 -0.1324 0.1324 0.3712 0 0
10 482 391 0 0 0 0 0 1.0002 0 0.9837 0.0839 0.2795 0.3412 1.8501 0.8263 -0.0144 0.4769 0.5773 2.6061 -0.1939 0.1939 0.4446 0 0
10 483 419 0 0 0 0 0 1.0003 0 0.9702 -0.0019 0.267 0.401 1.7741 0.856 -5e-04 0.4682 0.6068 2.614 -0.01 0.01 0.3774 0 0
10 484 322 0 0 0 0 0 1.0008 0 0.9602 -0.0593 0.2065 0.2747 1.754 0.8541 -0.0452 0.4181 0.5129 2.687 -0.1161 0.1161 0.3729 0 0
10 485 409 0 0 0 0 0 1.0001 0 0.9663 -0.0262 0.2962 0.3836 1.8455 0.8572 -0.0401 0.4319 0.5426 2.5541 0.0466 0.0466 0.375 0 0
10 486 419 0 0 0 0 0 1.0001 0 0.9654 0.0945 0.2125 0.2732 1.5468 0.8486 -0.0218 0.4682 0.5868 2.8913 0.0324 0.0324 0.3606 0 0
10 487 386 0 0 0 0 0 1.0001 0 0.9384 0.0686 0.2386 0.3109 1.5159 0.85 0.0319 0.4219 0.5386 2.7967 -0.0555 0.0555 0.375 0 0
10 488 401 0 0 0 0 0 1.0002 0 0.9806 0.0068 0.2959 0.4475 2.3001 0.8227 0.0909 0.5044 0.6224 2.5369 -0.0861 0.0861 0.4017 0 0
10 489 309 0 0 0 0 0 1.0005 0 0.9777 -0.0619 0.2048 0.2458 1.5329 0.8259 -0.0269 0.4868 0.5963 2.679 -0.1792 0.1792 0.4105 0 0
10 490 368 0 0 0 0 0 1.0003 0 0.9253 0.0458 0.2413 0.3069 1.5446 0.8633 0.0375 0.4232 0.5348 2.7769 0.027 0.027 0.3625 0 0
10 491 394 0 0 0 0 0 1.0002 0 0.9395 0.0095 0.3281 0.3695 1.8688 0.8641 -0.0037 0.4359 0.5511 2.8673 0.0701 0.0701 0.3668 0 0
10 492 417 0 0 0 0 0 1.0003 0 0.9924 -0.0557 0.1743 0.2137 1.7007 0.8596 0.0404 0.4141 0.5264 2.7482 -0.0086 0.0086 0.3914 0 0
10 493 377 0 0 0 0 0 1.0002 0 0.9715 0.1234 0.2141 0.2776 1.8485 0.8533 0.0412 0.4259 0.5166 2.8935 -0.0105 0.0105 0.4081 0 0
10 494 369 0 0 0 0 0 1.0002 0 0.9632 -0.065 0.1798 0.2292 1.2197 0.8642 0.0512 0.3994 0.508 2.6624 1e-04 1e-04 0.3706 0 0
10 495 403 0 0 0 0 0 1.0002 0 0.9523 0.0958 0.2456 0.3956 2.2529 0.8205 0.0261 0.4731 0.6105 2.7655 0.0863 0.0863 0.3868 0 0
10 496 395 0 0 0 0 0 1.0004 0 0.9961 0.2325 0.2415 0.2817 1.8945 0.8631 0.1717 0.4461 0.5543 2.6981 0.0859 0.0859 0.3699 0 0
10 497 390 0 0 0 0 0 1.0003 0 0.9705 -0.0787 0.2046 0.2545 1.4218 0.8327 -0.0667 0.4655 0.5832 2.6566 0.0668 0.0668 0.362 0 0
10 498 404 0 0 0 0 0 1.0002 0 0.9193 0.0583 0.2218 0.3669 1.9165 0.8413 -0.0223 0.4154 0.5277 2.8632 0.01 0.01 0.4129 0 0
10 499 425 0 0 0 0 0 1.0003 0 0.9597 -0.2346 0.3017 0.3489 1.4434 0.8198 -0.1437 0.4516 0.5668 2.7364 0.0437 0.0437 0.3666 0 0
10 500 294 0 0 0 0 0 1.0006 0 0.9413 -0.055 0.2328 0.3133 1.8138 0.8392 -0.0636 0.4192 0.5462 2.8113 -0.1214 0.1214 0.4132 0 0
