cond r run.time ndiv nbfmi ntree nbulk ntail maxRhat nRhat beta.cor beta.bias beta.abbias beta.rmse beta.CI theta.cor theta.bias theta.abbias theta.rmse theta.CI lambda.bias lambda.abbias lambda.CI corrupt efficiency
36 1 903 0 0 0 0 0 1.0003 0 0.9734 -0.0165 0.1389 0.173 0.9114 0.7934 -0.0458 0.4714 0.6258 4.0586 0.0158 0.0158 0.2462 0 0
36 2 920 0 0 0 0 0 1.0005 0 0.9637 0.074 0.2152 0.2533 0.9418 0.8012 -0.0013 0.4842 0.6254 4.017 0.0405 0.0405 0.2752 0 0
36 3 902 0 0 0 0 0 1.0001 0 0.9914 0.0344 0.1305 0.1535 1.3216 0.7877 0.0339 0.5011 0.6673 4.0756 -0.0206 0.0206 0.2647 0 0
36 4 896 0 0 0 0 0 1.0001 0 0.9867 -0.0858 0.1303 0.1738 1.0694 0.7808 -0.0653 0.511 0.66 4.0586 -0.0082 0.0082 0.2705 0 0
36 5 920 0 0 0 0 0 1.0012 0 0.9659 0.0706 0.1612 0.1968 1.1475 0.7864 0.0288 0.4862 0.6315 4.0553 -0.0095 0.0095 0.2912 0 0
36 6 914 0 0 0 0 0 1.0003 0 0.971 -0.1236 0.2084 0.2382 0.8598 0.8113 -0.049 0.4587 0.5968 4.2138 0.1146 0.1146 0.2499 0 0
36 7 942 0 0 0 0 0 1.0002 0 0.9926 -0.0728 0.1307 0.1475 0.9329 0.8058 -0.1077 0.4898 0.6316 4.0971 0.0416 0.0416 0.2641 0 0
36 8 898 0 0 0 0 0 1.0013 0 0.9792 0.17 0.1877 0.3172 1.6345 0.7821 0.0202 0.5309 0.684 4.0709 -0.0042 0.0042 0.3 0 0
36 9 923 0 0 0 0 0 1.0002 0 0.9744 -0.0686 0.1568 0.1905 0.9116 0.7988 -0.0735 0.4712 0.6111 4.16 0.1026 0.1026 0.2428 0 0
36 10 938 0 0 0 0 0 1.0009 0 0.9822 0.069 0.1828 0.2083 0.9919 0.8087 0.0385 0.4931 0.6212 4.0081 -0.008 0.008 0.2595 0 0
36 11 914 0 0 0 0 0 1.0001 0 0.9828 -0.0252 0.1719 0.2178 1.3771 0.7345 0.0382 0.5159 0.6644 4.052 -0.0522 0.0522 0.295 0 0
36 12 915 0 0 0 0 0 1.0005 0 0.9683 -0.0803 0.2415 0.2734 1.4416 0.8089 -0.0442 0.5137 0.6536 4.129 0.1068 0.1068 0.2612 0 0
36 13 933 0 0 0 0 0 1.0002 0 0.9777 -0.076 0.2076 0.3613 2.4475 0.7309 0.0102 0.5101 0.659 4.0402 -0.143 0.143 0.3039 0 0
36 14 950 0 0 0 0 0 1.0004 0 0.9886 -0.0147 0.1029 0.1294 0.9892 0.7896 -0.1011 0.4833 0.6381 4.1034 -0.0104 0.0104 0.2524 0 0
36 15 971 0 0 0 0 0 1.0002 0 0.9896 -0.116 0.1667 0.2009 1.1279 0.8025 -0.0835 0.4917 0.6356 4.1183 0.0456 0.0456 0.2521 0 0
36 16 917 0 0 0 0 0 1.0005 0 0.9882 0.0673 0.196 0.2258 1.3061 0.7852 0.038 0.5143 0.6587 4.0604 -0.0288 0.0288 0.2902 0 0
36 17 926 0 0 0 0 0 1.0002 0 0.9663 -0.1945 0.2174 0.2779 1.0143 0.7949 -0.1291 0.4927 0.6534 4.2216 0.1136 0.1136 0.2509 0 0
36 18 911 0 0 0 0 0 1.0003 0 0.9913 0.0663 0.1462 0.1798 1.5349 0.7628 0.0468 0.4776 0.6312 4.0379 -0.0705 0.0705 0.2869 0 0
36 19 949 0 0 0 0 0 1.0003 0 0.9633 -0.0459 0.179 0.2062 0.9329 0.7941 -0.0465 0.4691 0.6209 4.0855 0.0599 0.0599 0.2549 0 0
36 20 909 0 0 0 0 0 1.0001 0 0.9763 -0.0708 0.1648 0.1981 1.0102 0.7655 -0.0609 0.4952 0.6607 4.0031 -0.0821 0.0821 0.2587 0 0
36 21 891 0 0 0 0 0 1.0004 0 0.9864 0.0283 0.1282 0.1541 1.1295 0.785 -0.0212 0.4966 0.6345 4.1004 0.0305 0.0305 0.2828 0 0
36 22 936 0 0 0 0 0 1.0003 0 0.9864 6e-04 0.1322 0.1675 1.1036 0.8003 0.0212 0.4868 0.6119 4.1332 0.0924 0.0924 0.2665 0 0
36 23 936 0 0 0 0 0 1.0003 0 0.9872 0.1563 0.1927 0.218 0.9663 0.8013 0.1113 0.471 0.6168 4.0559 -0.0246 0.0246 0.2673 0 0
36 24 943 0 0 0 0 0 1.0002 0 0.9668 0.0678 0.1701 0.2229 0.9136 0.8142 0.0298 0.4631 0.6016 4.0339 0.0188 0.0188 0.2487 0 0
36 25 917 0 0 0 0 0 1.0004 0 0.9503 0.106 0.2253 0.3005 1.3388 0.7886 0.0373 0.4677 0.6187 4.097 0.0028 0.0028 0.2835 0 0
36 26 897 0 0 0 0 0 1.0003 0 0.9693 -0.0564 0.1554 0.2056 1.0014 0.7682 -0.0512 0.5205 0.6884 4.0226 -0.1184 0.1184 0.3017 0 0
36 27 928 0 0 0 0 0 1.0002 0 0.966 0.0479 0.2018 0.2515 1.1681 0.7961 0.0268 0.4979 0.6382 4.0384 -0.0035 0.0035 0.256 0 0
36 28 906 0 0 0 0 0 1.0003 0 0.9869 0.0087 0.1452 0.1735 1.3005 0.7892 -0.0475 0.4713 0.6022 4.0346 -0.1297 0.1297 0.2976 0 0
36 29 936 0 0 0 0 0 1.0003 0 0.9834 -0.062 0.1328 0.1573 0.7815 0.8053 -0.0035 0.4641 0.6284 4.0101 -0.033 0.033 0.2694 0 0
36 30 902 0 0 0 0 0 1.0005 0 0.9483 0.0918 0.2229 0.2575 1.5053 0.7577 -0.005 0.4972 0.6528 4.0807 0.0031 0.0031 0.2893 0 0
36 31 881 0 0 0 0 0 1.0001 0 0.9869 0.1269 0.1579 0.1912 1.0816 0.8003 0.0827 0.4876 0.6237 4.0737 -0.0129 0.0129 0.2717 0 0
36 32 887 0 0 0 0 0 1.0002 0 0.9691 0.0374 0.1805 0.2634 1.5446 0.7875 -0.0204 0.5041 0.643 4.0724 -0.0437 0.0437 0.2876 0 0
36 33 937 0 0 0 0 0 1.0011 0 0.9893 0.0367 0.0973 0.1394 1.1159 0.7969 -0.0109 0.4938 0.6577 4.0652 -0.0324 0.0324 0.2732 0 0
36 34 920 0 0 0 0 0 1.0001 0 0.9724 -0.1058 0.1883 0.3143 1.9142 0.7415 -0.0368 0.5313 0.6937 4.0822 0.0267 0.0267 0.2609 0 0
36 35 915 0 0 0 0 0 1.0004 0 0.9913 0.0385 0.1446 0.1836 2.0661 0.7798 0.0019 0.488 0.6329 4.0465 -0.0125 0.0125 0.2698 0 0
36 36 924 0 0 0 0 0 1.0005 0 0.9907 0.1259 0.1653 0.1871 1.2416 0.8232 0.0694 0.4558 0.5861 4.1032 0.0288 0.0288 0.2627 0 0
36 37 935 0 0 0 0 0 1.0007 0 0.9818 0.0951 0.1679 0.2138 1.1219 0.7961 0.0329 0.4747 0.6136 4.031 -0.0043 0.0043 0.256 0 0
36 38 910 0 0 0 0 0 1.0001 0 0.9939 0.1582 0.1582 0.2005 1.4109 0.7852 0.0688 0.4816 0.6469 4.0524 -0.0706 0.0706 0.29 0 0
36 39 896 0 0 0 0 0 1.0009 0 0.9967 -0.0988 0.0988 0.1246 0.8608 0.7904 -0.0797 0.479 0.6289 4.0907 -0.033 0.033 0.2907 0 0
36 40 911 0 0 0 0 0 1.0008 0 0.9853 -0.1098 0.1839 0.203 1.3868 0.7994 -0.0383 0.5002 0.6427 4.0562 -0.0225 0.0225 0.2915 0 0
36 41 915 0 0 0 0 0 1.0008 0 0.9828 0.0319 0.2349 0.2881 2.2663 0.7571 6e-04 0.4939 0.6583 4.0958 0.0255 0.0255 0.2949 0 0
36 42 925 0 0 0 0 0 1.0003 0 0.968 0.0499 0.1352 0.214 1.47 0.7594 0.0139 0.5134 0.6578 4.0226 -0.0545 0.0545 0.302 0 0
36 43 943 0 0 0 0 0 1.0005 0 0.9705 0.085 0.1716 0.2421 1.8454 0.7452 0.0517 0.5172 0.6394 4.0307 -0.0559 0.0559 0.3003 0 0
36 44 929 0 0 0 0 0 1.0003 0 0.9899 -0.006 0.1255 0.1477 1.3406 0.7701 0.034 0.5001 0.6511 4.1445 0.0471 0.0471 0.2703 0 0
36 45 902 0 0 0 0 0 1.0002 0 0.9856 -0.0676 0.1189 0.149 0.9313 0.7581 -0.1037 0.5197 0.6807 4.1503 0.053 0.053 0.2592 0 0
36 46 944 0 0 0 0 0 1.0007 0 0.9783 -0.0639 0.1459 0.2095 1.1364 0.7906 -0.0431 0.4598 0.5928 3.994 -0.0306 0.0306 0.2684 0 0
36 47 972 0 0 0 0 0 1.0008 0 0.953 0.0208 0.1988 0.2154 1.1134 0.7694 0.0401 0.5146 0.6708 4.0254 -0.0743 0.0743 0.2822 0 0
36 48 923 0 0 0 0 0 1.0002 0 0.9763 -0.0638 0.2836 0.3735 1.8362 0.7845 0.0208 0.5053 0.6323 4.0657 -0.0323 0.0323 0.2903 0 0
36 49 928 0 0 0 0 0 1.0002 0 0.9961 0.1055 0.1457 0.1873 1.5798 0.7714 0.0382 0.4999 0.6374 4.0185 -0.0381 0.0381 0.2841 0 0
36 50 928 0 0 0 0 0 1.0003 0 0.9962 -0.0165 0.1053 0.1377 1.7588 0.7829 -0.0643 0.505 0.6467 4.0661 0.0542 0.0542 0.262 0 0
36 51 922 0 0 0 0 0 1.0002 0 0.9718 -0.038 0.2271 0.3091 2.1265 0.7812 -0.0366 0.5067 0.6555 4.1283 0.0569 0.0569 0.2801 0 0
36 52 909 0 0 0 0 0 1.0002 0 0.9616 -0.0312 0.2201 0.3491 1.4808 0.7966 0.0537 0.4661 0.6045 4.1012 0.0388 0.0388 0.2683 0 0
36 53 913 0 0 0 0 0 1.0003 0 0.9887 0.0959 0.1206 0.1513 0.8782 0.78 0.0893 0.4871 0.644 4.0528 0.041 0.041 0.2571 0 0
36 54 862 0 0 0 0 0 1.0003 0 0.9893 0.0642 0.2278 0.2643 2.4795 0.7134 0.0399 0.5157 0.6858 4.0963 -0.0082 0.0082 0.3081 0 0
36 55 915 0 0 0 0 0 1.0001 0 0.9905 -0.0504 0.1155 0.1772 1.2672 0.7738 -0.0394 0.4924 0.6376 4.015 -0.0569 0.0569 0.2869 0 0
36 56 964 0 0 0 0 0 1.0002 0 0.9915 -0.0026 0.1253 0.2082 1.4319 0.7877 -0.0532 0.4783 0.6103 4.0176 -0.0596 0.0596 0.2753 0 0
36 57 918 0 0 0 0 0 1.0008 0 0.9709 0.0904 0.2737 0.4467 2.3039 0.745 -0.0152 0.5318 0.693 4.0545 4e-04 4e-04 0.2959 0 0
36 58 900 0 0 0 0 0 1.0001 0 0.9203 0.1463 0.2886 0.5587 2.5395 0.7695 0.0188 0.5066 0.6531 4.0359 -0.005 0.005 0.2827 0 0
36 59 899 0 0 0 0 0 1.0001 0 0.9913 0.0239 0.0926 0.1371 0.9174 0.7949 0.0292 0.4698 0.6069 4.0461 0.0515 0.0515 0.2565 0 0
36 60 922 0 0 0 0 0 1.0003 0 0.9945 -0.0288 0.0907 0.109 0.9284 0.7598 -0.0702 0.5101 0.6603 4.0351 -0.0445 0.0445 0.2741 0 0
36 61 905 0 0 0 0 0 1.0002 0 0.9539 0.2174 0.3561 0.58 2.7623 0.75 0.0103 0.5146 0.6784 4.0603 -0.0258 0.0258 0.2976 0 0
36 62 866 0 0 0 0 0 1.0002 0 0.9594 0.0925 0.2528 0.4357 1.9443 0.7322 -0.017 0.5484 0.6986 4.0491 -0.006 0.006 0.3138 0 0
36 63 905 0 0 0 0 0 1.0001 0 0.9884 -0.0622 0.1955 0.2187 1.2443 0.7698 0.0042 0.499 0.6602 4.1007 -0.1023 0.1023 0.3063 0 0
36 64 933 0 0 0 0 0 1.0002 0 0.9956 0.0951 0.1473 0.1766 1.4918 0.8029 0.0592 0.4986 0.6259 4.0988 0.0261 0.0261 0.2527 0 0
36 65 946 0 0 0 0 0 1.0001 0 0.994 -0.0758 0.121 0.1581 1.4747 0.7718 0.015 0.5106 0.6625 4.0456 -0.0739 0.0739 0.2777 0 0
36 66 943 0 0 0 0 0 1.0007 0 0.9448 0.0384 0.1684 0.2143 1.0117 0.796 0.116 0.4933 0.6459 4.2181 0.1419 0.1419 0.2561 0 0
36 67 942 0 0 0 0 0 1.0004 0 0.9781 -0.0031 0.1585 0.1944 1.0464 0.7939 -1e-04 0.4681 0.6058 4.0689 0.0293 0.0293 0.2641 0 0
36 68 937 0 0 0 0 0 1.001 0 0.9712 0.0118 0.1517 0.1794 0.7556 0.836 0.0133 0.4461 0.587 4.0476 0.0184 0.0184 0.2451 0 0
36 69 913 0 0 0 0 0 1.0003 0 0.9694 -0.0278 0.1348 0.2522 1.4573 0.789 -0.006 0.4613 0.6038 4.1112 0.0624 0.0624 0.2638 0 0
36 70 919 0 0 0 0 0 1.0002 0 0.9857 -0.0714 0.2222 0.3147 2.0265 0.7645 -0.0931 0.5358 0.6891 4.0352 -0.0315 0.0315 0.2668 0 0
36 71 956 0 0 0 0 0 1.0001 0 0.9607 -0.0287 0.2759 0.33 1.2497 0.7509 0.0483 0.5291 0.6784 4.1677 0.0594 0.0594 0.2592 0 0
36 72 917 0 0 0 0 0 1.0003 0 0.989 0.1154 0.1839 0.2494 1.1908 0.7771 0.0315 0.5169 0.6679 4.0517 -0.0105 0.0105 0.2736 0 0
36 73 936 0 0 0 0 0 1.0004 0 0.9805 -0.1334 0.1988 0.2754 1.4229 0.8024 -0.0574 0.4732 0.615 4.0777 -0.0078 0.0078 0.2947 0 0
36 74 925 0 0 0 0 0 1.0001 0 0.968 -0.0551 0.1809 0.2081 1.1401 0.7846 -0.0297 0.5072 0.6612 4.0595 0.0175 0.0175 0.2605 0 0
36 75 909 0 0 0 0 0 1.0005 0 0.9739 -0.0375 0.2187 0.2662 1.1506 0.7641 -0.006 0.5333 0.6963 4.0267 -0.0675 0.0675 0.2727 0 0
36 76 926 0 0 0 0 0 1.0004 0 0.8993 -0.259 0.3211 0.538 2.3978 0.7148 -0.0548 0.5517 0.7127 4.2086 0.1329 0.1329 0.2912 0 0
36 77 894 0 0 0 0 0 1.0005 0 0.978 0.0163 0.122 0.1755 0.9883 0.7867 -0.0312 0.5001 0.6421 4.1287 0.0375 0.0375 0.2555 0 0
36 78 907 0 0 0 0 0 1.0003 0 0.9854 0.0045 0.1566 0.1932 1.0473 0.7799 0.0621 0.4837 0.6382 4.1406 0.0855 0.0855 0.2693 0 0
36 79 907 0 0 0 0 0 1.0001 0 0.9797 -0.1713 0.2529 0.396 1.9766 0.7475 -0.0339 0.5374 0.699 4.0635 0.0058 0.0058 0.2824 0 0
36 80 922 0 0 0 0 0 1.0006 0 0.9846 0.0689 0.1735 0.2183 1.7597 0.788 0.0314 0.5138 0.6653 4.0797 0.0071 0.0071 0.2592 0 0
36 81 915 0 0 0 0 0 1.0003 0 0.9852 0.0808 0.1272 0.1648 1.1512 0.774 0.0214 0.501 0.639 4.0904 0.0032 0.0032 0.2664 0 0
36 82 900 0 0 0 0 0 1.001 0 0.9902 -0.0586 0.1186 0.1504 1.0666 0.8144 -0.0477 0.5049 0.6528 4.0093 -0.0619 0.0619 0.2831 0 0
36 83 943 0 0 0 0 0 1.0002 0 0.9854 0.0109 0.0952 0.1386 0.7684 0.8047 -0.0432 0.4725 0.6093 4.0767 0.0214 0.0214 0.2488 0 0
36 84 908 0 0 0 0 0 1.0005 0 0.9457 -0.0148 0.1811 0.2702 0.9941 0.781 -0.0224 0.4726 0.6304 4.0226 -0.0475 0.0475 0.2733 0 0
36 85 941 0 0 0 0 0 1.0001 0 0.9949 0.0547 0.0809 0.1169 1.161 0.7876 0.0204 0.4759 0.6171 4.0687 -0.008 0.008 0.2768 0 0
36 86 944 0 0 0 0 0 1.0001 0 0.9851 -0.1315 0.1773 0.2301 1.4345 0.7899 -0.0561 0.5298 0.6787 4.0398 -8e-04 8e-04 0.2675 0 0
36 87 908 0 0 0 0 0 1.0006 0 0.9879 -0.1517 0.1585 0.2089 0.9398 0.7789 -0.1482 0.5335 0.6918 4.1257 0.0165 0.0165 0.2703 0 0
36 88 918 0 0 0 0 0 1.0011 0 0.9638 -0.0669 0.1705 0.2057 1.0693 0.781 -0.0502 0.4915 0.6404 4.0233 -0.0557 0.0557 0.2983 0 0
36 89 930 0 0 0 0 0 1.0003 0 0.9941 0.0165 0.095 0.1244 1.3096 0.7734 0.0017 0.5071 0.6664 4.0896 0.0108 0.0108 0.269 0 0
36 90 915 0 0 0 0 0 1.0002 0 0.9827 0.1227 0.2013 0.2451 1.52 0.7213 0.0872 0.555 0.7307 4.0416 -0.0804 0.0804 0.2856 0 0
36 91 935 0 0 0 0 0 1.0001 0 0.9624 0.0623 0.2079 0.2784 2.0842 0.7497 0.0882 0.5235 0.6761 4.0324 -0.0996 0.0996 0.3018 0 0
36 92 916 0 0 0 0 0 1.0001 0 0.9866 0.0121 0.113 0.1395 1.1698 0.7539 -0.0106 0.5104 0.6638 4.0298 -0.0457 0.0457 0.2872 0 0
36 93 910 0 0 0 0 0 1.0001 0 0.9919 0.0459 0.1314 0.1674 2.1416 0.7684 0.091 0.5027 0.634 4.1375 0.0369 0.0369 0.2874 0 0
36 94 911 0 0 0 0 0 1.0001 0 0.9899 -0.072 0.1373 0.2036 1.5152 0.7984 0.0051 0.4835 0.6183 4.1169 -3e-04 3e-04 0.2827 0 0
36 95 943 0 0 0 0 0 1.0001 0 0.9763 -0.2529 0.3143 0.4741 2.5847 0.7448 -0.1126 0.547 0.7094 4.0426 -0.1031 0.1031 0.3173 0 0
36 96 911 0 0 0 0 0 1.0005 0 0.9917 0.1046 0.1913 0.264 1.8364 0.7145 0.0399 0.549 0.7087 4.1218 0.0651 0.0651 0.2679 0 0
36 97 962 0 0 0 0 0 1.0005 0 0.9929 0.0087 0.0856 0.1034 1.1334 0.7635 0.0406 0.4822 0.6283 4.0063 0.0226 0.0226 0.2632 0 0
36 98 939 0 0 0 0 0 1.0005 0 0.9788 -0.0138 0.1042 0.1343 0.7852 0.8099 0.0084 0.448 0.596 4.1843 0.0597 0.0597 0.2401 0 0
36 99 917 0 0 0 0 0 1.0007 0 0.9732 -0.0959 0.2173 0.2389 0.9017 0.8046 -0.0798 0.4971 0.6265 4.0212 -0.0043 0.0043 0.2647 0 0
36 100 916 0 0 0 0 0 1.0001 0 0.9847 0.1151 0.153 0.1804 0.9484 0.7916 0.0441 0.4856 0.6253 4.0573 -5e-04 5e-04 0.2601 0 0
36 101 942 0 0 0 0 0 1.0001 0 0.9884 -0.0306 0.1147 0.131 1.0721 0.7993 -0.0316 0.4495 0.6019 4.0424 0.0188 0.0188 0.2721 0 0
36 102 919 0 0 0 0 0 1.0004 0 0.9622 -0.0852 0.1845 0.217 0.7368 0.8214 -0.0272 0.4748 0.624 4.0076 -0.1622 0.1622 0.2925 0 0
36 103 887 0 0 0 0 0 1.0001 0 0.9837 -0.1187 0.2815 0.3636 2.5027 0.7436 -0.0143 0.5082 0.6669 4.1142 0.0235 0.0235 0.3058 0 0
36 104 917 0 0 0 0 0 1.0012 0 0.9926 0.0146 0.0972 0.1218 0.9508 0.7876 -0.0296 0.4797 0.6412 4.0282 -0.0908 0.0908 0.2873 0 0
36 105 936 0 0 0 0 0 1.0004 0 0.9873 -0.0861 0.1438 0.1638 0.7205 0.7916 -0.0735 0.5011 0.6488 4.023 -0.0678 0.0678 0.2741 0 0
36 106 906 0 0 0 0 0 1.0006 0 0.9904 0.0158 0.1091 0.1486 1.8426 0.7589 0.0218 0.5166 0.6623 4.1657 0.0874 0.0874 0.2773 0 0
36 107 886 0 0 0 0 0 1.0001 0 0.989 -0.0122 0.1787 0.2275 1.5618 0.7363 -0.0441 0.5457 0.6961 4.0638 -0.1289 0.1289 0.3163 0 0
36 108 921 0 0 0 0 0 1.0002 0 0.9706 0.0584 0.2711 0.3901 1.7622 0.7964 -0.0273 0.4814 0.6274 3.9991 -0.0252 0.0252 0.2862 0 0
36 109 928 0 0 0 0 0 1.0001 0 0.9624 -0.0093 0.1873 0.2305 0.9588 0.7871 -0.0153 0.4571 0.5923 4.1296 0.0338 0.0338 0.2499 0 0
36 110 937 0 0 0 0 0 1.0008 0 0.9693 0.0647 0.1976 0.2137 0.8985 0.7912 0.0264 0.4804 0.6209 4.1189 0.0078 0.0078 0.2645 0 0
36 111 944 0 0 0 0 0 1.0015 0 0.9747 -0.02 0.2372 0.2876 2.3277 0.7822 -0.0485 0.5125 0.6408 4.1057 0.102 0.102 0.2415 0 0
36 112 880 0 0 0 0 0 1.0007 0 0.9826 0.0252 0.2023 0.2356 1.1887 0.7638 -0.0172 0.5276 0.6885 4.0458 -0.1346 0.1346 0.2999 0 0
36 113 932 0 0 0 0 0 1.0001 0 0.9834 -0.024 0.1734 0.2158 1.1783 0.7693 -0.1111 0.4808 0.6437 4.0611 0.0137 0.0137 0.2681 0 0
36 114 957 0 0 0 0 0 1.0003 0 0.9922 -0.0108 0.0768 0.0883 0.7612 0.8045 -0.0739 0.4783 0.6105 4.0642 0.0473 0.0473 0.2563 0 0
36 115 911 0 0 0 0 0 1.0001 0 0.9915 -0.0956 0.1617 0.1971 1.2828 0.7869 0.0385 0.5134 0.661 4.0381 -0.024 0.024 0.2843 0 0
36 116 887 0 0 0 0 0 1.0008 0 0.9755 -0.077 0.1454 0.2235 1.086 0.7557 -0.0738 0.5083 0.6802 4.093 -0.0585 0.0585 0.2961 0 0
36 117 914 0 0 0 0 0 1.0006 0 0.988 -0.0538 0.1516 0.1861 1.1956 0.7923 9e-04 0.506 0.6626 4.0316 -0.0598 0.0598 0.2606 0 0
36 118 939 0 0 0 0 0 1.0006 0 0.9929 0.0447 0.1047 0.1293 1.67 0.7778 0.0495 0.4934 0.6525 4.1196 0.0654 0.0654 0.2891 0 0
36 119 924 0 0 0 0 0 1.0002 0 0.9932 0.0653 0.1469 0.174 1.1042 0.7752 0.0037 0.5094 0.6797 4.1067 -8e-04 8e-04 0.2536 0 0
36 120 975 0 0 0 0 0 1.0002 0 0.9964 0.0286 0.09 0.108 1.3491 0.8076 0.027 0.4588 0.5872 4.0368 -0.0414 0.0414 0.2717 0 0
36 121 935 0 0 0 0 0 1.0001 0 0.9943 0.0663 0.1105 0.1534 1.315 0.755 0.0165 0.4823 0.6338 4.0565 -0.0351 0.0351 0.2618 0 0
36 122 963 0 0 0 0 0 1.0003 0 0.9898 -0.0907 0.1282 0.1571 0.9013 0.8217 -0.1196 0.4846 0.631 4.0696 0.0233 0.0233 0.2569 0 0
36 123 932 0 0 0 0 0 1.0002 0 0.9909 -0.1032 0.1609 0.207 1.2686 0.7838 -0.0503 0.4895 0.6521 4.0734 0.0588 0.0588 0.2602 0 0
36 124 919 0 0 0 0 0 1.001 0 0.9859 -0.0478 0.1513 0.2368 1.3607 0.8153 -0.0513 0.4744 0.614 4.066 -0.1172 0.1172 0.2784 0 0
36 125 927 0 0 0 0 0 1.0001 0 0.9857 -0.0712 0.1695 0.2035 1.1192 0.8072 -0.0502 0.4557 0.5927 4.0092 -0.0971 0.0971 0.2979 0 0
36 126 915 0 0 0 0 0 1.0002 0 0.9821 -0.0811 0.1237 0.1582 0.9892 0.7708 -0.0158 0.4727 0.6244 4.016 -0.0979 0.0979 0.2774 0 0
36 127 917 0 0 0 0 0 1.0001 0 0.9906 -0.1178 0.1367 0.1677 0.7373 0.7986 -0.0974 0.4764 0.6338 4.053 -0.0212 0.0212 0.2947 0 0
36 128 933 0 0 0 0 0 1.0002 0 0.9659 -0.0899 0.1722 0.2246 1.0499 0.7601 -0.0168 0.5086 0.6657 4.0725 0.0011 0.0011 0.2708 0 0
36 129 928 0 0 0 0 0 1.0002 0 0.9925 -0.0011 0.1318 0.1726 1.3143 0.8249 0.0112 0.4372 0.5647 4.0301 -0.059 0.059 0.2716 0 0
36 130 891 0 0 0 0 0 1.0009 0 0.9948 -0.0024 0.0832 0.1031 0.9262 0.7683 0.0058 0.5129 0.6689 4.0401 -0.0307 0.0307 0.2668 0 0
36 131 908 0 0 0 0 0 1.0005 0 0.993 -0.0844 0.1785 0.2092 1.7066 0.7656 -0.0958 0.5143 0.6747 4.0679 -0.0653 0.0653 0.3317 0 0
36 132 928 0 0 0 0 0 1.0004 0 0.9951 0.1477 0.1593 0.2048 1.9141 0.7865 0.0708 0.524 0.6814 4.0221 0.1143 0.1143 0.2511 0 0
36 133 931 0 0 0 0 0 1.0001 0 0.9747 -0.1123 0.1696 0.2382 1.1209 0.7932 -0.0417 0.4665 0.6016 4.0431 -0.1873 0.1873 0.2836 0 0
36 134 900 0 0 0 0 0 1.0001 0 0.9779 0.0672 0.2009 0.2552 1.4716 0.7884 0.1016 0.483 0.6287 4.0347 -0.047 0.047 0.2812 0 0
36 135 911 0 0 0 0 0 1.0005 0 0.9893 0.0025 0.1054 0.128 1.2061 0.7557 -0.0257 0.5005 0.6528 4.1066 0.0192 0.0192 0.2868 0 0
36 136 927 0 0 0 0 0 1.0007 0 0.98 -0.0568 0.1792 0.2256 1.1 0.7844 -0.026 0.51 0.6712 4.1828 0.1315 0.1315 0.2342 0 0
36 137 904 0 0 0 0 0 1.0001 0 0.9807 -0.0242 0.1937 0.2526 1.4516 0.7935 0.0424 0.5006 0.6374 4.0736 -0.0325 0.0325 0.278 0 0
36 138 926 0 0 0 0 0 1.0004 0 0.9777 0.1706 0.1999 0.2661 1.7766 0.7733 0.1467 0.503 0.652 4.0203 -0.0245 0.0245 0.3016 0 0
36 139 936 0 0 0 0 0 1.0002 0 0.9881 0.0502 0.1147 0.1414 1.2468 0.7976 0.0477 0.4897 0.6277 4.1355 0.0248 0.0248 0.2511 0 0
36 140 927 0 0 0 0 0 1.0002 0 0.9877 -0.0953 0.1979 0.2801 2.0156 0.7536 -0.0893 0.5283 0.6742 4.1212 0.0314 0.0314 0.2814 0 0
36 141 948 0 0 0 0 0 1.0002 0 0.9866 -0.1134 0.1445 0.1841 0.978 0.8031 -0.0554 0.4633 0.5987 4.0569 -0.0045 0.0045 0.2662 0 0
36 142 910 0 0 0 0 0 1.0006 0 0.9844 0.0222 0.1916 0.2066 1.0679 0.7738 0.0235 0.4795 0.6103 4.048 -0.0454 0.0454 0.284 0 0
36 143 904 0 0 0 0 0 1.0002 0 0.9894 -0.0041 0.1234 0.1902 1.8531 0.7956 0.0216 0.4731 0.6131 4.0602 -0.0618 0.0618 0.2852 0 0
36 144 930 0 0 0 0 0 1.0009 0 0.9889 -0.0872 0.1094 0.1572 1.1282 0.764 -0.0388 0.4933 0.6288 4.0672 -0.0689 0.0689 0.292 0 0
36 145 923 0 0 0 0 0 1.0004 0 0.9764 -0.1168 0.1522 0.2106 1.1875 0.7819 -0.09 0.4741 0.6178 4.0482 -0.0987 0.0987 0.303 0 0
36 146 894 0 0 0 0 0 1.0003 0 0.9842 0.0597 0.1517 0.1908 1.3237 0.7729 0.0407 0.5093 0.6749 4.0068 -0.1295 0.1295 0.298 0 0
36 147 908 0 0 0 0 0 1.0009 0 0.9484 0.0421 0.2329 0.3969 1.4569 0.7604 0.0102 0.5054 0.6632 4.0724 -0.0213 0.0213 0.2858 0 0
36 148 922 0 0 0 0 0 1.0001 0 0.9726 0.0755 0.2131 0.2381 1.0607 0.7889 0.0343 0.4883 0.6247 4.2024 0.094 0.094 0.2588 0 0
36 149 907 0 0 0 0 0 1.0008 0 0.9772 -0.045 0.1689 0.2356 1.2635 0.7946 -0.0178 0.4818 0.6553 4.1506 0.0638 0.0638 0.2685 0 0
36 150 921 0 0 0 0 0 1.0006 0 0.9896 0.0722 0.1453 0.1877 1.3453 0.764 0.0365 0.4789 0.6345 4.1006 0.0031 0.0031 0.2707 0 0
36 151 880 0 0 0 0 0 1.0001 0 0.9927 -0.0656 0.12 0.1956 1.2728 0.7698 -0.0053 0.5179 0.6747 4.0248 -0.0633 0.0633 0.2728 0 0
36 152 915 0 0 0 0 0 1.0003 0 0.9799 -0.0259 0.1803 0.2119 1.0347 0.8172 -0.0286 0.4718 0.5939 4.1086 0.0856 0.0856 0.2567 0 0
36 153 912 0 0 0 0 0 1.0001 0 0.9772 -0.0011 0.1727 0.213 1.0652 0.7803 0.033 0.5124 0.6674 4.1119 0.0059 0.0059 0.2631 0 0
36 154 910 0 0 0 0 0 1.0006 0 0.9289 0.0235 0.2545 0.2939 0.8222 0.8052 0.0546 0.4518 0.5912 4.0194 -0.0107 0.0107 0.2794 0 0
36 155 900 0 0 0 0 0 1.0002 0 0.9934 0.1274 0.1819 0.2212 1.2331 0.7942 0.044 0.5082 0.6514 4.153 0.0767 0.0767 0.2643 0 0
36 156 917 0 0 0 0 0 1.0002 0 0.9916 -0.047 0.1192 0.1439 1.1248 0.7863 0.0083 0.5042 0.6748 4.1048 -0.0343 0.0343 0.277 0 0
36 157 913 0 0 0 0 0 1.0004 0 0.9847 -0.057 0.1642 0.1842 1.0641 0.8208 -0.052 0.438 0.574 4.0786 0.0583 0.0583 0.2708 0 0
36 158 920 0 0 0 0 0 1.0003 0 0.9745 -0.0276 0.1451 0.2005 0.9662 0.8049 0.0816 0.4687 0.6226 4.2187 0.1163 0.1163 0.2434 0 0
36 159 900 0 0 0 0 0 1 0 0.9893 0.1322 0.1752 0.219 1.1686 0.787 0.0701 0.5127 0.6723 4.0313 -0.1222 0.1222 0.2968 0 0
36 160 914 0 0 0 0 0 1.0005 0 0.99 -0.0275 0.0893 0.1099 0.8356 0.7879 -0.0093 0.477 0.6317 4.1538 0.0681 0.0681 0.247 0 0
36 161 930 0 0 0 0 0 1.0002 0 0.9774 0.0172 0.1513 0.1884 1.3239 0.804 -0.0032 0.4904 0.6257 4.084 -0.0035 0.0035 0.2663 0 0
36 162 884 0 0 0 0 0 1.0008 0 0.9958 -0.0923 0.1092 0.1348 0.8155 0.7693 -0.0396 0.4958 0.6506 4.039 -0.03 0.03 0.2749 0 0
36 163 928 0 0 0 0 0 1.0002 0 0.9863 -0.0104 0.1175 0.1482 0.8776 0.7909 -0.0323 0.4628 0.6015 4.0806 0.0881 0.0881 0.2454 0 0
36 164 917 0 0 0 0 0 1.0011 0 0.9907 -0.0256 0.134 0.1989 1.4292 0.7645 0.0296 0.5318 0.6946 4.0237 0.0689 0.0689 0.2672 0 0
36 165 945 0 0 0 0 0 1.001 0 0.9914 0.0937 0.1244 0.1479 1.1076 0.7926 0.0387 0.4835 0.6242 4.0512 0.0515 0.0515 0.2664 0 0
36 166 916 0 0 0 0 0 1.0003 0 0.9887 0.0371 0.212 0.275 1.9123 0.7885 0.1582 0.5022 0.6519 4.1046 0.0662 0.0662 0.271 0 0
36 167 936 0 0 0 0 0 1.0003 0 0.9934 0.0142 0.1056 0.122 0.926 0.8019 -0.0253 0.532 0.6769 4.1496 0.0954 0.0954 0.232 0 0
36 168 920 0 0 0 0 0 1.0003 0 0.9898 -0.0256 0.1313 0.1502 1.1193 0.7708 -0.0049 0.481 0.6391 4.1172 0.0218 0.0218 0.2688 0 0
36 169 926 0 0 0 0 0 1.0005 0 0.9934 -0.0052 0.1477 0.1819 1.9846 0.7919 0.0074 0.5045 0.6459 4.0235 -0.0025 0.0025 0.2938 0 0
36 170 919 0 0 0 0 0 1.0002 0 0.9685 0.0805 0.164 0.2122 1.0157 0.7492 0.0704 0.4935 0.6627 4.0587 0.0384 0.0384 0.2752 0 0
36 171 931 0 0 0 0 0 1.0005 0 0.9802 -0.0395 0.135 0.16 1.6465 0.7063 0.0044 0.5578 0.7267 4.0167 -0.1365 0.1365 0.3228 0 0
36 172 920 0 0 0 0 0 1.0002 0 0.9831 0.0592 0.1609 0.2179 1.3843 0.7708 0.0219 0.5137 0.6695 4.0685 -0.003 0.003 0.267 0 0
36 173 900 0 0 0 0 0 1.0003 0 0.9817 -0.0262 0.2099 0.2412 1.3535 0.7503 -0.0432 0.5188 0.6865 4.0039 0.0043 0.0043 0.2868 0 0
36 174 929 0 0 0 0 0 1.0001 0 0.9848 0.0376 0.224 0.2793 1.1975 0.7835 0.0753 0.518 0.6651 4.0946 0.0336 0.0336 0.2681 0 0
36 175 943 0 0 0 0 0 1.0003 0 0.9654 -0.1255 0.1843 0.2215 1.0735 0.8251 -0.1096 0.4839 0.6037 4.0149 0.0197 0.0197 0.2551 0 0
36 176 932 0 0 0 0 0 1.0002 0 0.9923 -0.0065 0.0963 0.1237 1.3426 0.7673 -0.0263 0.5082 0.6634 4.0061 0.0698 0.0698 0.2616 0 0
36 177 939 0 0 0 0 0 1.0001 0 0.9955 0.1104 0.1221 0.1551 1.1758 0.7775 0.1357 0.5096 0.6533 4.163 0.1065 0.1065 0.249 0 0
36 178 936 0 0 0 0 0 1.0003 0 0.9413 -0.0146 0.253 0.2771 0.9393 0.8027 -0.0126 0.4742 0.6175 4.0726 -0.1396 0.1396 0.3151 0 0
36 179 950 0 0 0 0 0 1.0009 0 0.9914 -0.0171 0.1121 0.1497 0.9392 0.8162 -0.0859 0.4891 0.6184 4.1551 0.0878 0.0878 0.2535 0 0
36 180 917 0 0 0 0 0 1.0001 0 0.9713 -0.0969 0.1985 0.2618 1.0727 0.7889 -0.0856 0.5143 0.6757 4.1293 0.0859 0.0859 0.2506 0 0
36 181 914 0 0 0 0 0 1.0001 0 0.9753 -0.0595 0.1473 0.2054 1.0755 0.7702 0.0354 0.4928 0.6471 3.9979 -0.1349 0.1349 0.2869 0 0
36 182 914 0 0 0 0 0 1.0001 0 0.9813 -0.0788 0.162 0.1949 1.0431 0.7769 -0.0776 0.4789 0.6468 4.0529 -0.028 0.028 0.2663 0 0
36 183 906 0 0 0 0 0 1.0004 0 0.9843 0.0651 0.1587 0.2475 1.3471 0.7565 0.069 0.5127 0.6749 4.1017 -0.0104 0.0104 0.2742 0 0
36 184 937 0 0 0 0 0 1.0005 0 0.968 -0.0977 0.1681 0.2165 1.1207 0.7634 -0.0795 0.5166 0.6932 4.0126 -0.013 0.013 0.2728 0 0
36 185 932 0 0 0 0 0 1.0005 0 0.8912 0.128 0.2843 0.5462 2.2841 0.7718 0.0677 0.506 0.6692 4.2086 0.0599 0.0599 0.272 0 0
36 186 941 0 0 0 0 0 1.0006 0 0.9924 -0.0535 0.1558 0.1846 1.441 0.7952 -0.0066 0.5015 0.648 4.0616 0.011 0.011 0.2637 0 0
36 187 937 0 0 0 0 0 1.0003 0 0.9834 0.0389 0.1783 0.2426 1.4243 0.7893 0.0421 0.4645 0.6086 4.0324 -0.1398 0.1398 0.2886 0 0
36 188 891 0 0 0 0 0 1.001 0 0.9597 0.0278 0.1767 0.1982 0.8156 0.7864 0.0148 0.4898 0.6255 4.0431 0.082 0.082 0.2535 0 0
36 189 924 0 0 0 0 0 1.0003 0 0.9942 0.092 0.1574 0.18 1.0457 0.7983 0.0321 0.5225 0.6744 4.0277 -0.0313 0.0313 0.2751 0 0
36 190 937 0 0 0 0 0 1.0001 0 0.9881 -0.0972 0.1349 0.1633 0.8837 0.8072 -0.0644 0.4815 0.6276 4.0297 0.0248 0.0248 0.2405 0 0
36 191 908 0 0 0 0 0 1.0004 0 0.9661 -0.1904 0.2469 0.3354 1.4392 0.7587 -0.0573 0.5018 0.6466 4.0342 -0.1704 0.1704 0.3158 0 0
36 192 936 0 0 0 0 0 1.0003 0 0.9913 -0.0603 0.1277 0.1749 1.3014 0.8016 0.0396 0.4835 0.6243 4.0105 -0.0333 0.0333 0.2769 0 0
36 193 897 0 0 0 0 0 1.0012 0 0.9748 -0.0427 0.1559 0.2128 1.054 0.8063 -0.0065 0.4687 0.5912 4.0865 0.1345 0.1345 0.248 0 0
36 194 935 0 0 0 0 0 1.0002 0 0.9937 0.0087 0.1291 0.1928 2.0083 0.8025 -0.0483 0.5215 0.6594 4.0627 0.0022 0.0022 0.2765 0 0
36 195 897 0 0 0 0 0 1.0005 0 0.9902 0.0232 0.1731 0.2797 1.7941 0.8021 0.0875 0.4996 0.6349 4.0725 0.0187 0.0187 0.2708 0 0
36 196 928 0 0 0 0 0 1.0004 0 0.9373 0.1729 0.332 0.4237 1.6182 0.786 -0.0416 0.5216 0.6653 4.0529 -0.0014 0.0014 0.2763 0 0
36 197 914 0 0 0 0 0 1.0005 0 0.9908 -0.0817 0.1374 0.1609 1.0007 0.7662 -0.0607 0.5021 0.6725 4.0477 0.0714 0.0714 0.2552 0 0
36 198 885 0 0 0 0 0 1.0009 0 0.9671 -0.1849 0.2524 0.4028 1.6732 0.7327 -0.0746 0.5343 0.6881 4.0281 -0.1263 0.1263 0.3244 0 0
36 199 910 0 0 0 0 0 1.0002 0 0.9849 0.1104 0.1348 0.1779 0.7258 0.7869 0.0689 0.4706 0.6258 4.0745 -0.1104 0.1104 0.2992 0 0
36 200 948 0 0 0 0 0 1.0006 0 0.9767 0.0587 0.1627 0.2306 1.0889 0.8173 0.0647 0.4696 0.6101 4.0487 -0.0768 0.0768 0.275 0 0
36 201 918 0 0 0 0 0 1.0008 0 0.9768 0.012 0.148 0.2001 0.794 0.8092 0.0248 0.4639 0.6059 4.1289 0.0589 0.0589 0.2563 0 0
36 202 890 0 0 0 0 0 1.0003 0 0.9966 0.1023 0.1375 0.1641 2.0639 0.7621 0.0981 0.5099 0.6621 4.0169 -0.0519 0.0519 0.2925 0 0
36 203 948 0 0 0 0 0 1.0002 0 0.9944 -0.0196 0.1011 0.1439 1.6333 0.8081 -0.0135 0.4896 0.6258 4.0379 0.0658 0.0658 0.2662 0 0
36 204 898 0 0 0 0 0 1.0002 0 0.9873 0.0584 0.086 0.1547 1.0644 0.7919 0.0635 0.4996 0.6522 4.0572 -0.0971 0.0971 0.2957 0 0
36 205 907 0 0 0 0 0 1.0003 0 0.965 0.1533 0.2423 0.4183 2.193 0.7656 0.0889 0.5156 0.6624 4.063 -0.0445 0.0445 0.287 0 0
36 206 924 0 0 0 0 0 1.0003 0 0.9852 0.0228 0.2032 0.2727 1.7194 0.8062 0.0952 0.4894 0.6343 4.0327 -0.0556 0.0556 0.2696 0 0
36 207 911 0 0 0 0 0 1.0004 0 0.9906 -0.0588 0.1512 0.1865 1.5719 0.7863 -6e-04 0.4722 0.6137 4.0364 0.0483 0.0483 0.2636 0 0
36 208 928 0 0 0 0 0 1.0005 0 0.9743 -0.1212 0.1742 0.2439 1.4019 0.7358 -0.0524 0.527 0.6997 4.0634 -0.004 0.004 0.2976 0 0
36 209 937 0 0 0 0 0 1.0001 0 0.9937 -0.0675 0.148 0.2332 1.9431 0.8004 0.0045 0.4864 0.6227 4.0323 -0.0685 0.0685 0.2759 0 0
36 210 938 0 0 0 0 0 1.0006 0 0.9558 0.2011 0.2639 0.5364 2.5851 0.7846 0.0732 0.5111 0.6582 4.1302 0.0652 0.0652 0.26 0 0
36 211 898 0 0 0 0 0 1.0003 0 0.9815 0.0432 0.1637 0.2099 1.7748 0.7221 0.0108 0.5235 0.6865 4.0775 -0.0291 0.0291 0.292 0 0
36 212 915 0 0 0 0 0 1.0001 0 0.9892 -0.1274 0.1677 0.2007 0.9688 0.7703 -0.0904 0.5079 0.6663 4.0714 -0.107 0.107 0.2933 0 0
36 213 940 0 0 0 0 0 1.0002 0 0.9908 0.0717 0.1506 0.1681 1.1841 0.7792 0.068 0.5035 0.6533 4.0486 -0.017 0.017 0.2561 0 0
36 214 925 0 0 0 0 0 1.0002 0 0.9179 -0.0724 0.1928 0.3367 1.635 0.74 -0.0044 0.5267 0.6852 4.0383 0.0082 0.0082 0.3079 0 0
36 215 917 0 0 0 0 0 1.0001 0 0.9859 -0.1432 0.2581 0.3396 1.8161 0.7983 -0.0376 0.519 0.6637 4.0699 -0.1011 0.1011 0.301 0 0
36 216 967 0 0 0 0 0 1.0003 0 0.9859 0.0506 0.1149 0.2018 1.0649 0.8027 0.0463 0.4857 0.6243 3.9755 0.0032 0.0032 0.2487 0 0
36 217 921 0 0 0 0 0 1.0008 0 0.9644 -0.1265 0.1764 0.2018 0.7953 0.7893 -0.1459 0.4935 0.6428 4.0345 0.0095 0.0095 0.259 0 0
36 218 908 0 0 0 0 0 1.0009 0 0.991 0.0313 0.1559 0.1919 1.3333 0.7517 0.0154 0.5222 0.683 4.0099 -0.0631 0.0631 0.3006 0 0
36 219 893 0 0 0 0 0 1.0004 0 0.9812 0.0051 0.233 0.2527 1.3903 0.7737 0.0032 0.4922 0.6405 4.0401 -0.0863 0.0863 0.3013 0 0
36 220 941 0 0 0 0 0 1.0001 0 0.9917 -0.0161 0.0871 0.1223 1.0443 0.785 -0.0447 0.4685 0.6082 4.0182 0.0033 0.0033 0.2627 0 0
36 221 923 0 0 0 0 0 1.0003 0 0.9928 -3e-04 0.169 0.1908 1.3294 0.7678 0.0169 0.5245 0.6763 4.0759 -0.0555 0.0555 0.2795 0 0
36 222 917 0 0 0 0 0 1.0001 0 0.9895 0.1064 0.1234 0.1716 1.1447 0.7979 0.0177 0.4766 0.6258 4.0299 -0.0502 0.0502 0.2739 0 0
36 223 882 0 0 0 0 0 1.0004 0 0.993 0.0199 0.0966 0.1342 1.7189 0.8014 0.0193 0.4524 0.5776 4.0112 -0.0099 0.0099 0.2707 0 0
36 224 907 0 0 0 0 0 1.0006 0 0.9871 0.006 0.1278 0.1724 1.1087 0.7541 -0.0082 0.5104 0.6749 4.1046 0.0365 0.0365 0.2629 0 0
36 225 915 0 0 0 0 0 1.0001 0 0.989 0.0634 0.1066 0.1424 0.8615 0.7814 0.0748 0.4784 0.6218 4.0079 -0.0839 0.0839 0.277 0 0
36 226 937 0 0 0 0 0 1.0004 0 0.9797 -0.0575 0.1372 0.1703 0.7711 0.8173 -0.016 0.4581 0.6048 4.1009 0.0571 0.0571 0.2518 0 0
36 227 927 0 0 0 0 0 1.0007 0 0.9871 0.0834 0.1309 0.165 0.9124 0.7721 0.1202 0.5157 0.6736 4.0494 -0.0394 0.0394 0.2618 0 0
36 228 894 0 0 0 0 0 1.0002 0 0.9838 -0.0631 0.1479 0.1882 1.2317 0.77 -0.0883 0.4854 0.6352 3.9822 -0.1487 0.1487 0.2824 0 0
36 229 924 0 0 0 0 0 1.0009 0 0.9779 -0.0081 0.1227 0.1461 0.8559 0.7994 0.0215 0.4697 0.6184 4.0913 0.1074 0.1074 0.2416 0 0
36 230 913 0 0 0 0 0 1.0001 0 0.9856 0.0634 0.1178 0.1579 0.8902 0.7717 0.0366 0.5114 0.6509 4.0613 -0.0158 0.0158 0.2791 0 0
36 231 911 0 0 0 0 0 1.0003 0 0.9959 0.0735 0.1212 0.1434 0.9571 0.8076 0.0383 0.4819 0.6215 4.0007 -0.093 0.093 0.2809 0 0
36 232 949 0 0 0 0 0 1.0001 0 0.9821 0.1147 0.1682 0.1913 0.7075 0.8431 0.0688 0.4595 0.5992 4.0157 -0.0029 0.0029 0.2397 0 0
36 233 928 0 0 0 0 0 1.0004 0 0.9877 0.0909 0.1369 0.1717 1.1991 0.788 0.1187 0.4952 0.6359 4.0477 0.0032 0.0032 0.2642 0 0
36 234 914 0 0 0 0 0 1.0002 0 0.9923 -0.1392 0.1476 0.1979 1.3986 0.7577 -0.0601 0.5375 0.7023 4.0137 -0.0647 0.0647 0.2985 0 0
36 235 922 0 0 0 0 0 1.0007 0 0.987 0.0322 0.1247 0.153 1.3318 0.794 0.065 0.4874 0.6339 4.1174 0.0198 0.0198 0.2792 0 0
36 236 916 0 0 0 0 0 1.0009 0 0.9934 -0.1132 0.1425 0.1705 1.0908 0.7821 -0.0848 0.5067 0.6649 3.9947 -0.1413 0.1413 0.2785 0 0
36 237 917 0 0 0 0 0 1.0005 0 0.9713 0.0369 0.1977 0.2256 1.1758 0.8053 0.1304 0.4722 0.6188 4.1119 0.0394 0.0394 0.2607 0 0
36 238 978 0 0 0 0 0 1.0001 0 0.9934 0.0102 0.055 0.0752 1.3534 0.7673 -3e-04 0.5086 0.6536 4.0139 -0.0981 0.0981 0.2923 0 0
36 239 904 0 0 0 0 0 1.0005 0 0.9883 0.0586 0.1361 0.1506 0.8044 0.7609 0.0307 0.5015 0.6629 4.0297 -0.0376 0.0376 0.2681 0 0
36 240 944 0 0 0 0 0 1.0002 0 0.9924 -0.0285 0.0942 0.1298 0.9987 0.8067 -0.0038 0.4509 0.5883 4.0528 -0.0093 0.0093 0.2548 0 0
36 241 907 0 0 0 0 0 1.0001 0 0.9422 -0.1295 0.2548 0.3376 1.4557 0.7845 -0.0527 0.492 0.6495 4.1568 0.0146 0.0146 0.2659 0 0
36 242 907 0 0 0 0 0 1.0004 0 0.9913 -0.0814 0.1492 0.2035 1.8666 0.7809 0.0457 0.5129 0.6488 4.068 -0.0361 0.0361 0.3005 0 0
36 243 957 0 0 0 0 0 1.0014 0 0.9905 0.0471 0.1239 0.1398 0.8774 0.8138 0.059 0.4779 0.6178 4.1634 0.0866 0.0866 0.2437 0 0
36 244 925 0 0 0 0 0 1.0006 0 0.9526 -0.0075 0.2665 0.4193 2.0196 0.7887 -0.0991 0.4912 0.6486 4.0282 -0.0679 0.0679 0.2931 0 0
36 245 906 0 0 0 0 0 1.0002 0 0.9877 -0.1131 0.1525 0.187 1.0593 0.7788 -0.095 0.4986 0.6587 4.0588 0.0029 0.0029 0.2658 0 0
36 246 926 0 0 0 0 0 1.0001 0 0.9705 -0.0203 0.1837 0.2039 1.015 0.8129 -0.0443 0.4904 0.6219 4.1461 0.0689 0.0689 0.2465 0 0
36 247 931 0 0 0 0 0 1.0004 0 0.9858 0.1058 0.1784 0.1989 1.0364 0.7957 0.0802 0.4633 0.5978 4.0207 -0.137 0.137 0.2808 0 0
36 248 907 0 0 0 0 0 1.0005 0 0.988 0.0105 0.1717 0.1891 1.2392 0.7841 -0.0168 0.4728 0.6254 4.1046 -0.1605 0.1605 0.3093 0 0
36 249 917 0 0 0 0 0 1.0006 0 0.987 0.0065 0.1675 0.2007 1.4761 0.8265 0.0012 0.4806 0.6107 4.0629 0.0281 0.0281 0.2586 0 0
36 250 911 0 0 0 0 0 1.0004 0 0.9793 0.0443 0.1501 0.1749 1.0523 0.811 0.0236 0.4822 0.6164 4.0494 -0.0302 0.0302 0.3093 0 0
36 251 928 0 0 0 0 0 1.0003 0 0.993 -0.0258 0.1097 0.1508 1.1566 0.7892 0.0112 0.4895 0.625 4.0616 -0.0368 0.0368 0.2707 0 0
36 252 934 0 0 0 0 0 1.001 0 0.9781 0.0425 0.2051 0.2433 1.1598 0.7653 0.0717 0.4977 0.6569 4.0803 0.0175 0.0175 0.2604 0 0
36 253 925 0 0 0 0 0 1.0003 0 0.9672 -0.1222 0.1958 0.2548 1.2736 0.7412 -0.0606 0.5125 0.6602 4.007 -0.0448 0.0448 0.2984 0 0
36 254 925 0 0 0 0 0 1.0001 0 0.9863 -0.0519 0.1421 0.1544 0.8302 0.7891 -0.0906 0.4913 0.6418 4.0154 -0.0557 0.0557 0.275 0 0
36 255 914 0 0 0 0 0 1.0004 0 0.932 0.0749 0.1891 0.2327 0.959 0.8036 0.063 0.4901 0.6253 4.0315 -0.0131 0.0131 0.2712 0 0
36 256 901 0 0 0 0 0 1.0015 0 0.9779 -0.0327 0.1488 0.2584 1.2381 0.8151 -0.0038 0.4989 0.6378 4.0998 0.0462 0.0462 0.2827 0 0
36 257 882 0 0 0 0 0 1.0011 0 0.9774 -0.0845 0.164 0.1991 1.7101 0.7195 -0.0571 0.5551 0.7311 4.1019 -0.003 0.003 0.3352 0 0
36 258 896 0 0 0 0 0 1.0006 0 0.9826 0.081 0.1767 0.2348 1.049 0.7976 0.0266 0.4773 0.6177 4.0407 -0.035 0.035 0.2714 0 0
36 259 918 0 0 0 0 0 1.0009 0 0.9701 -0.0023 0.1835 0.2923 1.7675 0.8068 0.0221 0.48 0.619 4.0279 0.093 0.093 0.2684 0 0
36 260 906 0 0 0 0 0 1.0004 0 0.9919 0.1194 0.1381 0.1559 0.8805 0.7794 0.0676 0.5003 0.6428 4.0586 -0.043 0.043 0.264 0 0
36 261 924 0 0 0 0 0 1.0001 0 0.987 0.0598 0.1168 0.1544 0.9109 0.7647 0.0873 0.5116 0.6663 3.9906 -0.0873 0.0873 0.2707 0 0
36 262 887 0 0 0 0 0 1.0003 0 0.9936 -0.0933 0.1231 0.1425 1.0227 0.7833 -0.1058 0.4995 0.6499 4.1178 0.0121 0.0121 0.2642 0 0
36 263 909 0 0 0 0 0 1.0006 0 0.9917 -0.0273 0.1055 0.1111 0.9913 0.7691 -0.0683 0.5251 0.693 4.0589 0.0306 0.0306 0.2772 0 0
36 264 946 0 0 0 0 0 1.0001 0 0.9819 0.0572 0.1249 0.1669 1.1661 0.7659 -0.0013 0.4934 0.6268 3.9966 -0.088 0.088 0.2884 0 0
36 265 920 0 0 0 0 0 1.0005 0 0.9477 -0.282 0.3475 0.7992 2.7868 0.765 0.0246 0.5131 0.6468 4.06 -0.0616 0.0616 0.3115 0 0
36 266 899 0 0 0 0 0 1.0001 0 0.9908 0.0731 0.1125 0.1468 0.9012 0.8007 0.0498 0.4709 0.6088 4.088 0.0193 0.0193 0.266 0 0
36 267 900 0 0 0 0 0 1.0003 0 0.9842 0.0024 0.1396 0.1661 1.1521 0.7863 0.0274 0.4926 0.6455 4.0482 -0.0957 0.0957 0.2781 0 0
36 268 954 0 0 0 0 0 1.0002 0 0.9906 -0.0273 0.0821 0.1173 0.8346 0.8067 -0.025 0.4672 0.601 4.0644 0.0304 0.0304 0.2341 0 0
36 269 932 0 0 0 0 0 1.0005 0 0.9681 -0.0392 0.1767 0.2258 0.9627 0.7929 -0.0147 0.4793 0.6162 4.0434 -0.0563 0.0563 0.2764 0 0
36 270 920 0 0 0 0 0 1.0003 0 0.9839 0.1417 0.2326 0.2729 1.6301 0.8126 0.0904 0.4992 0.6467 4.1477 0.0774 0.0774 0.2598 0 0
36 271 952 0 0 0 0 0 1.0003 0 0.9905 -0.1068 0.1226 0.1603 0.8689 0.7985 -0.0351 0.4984 0.6537 4.0728 0.1266 0.1266 0.2454 0 0
36 272 902 0 0 0 0 0 1.0001 0 0.983 -0.1852 0.2065 0.2539 1.0594 0.7985 -0.1004 0.4739 0.61 4.044 -0.0024 0.0024 0.2671 0 0
36 273 930 0 0 0 0 0 1.0003 0 0.968 0.1664 0.264 0.3121 1.7984 0.7658 0.0837 0.527 0.6767 4.0441 0.0615 0.0615 0.2589 0 0
36 274 916 0 0 0 0 0 1.0004 0 0.9894 -0.112 0.1683 0.2247 1.7109 0.7501 -0.073 0.5295 0.6758 4.0087 -0.0774 0.0774 0.2924 0 0
36 275 908 0 0 0 0 0 1.0003 0 0.979 0.0801 0.1593 0.185 0.8414 0.7897 0.0858 0.4934 0.6342 4.0387 -0.0431 0.0431 0.2705 0 0
36 276 908 0 0 0 0 0 1.0001 0 0.9901 0.0235 0.1913 0.224 1.4108 0.7849 0.0816 0.4894 0.6494 4.0105 -0.0198 0.0198 0.2816 0 0
36 277 911 0 0 0 0 0 1.0002 0 0.9931 0.0698 0.1455 0.1719 1.7623 0.7935 0.0685 0.5194 0.6528 4.1915 0.0963 0.0963 0.2493 0 0
36 278 908 0 0 0 0 0 1.0002 0 0.9852 -0.051 0.1421 0.1661 0.8671 0.814 -0.0221 0.4596 0.5889 4.2021 0.1113 0.1113 0.2533 0 0
36 279 918 0 0 0 0 0 1.0004 0 0.9755 -0.0249 0.1444 0.2241 1.5682 0.7588 0.0163 0.5185 0.651 4.0631 -0.2128 0.2128 0.317 0 0
36 280 935 0 0 0 0 0 1.0001 0 0.9899 -0.0583 0.1114 0.1361 0.8823 0.8093 -0.0474 0.4515 0.6012 4.0163 0.0452 0.0452 0.2498 0 0
36 281 910 0 0 0 0 0 1.0004 0 0.9688 0.033 0.1309 0.1844 0.7903 0.8082 0.0547 0.4692 0.6078 4.2087 0.102 0.102 0.2577 0 0
36 282 941 0 0 0 0 0 1.0002 0 0.9819 0.0256 0.1307 0.1575 0.7789 0.7818 0.0126 0.4762 0.6229 4.0731 0.0238 0.0238 0.2523 0 0
36 283 961 0 0 0 0 0 1.0004 0 0.9578 -0.1361 0.1964 0.368 1.9748 0.7791 0.0011 0.512 0.6466 4.0629 0.0302 0.0302 0.2675 0 0
36 284 907 0 0 0 0 0 1.001 0 0.9835 -0.0616 0.1855 0.223 0.7906 0.8074 -0.0395 0.4848 0.6267 4.0914 -0.0086 0.0086 0.2578 0 0
36 285 936 0 0 0 0 0 1.0001 0 0.9911 -0.0318 0.1146 0.1305 0.9273 0.8214 -0.0233 0.4521 0.597 4.0285 0.023 0.023 0.2638 0 0
36 286 928 0 0 0 0 0 1.0006 0 0.9955 0.0713 0.1125 0.1309 0.9553 0.7502 0.0622 0.5057 0.6607 4.0332 -0.0735 0.0735 0.2806 0 0
36 287 942 0 0 0 0 0 1.0006 0 0.9874 -0.1059 0.1547 0.1792 0.8942 0.7859 -0.0706 0.5041 0.6676 4.0371 -0.0298 0.0298 0.2732 0 0
36 288 944 0 0 0 0 0 1.0001 0 0.977 0.0046 0.2446 0.3356 1.8362 0.7587 -0.0456 0.4982 0.6528 4.0147 0.0457 0.0457 0.2736 0 0
36 289 917 0 0 0 0 0 1.0004 0 0.986 0.0709 0.1428 0.2054 1.5005 0.7805 0.0408 0.5072 0.6659 4.0319 -0.0938 0.0938 0.3046 0 0
36 290 910 0 0 0 0 0 1.0003 0 0.9576 0.1323 0.2006 0.3477 1.5524 0.755 0.1546 0.5067 0.6599 4.03 -0.0997 0.0997 0.2971 0 0
36 291 914 0 0 0 0 0 1.0001 0 0.9627 -0.0455 0.2715 0.3715 1.7499 0.7814 -0.0779 0.5479 0.7052 4.241 0.1199 0.1199 0.248 0 0
36 292 929 0 0 0 0 0 1.0002 0 0.993 -0.121 0.1391 0.166 1.0218 0.7845 -0.0722 0.4852 0.6286 4.1496 0.1023 0.1023 0.2472 0 0
36 293 912 0 0 0 0 0 1.0013 0 0.9826 -0.0811 0.1612 0.2013 1.0662 0.7496 -0.0268 0.4836 0.6481 4.0488 -0.0517 0.0517 0.2953 0 0
36 294 909 0 0 0 0 0 1.0005 0 0.9919 -0.0799 0.132 0.1705 1.7632 0.7753 -0.0716 0.5201 0.6856 4.0317 -0.176 0.176 0.2963 0 0
36 295 920 0 0 0 0 0 1.0002 0 0.9606 0.1638 0.2188 0.3557 1.778 0.7509 0.0236 0.5236 0.6832 4.0318 -0.0856 0.0856 0.309 0 0
36 296 946 0 0 0 0 0 1.0011 0 0.9818 -0.0879 0.1427 0.1693 0.8117 0.7878 -0.0424 0.4712 0.6309 4.0074 -0.113 0.113 0.2803 0 0
36 297 904 0 0 0 0 0 1.0002 0 0.981 -0.0273 0.255 0.3148 1.9127 0.7538 0.0386 0.5085 0.6863 4.0094 -0.0726 0.0726 0.3046 0 0
36 298 910 0 0 0 0 0 1.0002 0 0.8846 0.2126 0.4273 0.5998 2.1305 0.6999 0.0319 0.5771 0.7445 4.0947 0.0091 0.0091 0.3137 0 0
36 299 924 0 0 0 0 0 1.0001 0 0.9857 0.1229 0.2235 0.2637 1.8788 0.7917 0.0876 0.497 0.6387 4.1297 0.0443 0.0443 0.2679 0 0
36 300 904 0 0 0 0 0 1.0002 0 0.9922 0.0246 0.1041 0.1235 0.9166 0.7934 0.0124 0.4841 0.6342 3.9896 -0.0857 0.0857 0.2796 0 0
36 301 912 0 0 0 0 0 1.0005 0 0.9797 0.0304 0.1685 0.1852 1.1239 0.7707 0.0497 0.5276 0.6921 4.0787 -0.0127 0.0127 0.303 0 0
36 302 935 0 0 0 0 0 1.0011 0 0.979 -0.0044 0.1844 0.2224 1.1168 0.8241 -0.0258 0.4509 0.579 4.1662 0.0489 0.0489 0.2521 0 0
36 303 940 0 0 0 0 0 1.0005 0 0.985 0.0829 0.1931 0.2853 1.9671 0.7667 0.0923 0.5239 0.6712 4.0298 -0.0586 0.0586 0.2801 0 0
36 304 945 0 0 0 0 0 1.0002 0 0.9882 -0.0379 0.1351 0.17 1.3924 0.7897 -0.0438 0.4877 0.6334 4.0282 -0.0214 0.0214 0.2802 0 0
36 305 925 0 0 0 0 0 1.0004 0 0.9811 0.0621 0.2155 0.2561 2.2519 0.7731 0.0262 0.4891 0.6638 4.0982 0.0624 0.0624 0.2642 0 0
36 306 946 0 0 0 0 0 1.0009 0 0.9913 0.0674 0.1167 0.148 1.1062 0.7729 0.043 0.4932 0.6446 4.0609 -0.0472 0.0472 0.2733 0 0
36 307 924 0 0 0 0 0 1.0005 0 0.983 0.0186 0.1042 0.1791 0.9191 0.7615 -0.0156 0.5076 0.6719 4.0219 -0.0753 0.0753 0.2709 0 0
36 308 894 0 0 0 0 0 1.0008 0 0.772 -0.205 0.3091 0.5003 1.953 0.7048 -0.0276 0.5376 0.6865 4.0548 -0.104 0.104 0.3545 0 0
36 309 936 0 0 0 0 0 1.0002 0 0.9961 0.0106 0.0923 0.1136 1.5945 0.7571 0.0085 0.5155 0.6615 4.046 -0.0097 0.0097 0.2692 0 0
36 310 895 0 0 0 0 0 1.0003 0 0.967 0.3194 0.3721 0.5021 2.02 0.7482 0.126 0.5191 0.6548 4.0486 -0.14 0.14 0.3191 0 0
36 311 926 0 0 0 0 0 1.0001 0 0.9803 -0.0455 0.1379 0.1815 1.3071 0.7624 -0.0883 0.499 0.6507 4.0257 -0.142 0.142 0.2923 0 0
36 312 923 0 0 0 0 0 1.0006 0 0.9624 0.0117 0.1645 0.236 1.1745 0.7536 0.0287 0.4873 0.6369 4.0093 -0.0951 0.0951 0.3025 0 0
36 313 960 0 0 0 0 0 1.0001 0 0.9792 -0.0671 0.1836 0.2145 0.9636 0.7813 -0.0209 0.5089 0.6735 4.0198 0.05 0.05 0.26 0 0
36 314 908 0 0 0 0 0 1.0001 0 0.9783 0.0149 0.1388 0.178 0.7837 0.8106 -0.0669 0.4609 0.5832 4.0262 -0.1012 0.1012 0.2748 0 0
36 315 761 0 0 0 0 0 1.0003 0 0.9896 0.019 0.1869 0.2902 2.1816 0.7438 -0.0576 0.5325 0.6969 4.0426 -0.2197 0.2197 0.3037 0 0
36 316 876 0 0 0 0 0 1.0001 0 0.9657 0.1387 0.2061 0.2443 1.019 0.7743 0.0379 0.5148 0.6635 4.085 -0.0092 0.0092 0.2841 0 0
36 317 889 0 0 0 0 0 1.0004 0 0.9692 0.0186 0.1726 0.2129 0.8654 0.8132 -0.0296 0.4759 0.6103 4.038 -0.0643 0.0643 0.2738 0 0
36 318 944 0 0 0 0 0 1.0003 0 0.9774 -0.1323 0.2252 0.2967 1.6158 0.8158 -0.0545 0.4406 0.5618 4.0491 0.0097 0.0097 0.2987 0 0
36 319 951 0 0 0 0 0 1.0003 0 0.9712 0.0293 0.1579 0.188 0.9173 0.7955 0.0375 0.4854 0.6421 4.0185 -0.0801 0.0801 0.2701 0 0
36 320 887 0 0 0 0 0 1.0003 0 0.9829 0.1457 0.19 0.2233 0.7741 0.8086 0.0701 0.5049 0.6649 4.0436 -0.0031 0.0031 0.2634 0 0
36 321 920 0 0 0 0 0 1.0008 0 0.9917 -0.0621 0.1387 0.1611 1.2251 0.7618 -0.0445 0.5008 0.6503 4.0119 -0.0206 0.0206 0.2575 0 0
36 322 910 0 0 0 0 0 1.0004 0 0.9885 0.0128 0.1621 0.1995 1.2105 0.7922 -0.0314 0.4994 0.6315 4.0425 -0.0707 0.0707 0.2847 0 0
36 323 918 0 0 0 0 0 1.0001 0 0.9661 -0.0451 0.2551 0.3776 2.1342 0.8033 -0.0608 0.4542 0.5693 4.0647 0.012 0.012 0.2899 0 0
36 324 949 0 0 0 0 0 1.0006 0 0.9787 -0.0873 0.1422 0.1661 0.7846 0.7941 -0.061 0.4626 0.5933 4.0185 -0.0199 0.0199 0.2639 0 0
36 325 911 0 0 0 0 0 1.0006 0 0.9971 0.03 0.0892 0.1054 1.3879 0.7755 0.0216 0.4839 0.65 4.0556 -0.0505 0.0505 0.268 0 0
36 326 917 0 0 0 0 0 1.001 0 0.9935 -0.0149 0.1155 0.1412 1.3882 0.7827 -0.0045 0.4984 0.6393 4.146 0.0426 0.0426 0.2716 0 0
36 327 768 0 0 0 0 0 1.0011 0 0.9875 0.0291 0.1329 0.1608 1.2163 0.7519 0.0745 0.4996 0.6639 4.0321 -0.1549 0.1549 0.3113 0 0
36 328 922 0 0 0 0 0 1.0002 0 0.9635 -0.0741 0.1641 0.2323 1.2127 0.7793 -0.0714 0.4753 0.6452 4.1432 0.0638 0.0638 0.2495 0 0
36 329 939 0 0 0 0 0 1.0002 0 0.9812 -0.0907 0.1851 0.2157 1.0429 0.767 -0.0513 0.4922 0.6537 4.1687 0.0375 0.0375 0.2554 0 0
36 330 912 0 0 0 0 0 1.0003 0 0.9732 0.1357 0.2119 0.2729 1.5547 0.7695 0.0789 0.493 0.6369 4.0151 -0.1266 0.1266 0.2931 0 0
36 331 917 0 0 0 0 0 1.0007 0 0.9931 -0.0742 0.1237 0.1516 1.6171 0.81 -0.0566 0.4686 0.6323 4.0186 -0.0937 0.0937 0.2811 0 0
36 332 904 0 0 0 0 0 1.0003 0 0.9641 0.0705 0.3349 0.4971 2.1218 0.7727 -0.0132 0.511 0.6438 4.0619 -0.1318 0.1318 0.3052 0 0
36 333 929 0 0 0 0 0 1.0003 0 0.967 0.0266 0.1981 0.2287 1.2831 0.7837 0.0398 0.4686 0.6096 4.0058 -0.0723 0.0723 0.2823 0 0
36 334 894 0 0 0 0 0 1.0008 0 0.9883 0.0774 0.167 0.2116 1.366 0.785 0.0365 0.5081 0.6501 4.0604 0.0311 0.0311 0.2694 0 0
36 335 934 0 0 0 0 0 1.0005 0 0.9857 -0.0078 0.2216 0.2502 1.4117 0.7794 0.032 0.5047 0.6503 4.0666 0.0099 0.0099 0.3042 0 0
36 336 947 0 0 0 0 0 1.0005 0 0.9881 -0.0062 0.0933 0.1349 0.9945 0.7975 0.0278 0.4933 0.6401 4.0291 0.0971 0.0971 0.2422 0 0
36 337 917 0 0 0 0 0 1.0002 0 0.9576 0.1708 0.2184 0.2983 1.2321 0.7792 0.0702 0.5163 0.6678 4.0789 0.0429 0.0429 0.2671 0 0
36 338 884 0 0 0 0 0 1.0003 0 0.977 0.1212 0.1736 0.2828 1.0153 0.8066 0.04 0.4979 0.6501 4.0297 -0.0824 0.0824 0.2809 0 0
36 339 938 0 0 0 0 0 1.0002 0 0.9808 -0.2297 0.2313 0.3171 1.339 0.7635 -0.1146 0.5373 0.7045 4.0907 -0.014 0.014 0.2758 0 0
36 340 937 0 0 0 0 0 1.0004 0 0.9831 -0.0651 0.1974 0.3003 1.6931 0.7807 -0.0344 0.4918 0.6295 4.0265 -0.0803 0.0803 0.2991 0 0
36 341 931 0 0 0 0 0 1.0002 0 0.9642 -0.0429 0.2556 0.4384 1.891 0.7888 0.0334 0.4869 0.6286 4.0076 -0.0623 0.0623 0.2765 0 0
36 342 905 0 0 0 0 0 1.0001 0 0.9857 -0.0186 0.1244 0.1524 0.963 0.7853 0.0439 0.4989 0.6485 3.9899 -0.0101 0.0101 0.2675 0 0
36 343 930 0 0 0 0 0 1.0002 0 0.9845 -0.0176 0.1441 0.1665 1.1058 0.818 -0.0295 0.4578 0.596 4.0055 -0.1087 0.1087 0.2682 0 0
36 344 928 0 0 0 0 0 1.0003 0 0.9816 0.1739 0.2285 0.2793 1.6116 0.7482 0.1408 0.5311 0.6851 4.0767 -0.0151 0.0151 0.2994 0 0
36 345 895 0 0 0 0 0 1.0005 0 0.9887 -0.2111 0.2363 0.3092 1.512 0.7592 -0.0841 0.5329 0.6958 4.0248 -0.079 0.079 0.2749 0 0
36 346 916 0 0 0 0 0 1.0003 0 0.9785 -0.0629 0.2108 0.2659 1.9812 0.7657 0.0502 0.5043 0.6493 4.015 -0.0823 0.0823 0.293 0 0
36 347 932 0 0 0 0 0 1.0006 0 0.9915 -0.09 0.1541 0.1891 1.0973 0.8131 -0.0522 0.4665 0.6094 4.0989 -0.0516 0.0516 0.2635 0 0
36 348 871 0 0 0 0 0 1.0001 0 0.993 0.0704 0.1309 0.1914 1.4479 0.7643 0.0391 0.5217 0.6821 4.0233 -0.0158 0.0158 0.3005 0 0
36 349 905 0 0 0 0 0 1.0005 0 0.9695 0.0225 0.1522 0.1887 0.7711 0.7968 -0.0097 0.4857 0.6536 4.0722 0.0377 0.0377 0.2567 0 0
36 350 900 0 0 0 0 0 1.0002 0 0.9815 -0.1057 0.1705 0.2023 0.9087 0.8018 -0.0967 0.4807 0.616 4.1074 0.0061 0.0061 0.2919 0 0
36 351 930 0 0 0 0 0 1.0007 0 0.9883 -0.019 0.1636 0.185 1.1805 0.7954 -0.0569 0.494 0.649 4.0213 0.0249 0.0249 0.2568 0 0
36 352 913 0 0 0 0 0 1.0004 0 0.983 3e-04 0.1083 0.1552 1.1443 0.7787 0.0209 0.4843 0.6242 4.0354 -0.0484 0.0484 0.2874 0 0
36 353 914 0 0 0 0 0 1.0003 0 0.9587 -0.02 0.1654 0.2011 0.9414 0.8025 -0.0195 0.4718 0.6233 3.9968 -0.1123 0.1123 0.2771 0 0
36 354 922 0 0 0 0 0 1.0001 0 0.9942 0.0691 0.1293 0.1837 1.1654 0.755 0.0459 0.5399 0.7207 4.028 0.0275 0.0275 0.2743 0 0
36 355 926 0 0 0 0 0 1.001 0 0.9425 0.0157 0.2288 0.2834 1.013 0.778 0.0656 0.5076 0.6501 4.0039 -0.1024 0.1024 0.2765 0 0
36 356 882 0 0 0 0 0 1.0002 0 0.9662 0.0623 0.1306 0.2225 1.0071 0.7925 -0.0054 0.476 0.6234 4.0008 -0.1448 0.1448 0.2804 0 0
36 357 942 0 0 0 0 0 1.0001 0 0.9639 0.227 0.3153 0.4857 1.7576 0.7799 0.0603 0.509 0.6617 4.064 -0.0338 0.0338 0.2896 0 0
36 358 889 0 0 0 0 0 1.0008 0 0.9949 0.0356 0.0946 0.1176 1.3579 0.7485 0.0106 0.5368 0.6858 4.0599 0.0088 0.0088 0.2725 0 0
36 359 957 0 0 0 0 0 1.0003 0 0.9856 -0.0154 0.188 0.2558 1.7872 0.76 0.0118 0.5364 0.6743 4.1058 0.0509 0.0509 0.2856 0 0
36 360 913 0 0 0 0 0 1.0004 0 0.989 -0.0941 0.1579 0.1916 1.2474 0.7809 -0.0731 0.4663 0.5964 4.1591 0.0592 0.0592 0.2616 0 0
36 361 912 0 0 0 0 0 1.0001 0 0.9812 0.0127 0.1677 0.1882 0.9351 0.7938 -0.0401 0.4855 0.6248 4.0082 -0.0777 0.0777 0.2766 0 0
36 362 884 0 0 0 0 0 1.0005 0 0.9744 -0.2067 0.2345 0.3157 1.3887 0.7448 -0.1362 0.5178 0.6921 4.0461 -0.0346 0.0346 0.3026 0 0
36 363 938 0 0 0 0 0 1.0003 0 0.9933 0.0958 0.1271 0.1721 1.0872 0.7631 0.0446 0.5137 0.6778 4.1116 0.0345 0.0345 0.262 0 0
36 364 935 0 0 0 0 0 1.0001 0 0.9665 0.0285 0.1576 0.1992 0.7715 0.8081 -0.0113 0.5029 0.6419 4.0506 0.0067 0.0067 0.2617 0 0
36 365 920 0 0 0 0 0 1.0004 0 0.9692 -0.0894 0.1657 0.2383 0.9165 0.7983 -0.0308 0.4723 0.6311 4.0247 -0.0579 0.0579 0.2793 0 0
36 366 935 0 0 0 0 0 1.0001 0 0.9867 0.1408 0.1671 0.2397 1.3155 0.8072 0.0869 0.4904 0.6352 4.0592 0.0438 0.0438 0.2491 0 0
36 367 914 0 0 0 0 0 1.0004 0 0.9797 -0.2064 0.2673 0.3575 1.8641 0.7818 -0.1171 0.5078 0.6487 4.0992 0.0149 0.0149 0.272 0 0
36 368 916 0 0 0 0 0 1.0005 0 0.991 -0.0936 0.1226 0.1592 1.0952 0.7949 -0.0214 0.4959 0.6474 4.0665 -0.0764 0.0764 0.2793 0 0
36 369 905 0 0 0 0 0 1.0007 0 0.984 -0.0927 0.1787 0.2417 1.9856 0.7556 -0.004 0.5178 0.6766 4.1193 0.0175 0.0175 0.2932 0 0
36 370 916 0 0 0 0 0 1.0001 0 0.9941 0.0782 0.1393 0.1891 1.4921 0.7479 0.0562 0.552 0.7136 4.0219 -0.0643 0.0643 0.2913 0 0
36 371 891 0 0 0 0 0 1.0006 0 0.9916 0.0844 0.1317 0.1655 1.9979 0.7975 0.072 0.4654 0.6138 4.0457 -0.062 0.062 0.3041 0 0
36 372 908 0 0 0 0 0 1.0003 0 0.9658 -0.0137 0.1979 0.2373 1.2236 0.7818 -0.0271 0.4944 0.6506 4.0443 -0.0542 0.0542 0.295 0 0
36 373 915 0 0 0 0 0 1.0002 0 0.9897 -0.0192 0.1092 0.1405 1.5485 0.7718 -0.0318 0.4982 0.6572 4.0619 -0.0056 0.0056 0.2761 0 0
36 374 902 0 0 0 0 0 1.0003 0 0.9903 0.0399 0.173 0.1861 1.3113 0.798 0.0416 0.495 0.6442 4.0413 -0.0136 0.0136 0.2586 0 0
36 375 923 0 0 0 0 0 1.0002 0 0.9815 -0.1032 0.1522 0.1897 1.053 0.8032 -0.0295 0.4572 0.5878 4.0619 0.0153 0.0153 0.2543 0 0
36 376 878 0 0 0 0 0 1.0001 0 0.986 0.0085 0.1222 0.1717 1.2934 0.7509 0.0191 0.5137 0.6757 4.141 0.0645 0.0645 0.2589 0 0
36 377 925 0 0 0 0 0 1.0008 0 0.9888 -0.0901 0.1269 0.162 0.9992 0.8153 -0.0661 0.4777 0.6276 4.1083 0.0766 0.0766 0.2562 0 0
36 378 903 0 0 0 0 0 1.0001 0 0.988 0.0362 0.2228 0.307 2.1878 0.7441 -0.0163 0.5442 0.6972 4.0552 0.0089 0.0089 0.3088 0 0
36 379 926 0 0 0 0 0 1.0003 0 0.958 -0.016 0.1737 0.2045 0.8249 0.787 -0.008 0.4729 0.6265 4.2051 0.098 0.098 0.2452 0 0
36 380 930 0 0 0 0 0 1.0009 0 0.9872 0.0862 0.15 0.213 1.326 0.7852 0.0847 0.5034 0.6438 4.0564 -0.0497 0.0497 0.2823 0 0
36 381 905 0 0 0 0 0 1.0001 0 0.9844 0.1262 0.166 0.2004 1.0445 0.7865 0.0717 0.4924 0.6341 4.1148 0.0402 0.0402 0.2728 0 0
36 382 909 0 0 0 0 0 1.0005 0 0.9859 -0.0079 0.1383 0.1678 1.6305 0.7902 -0.0224 0.5023 0.6362 4.1241 0.0643 0.0643 0.2768 0 0
36 383 953 0 0 0 0 0 1.0005 0 0.8975 0.1183 0.2282 0.2888 1.1777 0.7444 0.0513 0.5068 0.6588 4.0339 -0.0191 0.0191 0.2787 0 0
36 384 873 0 0 0 0 0 1.0006 0 0.9922 -0.0276 0.1152 0.1418 1.264 0.802 0.0304 0.4605 0.6105 4.0439 0.0263 0.0263 0.257 0 0
36 385 925 0 0 0 0 0 1.0006 0 0.9957 -0.0558 0.1102 0.1269 0.9767 0.7671 -0.01 0.4844 0.6477 4.1531 0.0793 0.0793 0.255 0 0
36 386 887 0 0 0 0 0 1.0001 0 0.978 0.0662 0.133 0.1837 0.9718 0.7909 0.098 0.4706 0.5994 4.0876 0.0194 0.0194 0.2644 0 0
36 387 937 0 0 0 0 0 1.0002 0 0.9918 0.1267 0.1464 0.1736 0.9658 0.8042 0.102 0.4852 0.6285 4.0619 -0.0317 0.0317 0.2715 0 0
36 388 914 0 0 0 0 0 1.0007 0 0.9797 -0.0754 0.1233 0.1659 1.1722 0.7928 -0.0548 0.4782 0.6195 4.1415 0.0762 0.0762 0.263 0 0
36 389 892 0 0 0 0 0 1.0003 0 0.9697 0.0757 0.2019 0.265 1.1599 0.7538 0.0732 0.5027 0.6892 4.0463 0.0053 0.0053 0.2817 0 0
36 390 921 0 0 0 0 0 1.0005 0 0.9943 -0.0422 0.0859 0.1072 1.0977 0.7911 -0.0118 0.4738 0.6419 4.0059 -0.0361 0.0361 0.2651 0 0
36 391 912 0 0 0 0 0 1.0001 0 0.9892 -0.052 0.1673 0.1909 1.4853 0.7928 0.0197 0.4922 0.6399 4.1 0.0034 0.0034 0.2763 0 0
36 392 909 0 0 0 0 0 1.0003 0 0.992 -0.0015 0.1396 0.2165 1.5331 0.7804 -5e-04 0.5317 0.6853 4.0579 0.0394 0.0394 0.2686 0 0
36 393 914 0 0 0 0 0 1.0007 0 0.9821 -0.0596 0.1932 0.2563 2.1556 0.7487 0.0212 0.5041 0.6534 4.0688 -0.048 0.048 0.2963 0 0
36 394 871 0 0 0 0 0 1.0002 0 0.9865 -0.0667 0.1973 0.2832 1.7375 0.7323 -0.019 0.5318 0.6909 4.0559 -0.021 0.021 0.3061 0 0
36 395 925 0 0 0 0 0 1.0001 0 0.9852 -0.0238 0.129 0.1664 1.1311 0.7578 -0.0691 0.492 0.6331 4.0411 -0.1279 0.1279 0.2968 0 0
36 396 918 0 0 0 0 0 1.0003 0 0.9885 -0.1199 0.1693 0.1989 1.2099 0.7823 -0.1056 0.4975 0.6518 4.0368 -0.0403 0.0403 0.2709 0 0
36 397 928 0 0 0 0 0 1.0001 0 0.9661 -0.2985 0.3392 0.4814 2.5001 0.7508 -0.1663 0.5285 0.6849 4.0883 0.0535 0.0535 0.2824 0 0
36 398 930 0 0 0 0 0 1.0003 0 0.9854 0.0315 0.1278 0.1572 1.0442 0.7558 -0.0394 0.5232 0.671 4.0113 -0.1436 0.1436 0.2979 0 0
36 399 894 0 0 0 0 0 1.0003 0 0.9888 -0.043 0.1788 0.2329 1.639 0.7528 -0.0646 0.5413 0.693 4.1637 0.0673 0.0673 0.2664 0 0
36 400 917 0 0 0 0 0 1.0006 0 0.98 0.0648 0.1222 0.1638 1.0542 0.762 0.0308 0.5176 0.6731 4.1033 0.0155 0.0155 0.277 0 0
36 401 896 0 0 0 0 0 1.0006 0 0.9928 -0.0305 0.113 0.1351 0.9193 0.7699 0.0012 0.4773 0.6295 4.0149 -0.0601 0.0601 0.2844 0 0
36 402 921 0 0 0 0 0 1.0001 0 0.9792 0.0467 0.1543 0.1819 1.1591 0.7878 0.004 0.4627 0.622 4.0814 -0.0562 0.0562 0.2716 0 0
36 403 915 0 0 0 0 0 1.0004 0 0.9902 -0.0559 0.1319 0.1582 0.9676 0.8181 -0.0425 0.4854 0.6239 4.0465 -0.0503 0.0503 0.2716 0 0
36 404 940 0 0 0 0 0 1.0002 0 0.9702 0.0845 0.1546 0.1946 1.0503 0.8082 0.1274 0.4799 0.6469 4.2034 0.1353 0.1353 0.2468 0 0
36 405 936 0 0 0 0 0 1.0004 0 0.9917 -0.0599 0.1184 0.1429 1.3987 0.7613 -0.0157 0.5014 0.6434 4.0431 0.0321 0.0321 0.2731 0 0
36 406 928 0 0 0 0 0 1.0001 0 0.9926 0.0619 0.1222 0.1624 1.5112 0.7319 -0.0304 0.5373 0.7015 4.0162 -0.2144 0.2144 0.3095 0 0
36 407 932 0 0 0 0 0 1.0003 0 0.9874 0.0554 0.1296 0.158 0.9571 0.7987 0.0623 0.4764 0.6202 4.019 -0.0437 0.0437 0.2715 0 0
36 408 930 0 0 0 0 0 1.0004 0 0.9872 0.0069 0.1703 0.1963 1.1442 0.7833 0.0193 0.4907 0.6332 4.0773 -0.0104 0.0104 0.2834 0 0
36 409 971 0 0 0 0 0 1.0015 0 0.9818 0.1359 0.2867 0.3963 1.41 0.8118 0.0356 0.4716 0.6079 4.0158 -0.0232 0.0232 0.2859 0 0
36 410 941 0 0 0 0 0 1.0003 0 0.9664 0.0147 0.1856 0.2384 1.0905 0.793 0.0328 0.4604 0.6163 4.006 -0.0358 0.0358 0.2587 0 0
36 411 970 0 0 0 0 0 1.0004 0 0.9907 -0.0456 0.1136 0.148 0.961 0.7375 -0.0659 0.52 0.6764 4.0412 0.0446 0.0446 0.266 0 0
36 412 931 0 0 0 0 0 1.0008 0 0.9929 0.0105 0.1261 0.1417 1.1947 0.7505 -0.0108 0.532 0.6918 4.0613 -0.0124 0.0124 0.2654 0 0
36 413 920 0 0 0 0 0 1.0003 0 0.9819 -0.0385 0.1657 0.2013 1.1732 0.8036 -0.0424 0.465 0.6044 4.112 -0.0667 0.0667 0.2769 0 0
36 414 901 0 0 0 0 0 1.0003 0 0.9853 0.1314 0.1536 0.2424 1.5589 0.7899 0.0508 0.5091 0.6607 4.0575 -0.0307 0.0307 0.2691 0 0
36 415 911 0 0 0 0 0 1.0004 0 0.8801 0.0762 0.3175 0.4736 2.3107 0.7278 -0.0308 0.5359 0.7048 4.1005 0.0178 0.0178 0.3136 0 0
36 416 884 0 0 0 0 0 1.0002 0 0.9812 -0.0789 0.295 0.5021 2.1437 0.773 -0.0205 0.5149 0.6605 4.0595 0.0156 0.0156 0.2727 0 0
36 417 874 0 0 0 0 0 1.0001 0 0.9923 0.0095 0.1221 0.1567 1.4686 0.78 -0.0413 0.5212 0.665 4.2864 0.104 0.104 0.249 0 0
36 418 942 0 0 0 0 0 1.0004 0 0.9924 -0.0981 0.1358 0.1835 0.9179 0.7979 -0.0661 0.4826 0.6298 3.9953 -0.0373 0.0373 0.2569 0 0
36 419 924 0 0 0 0 0 1.0001 0 0.9966 0.052 0.0898 0.144 1.722 0.7607 0.0314 0.5016 0.6402 4.0087 -0.1883 0.1883 0.3006 0 0
36 420 900 0 0 0 0 0 1.0002 0 0.9938 0.0228 0.1265 0.1473 1.4191 0.7737 0.0211 0.4938 0.6408 4.0261 -0.1131 0.1131 0.2957 0 0
36 421 919 0 0 0 0 0 1.0005 0 0.9618 -0.1316 0.2576 0.3501 2.0367 0.7292 -0.0093 0.5503 0.7197 4.0657 -0.0463 0.0463 0.3267 0 0
36 422 882 0 0 0 0 0 1.0001 0 0.9925 0.0079 0.1447 0.1765 1.5609 0.7732 0.0801 0.535 0.6836 4.2333 0.1253 0.1253 0.2673 0 0
36 423 935 0 0 0 0 0 1.0002 0 0.9732 -0.2173 0.2186 0.4019 1.8432 0.7838 -0.0914 0.5272 0.6657 4.0699 -0.0169 0.0169 0.2901 0 0
36 424 905 0 0 0 0 0 1.0001 0 0.9708 0.0031 0.1575 0.1883 0.935 0.8022 -0.0043 0.4701 0.6078 4.1005 0.0186 0.0186 0.2723 0 0
36 425 914 0 0 0 0 0 1.0002 0 0.9903 0.0706 0.1179 0.1444 1.2114 0.7939 0.0475 0.5211 0.6721 4.0397 -0.0521 0.0521 0.2764 0 0
36 426 934 0 0 0 0 0 1.0006 0 0.986 -0.0298 0.1334 0.1681 0.9545 0.8087 -0.0214 0.492 0.6355 4.0326 -0.0374 0.0374 0.2703 0 0
36 427 886 0 0 0 0 0 1.0002 0 0.985 0.0526 0.1635 0.1939 1.0276 0.752 0.0012 0.5183 0.7015 4.0411 -0.0541 0.0541 0.2908 0 0
36 428 941 0 0 0 0 0 1.0001 0 0.9797 0.0459 0.1279 0.1643 0.7602 0.8067 8e-04 0.4733 0.6194 4.1053 0.0114 0.0114 0.258 0 0
36 429 935 0 0 0 0 0 1.0007 0 0.9806 -0.0639 0.1683 0.2003 1.6883 0.7844 0.0079 0.5471 0.6894 4.137 0.062 0.062 0.2765 0 0
36 430 917 0 0 0 0 0 1.0005 0 0.9801 -0.0497 0.1933 0.2252 0.9994 0.783 -0.0102 0.5066 0.6572 4.079 0.0523 0.0523 0.2636 0 0
36 431 942 0 0 0 0 0 1.0001 0 0.9743 0.1304 0.1807 0.2358 1.0858 0.8056 0.0515 0.4616 0.5968 4.0322 -0.0187 0.0187 0.2865 0 0
36 432 907 0 0 0 0 0 1.0009 0 0.9582 0.1767 0.2446 0.3 0.9954 0.7891 0.1182 0.5345 0.6873 4.0249 -0.0681 0.0681 0.2751 0 0
36 433 916 0 0 0 0 0 1.0011 0 0.9692 -0.0608 0.2121 0.3345 1.4602 0.7822 -0.0932 0.4898 0.6441 4.1617 0.0709 0.0709 0.2632 0 0
36 434 946 0 0 0 0 0 1.0001 0 0.9842 -0.0737 0.1271 0.162 0.8729 0.8093 -0.0704 0.4622 0.5926 4.0354 -0.0241 0.0241 0.2756 0 0
36 435 938 0 0 0 0 0 1.0003 0 0.9919 0.0898 0.1569 0.2011 1.3177 0.7657 0.0683 0.5172 0.6682 4.0703 -0.0052 0.0052 0.2797 0 0
36 436 915 0 0 0 0 0 1.0009 0 0.9958 0.0436 0.0885 0.1078 1.1609 0.7549 0.035 0.4835 0.6342 4.0576 -0.0052 0.0052 0.2759 0 0
36 437 915 0 0 0 0 0 1.0009 0 0.9744 0.1365 0.211 0.2516 0.9927 0.7613 0.0979 0.4996 0.6525 4.1744 0.0818 0.0818 0.2442 0 0
36 438 927 0 0 0 0 0 1.0008 0 0.9798 0.0303 0.13 0.1633 0.7196 0.7774 -0.0075 0.4874 0.6603 4.0008 -0.002 0.002 0.2636 0 0
36 439 920 0 0 0 0 0 1.0003 0 0.953 0.0484 0.1653 0.2936 1.2889 0.7574 0.0244 0.505 0.6488 4.0356 -0.1192 0.1192 0.2958 0 0
36 440 906 0 0 0 0 0 1.0002 0 0.9926 -0.0588 0.145 0.2023 2.0632 0.7749 -0.0328 0.5067 0.6518 4.01 -0.025 0.025 0.2859 0 0
36 441 940 0 0 0 0 0 1.0012 0 0.9913 0.0546 0.1036 0.1273 0.9212 0.8006 0.0489 0.465 0.6063 4.0092 0.028 0.028 0.27 0 0
36 442 898 0 0 0 0 0 1.0008 0 0.9585 -0.1435 0.2598 0.331 1.6057 0.732 -0.0024 0.5284 0.6857 4.1378 -0.1869 0.1869 0.3595 0 0
36 443 874 0 0 0 0 0 1.0003 0 0.9592 0.1189 0.312 0.4016 2.2646 0.7208 0.0076 0.5484 0.6964 4.0686 -0.1169 0.1169 0.3432 0 0
36 444 899 0 0 0 0 0 1.0001 0 0.9615 -0.0856 0.2427 0.283 1.1057 0.7606 -0.0196 0.4966 0.6526 4.0167 -0.1656 0.1656 0.2864 0 0
36 445 903 0 0 0 0 0 1.0012 0 0.9887 0.1038 0.1488 0.1959 0.902 0.7877 0.1195 0.501 0.6497 4.0794 -0.0169 0.0169 0.2756 0 0
36 446 918 0 0 0 0 0 1.0006 0 0.9162 -0.3909 0.4159 0.702 2.3272 0.7912 -0.1843 0.5465 0.7045 4.2129 0.1415 0.1415 0.2583 0 0
36 447 913 0 0 0 0 0 1.0006 0 0.9772 -0.0703 0.274 0.421 2.1252 0.74 -0.0213 0.5335 0.6848 4.0318 -0.0719 0.0719 0.2899 0 0
36 448 907 0 0 0 0 0 1.0006 0 0.9866 0.1784 0.2127 0.3097 1.8601 0.7929 0.1295 0.5138 0.6623 4.1773 0.1154 0.1154 0.2383 0 0
36 449 929 0 0 0 0 0 1.0004 0 0.9884 0.0507 0.1382 0.1739 1.5119 0.7978 0.1159 0.4914 0.6253 4.0617 0.1062 0.1062 0.2589 0 0
36 450 966 0 0 0 0 0 1.0009 0 0.9864 0.119 0.1404 0.1709 0.8461 0.8118 0.0916 0.4825 0.6313 4.0816 0.0699 0.0699 0.2408 0 0
36 451 925 0 0 0 0 0 1.0002 0 0.9872 0.1147 0.1841 0.2124 1.0946 0.7953 0.1073 0.5333 0.6921 4.047 0.0011 0.0011 0.2704 0 0
36 452 910 0 0 0 0 0 1 0 0.9941 0.069 0.1552 0.176 1.1541 0.7946 0.0285 0.5112 0.6645 4.0321 -0.0699 0.0699 0.2743 0 0
36 453 904 0 0 0 0 0 1.0001 0 0.9795 0.0718 0.1595 0.1939 1.3446 0.795 0.0287 0.4767 0.6113 4.0266 -0.0683 0.0683 0.2843 0 0
36 454 904 0 0 0 0 0 1.0006 0 0.9934 0.0418 0.1091 0.1552 1.7456 0.7687 0.0461 0.5186 0.6756 4.1789 0.075 0.075 0.2771 0 0
36 455 919 0 0 0 0 0 1.0004 0 0.9784 -0.0401 0.1632 0.1929 0.8041 0.7959 -0.094 0.4899 0.6474 4.0169 -0.0629 0.0629 0.2789 0 0
36 456 911 0 0 0 0 0 1.0001 0 0.9865 0.041 0.1962 0.2153 1.5607 0.7745 0.0582 0.5127 0.6608 4.1105 -0.0198 0.0198 0.2663 0 0
36 457 938 0 0 0 0 0 1.0004 0 0.914 0.1171 0.2111 0.3255 1.379 0.7795 0.0728 0.5228 0.66 4.1423 0.1868 0.1868 0.2593 0 0
36 458 952 0 0 0 0 0 1.0007 0 0.9784 -0.2097 0.2747 0.3669 2.0585 0.7761 -0.0735 0.5146 0.6643 4.1938 0.0776 0.0776 0.2568 0 0
36 459 923 0 0 0 0 0 1.0007 0 0.9885 0.0051 0.089 0.1339 1.007 0.7721 0.0272 0.4821 0.6316 4.1227 0.0525 0.0525 0.2665 0 0
36 460 973 0 0 0 0 0 1.0004 0 0.9755 -0.0114 0.1668 0.1864 0.8932 0.8025 -0.0774 0.4652 0.6076 4.0837 0.0211 0.0211 0.2581 0 0
36 461 935 0 0 0 0 0 1.0002 0 0.9623 0.1475 0.2997 0.5534 2.8923 0.7283 0.0457 0.5448 0.7076 4.023 -0.0735 0.0735 0.3073 0 0
36 462 903 0 0 0 0 0 1.0004 0 0.9881 -0.1313 0.169 0.2074 1.5031 0.7983 -0.0423 0.4821 0.6243 4.0493 -0.0332 0.0332 0.2719 0 0
36 463 908 0 0 0 0 0 1.0001 0 0.9897 -0.0744 0.1769 0.2176 1.9593 0.808 -0.128 0.4902 0.6202 4.2034 0.115 0.115 0.2744 0 0
36 464 913 0 0 0 0 0 1.0002 0 0.9745 -0.1111 0.1975 0.2347 1.0424 0.7773 -0.0703 0.5485 0.7092 4.1362 0.0821 0.0821 0.2526 0 0
36 465 894 0 0 0 0 0 1.0002 0 0.9937 -0.0621 0.1327 0.1479 2.1617 0.7684 -0.0398 0.5362 0.6889 4.1495 0.0078 0.0078 0.316 0 0
36 466 925 0 0 0 0 0 1.0001 0 0.9405 -0.2861 0.4307 0.7654 2.7993 0.784 0.0189 0.5102 0.6358 4.0084 -0.067 0.067 0.2913 0 0
36 467 929 0 0 0 0 0 1.0001 0 0.9527 -0.057 0.198 0.2684 1.24 0.8125 -0.0595 0.4794 0.6428 4.0663 -0.0958 0.0958 0.2662 0 0
36 468 914 0 0 0 0 0 1.0004 0 0.9936 0.0359 0.1279 0.1532 1.3771 0.7899 -0.0019 0.4994 0.6538 4.0118 -0.1118 0.1118 0.2815 0 0
36 469 900 0 0 0 0 0 1.0004 0 0.9747 0.1129 0.17 0.2139 1.0372 0.7482 -0.0088 0.5146 0.6871 4.1162 0.0177 0.0177 0.2886 0 0
36 470 899 0 0 0 0 0 1.0003 0 0.9931 -0.0142 0.1289 0.1621 1.515 0.7807 -0.0129 0.4721 0.6174 4.0098 -0.1311 0.1311 0.2745 0 0
36 471 906 0 0 0 0 0 1.0002 0 0.9898 0.0525 0.1575 0.1933 1.2835 0.7694 0.0025 0.5272 0.6972 4.1779 0.0759 0.0759 0.2743 0 0
36 472 889 0 0 0 0 0 1.0003 0 0.9827 -0.0337 0.2062 0.2536 1.5552 0.7642 0.0109 0.5245 0.675 4.0062 -0.0908 0.0908 0.3035 0 0
36 473 936 0 0 0 0 0 1.0006 0 0.9943 -0.062 0.1097 0.1338 1.1692 0.7945 -0.1047 0.4962 0.6348 4.0462 -0.1037 0.1037 0.2959 0 0
36 474 912 0 0 0 0 0 1.0006 0 0.971 0.0028 0.1825 0.2124 1.3365 0.7815 0 0.4664 0.597 4.0418 -0.0555 0.0555 0.2973 0 0
36 475 911 0 0 0 0 0 1.0002 0 0.988 0.007 0.1594 0.2125 1.3071 0.7836 0.0035 0.4968 0.6567 4.0545 0.0459 0.0459 0.2677 0 0
36 476 926 0 0 0 0 0 1.0004 0 0.9915 0.065 0.1388 0.1528 1.0546 0.8074 0.0423 0.4931 0.623 4.0995 0.0232 0.0232 0.2659 0 0
36 477 908 0 0 0 0 0 1.0008 0 0.9812 -0.063 0.1974 0.2645 2.1663 0.7596 -0.0376 0.5158 0.6617 4.0655 0.0313 0.0313 0.2764 0 0
36 478 956 0 0 0 0 0 1.0002 0 0.9861 -0.0168 0.1223 0.1634 0.9982 0.7866 0.0021 0.482 0.6297 4.0759 0.0461 0.0461 0.2647 0 0
36 479 906 0 0 0 0 0 1.0002 0 0.9772 -0.0063 0.1308 0.1729 0.8383 0.8078 0.0604 0.4736 0.6079 4.0367 -0.0341 0.0341 0.2792 0 0
36 480 912 0 0 0 0 0 1.0005 0 0.9939 0.0071 0.094 0.1291 1.135 0.7745 -0.0456 0.4915 0.6535 4.0683 -0.0275 0.0275 0.2647 0 0
36 481 926 0 0 0 0 0 1.0005 0 0.99 0.0701 0.1155 0.1363 0.8954 0.7786 -0.0141 0.4722 0.6233 4.1047 -0.0942 0.0942 0.3056 0 0
36 482 964 0 0 0 0 0 1.0003 0 0.9876 -0.0488 0.1414 0.163 1.342 0.7994 -0.0788 0.4861 0.6272 4.0185 -0.113 0.113 0.2814 0 0
36 483 913 0 0 0 0 0 1.001 0 0.9822 0.0777 0.2014 0.2507 1.9123 0.753 0.0369 0.4782 0.6097 4.0086 -0.1053 0.1053 0.2901 0 0
36 484 920 0 0 0 0 0 1.0002 0 0.993 0.0109 0.1004 0.1141 1.0405 0.7541 0.0093 0.5253 0.6846 4.2502 0.159 0.159 0.2447 0 0
36 485 937 0 0 0 0 0 1.0001 0 0.9791 0.0355 0.1844 0.2028 1.4136 0.7973 0.0374 0.4748 0.6113 4.1582 0.0564 0.0564 0.2777 0 0
36 486 932 0 0 0 0 0 1.0002 0 0.9891 0.0697 0.1443 0.1706 1.0146 0.794 0.0586 0.4875 0.6336 4.0908 0.0279 0.0279 0.2662 0 0
36 487 940 0 0 0 0 0 1.0004 0 0.9603 0.1258 0.2128 0.3055 1.6733 0.7859 0.027 0.5087 0.657 4.0126 0.0367 0.0367 0.2745 0 0
36 488 889 0 0 0 0 0 1.0003 0 0.9835 0.1123 0.1369 0.1783 0.8703 0.7804 0.0206 0.4709 0.6467 4.0824 0.0131 0.0131 0.2839 0 0
36 489 883 0 0 0 0 0 1.0005 0 0.9776 0.0495 0.3492 0.4481 1.9185 0.7497 0.0103 0.5487 0.727 4.0235 -0.117 0.117 0.3154 0 0
36 490 917 0 0 0 0 0 1.001 0 0.9731 -0.0045 0.1642 0.2184 1.1323 0.7912 0.0307 0.4837 0.6339 4.127 0.0356 0.0356 0.2876 0 0
36 491 926 0 0 0 0 0 1.0005 0 0.9926 -0.2136 0.2281 0.2652 1.4964 0.7773 -0.1166 0.5184 0.6728 4.0515 0.0528 0.0528 0.261 0 0
36 492 936 0 0 0 0 0 1.0003 0 0.9956 -0.0552 0.1038 0.1278 1.4219 0.7812 -0.0276 0.4825 0.6297 4.1285 0.0421 0.0421 0.2708 0 0
36 493 914 0 0 0 0 0 1.0005 0 0.9919 -0.0464 0.0853 0.1121 0.8823 0.8018 -0.0593 0.4994 0.6399 4.0268 0.0213 0.0213 0.2857 0 0
36 494 911 0 0 0 0 0 1.0008 0 0.974 -0.0092 0.1736 0.2356 1.7226 0.7273 -0.0714 0.5203 0.671 4.0477 -0.0842 0.0842 0.325 0 0
36 495 893 0 0 0 0 0 1.0005 0 0.9851 -0.0298 0.1493 0.1729 0.9255 0.7658 0.0584 0.4972 0.6587 4.0248 -0.1401 0.1401 0.2908 0 0
36 496 920 0 0 0 0 0 1.0006 0 0.9902 -0.1745 0.1828 0.248 1.6843 0.7742 -0.0468 0.5331 0.6796 4.1965 0.0952 0.0952 0.2579 0 0
36 497 922 0 0 0 0 0 1.0007 0 0.9866 -0.005 0.1352 0.1622 0.9264 0.7855 0.0254 0.4959 0.6588 4.0045 -0.0535 0.0535 0.2643 0 0
36 498 927 0 0 0 0 0 1.0009 0 0.9961 0.1402 0.1425 0.171 1.2708 0.8052 0.1242 0.4867 0.6284 4.0987 0.0676 0.0676 0.249 0 0
36 499 889 0 0 0 0 0 1.0003 0 0.9857 -0.0893 0.1802 0.2044 1.2449 0.7741 -0.0961 0.5047 0.6597 3.9775 -0.0809 0.0809 0.2736 0 0
36 500 908 0 0 0 0 0 1.0005 0 0.9516 -0.0841 0.306 0.4112 1.7176 0.7728 -0.0852 0.4987 0.6438 4.0351 -0.0832 0.0832 0.2959 0 0
