cond r run.time ndiv nbfmi ntree nbulk ntail maxRhat nRhat beta.cor beta.bias beta.abbias beta.rmse beta.CI theta.cor theta.bias theta.abbias theta.rmse theta.CI lambda.bias lambda.abbias lambda.CI corrupt efficiency
70 1 616 0 0 0 0 0 1.0005 0 0.9219 -0.1476 0.3607 0.4655 2.3282 0.7516 -0.0529 0.5076 0.6914 4.4341 -0.0373 0.0373 0.3948 0 0
70 2 1264 26 0 0 0 0 1.0013 0 0.9442 0.6092 0.6313 0.7555 2.7396 0.7813 0.6383 0.7763 0.9373 4.5843 0.1649 0.1649 0.3662 1 0
70 3 641 0 0 0 0 0 1.0013 0 0.9607 0.1361 0.2541 0.3172 2.0601 0.8421 0.0706 0.4325 0.587 4.2892 -0.0861 0.0861 0.3988 0 0
70 4 704 0 0 0 0 0 1.0002 0 0.9516 0.1733 0.3482 0.4314 1.8855 0.8761 0.1925 0.4718 0.586 4.1563 -0.0921 0.0921 0.3559 0 0
70 5 945 0 0 0 0 0 1.0009 0 0.9436 0.1154 0.2657 0.4203 2.3739 0.8412 0.043 0.4395 0.5908 4.3822 -0.0218 0.0218 0.3939 0 0
70 6 644 0 0 0 0 0 1.0005 0 0.9462 0.133 0.3437 0.4526 2.0284 0.8408 0.1257 0.4872 0.6644 4.3214 -0.0645 0.0645 0.3868 0 0
70 7 988 0 0 0 0 0 1.001 0 0.9779 -0.1755 0.2626 0.3045 2.4739 0.8403 -0.1644 0.4485 0.6501 4.7016 0.1472 0.1472 0.2797 0 0
70 8 663 0 0 0 0 0 1.0004 0 0.9568 0.0288 0.2705 0.3957 2.0637 0.8496 0.002 0.4153 0.5807 4.3789 -0.0474 0.0474 0.3558 0 0
70 9 703 0 0 0 0 0 1.0007 0 0.9497 0.1243 0.2831 0.3562 1.8145 0.8551 0.1146 0.4629 0.6357 4.4926 -0.0042 0.0042 0.3413 0 0
70 10 653 0 0 0 0 0 1.0005 0 0.9554 0.0257 0.2101 0.2666 1.5604 0.7699 -0.0459 0.5098 0.7309 4.2565 -0.0853 0.0853 0.3609 0 0
70 11 706 0 0 0 0 0 1.0002 0 0.9703 -0.0954 0.2373 0.2846 2.0605 0.8577 -0.0631 0.4398 0.6072 4.2572 -0.1147 0.1147 0.3632 0 0
70 12 1055 0 0 0 0 0 1.0002 0 0.9745 0.1252 0.2687 0.3939 2.754 0.8546 0.0955 0.4582 0.6248 4.7483 0.1167 0.1167 0.2817 0 0
70 13 759 0 0 0 0 0 1.001 0 0.9314 0.6047 0.6047 0.7395 2.8113 0.8488 0.4213 0.5673 0.6952 4.376 -0.0137 0.0137 0.3682 0 0
70 14 698 0 0 0 0 0 1.0003 0 0.9646 -0.0405 0.2237 0.3074 1.6666 0.8217 0.0395 0.5257 0.713 4.2798 -0.0393 0.0393 0.3521 0 0
70 15 663 0 0 0 0 0 1.0008 0 0.9669 -0.2679 0.3667 0.4456 1.9553 0.8507 -0.2106 0.5063 0.6395 4.1544 -0.1558 0.1558 0.3764 0 0
70 16 734 0 0 0 0 0 1.0006 0 0.9501 0.113 0.2811 0.416 2.577 0.8102 0.077 0.4562 0.6693 4.1669 -0.2118 0.2118 0.3611 0 0
70 17 741 0 0 0 0 0 1.0008 0 0.963 0.1939 0.2862 0.3322 2.09 0.8562 0.133 0.4366 0.5769 4.0298 -0.0271 0.0271 0.3532 0 0
70 18 700 0 0 0 0 0 1.0006 0 0.9749 0.0123 0.2353 0.3192 2.3386 0.8098 -0.1868 0.4352 0.6396 4.158 -0.1735 0.1735 0.4138 0 0
70 19 1284 0 0 0 0 0 1.0003 0 0.962 -0.0754 0.2115 0.2481 1.793 0.8545 -0.0351 0.5054 0.6588 4.6894 0.1679 0.1679 0.2781 0 0
70 20 979 0 0 0 0 0 1.0004 0 0.9619 0.1889 0.2961 0.3647 1.8455 0.8463 0.2332 0.4707 0.6563 4.6606 0.0538 0.0538 0.3232 0 0
70 21 820 0 0 0 0 0 1.0004 0 0.9802 0.0353 0.1806 0.2275 1.9393 0.8663 0.1361 0.4359 0.5872 4.589 0.0507 0.0507 0.3001 0 0
70 22 666 0 0 0 0 0 1.0002 0 0.956 -0.4409 0.4533 0.5811 2.4373 0.8249 -0.3789 0.5769 0.744 4.2738 -0.0918 0.0918 0.3968 0 0
70 23 680 0 0 0 0 0 1.0004 0 0.9641 0.0015 0.2009 0.2798 1.5692 0.8119 0.0467 0.4124 0.6 4.2324 -0.1412 0.1412 0.3776 0 0
70 24 629 0 0 0 0 0 1.0006 0 0.9776 -0.1496 0.2304 0.2777 1.8298 0.8375 -0.0335 0.4791 0.6637 4.4251 -0.0266 0.0266 0.3716 0 0
70 25 695 0 0 0 0 0 1.0004 0 0.9379 0.1051 0.2224 0.3094 1.5425 0.8537 0.175 0.438 0.5859 4.4427 0.0232 0.0232 0.3215 0 0
70 26 935 0 0 0 0 0 1.0006 0 0.9557 -0.1051 0.2873 0.3842 2.4833 0.8065 -0.0539 0.5332 0.7087 4.5516 0.0862 0.0862 0.2975 0 0
70 27 682 0 0 0 0 0 1.0024 0 0.9352 -0.2214 0.2932 0.3952 2.3987 0.8327 -0.1659 0.4604 0.6095 4.17 -0.1909 0.1909 0.4095 0 0
70 28 785 0 0 0 0 0 1.0004 0 0.9482 -0.1733 0.2746 0.3326 1.6128 0.8617 -0.0966 0.4671 0.6689 4.4236 0.0283 0.0283 0.2974 0 0
70 29 730 0 0 0 0 0 1.0002 0 0.9196 0.1669 0.3865 0.6004 2.3542 0.8657 0.0218 0.4836 0.6308 4.0672 -0.1736 0.1736 0.3996 0 0
70 30 729 0 0 0 0 0 1.0013 0 0.9289 -0.2466 0.3733 0.4721 2.1423 0.8309 -0.2462 0.4835 0.6268 4.2448 -0.0426 0.0426 0.3475 0 0
70 31 660 0 0 0 0 0 1.0004 0 0.9625 -0.0975 0.2217 0.2835 1.8988 0.8248 -0.0597 0.4116 0.547 4.1711 -0.1857 0.1857 0.3974 0 0
70 32 853 0 0 0 0 0 1.0003 0 0.9639 0.1808 0.2695 0.3984 2.3636 0.8492 0.1169 0.4995 0.6794 4.5735 0.0106 0.0106 0.3587 0 0
70 33 760 0 0 0 0 0 1.0004 0 0.9821 0.1328 0.2948 0.3645 2.3029 0.8717 0.1306 0.5312 0.7029 4.3301 0.02 0.02 0.3005 0 0
70 34 678 0 0 0 0 0 1.0007 0 0.9536 -0.1366 0.3671 0.5249 2.7603 0.8317 -0.1676 0.4771 0.6181 4.1664 -0.0513 0.0513 0.3764 0 0
70 35 665 0 0 0 0 0 1.0005 0 0.9416 0.0553 0.3081 0.3674 2.2494 0.8318 0.0246 0.4042 0.5503 4.2004 -0.1413 0.1413 0.4226 0 0
70 36 1134 0 0 0 0 0 1.0005 0 0.9766 -0.3678 0.3679 0.4462 2.0076 0.85 -0.3907 0.5676 0.7281 4.5047 0.1213 0.1213 0.2799 0 0
70 37 1044 0 0 0 0 0 1.0002 0 0.9569 0.1896 0.2735 0.3367 1.7107 0.8748 0.1927 0.5169 0.7183 4.7695 0.1411 0.1411 0.2516 0 0
70 38 653 0 0 0 0 0 1.0014 0 0.9533 0.0992 0.3445 0.512 2.5632 0.8359 0.1058 0.4351 0.5697 4.369 -0.0245 0.0245 0.3491 0 0
70 39 677 0 0 0 0 0 1.0004 0 0.9173 -0.3944 0.4326 0.542 1.6057 0.8525 -0.2082 0.4869 0.613 4.2605 -0.0668 0.0668 0.3651 0 0
70 40 800 0 0 0 0 0 1.0004 0 0.9627 -0.0428 0.2254 0.2836 1.6798 0.8716 0.0336 0.484 0.6556 4.5917 0.0591 0.0591 0.2907 0 0
70 41 1075 0 0 0 0 0 1.0005 0 0.9472 0.1066 0.2693 0.3065 1.5931 0.8335 0.1586 0.4969 0.6716 4.5051 0.072 0.072 0.3196 0 0
70 42 665 0 0 0 0 0 1.0003 0 0.9254 0.203 0.3675 0.4439 1.825 0.8169 0.076 0.4771 0.6662 4.3724 -0.0315 0.0315 0.386 0 0
70 43 990 0 0 0 0 0 1.0003 0 0.9478 0.2204 0.28 0.4568 2.296 0.8762 0.0637 0.4392 0.5942 4.3646 0.0617 0.0617 0.3144 0 0
70 44 819 0 0 0 0 0 1.0003 0 0.9315 -0.2347 0.3647 0.5235 2.0886 0.8783 -0.127 0.4541 0.5955 4.3683 0.0639 0.0639 0.3145 0 0
70 45 693 0 0 0 0 0 1.0002 0 0.9463 -0.0483 0.2937 0.3446 2.0023 0.824 -0.1207 0.3896 0.5406 4.1144 -0.1505 0.1505 0.3942 0 0
70 46 694 0 0 0 0 0 1.0005 0 0.9552 -0.0596 0.273 0.3705 2.7331 0.8554 -0.0295 0.4438 0.6097 4.3876 -0.0303 0.0303 0.3666 0 0
70 47 687 0 0 0 0 0 1.0002 0 0.9456 0.3802 0.4223 0.5069 1.8112 0.822 0.254 0.5868 0.7914 4.3375 -0.0163 0.0163 0.3391 0 0
70 48 756 0 0 0 0 0 1.0005 0 0.9761 -0.0356 0.1643 0.232 1.9207 0.8462 -0.1195 0.4354 0.6346 4.2795 -0.0181 0.0181 0.3519 0 0
70 49 758 0 0 0 0 0 1.0003 0 0.973 0.1869 0.2276 0.305 1.9502 0.8419 0.0722 0.4643 0.6029 4.3538 0.0137 0.0137 0.3072 0 0
70 50 687 0 0 0 0 0 1.0002 0 0.9573 -0.0762 0.2317 0.3068 1.733 0.8757 -0.0481 0.4016 0.5311 4.3845 -0.0407 0.0407 0.3378 0 0
70 51 722 0 0 0 0 0 1.0008 0 0.9713 0.0059 0.2279 0.2894 2.1578 0.8389 -0.0062 0.4899 0.6717 4.1276 -0.1264 0.1264 0.3679 0 0
70 52 694 0 0 0 0 0 1.0006 0 0.9667 0.0788 0.2815 0.3627 2.6381 0.8606 0.1739 0.4636 0.6107 4.3583 0.0071 0.0071 0.3262 0 0
70 53 839 0 0 0 0 0 1.0006 0 0.9549 -0.2788 0.3545 0.4231 1.9576 0.8577 -0.2581 0.495 0.6521 4.4681 0.0658 0.0658 0.3191 0 0
70 54 707 0 0 0 0 0 1.0003 0 0.9478 0.1921 0.3435 0.4748 2.4732 0.8328 0.2499 0.4512 0.631 4.1951 -0.1145 0.1145 0.3974 0 0
70 55 1028 0 0 0 0 0 1.0005 0 0.9312 -0.2272 0.3174 0.3785 1.5722 0.8577 -0.251 0.4822 0.6469 4.4625 0.11 0.11 0.2807 0 0
70 56 674 0 0 0 0 0 1.0004 0 0.9189 0.0832 0.279 0.3342 1.4723 0.8827 -0.0641 0.4055 0.535 4.6646 0.0355 0.0355 0.3377 0 0
70 57 717 0 0 0 0 0 1.0006 0 0.9676 -0.1466 0.2333 0.3394 2.3748 0.8364 -0.0747 0.4789 0.6414 4.2942 0.0034 0.0034 0.3367 0 0
70 58 720 0 0 0 0 0 1.0016 0 0.9706 -0.2436 0.2925 0.3696 2.163 0.8427 -0.1738 0.4651 0.6157 4.3697 -0.0407 0.0407 0.3913 0 0
70 59 809 0 0 0 0 0 1.0006 0 0.9746 -0.4292 0.4292 0.4983 2.0684 0.8687 -0.3057 0.5056 0.6439 4.4501 0.0088 0.0088 0.3473 0 0
70 60 661 0 0 0 0 0 1.0004 0 0.9568 -0.2547 0.3167 0.4399 2.445 0.8514 -0.1353 0.4582 0.5917 4.3951 -0.0839 0.0839 0.3621 0 0
70 61 867 0 0 0 0 0 1.0003 0 0.9484 1e-04 0.2975 0.3809 2.048 0.8597 -0.0293 0.4146 0.5752 4.597 0.0449 0.0449 0.3332 0 0
70 62 653 0 0 0 0 0 1.0009 0 0.9631 -0.0478 0.2516 0.3384 2.2278 0.8473 -0.0052 0.4492 0.6116 4.3532 -0.0733 0.0733 0.3726 0 0
70 63 672 0 0 0 0 0 1.0009 0 0.9743 -0.2246 0.2728 0.3445 2.2762 0.8604 -0.1919 0.4572 0.6104 4.1898 -0.0845 0.0845 0.3555 0 0
70 64 841 0 0 0 0 0 1.0004 0 0.9724 -0.025 0.1948 0.2247 1.6803 0.8563 0.0232 0.4172 0.5763 4.4597 0.0142 0.0142 0.3238 0 0
70 65 1063 0 0 0 0 0 1.0003 0 0.9741 -0.0589 0.2266 0.2936 1.8906 0.8537 -0.1162 0.4419 0.6012 4.4951 0.0674 0.0674 0.2949 0 0
70 66 654 0 0 0 0 0 1.0013 0 0.9651 -0.0512 0.2715 0.3679 2.1766 0.7901 -0.069 0.4928 0.675 4.3785 -0.0634 0.0634 0.392 0 0
70 67 641 0 0 0 0 0 1.0002 0 0.9407 0.4517 0.4751 0.5243 1.482 0.7646 0.4461 0.642 0.8358 4.1747 -0.1526 0.1526 0.3715 0 0
70 68 683 0 0 0 0 0 1.0004 0 0.9559 -0.0102 0.2387 0.2853 1.5639 0.8722 0.0421 0.4432 0.6073 4.3074 0.0118 0.0118 0.2962 0 0
70 69 1004 0 0 0 0 0 1.0006 0 0.9683 -0.0952 0.2126 0.2747 1.8092 0.8564 0.0216 0.413 0.5656 4.4678 -0.0055 0.0055 0.355 0 0
70 70 858 0 0 0 0 0 1.0013 0 0.9686 0.1025 0.2525 0.4044 2.2674 0.8864 0.0044 0.4504 0.6184 4.7174 0.1052 0.1052 0.2788 0 0
70 71 970 0 0 0 0 0 1.0003 0 0.9682 0.418 0.4329 0.4779 1.4333 0.8569 0.4087 0.5675 0.7143 4.3648 0.0495 0.0495 0.2939 0 0
70 72 702 0 0 0 0 0 1.0004 0 0.963 -0.0673 0.1744 0.2342 1.6613 0.8538 -0.0365 0.4146 0.5648 4.2734 -0.1019 0.1019 0.3684 0 0
70 73 707 0 0 0 0 0 1.0002 0 0.9467 -0.0199 0.3277 0.4603 2.5964 0.8639 -0.076 0.4499 0.6014 4.3515 0.0108 0.0108 0.3063 0 0
70 74 741 0 0 0 0 0 1.0015 0 0.9725 -0.1431 0.2446 0.3036 1.9537 0.8229 -0.113 0.4682 0.6263 4.5107 0.0442 0.0442 0.358 0 0
70 75 970 0 0 0 0 0 1.0004 0 0.9732 0.0549 0.1886 0.2419 1.7276 0.8867 0.0245 0.4393 0.5544 4.6794 0.0694 0.0694 0.3103 0 0
70 76 689 0 0 0 0 0 1.001 0 0.9575 0.0413 0.2625 0.3931 2.3371 0.8332 0.0671 0.4635 0.6421 4.2655 -0.1338 0.1338 0.4164 0 0
70 77 682 0 0 0 0 0 1.0002 0 0.9629 0.0256 0.217 0.2685 1.663 0.8574 0.0416 0.3811 0.497 4.2415 -0.1417 0.1417 0.3715 0 0
70 78 689 0 0 0 0 0 1.0002 0 0.9653 -0.0137 0.2172 0.2806 2.018 0.8361 -0.0505 0.4284 0.6141 4.1491 -0.1663 0.1663 0.3872 0 0
70 79 662 0 0 0 0 0 1.0016 0 0.9368 0.2209 0.3381 0.4637 1.9128 0.8405 0.1448 0.4383 0.5845 4.2259 -0.1599 0.1599 0.3995 0 0
70 80 698 0 0 0 0 0 1.0004 0 0.9742 -0.2512 0.295 0.3841 2.0385 0.8475 -0.2592 0.4896 0.6386 4.4554 0.0457 0.0457 0.3152 0 0
70 81 743 0 0 0 0 0 1.0005 0 0.9858 -0.0671 0.1629 0.1929 1.6741 0.8592 -0.0032 0.4376 0.6036 4.3837 0.0431 0.0431 0.311 0 0
70 82 846 0 0 0 0 0 1.0002 0 0.9436 -0.0055 0.2345 0.3132 1.5443 0.8549 -0.0445 0.4177 0.569 4.425 0.031 0.031 0.3165 0 0
70 83 665 0 0 0 0 0 1.0002 0 0.964 -0.0485 0.2911 0.3822 2.567 0.8234 -0.0357 0.4587 0.6345 4.3181 -0.0642 0.0642 0.3627 0 0
70 84 981 0 0 0 0 0 1.0003 0 0.9726 -0.1703 0.2707 0.3312 1.9095 0.8831 -0.1367 0.4186 0.5471 4.0381 0.0455 0.0455 0.3106 0 0
70 85 704 0 0 0 0 0 1.0004 0 0.9181 -0.0695 0.2694 0.4998 2.8032 0.8575 0.051 0.428 0.5463 4.4338 -0.0518 0.0518 0.349 0 0
70 86 830 0 0 0 0 0 1.0011 0 0.9684 0.0828 0.2937 0.3379 1.8678 0.8762 0.0664 0.4416 0.5967 4.4464 0.0418 0.0418 0.3176 0 0
70 87 704 0 0 0 0 0 1.0009 0 0.9275 -0.0783 0.2587 0.3748 1.8005 0.8626 -0.0567 0.3737 0.515 4.5362 0.0266 0.0266 0.3643 0 0
70 88 767 112 0 0 0 0 1.002 0 0.9634 -0.4192 0.4192 0.4989 2.1678 0.7686 -0.267 0.6137 0.807 4.6927 0.0582 0.0582 0.429 1 0
70 89 1311 285 0 0 0 0 1.0031 0 0.9227 0.5914 0.6329 0.755 2.4108 0.7936 0.4964 0.6772 0.84 4.5752 0.1711 0.1711 0.3921 1 0
70 90 648 0 0 0 0 0 1.0009 0 0.9611 -0.0645 0.2115 0.2679 1.5852 0.7471 -0.0566 0.4715 0.6336 4.1128 -0.2455 0.2455 0.4625 0 0
70 91 1240 0 0 0 0 0 1.0006 0 0.9251 0.1761 0.3098 0.4151 1.5422 0.8679 0.1647 0.4711 0.6163 4.0769 0.0771 0.0771 0.296 0 0
70 92 734 0 0 0 0 0 1.0001 0 0.9591 -0.0572 0.2511 0.3381 2.2496 0.8337 0.0789 0.4579 0.6048 4.2583 -0.0723 0.0723 0.3378 0 0
70 93 670 0 0 0 0 0 1.0009 0 0.9301 -0.1178 0.3035 0.4244 1.7522 0.8355 -0.1854 0.4617 0.6194 4.3484 -0.0688 0.0688 0.3768 0 0
70 94 741 0 0 0 0 0 1.001 0 0.971 0.2654 0.3361 0.4587 2.6103 0.8245 0.1371 0.4548 0.6166 3.9838 -0.061 0.061 0.3511 0 0
70 95 649 0 0 0 0 0 1.0008 0 0.9425 0.0688 0.4122 0.5805 2.4154 0.8449 0.0187 0.5028 0.6999 4.4265 -0.0019 0.0019 0.3124 0 0
70 96 689 0 0 0 0 0 1.0003 0 0.9408 -0.3951 0.5409 0.8402 2.8857 0.7964 -0.1479 0.5247 0.7122 4.3724 -0.0345 0.0345 0.3921 0 0
70 97 816 0 0 0 0 0 1.0004 0 0.9623 -0.0257 0.2377 0.282 1.8913 0.8853 -0.0511 0.4329 0.5744 4.4047 0.0368 0.0368 0.3114 0 0
70 98 840 0 0 0 0 0 1.0004 0 0.9776 0.0674 0.2133 0.279 1.8516 0.8737 0.0964 0.4329 0.6036 4.3625 0.0478 0.0478 0.3073 0 0
70 99 672 0 0 0 0 0 1.0011 0 0.9756 0.0103 0.2332 0.3143 2.6704 0.8148 -0.0378 0.4232 0.609 4.0911 -0.2194 0.2194 0.4083 0 0
70 100 677 0 0 0 0 0 1.0016 0 0.9519 -0.0617 0.343 0.4376 1.7395 0.8522 -0.051 0.4969 0.6819 4.4209 -0.0602 0.0602 0.3649 0 0
70 101 806 0 0 0 0 0 1.0005 0 0.9524 0.0597 0.2479 0.324 1.8432 0.8735 0.0924 0.4431 0.5664 4.2907 -0.0359 0.0359 0.3671 0 0
70 102 1031 0 0 0 0 0 1.0002 0 0.9787 -0.2335 0.3518 0.4603 2.4316 0.8862 -0.2575 0.4762 0.6254 4.4492 0.0932 0.0932 0.2909 0 0
70 103 685 0 0 0 0 0 1.0005 0 0.9677 0.0697 0.246 0.3104 2.2334 0.8378 -0.0321 0.4164 0.5579 4.175 -0.152 0.152 0.3817 0 0
70 104 1111 0 0 0 0 0 1.0003 0 0.935 0.3062 0.37 0.4403 1.4313 0.8922 0.3089 0.4888 0.6502 4.5261 0.1245 0.1245 0.2604 0 0
70 105 738 0 0 0 0 0 1.0004 0 0.9436 -0.1609 0.3084 0.368 1.5411 0.9056 -0.158 0.4375 0.5484 4.2975 -0.0273 0.0273 0.3032 0 0
70 106 920 0 0 0 0 0 1.0003 0 0.9537 0.149 0.3065 0.3673 2.0773 0.8546 0.1917 0.4638 0.6205 4.4056 0.0892 0.0892 0.296 0 0
70 107 667 0 0 0 0 0 1.0002 0 0.964 -0.2501 0.3762 0.454 1.8185 0.8482 -0.292 0.5368 0.7267 4.5252 -3e-04 3e-04 0.3345 0 0
70 108 815 0 0 0 0 0 1.0011 0 0.9672 0.3901 0.394 0.4894 2.0924 0.8668 0.2607 0.4876 0.6754 4.6327 0.0511 0.0511 0.3282 0 0
70 109 674 0 0 0 0 0 1.0002 0 0.9742 0.0797 0.1968 0.2569 1.9563 0.8197 0.0419 0.4529 0.6382 4.1544 -0.2115 0.2115 0.3841 0 0
70 110 952 0 0 0 0 0 1.0002 0 0.9392 0.1057 0.2504 0.3172 1.6253 0.8399 0.1552 0.4571 0.6142 4.529 0.001 0.001 0.357 0 0
70 111 661 0 0 0 0 0 1.0008 0 0.9766 0.2128 0.2489 0.3576 2.1378 0.8414 0.1309 0.4981 0.6689 4.5723 0.0123 0.0123 0.3173 0 0
70 112 843 0 0 0 0 0 1.0006 0 0.9626 0.0584 0.2699 0.3451 2.006 0.8539 -0.052 0.4415 0.5891 4.3291 0.0227 0.0227 0.3273 0 0
70 113 1160 0 0 0 0 0 1.0004 0 0.9656 0.0102 0.198 0.2641 1.6736 0.845 0.0943 0.476 0.7143 4.572 0.1039 0.1039 0.2897 0 0
70 114 702 0 0 0 0 0 1.0011 0 0.9823 0.0544 0.1751 0.2101 1.9938 0.8424 0.074 0.4649 0.6041 4.4205 -0.0209 0.0209 0.3496 0 0
70 115 695 0 0 0 0 0 1.0003 0 0.9695 -0.2341 0.2763 0.3381 1.7842 0.8616 -0.2102 0.4677 0.6122 4.3148 0.0077 0.0077 0.3309 0 0
70 116 689 1 0 0 0 0 1.0005 0 0.9713 0.1532 0.2199 0.3072 2.51 0.8414 0.047 0.4858 0.6357 4.3677 -0.0461 0.0461 0.3985 1 0
70 117 720 0 0 0 0 0 1.0009 0 0.9711 0.0147 0.2413 0.2921 1.9665 0.8772 0.003 0.4368 0.5837 4.3274 0 0 0.3459 0 0
70 118 696 0 0 0 0 0 1.0002 0 0.9234 -0.2243 0.3546 0.5625 2.6731 0.8385 -0.0592 0.4516 0.6141 4.2898 -0.089 0.089 0.3834 0 0
70 119 714 0 0 0 0 0 1.0003 0 0.9267 0.092 0.2888 0.3593 1.4234 0.8847 0.014 0.4398 0.5661 4.3105 0.0129 0.0129 0.3222 0 0
70 120 705 0 0 0 0 0 1.0004 0 0.9653 0.0998 0.2132 0.267 1.6132 0.8455 0.0155 0.4746 0.6311 4.2515 -0.0385 0.0385 0.3202 0 0
70 121 713 0 0 0 0 0 1.0002 0 0.9651 0.081 0.2359 0.2872 1.428 0.8497 -0.0375 0.4847 0.6594 4.3133 -0.0528 0.0528 0.3407 0 0
70 122 669 0 0 0 0 0 1.0014 0 0.9567 -0.2116 0.315 0.3937 2.0853 0.8137 -0.1517 0.5148 0.6794 4.2763 -0.0562 0.0562 0.3885 0 0
70 123 712 0 0 0 0 0 1.0004 0 0.9323 -0.2151 0.3369 0.4728 2.0028 0.8494 -0.129 0.454 0.59 4.3227 -0.0092 0.0092 0.3706 0 0
70 124 827 0 0 0 0 0 1.0006 0 0.9738 0.0717 0.285 0.3564 2.2924 0.8457 0.0209 0.4752 0.657 4.2868 -0.0256 0.0256 0.3389 0 0
70 125 666 0 0 0 0 0 1.0006 0 0.9847 -0.0442 0.1558 0.1881 1.7947 0.8406 -0.0859 0.4181 0.5272 4.0816 -0.2461 0.2461 0.4162 0 0
70 126 704 0 0 0 0 0 1.0002 0 0.9792 0.0756 0.1949 0.259 2.2745 0.8328 0.046 0.4269 0.5509 4.3539 -0.0893 0.0893 0.3591 0 0
70 127 681 0 0 0 0 0 1.0002 0 0.9437 -0.2461 0.2957 0.3819 1.7331 0.8321 -0.1853 0.4759 0.6273 4.2288 -0.0565 0.0565 0.345 0 0
70 128 665 0 0 0 0 0 1.0011 0 0.9773 0.0775 0.2659 0.336 2.256 0.8222 -0.0775 0.4677 0.6502 4.304 -0.055 0.055 0.3547 0 0
70 129 773 0 0 0 0 0 1.0002 0 0.9673 0.0696 0.2184 0.2763 2.0827 0.8539 0.0375 0.4244 0.5843 4.3839 -7e-04 7e-04 0.3251 0 0
70 130 857 0 0 0 0 0 1.0003 0 0.961 -0.0078 0.2869 0.3219 1.5666 0.8605 -0.0541 0.4779 0.6638 4.3349 0.0444 0.0444 0.3128 0 0
70 131 725 0 0 0 0 0 1.0004 0 0.9444 -0.3669 0.4207 0.5358 1.8397 0.8523 -0.2873 0.5213 0.6841 4.311 -0.0241 0.0241 0.3845 0 0
70 132 1302 14 0 0 0 0 1.0006 0 0.9213 0.4174 0.4519 0.6258 2.7613 0.8343 0.2745 0.5446 0.7255 4.9525 0.1454 0.1454 0.3289 1 0
70 133 802 0 0 0 0 0 1.0007 0 0.9434 0.0777 0.2764 0.3409 1.7543 0.8386 0.0652 0.4859 0.6389 4.5964 0.0285 0.0285 0.3336 0 0
70 134 729 0 0 0 0 0 1.0002 0 0.9715 0.3057 0.3408 0.45 2.0092 0.8497 0.2418 0.4834 0.6318 4.3682 -0.0496 0.0496 0.3762 0 0
70 135 652 0 0 0 0 0 1.0003 0 0.9668 -0.0182 0.2404 0.3746 2.63 0.8305 -0.01 0.4462 0.611 4.3079 -0.0604 0.0604 0.347 0 0
70 136 696 0 0 0 0 0 1.0003 0 0.9298 0.3405 0.371 0.5789 2.8304 0.8515 0.3393 0.4969 0.6494 4.3697 -0.0781 0.0781 0.3634 0 0
70 137 715 0 0 0 0 0 1.0017 0 0.9666 0.1386 0.2984 0.4082 2.2657 0.8467 0.0778 0.4624 0.6045 4.4494 -0.0283 0.0283 0.3435 0 0
70 138 688 0 0 0 0 0 1.0011 0 0.9803 0.1413 0.2019 0.281 1.9923 0.8555 0.0986 0.4283 0.5672 4.2453 -0.1098 0.1098 0.3992 0 0
70 139 709 0 0 0 0 0 1.0004 0 0.9759 -0.008 0.2704 0.3266 2.1932 0.869 0.005 0.4587 0.626 4.303 -0.0451 0.0451 0.3543 0 0
70 140 769 0 0 0 0 0 1.0007 0 0.949 0.1601 0.2931 0.3973 2.0221 0.842 0.0831 0.4245 0.6075 4.5123 0.036 0.036 0.3477 0 0
70 141 696 0 0 0 0 0 1.0002 0 0.9643 -0.2822 0.3236 0.3859 1.9311 0.8157 -0.1726 0.5069 0.6935 4.2718 -0.1212 0.1212 0.3812 0 0
70 142 634 1 0 0 0 0 1.0006 0 0.9463 -0.2711 0.3753 0.54 2.5945 0.7758 -0.1548 0.5546 0.7465 4.4407 -0.0244 0.0244 0.3865 1 0
70 143 904 3 0 0 0 0 1.0005 0 0.9619 -0.1182 0.3217 0.4199 2.2926 0.8681 -0.2337 0.4631 0.6155 4.4796 0.0366 0.0366 0.3662 1 0
70 144 661 0 0 0 0 0 1.0005 0 0.9518 0.061 0.2907 0.3744 2.0622 0.7985 0.0562 0.4995 0.6995 4.2429 -0.1354 0.1354 0.387 0 0
70 145 704 0 0 0 0 0 1.0006 0 0.9288 -0.021 0.2426 0.3053 1.4426 0.8621 -0.0116 0.4287 0.6115 4.3152 -0.0438 0.0438 0.3157 0 0
70 146 679 0 0 0 0 0 1.0003 0 0.9482 0.3443 0.3984 0.5024 1.9528 0.8257 0.2663 0.5372 0.7384 4.2437 -0.0766 0.0766 0.3732 0 0
70 147 684 0 0 0 0 0 1.0017 0 0.9277 -0.4343 0.4796 0.6038 2.3964 0.8415 -0.2125 0.4906 0.6166 4.2457 -0.1032 0.1032 0.4031 0 0
70 148 1075 0 0 0 0 0 1.0004 0 0.9493 0.2098 0.2794 0.3841 1.9078 0.8809 0.2422 0.4848 0.64 4.4948 0.0868 0.0868 0.2946 0 0
70 149 685 0 0 0 0 0 1.0001 0 0.9644 -0.1975 0.3254 0.4509 2.1187 0.8349 -0.1429 0.5139 0.7018 4.1189 -0.173 0.173 0.4309 0 0
70 150 692 0 0 0 0 0 1.0002 0 0.9662 -0.088 0.3399 0.4433 2.1881 0.8319 -0.0664 0.4856 0.6492 4.2672 -0.0625 0.0625 0.3609 0 0
70 151 758 0 0 0 0 0 1.0005 0 0.9827 0.071 0.236 0.3071 1.8708 0.8768 -0.0769 0.44 0.5748 4.5584 0.0437 0.0437 0.3246 0 0
70 152 696 0 0 0 0 0 1.0001 0 0.9729 0.0476 0.1841 0.2467 1.536 0.8541 0.0461 0.4084 0.5504 4.2342 -0.0679 0.0679 0.3434 0 0
70 153 911 1 0 0 0 0 1.0005 0 0.9506 0.542 0.5467 0.7047 2.4836 0.8753 0.3936 0.5985 0.7713 4.3353 0.0776 0.0776 0.3465 1 0
70 154 1375 0 0 0 0 0 1.0003 0 0.9472 0.3616 0.3843 0.552 2.6387 0.8962 0.2856 0.5033 0.6383 4.3743 0.1573 0.1573 0.2957 0 0
70 155 813 0 0 0 0 0 1.0009 0 0.9591 0.3709 0.4111 0.4949 2.1303 0.8302 0.2084 0.5713 0.7732 4.6951 0.0462 0.0462 0.3304 0 0
70 156 760 0 0 0 0 0 1.001 0 0.9906 0.1327 0.2137 0.2605 1.8117 0.8647 0.0866 0.4801 0.6143 4.3307 0.0473 0.0473 0.3271 0 0
70 157 1105 0 0 0 0 0 1.0008 0 0.9819 0.3795 0.4182 0.5183 2.879 0.8507 0.2456 0.5355 0.6844 4.015 0.1103 0.1103 0.3086 0 0
70 158 725 1 0 0 0 0 1.0004 0 0.9529 -0.5469 0.563 0.6807 2.3773 0.7775 -0.2812 0.6003 0.7632 4.6202 0.0605 0.0605 0.3407 1 0
70 159 804 0 0 0 0 0 1.001 0 0.9363 -0.1251 0.3051 0.4406 2.1284 0.8875 -0.0343 0.4307 0.5703 4.3674 0.0621 0.0621 0.3312 0 0
70 160 652 0 0 0 0 0 1.0012 0 0.9862 0.1458 0.2026 0.2457 2.1635 0.8321 0.1424 0.4656 0.6201 4.3116 -0.0853 0.0853 0.4166 0 0
70 161 687 0 0 0 0 0 1.0002 0 0.9801 -0.2002 0.3073 0.4053 2.1148 0.8157 -0.086 0.4625 0.6144 4.2655 -0.0167 0.0167 0.3531 0 0
70 162 687 0 0 0 0 0 1.0002 0 0.9599 -0.0297 0.2193 0.2865 1.9809 0.8321 -0.0547 0.4326 0.5548 4.1975 -0.1488 0.1488 0.3929 0 0
70 163 739 0 0 0 0 0 1.0009 0 0.9424 -0.3331 0.354 0.4464 1.8299 0.8701 -0.3011 0.5105 0.6468 4.3045 -4e-04 4e-04 0.3355 0 0
70 164 762 0 0 0 0 0 1.0004 0 0.9609 -0.0949 0.2812 0.371 1.9857 0.8623 0.0121 0.4662 0.6101 4.5163 7e-04 7e-04 0.3388 0 0
70 165 800 0 0 0 0 0 1.0014 0 0.9515 -0.2022 0.3421 0.4359 2.332 0.8236 -0.1366 0.4918 0.7136 4.416 -0.0072 0.0072 0.3574 0 0
70 166 618 0 0 0 0 0 1.0007 0 0.9713 -0.1891 0.2593 0.3302 2.0193 0.783 -0.1948 0.5013 0.67 4.1297 -0.2043 0.2043 0.4308 0 0
70 167 665 0 0 0 0 0 1.001 0 0.9261 0.3389 0.4343 0.7139 2.9466 0.8401 0.0535 0.4436 0.5732 4.1674 -0.2012 0.2012 0.413 0 0
70 168 757 0 0 0 0 0 1.0002 0 0.9735 0.2359 0.3314 0.4944 2.6309 0.8395 0.1074 0.478 0.6503 4.3465 0.0278 0.0278 0.2968 0 0
70 169 832 0 0 0 0 0 1.0003 0 0.9656 -0.1451 0.2767 0.3128 1.9055 0.8418 -0.2223 0.4513 0.6232 4.5122 0.0414 0.0414 0.3253 0 0
70 170 829 2 0 0 0 0 1.0007 0 0.9437 -0.4838 0.5119 0.707 2.9306 0.8466 -0.3612 0.5382 0.6984 4.0563 0.0342 0.0342 0.3674 1 0
70 171 722 0 0 0 0 0 1.0002 0 0.9722 -0.1445 0.2376 0.3225 2.1932 0.8685 -0.1407 0.4203 0.5616 4.5183 -0.013 0.013 0.3682 0 0
70 172 699 0 0 0 0 0 1.0008 0 0.9235 -0.2619 0.3474 0.4726 1.8023 0.8527 -0.159 0.5037 0.6738 4.3918 -0.0562 0.0562 0.327 0 0
70 173 710 0 0 0 0 0 1.0007 0 0.9451 0.045 0.3823 0.5058 2.7386 0.8748 0.0915 0.4571 0.6265 4.4027 0.0293 0.0293 0.3131 0 0
70 174 700 0 0 0 0 0 1.0006 0 0.9878 0.0424 0.1799 0.2483 2.3884 0.8587 0.104 0.4184 0.5798 4.4185 -0.0027 0.0027 0.3672 0 0
70 175 760 0 0 0 0 0 1.0001 0 0.9258 0.4814 0.5181 0.7678 3.0693 0.8402 0.2029 0.475 0.626 4.1714 0.0329 0.0329 0.3332 0 0
70 176 612 0 0 0 0 0 1.0003 0 0.9426 -0.3217 0.4084 0.5001 1.9472 0.8229 -0.3296 0.5852 0.7876 4.4479 -0.0328 0.0328 0.3512 0 0
70 177 676 0 0 0 0 0 1.0005 0 0.9618 0.2071 0.295 0.3944 1.9946 0.8134 0.1497 0.4989 0.6893 4.0964 -0.1296 0.1296 0.3902 0 0
70 178 1098 0 0 0 0 0 1.0004 0 0.9609 -0.1145 0.2487 0.3167 1.9598 0.8389 -0.0913 0.4933 0.6529 4.4003 0.0618 0.0618 0.3529 0 0
70 179 683 0 0 0 0 0 1.0006 0 0.9487 -0.0949 0.3671 0.4861 2.401 0.8703 -0.1874 0.4609 0.5934 4.3702 0.0655 0.0655 0.334 0 0
70 180 848 0 0 0 0 0 1.0005 0 0.961 -0.0367 0.1893 0.232 1.5396 0.8161 -0.0148 0.5221 0.6954 4.5652 0.0616 0.0616 0.299 0 0
70 181 835 32 0 0 0 0 1.0004 0 0.9189 -0.4271 0.4484 0.6587 3.0225 0.8101 -0.4073 0.5536 0.7422 4.6664 4e-04 4e-04 0.462 1 0
70 182 680 0 0 0 0 0 1.0007 0 0.9597 0.1499 0.2762 0.389 2.364 0.8482 0.1565 0.4666 0.622 4.2801 -0.0228 0.0228 0.333 0 0
70 183 677 0 0 0 0 0 1.0009 0 0.9649 0.155 0.2861 0.3638 2.0506 0.8308 0.1795 0.4959 0.6454 4.2682 -0.1337 0.1337 0.3936 0 0
70 184 765 0 0 0 0 0 1.0006 0 0.959 -0.07 0.2149 0.3082 1.7205 0.865 -0.1123 0.4606 0.6322 4.7909 0.0663 0.0663 0.2909 0 0
70 185 1089 0 0 0 0 0 1.0004 0 0.9691 -0.0422 0.2447 0.326 2.0103 0.8776 -0.0801 0.4754 0.6273 4.4437 0.0901 0.0901 0.3082 0 0
70 186 679 0 0 0 0 0 1.0006 0 0.9361 0.0824 0.3426 0.5011 2.4835 0.8728 0.0912 0.4481 0.5908 4.5798 0.0283 0.0283 0.3411 0 0
70 187 703 0 0 0 0 0 1.0004 0 0.9793 0.0531 0.2206 0.2826 2.1743 0.803 0.1078 0.5103 0.6885 4.321 0.0126 0.0126 0.3455 0 0
70 188 664 0 0 0 0 0 1.0005 0 0.9654 0.3091 0.3588 0.4534 2.288 0.8197 0.276 0.5413 0.736 4.3909 -0.0512 0.0512 0.3696 0 0
70 189 721 0 0 0 0 0 1.0007 0 0.9487 0.2413 0.332 0.4085 1.6613 0.8493 0.1245 0.4727 0.6042 4.2875 -0.0378 0.0378 0.3388 0 0
70 190 688 0 0 0 0 0 1.0005 0 0.9295 -0.0909 0.2919 0.4476 2.5079 0.8085 0.058 0.5155 0.7194 4.3026 -0.0325 0.0325 0.3625 0 0
70 191 713 0 0 0 0 0 1.0002 0 0.9425 0.0315 0.2219 0.29 1.6398 0.8538 0.0523 0.4235 0.5631 4.2837 -0.0576 0.0576 0.3311 0 0
70 192 613 0 0 0 0 0 1.0006 0 0.951 0.1347 0.2578 0.3204 1.9873 0.8446 0.0471 0.4277 0.5771 4.2482 -0.1105 0.1105 0.4209 0 0
70 193 1201 0 0 0 0 0 1.0002 0 0.9529 -0.0981 0.2653 0.361 1.7511 0.8545 -0.1081 0.5238 0.6922 4.4051 0.0948 0.0948 0.2926 0 0
70 194 686 0 0 0 0 0 1.0011 0 0.9596 0.101 0.2584 0.3813 2.1851 0.8144 0.0706 0.4318 0.6424 4.2391 -0.0759 0.0759 0.3858 0 0
70 195 931 0 0 0 0 0 1.0004 0 0.9428 0.083 0.3345 0.4345 2.0815 0.887 0.048 0.4179 0.5793 3.936 0.0086 0.0086 0.3026 0 0
70 196 860 0 0 0 0 0 1.0003 0 0.9699 -0.2561 0.2992 0.3706 1.7351 0.8942 -0.1629 0.4466 0.5891 4.3061 0.0349 0.0349 0.3056 0 0
70 197 986 0 0 0 0 0 1.0017 0 0.9606 0.0606 0.2388 0.3177 2.103 0.8255 0.0722 0.4949 0.6674 4.3851 0.0016 0.0016 0.3712 0 0
70 198 875 1 0 0 0 0 1.0003 0 0.9488 0.4004 0.4334 0.5154 2.0904 0.8588 0.2034 0.4876 0.6305 4.4611 0.0238 0.0238 0.3514 1 0
70 199 828 0 0 0 0 0 1.0006 0 0.971 0.1351 0.2284 0.3047 2.3247 0.8841 0.1313 0.4397 0.584 4.015 0.0212 0.0212 0.3185 0 0
70 200 677 0 0 0 0 0 1.0004 0 0.9618 -0.2103 0.3277 0.4232 2.5115 0.8469 -0.1077 0.4715 0.6281 4.0536 -0.0863 0.0863 0.3733 0 0
70 201 830 0 0 0 0 0 1.0004 0 0.9689 -0.0169 0.2145 0.2785 2.4749 0.8691 -0.0669 0.4208 0.558 4.4632 0.0523 0.0523 0.3532 0 0
70 202 969 0 0 0 0 0 1.0006 0 0.9556 0.0868 0.3014 0.4013 2.785 0.8506 0.044 0.5138 0.6991 4.5847 0.1167 0.1167 0.2828 0 0
70 203 670 0 0 0 0 0 1.0012 0 0.9144 -0.0824 0.3867 0.5713 2.5595 0.8079 0.1793 0.5 0.6597 4.0732 -0.2563 0.2563 0.4727 0 0
70 204 715 0 0 0 0 0 1.0008 0 0.9552 0.1207 0.2893 0.3506 1.8866 0.8452 0.1191 0.443 0.6107 4.2504 -0.1046 0.1046 0.3743 0 0
70 205 660 0 0 0 0 0 1.0006 0 0.9483 0.3253 0.4033 0.5748 2.7234 0.8207 0.1499 0.4789 0.6265 4.4884 -0.0801 0.0801 0.3974 0 0
70 206 727 0 0 0 0 0 1.0008 0 0.9629 0.3759 0.3887 0.4739 2.2603 0.8472 0.3264 0.4754 0.6158 4.1708 -0.1007 0.1007 0.3907 0 0
70 207 651 0 0 0 0 0 1.001 0 0.9258 0.049 0.3861 0.5334 2.7552 0.813 0.065 0.4509 0.6253 4.1922 -0.1862 0.1862 0.4649 0 0
70 208 794 0 0 0 0 0 1.0006 0 0.9434 6e-04 0.3675 0.5147 2.8463 0.8281 0.0172 0.4345 0.6045 4.3274 0.0047 0.0047 0.3439 0 0
70 209 701 0 0 0 0 0 1.0002 0 0.958 -0.415 0.445 0.5813 2.7712 0.8179 -0.242 0.5332 0.6992 4.3351 -0.0564 0.0564 0.3747 0 0
70 210 665 0 0 0 0 0 1.0008 0 0.9686 -0.2437 0.2717 0.3376 1.8496 0.8573 -0.2134 0.4593 0.5987 4.3263 -0.0121 0.0121 0.3449 0 0
70 211 711 0 0 0 0 0 1.0005 0 0.9552 -0.1802 0.3689 0.4713 2.418 0.8013 -0.0387 0.5369 0.7145 4.5658 -0.0103 0.0103 0.4145 0 0
70 212 681 0 0 0 0 0 1.0003 0 0.9597 0.2879 0.3221 0.4157 1.8598 0.8277 0.2278 0.5113 0.6901 4.1599 -0.1861 0.1861 0.3963 0 0
70 213 656 0 0 0 0 0 1.0008 0 0.957 -0.1131 0.2684 0.3353 1.9135 0.8585 -0.1177 0.4245 0.548 4.319 -0.081 0.081 0.3995 0 0
70 214 721 0 0 0 0 0 1.0018 0 0.9467 -0.4529 0.4578 0.61 2.473 0.8432 -0.2179 0.4822 0.6139 4.1588 -0.1609 0.1609 0.4558 0 0
70 215 675 0 0 0 0 0 1.0003 0 0.9809 -0.1322 0.2234 0.2861 2.4866 0.8105 -0.1043 0.475 0.6215 4.2487 -0.0653 0.0653 0.3799 0 0
70 216 789 0 0 0 0 0 1.0006 0 0.9544 0.1572 0.3014 0.5254 2.5085 0.8658 0.004 0.4568 0.5876 4.428 0.0438 0.0438 0.3176 0 0
70 217 716 0 0 0 0 0 1.0004 0 0.9408 -0.0901 0.3174 0.4029 1.9783 0.8635 -0.0164 0.4192 0.5649 4.1986 -0.0668 0.0668 0.3844 0 0
70 218 1102 0 0 0 0 0 1.0002 0 0.9654 -0.23 0.3307 0.4746 2.3873 0.8783 -0.2571 0.501 0.6512 4.4442 0.0817 0.0817 0.3148 0 0
70 219 705 0 0 0 0 0 1.0025 0 0.9506 0.188 0.409 0.5528 2.2743 0.8561 0.1085 0.4989 0.6793 4.3294 -0.014 0.014 0.3433 0 0
70 220 826 1 0 0 0 0 1.0002 0 0.9661 -0.3853 0.4105 0.5145 2.1991 0.7989 -0.1679 0.5418 0.7122 4.605 0.0309 0.0309 0.3621 1 0
70 221 659 0 0 0 0 0 1.0005 0 0.9065 0.5725 0.613 0.7239 2.0326 0.8624 0.3476 0.5583 0.6977 4.3464 -0.0503 0.0503 0.3439 0 0
70 222 1043 0 0 0 0 0 1.0003 0 0.9751 0.2093 0.2584 0.315 1.5922 0.8939 0.1912 0.4674 0.6033 4.4945 0.0801 0.0801 0.2886 0 0
70 223 742 0 0 0 0 0 1.0006 0 0.9606 -0.0718 0.2839 0.391 2.5666 0.8067 -0.1146 0.4608 0.6352 4.3794 -0.0235 0.0235 0.3441 0 0
70 224 776 0 0 0 0 0 1.0017 0 0.9409 0.0857 0.2254 0.3365 2.0261 0.8835 0.003 0.4389 0.5715 4.3895 -0.0218 0.0218 0.3298 0 0
70 225 937 0 0 0 0 0 1.0002 0 0.9636 -0.0202 0.215 0.2558 2.0544 0.8397 -0.0237 0.4892 0.6602 4.5908 0.0268 0.0268 0.3184 0 0
70 226 675 0 0 0 0 0 1.0003 0 0.9667 0.0156 0.3768 0.5069 2.8466 0.8526 0.0845 0.4598 0.6006 4.2676 -0.0737 0.0737 0.4119 0 0
70 227 663 0 0 0 0 0 1.0006 0 0.9372 0.0708 0.3187 0.4867 2.4807 0.8128 -0.0205 0.4537 0.6057 4.2359 -0.1301 0.1301 0.4015 0 0
70 228 1324 11 0 0 0 0 1.0003 0 0.9083 -0.3979 0.5099 0.6928 2.5792 0.8176 -0.3065 0.5527 0.761 4.6418 0.1608 0.1608 0.3346 1 0
70 229 847 0 0 0 0 0 1.0002 0 0.96 -0.319 0.3432 0.4538 1.718 0.7934 -0.3852 0.5588 0.7743 4.3256 -0.0181 0.0181 0.3344 0 0
70 230 710 0 0 0 0 0 1.0012 0 0.9698 -0.3121 0.3658 0.4648 1.6755 0.8504 -0.2702 0.5483 0.6909 4.2624 -0.1027 0.1027 0.3819 0 0
70 231 903 0 0 0 0 0 1.0007 0 0.9648 -0.1309 0.3051 0.3426 2.3411 0.8805 -0.1814 0.4531 0.6083 4.6459 0.1165 0.1165 0.2874 0 0
70 232 756 0 0 0 0 0 1.0002 0 0.9513 -0.3733 0.3872 0.4459 1.6591 0.8404 -0.2711 0.5268 0.6759 4.4175 0.0453 0.0453 0.307 0 0
70 233 668 0 0 0 0 0 1.0004 0 0.9813 0.1889 0.2522 0.2862 1.6601 0.8308 0.2163 0.4934 0.6429 4.3906 -0.0287 0.0287 0.3401 0 0
70 234 703 3 0 0 0 0 1.0008 0 0.9729 0.2411 0.2798 0.391 2.5514 0.846 0.1116 0.455 0.599 4.297 -0.0456 0.0456 0.4043 1 0
70 235 842 0 0 0 0 0 1.0014 0 0.959 -0.231 0.2899 0.3466 1.4915 0.8708 -0.1988 0.4419 0.6099 4.5131 0.0198 0.0198 0.3224 0 0
70 236 683 0 0 0 0 0 1.0024 0 0.9321 0.264 0.3664 0.4634 2.6259 0.8257 0.106 0.4954 0.6644 4.243 -0.1002 0.1002 0.4065 0 0
70 237 711 0 0 0 0 0 1.0004 0 0.9658 -0.0643 0.241 0.2882 1.5288 0.8298 0.0176 0.4501 0.6118 4.2223 -0.0661 0.0661 0.3421 0 0
70 238 678 0 0 0 0 0 1.0006 0 0.9751 -0.3651 0.3766 0.4472 1.9258 0.8532 -0.3171 0.5005 0.6583 4.3355 0.008 0.008 0.3298 0 0
70 239 713 0 0 0 0 0 1.0013 0 0.9683 -0.04 0.2397 0.3203 1.9997 0.8818 0.0503 0.3986 0.5481 4.4569 -0.0116 0.0116 0.3589 0 0
70 240 677 0 0 0 0 0 1.0002 0 0.953 0.0612 0.3504 0.473 2.2008 0.7844 0.1435 0.5136 0.6907 4.1406 -0.2092 0.2092 0.3885 0 0
70 241 687 0 0 0 0 0 1.0011 0 0.9637 0.1033 0.2466 0.4067 2.4635 0.8223 -0.0224 0.4654 0.6296 4.2603 -0.1183 0.1183 0.3783 0 0
70 242 669 0 0 0 0 0 1.0001 0 0.9565 -0.0762 0.2673 0.334 2.2098 0.8091 -0.1044 0.4613 0.6346 4.2768 -0.0769 0.0769 0.3587 0 0
70 243 958 0 0 0 0 0 1.0008 0 0.9706 0.1067 0.1668 0.2281 1.5135 0.8278 0.0049 0.4641 0.6316 4.2841 0.004 0.004 0.3378 0 0
70 244 721 0 0 0 0 0 1.0003 0 0.9336 0.1901 0.3174 0.39 1.5673 0.8498 0.1654 0.4374 0.5885 4.3664 0.0026 0.0026 0.3238 0 0
70 245 641 0 0 0 0 0 1.0003 0 0.9654 -0.1314 0.2685 0.3444 2.1953 0.7639 -0.064 0.5265 0.7512 4.3848 -0.0321 0.0321 0.3566 0 0
70 246 673 0 0 0 0 0 1.0004 0 0.9652 0.007 0.2995 0.4502 2.5475 0.813 0.0089 0.4725 0.6649 4.2629 -0.1067 0.1067 0.368 0 0
70 247 921 0 0 0 0 0 1.0002 0 0.9702 0.1647 0.3297 0.4131 2.4185 0.8706 0.0412 0.4388 0.5897 4.3288 0.0316 0.0316 0.343 0 0
70 248 610 0 0 0 0 0 1.0006 0 0.9515 0.3118 0.3353 0.455 2.2011 0.7207 0.2167 0.5941 0.7914 4.2589 -0.1522 0.1522 0.4155 0 0
70 249 664 0 0 0 0 0 1.0004 0 0.9442 0.2038 0.3862 0.5799 2.9514 0.7861 0.0781 0.4385 0.586 4.0343 -0.254 0.254 0.4582 0 0
70 250 1257 0 0 0 0 0 1.0003 0 0.9397 -0.0708 0.2922 0.3933 1.7912 0.8555 0.0021 0.4595 0.6476 4.5981 0.1376 0.1376 0.2713 0 0
70 251 673 0 0 0 0 0 1.0002 0 0.9851 0.0821 0.217 0.2559 2.2415 0.8169 0.1278 0.4523 0.6249 4.1555 -0.1827 0.1827 0.3872 0 0
70 252 1077 0 0 0 0 0 1.0005 0 0.9568 -0.1373 0.2787 0.359 1.6254 0.8849 -0.1135 0.4593 0.6167 4.4219 0.0685 0.0685 0.2968 0 0
70 253 694 0 0 0 0 0 1.0009 0 0.9697 -0.1171 0.2278 0.2731 1.9735 0.8202 -0.092 0.4813 0.6397 4.443 -0.0407 0.0407 0.3545 0 0
70 254 842 0 0 0 0 0 1.0003 0 0.9623 0.074 0.2147 0.3253 2.1015 0.863 0.0351 0.4348 0.5921 4.6618 0.0442 0.0442 0.3162 0 0
70 255 691 0 0 0 0 0 1.0001 0 0.9541 -0.044 0.3415 0.5366 2.796 0.8673 0.0029 0.459 0.6197 4.2819 -0.0088 0.0088 0.3054 0 0
70 256 882 0 0 0 0 0 1.0009 0 0.944 0.0252 0.216 0.2879 1.5351 0.8614 -0.0166 0.4196 0.5498 4.3191 2e-04 2e-04 0.3094 0 0
70 257 922 0 0 0 0 0 1.0003 0 0.9405 -0.2997 0.3873 0.5802 2.4334 0.8881 -0.1509 0.451 0.5858 4.2956 0.0398 0.0398 0.3369 0 0
70 258 664 0 0 0 0 0 1.0005 0 0.9604 -0.2052 0.3909 0.4905 2.5967 0.8115 -0.1943 0.5051 0.6547 4.0801 -0.1714 0.1714 0.4342 0 0
70 259 714 0 0 0 0 0 1.0004 0 0.9466 0.0242 0.2287 0.2943 1.7566 0.8429 0.0135 0.4567 0.625 4.0756 0.03 0.03 0.319 0 0
70 260 687 0 0 0 0 0 1.0002 0 0.9648 0.0091 0.3113 0.3641 2.1671 0.8455 -0.0374 0.4155 0.5622 4.3296 -0.0351 0.0351 0.3291 0 0
70 261 811 0 0 0 0 0 1.0003 0 0.9498 0.0571 0.3038 0.3882 2.2269 0.8523 -0.0343 0.4804 0.6493 4.3543 -0.0127 0.0127 0.3491 0 0
70 262 705 0 0 0 0 0 1.0011 0 0.9645 -0.0125 0.3156 0.4432 2.6891 0.8742 -0.0824 0.4348 0.5771 4.3218 -0.0326 0.0326 0.3519 0 0
70 263 1042 0 0 0 0 0 1.0004 0 0.9641 -0.0294 0.2701 0.3279 1.8362 0.8419 -0.0361 0.4813 0.6315 4.4933 0.0765 0.0765 0.316 0 0
70 264 710 0 0 0 0 0 1.0006 0 0.9577 -0.0347 0.2621 0.369 2.1216 0.8759 -0.0596 0.4196 0.5504 4.1688 -0.0465 0.0465 0.362 0 0
70 265 678 0 0 0 0 0 1.0006 0 0.9371 -0.3527 0.4106 0.5721 2.4513 0.8539 -0.1831 0.4991 0.6307 4.3966 -0.0786 0.0786 0.3655 0 0
70 266 715 0 0 0 0 0 1.0008 0 0.9661 -0.0028 0.2873 0.399 2.5078 0.8787 -0.0117 0.4562 0.589 4.309 -0.0727 0.0727 0.3438 0 0
70 267 677 0 0 0 0 0 1.0003 0 0.9832 0.248 0.2919 0.3456 2.2643 0.8605 0.1749 0.4027 0.5404 4.1626 -0.1934 0.1934 0.3991 0 0
70 268 1075 0 0 0 0 0 1.0008 0 0.9682 0.2982 0.3699 0.4553 2.1436 0.8712 0.1969 0.5275 0.6827 4.5971 0.1014 0.1014 0.2999 0 0
70 269 766 0 0 0 0 0 1.0003 0 0.9827 0.0205 0.1902 0.2305 2.0398 0.85 0.1047 0.4435 0.6226 4.4526 0.1035 0.1035 0.302 0 0
70 270 801 0 0 0 0 0 1.0002 0 0.9541 0.179 0.2403 0.3196 1.6622 0.8663 0.1543 0.4319 0.5799 4.347 0.036 0.036 0.3133 0 0
70 271 1036 0 0 0 0 0 1.0007 0 0.9554 0.3074 0.3709 0.4809 1.8501 0.8348 0.2784 0.5105 0.659 4.3059 0.0222 0.0222 0.3288 0 0
70 272 796 0 0 0 0 0 1.0007 0 0.9245 -0.1181 0.2991 0.3576 1.6649 0.8306 -0.0278 0.4531 0.6357 4.264 -0.0368 0.0368 0.3546 0 0
70 273 665 0 0 0 0 0 1.0003 0 0.9351 0.0927 0.2683 0.3721 2.0455 0.8109 0.0943 0.4584 0.6528 4.1996 -0.1169 0.1169 0.3885 0 0
70 274 806 0 0 0 0 0 1.0003 0 0.9695 0.0183 0.2296 0.292 2.25 0.8456 -0.0424 0.4579 0.6323 4.5981 0.0664 0.0664 0.3146 0 0
70 275 691 0 0 0 0 0 1.0002 0 0.9265 0.2686 0.4258 0.5681 2.6793 0.8664 0.3278 0.512 0.6245 4.1636 -0.1199 0.1199 0.3966 0 0
70 276 739 129 0 0 0 0 1.0012 0 0.9702 0.0302 0.2069 0.2473 2.3573 0.782 -0.0263 0.5109 0.7143 4.4868 0.0264 0.0264 0.4081 1 0
70 277 675 0 0 0 0 0 1.0003 0 0.9655 0.4065 0.4274 0.5382 2.497 0.8003 0.2764 0.5647 0.7451 4.3066 -0.0837 0.0837 0.3973 0 0
70 278 670 0 0 0 0 0 1.0006 0 0.9565 0.221 0.2473 0.3305 2.0499 0.8158 0.1591 0.5103 0.6752 4.3483 -0.0711 0.0711 0.3668 0 0
70 279 785 0 0 0 0 0 1.0005 0 0.9838 -0.0017 0.1697 0.2328 1.8413 0.8094 -0.1489 0.4873 0.6785 4.559 0.0165 0.0165 0.3406 0 0
70 280 678 0 0 0 0 0 1.0004 0 0.9561 0.0282 0.2802 0.3391 2.0703 0.8383 -0.1035 0.4807 0.658 4.1182 -0.097 0.097 0.3543 0 0
70 281 683 0 0 0 0 0 1.0004 0 0.9148 0.3713 0.4782 0.8695 3.0441 0.8308 0.1265 0.4652 0.6468 4.3242 -0.0723 0.0723 0.3524 0 0
70 282 805 0 0 0 0 0 1.0008 0 0.9263 0.4893 0.5008 0.603 1.6414 0.8656 0.3817 0.546 0.6848 4.4155 0.0251 0.0251 0.32 0 0
70 283 666 0 0 0 0 0 1.0009 0 0.9784 -0.1775 0.2521 0.3221 2.2184 0.7746 -0.118 0.5121 0.6923 4.0964 -0.2117 0.2117 0.422 0 0
70 284 976 0 0 0 0 0 1.0004 0 0.9678 -0.0701 0.2339 0.277 1.5264 0.8669 -0.0968 0.4809 0.6457 4.4543 0.0309 0.0309 0.3063 0 0
70 285 680 0 0 0 0 0 1.0002 0 0.9759 0.1222 0.2735 0.3257 2.4695 0.8501 0.0201 0.4498 0.6006 4.2582 -0.0299 0.0299 0.3444 0 0
70 286 651 0 0 0 0 0 1.0002 0 0.9637 0.143 0.2691 0.3564 1.8135 0.7788 0.1351 0.4624 0.6481 4.1246 -0.1928 0.1928 0.4172 0 0
70 287 712 0 0 0 0 0 1.0004 0 0.9553 0.2605 0.3267 0.4328 1.9454 0.8795 0.1732 0.4393 0.576 4.3356 -0.0183 0.0183 0.3308 0 0
70 288 713 0 0 0 0 0 1.0004 0 0.9419 0.1256 0.2874 0.3669 1.5033 0.8653 0.0554 0.4741 0.6208 4.5331 0.0395 0.0395 0.2999 0 0
70 289 680 0 0 0 0 0 1.0013 0 0.9301 -0.1309 0.3236 0.3889 2.4724 0.8308 0.0295 0.4683 0.6471 4.2608 -0.0602 0.0602 0.3718 0 0
70 290 729 0 0 0 0 0 1.0005 0 0.969 -0.0433 0.1895 0.2536 1.7654 0.8554 -0.009 0.4447 0.6106 4.4799 -0.0102 0.0102 0.342 0 0
70 291 761 1 0 0 0 0 1.0003 0 0.9714 -0.3285 0.3806 0.4853 2.2647 0.8813 -0.3054 0.5073 0.6139 4.3712 0.0045 0.0045 0.3755 1 0
70 292 662 0 0 0 0 0 1.001 0 0.9679 0.0387 0.2451 0.302 2.1198 0.8095 0.0393 0.453 0.5967 4.035 -0.2149 0.2149 0.3916 0 0
70 293 709 0 0 0 0 0 1.0002 0 0.9499 0.0657 0.3809 0.5831 2.8591 0.8339 0.1863 0.4812 0.6095 4.2713 -0.1265 0.1265 0.3945 0 0
70 294 637 0 0 0 0 0 1.0008 0 0.9287 -0.1334 0.2759 0.3441 1.5344 0.8024 -0.1321 0.4957 0.6864 4.3096 -0.1092 0.1092 0.4036 0 0
70 295 612 0 0 0 0 0 1.0005 0 0.974 0.113 0.274 0.3391 2.5747 0.7832 0.2137 0.4841 0.6969 4.2187 -0.1351 0.1351 0.4015 0 0
70 296 651 0 0 0 0 0 1.0006 0 0.9529 -0.0722 0.2626 0.3374 1.6815 0.7967 -0.0131 0.4774 0.6314 4.3349 -0.063 0.063 0.3843 0 0
70 297 919 0 0 0 0 0 1.0005 0 0.9751 -0.164 0.2964 0.3586 2.6895 0.8621 -0.163 0.4417 0.6073 4.3349 0.0271 0.0271 0.34 0 0
70 298 696 0 0 0 0 0 1.0006 0 0.9552 0.0667 0.2013 0.2455 1.3802 0.8757 0.0739 0.4233 0.5657 4.0009 -0.0353 0.0353 0.3235 0 0
70 299 696 0 0 0 0 0 1.0002 0 0.9618 0.0984 0.2919 0.3962 2.5357 0.8693 0.1795 0.4443 0.5895 4.0229 -0.015 0.015 0.3307 0 0
70 300 699 0 0 0 0 0 1.0005 0 0.9844 -0.0671 0.1766 0.2135 2.1339 0.8676 -0.1053 0.4287 0.5686 4.4181 0.026 0.026 0.3248 0 0
70 301 680 0 0 0 0 0 1.0003 0 0.971 0.165 0.2763 0.3528 2.3587 0.8394 0.0953 0.4385 0.6118 4.254 -0.096 0.096 0.3903 0 0
70 302 689 0 0 0 0 0 1.0008 0 0.9735 -0.181 0.2772 0.3314 1.9815 0.8573 -0.0954 0.4519 0.5979 4.2432 -0.0777 0.0777 0.3457 0 0
70 303 704 0 0 0 0 0 1.0002 0 0.9447 -0.2432 0.2997 0.5194 2.9114 0.8197 -0.1673 0.4523 0.6056 4.205 -0.082 0.082 0.3723 0 0
70 304 757 0 0 0 0 0 1.0008 0 0.9423 -0.2456 0.3382 0.4123 1.5053 0.8452 -0.1988 0.4908 0.6771 4.0437 0.0337 0.0337 0.2946 0 0
70 305 677 0 0 0 0 0 1.0008 0 0.956 0.2836 0.3321 0.4576 2.1047 0.7828 0.3251 0.5266 0.7231 4.3468 -0.0706 0.0706 0.3763 0 0
70 306 1231 36 0 0 0 0 1.0005 0 0.9278 0.7435 0.7505 0.8915 2.5174 0.8362 0.5541 0.6987 0.8423 4.3583 0.1105 0.1105 0.3729 1 0
70 307 1300 2 0 0 0 0 1.0009 0 0.9428 0.5946 0.5946 0.7194 2.3618 0.8785 0.4964 0.6367 0.7598 4.3263 0.1374 0.1374 0.3158 1 0
70 308 824 0 0 0 0 0 1.0003 0 0.9454 -0.0698 0.3194 0.502 2.5855 0.8327 -0.0242 0.5486 0.7491 4.4034 0.0626 0.0626 0.3163 0 0
70 309 978 0 0 0 0 0 1.001 0 0.9358 -0.2834 0.3116 0.437 1.7001 0.8117 -0.1774 0.5247 0.68 4.6081 0.0725 0.0725 0.3186 0 0
70 310 756 0 0 0 0 0 1.0004 0 0.9751 0.1799 0.3173 0.4194 2.7438 0.8074 0.1998 0.5262 0.7113 4.5693 0.0611 0.0611 0.3083 0 0
70 311 630 0 0 0 0 0 1.0003 0 0.9604 -0.424 0.5138 0.5784 2.2845 0.7769 -0.3844 0.6236 0.7745 4.1494 -0.2152 0.2152 0.4128 0 0
70 312 726 0 0 0 0 0 1.0004 0 0.9646 0.1075 0.2275 0.2812 1.7882 0.8853 0.0811 0.4241 0.5515 4.0739 -0.0095 0.0095 0.319 0 0
70 313 690 0 0 0 0 0 1.0007 0 0.9702 -0.1487 0.2354 0.306 2.0219 0.8326 -0.1043 0.4508 0.636 4.3512 -0.0526 0.0526 0.3499 0 0
70 314 707 0 0 0 0 0 1.0005 0 0.9761 0.3146 0.3559 0.4083 1.7969 0.8651 0.2186 0.4892 0.6369 4.3369 -0.0292 0.0292 0.3173 0 0
70 315 805 0 0 0 0 0 1.0007 0 0.9538 -0.0971 0.3004 0.362 1.9868 0.8648 0.0334 0.4446 0.6119 3.989 -0.0232 0.0232 0.3546 0 0
70 316 1281 0 0 0 0 0 1.0004 0 0.9786 0.2891 0.2982 0.3646 1.6598 0.8579 0.2256 0.4903 0.6432 4.1787 0.0977 0.0977 0.2922 0 0
70 317 1299 1 0 0 0 0 1.0011 0 0.961 0.4598 0.5652 0.66 2.3859 0.8376 0.3809 0.6063 0.7515 4.584 0.1432 0.1432 0.3176 1 0
70 318 706 0 0 0 0 0 1.001 0 0.9559 -0.0303 0.2083 0.2695 1.6878 0.8816 -0.1127 0.4242 0.5515 4.422 -0.0276 0.0276 0.3243 0 0
70 319 645 0 0 0 0 0 1.0002 0 0.9304 -0.1118 0.3064 0.3882 1.8458 0.8345 -0.2365 0.4671 0.6348 4.1634 -0.1659 0.1659 0.4312 0 0
70 320 875 0 0 0 0 0 1.0002 0 0.9684 -0.1412 0.2353 0.3449 2.0464 0.8319 -0.1238 0.5096 0.6945 4.4343 0.028 0.028 0.3227 0 0
70 321 692 0 0 0 0 0 1.0016 0 0.9769 0.0616 0.2132 0.2664 2.0133 0.8594 0.0299 0.3876 0.5414 4.1748 -0.1472 0.1472 0.3907 0 0
70 322 676 0 0 0 0 0 1.0003 0 0.9736 -0.0417 0.2673 0.3757 2.54 0.8224 -0.09 0.45 0.6069 4.2444 -0.1266 0.1266 0.3835 0 0
70 323 633 0 0 0 0 0 1.0003 0 0.9519 -0.0883 0.2666 0.3219 1.8867 0.775 -0.1649 0.5005 0.731 4.2281 -0.1539 0.1539 0.3803 0 0
70 324 664 0 0 0 0 0 1.0006 0 0.9701 0.1303 0.4194 0.5042 2.7486 0.8263 0.202 0.5066 0.6688 4.4087 -0.0443 0.0443 0.3803 0 0
70 325 685 0 0 0 0 0 1.0006 0 0.9671 -0.0533 0.2811 0.3868 2.0949 0.8405 -0.1969 0.4484 0.62 4.038 -0.1012 0.1012 0.3851 0 0
70 326 1187 0 0 0 0 0 1.0002 0 0.9737 0.2422 0.2823 0.3233 1.5716 0.8769 0.1932 0.4386 0.5743 4.0561 0.0893 0.0893 0.3041 0 0
70 327 676 0 0 0 0 0 1.0004 0 0.9625 0.0928 0.273 0.3187 2.1634 0.8312 -0.0276 0.4241 0.576 4.2264 -0.1522 0.1522 0.3991 0 0
70 328 708 0 0 0 0 0 1.0006 0 0.9756 0.1777 0.2669 0.3097 2.1355 0.869 0.1175 0.4816 0.6146 4.4413 -0.0063 0.0063 0.3277 0 0
70 329 652 0 0 0 0 0 1.0007 0 0.9781 0.0728 0.2097 0.2427 1.8866 0.8206 0.057 0.4423 0.6128 4.183 -0.1664 0.1664 0.4268 0 0
70 330 840 0 0 0 0 0 1.0006 0 0.9563 0.0327 0.2407 0.2965 1.9233 0.8364 0.0696 0.4378 0.6096 4.0318 0.0129 0.0129 0.3404 0 0
70 331 944 0 0 0 0 0 1.0003 0 0.9735 0.031 0.225 0.2857 2.1232 0.8661 -0.0252 0.4265 0.5557 4.3784 0.0668 0.0668 0.3198 0 0
70 332 670 0 0 0 0 0 1.0009 0 0.942 -0.1002 0.3329 0.3798 1.926 0.813 -0.0513 0.4469 0.625 4.3579 0.0217 0.0217 0.3341 0 0
70 333 738 0 0 0 0 0 1.0004 0 0.9594 -0.2631 0.3004 0.3945 2.1953 0.8657 -0.2224 0.4679 0.6219 4.3851 -0.0311 0.0311 0.3521 0 0
70 334 755 0 0 0 0 0 1.0006 0 0.9681 0.2236 0.2745 0.3369 1.5776 0.8673 0.1953 0.4243 0.5709 3.9947 0.0287 0.0287 0.3039 0 0
70 335 755 0 0 0 0 0 1.0004 0 0.9487 -0.0546 0.322 0.4122 2.8345 0.7903 0.0976 0.4829 0.6691 4.298 -0.08 0.08 0.4323 0 0
70 336 976 0 0 0 0 0 1.0005 0 0.9589 -0.4164 0.4194 0.5902 2.8199 0.8708 -0.3314 0.5038 0.6664 4.3431 0.021 0.021 0.3422 0 0
70 337 662 0 0 0 0 0 1.0005 0 0.9721 -0.0852 0.3539 0.5229 2.8893 0.8343 0.0648 0.4345 0.6018 4.2379 -0.0896 0.0896 0.3986 0 0
70 338 890 0 0 0 0 0 1.0003 0 0.9573 0.0972 0.23 0.2916 1.4829 0.8689 0.2463 0.4457 0.6175 4.7597 0.0603 0.0603 0.3006 0 0
70 339 847 0 0 0 0 0 1.0006 0 0.9852 0.0276 0.173 0.2051 2.2523 0.8495 0.0119 0.4639 0.6348 4.3517 0.0407 0.0407 0.3529 0 0
70 340 854 16 0 0 0 0 1.0006 0 0.9194 0.5385 0.5446 0.7014 2.3829 0.8061 0.2854 0.5948 0.7607 4.5098 0.0109 0.0109 0.4279 1 0
70 341 699 0 0 0 0 0 1.0002 0 0.9766 0.083 0.2093 0.2535 1.8428 0.8361 0.037 0.4793 0.6555 4.4295 -0.0487 0.0487 0.3517 0 0
70 342 674 0 0 0 0 0 1.0002 0 0.9674 0.1441 0.2506 0.2939 1.7823 0.836 0.1315 0.4374 0.6181 4.1863 -0.1297 0.1297 0.3691 0 0
70 343 739 0 0 0 0 0 1.0002 0 0.9756 -0.1568 0.2417 0.3049 1.689 0.8411 -0.1742 0.4556 0.6087 4.0425 -0.1091 0.1091 0.3467 0 0
70 344 936 0 0 0 0 0 1.0003 0 0.9715 -0.1448 0.2281 0.266 1.5247 0.8656 -0.1824 0.4721 0.6341 3.9702 0.0295 0.0295 0.3083 0 0
70 345 869 0 0 0 0 0 1.0003 0 0.9576 -0.1038 0.2608 0.3782 2.756 0.7217 0.0172 0.5402 0.7471 4.7312 0.032 0.032 0.3774 0 0
70 346 916 0 0 0 0 0 1.0004 0 0.9529 -0.0646 0.268 0.3806 2.358 0.8383 -0.0719 0.4982 0.6936 4.5474 0.0716 0.0716 0.311 0 0
70 347 648 0 0 0 0 0 1.0002 0 0.9499 -0.1471 0.3059 0.4356 2.6048 0.815 -0.0445 0.4623 0.6227 4.6028 0.0298 0.0298 0.3792 0 0
70 348 698 0 0 0 0 0 1.0004 0 0.9531 -0.0282 0.2875 0.3636 1.9558 0.8538 -0.0125 0.457 0.6158 4.1794 0.0213 0.0213 0.3398 0 0
70 349 737 0 0 0 0 0 1.0003 0 0.9867 -0.5144 0.5144 0.5423 1.5753 0.8432 -0.4356 0.6006 0.776 4.0445 0.0277 0.0277 0.3021 0 0
70 350 1126 0 0 0 0 0 1.0005 0 0.9881 -0.095 0.1757 0.2298 1.8573 0.8836 0.0158 0.4306 0.5738 4.6123 0.1375 0.1375 0.2701 0 0
70 351 818 0 0 0 0 0 1.0012 0 0.9433 -0.1355 0.3598 0.4857 2.8287 0.8652 -0.0951 0.467 0.6591 4.3612 0.0534 0.0534 0.3051 0 0
70 352 720 0 0 0 0 0 1.001 0 0.9271 0.06 0.2604 0.3129 1.6679 0.8799 0.0221 0.4202 0.5489 4.2566 -0.011 0.011 0.3162 0 0
70 353 907 0 0 0 0 0 1.0003 0 0.9703 9e-04 0.2036 0.2596 1.6679 0.8243 -0.104 0.4561 0.6289 4.4925 0.0438 0.0438 0.321 0 0
70 354 702 0 0 0 0 0 1.0007 0 0.9732 0.058 0.2656 0.3551 1.8596 0.863 -0.0356 0.4358 0.5965 4.0111 -0.1491 0.1491 0.3671 0 0
70 355 679 0 0 0 0 0 1.0013 0 0.9708 0.2174 0.2896 0.3385 2.0404 0.804 0.0532 0.4542 0.6374 4.268 -0.1043 0.1043 0.4444 0 0
70 356 698 0 0 0 0 0 1.0005 0 0.9777 -0.144 0.282 0.3488 2.0754 0.8205 -0.1023 0.515 0.6959 4.2028 -0.1241 0.1241 0.3568 0 0
70 357 678 0 0 0 0 0 1.0005 0 0.9493 -0.2258 0.3348 0.4941 2.8712 0.8586 -0.1513 0.4535 0.6017 4.2551 -0.1469 0.1469 0.3568 0 0
70 358 646 0 0 0 0 0 1.0004 0 0.9626 -0.0254 0.1996 0.2434 1.7804 0.8472 -0.0033 0.4219 0.5787 4.1923 -0.1605 0.1605 0.4634 0 0
70 359 768 0 0 0 0 0 1.0007 0 0.9252 -0.1022 0.3143 0.3774 1.7225 0.8482 -0.0545 0.4425 0.6066 4.6085 0.0534 0.0534 0.3379 0 0
70 360 652 0 0 0 0 0 1.0003 0 0.9518 0.3798 0.4368 0.617 2.3979 0.835 0.224 0.5565 0.7136 4.3065 -0.0865 0.0865 0.3785 0 0
70 361 661 0 0 0 0 0 1.0005 0 0.9606 -0.0915 0.2474 0.3052 1.8272 0.8133 -0.0611 0.4847 0.6611 4.3585 0.0277 0.0277 0.3319 0 0
70 362 682 0 0 0 0 0 1.0002 0 0.9641 0.0461 0.242 0.2936 2.1394 0.8645 0.0887 0.4351 0.588 4.3232 0.0101 0.0101 0.3186 0 0
70 363 808 0 0 0 0 0 1.0001 0 0.9676 -0.0349 0.2803 0.3534 2.4415 0.8771 -0.0404 0.4686 0.6315 4.3827 0.0154 0.0154 0.3219 0 0
70 364 1257 25 0 0 0 0 1.0003 0 0.9197 -0.2954 0.3946 0.4852 2.2575 0.7927 -0.3392 0.5982 0.7648 4.8342 0.1369 0.1369 0.3773 1 0
70 365 871 0 0 0 0 0 1.0012 0 0.9618 -0.1403 0.2663 0.3241 1.8364 0.8639 -0.0503 0.4366 0.604 4.3137 0.0285 0.0285 0.3321 0 0
70 366 693 0 0 0 0 0 1.0003 0 0.9725 -0.0291 0.24 0.2882 1.9706 0.8268 -0.0339 0.493 0.6663 4.3498 0.0105 0.0105 0.3219 0 0
70 367 943 9000 1 0 226 226 9.4261 212 0.9068 0.3588 0.5566 0.6746 3.8368 0.4423 0.3946 0.9406 1.1841 8.7647 0.1825 0.1825 0.6375 1 1
70 368 694 0 0 0 0 0 1.0003 0 0.9859 0.036 0.2126 0.2745 2.1132 0.8663 -0.0432 0.4415 0.6076 4.2217 -0.0989 0.0989 0.3472 0 0
70 369 710 0 0 0 0 0 1.0003 0 0.9484 -0.1222 0.3475 0.4259 2.3591 0.8612 -0.0754 0.4565 0.6072 4.2574 -0.1197 0.1197 0.3845 0 0
70 370 700 0 0 0 0 0 1.0005 0 0.9554 0.1454 0.2738 0.3631 2.1685 0.8482 0.1356 0.5024 0.6682 4.3868 -0.061 0.061 0.3571 0 0
70 371 647 0 0 0 0 0 1.0013 0 0.9594 0.242 0.3242 0.4051 2.6864 0.771 0.1418 0.5132 0.7207 4.2476 -0.131 0.131 0.4246 0 0
70 372 721 4 0 0 0 0 1.0006 0 0.9732 0.2082 0.2898 0.3667 2.5184 0.82 0.1391 0.5462 0.7116 4.4838 0.1089 0.1089 0.341 1 0
70 373 660 0 0 0 0 0 1.0004 0 0.9364 -0.0812 0.2631 0.4559 2.7474 0.864 0.0795 0.4282 0.5728 4.318 -0.0611 0.0611 0.3666 0 0
70 374 882 0 0 0 0 0 1.0005 0 0.9593 -0.2631 0.3584 0.5194 2.3505 0.8998 -0.1584 0.4714 0.5975 4.6351 0.0666 0.0666 0.3061 0 0
70 375 814 0 0 0 0 0 1.0003 0 0.8279 0.2343 0.3371 0.5397 1.7029 0.8428 0.1556 0.4693 0.6426 4.2748 -0.046 0.046 0.3847 0 0
70 376 673 0 0 0 0 0 1.0008 0 0.967 0.001 0.2241 0.2857 1.8615 0.8726 0.0324 0.4042 0.532 4.127 -0.1911 0.1911 0.3591 0 0
70 377 807 0 0 0 0 0 1.0004 0 0.9623 0.0722 0.2557 0.3131 1.842 0.8541 0.0789 0.4395 0.5776 4.354 -0.0048 0.0048 0.3308 0 0
70 378 712 0 0 0 0 0 1.0002 0 0.9415 -0.3627 0.396 0.6075 2.5182 0.8489 -0.2939 0.5154 0.652 4.4908 -0.0226 0.0226 0.3639 0 0
70 379 711 0 0 0 0 0 1.0007 0 0.9545 -0.356 0.4426 0.5488 2.4443 0.8582 -0.2114 0.4928 0.6317 4.655 0.0336 0.0336 0.3483 0 0
70 380 739 0 0 0 0 0 1.0003 0 0.9524 0.3164 0.3807 0.486 1.8183 0.8794 0.276 0.463 0.5988 3.9714 -0.0518 0.0518 0.3448 0 0
70 381 677 0 0 0 0 0 1.0008 0 0.9553 0.2852 0.3637 0.5259 2.55 0.8081 0.2085 0.5437 0.7245 4.3485 -0.087 0.087 0.3726 0 0
70 382 636 0 0 0 0 0 1.0012 0 0.9527 0.0062 0.2939 0.392 1.7291 0.8169 -0.0564 0.5256 0.7101 4.3057 -0.1292 0.1292 0.3972 0 0
70 383 889 0 0 0 0 0 1.0004 0 0.9717 -0.0797 0.2818 0.3531 1.7355 0.8232 -0.0457 0.5045 0.6804 4.54 0.0785 0.0785 0.2983 0 0
70 384 926 0 0 0 0 0 1.0006 0 0.9696 0.1854 0.2166 0.2856 1.899 0.8024 0.1336 0.5221 0.7033 4.4302 0.0034 0.0034 0.352 0 0
70 385 644 0 0 0 0 0 1.0002 0 0.959 -0.096 0.2601 0.3026 1.6349 0.8668 0.021 0.4249 0.5652 4.2877 -0.1278 0.1278 0.3943 0 0
70 386 620 0 0 0 0 0 1.0002 0 0.9774 0.2655 0.331 0.3837 1.9296 0.8444 0.2902 0.5071 0.6501 4.4248 -0.0204 0.0204 0.3817 0 0
70 387 1158 6 0 0 0 0 1.0003 0 0.9253 -0.5249 0.5971 0.8801 2.8914 0.8601 -0.3471 0.5428 0.7266 4.6049 0.1164 0.1164 0.3493 1 0
70 388 799 0 0 0 0 0 1.0006 0 0.9608 -0.1118 0.2762 0.3413 2.0557 0.8143 -0.0871 0.5072 0.6992 4.5274 0.0155 0.0155 0.3428 0 0
70 389 637 0 0 0 0 0 1.0011 0 0.9534 -0.054 0.3867 0.5085 2.5014 0.818 0.012 0.472 0.6484 4.2069 -0.1531 0.1531 0.4355 0 0
70 390 823 0 0 0 0 0 1.0007 0 0.9657 -0.2994 0.3356 0.4262 1.8837 0.7785 -0.1764 0.5782 0.7661 4.7417 0.0462 0.0462 0.3454 0 0
70 391 666 0 0 0 0 0 1.0002 0 0.9549 -0.0728 0.2754 0.4072 2.4632 0.8313 8e-04 0.4753 0.6426 4.2909 -0.0754 0.0754 0.3771 0 0
70 392 706 0 0 0 0 0 1.0002 0 0.9468 -0.1208 0.3339 0.5024 2.3349 0.8248 -0.0288 0.48 0.6475 4.5011 0.0146 0.0146 0.3587 0 0
70 393 668 0 0 0 0 0 1.0003 0 0.95 -0.0412 0.2269 0.2676 1.7217 0.8414 -0.0111 0.4137 0.5723 4.3444 -0.0342 0.0342 0.3695 0 0
70 394 1046 0 0 0 0 0 1.0003 0 0.9514 0.3392 0.4278 0.551 2.4398 0.8646 0.2889 0.5151 0.6701 4.3994 0.0899 0.0899 0.2947 0 0
70 395 717 1 0 0 0 0 1.0019 0 0.9368 -0.1785 0.2736 0.3402 1.8386 0.8591 -0.1186 0.4394 0.5692 4.2691 0.0227 0.0227 0.3724 1 0
70 396 649 0 0 0 0 0 1.0003 0 0.9818 0.4516 0.4692 0.5523 2.5748 0.8072 0.3585 0.5553 0.7147 4.299 -0.1202 0.1202 0.4316 0 0
70 397 667 0 0 0 0 0 1.0004 0 0.9596 -0.0611 0.3108 0.3607 2.2616 0.8355 -0.0467 0.4277 0.5583 4.2063 -0.121 0.121 0.4105 0 0
70 398 677 0 0 0 0 0 1.0005 0 0.9769 -0.0589 0.2329 0.2846 2.0176 0.8805 0.0539 0.4203 0.5608 4.3104 -0.0685 0.0685 0.3326 0 0
70 399 713 0 0 0 0 0 1.0008 0 0.9624 -0.0131 0.2389 0.3152 1.9961 0.8773 0.0224 0.3899 0.5234 4.1125 0.0137 0.0137 0.3224 0 0
70 400 867 0 0 0 0 0 1.0004 0 0.9569 0.0446 0.246 0.3498 2.3528 0.8432 0.0479 0.4368 0.625 4.0301 0.0468 0.0468 0.3035 0 0
70 401 804 0 0 0 0 0 1.0014 0 0.9643 -0.1612 0.2523 0.3238 1.7339 0.8474 -0.0663 0.4578 0.6294 4.2838 -0.0394 0.0394 0.3646 0 0
70 402 688 0 0 0 0 0 1.0007 0 0.9653 0.0774 0.2126 0.2623 1.6167 0.8249 0.0059 0.4199 0.6199 4.1125 -0.1242 0.1242 0.3923 0 0
70 403 698 0 0 0 0 0 1.001 0 0.9662 -0.0587 0.1998 0.2856 1.8383 0.8232 -0.1012 0.4492 0.6506 4.2054 -0.0819 0.0819 0.3629 0 0
70 404 914 0 0 0 0 0 1.0004 0 0.9307 0.1759 0.3014 0.461 1.8866 0.8257 0.1152 0.52 0.7131 4.2484 0.0992 0.0992 0.2881 0 0
70 405 690 0 0 0 0 0 1.0004 0 0.9519 -0.0346 0.3208 0.4365 2.1381 0.8388 -0.0876 0.4415 0.6188 4.3501 -0.0028 0.0028 0.3462 0 0
70 406 707 0 0 0 0 0 1.0006 0 0.9673 0.1326 0.3043 0.4153 2.3213 0.8486 0.2581 0.53 0.6893 4.5905 0.027 0.027 0.3356 0 0
70 407 654 0 0 0 0 0 1.0007 0 0.9673 -0.0015 0.292 0.3758 2.6155 0.8266 -0.0682 0.4838 0.6248 4.1839 -0.1611 0.1611 0.4187 0 0
70 408 723 0 0 0 0 0 1.001 0 0.9779 -0.0973 0.2384 0.3133 2.3734 0.8062 -0.09 0.5454 0.7592 4.6046 0.0343 0.0343 0.3214 0 0
70 409 673 0 0 0 0 0 1.0009 0 0.8985 0.0423 0.3202 0.3589 1.5842 0.8368 0.1431 0.455 0.6117 4.462 -0.0092 0.0092 0.3397 0 0
70 410 935 0 0 0 0 0 1.0012 0 0.9814 -0.0088 0.2199 0.2693 1.8176 0.8401 -0.0888 0.5005 0.6905 4.1113 0.0293 0.0293 0.3347 0 0
70 411 1184 0 0 0 0 0 1.0003 0 0.9633 -0.1791 0.2266 0.3052 2.0869 0.8703 -0.0997 0.4513 0.6136 4.3205 0.0905 0.0905 0.2854 0 0
70 412 675 0 0 0 0 0 1.0005 0 0.9625 -0.1555 0.3239 0.4306 2.1173 0.8136 -0.0869 0.4893 0.6456 4.1932 -0.0788 0.0788 0.3614 0 0
70 413 730 0 0 0 0 0 1.0003 0 0.9452 0.2524 0.3326 0.4496 1.8788 0.884 0.1844 0.5112 0.6452 4.4637 0.013 0.013 0.3262 0 0
70 414 626 0 0 0 0 0 1.0004 0 0.939 0.0634 0.2414 0.3503 1.9331 0.7354 0.1309 0.543 0.7514 4.1043 -0.323 0.323 0.4701 0 0
70 415 695 0 0 0 0 0 1.0005 0 0.9549 0.0328 0.3008 0.3837 2.2331 0.8799 -0.0431 0.4655 0.6169 4.3182 -0.062 0.062 0.3481 0 0
70 416 716 0 0 0 0 0 1.0002 0 0.9587 -0.0495 0.2017 0.2715 2.2303 0.8408 -0.0355 0.4251 0.5815 4.3352 -0.001 0.001 0.3491 0 0
70 417 830 0 0 0 0 0 1.0006 0 0.9582 -0.1807 0.3295 0.389 2.246 0.7668 -0.0984 0.5243 0.7125 4.5527 0.0732 0.0732 0.3327 0 0
70 418 663 0 0 0 0 0 1.0003 0 0.9563 -0.1642 0.3035 0.359 1.7546 0.8355 -0.1761 0.4536 0.5669 4.1286 -0.2139 0.2139 0.4419 0 0
70 419 957 0 0 0 0 0 1.0003 0 0.9717 0.0125 0.2259 0.3015 1.9613 0.8566 -0.009 0.407 0.5485 4.2648 0.0128 0.0128 0.3264 0 0
70 420 716 0 0 0 0 0 1.0007 0 0.9442 0.0596 0.359 0.4481 2.0626 0.8769 0.0192 0.4542 0.5896 4.366 0.0189 0.0189 0.3096 0 0
70 421 932 0 0 0 0 0 1.0011 0 0.9614 -0.0381 0.2152 0.2632 1.5232 0.8153 -0.0575 0.483 0.6665 3.9628 0.0108 0.0108 0.3159 0 0
70 422 635 0 0 0 0 0 1.0002 0 0.9691 -0.0749 0.2503 0.4062 2.3194 0.8123 -0.0597 0.4578 0.6108 4.1203 -0.2153 0.2153 0.415 0 0
70 423 784 0 0 0 0 0 1.0003 0 0.9508 0.0535 0.2754 0.3868 2.44 0.8484 0.0588 0.4433 0.5866 4.2349 -0.0187 0.0187 0.3326 0 0
70 424 1321 0 0 0 0 0 1.0009 0 0.9679 0.0247 0.1691 0.1999 1.3491 0.8505 0.1135 0.4859 0.6596 4.6907 0.1647 0.1647 0.2525 0 0
70 425 672 0 0 0 0 0 1.0027 0 0.9447 -0.3659 0.3967 0.5743 2.5394 0.8099 -0.1356 0.5181 0.6753 4.2339 -0.0897 0.0897 0.3967 0 0
70 426 663 0 0 0 0 0 1.0003 0 0.9779 0.0332 0.1816 0.2202 2.0462 0.8262 0.0425 0.4567 0.6037 4.4262 -0.0618 0.0618 0.4127 0 0
70 427 1239 0 0 0 0 0 1.0004 0 0.9603 -0.0272 0.2484 0.299 1.6682 0.876 -0.0123 0.4361 0.5884 5.1843 0.1591 0.1591 0.2635 0 0
70 428 737 0 0 0 0 0 1.0005 0 0.9566 -0.3628 0.3985 0.5062 2.2462 0.8397 -0.2407 0.5012 0.6431 4.3921 0.0156 0.0156 0.3056 0 0
70 429 698 0 0 0 0 0 1.0004 0 0.963 -0.1289 0.2094 0.2679 1.4458 0.8494 -0.1297 0.4426 0.6153 4.1395 -0.1765 0.1765 0.437 0 0
70 430 707 0 0 0 0 0 1.0011 0 0.964 -0.0634 0.2317 0.3125 1.8043 0.8655 -0.1094 0.452 0.5883 4.2234 -0.0324 0.0324 0.3395 0 0
70 431 670 0 0 0 0 0 1.0004 0 0.9648 0.0765 0.3127 0.3771 2.5501 0.8513 0.099 0.4718 0.631 4.3317 -0.0713 0.0713 0.3557 0 0
70 432 876 0 0 0 0 0 1.0007 0 0.9786 0.3597 0.3661 0.4549 2.2067 0.8678 0.23 0.4858 0.6349 4.3416 0.072 0.072 0.3135 0 0
70 433 779 0 0 0 0 0 1.0011 0 0.9604 0.1128 0.2967 0.4113 2.3017 0.8542 0.0038 0.4461 0.5872 4.3371 0.0194 0.0194 0.335 0 0
70 434 663 0 0 0 0 0 1.0004 0 0.9602 -0.1691 0.4094 0.5217 2.273 0.8417 -0.1897 0.4836 0.6296 4.2151 -0.1397 0.1397 0.3831 0 0
70 435 944 0 0 0 0 0 1.0003 0 0.9748 -0.1627 0.2359 0.2923 1.6362 0.8607 -0.1559 0.4867 0.6362 4.0202 0.1054 0.1054 0.2875 0 0
70 436 725 0 0 0 0 0 1.0005 0 0.9631 0.1614 0.2507 0.3559 1.9357 0.8685 0.1235 0.4682 0.6329 4.3343 0.0039 0.0039 0.3192 0 0
70 437 664 0 0 0 0 0 1.0008 0 0.928 -0.0464 0.2902 0.4116 2.1727 0.8424 0.0171 0.4477 0.6025 4.0826 -0.3079 0.3079 0.4374 0 0
70 438 726 0 0 0 0 0 1.0003 0 0.9922 0.2487 0.2487 0.2754 2.0626 0.8234 0.2115 0.4926 0.6597 4.1946 -0.0301 0.0301 0.351 0 0
70 439 688 0 0 0 0 0 1.0003 0 0.9638 0.305 0.35 0.4661 2.0947 0.8291 0.1497 0.5008 0.629 4.0882 -0.1757 0.1757 0.4029 0 0
70 440 902 0 0 0 0 0 1.0004 0 0.944 -0.3019 0.3658 0.5072 1.9759 0.8849 -0.1346 0.5059 0.6407 4.4075 0.0349 0.0349 0.3475 0 0
70 441 663 0 0 0 0 0 1.0008 0 0.9605 0.106 0.2814 0.3545 1.8356 0.8732 0.0402 0.4924 0.6533 4.5363 2e-04 2e-04 0.3208 0 0
70 442 902 0 0 0 0 0 1.0005 0 0.9214 -0.121 0.3306 0.4267 2.1289 0.8553 -0.1233 0.4172 0.5517 4.3172 0.0242 0.0242 0.3225 0 0
70 443 636 0 0 0 0 0 1.0001 0 0.9594 -0.1847 0.2985 0.4018 2.059 0.7806 -0.1537 0.4943 0.6639 4.1353 -0.2312 0.2312 0.4274 0 0
70 444 677 0 0 0 0 0 1.0008 0 0.9872 -0.0144 0.2179 0.2697 2.5394 0.8329 0.0889 0.4726 0.6863 4.2929 -0.1222 0.1222 0.3751 0 0
70 445 697 0 0 0 0 0 1.0005 0 0.9615 -0.1213 0.2876 0.3508 1.8944 0.8223 -0.0387 0.4959 0.6656 4.1928 -0.1544 0.1544 0.3775 0 0
70 446 911 0 0 0 0 0 1.0006 0 0.9711 -0.0677 0.1886 0.2552 1.7058 0.8747 -0.1064 0.4542 0.5739 4.3554 0.104 0.104 0.2963 0 0
70 447 669 0 0 0 0 0 1.0007 0 0.9565 -0.0162 0.2589 0.3162 1.8382 0.7882 -0.0804 0.4764 0.7006 4.4018 -0.0476 0.0476 0.3586 0 0
70 448 917 0 0 0 0 0 1.0006 0 0.9801 -0.214 0.2896 0.3692 1.6962 0.8817 -0.1627 0.4432 0.5958 4.6641 0.0597 0.0597 0.2969 0 0
70 449 697 0 0 0 0 0 1.001 0 0.9717 -0.1121 0.2804 0.4234 2.4577 0.8336 -0.1497 0.4697 0.6174 4.0787 -0.2091 0.2091 0.4141 0 0
70 450 689 0 0 0 0 0 1.0003 0 0.9166 0.1168 0.3728 0.6558 2.8302 0.8058 -0.0489 0.4804 0.6277 4.186 -0.09 0.09 0.4159 0 0
70 451 892 0 0 0 0 0 1.0002 0 0.9463 -0.3042 0.3674 0.4637 1.6615 0.8721 -0.2553 0.5186 0.6824 4.4878 0.0335 0.0335 0.302 0 0
70 452 748 0 0 0 0 0 1.0004 0 0.9191 0.0384 0.3267 0.4419 2.1583 0.8629 0.003 0.4681 0.6209 4.377 -0.0759 0.0759 0.3585 0 0
70 453 688 0 0 0 0 0 1.0005 0 0.9426 -0.0211 0.2644 0.3374 1.7204 0.8383 0.0885 0.4583 0.6583 4.2855 -0.0406 0.0406 0.3462 0 0
70 454 795 0 0 0 0 0 1.0002 0 0.9573 -0.0883 0.2928 0.3484 1.7218 0.8933 -0.0941 0.3634 0.4946 3.9928 -0.0263 0.0263 0.3426 0 0
70 455 670 0 0 0 0 0 1.0004 0 0.9828 0.1869 0.239 0.3073 2.5093 0.7987 0.1479 0.4532 0.6339 4.2334 -0.1333 0.1333 0.4004 0 0
70 456 698 0 0 0 0 0 1.0004 0 0.9502 -0.0444 0.2665 0.3117 1.9209 0.8462 0.01 0.4341 0.5881 4.3107 -0.0567 0.0567 0.3457 0 0
70 457 736 0 0 0 0 0 1.0012 0 0.977 0.0406 0.2019 0.2448 2.0573 0.8259 0.0563 0.4554 0.6271 4.2233 -0.0268 0.0268 0.3439 0 0
70 458 735 0 0 0 0 0 1.0008 0 0.9298 -0.2199 0.3093 0.4067 1.6918 0.8708 -0.146 0.4389 0.5915 4.4707 0.0587 0.0587 0.3108 0 0
70 459 829 0 0 0 0 0 1.0003 0 0.9555 0.1285 0.3153 0.4225 2.2462 0.8152 0.0654 0.4709 0.6664 4.3238 -0.0257 0.0257 0.3502 0 0
70 460 698 0 0 0 0 0 1.0007 0 0.9708 0.0941 0.2477 0.3073 1.8653 0.8679 0.1239 0.418 0.5685 4.4372 -0.0397 0.0397 0.3234 0 0
70 461 664 0 0 0 0 0 1.0004 0 0.9457 0.1607 0.2938 0.3919 1.9966 0.8265 0.0317 0.5064 0.682 4.2649 -0.1027 0.1027 0.4072 0 0
70 462 1030 0 0 0 0 0 1.001 0 0.9601 0.2367 0.3572 0.5328 2.3094 0.8823 0.0541 0.4941 0.6521 4.5773 0.0902 0.0902 0.3046 0 0
70 463 706 0 0 0 0 0 1.0002 0 0.9679 0.1282 0.287 0.3784 2.1721 0.8617 0.0472 0.4411 0.6015 4.029 -0.0545 0.0545 0.3414 0 0
70 464 675 0 0 0 0 0 1.0019 0 0.9352 -0.0436 0.2617 0.3677 1.9267 0.817 -0.0069 0.4375 0.6048 4.1511 -0.1917 0.1917 0.4158 0 0
70 465 703 0 0 0 0 0 1.0003 0 0.9556 0.1481 0.276 0.3618 1.6664 0.8701 0.1145 0.4384 0.5799 4.3783 -0.0168 0.0168 0.3072 0 0
70 466 721 0 0 0 0 0 1.001 0 0.9365 -0.2558 0.3183 0.4071 1.5027 0.8732 -0.2118 0.4659 0.6083 4.2202 0.006 0.006 0.3257 0 0
70 467 882 8 0 0 0 0 1.0021 0 0.9511 -0.5247 0.5604 0.6773 2.5975 0.859 -0.3662 0.5428 0.6691 4.731 0.0571 0.0571 0.3924 1 0
70 468 685 0 0 0 0 0 1.0002 0 0.9532 -0.0224 0.2014 0.2708 1.6906 0.8033 -0.0116 0.4257 0.5927 4.1822 -0.1728 0.1728 0.4229 0 0
70 469 682 0 0 0 0 0 1.0009 0 0.9149 0.1061 0.4012 0.5825 2.2457 0.8883 0.0084 0.4093 0.5277 4.338 -0.0351 0.0351 0.3409 0 0
70 470 706 0 0 0 0 0 1.0011 0 0.938 0.2094 0.4447 0.5479 2.1264 0.8692 0.1722 0.4598 0.6032 4.2546 -0.0408 0.0408 0.3539 0 0
70 471 712 0 0 0 0 0 1.0004 0 0.9512 0.087 0.294 0.3509 1.8321 0.8376 0.1338 0.4471 0.6013 4.351 -0.0425 0.0425 0.3209 0 0
70 472 622 0 0 0 0 0 1.001 0 0.9711 0.1639 0.2966 0.3518 2.1026 0.8058 0.1474 0.4793 0.6283 4.2338 -0.1469 0.1469 0.4126 0 0
70 473 678 0 0 0 0 0 1.0012 0 0.9643 0.2341 0.3478 0.4493 1.9477 0.8538 0.1115 0.4739 0.6087 4.5089 -0.0084 0.0084 0.3483 0 0
70 474 811 0 0 0 0 0 1.0007 0 0.9528 -0.1195 0.2812 0.3363 1.83 0.8652 -0.1138 0.4682 0.6815 4.4184 0.0485 0.0485 0.2957 0 0
70 475 720 0 0 0 0 0 1.0005 0 0.9319 0.3651 0.4239 0.5667 2.5508 0.8941 0.2981 0.4852 0.614 4.4287 0.0136 0.0136 0.3037 0 0
70 476 742 0 0 0 0 0 1.0009 0 0.9491 -0.064 0.2133 0.2591 1.6068 0.8315 -0.0807 0.4649 0.6331 4.4092 0.0193 0.0193 0.3182 0 0
70 477 675 0 0 0 0 0 1.0006 0 0.9432 0.0536 0.3786 0.5339 2.4447 0.8778 0.1052 0.4624 0.5919 4.0971 -0.0782 0.0782 0.3731 0 0
70 478 857 0 0 0 0 0 1.0005 0 0.9172 0.106 0.2749 0.3496 1.7265 0.8601 0.0881 0.4108 0.5578 4.2994 -0.0148 0.0148 0.3331 0 0
70 479 847 74 0 0 0 0 1.0007 0 0.9246 -0.4815 0.5031 0.6761 2.8424 0.8132 -0.3491 0.5558 0.7082 4.5419 0.0437 0.0437 0.4049 1 0
70 480 702 0 0 0 0 0 1.0008 0 0.9729 -0.0855 0.2561 0.3259 2.4472 0.8634 -0.0023 0.4417 0.6029 4.241 -0.0096 0.0096 0.3276 0 0
70 481 806 0 0 0 0 0 1.0007 0 0.9755 -0.1807 0.2643 0.3204 1.7767 0.8772 -0.1695 0.4393 0.5968 4.7357 0.0664 0.0664 0.3011 0 0
70 482 711 0 0 0 0 0 1.0012 0 0.9695 -0.2303 0.2711 0.3418 1.6972 0.8623 -0.2163 0.49 0.6375 4.1749 -0.1044 0.1044 0.3343 0 0
70 483 750 0 0 0 0 0 1.0011 0 0.9324 -0.3338 0.3981 0.4811 2.0143 0.8607 -0.2923 0.5046 0.6613 4.4659 0.0122 0.0122 0.3133 0 0
70 484 722 0 0 0 0 0 1.0002 0 0.9793 -0.2465 0.3781 0.5265 2.5065 0.8927 -0.1938 0.4386 0.5757 4.4377 0.0113 0.0113 0.3325 0 0
70 485 934 0 0 0 0 0 1.0005 0 0.9723 0.2013 0.2849 0.3326 2.0985 0.8321 0.2041 0.5438 0.7396 4.6577 0.0805 0.0805 0.3085 0 0
70 486 745 2 0 0 0 0 1.0006 0 0.9652 -0.0351 0.1987 0.2696 2.2171 0.8574 -0.0212 0.4264 0.5707 4.4884 0.0182 0.0182 0.3465 1 0
70 487 671 0 0 0 0 0 1.0013 0 0.9581 -0.1331 0.3013 0.3959 2.3158 0.8234 -0.1705 0.4835 0.6571 4.227 -0.071 0.071 0.351 0 0
70 488 652 0 0 0 0 0 1.0002 0 0.9637 -0.3658 0.4353 0.558 2.1936 0.8509 -0.2265 0.5082 0.6462 4.2272 -0.0689 0.0689 0.3636 0 0
70 489 660 0 0 0 0 0 1.0004 0 0.9621 0.2801 0.3655 0.5485 2.9447 0.8269 0.1134 0.452 0.6081 4.4136 0.0392 0.0392 0.3572 0 0
70 490 952 0 0 0 0 0 1.0006 0 0.968 -0.0715 0.2265 0.2768 2.0487 0.8534 -0.0216 0.4748 0.6571 4.375 0.0804 0.0804 0.3058 0 0
70 491 700 0 0 0 0 0 1.0005 0 0.9619 0.017 0.2056 0.253 1.5569 0.8197 0.0264 0.4614 0.6405 4.2718 -0.0283 0.0283 0.3252 0 0
70 492 725 0 0 0 0 0 1.0005 0 0.9525 0.1602 0.2825 0.3631 2.0193 0.8072 0.1101 0.4727 0.6699 4.2995 -0.0662 0.0662 0.3385 0 0
70 493 1085 0 0 0 0 0 1.0003 0 0.9747 0.0579 0.189 0.2513 2.1021 0.8719 0.0582 0.4274 0.5695 4.4836 0.1268 0.1268 0.2812 0 0
70 494 674 0 0 0 0 0 1.0003 0 0.9748 -0.0214 0.2134 0.2966 2.1834 0.8624 -0.053 0.4483 0.6021 4.5059 -0.0084 0.0084 0.3341 0 0
70 495 1030 0 0 0 0 0 1.0003 0 0.9643 0.1993 0.3632 0.4857 2.5936 0.8732 0.0653 0.4361 0.5656 4.3161 0.0124 0.0124 0.3476 0 0
70 496 716 0 0 0 0 0 1.0004 0 0.9583 -0.1448 0.2573 0.3494 1.7085 0.8454 -0.127 0.4803 0.6445 4.386 -0.017 0.017 0.3225 0 0
70 497 1046 0 0 0 0 0 1.0003 0 0.9531 0.1486 0.257 0.3368 1.6557 0.8688 0.0525 0.4594 0.6142 4.3579 0.1138 0.1138 0.2896 0 0
70 498 651 0 0 0 0 0 1.0013 0 0.9331 -0.2297 0.3113 0.3893 1.7222 0.8161 -0.1067 0.5146 0.6927 4.4684 -0.0184 0.0184 0.3504 0 0
70 499 599 0 0 0 0 0 1.0002 0 0.9615 0.1905 0.3249 0.4196 2.5343 0.8085 -0.0027 0.4804 0.6571 4.2087 -0.1367 0.1367 0.468 0 0
70 500 718 0 0 0 0 0 1.0004 0 0.9666 0.1338 0.267 0.3367 1.7635 0.8818 0.1739 0.4892 0.6255 4.1239 -0.0016 0.0016 0.3228 0 0
