cond r run.time ndiv nbfmi ntree nbulk ntail maxRhat nRhat alpha.cor alpha.bias alpha.abbias alpha.rmse alpha.CI beta.cor beta.bias beta.abbias beta.rmse beta.CI theta.cor theta.bias theta.abbias theta.rmse theta.CI lambda.bias lambda.abbias lambda.CI corrupt efficiency
41 1 308 55 0 0 0 0 1.0008 0 -0.957 0.1047 0.4851 0.5756 2.9112 0.982 0.0603 0.3125 0.4987 9.0182 0.7295 -0.1888 0.6277 0.7954 4.4617 -0.1314 0.1314 0.8396 1 0
41 2 262 19 0 0 0 0 1.0009 0 0.9305 -0.0559 0.0743 0.0922 1.7965 0.9938 0.2018 0.2076 0.2427 3.6604 0.738 0.2296 0.6288 0.8177 4.631 0.0542 0.0542 0.6323 1 0
41 3 268 1204 0 0 0 0 1.0011 0 0.7443 -0.3354 0.3354 0.3945 1.7067 0.9831 -1.0076 1.4337 2.2452 24.3346 0.6188 -0.1439 0.6659 0.8733 4.9956 -0.0279 0.0279 1.1729 1 0
41 4 322 265 0 0 0 0 1.0012 0 -0.2028 -0.0846 0.2383 0.2641 1.9573 0.965 0.2497 0.3707 0.5156 5.2945 0.6748 -0.0149 0.7467 0.8992 4.8299 0.1987 0.1987 0.5352 1 0
41 5 375 1653 0 0 0 0 1.0025 0 -0.4931 -0.399 0.4697 0.5359 2.8016 0.9777 0.5173 0.8844 1.2613 15.2865 0.754 -0.3471 0.6326 0.809 5.3423 0.0382 0.0382 0.9529 1 0
41 6 277 3 0 0 0 0 1.001 0 0.4566 0.2368 0.3912 0.552 2.355 0.9322 0.3653 0.4422 0.5222 3.517 0.7092 0.14 0.6236 0.8045 4.2973 0.0111 0.0111 0.5631 1 0
41 7 247 16 0 0 0 0 1.0008 0 0.8962 -0.0665 0.2037 0.2516 1.9673 0.9721 -0.846 0.846 1.352 16.3786 0.7269 -0.1291 0.6287 0.8069 4.3508 -0.0792 0.0792 0.7105 1 0
41 8 229 5 0 0 0 0 1.0009 0 0.9972 -0.002 0.134 0.1432 2.2342 0.9802 0.5885 0.5886 0.7152 9.4103 0.739 0.1958 0.6734 0.8081 4.452 -0.1814 0.1814 0.8685 1 0
41 9 711 1347 0 0 0 0 1.0026 0 0.997 -0.381 0.381 0.3858 1.9098 0.9823 -0.9564 1.4737 1.9162 18.7679 0.64 -0.681 0.9102 1.1145 5.2091 0.1056 0.1056 0.877 1 0
41 10 250 84 0 0 0 0 1.0008 0 0.8541 0.0906 0.1307 0.174 2.2668 0.9835 0.4709 0.4709 0.5185 3.0601 0.6243 0.2037 0.6995 0.8881 4.5253 -0.0824 0.0824 0.7459 1 0
41 11 241 26 0 0 0 0 1.0008 0 0.673 -0.0085 0.24 0.2577 2.3932 0.9564 -0.4968 0.5023 0.5959 2.6494 0.74 -0.465 0.7678 0.9521 4.7215 0.1466 0.1466 0.479 1 0
41 12 251 82 0 0 0 0 1.0005 0 0.7952 0.0652 0.1276 0.1751 2.2588 0.9936 0.3747 0.3747 0.4862 12.4273 0.5355 0.1251 0.6416 0.8371 4.4396 -0.0765 0.0765 0.8202 1 0
41 13 408 536 0 0 0 0 1.0023 0 -0.0149 -0.2441 0.2618 0.3112 1.8165 0.9834 -0.1544 0.8301 1.2073 13.1728 0.6736 0.2176 0.6332 0.8092 5.1603 0.0941 0.0941 0.7586 1 0
41 14 357 279 0 0 0 0 1.0003 0 0.6242 -0.1391 0.3091 0.3129 1.9492 0.9688 -0.326 0.7042 0.9061 12.4588 0.7445 -0.4484 0.7734 0.9435 4.9864 0.1859 0.1859 0.5412 1 0
41 15 349 677 0 0 0 0 1.0021 0 -0.3986 -0.0116 0.2524 0.2706 2.7968 0.9579 -0.1257 0.5166 0.7122 10.5227 0.6468 0.0017 0.7381 0.9369 5.5104 -0.0233 0.0233 1.3127 1 0
41 16 515 493 0 0 0 0 1.001 0 0.3141 -0.1227 0.2888 0.3386 1.9352 0.977 -0.5244 0.5371 0.679 6.9478 0.7256 -0.3484 0.6707 0.8511 4.9095 -0.069 0.069 0.978 1 0
41 17 706 2518 0 0 0 17 1.009 0 0.3725 -0.4813 0.4813 0.5604 1.4389 0.9697 -0.1757 0.9612 1.1469 8.8068 0.6487 0.0286 0.7577 0.8918 6.0368 0.1487 0.1487 0.9517 1 1
41 18 239 409 0 0 0 0 1.002 0 -0.3033 0.0195 0.2791 0.313 3.1952 0.9605 -0.3632 0.4806 0.5598 9.1278 0.5848 -0.2624 0.7048 0.8582 4.9365 -0.309 0.309 1.1401 1 0
41 19 275 29 0 0 0 0 1.0017 0 0.9973 0.152 0.152 0.158 2.2623 0.9513 -0.4144 0.4338 0.5234 4.111 0.6764 -0.2007 0.7645 0.9634 4.5859 -0.1625 0.1625 0.9111 1 0
41 20 320 137 0 0 0 0 1.0007 0 -0.1326 0.0189 0.3255 0.3529 2.1593 0.963 0.5436 0.5436 0.6989 8.3307 0.7134 0.3322 0.775 0.9631 4.5216 -0.0255 0.0255 0.7885 1 0
41 21 252 2 0 0 0 0 1.0006 0 0.6671 0.0977 0.3452 0.4195 2.9394 0.9515 0.0522 0.4395 0.5265 7.9821 0.7176 0.1201 0.6734 0.851 4.3278 -0.1103 0.1103 0.7151 1 0
41 22 300 142 0 0 0 0 1.0007 0 0.9135 0.1835 0.2613 0.3891 2.536 0.9041 -0.326 0.6016 0.639 5.5433 0.7254 -0.5026 0.7379 0.9143 4.6588 0.0951 0.0951 0.5994 1 0
41 23 252 39 0 0 0 0 1.0008 0 0.45 0.181 0.181 0.2139 2.5743 0.962 -0.0077 0.2803 0.3281 4.274 0.7467 0.0915 0.7241 0.889 4.7321 -0.0348 0.0348 0.7199 1 0
41 24 253 279 0 0 0 0 1.0009 0 0.986 -0.3444 0.3444 0.4193 1.5389 0.9954 -0.0995 0.7669 0.8606 9.897 0.7202 -0.0661 0.5501 0.7031 4.8671 -0.0382 0.0382 0.8588 1 0
41 25 280 20 0 0 0 0 1.0002 0 0.4281 -0.083 0.1788 0.1819 2.1592 0.9923 0.0022 0.3416 0.3938 5.4184 0.7004 0.123 0.5909 0.7217 4.7631 -0.1066 0.1066 0.764 1 0
41 26 278 9 0 0 0 0 1.0004 0 0.3137 0.1767 0.2089 0.2419 1.7442 0.9721 0.3422 0.3523 0.4594 2.9526 0.7225 -0.0079 0.5501 0.7447 4.242 -0.0905 0.0905 0.6708 1 0
41 27 404 778 0 0 0 0 1.0024 0 0.3727 -0.0888 0.3852 0.4096 2.2055 0.8236 -0.2603 1.3202 1.9352 18.7465 0.6712 -0.4768 0.7702 0.9727 5.2137 0.1637 0.1637 0.7493 1 0
41 28 264 111 0 0 0 0 1.0005 0 0.4476 -0.1182 0.1538 0.1694 1.8696 0.9671 0.344 0.6119 0.7757 8.7976 0.6805 0.2386 0.6729 0.8567 4.5364 -0.1709 0.1709 0.9515 1 0
41 29 272 277 0 0 0 0 1.0016 0 0.9471 -0.2937 0.2937 0.3015 1.5952 0.9659 -0.6101 0.8225 1.2019 11.9176 0.7161 -0.0993 0.6567 0.8266 5.1382 0.0438 0.0438 0.8242 1 0
41 30 363 486 0 0 0 0 1.0003 0 -0.4585 -0.2832 0.2832 0.3398 1.1713 0.9707 0.0575 0.6102 0.8199 5.8819 0.6577 -0.049 0.7308 0.9079 4.9053 0.2383 0.2383 0.5061 1 0
41 31 285 588 0 0 0 0 1.0005 0 0.1538 0.0413 0.2692 0.287 2.0838 0.8277 -0.2448 0.6737 0.7922 8.6129 0.6243 -0.6309 0.8981 1.0945 4.9784 0.1298 0.1298 0.6477 1 0
41 32 606 708 0 0 0 0 1.0004 0 0.7637 0.1285 0.4383 0.4499 2.9145 0.8754 -0.9457 1.0619 1.1476 8.0509 0.7798 -0.9533 1.1187 1.2722 4.9416 0.2695 0.2695 0.4586 1 0
41 33 269 34 0 0 0 0 1.0002 0 0.9247 0.1053 0.1053 0.1445 1.8293 0.9896 0.1056 0.1786 0.2544 3.3701 0.7071 -0.0108 0.8202 0.9774 4.4379 0.0528 0.0528 0.5936 1 0
41 34 269 42 0 0 0 0 1.0007 0 0.3331 0.2561 0.416 0.5912 2.3384 0.9787 -0.0391 0.2816 0.3882 6.7431 0.7188 -0.3002 0.653 0.7742 4.2128 0.0382 0.0382 0.5834 1 0
41 35 423 538 0 0 0 0 1.001 0 -0.1668 -0.2111 0.2111 0.2511 1.4186 0.9459 0.357 0.5869 0.7668 5.2546 0.6987 0.1285 0.676 0.8566 5.2632 0.203 0.203 0.5884 1 0
41 36 256 28 0 0 0 0 1.0004 0 0.9368 0.2544 0.2544 0.3383 2.3674 0.9589 0.0995 0.2442 0.2988 4.0806 0.779 0.0193 0.6215 0.7869 4.3205 0.0039 0.0039 0.6128 1 0
41 37 284 37 0 0 0 0 1.0006 0 -0.6324 0.2331 0.2416 0.2984 1.7107 0.9461 -0.1439 0.394 0.525 2.4277 0.7786 0.1002 0.6381 0.8218 4.3143 0.0017 0.0017 0.6435 1 0
41 38 310 151 0 0 0 0 1.0007 0 -0.866 -0.1399 0.3981 0.3997 2.177 0.9846 0.4189 0.4474 0.6771 10.6037 0.6788 -0.1026 0.6638 0.8268 4.7344 0.0514 0.0514 0.6781 1 0
41 39 252 103 0 0 0 0 1.0006 0 0.8891 -0.1499 0.1985 0.2574 2.2374 0.92 0.2404 0.7153 1.0822 14.0864 0.516 -0.0286 0.7397 0.9135 4.4761 -0.1688 0.1688 1.0047 1 0
41 40 252 18 0 0 0 0 1.001 0 0.9949 -0.0662 0.1053 0.1234 2.3095 0.9805 0.1484 0.1696 0.2204 2.3181 0.7912 0.1319 0.5633 0.7074 4.1523 0.019 0.019 0.5834 1 0
41 41 284 176 0 0 0 0 1.0007 0 0.4386 0.1455 0.2089 0.3111 2.0029 0.9761 -0.4313 0.4313 0.5114 3.1821 0.8287 -0.283 0.6806 0.8527 4.6365 0.1144 0.1144 0.5213 1 0
41 42 242 12 0 0 0 0 1.0002 0 0.9697 0.0221 0.0297 0.0338 1.8316 0.9773 0.4148 0.4395 0.5235 5.355 0.644 0.179 0.6304 0.8461 4.2186 -0.1837 0.1837 0.7223 1 0
41 43 239 1 0 0 0 0 1.0003 0 0.0894 -0.0608 0.5052 0.5232 2.6488 0.9709 0.3199 0.4386 0.6321 7.7458 0.7647 0.0737 0.625 0.7834 4.2725 -0.0667 0.0667 0.6031 1 0
41 44 272 118 0 0 0 0 1.0006 0 -0.6538 -0.2814 0.2814 0.3673 1.6592 0.9671 0.4795 0.9064 1.171 12.4246 0.6404 0.1624 0.6075 0.7883 4.2906 -0.147 0.147 0.9192 1 0
41 45 268 1 0 0 0 0 1.0003 0 -0.9017 -0.1686 0.5164 0.6626 2.0982 0.9601 0.0652 0.4194 0.5623 6.5021 0.7956 0.2384 0.6455 0.8124 4.2301 -0.2501 0.2501 0.7367 1 0
41 46 328 565 0 0 0 0 1.0015 0 0.1562 -0.1321 0.2974 0.3043 2.0693 0.972 -0.2876 1.331 1.7434 24.3539 0.7186 0.0566 0.7116 0.8681 4.8659 -0.0232 0.0232 1.0969 1 0
41 47 264 0 0 0 0 0 1.0003 0 0.9995 0.2888 0.3486 0.3971 2.1677 0.9692 -0.2092 0.2419 0.3037 3.1156 0.8062 -0.1959 0.552 0.7019 4.1213 -0.0375 0.0375 0.5016 0 0
41 48 351 239 0 0 0 0 1.0013 0 0.9961 -0.2175 0.2175 0.2677 2.149 0.9664 0.4447 0.4447 0.5415 3.1261 0.7399 0.4731 0.677 0.8457 4.8339 0.043 0.043 0.7694 1 0
41 49 518 2102 0 0 28 64 1.0563 47 -0.823 -0.0871 0.2716 0.3319 2.1733 0.9506 -0.5804 0.6699 0.7856 14.3337 0.7934 -0.3661 0.6594 0.8417 8.1409 0.0778 0.0778 0.8854 1 1
41 50 230 58 0 0 0 0 1.0002 0 0.1587 -0.4077 0.4077 0.4749 2.1772 0.9798 -0.9171 1.5125 2.0153 18.2759 0.59 -0.1899 0.669 0.8262 4.3563 -0.5595 0.5595 1.1239 1 0
41 51 244 38 0 0 0 0 1.001 0 0.0317 0.27 0.3022 0.4934 3.6642 0.9856 0.0762 0.1931 0.2395 5.4275 0.6595 -0.0427 0.7299 0.9182 4.4461 -0.236 0.236 0.9171 1 0
41 52 292 13 0 0 0 0 1.002 0 0.6535 0.0982 0.2025 0.2252 2.2256 0.9851 0.0411 0.1821 0.2186 5.359 0.7177 -0.0524 0.6759 0.8056 4.4154 -0.0894 0.0894 0.7617 1 0
41 53 1148 14102 0 0 116 112 1.5322 115 0.8237 -0.6101 0.6101 0.6494 2.5593 0.7964 2.331 2.8051 3.574 22.1082 0.598 3.5224 3.5224 3.6626 11.0794 0.3703 0.3703 1.1767 1 1
41 54 341 22 0 0 0 0 1.0007 0 0.9671 -0.1025 0.1236 0.1402 2.109 0.9107 -0.0912 0.4415 0.7092 7.0089 0.6899 -0.1025 0.6851 0.8545 4.4228 -0.0204 0.0204 0.6905 1 0
41 55 321 585 0 0 0 0 1.0012 0 -0.875 0.1115 0.5379 0.6484 4.1596 0.741 -0.1124 1.1374 1.4915 17.4439 0.4829 -0.1388 0.8179 1.0246 5.403 0.0769 0.0769 0.918 1 0
41 56 260 20 0 0 0 0 1.0005 0 0.7209 -0.0854 0.1157 0.1683 2.1064 0.9884 -0.2458 0.3194 0.3948 3.9758 0.7685 -0.1677 0.5501 0.682 4.3156 -0.0169 0.0169 0.6184 1 0
41 57 423 764 0 0 0 0 1.0007 0 -0.968 -0.0637 0.1204 0.1652 1.6588 0.9568 -0.0185 0.6303 0.8081 9.8358 0.6847 -0.4273 0.7984 0.9869 5.5217 0.2357 0.2357 0.5511 1 0
41 58 368 135 0 0 0 0 1.0004 0 0.7354 -0.1479 0.213 0.3127 1.3922 0.985 0.4149 0.4149 0.4536 2.8131 0.8384 0.5691 0.7571 0.9147 4.3472 0.2125 0.2125 0.4165 1 0
41 59 290 61 0 0 0 0 1.0012 0 -8e-04 -0.0299 0.2571 0.2649 2.1139 0.951 -0.1093 0.4602 0.621 8.1953 0.6998 0.1293 0.6361 0.7891 4.5626 -0.007 0.007 0.7778 1 0
41 60 232 146 0 0 0 0 1.001 0 -0.9979 -0.1044 0.381 0.462 1.9816 0.9125 0.4287 0.7696 1.0997 11.9163 0.4796 0.1183 0.6975 0.8582 4.7391 -0.3668 0.3668 1.0989 1 0
41 61 554 681 0 0 0 0 1.0008 0 -0.2967 -0.2275 0.4209 0.4519 2.1943 0.9504 -0.4172 0.5988 0.6831 6.0812 0.7355 -0.4973 0.7188 0.8723 5.1459 0.1889 0.1889 0.599 1 0
41 62 900 1703 0 0 0 0 1.0006 0 0.5209 -0.2365 0.2696 0.3132 1.6775 0.96 -0.5804 0.785 0.955 6.876 0.7112 -0.6858 1.0374 1.2649 6.759 0.3491 0.3491 0.3801 1 0
41 63 282 69 0 0 0 0 1.0006 0 0.2485 -0.1435 0.273 0.3759 1.7811 0.9153 -0.3144 0.5193 0.5648 4.1192 0.7396 -0.4204 0.6473 0.7934 4.3047 0.1073 0.1073 0.5609 1 0
41 64 630 531 0 0 0 0 1.0003 0 0.9345 -0.2494 0.2575 0.3109 1.6519 0.9524 -0.4377 0.9728 1.0987 10.693 0.7019 -0.7608 1.0801 1.279 5.3715 0.267 0.267 0.456 1 0
41 65 384 1037 0 0 0 0 1.0006 0 0.9542 -0.451 0.451 0.4616 1.5369 0.982 0.0836 1.9248 2.5212 22.5465 0.5965 0.2054 0.7501 0.962 5.2572 0.1416 0.1416 0.8017 1 0
41 66 739 7350 0 0 0 0 1.0009 0 0.6381 -0.1365 0.3173 0.3387 2.0012 0.9412 -0.9657 0.9657 1.0811 7.0506 0.6893 -1.427 1.498 1.8692 8.4544 0.4016 0.4016 0.277 1 0
41 67 314 157 0 0 0 0 1.0006 0 -0.9021 0.2391 0.2661 0.314 2.0497 0.9854 -0.0369 0.2152 0.2573 6.2847 0.7357 -0.0088 0.6495 0.8161 5.0045 -0.1635 0.1635 0.9541 1 0
41 68 272 163 0 0 0 0 1.0006 0 -0.205 -0.2996 0.2996 0.362 1.8395 0.8913 -0.525 1.278 2.0717 25.1722 0.4361 0.1992 0.781 0.9935 4.5329 -0.6789 0.6789 1.3419 1 0
41 69 265 52 0 0 0 0 1.0009 0 -0.7833 -0.1349 0.2286 0.2496 2.5079 0.9857 -0.2051 0.5074 0.6781 11.4868 0.6465 0.1178 0.6195 0.7595 4.3052 -0.6054 0.6054 1.2183 1 0
41 70 558 806 0 0 0 0 1.0012 0 0.6778 -0.3635 0.3635 0.4228 1.5918 0.9329 -0.4857 1.4285 2.14 20.1199 0.5664 -0.1717 0.7283 0.8957 5.2762 0.1367 0.1367 0.8906 1 0
41 71 479 7491 0 0 111 87 1.1618 113 -0.9884 -0.194 0.194 0.3267 2.1138 0.7981 -0.4374 1.1678 1.6362 20.9608 0.5783 0.7031 0.8784 1.0786 7.4671 0.154 0.154 0.9179 1 1
41 72 870 2673 0 0 0 0 1.0018 0 0.427 -0.5701 0.5701 0.6236 1.1099 0.9093 -0.9003 2.1262 3.2552 35.3949 0.6493 0.8768 1.053 1.2885 7.113 0.3 0.3 0.6666 1 0
41 73 324 1129 0 0 0 0 1.005 0 0.7898 -0.3032 0.3093 0.3842 2.9339 0.9811 -0.2059 0.5792 0.7812 8.9023 0.7171 0.1944 0.6089 0.7649 5.6716 0.0823 0.0823 0.828 1 0
41 74 221 4 0 0 0 0 1.0005 0 0.768 0.2286 0.2286 0.2823 2.6284 0.9869 0.0928 0.2885 0.3217 3.7189 0.6937 0.0685 0.5982 0.7542 4.4876 -0.194 0.194 0.8538 1 0
41 75 266 135 0 0 0 0 1.0015 0 0.6191 -0.2842 0.2842 0.3302 1.7128 0.9793 0.5897 0.8421 1.1404 13.7524 0.7374 -0.0151 0.6227 0.7591 4.4616 0.0089 0.0089 0.6453 1 0
41 76 252 48 0 0 0 0 1.0005 0 0.2794 0.027 0.2669 0.3134 2.5353 0.9918 -0.0162 0.2322 0.35 8.2707 0.6638 0.0116 0.7535 0.9932 4.5113 -0.0202 0.0202 0.7448 1 0
41 77 261 47 0 0 0 0 1.0006 0 0.5418 -0.0877 0.1746 0.2336 1.7961 0.9475 -0.0409 0.3054 0.4118 4.0584 0.6686 -0.1112 0.7449 0.9477 4.4521 0.0325 0.0325 0.6329 1 0
41 78 389 2254 0 0 0 3 1.0036 0 0.841 -0.1622 0.3529 0.4622 1.9417 0.9597 -0.3024 0.5003 0.5467 7.6068 0.8222 -0.4199 0.6556 0.7981 5.5255 0.0971 0.0971 0.7745 1 1
41 79 336 201 0 0 0 0 1.0005 0 -0.3957 -0.1363 0.201 0.2521 1.4726 0.9636 -0.3192 0.4418 0.5018 3.1754 0.7394 -0.3811 0.663 0.8316 4.4668 0.0671 0.0671 0.6866 1 0
41 80 314 38 0 0 0 0 1.0005 0 -0.9042 0.0706 0.5346 0.5467 2.1705 0.9187 0.6642 0.6695 0.9555 11.157 0.6761 0.3117 0.7115 0.8885 4.4801 0.0262 0.0262 0.6289 1 0
41 81 311 178 0 0 0 0 1.0008 0 -0.3383 0.0647 0.2014 0.2468 1.7413 0.9649 0.2438 0.3799 0.4241 5.3225 0.7043 0.0218 0.7076 0.9269 4.6743 0.1656 0.1656 0.5512 1 0
41 82 470 450 0 0 0 0 1.0011 0 0.5124 -0.0897 0.4136 0.4226 2.6698 0.9275 -0.5829 0.5966 0.827 7.1568 0.6989 -0.2562 0.8353 1.0671 5.341 0.2675 0.2675 0.4376 1 0
41 83 261 42 0 0 0 0 1.0006 0 -0.2329 0.1164 0.3034 0.3686 3.5487 0.9693 -0.2364 0.2796 0.3399 3.4741 0.5169 -0.2905 0.7478 0.9026 4.3129 -0.0819 0.0819 0.7326 1 0
41 84 251 34 0 0 0 0 1.0007 0 -0.3196 -0.2216 0.3543 0.3747 1.7661 0.9384 -0.2992 0.8175 1.0782 11.2278 0.5094 -0.2497 0.7012 0.8686 4.6803 -0.722 0.722 1.125 1 0
41 85 261 418 0 0 0 0 1.0006 0 -0.1523 -0.0128 0.2346 0.2857 1.9585 0.8726 -0.3764 0.6555 0.8011 9.7907 0.6364 -0.3167 0.7214 0.8667 4.6193 -0.1199 0.1199 0.9722 1 0
41 86 245 16 0 0 0 0 1.0005 0 0.9567 -0.0061 0.0594 0.0662 1.7752 0.9644 0.0548 0.2938 0.4061 7.0262 0.7995 -0.0028 0.6021 0.7435 4.4099 -0.1342 0.1342 0.749 1 0
41 87 232 8 0 0 0 0 1.001 0 0.9854 0.4486 0.4486 0.4617 2.425 0.9897 -0.0277 0.1612 0.1984 2.4237 0.5848 -0.0716 0.6985 0.8724 4.082 -0.1872 0.1872 0.666 1 0
41 88 234 2 0 0 0 0 1.0009 0 0.8163 0.1326 0.2522 0.3033 2.3526 0.9416 -0.774 0.774 0.8464 4.5111 0.7568 -0.4388 0.7583 0.9156 4.2437 -0.1808 0.1808 0.7731 1 0
41 89 263 5 0 0 0 0 1.0006 0 0.8015 0.0871 0.137 0.1765 1.7142 0.9482 -0.4459 0.4459 0.6153 5.0186 0.7734 -0.0843 0.5907 0.7213 4.4291 0.0184 0.0184 0.5789 1 0
41 90 238 62 0 0 0 0 1.0004 0 0.9967 -0.0521 0.2919 0.3293 2.1395 0.9382 -0.4618 0.9198 1.2651 16.7432 0.7728 0.0679 0.7125 0.8757 4.7278 0.0121 0.0121 0.7235 1 0
41 91 312 2249 0 0 0 44 1.0338 8 0.3691 -0.0635 0.2919 0.314 2.6256 0.9765 -0.5056 0.5188 0.6235 5.9221 0.744 -0.3925 0.6768 0.8952 4.7514 0.0288 0.0288 0.8231 1 1
41 92 292 2021 0 0 87 72 1.0967 81 0.993 -0.443 0.443 0.4615 1.5913 0.9751 0.4447 0.969 1.191 13.0051 0.738 0.359 0.5873 0.7203 8.1531 0.0027 0.0027 1.1353 1 1
41 93 282 156 0 0 0 0 1.0004 0 0.6003 0.052 0.1176 0.1312 1.7002 0.9885 0.0442 0.2033 0.2334 2.9126 0.7928 0.0029 0.5247 0.66 5.319 0.0752 0.0752 0.6268 1 0
41 94 844 936 0 0 0 0 1.0008 0 -0.8229 -0.1298 0.2265 0.2436 1.2687 0.8932 0.7864 0.8689 0.9719 4.1664 0.609 1.1203 1.321 1.5192 5.2385 0.3479 0.3479 0.3276 1 0
41 95 253 158 0 0 0 0 1.0005 0 0.3746 -0.0671 0.1688 0.2074 1.9848 0.9302 -0.0897 0.5308 0.731 8.1033 0.6745 0.0855 0.6372 0.7932 4.7238 0.0135 0.0135 0.8143 1 0
41 96 383 309 0 0 0 0 1.0003 0 -0.9321 -0.2717 0.6859 0.6967 2.1173 0.9655 0.9856 1.1176 1.4264 11.3162 0.7219 0.6253 0.8896 1.0818 4.8958 0.2253 0.2253 0.4595 1 0
41 97 264 5 0 0 0 0 1.0003 0 -0.0164 2e-04 0.2554 0.291 2.1055 0.9895 0.056 0.367 0.4809 11.5048 0.6603 -0.1671 0.6669 0.8329 4.2641 -0.1442 0.1442 0.7846 1 0
41 98 276 187 0 0 0 0 1.0007 0 0.9552 -0.1571 0.1571 0.1624 1.8181 0.9943 -0.1375 0.3631 0.45 9.1529 0.7494 0.2645 0.6281 0.8047 4.7287 0.0737 0.0737 0.6966 1 0
41 99 251 105 0 0 0 0 1.0004 0 -0.3915 -0.2972 0.2972 0.3418 1.77 0.994 -0.2205 0.6308 0.768 7.8096 0.6309 -0.0243 0.6579 0.862 4.5719 -0.0756 0.0756 0.9406 1 0
41 100 273 169 0 0 0 0 1.0007 0 0.7551 -0.0608 0.2107 0.2598 1.9309 0.8461 0.1963 0.4982 0.835 9.9157 0.83 0.1467 0.5689 0.7207 4.445 0.0796 0.0796 0.6946 1 0
41 101 2802 10339 0 2721 0 0 1.0019 0 0.7259 -0.3919 0.4039 0.5251 2.7251 0.8918 4.2796 4.4087 6.4322 49.2119 0.4077 2.5357 2.5627 2.7843 8.7149 0.4086 0.4086 0.6159 1 1
41 102 499 554 0 0 0 0 1.0025 0 -0.9608 -0.2167 0.3576 0.3761 3.3466 0.9573 1.1532 1.6578 2.5057 28.8876 0.5616 -0.2411 0.6649 0.8403 5.0686 -0.1482 0.1482 1.2014 1 0
41 103 775 1088 0 0 0 0 1.0024 0 0.9963 -0.2443 0.2443 0.2753 2.6612 0.8167 -0.404 0.9048 0.981 8.1692 0.7805 -0.9202 0.9854 1.1522 5.9049 0.2502 0.2502 0.5273 1 0
41 104 261 10 0 0 0 0 1.0003 0 -0.0938 -0.2894 0.4681 0.4897 1.7879 0.9772 0.1795 0.4122 0.508 5.7357 0.8123 0.3631 0.5523 0.7388 4.3275 -0.0921 0.0921 0.6626 1 0
41 105 272 18 0 0 0 0 1.0012 0 0.8867 -0.025 0.0765 0.0796 1.9996 0.9886 0.2101 0.2202 0.2723 4.0171 0.8161 0.2156 0.5639 0.7071 4.2006 -0.0337 0.0337 0.7045 1 0
41 106 600 550 0 0 0 0 1.0012 0 0.4888 -0.0423 0.5719 0.5943 3.6837 0.9533 -0.1703 1.1249 1.6121 17.7984 0.7173 0.5879 0.9338 1.1243 5.5839 0.1238 0.1238 0.7487 1 0
41 107 248 13 0 0 0 0 1.0005 0 0.8953 0.0679 0.0962 0.1261 2.3958 0.9732 0.1711 0.2726 0.3062 3.0604 0.777 0.1399 0.6167 0.7451 4.2837 -0.1634 0.1634 0.7958 1 0
41 108 221 9 0 0 0 0 1.0015 0 0.9612 -0.194 0.4057 0.4105 1.8587 0.9851 -0.4699 0.471 0.5098 2.8486 0.7868 -0.2755 0.562 0.7207 4.1028 -0.1928 0.1928 0.7357 1 0
41 109 254 22 0 0 0 0 1.0003 0 0.954 -0.2207 0.2207 0.2712 2.1358 0.9229 -0.2963 0.5299 0.6823 8.4556 0.6787 -0.3668 0.6282 0.8056 4.3892 -0.1182 0.1182 0.8235 1 0
41 110 252 330 0 0 0 0 1.0016 0 0.434 -0.1876 0.2136 0.2805 2.0191 0.9951 0.0438 0.6777 0.7952 9.814 0.633 -0.3656 0.7252 0.8893 4.5575 -0.4338 0.4338 1.261 1 0
41 111 252 3 0 0 0 0 1.0016 0 -0.5086 0.1643 0.4994 0.6233 3.7456 0.9725 -0.7034 0.9039 1.5709 22.0107 0.6506 -0.2403 0.7531 0.9225 4.2201 -0.1683 0.1683 0.7445 1 0
41 112 254 38 0 0 0 0 1.0013 0 0.4366 -0.0871 0.2981 0.3195 2.0723 0.9854 0.4105 0.5585 0.7014 10.6695 0.6491 0.3084 0.6309 0.7977 4.4361 -0.1869 0.1869 0.9598 1 0
41 113 272 93 0 0 0 0 1.0008 0 0.0376 -0.1893 0.4235 0.5572 1.8011 0.9293 0.4366 0.8045 0.8382 5.8405 0.7264 0.5347 0.7215 0.8627 4.4541 -0.0147 0.0147 0.7632 1 0
41 114 289 400 0 0 0 0 1.0004 0 -0.0202 -0.1691 0.3067 0.3203 1.8368 0.9799 0.0353 0.1466 0.1896 3.8111 0.8146 0.1498 0.5314 0.6638 4.4693 0.1208 0.1208 0.6054 1 0
41 115 243 49 0 0 0 0 1.0003 0 -0.6812 0.1057 0.1149 0.1528 1.9092 0.9888 -0.219 0.2507 0.2864 4.6351 0.7071 -0.021 0.697 0.8926 4.4824 -0.2904 0.2904 1.0556 1 0
41 116 274 442 0 0 0 0 1.0004 0 -0.9787 -0.2464 0.5215 0.5373 2.4783 0.9497 0.7504 1.0299 1.3966 14.5789 0.6598 -0.2331 0.733 0.946 4.7705 0.0128 0.0128 0.8617 1 0
41 117 486 1411 0 0 0 0 1.0013 0 -0.6898 -0.0301 0.2319 0.2418 2.482 0.9355 -0.0658 0.3395 0.4592 6.5553 0.7503 0.2147 0.6182 0.8122 6.2079 0.0295 0.0295 1.0584 1 0
41 118 244 23 0 0 0 0 1.0004 0 -0.4503 0.0304 0.1925 0.2238 2.25 0.9772 0.0764 0.2298 0.2757 2.9891 0.7133 0.1244 0.6575 0.8268 4.512 -0.106 0.106 0.7375 1 0
41 119 254 3 0 0 0 0 1.0003 0 -0.1105 0.08 0.4172 0.425 2.1259 0.9563 0.53 0.5358 0.7557 8.8447 0.7001 0.13 0.6491 0.7931 4.2504 -0.1343 0.1343 0.7135 1 0
41 120 259 145 0 0 0 0 1.0012 0 -0.999 -0.1174 0.153 0.1842 1.7852 0.9681 -0.1554 0.593 0.7375 9.6965 0.7037 -0.0062 0.5655 0.7194 4.5233 -0.2201 0.2201 0.9664 1 0
41 121 259 77 0 0 0 0 1.0009 0 -0.9274 -0.1353 0.2726 0.3677 2.9174 0.9781 -0.1727 1.2326 1.7289 21.8963 0.6341 0.4674 0.7216 0.8983 4.6339 -0.4494 0.4494 1.2371 1 0
41 122 255 19 0 0 0 0 1.0018 0 -0.8284 0.0304 0.3972 0.4423 3.2114 0.9894 -0.2282 0.3558 0.5235 8.9078 0.6685 -0.0033 0.6478 0.8125 4.2713 -0.1586 0.1586 0.8277 1 0
41 123 257 1 0 0 0 0 1.0006 0 0.3621 0.2069 0.2069 0.2463 1.8544 0.9888 -0.0801 0.1772 0.2094 2.7619 0.7484 -0.098 0.5613 0.686 4.8266 -0.3134 0.3134 0.9827 1 0
41 124 311 38 0 0 0 0 1.0008 0 0.3542 -0.1465 0.3373 0.3399 2.5079 0.9294 -0.6784 0.7135 1.1929 14.3611 0.7543 -0.2703 0.6899 0.8485 4.3899 -0.0504 0.0504 0.7712 1 0
41 125 261 827 0 0 0 0 1.0032 0 0.4545 0.1794 0.1794 0.2442 2.5119 0.9518 0.4208 0.5055 0.6046 9.3129 0.6098 0.3273 0.8541 1.0513 4.5602 -0.2763 0.2763 1.1731 1 0
41 126 260 34 0 0 0 0 1.0006 0 -0.4723 -0.0201 0.1495 0.1554 2.1819 0.9795 0.1935 0.2654 0.4164 6.2676 0.7147 0.117 0.6427 0.842 4.4927 -0.2049 0.2049 0.9657 1 0
41 127 255 13 0 0 0 0 1.0003 0 -0.2334 0.0459 0.2048 0.2165 2.0434 0.8823 -0.293 0.5607 0.6228 5.8571 0.6402 -0.1455 0.7592 0.98 4.2765 -0.1546 0.1546 0.7498 1 0
41 128 264 288 0 0 0 0 1.0008 0 0.8107 -0.0614 0.1822 0.2145 2.133 0.9748 -0.0089 0.2451 0.3124 7.8943 0.6708 0.0417 0.6271 0.8263 5.1832 -0.1717 0.1717 1.126 1 0
41 129 1103 3801 0 0 86 57 1.0432 71 0.9938 -0.3566 0.3566 0.3611 2.857 0.9827 -0.6382 1.1126 1.36 14.8534 0.6784 0.5351 0.722 0.9403 8.8905 0.0981 0.0981 1.1176 1 1
41 130 566 505 0 0 0 0 1.0022 0 0.837 -0.3866 0.3866 0.4209 2.1398 0.9664 -0.7153 0.8177 1.1484 12.8126 0.7716 -0.1062 0.5787 0.7457 5.2787 0.0507 0.0507 0.7542 1 0
41 131 264 60 0 0 0 0 1.0007 0 0.9931 -0.2596 0.2596 0.2833 1.5606 0.981 -0.0174 0.4349 0.5169 4.0786 0.7047 0.0243 0.5576 0.7077 4.6982 0.0869 0.0869 0.6629 1 0
41 132 501 675 0 0 0 0 1.0009 0 -0.6875 0.2599 0.3435 0.4581 2.9511 0.9851 -0.5841 0.5841 0.6093 3.7646 0.6732 -0.418 0.8024 0.9976 4.9486 0.073 0.073 0.7289 1 0
41 133 241 137 0 0 0 0 1.0005 0 -0.4939 -0.2364 0.2364 0.2741 1.9053 0.991 0.2011 0.5548 0.7233 9.0125 0.7158 0.0972 0.7694 0.9462 4.5446 -0.2948 0.2948 1.1758 1 0
41 134 255 10 0 0 0 0 1.0008 0 0.3302 0.1531 0.1679 0.2642 2.1466 0.9876 -0.4331 0.4331 0.4739 3.6864 0.8023 -0.4538 0.7506 0.9422 4.7445 0.0031 0.0031 0.6022 1 0
41 135 475 1286 0 0 0 0 1.0049 0 0.3946 -0.5097 0.5097 0.6163 2.4727 0.9826 -0.1781 0.5791 0.6868 8.1321 0.7059 -0.4386 0.7122 0.898 6.6097 0.0688 0.0688 0.8533 1 0
41 136 242 50 0 0 0 0 1.0006 0 0.4584 -0.0627 0.0937 0.1367 1.755 0.9613 0.3625 0.6657 0.7734 8.0732 0.7021 0.3139 0.7538 0.8964 4.6817 -0.0572 0.0572 0.8813 1 0
41 137 261 2 0 0 0 0 1.0005 0 -0.9202 -0.0639 0.4182 0.4903 2.2542 0.9535 -0.5784 0.6025 0.9034 8.2453 0.6398 -0.1633 0.5936 0.7551 4.2352 -0.2183 0.2183 0.7984 1 0
41 138 367 722 0 0 0 0 1.0018 0 -0.2872 0.0391 0.4128 0.4552 2.144 0.9018 0.2466 0.502 0.702 9.4872 0.7104 -0.1582 0.5694 0.7275 5.021 0.1052 0.1052 0.6803 1 0
41 139 609 689 0 0 0 0 1.0009 0 0.9438 -0.3462 0.3462 0.3598 1.3884 0.9665 0.0315 0.4379 0.5725 4.8521 0.8066 -0.4096 0.7142 0.8596 5.0436 0.2947 0.2947 0.4258 1 0
41 140 307 445 0 0 0 0 1.0005 0 0.9935 -0.2432 0.2432 0.2575 1.9702 0.9692 -0.1425 0.5641 0.6849 10.8642 0.7589 -0.3936 0.6285 0.8018 4.6141 0.0079 0.0079 0.7317 1 0
41 141 260 17 0 0 0 0 1.0004 0 0.9814 0.1395 0.2568 0.2968 2.2831 0.9516 -0.1393 0.3464 0.4387 4.3304 0.7391 0.1107 0.5867 0.785 4.1953 0.0596 0.0596 0.5412 1 0
41 142 425 697 0 0 0 0 1.0007 0 0.0518 -0.2865 0.2865 0.3127 1.536 0.9743 0.0965 0.3666 0.4271 4.5277 0.7328 0.2599 0.7075 0.8758 5.3332 0.2333 0.2333 0.523 1 0
41 143 1506 4291 0 0 0 0 1.0015 0 0.9219 -0.5007 0.5007 0.5159 1.8492 0.9609 2.3471 2.4773 4.1549 35.1078 0.6393 1.5569 1.6346 1.8742 7.9446 0.3753 0.3753 0.4699 1 0
41 144 344 193 0 0 0 0 1.0005 0 0.8748 -0.1363 0.1363 0.1425 1.4166 0.9867 0.1554 0.3082 0.4236 4.6646 0.7804 0.1712 0.7529 0.9357 5.0661 0.137 0.137 0.6208 1 0
41 145 266 18 0 0 0 0 1.0005 0 0.8454 -0.0045 0.0977 0.1066 1.8186 0.9936 -0.1146 0.148 0.1806 3.1303 0.7521 -0.0489 0.5391 0.6625 4.5637 -0.0534 0.0534 0.6871 1 0
41 146 259 191 0 0 0 0 1.0004 0 0.9499 0.0553 0.4022 0.4497 2.6658 0.9843 -0.0059 0.4746 0.6044 9.1445 0.714 -0.1677 0.6082 0.8147 4.9203 0.1164 0.1164 0.6528 1 0
41 147 711 880 0 0 0 0 1.0006 0 0.8675 -0.319 0.319 0.3774 1.6934 0.9677 -0.8888 0.9357 1.2744 8.3135 0.7034 -1.0029 1.1886 1.4007 6.0155 0.3424 0.3424 0.3417 1 0
41 148 242 592 0 0 0 0 1.0011 0 0.9656 -0.3715 0.3715 0.4214 1.4893 0.9921 0.2601 1.5045 1.859 22.0058 0.6851 0.2954 0.6739 0.8685 4.9023 -0.1745 0.1745 1.2882 1 0
41 149 249 183 0 0 0 0 1.0007 0 -0.9951 -0.0379 0.4492 0.4967 2.6148 0.9587 0.3757 0.5006 0.7144 11.9227 0.7251 -0.0701 0.6498 0.8212 4.6986 -0.1657 0.1657 1.1393 1 0
41 150 386 79 0 0 0 0 1.0008 0 0.9744 -0.1916 0.1916 0.2483 1.4187 0.9376 -0.235 0.5237 0.5931 6.1007 0.7822 -0.1263 0.5659 0.7148 5.0087 0.0783 0.0783 0.6783 1 0
41 151 670 870 0 0 0 0 1.0007 0 0.6893 -0.4976 0.4976 0.5041 1.4892 0.9859 -0.6607 0.7829 0.9728 6.3955 0.8051 -0.9765 1.1232 1.3344 5.8512 0.3522 0.3522 0.3142 1 0
41 152 283 762 0 0 0 0 1.0018 0 -0.9943 -0.2459 0.2702 0.4139 1.957 0.9801 1.0457 1.1981 1.8025 16.613 0.6464 0.2542 0.6543 0.8221 4.8208 -0.0256 0.0256 1.0181 1 0
41 153 383 172 0 0 0 0 1.0013 0 0.998 -0.1678 0.1678 0.1726 1.42 0.9768 0.0656 0.3562 0.4087 4.9731 0.7961 -0.029 0.5808 0.7188 4.5707 0.0979 0.0979 0.6684 1 0
41 154 264 35 0 0 0 0 1.0007 0 0.8659 0.1053 0.1313 0.1514 1.5789 0.975 -0.3992 0.4322 0.5193 2.5424 0.7911 -0.2321 0.6507 0.8026 4.3672 -0.0136 0.0136 0.6105 1 0
41 155 246 93 0 0 0 0 1.0012 0 -0.6031 -0.0435 0.4314 0.48 2.7435 0.9187 -0.0963 1.2209 1.5525 18.8423 0.4795 -0.3448 0.788 0.9873 4.5964 -0.3866 0.3866 1.2664 1 0
41 156 256 36 0 0 0 0 1.0005 0 -0.1845 0.012 0.3037 0.3656 1.8531 0.9248 -0.1721 0.3529 0.4902 3.8064 0.6434 -0.1864 0.6285 0.7912 4.7655 -0.0943 0.0943 0.7497 1 0
41 157 265 30 0 0 0 0 1.0003 0 0.0282 -0.0239 0.3864 0.4094 2.3271 0.9152 0.2161 0.5213 0.6451 5.3345 0.6434 0.1254 0.6966 0.8473 4.6679 0.061 0.061 0.6611 1 0
41 158 230 241 0 0 0 0 1.0009 0 0.5866 0.301 0.301 0.3297 2.6803 0.9763 -0.6166 0.6166 0.6996 2.8943 0.7671 -0.1919 0.7279 0.8746 4.6729 -0.1806 0.1806 1.025 1 0
41 159 247 119 0 0 0 0 1.0009 0 0.7663 0.0366 0.2051 0.2251 2.8704 0.9152 -0.0955 0.443 0.6859 9.7955 0.7305 0.1081 0.5995 0.7903 4.5543 -0.1947 0.1947 0.9832 1 0
41 160 262 18 0 0 0 0 1.0006 0 0.5526 -0.078 0.4095 0.4687 1.6683 0.9724 0.3907 0.4255 0.4824 3.1021 0.731 0.1715 0.6816 0.8849 4.5038 0.0924 0.0924 0.5068 1 0
41 161 243 12 0 0 0 0 1.0004 0 0.7541 0.2832 0.3241 0.4859 2.4013 0.9822 0.2873 0.2881 0.3399 3.9955 0.6273 0.384 0.7461 0.9929 4.5747 -0.0083 0.0083 0.5905 1 0
41 162 405 299 0 0 0 0 1.0013 0 -0.9549 -0.1119 0.2919 0.3713 2.0574 0.9564 -0.0558 0.5785 0.6996 11.2123 0.7147 0.3343 0.725 0.8923 5.0407 -0.0198 0.0198 0.9066 1 0
41 163 255 210 0 0 0 0 1.0002 0 0.4649 -0.0183 0.3538 0.375 2.2165 0.8797 -0.0493 0.7301 0.8078 7.6189 0.584 0.2643 0.6975 0.8999 4.5534 0.1683 0.1683 0.4961 1 0
41 164 252 2 0 0 0 0 1.0009 0 0.7086 -0.0289 0.2473 0.2711 2.3179 0.9819 0.2908 0.2956 0.3804 5.8189 0.7613 0.2232 0.6266 0.7884 4.6338 -0.2867 0.2867 0.8778 1 0
41 165 263 79 0 0 0 0 1.0003 0 0.522 -0.2469 0.2469 0.3612 1.4056 0.9861 0.5653 0.6468 0.7393 4.3692 0.7105 0.4819 0.7624 0.9117 4.8814 0.1105 0.1105 0.5641 1 0
41 166 378 199 0 0 0 0 1.0008 0 0.9809 -0.0609 0.2812 0.2903 2.59 0.9445 0.0959 0.5258 0.7416 7.971 0.7092 0.0015 0.6158 0.7629 4.6782 0.1267 0.1267 0.6098 1 0
41 167 367 288 0 0 0 0 1.0009 0 -0.7094 -0.1021 0.3899 0.4398 1.8652 0.94 0.3254 0.4344 0.6795 7.1968 0.8293 0.2644 0.5545 0.7011 4.7445 0.1165 0.1165 0.6972 1 0
41 168 264 120 0 0 0 0 1.0005 0 -0.8522 -0.1696 0.1696 0.2028 1.4441 0.9824 0.3919 0.4523 0.5926 5.0521 0.7361 0.2254 0.6986 0.8707 4.6864 0.0565 0.0565 0.6847 1 0
41 169 541 136 0 0 0 0 1.0008 0 0.8017 -0.2811 0.2811 0.2889 2.0205 0.9964 0.3722 0.524 0.6583 10.1058 0.712 0.0384 0.5817 0.7386 4.6858 -0.0471 0.0471 1.0091 1 0
41 170 249 5 0 0 0 0 1.0006 0 0.9728 -0.1875 0.1875 0.1963 1.6145 0.9844 0.5495 0.8113 1.0393 11.0098 0.7136 0.2055 0.5579 0.7027 4.5022 -0.1416 0.1416 0.818 1 0
41 171 336 64 0 0 0 0 1.0005 0 0.8851 0.1838 0.1838 0.2049 1.7726 0.9833 -0.2332 0.2925 0.3386 2.4186 0.7247 -0.1838 0.7275 0.8664 4.7317 0.1323 0.1323 0.5485 1 0
41 172 342 280 0 0 0 0 1.0008 0 -0.9973 -0.1404 0.3515 0.3525 1.7594 0.9085 0.1877 0.7055 0.8507 7.0341 0.6374 -0.118 0.6517 0.8443 4.7422 0.0521 0.0521 0.743 1 0
41 173 266 177 0 0 0 0 1.0005 0 1 0.0868 0.266 0.273 2.0831 0.9742 -0.1585 0.3142 0.3779 4.5283 0.8015 -0.257 0.6671 0.8174 5.0831 0.1132 0.1132 0.5943 1 0
41 174 372 663 0 0 0 0 1.0014 0 -0.9872 -0.066 0.1329 0.1737 2.1284 0.9641 0.34 0.5297 0.6663 8.0417 0.5041 -0.0586 0.7186 0.9447 5.089 0.0105 0.0105 0.974 1 0
41 175 266 16 0 0 0 0 1.0005 0 -0.0566 -0.0247 0.2417 0.2947 1.8241 0.9543 0.0517 0.329 0.4261 4.1187 0.7211 0.0858 0.6157 0.8139 4.2305 -0.0781 0.0781 0.7178 1 0
41 176 334 755 0 0 0 0 1.001 0 0.9944 -0.0698 0.1041 0.145 2.0894 0.9876 -0.0661 0.1484 0.2006 3.7685 0.772 0.0593 0.6262 0.7702 5.126 0.1681 0.1681 0.633 1 0
41 177 394 193 0 0 0 0 1.0003 0 -0.3052 -0.0272 0.1949 0.2279 1.5322 0.927 -0.3095 0.4039 0.4889 2.6642 0.6798 -0.0877 0.8384 1.0362 4.6208 0.2271 0.2271 0.4414 1 0
41 178 227 1 0 0 0 0 1.0009 0 -0.5437 0.261 0.4667 0.5705 2.6735 0.9859 -0.2828 0.2828 0.327 2.4587 0.6772 -0.24 0.745 0.9385 4.0567 -0.1253 0.1253 0.6632 1 0
41 179 272 215 0 0 0 0 1.0006 0 0.3423 -0.0036 0.0849 0.0951 1.623 0.9225 0.2579 0.4493 0.5545 5.4064 0.6574 0.3745 0.779 1.0037 4.84 0.1406 0.1406 0.6057 1 0
41 180 261 7 0 0 0 0 1.0005 0 -0.9828 0.2378 0.2763 0.343 1.8773 0.972 0.2168 0.3174 0.4329 2.2673 0.7198 -0.0243 0.6336 0.8174 4.0886 -0.1114 0.1114 0.6704 1 0
41 181 508 394 0 0 0 0 1.0002 0 0.8288 -0.0512 0.1865 0.2122 2.1711 0.9691 0.5514 0.5514 0.5981 2.9663 0.8481 0.5882 0.7518 0.9594 5.2633 0.2955 0.2955 0.3693 1 0
41 182 239 64 0 0 0 0 1.0004 0 0.8004 0.0962 0.0962 0.1197 2.1628 0.9465 -0.116 0.3138 0.3716 4.5032 0.6571 0.0256 0.7003 0.9077 4.235 -0.0272 0.0272 0.7566 1 0
41 183 420 682 0 0 0 0 1.0004 0 0.8306 -0.333 0.333 0.3356 1.491 0.9663 -0.278 0.5664 0.6609 6.1116 0.7633 -0.4811 0.7241 0.8856 5.231 0.185 0.185 0.63 1 0
41 184 335 805 0 0 0 0 1.0034 0 0.4065 -0.2091 0.2424 0.2794 1.9584 0.9636 0.039 0.5421 0.6745 8.3059 0.6956 -0.4394 0.7621 0.9357 5.2847 0.1487 0.1487 0.6229 1 0
41 185 298 13 0 0 0 0 1.0011 0 -0.8946 -0.03 0.3979 0.4808 2.4258 0.9552 0.1681 0.5283 0.6207 8.563 0.4873 -0.105 0.7853 0.9559 4.249 -0.3496 0.3496 0.9299 1 0
41 186 252 9864 0 0 114 116 33.5016 114 0.8695 -0.0892 0.1448 0.1569 1.8394 0.6133 2.8618 2.8618 4.2631 34.4456 0.0711 1.8173 2.0328 2.4464 15.7762 0.2465 0.2465 0.7654 1 1
41 187 246 21 0 0 0 0 1.0009 0 -0.0963 -0.1677 0.394 0.4056 2.8201 0.9304 1.1663 1.2188 2.0342 23.3242 0.5631 0.4252 0.7707 0.9768 4.6031 -0.537 0.537 1.1275 1 0
41 188 251 92 0 0 0 0 1.001 0 -0.1991 -0.3455 0.3455 0.405 2.8111 0.9787 0.7464 1.3459 1.8376 23.6951 0.5442 -0.1072 0.6604 0.8756 4.7453 -0.5079 0.5079 1.2742 1 0
41 189 262 8 0 0 0 0 1.0006 0 0.8652 0.1162 0.1162 0.1353 1.7229 0.9581 0.1429 0.2463 0.2927 2.2616 0.7737 0.1498 0.6742 0.8062 4.6026 0.0639 0.0639 0.5904 1 0
41 190 385 518 0 0 0 0 1.0016 0 -0.131 -0.1013 0.3864 0.3912 2.2798 0.967 -0.6159 0.6234 0.7648 6.1612 0.8116 -0.4833 0.7048 0.8424 5.0694 0.0126 0.0126 0.8441 1 0
41 191 343 120 0 0 0 0 1.0003 0 -0.983 0.0662 0.2211 0.2826 2.1059 0.9878 0.1287 0.2125 0.2909 5.8124 0.758 0.08 0.6723 0.8395 4.5288 0.0252 0.0252 0.7347 1 0
41 192 278 194 0 0 0 0 1.0016 0 -0.961 -0.2582 0.2927 0.3546 2.0619 0.9493 0.1387 0.9043 1.2101 14.4201 0.6185 0.1362 0.6113 0.7665 4.5778 -0.1424 0.1424 0.9834 1 0
41 193 269 86 0 0 0 0 1.0003 0 -0.1856 -0.0406 0.0598 0.0744 1.6574 0.9793 0.2075 0.5437 0.6528 8.814 0.6126 -0.1165 0.7658 0.9356 4.4832 -0.1568 0.1568 0.9752 1 0
41 194 275 47 0 0 0 0 1.0015 0 0.9657 0.1645 0.1645 0.1768 2.4194 0.9792 -0.4568 0.4568 0.4884 2.8614 0.7679 -0.0308 0.537 0.7023 4.2723 -0.1052 0.1052 0.7288 1 0
41 195 246 122 0 0 0 0 1.0006 0 0.4044 -0.0577 0.17 0.1749 1.8916 0.9911 0.766 0.766 0.8838 11.5556 0.525 0.1654 0.74 0.9538 4.3786 -0.1836 0.1836 0.9711 1 0
41 196 1209 3764 0 0 0 0 1.0007 0 -0.3437 -0.3322 0.4825 0.5178 1.3292 0.8509 -0.5456 1.1068 1.274 10.943 0.5989 -1.3651 1.5462 1.7913 6.8443 0.3925 0.3925 0.3016 1 0
41 197 265 211 0 0 0 0 1.0012 0 0.2622 -0.0991 0.2902 0.2905 2.0594 0.9544 -0.0596 0.4378 0.534 5.01 0.6479 0.0723 0.6174 0.8147 4.6839 0.0177 0.0177 0.7073 1 0
41 198 327 90 0 0 0 0 1.0015 0 0.7556 0.0707 0.4314 0.4883 2.8105 0.9086 -0.574 1.0275 1.4249 17.2584 0.5131 0.2736 0.7611 0.9716 4.3061 -0.0257 0.0257 0.7586 1 0
41 199 245 1 0 0 0 0 1.001 0 0.387 0.2796 0.2802 0.3956 3.0122 0.9403 -0.0371 0.2921 0.3506 4.9868 0.7151 0.2631 0.7905 0.9711 4.1522 -0.2083 0.2083 0.7456 1 0
41 200 478 196 0 0 0 0 1.0006 0 -0.12 -0.0868 0.2975 0.3051 2.2386 0.9928 0.012 0.2291 0.2535 6.8545 0.8062 0.2245 0.6155 0.769 4.4102 0.1525 0.1525 0.549 1 0
41 201 250 4 0 0 0 0 1.0003 0 -0.8353 0.401 0.6856 0.8307 3.6843 0.9448 0.3288 0.374 0.4655 4.4353 0.6492 0.3027 0.8214 1.022 4.3675 -0.101 0.101 0.6004 1 0
41 202 549 124 0 0 0 0 1.0005 0 0.7481 0.039 0.2441 0.2854 2.0896 0.9316 -0.1034 0.4254 0.5459 4.0107 0.6566 -0.0958 0.6406 0.8036 4.769 0.0829 0.0829 0.6347 1 0
41 203 267 14 0 0 0 0 1.0017 0 0.8862 -0.1848 0.1848 0.2555 1.8053 0.9536 0.9936 1.0792 1.7703 19.1785 0.6143 0.1613 0.628 0.7716 4.3744 -0.1909 0.1909 0.8447 1 0
41 204 251 17 0 0 0 0 1.0005 0 -0.3037 -0.0999 0.2946 0.3281 1.8187 0.9851 0.128 0.2196 0.2777 5.3034 0.7039 -0.1481 0.6596 0.8622 4.3033 0.0284 0.0284 0.5757 1 0
41 205 304 69 0 0 0 0 1.0005 0 0.9866 0.0989 0.1029 0.1328 2.0064 0.9829 -0.0444 0.2023 0.2279 4.3147 0.7041 -0.0975 0.7321 0.897 4.6544 0.0884 0.0884 0.6353 1 0
41 206 315 189 0 0 0 0 1.0007 0 0.5036 -0.2045 0.3306 0.3549 1.8974 0.9684 -0.8417 1.1375 1.6126 17.43 0.6352 -0.0859 0.5509 0.7325 5.036 -0.1162 0.1162 0.961 1 0
41 207 320 1060 0 0 0 0 1.0012 0 0.9989 -0.2049 0.2049 0.2177 1.9438 0.984 -0.009 0.4941 0.5753 7.8135 0.8177 -0.2318 0.5444 0.6988 4.9642 -0.1366 0.1366 1.1808 1 0
41 208 429 2056 0 0 0 0 1.002 0 0.3767 -0.1921 0.3487 0.3593 2.109 0.9387 -0.4879 0.724 1.1214 17.3216 0.7354 0.1972 0.7581 0.9463 5.7981 -0.035 0.035 1.0536 1 0
41 209 270 321 0 0 0 0 1.0009 0 -0.5741 -0.1311 0.2846 0.2872 1.5132 0.978 0.6073 0.7434 0.9622 8.0401 0.7213 0.2005 0.709 0.8852 4.9826 0.2207 0.2207 0.5571 1 0
41 210 336 1337 0 0 0 0 1.0057 0 -0.7576 -0.1716 0.1813 0.2172 1.7874 0.9751 -0.2027 0.734 0.885 13.6303 0.6824 0.2099 0.5777 0.7134 5.1889 -0.0828 0.0828 1.1137 1 0
41 211 262 76 0 0 0 0 1.0007 0 -0.0471 -0.1014 0.4009 0.4166 2.0789 0.9443 0.1256 0.4263 0.4903 5.9888 0.625 0.1832 0.7617 0.9097 4.5812 0.0579 0.0579 0.7398 1 0
41 212 235 1 0 0 0 0 1.0003 0 -0.4938 0.1737 0.2478 0.3045 2.1225 0.9881 0.1589 0.1612 0.217 2.8483 0.5617 0.085 0.6942 0.8842 4.6094 -0.4856 0.4856 0.8874 1 0
41 213 251 196 0 0 0 0 1.0012 0 -0.8434 -0.0358 0.4517 0.4931 2.1881 0.8787 0.0096 0.8734 1.3054 13.9914 0.6338 -0.4923 0.7056 0.9024 4.7517 -0.014 0.014 0.7759 1 0
41 214 348 572 0 0 0 0 1.0008 0 0.264 -0.2787 0.2787 0.3741 1.4918 0.9649 -0.1285 0.6421 0.79 9.2529 0.6976 0.1211 0.6747 0.8374 4.9791 0.0608 0.0608 0.822 1 0
41 215 254 54 0 0 0 0 1.0003 0 0.9239 -0.0098 0.0889 0.1055 2.0629 0.8906 -0.0356 0.4789 0.6114 7.8081 0.7202 -0.0247 0.551 0.6988 4.34 -0.135 0.135 0.868 1 0
41 216 266 15 0 0 0 0 1.0002 0 -0.3507 0.0955 0.2198 0.2473 1.8351 0.9457 0.1763 0.3764 0.4617 3.8623 0.6211 0.052 0.7061 0.8579 4.407 -0.0501 0.0501 0.6929 1 0
41 217 259 35 0 0 0 0 1.0008 0 0.7142 0.352 0.352 0.5421 2.3731 0.8853 0.3552 0.4954 0.5585 2.2996 0.7788 0.2141 0.602 0.7504 4.6528 0.1241 0.1241 0.5198 1 0
41 218 255 2 0 0 0 0 1.0002 0 0.9892 0.1486 0.2653 0.2731 1.9113 0.9842 -0.0126 0.2321 0.2913 8.2034 0.7306 0.0083 0.583 0.7143 4.2384 -0.3268 0.3268 0.7075 1 0
41 219 251 70 0 0 0 0 1.0003 0 0.9241 0.3057 0.3352 0.4076 2.0848 0.8509 -0.5006 0.5843 0.7312 4.6979 0.6962 -0.232 0.7003 0.8854 4.3594 0.0105 0.0105 0.6428 1 0
41 220 222 3 0 0 0 0 1.0014 0 0.6258 0.0133 0.1446 0.1589 1.9905 0.9829 -0.2083 0.3526 0.4273 7.1306 0.5962 -0.2104 0.6892 0.8799 4.2488 -0.2877 0.2877 0.8819 1 0
41 221 260 6 0 0 0 0 1.0004 0 0.5981 0.1753 0.2083 0.2981 2.0787 0.9787 -0.2712 0.2947 0.3529 3.3353 0.7449 -0.1256 0.6569 0.8575 4.3252 -0.0117 0.0117 0.5951 1 0
41 222 410 194 0 0 0 0 1.0003 0 0.9738 0.0506 0.1896 0.2265 1.9354 0.9694 0.6102 0.6311 0.6724 3.4063 0.6531 0.6108 0.9226 1.1175 4.6198 0.2203 0.2203 0.4583 1 0
41 223 255 29 0 0 0 0 1.0003 0 0.4922 -0.0632 0.2374 0.2588 1.7764 0.9518 0.0285 0.3202 0.3814 3.3095 0.7481 0.0064 0.5795 0.7485 4.4814 -0.0349 0.0349 0.6905 1 0
41 224 222 4 0 0 0 0 1.0004 0 0.3206 -0.0394 0.28 0.2935 2.1921 0.965 -0.2559 0.4037 0.5345 10.2843 0.6824 0.0093 0.6987 0.883 4.0917 -0.4303 0.4303 0.8542 1 0
41 225 334 308 0 0 0 0 1.0022 0 -0.995 -0.1487 0.5297 0.5307 2.9645 0.937 -0.5252 0.8787 1.1489 11.3775 0.6889 0.1054 0.6744 0.8587 5.3148 0.0766 0.0766 0.8092 1 0
41 226 257 1 0 0 0 0 1.0005 0 -0.7637 0.193 0.3855 0.3918 2.2905 0.9791 -0.2866 0.3077 0.3403 2.2804 0.7709 -0.2742 0.5993 0.744 4.1212 -0.0993 0.0993 0.5993 1 0
41 227 261 67 0 0 0 0 1.0015 0 0.1529 -0.3227 0.3227 0.3729 1.8879 0.9468 -0.0805 0.8468 1.1709 14.1326 0.602 -0.1181 0.6245 0.7941 4.4153 -0.1604 0.1604 1.0187 1 0
41 228 333 156 0 0 0 0 1.0004 0 0.691 -0.1087 0.1087 0.1324 1.512 0.9809 -0.0958 0.5112 0.6687 8.4321 0.673 0.0794 0.696 0.8618 4.9586 0.0641 0.0641 0.7244 1 0
41 229 325 249 0 0 0 0 1.002 0 0.9036 -0.3783 0.3783 0.3918 1.8273 0.9392 -0.617 1.1173 1.5183 16.5089 0.7222 0.132 0.6428 0.7876 5.1716 -0.0785 0.0785 1.1258 1 0
41 230 276 62 0 0 0 0 1.0006 0 0.7662 -0.2795 0.3184 0.3982 1.5604 0.971 -0.0869 0.3197 0.4153 5.0344 0.8563 0.056 0.462 0.5858 4.5823 -0.0447 0.0447 0.7001 1 0
41 231 260 384 0 0 0 0 1.0018 0 -0.0086 0.0648 0.1629 0.1652 2.2021 0.9928 0.2093 0.2711 0.3164 7.7659 0.5945 0.2074 0.7079 0.898 4.8548 -0.2179 0.2179 1.0589 1 0
41 232 455 392 0 0 0 0 1.0006 0 0.6463 0.0209 0.324 0.3379 2.0025 0.8395 0.2141 0.7076 0.8419 8.8256 0.784 0.4874 0.7397 0.8903 5.2465 0.2048 0.2048 0.4978 1 0
41 233 424 135 0 0 0 0 1.0004 0 0.514 -0.3734 0.3734 0.4883 1.8833 0.9638 -0.2869 0.6502 0.8343 8.0212 0.7372 0.1701 0.6453 0.8498 4.5434 0.0671 0.0671 0.6719 1 0
41 234 243 1 0 0 0 0 1.0013 0 -0.646 0.0057 0.3955 0.4266 2.6621 0.9455 -0.2844 0.4575 0.6487 8.5328 0.5716 -0.2055 0.7393 0.9187 4.0059 -0.4261 0.4261 0.7277 1 0
41 235 416 37 0 0 0 0 1.0005 0 0.6979 0.3106 0.4866 0.5116 2.4002 0.9744 -0.6622 0.6632 0.7755 3.1958 0.8627 -0.5686 0.7193 0.8671 4.5338 0.0863 0.0863 0.5489 1 0
41 236 243 57 0 0 0 0 1.0009 0 0.3086 -0.0392 0.2974 0.3058 2.3403 0.9577 -0.2952 0.3622 0.4295 4.0144 0.7513 -0.3975 0.7133 0.9152 4.7052 0.0753 0.0753 0.5852 1 0
41 237 246 228 0 0 0 0 1.0004 0 -0.9619 0.0196 0.2552 0.2768 1.7603 0.9695 -0.4242 0.5184 0.5491 8.7385 0.7031 -0.26 0.7417 0.9413 4.8123 -0.0051 0.0051 0.7858 1 0
41 238 405 1535 0 0 0 36 1.0185 11 0.1363 -0.4302 0.4302 0.5016 1.5152 0.9581 -0.0658 1.0303 1.2719 12.5537 0.7671 0.274 0.6445 0.7755 5.8258 0.2011 0.2011 0.6737 1 1
41 239 239 14 0 0 0 0 1.0011 0 -0.8244 -0.1169 0.4611 0.5454 2.4635 0.8496 -0.3861 0.8403 1.2959 16.071 0.4861 0.3642 0.7448 0.9119 4.5387 -0.5173 0.5173 1.0949 1 0
41 240 268 28 0 0 0 0 1.0003 0 0.8333 -0.1554 0.2591 0.3668 1.3936 0.974 -0.0108 0.3571 0.438 5.8764 0.7125 -0.0665 0.5894 0.7896 4.5577 0.0918 0.0918 0.5294 1 0
41 241 379 1288 0 0 0 0 1.0011 0 0.4444 -0.1402 0.2032 0.2295 1.7013 0.9733 -0.339 0.3993 0.4626 5.052 0.6689 -0.2316 0.6706 0.8306 5.5467 0.0151 0.0151 0.8906 1 0
41 242 260 67 0 0 0 0 1.0008 0 0.8995 0.2658 0.2658 0.3291 2.3363 0.9846 -0.2247 0.2332 0.3144 7.1349 0.5905 -0.1027 0.8136 1.0069 4.5142 -0.1388 0.1388 0.9553 1 0
41 243 259 6 0 0 0 0 1.0011 0 -0.0064 0.1273 0.1273 0.1438 1.6296 0.9875 -0.4173 0.4173 0.4634 2.1013 0.778 -0.3483 0.6407 0.7858 4.3523 -0.0706 0.0706 0.659 1 0
41 244 260 8 0 0 0 0 1.0002 0 -0.1374 0.1786 0.4546 0.5802 2.4867 0.9476 -0.0032 0.3483 0.4011 4.5926 0.6377 0.0644 0.6193 0.7843 4.1075 -0.0602 0.0602 0.6267 1 0
41 245 1073 1485 0 0 0 0 1.0012 0 -0.8571 -0.171 0.3772 0.4199 1.7403 0.9001 0.9112 0.9916 1.1932 6.7947 0.7237 1.1899 1.2883 1.5221 5.8574 0.3634 0.3634 0.38 1 0
41 246 361 151 0 0 0 0 1.0009 0 -0.1587 -0.3483 0.3954 0.4882 1.6905 0.9543 0.0511 0.596 0.7188 5.7789 0.7585 0.0834 0.5991 0.7905 4.9901 0.1663 0.1663 0.5595 1 0
41 247 256 78 0 0 0 0 1.0009 0 -0.9976 0.0842 0.4287 0.4943 2.3279 0.9369 -0.3597 0.3914 0.5055 3.2894 0.7236 -0.2871 0.7005 0.8421 4.4529 -0.0205 0.0205 0.6555 1 0
41 248 235 21 0 0 0 0 1.0006 0 0.3917 0.1735 0.1735 0.24 2.0422 0.9786 0.1232 0.2908 0.3497 4.5405 0.627 0.2052 0.7249 0.9321 4.3781 -0.1982 0.1982 0.8972 1 0
41 249 658 911 0 0 0 0 1.0027 0 0.4546 -0.1301 0.2126 0.301 1.7893 0.9856 -0.4589 0.5055 0.5804 4.1211 0.7892 -0.6136 0.7944 0.9635 5.8112 0.2448 0.2448 0.5072 1 0
41 250 263 75 0 0 0 0 1.0003 0 0.9929 0.3825 0.5235 0.6274 2.7158 0.8733 -0.0633 0.5327 0.6921 5.9331 0.7226 0.0231 0.6837 0.8106 4.5353 0.0721 0.0721 0.5881 1 0
41 251 267 62 0 0 0 0 1.0002 0 -0.9483 -0.0677 0.1831 0.2298 1.9505 0.9238 0.5823 0.6944 0.8147 5.1585 0.6303 0.2947 0.678 0.8489 4.8723 0.0259 0.0259 0.7466 1 0
41 252 311 58 0 0 0 0 1.0005 0 -0.1262 -0.0257 0.2234 0.2692 2.1358 0.9079 -0.0548 0.3516 0.4091 5.3502 0.669 0.1857 0.7046 0.8636 4.711 -0.227 0.227 0.993 1 0
41 253 240 65 0 0 0 0 1.0003 0 -0.6178 0.1833 0.4933 0.6333 4.6135 0.8882 0.5697 0.8761 1.2787 13.2611 0.6147 0.0943 0.7414 0.9385 4.456 -0.2337 0.2337 1.0663 1 0
41 254 209 131 0 0 0 0 1.0006 0 0.4796 -0.0419 0.1867 0.2034 2.2588 0.9852 -0.1437 0.2346 0.2655 4.9262 0.702 -0.1715 0.7154 0.8697 4.6963 -0.1838 0.1838 0.917 1 0
41 255 257 0 0 0 0 0 1.0004 0 0.8498 0.4184 0.5562 0.7001 2.7792 0.9683 -0.2204 0.3629 0.4209 6.5 0.7318 0.0077 0.6569 0.8424 4.2647 -0.0678 0.0678 0.5521 0 0
41 256 285 49 0 0 0 0 1.0016 0 0.8617 -0.1873 0.204 0.2883 2.1966 0.9023 -0.2015 0.4447 0.4999 4.5724 0.7776 -0.2854 0.6291 0.7879 4.4213 -0.0841 0.0841 0.7961 1 0
41 257 1986 1973 0 2129 0 0 1.0009 0 0.5971 -0.0564 0.2008 0.2071 1.8536 0.9415 -0.1168 0.4831 0.6336 7.6081 0.6257 0.2206 0.7433 0.9019 5.8183 0.1267 0.1267 0.8448 1 1
41 258 265 4 0 0 0 0 1.0002 0 0.9936 0.3025 0.3025 0.3205 1.9151 0.9888 -0.2304 0.2646 0.3125 2.7465 0.7605 -0.3019 0.6567 0.8403 4.2368 -0.1208 0.1208 0.675 1 0
41 259 437 163 0 0 0 0 1.0004 0 0.7719 -0.3277 0.3277 0.3514 1.4224 0.98 -0.1129 0.7408 0.9146 8.7792 0.7769 0.1981 0.573 0.7417 4.7157 0.0664 0.0664 0.8076 1 0
41 260 770 4405 0 0 23 19 1.0223 63 -0.1763 -0.1413 0.2485 0.2988 2.9782 0.9016 -0.0313 0.6723 0.78 12.4156 0.6731 -0.3895 0.7518 0.8962 7.6097 -0.2145 0.2145 1.4944 1 1
41 261 261 205 0 0 0 0 1.001 0 0.1062 -0.269 0.4396 0.475 2.2514 0.9548 0.2375 0.6653 1.0046 12.6623 0.6859 0.1028 0.6346 0.817 4.9568 -0.6899 0.6899 1.2611 1 0
41 262 247 63 0 0 0 0 1.0006 0 0.9749 0.0497 0.062 0.0693 1.929 0.9884 0.0045 0.1796 0.2096 3.2467 0.7634 0.0178 0.5066 0.6472 4.3332 -0.0634 0.0634 0.7586 1 0
41 263 235 14 0 0 0 0 1.001 0 -0.6313 -0.032 0.5109 0.5903 2.5006 0.9202 0.2567 0.4961 0.7682 9.7132 0.5632 -0.1518 0.6832 0.8399 4.1804 -0.4182 0.4182 0.9161 1 0
41 264 297 287 0 0 0 0 1.0008 0 0.0664 -0.0788 0.2063 0.2067 2.2067 0.9796 0.0295 0.3773 0.4948 7.5759 0.6946 0.0436 0.6346 0.852 4.701 -0.0192 0.0192 0.8789 1 0
41 265 710 1857 0 0 52 42 1.0448 51 0.0829 -0.0893 0.2968 0.2971 1.9996 0.9714 0.5271 0.8297 0.9151 11.7765 0.6088 0.9401 1.1049 1.3468 7.4906 0.2068 0.2068 0.6149 1 1
41 266 881 1623 0 0 0 0 1.001 0 0.4661 -0.3951 0.3951 0.4298 1.1266 0.9697 0.1153 0.9497 1.1253 10.5052 0.5736 0.9124 1.0832 1.3188 6.0394 0.2381 0.2381 0.7051 1 0
41 267 269 280 0 0 0 0 1.001 0 -0.9899 -0.1482 0.5774 0.6092 2.1403 0.9309 0.7585 1.0557 1.6969 17.4302 0.665 0.2419 0.673 0.8038 4.6291 0.0567 0.0567 0.7255 1 0
41 268 270 31 0 0 0 0 1.0003 0 -1 0.1213 0.1955 0.2351 1.6808 0.9815 0.0086 0.179 0.2183 2.6179 0.7276 0.0364 0.662 0.8204 4.4494 0.0841 0.0841 0.5568 1 0
41 269 247 1 0 0 0 0 1.0007 0 -0.5433 0.3185 0.3185 0.3818 2.2081 0.9901 -0.3259 0.3259 0.3503 3.1144 0.6505 -0.3924 0.7484 0.9945 4.2883 -0.1234 0.1234 0.7072 1 0
41 270 283 244 0 0 0 0 1.0012 0 -0.3425 0.0573 0.2133 0.2389 2.1618 0.9286 -0.1792 0.4069 0.5562 4.2392 0.713 0.1285 0.6589 0.8167 5.0716 0.1204 0.1204 0.6428 1 0
41 271 264 142 0 0 0 0 1.0004 0 0.3614 0.1746 0.3548 0.3872 3.3377 0.9359 0.1603 0.3411 0.4326 5.0467 0.7929 0.098 0.5981 0.7573 4.4787 -0.1061 0.1061 0.8045 1 0
41 272 231 185 0 0 0 0 1.0012 0 -0.45 0.0772 0.1854 0.1925 3.0583 0.9707 0.4566 0.5121 0.5976 9.5751 0.5181 0.0213 0.7662 0.9548 4.596 -0.2357 0.2357 1.0079 1 0
41 273 326 2044 0 0 0 0 1.0019 0 0.868 -0.0532 0.0532 0.0654 1.8857 0.9737 0.099 0.644 0.7544 11.2276 0.3967 -0.3156 0.7522 0.9372 5.6524 -0.0639 0.0639 1.171 1 0
41 274 253 9 0 0 0 0 1.001 0 -0.4024 0.1245 0.523 0.6518 3.4963 0.8965 -0.3829 0.6499 1.1197 14.1222 0.6815 0.1492 0.6713 0.8779 4.4622 -0.0099 0.0099 0.6716 1 0
41 275 270 450 0 0 0 0 1.0017 0 0.4846 -0.4251 0.4251 0.4763 1.7914 0.974 1.3971 2.968 4.1809 38.1644 0.5016 -0.1732 0.6926 0.8841 5.2353 -0.4351 0.4351 1.44 1 0
41 276 870 829 0 0 0 0 1.0013 0 0.9996 -0.2229 0.2229 0.239 1.9035 0.9481 0.358 0.7139 0.9149 8.094 0.6989 0.8965 1.0062 1.2069 5.3695 0.2402 0.2402 0.6651 1 0
41 277 232 25 0 0 0 0 1.0003 0 0.9968 0.1841 0.3475 0.443 3.5557 0.9421 -0.4205 0.4295 0.5518 4.6347 0.7941 -0.2082 0.6187 0.7438 4.38 -0.1983 0.1983 0.8387 1 0
41 278 266 70 0 0 0 0 1.0004 0 -0.1257 -0.1136 0.4275 0.4307 2.322 0.9325 0.3433 1.0568 1.3654 10.5793 0.6164 -0.0039 0.6738 0.8627 4.5937 0.0444 0.0444 0.6581 1 0
41 279 248 94 0 0 0 0 1.0004 0 -0.4016 0.2275 0.4415 0.4777 2.4078 0.9203 -0.0832 0.3203 0.4405 4.7955 0.7371 -0.067 0.6034 0.7511 4.1983 -0.0823 0.0823 0.7379 1 0
41 280 286 119 0 0 0 0 1.0009 0 0.7754 0.062 0.1759 0.2262 1.9387 0.9833 -0.3443 0.3733 0.438 2.503 0.7259 -0.2847 0.6776 0.8692 4.6155 0.2095 0.2095 0.4298 1 0
41 281 526 221 0 0 0 0 1.0003 0 0.8462 -0.0053 0.1527 0.1618 1.7055 0.9431 0.3644 0.5314 0.6899 6.5172 0.686 0.3096 0.8366 1.0002 4.7015 0.1738 0.1738 0.5759 1 0
41 282 267 1582 0 0 0 0 1.0056 0 -0.9996 0.1219 0.1219 0.1506 2.0208 0.9862 -0.1711 0.2682 0.3595 8.0212 0.5919 -0.1634 0.7163 0.8939 5.4376 -0.2121 0.2121 1.3771 1 0
41 283 856 2408 0 0 0 0 1.0025 0 -0.894 -0.1451 0.3469 0.3504 2.1312 0.8831 0.6421 0.7957 0.8967 7.4467 0.4857 1.7939 1.8499 2.0778 6.4761 0.3812 0.3812 0.3307 1 0
41 284 324 737 0 0 0 0 1.0005 0 -0.5702 -0.2256 0.2409 0.3244 1.6783 0.9699 0.2716 1.1573 1.4302 13.1246 0.5901 0.2402 0.5865 0.734 5.2106 0.0191 0.0191 0.9421 1 0
41 285 255 13 0 0 0 0 1.0009 0 0.7147 -0.0071 0.2188 0.2348 2.6855 0.944 0.6497 0.6497 0.7304 4.878 0.6249 0.3344 0.7623 0.9203 4.3812 -0.1481 0.1481 0.8627 1 0
41 286 384 2033 0 0 25 5 1.0347 22 -0.3196 0.1053 0.1257 0.1555 2.128 0.9821 0.4301 0.4301 0.4823 5.2182 0.7243 0.4789 0.7619 0.9535 5.5145 0.0983 0.0983 0.8636 1 1
41 287 258 0 0 0 0 0 1.001 0 -0.9813 0.6092 0.6092 0.8528 2.9667 0.9573 0.6146 0.6146 0.7093 2.6161 0.6499 0.3756 0.7427 0.9117 4.044 -0.2149 0.2149 0.6647 0 0
41 288 242 2 0 0 0 0 1.0006 0 0.8192 0.1305 0.1305 0.1987 2.543 0.9866 0.0482 0.2376 0.2995 7.029 0.5044 0.0839 0.6501 0.7986 4.2608 -0.4101 0.4101 0.9008 1 0
41 289 263 36 0 0 0 0 1.0012 0 0.9313 -0.3164 0.3164 0.3934 2.7207 0.9592 -0.053 0.586 0.7992 6.4178 0.8147 0.0329 0.5678 0.7698 4.5329 0.0417 0.0417 0.6285 1 0
41 290 279 201 0 0 0 0 1.0005 0 -0.0325 -0.1548 0.2324 0.2838 2.074 0.969 0.4337 0.4661 0.6624 6.5491 0.6866 0.1702 0.6422 0.8274 4.6271 0.1009 0.1009 0.669 1 0
41 291 341 738 0 0 0 0 1.0047 0 0.7 -0.0386 0.0697 0.0733 2.0425 0.9634 0.213 0.2948 0.4008 5.5442 0.7199 0.2273 0.6664 0.8668 4.9961 -0.0347 0.0347 1.0008 1 0
41 292 244 51 0 0 0 0 1.0006 0 -0.0105 -0.1033 0.282 0.3513 2.2462 0.9748 0.1975 0.3034 0.407 5.6501 0.7689 0.3435 0.6255 0.7828 4.3088 -0.2441 0.2441 0.9564 1 0
41 293 319 109 0 0 0 0 1.0006 0 0.3365 -0.3088 0.3459 0.4046 1.7674 0.9428 -0.0042 0.6672 0.9197 7.6905 0.6598 0.18 0.651 0.813 4.8748 0.0715 0.0715 0.7227 1 0
41 294 257 0 0 0 0 0 1.0005 0 -0.9196 0.4603 0.4603 0.6757 3.4347 0.9751 0.0646 0.2753 0.3349 3.3246 0.6743 0.0305 0.6892 0.8137 4.1147 -0.1252 0.1252 0.5825 0 0
41 295 241 50 0 0 0 0 1.0009 0 -0.1358 0.2272 0.4297 0.593 3.5338 0.9829 -0.2753 0.4012 0.4961 8.4292 0.645 0.1929 0.6203 0.7587 4.3623 -0.2574 0.2574 0.8322 1 0
41 296 267 200 0 0 0 0 1.0005 0 0.6785 -0.1357 0.32 0.3222 1.9594 0.9297 -0.0996 0.8877 1.2072 15.5539 0.6924 0.194 0.6123 0.7363 4.4901 -0.0178 0.0178 0.8459 1 0
41 297 256 20 0 0 0 0 1.0013 0 -0.9359 -0.0359 0.2406 0.2494 2.3285 0.9842 -0.5499 0.5829 0.6245 7.4007 0.6568 -0.4751 0.7338 0.902 4.1547 -0.3405 0.3405 0.9384 1 0
41 298 272 4 0 0 0 0 1.0005 0 -0.3728 0.3511 0.4972 0.5742 2.426 0.9623 -0.2928 0.3779 0.4787 6.4041 0.6476 -0.0128 0.7301 0.8949 4.2238 -0.1547 0.1547 0.692 1 0
41 299 989 1016 0 0 0 0 1.0008 0 0.9949 -0.2088 0.2088 0.2699 2.399 0.9828 0.8377 0.8377 0.9113 5.7412 0.7792 1.0947 1.1931 1.3512 6.0782 0.3076 0.3076 0.538 1 0
41 300 253 5 0 0 0 0 1.0013 0 -0.8436 0.4263 0.6295 0.7398 4.6498 0.9363 0.2961 0.3362 0.479 4.9208 0.6626 0.0694 0.7372 0.8931 4.2661 -0.374 0.374 0.9153 1 0
41 301 324 601 0 0 0 0 1.0019 0 -0.9391 -0.2051 0.2405 0.3403 2.3733 0.935 -0.7403 1.0026 1.6302 18.45 0.5635 -0.5991 0.768 0.9588 4.8867 -0.2203 0.2203 1.2629 1 0
41 302 253 288 0 0 0 0 1.0005 0 -0.1357 0.1546 0.5784 0.6639 3.2636 0.7927 -0.0093 0.8891 1.0924 14.9739 0.6372 -0.2699 0.7528 0.9108 4.9009 -0.2147 0.2147 0.9949 1 0
41 303 278 85 0 0 0 0 1.0004 0 0.7444 -0.1285 0.1993 0.211 1.9092 0.9616 0.2525 0.3759 0.5808 6.0719 0.7912 0.0181 0.5874 0.7524 4.3657 -0.0094 0.0094 0.6995 1 0
41 304 338 688 0 0 0 0 1.001 0 0.9238 -0.3321 0.3321 0.3791 1.7067 0.9777 -0.0456 0.3086 0.4043 4.8613 0.7326 -0.2453 0.6129 0.7728 5.3589 0.1025 0.1025 0.7316 1 0
41 305 426 927 0 0 0 0 1.002 0 0.6309 -0.2239 0.2358 0.2832 1.8843 0.9913 -1.0897 1.5374 1.8194 20.1666 0.597 -0.0398 0.7716 0.9581 5.684 -0.2127 0.2127 1.474 1 0
41 306 320 411 0 0 0 0 1.001 0 -0.8157 -0.2326 0.4347 0.4459 2.2115 0.9352 -0.289 1.2 1.5302 16.526 0.5531 -0.1001 0.7526 0.9043 5.3129 0.0087 0.0087 1.0122 1 0
41 307 845 381 0 0 0 0 1.0002 0 0.0933 -0.201 0.2028 0.2585 1.2366 0.9337 0.8182 0.8899 0.9569 3.7415 0.7828 1.0066 1.1089 1.2958 4.9652 0.3115 0.3115 0.331 1 0
41 308 466 1514 0 0 0 0 1.0023 0 -0.2743 -0.3136 0.4716 0.5839 2.5329 0.9732 -0.2453 0.9229 1.1185 14.6253 0.6755 0.3329 0.5449 0.7135 5.7526 -0.0503 0.0503 1.0913 1 0
41 309 720 554 0 0 0 0 1.0015 0 -0.1603 -0.2285 0.2626 0.3139 1.5587 0.9412 0.4061 0.6814 0.9429 7.6443 0.6982 0.3667 0.6598 0.8707 5.0695 0.2121 0.2121 0.5655 1 0
41 310 260 43 0 0 0 0 1.0011 0 0.9227 0.2518 0.4995 0.5215 2.3961 0.9174 0.2807 0.6907 0.9904 16.6794 0.7225 -0.2609 0.6661 0.8158 4.27 -0.1544 0.1544 0.7683 1 0
41 311 277 11 0 0 0 0 1.0002 0 -0.9067 -0.0833 0.3826 0.4644 1.734 0.9646 0.2701 0.3598 0.4723 4.516 0.7989 0.4306 0.6082 0.8073 4.4502 0.0111 0.0111 0.5891 1 0
41 312 245 156 0 0 0 0 1.0004 0 0.9999 -0.3419 0.3419 0.3526 1.8717 0.9733 0.1723 0.7519 0.9598 9.805 0.6729 0.0398 0.6885 0.8628 4.5641 -0.146 0.146 1.035 1 0
41 313 267 44 0 0 0 0 1.0011 0 -0.3898 0.1186 0.3647 0.3803 2.1602 0.9129 0.0855 0.4955 0.6141 9.2978 0.7476 0.2289 0.6027 0.7618 4.4453 -0.1711 0.1711 0.7692 1 0
41 314 245 9 0 0 0 0 1.0011 0 0.8386 0.2166 0.3305 0.3848 3.8009 0.8747 -0.1485 0.5686 0.7488 7.2174 0.626 0.1629 0.637 0.7753 4.8204 -0.391 0.391 1.0774 1 0
41 315 262 12 0 0 0 0 1.001 0 0.1284 -0.0478 0.2522 0.2713 3.3597 0.9018 -0.3881 0.847 0.9828 8.978 0.714 -0.1954 0.7966 0.9903 4.3706 -0.1357 0.1357 0.912 1 0
41 316 268 814 0 0 18 72 1.0287 43 0.4376 -0.2333 0.2366 0.3127 1.9222 0.9521 -0.6544 0.7985 0.9512 9.8295 0.6777 -0.2679 0.7047 0.8471 5.0789 -0.1572 0.1572 1.0617 1 1
41 317 352 55 0 0 0 0 1.0004 0 -0.9992 -0.0121 0.4634 0.4911 2.3112 0.9474 0.5007 0.5562 0.6646 3.9579 0.7062 0.2533 0.686 0.8452 4.478 0.1192 0.1192 0.573 1 0
41 318 243 6 0 0 0 0 1.0006 0 0.9998 0.4618 0.552 0.6807 3.5632 0.8951 0.6623 0.6896 0.8516 7.3024 0.6993 0.2902 0.6358 0.8243 4.4158 -0.2051 0.2051 0.8933 1 0
41 319 246 169 0 0 0 0 1.0004 0 0.3266 -0.1697 0.1697 0.1809 1.9205 0.9858 0.2023 0.6558 0.7408 9.1674 0.668 -0.1383 0.6299 0.8015 5.0543 -0.1016 0.1016 0.9996 1 0
41 320 378 304 0 0 0 0 1.0011 0 -0.6716 -0.1162 0.1435 0.1778 2.0281 0.9548 0.0221 1.0543 1.4227 17.1946 0.5741 0.1762 0.672 0.8026 4.9483 -0.1845 0.1845 1.2217 1 0
41 321 323 393 0 0 0 0 1.0017 0 0.6885 -0.3272 0.3272 0.359 2.5824 0.9831 -0.803 1.5696 1.9769 24.4296 0.4386 -0.2772 0.777 0.9795 4.7025 -0.7071 0.7071 1.4079 1 0
41 322 272 27 0 0 0 0 1.0005 0 -0.1979 0.0651 0.3393 0.3888 2.8185 0.9484 0.2973 0.5675 0.6449 6.8543 0.6353 0.2648 0.6642 0.8227 4.5843 -0.0711 0.0711 0.7959 1 0
41 323 242 77 0 0 0 0 1.0018 0 0.7425 -0.0918 0.2257 0.2267 2.4834 0.9722 0.2083 0.553 0.683 8.3176 0.6759 0.127 0.72 0.8914 4.2487 -0.2665 0.2665 0.9036 1 0
41 324 216 4 0 0 0 0 1.0012 0 0.4473 0.2384 0.2384 0.2824 1.8876 0.9902 0.2323 0.2323 0.2948 4.8745 0.6484 0.1988 0.728 0.9057 4.1823 -0.406 0.406 0.8352 1 0
41 325 481 2522 0 0 12 13 1.0211 15 0.4245 -0.4267 0.4267 0.4837 1.8757 0.9671 0.7207 0.8666 1.2263 11.8422 0.7649 0.5979 0.6859 0.8704 5.2375 0.0782 0.0782 0.9903 1 1
41 326 250 51 0 0 0 0 1.0006 0 -0.6385 -0.1263 0.3769 0.4505 3.0678 0.975 -0.2582 0.7781 1.0393 14.5552 0.7107 -0.105 0.691 0.8625 4.424 -0.1965 0.1965 0.9931 1 0
41 327 411 618 0 0 0 0 1.0006 0 0.5674 -0.1298 0.1866 0.2253 1.5408 0.9673 0.7229 0.8075 1.2041 12.899 0.6009 0.0563 0.6585 0.8701 5.1651 0.1794 0.1794 0.6448 1 0
41 328 324 96 0 0 0 0 1.0003 0 0.2024 0.0309 0.2977 0.3483 1.5017 0.9429 -0.3011 0.3989 0.4886 3.2975 0.7241 -0.2906 0.6813 0.8783 4.3979 0.1517 0.1517 0.5176 1 0
41 329 245 33 0 0 0 0 1.0003 0 -0.2206 0.1113 0.2272 0.2559 2.5099 0.9711 -0.0816 0.3787 0.4708 6.729 0.5171 0.0351 0.6951 0.875 4.5706 -0.2492 0.2492 0.9018 1 0
41 330 262 64 0 0 0 0 1.0003 0 0.9992 -0.1461 0.1461 0.1699 1.809 0.9882 0.2061 0.3789 0.4888 11.5507 0.6754 -0.1051 0.6964 0.8942 4.2797 -0.0523 0.0523 0.7306 1 0
41 331 407 125 0 0 0 0 1.0006 0 0.0589 0.0649 0.4314 0.4434 2.2682 0.9441 0.6349 0.6881 0.7321 3.5532 0.7717 0.4352 0.6709 0.8385 4.3694 0.0825 0.0825 0.5766 1 0
41 332 273 141 0 0 0 0 1.0007 0 0.2416 -0.213 0.6181 0.6183 2.5625 0.9173 0.6971 1.0637 1.3207 8.9655 0.7131 0.2546 0.6231 0.7581 4.5472 0.0552 0.0552 0.6712 1 0
41 333 236 84 0 0 0 0 1.0011 0 -0.7706 0.0378 0.2655 0.3055 2.9534 0.9284 0.2288 0.5264 0.7121 8.068 0.7364 0.213 0.6121 0.7996 4.9515 -0.1987 0.1987 1.0165 1 0
41 334 266 28 0 0 0 0 1.0019 0 -0.224 0.1789 0.4136 0.5513 3.1726 0.9538 -0.0235 0.2937 0.3826 5.2527 0.7819 -0.2708 0.7026 0.8689 4.3131 -0.0217 0.0217 0.6938 1 0
41 335 1212 1834 0 0 0 0 1.0006 0 0.8854 -0.3407 0.3407 0.3747 1.5507 0.9195 -0.3346 0.8818 1.273 11.5822 0.6189 -0.7761 1.0704 1.3133 6.5725 0.2902 0.2902 0.6186 1 0
41 336 328 754 0 0 0 0 1.0012 0 -0.6011 -0.2977 0.2977 0.3658 1.7302 0.9621 -0.2858 1.2312 1.7074 19.5691 0.5553 0.1881 0.8172 1.0873 5.2938 -0.1102 0.1102 1.1541 1 0
41 337 238 0 0 0 0 0 1.0007 0 -0.2928 -0.0054 0.4842 0.5891 2.5482 0.9804 0.035 0.2467 0.3328 4.4715 0.6488 0.0631 0.6266 0.7454 4.1065 -0.3918 0.3918 0.7147 0 0
41 338 264 6 0 0 0 0 1.0008 0 0.7607 0.1338 0.1689 0.2029 2.0254 0.9931 -0.3139 0.3139 0.3497 6.5185 0.7477 0.0015 0.6043 0.7473 4.3523 -0.0931 0.0931 0.7805 1 0
41 339 263 7 0 0 0 0 1.0002 0 -0.7802 -0.1867 0.3252 0.4546 1.7653 0.9865 0.3239 0.3634 0.4525 3.4793 0.778 0.3584 0.639 0.8164 4.3665 0.0342 0.0342 0.5581 1 0
41 340 264 69 0 0 0 0 1.0007 0 0.6549 -0.1052 0.1699 0.1776 1.5681 0.9809 -0.4198 0.5197 0.5774 3.9473 0.7523 -0.3676 0.6414 0.8283 4.4178 0.1011 0.1011 0.5407 1 0
41 341 919 1048 0 0 0 0 1.0027 0 0.5833 -0.2552 0.2552 0.351 2.135 0.946 -0.0944 0.572 0.7849 13.9435 0.5566 0.4709 0.8531 1.0282 6.2345 -0.4053 0.4053 1.7059 1 0
41 342 250 15 0 0 0 0 1.0019 0 0.8588 0.1491 0.1852 0.2366 3.8925 0.9641 -0.6681 0.6802 0.8967 9.5246 0.47 -0.066 0.8043 1.0242 4.3546 -0.3953 0.3953 1.0164 1 0
41 343 245 1096 0 0 0 0 1.0143 4 0.785 -0.3758 0.3758 0.3835 1.9334 0.9616 0.3297 1.4343 2.0137 19.6979 0.6165 -0.0524 0.6208 0.811 5.4538 -0.1183 0.1183 1.2865 1 0
41 344 359 186 0 0 0 0 1.0012 0 0.6462 0.0322 0.169 0.2064 1.9737 0.9452 -0.1884 0.4787 0.5642 6.6304 0.7469 -0.1437 0.5823 0.7106 4.7883 0.0059 0.0059 0.7858 1 0
41 345 300 144 0 0 0 0 1.0005 0 0.4232 -0.1401 0.1401 0.2098 2.3409 0.9816 0.0687 0.5481 0.7722 9.6159 0.7156 0.2028 0.6613 0.8099 4.5309 -0.2234 0.2234 1.1478 1 0
41 346 264 3 0 0 0 0 1.0002 0 -0.5204 -0.3376 0.5548 0.5878 2.0024 0.982 0.1661 0.2873 0.334 2.7008 0.8241 0.1374 0.5124 0.661 4.1698 0.0162 0.0162 0.5247 1 0
41 347 316 9 0 0 0 0 1.0013 0 0.8899 -0.1397 0.1397 0.1416 1.8619 0.9747 0.0876 0.3788 0.452 5.0393 0.6788 0.1878 0.6184 0.7611 4.2902 -0.087 0.087 0.7585 1 0
41 348 376 179 0 0 0 0 1.0002 0 0.5139 -0.0317 0.1394 0.1675 1.4701 0.9844 0.0277 0.3978 0.4913 8.9042 0.7447 -0.0717 0.689 0.8165 4.6973 0.1867 0.1867 0.5474 1 0
41 349 295 111 0 0 0 0 1.001 0 -0.9896 -0.1899 0.3717 0.4857 2.6048 0.884 1.0288 1.0821 1.7717 19.2488 0.6712 0.1691 0.6671 0.8455 4.7058 -0.2373 0.2373 1.0834 1 0
41 350 254 8 0 0 0 0 1.0004 0 0.9859 -0.4131 0.4131 0.4282 1.8197 0.9693 0.1429 0.6472 0.8286 7.0539 0.7465 -0.0472 0.595 0.7603 4.4888 -0.0645 0.0645 0.6818 1 0
41 351 248 42 0 0 0 0 1.0003 0 0.8895 0.1237 0.1604 0.1772 2.1844 0.9572 0.5615 0.58 0.6675 3.3353 0.6956 0.4751 0.7326 0.8938 4.3157 -0.0763 0.0763 0.6508 1 0
41 352 262 17 0 0 0 0 1.0007 0 0.9167 -0.2391 0.2441 0.3115 1.3689 0.9922 0.038 0.2683 0.3707 4.245 0.8132 0.0414 0.5573 0.7025 4.1979 0.0292 0.0292 0.6024 1 0
41 353 255 62 0 0 0 0 1.0011 0 0.8709 0.0714 0.302 0.3056 2.8288 0.7216 -0.1504 0.8956 1.2063 12.9084 0.6669 0.292 0.6357 0.7723 4.6509 -0.0856 0.0856 0.7796 1 0
41 354 339 385 0 0 0 0 1.0007 0 0.8857 -0.4419 0.4419 0.5002 1.3414 0.9972 -0.2491 0.6908 0.8481 6.5333 0.7198 -0.1682 0.7125 0.8837 4.8935 0.2114 0.2114 0.543 1 0
41 355 261 2 0 0 0 0 1.0008 0 0.1905 0.4879 0.4879 0.5967 2.2017 0.9897 0.405 0.405 0.4542 2.8379 0.7994 0.249 0.6469 0.7798 4.2816 -0.0354 0.0354 0.5252 1 0
41 356 336 395 0 0 0 0 1.0008 0 0.9971 0.1917 0.1917 0.2035 1.8636 0.9754 -0.2258 0.275 0.3416 4.0011 0.771 -0.2782 0.6659 0.8271 4.7821 0.0489 0.0489 0.7341 1 0
41 357 257 18 0 0 0 0 1.0004 0 -0.2235 0.2264 0.3571 0.44 2.1 0.9783 -0.2664 0.4001 0.434 7.204 0.613 -0.1068 0.7178 0.8965 4.4933 0.0134 0.0134 0.6198 1 0
41 358 254 1 0 0 0 0 1.0001 0 -0.5266 0.5548 0.5548 0.6052 2.5874 0.9595 -0.1157 0.3408 0.4531 1.3468 0.7694 -0.019 0.6541 0.8107 4.2862 -0.1441 0.1441 0.6518 1 0
41 359 250 27 0 0 0 0 1.0006 0 0.4295 0.0074 0.1992 0.214 2.0671 0.9741 0.378 0.3935 0.6634 6.6343 0.7763 0.0476 0.5468 0.6974 4.5488 -0.4118 0.4118 1.1486 1 0
41 360 271 1 0 0 0 0 1.0005 0 0.5952 0.2656 0.3509 0.4509 2.151 0.9757 -0.0032 0.1497 0.1904 2.4871 0.8389 -0.217 0.5788 0.7249 3.9296 -0.0108 0.0108 0.5415 1 0
41 361 263 270 0 0 0 0 1.0005 0 0.443 -0.1085 0.2453 0.3236 2.2753 0.9893 -0.6691 0.6691 0.7325 9.116 0.7694 -0.0652 0.709 0.9154 5.3696 0.0648 0.0648 0.6867 1 0
41 362 453 203 0 0 0 0 1.0005 0 -0.936 -0.1592 0.4789 0.4878 2.4043 0.9571 -0.1502 0.3994 0.4718 5.4117 0.7027 0.2743 0.6747 0.841 5.0451 0.0013 0.0013 0.813 1 0
41 363 476 409 0 0 0 0 1.0005 0 0.7535 -0.1133 0.1885 0.2201 1.8237 0.9656 0.3022 0.4045 0.5172 4.5634 0.7247 0.6063 0.8082 1.0453 5.7932 0.2391 0.2391 0.5274 1 0
41 364 540 146 0 0 0 0 1.004 0 0.8201 -0.1758 0.1758 0.1808 2.0611 0.9729 -0.2065 0.6535 0.8122 9.008 0.733 -0.3064 0.6852 0.851 5.618 -0.2985 0.2985 1.4759 1 0
41 365 333 846 0 0 0 0 1.0004 0 0.9999 -0.3703 0.3703 0.3892 1.9958 0.9465 0.8416 1.1072 1.7086 22.5853 0.7178 -0.2133 0.6294 0.8074 5.0548 0.0446 0.0446 0.9402 1 0
41 366 230 168 0 0 0 0 1.0012 0 0.5891 0.0526 0.2783 0.3031 2.8504 0.9778 1.272 1.272 2.0701 26.5894 0.6421 -0.0139 0.7566 0.9761 4.8234 -0.2155 0.2155 1.0591 1 0
41 367 236 2 0 0 0 0 1.0022 0 -0.7317 0.3246 0.5637 0.7402 3.3673 0.7895 -0.1197 0.6209 0.7437 5.6117 0.5592 -0.1563 0.8036 1.0277 4.3117 -0.3747 0.3747 0.8479 1 0
41 368 266 9 0 0 0 0 1.0037 0 -0.7837 0.0718 0.574 0.6349 3.7081 0.9539 1.3569 1.4173 2.2789 25.5047 0.5601 0.0708 0.7462 0.9367 4.2108 -0.2535 0.2535 0.7949 1 0
41 369 257 39 0 0 0 0 1.0008 0 -0.582 0.0436 0.3668 0.3763 2.0929 0.9686 0.0485 0.4489 0.6911 10.6936 0.6277 -0.0682 0.6441 0.8041 4.5332 -0.0188 0.0188 0.6986 1 0
41 370 261 23 0 0 0 0 1.0007 0 0.0369 0.2636 0.4348 0.4531 2.2977 0.9679 0.2138 0.3146 0.3534 3.8151 0.6782 0.1306 0.6248 0.7817 4.827 -0.1217 0.1217 0.8771 1 0
41 371 244 34 0 0 0 0 1.0007 0 -0.3697 0.1496 0.5952 0.7413 4.1524 0.8986 -0.3214 0.4594 0.5629 4.5439 0.584 -0.3365 0.757 0.9362 4.3428 -0.2092 0.2092 0.8466 1 0
41 372 251 109 0 0 0 0 1.0006 0 -0.7112 -0.1486 0.3027 0.3088 1.7453 0.9224 0.0695 0.6013 0.7005 8.5392 0.6207 0.2707 0.8018 1.0002 4.9301 -0.286 0.286 1.3373 1 0
41 373 241 14 0 0 0 0 1.0006 0 0.0942 0.0726 0.2208 0.2432 2.4697 0.9409 0.0244 0.2964 0.3417 4.5162 0.6806 0.1676 0.6206 0.7458 4.5084 -0.0899 0.0899 0.7018 1 0
41 374 243 61 0 0 0 0 1.0013 0 -0.6688 0.0357 0.3415 0.3966 3.058 0.982 0.4588 0.6273 0.8068 11.7487 0.5604 0.0012 0.7289 0.8931 4.2288 -0.2759 0.2759 1.0384 1 0
41 375 255 28 0 0 0 0 1.0004 0 0.0187 0.1022 0.346 0.3617 2.845 0.9801 -0.3472 0.4917 0.6416 7.6201 0.4047 -0.1511 0.6866 0.9027 4.9035 -0.669 0.669 1.1049 1 0
41 376 268 25 0 0 0 0 1.0005 0 0.9837 0.061 0.1815 0.1831 2.0606 0.9663 0.3798 0.3798 0.486 2.7284 0.8035 0.0979 0.5957 0.7867 4.5307 0.0317 0.0317 0.5777 1 0
41 377 289 27 0 0 0 0 1.0004 0 -0.4085 -0.2266 0.3763 0.3974 1.5913 0.9553 -0.2833 0.4147 0.5412 4.3061 0.793 -0.1731 0.5641 0.6867 4.4532 0.0642 0.0642 0.5924 1 0
41 378 250 127 0 0 0 0 1.0009 0 0.0174 -0.0541 0.2824 0.3465 2.2701 0.9824 0.8148 0.8285 1.0508 13.4001 0.4697 -0.0825 0.7041 0.9324 5.0787 -0.1839 0.1839 1.0418 1 0
41 379 263 40 0 0 0 0 1.002 0 0.9292 -0.0864 0.1408 0.1611 1.9828 0.9606 0.1016 0.3024 0.4296 5.7898 0.7772 0.0422 0.4529 0.5671 4.5514 -0.1673 0.1673 0.9518 1 0
41 380 249 14 0 0 0 0 1.0007 0 -0.9296 -0.1469 0.4059 0.4286 1.8685 0.9558 0.1436 0.6168 0.7162 8.8845 0.6726 0.2688 0.5513 0.7195 4.2577 -0.1698 0.1698 0.8039 1 0
41 381 245 148 0 0 0 0 1.001 0 -0.5398 -0.0094 0.4578 0.5095 3.56 0.9137 0.0584 0.4254 0.5889 6.7335 0.5948 0.1709 0.7185 0.8774 4.9527 0.0421 0.0421 0.853 1 0
41 382 241 5 0 0 0 0 1.0004 0 -0.4415 0.2479 0.3309 0.363 2.0995 0.9689 0.4766 0.4766 0.5185 2.0219 0.647 0.5155 0.8708 1.069 4.3056 -0.1726 0.1726 0.7267 1 0
41 383 255 103 0 0 0 0 1.0001 0 0.9301 0.0407 0.2734 0.3354 2.1682 0.7057 0.3507 0.883 1.2835 12.7091 0.7293 0.0344 0.6311 0.8111 4.3849 0.0429 0.0429 0.6283 1 0
41 384 249 3 0 0 0 0 1.0008 0 0.8175 0.1909 0.2394 0.334 2.6948 0.9273 0.3353 0.3735 0.6393 8.1179 0.5315 0.1172 0.705 0.9129 4.1728 -0.2447 0.2447 0.7884 1 0
41 385 266 6 0 0 0 0 1.0012 0 0.8531 0.0593 0.1231 0.134 1.9114 0.9913 -0.0738 0.1412 0.1753 3.4218 0.7217 -0.0569 0.7019 0.8621 4.6295 -0.2575 0.2575 0.8362 1 0
41 386 258 12 0 0 0 0 1.0003 0 0.1915 -0.0154 0.2877 0.3412 2.2236 0.9709 0.077 0.2687 0.3322 3.6545 0.8346 0.0538 0.5324 0.629 4.2667 -0.1015 0.1015 0.7044 1 0
41 387 258 3 0 0 0 0 1.0008 0 -0.2813 0.0729 0.1227 0.1619 2.2761 0.985 -0.1765 0.3675 0.4757 6.5325 0.5698 -0.2366 0.696 0.8705 4.2415 -0.5244 0.5244 0.9098 1 0
41 388 243 6 0 0 0 0 1.0004 0 -0.0605 0.1759 0.3603 0.4672 2.5116 0.9223 -0.3356 0.4133 0.5827 6.5802 0.6979 0.0804 0.6643 0.8164 4.2211 -0.1966 0.1966 0.8123 1 0
41 389 319 47 0 0 0 0 1.0003 0 0.2167 -0.0282 0.2253 0.2596 1.5199 0.9707 -0.0209 0.3195 0.4264 5.8091 0.7336 -0.0669 0.6694 0.8464 4.9209 0.1671 0.1671 0.4879 1 0
41 390 278 144 0 0 0 0 1.0013 0 -0.9902 -0.043 0.4071 0.4522 2.207 0.9647 -0.0882 0.2548 0.3583 3.85 0.6253 -0.0065 0.7068 0.9057 4.5324 0.0738 0.0738 0.6435 1 0
41 391 368 161 0 0 0 0 1.0011 0 -0.3212 0.2516 0.5831 0.6729 2.7561 0.9045 0.6815 0.6815 0.8469 2.7138 0.6227 0.4225 0.8298 1.0077 4.1949 0.0858 0.0858 0.5847 1 0
41 392 349 236 0 0 0 0 1.0015 0 -0.9863 0.0252 0.1487 0.1661 2.0011 0.9772 0.4412 0.4412 0.4922 3.5345 0.7487 0.4135 0.828 1.0029 5.0113 0.1598 0.1598 0.5338 1 0
41 393 247 76 0 0 0 0 1.0004 0 0.6174 -7e-04 0.1244 0.134 2.4748 0.9715 -0.0968 0.2617 0.2921 4.4142 0.6905 -0.1386 0.5857 0.7139 4.8056 -0.1562 0.1562 0.9887 1 0
41 394 659 1414 0 0 0 0 1.0014 0 -0.0757 -0.3326 0.3326 0.3772 1.79 0.9901 -0.4077 0.4077 0.4577 5.3431 0.7694 -0.6516 0.8108 1.0125 6.5445 0.2559 0.2559 0.5882 1 0
41 395 812 1300 0 0 0 0 1.0008 0 0.9993 -0.3863 0.3863 0.3865 1.3669 0.9381 -0.1489 0.5397 0.6157 5.6277 0.729 -0.523 0.7905 0.9884 5.79 0.2694 0.2694 0.5244 1 0
41 396 269 43 0 0 0 0 1.0003 0 0.5631 -0.0485 0.1667 0.2072 1.735 0.944 0.1125 0.4333 0.5002 5.5672 0.8159 0.1437 0.6405 0.7998 4.8453 0.0624 0.0624 0.5691 1 0
41 397 246 255 0 0 0 0 1.0004 0 0.9455 -0.3374 0.3374 0.3797 1.7249 0.9731 -0.2023 0.4723 0.6865 8.719 0.7614 -0.373 0.6316 0.8067 4.8091 0.0861 0.0861 0.6993 1 0
41 398 257 742 0 0 0 0 1.0023 0 -0.6773 0.038 0.1981 0.2106 1.8713 0.9943 -0.5754 0.5754 0.598 4.1643 0.7712 -0.4881 0.7389 0.9097 4.7742 0.1402 0.1402 0.6061 1 0
41 399 247 55 0 0 0 0 1.0006 0 -0.9454 0.024 0.332 0.4004 2.9838 0.9579 0.2958 0.8406 1.1734 14.0159 0.4361 -0.0451 0.8037 1.0686 4.4193 -0.2445 0.2445 0.9613 1 0
41 400 261 62 0 0 0 0 1.0013 0 0.2504 0.0977 0.308 0.3753 2.3901 0.9461 -0.212 0.4743 0.644 6.8931 0.7605 0.3359 0.7416 0.9253 4.383 0.0882 0.0882 0.6183 1 0
41 401 259 396 0 0 0 0 1.0009 0 -0.5756 -0.0018 0.3374 0.3573 3.3166 0.9871 -0.1715 0.2526 0.3213 6.8802 0.7278 -0.1005 0.6882 0.8794 5.2238 -0.2784 0.2784 1.1388 1 0
41 402 326 1264 0 0 0 0 1.0011 0 -0.2757 -0.2664 0.2664 0.316 1.6222 0.9569 -0.0132 0.8765 1.1904 10.6433 0.6829 0.2153 0.5981 0.7831 5.202 0.0012 0.0012 1.108 1 0
41 403 245 14 0 0 0 0 1.0006 0 -0.1209 -0.1386 0.4152 0.4162 2.2579 0.9677 -0.4116 0.5032 0.6191 7.0353 0.6394 -0.1068 0.7076 0.8949 4.2631 -0.2386 0.2386 0.9477 1 0
41 404 247 71 0 0 0 0 1.0007 0 0.0702 -0.1009 0.121 0.1417 2.2911 0.9754 0.0622 0.8545 1.0456 13.5552 0.4882 0.4248 0.8114 0.9908 4.2508 -0.4118 0.4118 1.1274 1 0
41 405 1418 5208 1 3927 117 117 4.928 116 -0.7052 -0.572 0.6266 0.7542 2.4904 0.9292 4.7666 4.9266 7.5342 60.4201 0.4217 1.3729 1.6092 1.9425 14.6901 0.239 0.239 0.7251 1 1
41 406 274 272 0 0 0 0 1.0006 0 0.0358 -0.0858 0.4429 0.4529 2.4373 0.9783 0.4972 0.5518 0.7484 8.2003 0.5999 0.2957 0.8206 1.0458 4.7119 0.1267 0.1267 0.5663 1 0
41 407 334 47 0 0 0 0 1.0008 0 -0.6635 0.19 0.2706 0.3121 2.2598 0.9576 0.2864 0.359 0.5804 9.6832 0.4528 0.1217 0.8702 1.0312 4.4539 -0.634 0.634 1.2049 1 0
41 408 257 77 0 0 0 0 1.0006 0 0.2677 -0.2367 0.3514 0.3781 2.2933 0.9588 -0.1411 0.4643 0.7136 8.7677 0.6997 -0.1359 0.5533 0.7007 4.5301 -0.06 0.06 0.7819 1 0
41 409 271 16 0 0 0 0 1.0001 0 0.4985 -0.0612 0.3389 0.3946 2.1828 0.869 -0.4447 0.8934 1.3398 15.0566 0.7175 0.4812 0.6952 0.8541 4.5123 0.0408 0.0408 0.6174 1 0
41 410 260 23 0 0 0 0 1.0008 0 0.714 -0.0609 0.1657 0.183 2.0275 0.989 -0.2699 0.3995 0.6451 10.3996 0.515 -0.1051 0.6771 0.8342 4.3138 -0.1394 0.1394 0.8142 1 0
41 411 233 0 0 0 0 0 1.0005 0 -0.2911 0.2797 0.2815 0.3517 2.0243 0.9787 -0.2167 0.2339 0.3252 4.6424 0.7075 0.0128 0.6588 0.7862 4.3067 -0.1405 0.1405 0.6465 0 0
41 412 252 227 0 0 0 0 1.001 0 -0.9548 0.0064 0.4892 0.5767 2.5024 0.9393 -0.6495 0.7716 1.2499 14.7575 0.7447 -0.0503 0.5884 0.7718 4.4557 0.0464 0.0464 0.6389 1 0
41 413 345 152 0 0 0 0 1.0003 0 0.7916 -0.3327 0.3808 0.4463 1.6202 0.973 -0.3572 0.3946 0.4709 4.5497 0.7742 -0.3218 0.6432 0.8518 4.8994 0.216 0.216 0.4428 1 0
41 414 344 74 0 0 0 0 1.0012 0 1 0.0158 0.0608 0.061 1.8758 0.9929 -0.1115 0.3345 0.398 12.9156 0.7394 -0.3186 0.6914 0.8602 4.4218 0.0203 0.0203 0.7151 1 0
41 415 518 690 0 0 0 0 1.0004 0 -0.7864 -0.3598 0.4133 0.5986 1.4944 0.9591 -0.4112 0.5051 0.6157 3.281 0.6996 -0.5531 0.8429 1.0563 4.9659 0.304 0.304 0.3664 1 0
41 416 249 3 0 0 0 0 1.0007 0 0.6222 0.2354 0.2354 0.3244 2.4689 0.9721 -0.1173 0.1867 0.2286 2.9143 0.8061 -0.2201 0.5538 0.6882 4.1848 -0.1895 0.1895 0.7784 1 0
41 417 282 21 0 0 0 0 1.0006 0 0.6045 0.5047 0.5047 0.5849 2.4396 0.9948 -0.5323 0.5819 0.6459 1.8062 0.8074 -0.4357 0.7146 0.868 4.3546 0.0758 0.0758 0.4944 1 0
41 418 248 0 0 0 0 0 1.0007 0 0.6537 0.368 0.4132 0.5324 2.931 0.9061 0.098 0.4346 0.5245 6.633 0.6878 0.0942 0.7036 0.868 4.1401 -0.3898 0.3898 0.7346 0 0
41 419 265 32 0 0 0 0 1.0005 0 0.867 -0.1939 0.1939 0.1985 1.4172 0.9841 -0.0646 0.3813 0.435 3.7547 0.7493 0.0155 0.594 0.7482 4.3989 0.0447 0.0447 0.6152 1 0
41 420 344 41 0 0 0 0 1.0008 0 -0.6477 0.0237 0.128 0.1546 1.7671 0.9752 -0.091 0.2296 0.3026 4.3129 0.7188 0.0472 0.5832 0.732 4.3463 -0.0245 0.0245 0.7771 1 0
41 421 2140 2735 0 0 0 4 1.0089 0 0.9949 -0.3024 0.3024 0.3096 3.1174 0.9105 0.7478 0.8598 0.9464 5.0971 0.6476 1.3432 1.4019 1.6018 6.488 0.3234 0.3234 0.7753 1 1
41 422 246 0 0 0 0 0 1.0012 0 -0.1165 0.4141 0.4141 0.5749 2.6703 0.9347 0.1967 0.3181 0.3797 2.4897 0.6422 0.0939 0.6364 0.8135 4.2026 -0.2499 0.2499 0.6672 0 0
41 423 460 3077 0 0 5 53 1.0346 90 0.1174 -0.3808 0.3808 0.4852 1.9849 0.9718 -0.3869 2.4309 3.1359 32.6339 0.5815 0.1144 0.6931 0.8339 6.8743 -0.1885 0.1885 1.4792 1 1
41 424 238 2 0 0 0 0 1.0007 0 0.4573 0.014 0.2692 0.2909 2.6666 0.9842 0.2803 0.4385 0.7537 12.2243 0.6328 0.09 0.5947 0.8119 4.2817 -0.3907 0.3907 0.9372 1 0
41 425 244 52 0 0 0 0 1.0054 0 -0.4553 -0.0764 0.2205 0.2586 3.5471 0.994 0.2166 0.6728 0.8846 11.6996 0.679 0.0742 0.6761 0.8309 4.4849 -0.1863 0.1863 1.048 1 0
41 426 251 115 0 0 0 0 1.0006 0 -0.2365 -0.0447 0.3327 0.3653 2.4538 0.97 -0.3245 0.5603 0.6449 7.3638 0.7203 -0.4962 0.7622 0.9124 4.6498 -0.1235 0.1235 0.9133 1 0
41 427 263 42 0 0 0 0 1.001 0 0.9626 0.0383 0.1424 0.1729 1.7786 0.9919 -0.0161 0.1244 0.1582 2.364 0.8696 -0.0414 0.5187 0.6529 4.284 0.1157 0.1157 0.4944 1 0
41 428 247 18 0 0 0 0 1.0003 0 0.3942 0.0358 0.3658 0.3788 2.0058 0.8656 -0.1932 0.5914 0.7782 8.758 0.6563 -0.2199 0.6907 0.8597 4.4087 -0.0125 0.0125 0.6341 1 0
41 429 261 106 0 0 0 0 1.0006 0 0.7478 0.0741 0.2157 0.2655 2.6367 0.9591 0.4751 0.4751 0.5814 6.5612 0.7236 0.2213 0.6491 0.8044 4.4159 -0.0458 0.0458 0.7385 1 0
41 430 251 124 0 0 0 0 1.0012 0 -0.5114 0.1429 0.4799 0.4996 2.6652 0.9418 -0.3285 0.5127 0.8535 11.8045 0.755 0.1363 0.7041 0.8913 4.5262 -0.2425 0.2425 1.0798 1 0
41 431 261 9 0 0 0 0 1.0005 0 0.1921 0.3535 0.5303 0.563 2.6077 0.9359 0.3267 0.4044 0.4469 3.5429 0.8224 0.1974 0.6678 0.8513 4.4548 0.1019 0.1019 0.501 1 0
41 432 319 1115 0 0 0 0 1.004 0 0.9789 -0.4038 0.4038 0.4307 1.8387 0.9612 -0.7479 0.8143 1.0727 10.1096 0.7826 -0.4015 0.7535 0.9166 4.5753 0.0084 0.0084 0.7698 1 0
41 433 431 1454 0 0 0 0 1.0026 0 0.8713 -0.3905 0.3905 0.3955 1.6407 0.9741 -0.0901 0.9819 1.3091 15.5856 0.4639 -0.2313 0.8633 1.067 5.375 -0.856 0.856 1.5686 1 0
41 434 257 25 0 0 0 0 1.0003 0 -0.8632 0.1891 0.3386 0.3779 2.1185 0.9768 -0.4814 0.4814 0.5199 2.5253 0.7267 -0.307 0.6564 0.8132 4.3549 -0.0571 0.0571 0.6984 1 0
41 435 239 6 0 0 0 0 1.0006 0 0.942 0.209 0.209 0.2244 2.0955 0.982 -0.1347 0.2627 0.2927 5.646 0.5916 -0.1691 0.7146 0.8997 4.2318 -0.4024 0.4024 0.8997 1 0
41 436 252 9 0 0 0 0 1.0004 0 0.8531 0.182 0.2138 0.2692 2.5431 0.9867 -0.0441 0.1541 0.1843 5.0771 0.6651 0.0272 0.6675 0.8086 4.2029 -0.1337 0.1337 0.7067 1 0
41 437 216 12 0 0 0 0 1.0021 0 0.9595 -0.181 0.181 0.2058 2.3044 0.9836 -0.4804 0.6618 0.83 9.1702 0.5855 -0.2681 0.6988 0.8495 4.2735 -0.2113 0.2113 0.8643 1 0
41 438 505 398 0 0 0 0 1.0007 0 -0.2379 -0.2324 0.3102 0.3579 2.0481 0.981 0.3785 0.7999 1.2105 13.8469 0.7063 0.1074 0.6957 0.9016 4.6833 -0.0305 0.0305 0.9153 1 0
41 439 240 202 0 0 0 0 1.0008 0 0.9161 -0.396 0.396 0.4126 2.5585 0.9868 0.6729 0.9668 1.3349 15.7089 0.631 -0.3514 0.7005 0.9089 4.5393 -0.4101 0.4101 1.2635 1 0
41 440 278 15 0 0 0 0 1.0005 0 0.7154 -0.2864 0.2864 0.3438 1.6511 0.9703 -0.062 0.4593 0.6257 8.1573 0.6958 0.1854 0.6242 0.8244 4.3389 -0.3654 0.3654 1.0988 1 0
41 441 262 64 0 0 0 0 1.0006 0 0.983 -0.1145 0.1931 0.2116 1.7778 0.9661 -0.8413 0.8665 1.2502 12.2139 0.6845 -0.4052 0.7813 0.9519 4.6803 0.0884 0.0884 0.6124 1 0
41 442 333 359 0 0 0 0 1.005 0 -0.7708 -0.0656 0.1783 0.1946 2.2771 0.9489 0.1978 0.6359 0.7982 8.3498 0.7753 -0.0885 0.5488 0.6792 4.9553 -0.1773 0.1773 1.2081 1 0
41 443 274 13 0 0 0 0 1.0003 0 -0.8112 0.3366 0.5985 0.8283 3.9444 0.914 -0.3644 0.5413 0.6308 4.8796 0.7387 -0.1529 0.7391 0.9095 4.6171 0.0598 0.0598 0.5999 1 0
41 444 247 9000 1 0 116 117 15.7924 111 0.9822 1.1829 1.1829 1.3796 6.2092 0.8654 0.9377 0.9738 1.1587 7.6953 0.2098 0.5946 1.3639 1.6971 11.7718 -0.0159 0.0159 1.1181 1 1
41 445 238 579 0 0 0 0 1.0008 0 0.8314 -0.3784 0.3784 0.4322 1.8139 0.9701 -0.1381 1.3215 1.6148 15.6149 0.6344 -0.0694 0.6461 0.8483 5.0551 -0.3528 0.3528 1.3175 1 0
41 446 255 0 0 0 0 0 1.0005 0 0.2233 0.3005 0.3691 0.5203 3.1083 0.9765 -0.2813 0.3017 0.3613 3.5297 0.8002 -0.1083 0.552 0.7065 4.0584 -0.2495 0.2495 0.5905 0 0
41 447 243 22 0 0 0 0 1.0008 0 -0.4548 0.1377 0.2353 0.2673 2.8258 0.9678 -0.2071 0.2909 0.3232 3.4783 0.7404 -0.2917 0.6948 0.8831 4.5532 -0.0389 0.0389 0.6942 1 0
41 448 288 605 0 0 0 0 1.0012 0 -0.1053 -0.032 0.1693 0.1723 2.0131 0.9132 -0.3428 0.6847 0.9122 9.0607 0.6548 -0.1301 0.5735 0.7285 4.6947 -0.1866 0.1866 1.2356 1 0
41 449 243 0 0 0 0 0 1.0008 0 -0.2999 0.0836 0.1584 0.1872 2.5304 0.9788 0.1224 0.1957 0.2755 4.6707 0.7265 0.1782 0.6507 0.8292 4.2875 -0.4743 0.4743 0.9358 0 0
41 450 291 404 0 0 0 0 1.0008 0 0.9868 0.0751 0.1498 0.2044 2.1448 0.9324 -0.4914 0.4914 0.6162 3.717 0.8297 -0.2666 0.6029 0.7183 4.5203 -0.0745 0.0745 0.8324 1 0
41 451 318 101 0 0 0 0 1.0006 0 -0.2691 0.1393 0.3801 0.3842 2.6226 0.9646 -0.4849 0.4967 0.8251 12.0931 0.5002 -0.2901 0.7887 1.0053 5.3476 -0.3956 0.3956 1.2884 1 0
41 452 242 190 0 0 0 0 1.0013 0 -0.9897 0.3365 0.5756 0.5981 2.6127 0.829 0.0811 0.6029 0.8205 8.3512 0.677 -0.0013 0.6764 0.8448 4.5861 -0.2789 0.2789 0.937 1 0
41 453 243 12 0 0 0 0 1.0007 0 0.7495 -0.1238 0.1238 0.1481 1.7087 0.9885 0.0385 0.2264 0.2746 6.298 0.7078 -0.2065 0.658 0.8626 4.2938 -0.1907 0.1907 0.8029 1 0
41 454 261 9 0 0 0 0 1.0007 0 -0.8122 -0.1393 0.4383 0.4641 2.8485 0.9507 -0.1767 0.4935 0.6198 5.1824 0.7876 -0.1606 0.5974 0.736 4.5127 0.0046 0.0046 0.6156 1 0
41 455 258 1262 0 0 0 0 1.001 0 -0.9196 -0.1165 0.2151 0.2938 2.1817 0.9402 0.0895 0.5584 0.8399 8.3134 0.7037 -0.0346 0.7097 0.9145 5.8474 -0.2641 0.2641 1.3269 1 0
41 456 254 1 0 0 0 0 1.0012 0 0.9207 0.076 0.1557 0.2072 2.3851 0.9797 0.0765 0.2068 0.2639 3.6733 0.7892 -0.2519 0.5979 0.7637 4.2382 -0.2042 0.2042 0.753 1 0
41 457 249 27 0 0 0 0 1.0012 0 -0.7147 0.0275 0.2278 0.2354 2.135 0.9724 -0.246 0.3574 0.5994 11.8438 0.6773 -0.0975 0.6495 0.833 4.4918 -0.1698 0.1698 0.9759 1 0
41 458 230 9101 1 0 116 117 25.2199 114 0.5754 -0.2828 0.2828 0.3515 2.0969 0.5474 4.4958 4.7661 6.6852 51.4147 0.2961 1.3639 1.5637 1.9424 11.396 0.176 0.176 0.8894 1 1
41 459 254 9 0 0 0 0 1.0007 0 0.884 0.111 0.2221 0.2639 1.932 0.9336 0.4408 0.4837 0.7433 2.3098 0.7811 0.3197 0.7034 0.8707 4.31 0.0087 0.0087 0.6044 1 0
41 460 363 103 0 0 0 0 1.0004 0 -0.4648 0.1322 0.2764 0.3674 2.3462 0.9797 0.0045 0.2029 0.2469 4.3212 0.7623 0.2197 0.6151 0.8097 4.5207 0.082 0.082 0.6517 1 0
41 461 281 27 0 0 0 0 1.0008 0 -0.2685 0.1473 0.3652 0.4766 3.2866 0.9694 0.1739 0.3811 0.5194 5.4619 0.7341 0.2013 0.5717 0.7352 4.3348 -0.0721 0.0721 0.7667 1 0
41 462 2269 4989 0 0 11 72 1.0224 61 -0.5599 -0.5105 0.5384 0.6986 2.6869 0.9613 0.668 0.911 1.0742 11.8726 0.7529 1.3165 1.3776 1.565 8.8422 0.2915 0.2915 0.7124 1 1
41 463 290 9012 0 0 113 117 8.2336 108 0.9378 -0.0801 0.1371 0.1423 1.9163 0.769 1.6677 1.6942 2.434 19.9306 0.4522 0.5123 0.996 1.236 7.3145 0.0563 0.0563 1.01 1 1
41 464 238 3 0 0 0 0 1.0009 0 -0.7351 0.1095 0.5032 0.5835 3.1326 0.994 0.2607 0.3393 0.3933 7.5708 0.6794 -0.0664 0.5998 0.8068 4.302 -0.3492 0.3492 0.8218 1 0
41 465 281 1334 0 0 0 0 1.0059 0 0.2881 -0.1863 0.2989 0.3184 2.8283 0.9628 -0.0994 1.347 2.004 21.2209 0.7436 0.0638 0.6145 0.7755 5.0641 -0.0557 0.0557 1.0543 1 0
41 466 323 92 0 0 0 0 1.0007 0 0.962 -0.3235 0.3235 0.3426 2.0093 0.9665 -0.7727 0.8297 1.0951 6.5924 0.8283 -0.5716 0.7251 0.8793 4.8634 0.1917 0.1917 0.4654 1 0
41 467 248 3 0 0 0 0 1.0008 0 -0.9571 -0.1632 0.6216 0.7362 2.1665 0.9669 0.1438 0.5253 0.7298 11.9823 0.7133 -0.0962 0.7218 0.8964 4.2847 -0.267 0.267 0.8504 1 0
41 468 318 761 0 0 0 0 1.0042 0 0.9449 -0.2262 0.2262 0.2463 2.3108 0.9933 -0.168 0.5342 0.7831 14.3466 0.7164 -0.2755 0.7269 0.9141 5.1087 -0.0335 0.0335 0.9137 1 0
41 469 241 0 0 0 0 0 1.0002 0 0.9778 0.4686 0.4686 0.4723 2.0618 0.9894 0.0434 0.2981 0.4263 2.2727 0.6916 0.3885 0.701 0.8649 4.1569 -0.328 0.328 0.7083 0 0
41 470 298 56 0 0 0 0 1.0002 0 0.8778 -0.3342 0.3342 0.4017 1.7418 0.9837 -0.2673 0.4191 0.55 8.464 0.7405 0.0214 0.5438 0.7342 4.5389 0.0941 0.0941 0.651 1 0
41 471 375 683 0 0 0 0 1.0021 0 0.2862 0.1129 0.173 0.2415 2.8269 0.9657 0.3508 0.4277 0.5533 9.0491 0.6192 0.1029 0.6952 0.9065 4.8328 -0.1674 0.1674 1.0882 1 0
41 472 264 1 0 0 0 0 1.0004 0 0.1843 -0.0279 0.3354 0.3634 2.0204 0.9595 0.148 0.3259 0.3809 3.6478 0.7679 0.2495 0.6947 0.8734 4.2199 -0.1288 0.1288 0.6239 1 0
41 473 241 288 0 0 0 0 1.0009 0 0.684 -0.3555 0.3555 0.3676 1.673 0.9926 0.1462 0.7911 1.025 10.1583 0.6408 -0.0582 0.6662 0.8336 4.5836 -0.1594 0.1594 1.06 1 0
41 474 498 168 0 0 0 0 1.0003 0 0.994 -0.2548 0.2548 0.2673 1.602 0.9859 0.0206 0.3061 0.4014 7.5073 0.7816 0.0742 0.6483 0.816 5.321 0.2281 0.2281 0.4959 1 0
41 475 231 13 0 0 0 0 1.0007 0 -0.0876 -0.3568 0.3568 0.4521 1.953 0.9764 -0.2831 0.5262 0.6767 7.1562 0.5968 -0.0315 0.6106 0.7872 4.3253 -0.3377 0.3377 0.9103 1 0
41 476 255 146 0 0 0 0 1.0014 0 0.9911 0.0562 0.0562 0.0658 2.0119 0.956 -0.0025 0.231 0.2664 5.5175 0.7776 -0.117 0.7179 0.8946 4.7675 -0.0222 0.0222 0.7929 1 0
41 477 271 81 0 0 0 0 1.0007 0 -0.6059 -0.1108 0.6249 0.6488 2.7135 0.9266 -0.6609 0.9302 1.3367 14.2774 0.5734 -0.1438 0.7252 0.8783 4.5125 -0.0937 0.0937 0.8694 1 0
41 478 247 236 0 0 0 0 1.0007 0 -0.0366 -0.3141 0.4298 0.5814 1.8118 0.981 0.3207 0.5564 0.6451 6.9127 0.6688 0.3618 0.7387 0.9009 4.5707 0.081 0.081 0.6346 1 0
41 479 259 1 0 0 0 0 1.0002 0 -0.056 0.0474 0.2224 0.2701 1.8512 0.9775 -0.1511 0.332 0.3962 6.6588 0.6771 -0.2015 0.6134 0.785 4.3662 -0.3482 0.3482 0.8372 1 0
41 480 221 0 0 0 0 0 1.0014 0 -0.7771 0.7612 0.7612 0.9313 3.3522 0.9745 0.1323 0.4652 0.6074 2.2534 0.7176 0.0879 0.6047 0.7795 4.1925 -0.4589 0.4589 0.6638 0 0
41 481 252 3 0 0 0 0 1.0002 0 -0.0989 0.0204 0.232 0.257 1.8879 0.9864 0.2886 0.3226 0.368 5.34 0.719 0.0919 0.5996 0.7457 4.1618 -0.0542 0.0542 0.6353 1 0
41 482 258 26 0 0 0 0 1.0005 0 -0.9939 0.1728 0.5755 0.6968 3.054 0.9298 0.324 0.7588 1.0635 8.5284 0.6181 -0.0529 0.6435 0.8452 4.529 0.0203 0.0203 0.6363 1 0
41 483 277 46 0 0 0 0 1.0012 0 -0.9073 0.0158 0.7013 0.752 3.6298 0.9253 -0.2902 0.6156 0.7597 5.9152 0.5208 0.1301 0.8193 1.0167 4.4248 0.1125 0.1125 0.5607 1 0
41 484 261 23 0 0 0 0 1.0013 0 -0.855 0.2937 0.6584 0.6924 3.2933 0.8329 0.3711 0.6784 0.9178 10.6906 0.5122 0.0111 0.7749 0.9687 4.3396 -0.0209 0.0209 0.6951 1 0
41 485 255 62 0 0 0 0 1.0014 0 -0.6319 0.1019 0.2344 0.3109 2.0978 0.9764 -0.0177 0.1913 0.2297 2.767 0.7333 0.1284 0.6389 0.8193 4.5454 -0.0243 0.0243 0.7238 1 0
41 486 254 0 0 0 0 0 1.0005 0 -0.9592 0.2343 0.4912 0.5854 2.4388 0.9579 0.1212 0.2567 0.2964 2.581 0.8169 -0.0145 0.5223 0.6529 4.3683 -0.0401 0.0401 0.5974 0 0
41 487 248 14 0 0 0 0 1.0009 0 -0.7778 0.2444 0.3379 0.3856 3.1305 0.9734 0.2166 0.247 0.3283 4.4919 0.662 0.1666 0.7144 0.8643 4.2703 -0.2469 0.2469 0.8532 1 0
41 488 272 264 0 0 0 0 1.0006 0 -0.0174 -0.3726 0.3726 0.4027 1.5821 0.9819 0.2764 0.7318 0.8254 10.5802 0.7082 -0.1139 0.5958 0.74 4.7444 -0.0919 0.0919 1.0751 1 0
41 489 692 2684 0 0 0 0 1.0005 0 -0.0468 -0.2185 0.2185 0.267 1.4895 0.969 -1.0883 1.0883 1.1706 5.295 0.513 -2.147 2.1572 2.4182 6.476 0.4219 0.4219 0.1946 1 0
41 490 326 827 0 0 0 0 1.0013 0 0.4347 -0.339 0.339 0.3987 1.7666 0.9359 -2.0522 2.2469 3.3489 32.5712 0.4878 -0.3783 0.7586 0.9246 4.8008 -0.1797 0.1797 1.3233 1 0
41 491 295 917 0 0 0 0 1.0018 0 -0.4089 -0.0236 0.2645 0.2927 2.2846 0.9315 0.2261 0.4411 0.5094 5.12 0.6633 0.3875 0.8199 0.9769 4.9638 0.0287 0.0287 0.925 1 0
41 492 249 100 0 0 0 0 1.0006 0 -0.8409 -0.0947 0.6013 0.6167 4.015 0.9714 1.6399 2.3032 3.3519 32.7435 0.5772 0.1011 0.7363 0.8858 4.5287 -0.2313 0.2313 1.1517 1 0
41 493 251 900 0 0 0 0 1.0023 0 0.1178 -0.0911 0.1923 0.2159 2.0734 0.9871 0.7464 0.8911 1.156 12.8331 0.6697 0.2562 0.6998 0.8738 4.8353 -0.0439 0.0439 1.0329 1 0
41 494 431 439 0 0 0 0 1.0019 0 0.9354 -0.2075 0.2075 0.2435 1.7455 0.9787 -0.0701 0.4359 0.5562 7.7451 0.7419 -0.4245 0.6664 0.8479 5.079 0.1094 0.1094 0.7224 1 0
41 495 251 19 0 0 0 0 1.0015 0 -0.9242 0.1195 0.272 0.3123 2.684 0.994 0.213 0.2218 0.284 7.2218 0.4774 0.1255 0.7431 0.9298 4.2957 -0.3203 0.3203 0.9073 1 0
41 496 256 75 0 0 0 0 1.0008 0 -0.655 -0.1345 0.2589 0.3137 1.8122 0.9897 -0.3867 0.3867 0.4257 3.9118 0.6974 -0.3115 0.5912 0.7432 4.5496 -0.1328 0.1328 0.8467 1 0
41 497 381 321 0 0 0 0 1.0011 0 0.7035 0.0353 0.1817 0.2177 2.1503 0.8908 -0.2399 0.6086 0.8387 7.714 0.6133 -0.1113 0.7816 0.9533 4.9936 -0.0704 0.0704 1.0334 1 0
41 498 277 49 0 0 0 0 1.0009 0 -0.9982 -0.1374 0.251 0.3491 1.6901 0.9865 -0.1889 0.257 0.3129 5.5334 0.7308 0.1358 0.6068 0.7877 4.2998 -0.0537 0.0537 0.718 1 0
41 499 316 346 0 0 0 0 1.0011 0 0.5248 -0.2522 0.3667 0.4053 3.9517 0.977 0.4087 1.4825 2.0062 20.4045 0.4212 0.3552 0.7206 0.9244 5.5015 -0.4606 0.4606 1.4923 1 0
41 500 264 63 0 0 0 0 1.0002 0 0.9975 0.1685 0.2808 0.3178 2.0797 0.9133 0.7225 0.7427 1.1204 12.4212 0.7686 0.1001 0.7702 0.9212 4.7088 0.1394 0.1394 0.5412 1 0
