cond r run.time ndiv nbfmi ntree nbulk ntail maxRhat nRhat alpha.cor alpha.bias alpha.abbias alpha.rmse alpha.CI beta.cor beta.bias beta.abbias beta.rmse beta.CI theta.cor theta.bias theta.abbias theta.rmse theta.CI lambda.bias lambda.abbias lambda.CI corrupt efficiency
18 1 611 15 0 0 0 0 1.0003 0 0.7467 -0.4079 0.4079 0.4646 0.81 0.9883 -0.2067 0.6068 0.7445 4.7136 0.7058 -0.1475 0.6636 0.8272 4.6547 0.1798 0.1798 0.4363 1 0
18 2 584 131 0 0 0 0 1.0009 0 0.2715 0.0389 0.1847 0.1881 1.9203 0.9728 -0.3487 0.4292 0.4898 3.9175 0.785 -0.269 0.5884 0.7512 3.6878 0.019 0.019 0.5089 1 0
18 3 596 0 0 0 0 0 1.0002 0 0.9596 -0.161 0.161 0.1752 1.2685 0.9974 0.1508 0.1635 0.2114 2.4423 0.85 0.0413 0.5267 0.6766 3.6747 0.0197 0.0197 0.4163 0 0
18 4 606 5 0 0 0 0 1.0003 0 0.6799 -0.2509 0.2509 0.2815 1.0391 0.99 -0.3129 0.5768 0.6698 4.7776 0.7686 -0.1371 0.6312 0.7939 4.2184 0.1737 0.1737 0.3869 1 0
18 5 605 0 0 0 0 0 1.0007 0 0.2057 -0.0651 0.3339 0.3454 1.4488 0.98 -0.0168 0.239 0.3038 3.6466 0.7328 0.0932 0.5561 0.7069 3.3071 -0.0809 0.0809 0.4469 0 0
18 6 610 7 0 0 0 0 1.0008 0 0.0087 -0.3144 0.3553 0.4818 1.0009 0.9807 0.8185 0.8185 1.0731 7.0371 0.6703 0.1196 0.7143 0.8858 4.1362 0.1566 0.1566 0.4531 1 0
18 7 586 0 0 0 0 0 1.0002 0 -0.3593 0.0794 0.1782 0.1817 1.1535 0.9691 0.0969 0.2338 0.2739 2.4101 0.6975 0.0951 0.6867 0.8538 3.7109 -0.0703 0.0703 0.5051 0 0
18 8 601 1 0 0 0 0 1.0008 0 0.9955 -0.1927 0.1927 0.2072 1.2852 0.9894 -0.1141 0.5309 0.6333 7.4167 0.7252 -0.0739 0.5876 0.74 4.0757 0.0383 0.0383 0.5267 1 0
18 9 621 89 0 0 0 0 1.0011 0 0.9485 -0.1676 0.1676 0.186 1.2222 0.958 0.1273 0.3913 0.5465 4.1954 0.7388 0.2095 0.6857 0.8509 4.3111 0.1206 0.1206 0.5408 1 0
18 10 681 408 0 0 0 0 1.0015 0 0.8171 -0.103 0.104 0.1268 1.2725 0.9865 -0.0913 0.2105 0.2825 6.0439 0.7255 0.0103 0.6217 0.7603 4.2978 -0.0529 0.0529 0.7193 1 0
18 11 607 6 0 0 0 0 1.0003 0 -0.7246 0.0634 0.2341 0.242 1.3405 0.9344 0.1122 0.3595 0.4102 3.3448 0.7609 0.0592 0.5732 0.7179 3.5982 -0.054 0.054 0.5524 1 0
18 12 667 0 0 0 0 0 1.0004 0 0.9987 0.0342 0.3255 0.3621 1.8022 0.9879 -0.1196 0.3513 0.4204 4.306 0.8007 -0.4181 0.697 0.8431 3.5739 0.115 0.115 0.308 0 0
18 13 581 0 0 0 0 0 1.0005 0 0.5274 -0.0289 0.2436 0.2653 1.4368 0.9639 -0.4133 0.43 0.5178 2.4905 0.7829 -0.2117 0.6229 0.8088 3.5738 -0.0481 0.0481 0.51 0 0
18 14 585 0 0 0 0 0 1.0002 0 -0.1665 0.0063 0.2185 0.2452 1.5517 0.9934 0.1762 0.2192 0.2834 3.9156 0.7931 -0.0162 0.5388 0.7005 3.5556 -0.0884 0.0884 0.4954 0 0
18 15 579 0 0 0 0 0 1.001 0 0.9998 -0.039 0.0704 0.0981 1.8811 0.9545 -0.1998 0.2513 0.423 5.0353 0.8182 -0.1013 0.6224 0.7764 3.652 -0.0564 0.0564 0.4988 0 0
18 16 578 2 0 0 0 0 1.0003 0 0.9942 -0.1895 0.2263 0.3216 1.2848 0.9985 -0.3011 0.3011 0.3179 3.5424 0.8257 -0.2605 0.6281 0.7796 3.7867 0.0018 0.0018 0.4974 1 0
18 17 581 0 0 0 0 0 1.0004 0 0.261 0.1567 0.4102 0.5249 2.1598 0.949 0.1425 0.2599 0.3446 3.0216 0.7811 0.1075 0.5543 0.6856 3.3327 -0.0542 0.0542 0.4555 0 0
18 18 598 7 0 0 0 0 1.0006 0 -0.3926 -0.0094 0.2823 0.2964 1.2709 0.935 -0.1453 0.3803 0.4981 4.1921 0.7614 -0.2796 0.6901 0.8649 4.1952 0.1381 0.1381 0.4061 1 0
18 19 912 2 0 0 0 0 1.0005 0 0.462 -0.2271 0.2509 0.2955 1.3033 0.9817 0.0529 0.2909 0.3983 5.7686 0.762 -0.3021 0.6329 0.8031 3.9981 0.1189 0.1189 0.438 1 0
18 20 583 5 0 0 0 0 1.0008 0 0.7688 -0.0176 0.0672 0.0803 1.4766 0.9906 0.2764 0.3232 0.3523 4.0181 0.6454 0.1745 0.779 0.9675 3.979 -0.0833 0.0833 0.6605 1 0
18 21 617 0 0 0 0 0 1.0003 0 0.3511 0.0469 0.3821 0.4502 1.6597 0.9677 0.1369 0.3712 0.424 3.9454 0.7372 0.1224 0.6596 0.8215 3.7845 0.1057 0.1057 0.3652 0 0
18 22 579 5 0 0 0 0 1.0011 0 0.9957 0.1329 0.1329 0.1332 1.4025 0.9894 0.0323 0.2643 0.3015 2.8098 0.694 -0.0715 0.6833 0.8437 3.6816 -0.1286 0.1286 0.6367 1 0
18 23 592 0 0 0 0 0 1.0016 0 -0.2651 -0.1574 0.324 0.3406 1.4323 0.9642 -0.1858 0.4114 0.4572 3.9484 0.7419 -0.3601 0.6559 0.81 3.5068 -0.0763 0.0763 0.4868 0 0
18 24 589 0 0 0 0 0 1.0004 0 0.9806 0.1621 0.1621 0.1765 1.3289 0.9942 -0.0231 0.0845 0.1042 2.4241 0.7205 -0.0113 0.6057 0.7562 3.5325 -0.0681 0.0681 0.4703 0 0
18 25 570 1 0 0 0 0 1.0005 0 0.9513 -0.0808 0.0808 0.0943 1.5182 0.9959 0.1055 0.2154 0.2567 5.8402 0.7083 0.102 0.6411 0.776 3.7788 -0.1585 0.1585 0.6652 1 0
18 26 722 24 0 0 0 0 1.0005 0 0.7871 0.0095 0.164 0.1776 1.1828 0.9801 -0.818 0.818 1.0836 9.66 0.7378 -0.4316 0.7459 0.9354 4.3131 0.0976 0.0976 0.5015 1 0
18 27 590 0 0 0 0 0 1.0004 0 0.7336 -0.0077 0.2079 0.248 1.3648 0.9906 -0.7481 0.7481 0.9269 7.8966 0.7813 -0.3137 0.5977 0.7452 3.43 -0.1569 0.1569 0.4757 0 0
18 28 587 8 0 0 0 0 1.0005 0 0.8237 -0.1186 0.1186 0.1416 1.495 0.9908 0.269 0.3923 0.4481 5.1461 0.6859 0.1348 0.604 0.7864 3.8083 -0.1986 0.1986 0.8684 1 0
18 29 610 0 0 0 0 0 1.0004 0 0.978 -0.0882 0.1354 0.194 1.3141 0.9928 0.2887 0.2887 0.3111 1.7939 0.905 0.3051 0.4749 0.5835 3.1329 0.0859 0.0859 0.2933 0 0
18 30 600 0 0 0 0 0 1.0004 0 0.5782 0.0062 0.095 0.106 1.1687 0.9903 -0.0286 0.1378 0.1627 1.9216 0.7845 0.119 0.5964 0.7372 3.4136 0.009 0.009 0.439 0 0
18 31 565 8 0 0 0 0 1.0004 0 -0.2518 -0.132 0.2414 0.3341 1.4069 0.9894 0.2816 0.4014 0.5074 6.1291 0.6395 -0.1796 0.7155 0.8974 3.9142 -0.1767 0.1767 0.7847 1 0
18 32 582 1 0 0 0 0 1.0019 0 0.8846 -0.0981 0.1569 0.1976 1.9847 0.9177 -0.1224 0.4181 0.5942 5.7611 0.7849 -0.3223 0.5828 0.7144 3.6724 -0.0276 0.0276 0.5172 1 0
18 33 1911 998 0 0 0 0 1.0017 0 -0.7544 -0.2988 0.2988 0.309 0.9708 0.9849 -0.0976 0.5839 0.7179 7.3349 0.6455 -0.5451 0.7866 0.9865 5.2372 0.181 0.181 0.5953 1 0
18 34 578 2 0 0 0 0 1.0029 0 0.9458 -0.0422 0.1077 0.1414 1.5791 0.9785 0.7203 0.7203 1.0903 11.1565 0.6931 0.2809 0.718 0.8933 4.1491 0.001 0.001 0.563 1 0
18 35 589 0 0 0 0 0 1.0009 0 -0.9004 -0.192 0.192 0.2544 1.2187 0.9831 0.1684 0.2318 0.3589 3.4141 0.7928 0.0019 0.5244 0.6657 3.4759 -0.0136 0.0136 0.5219 0 0
18 36 592 0 0 0 0 0 1.0003 0 0.4484 0.2526 0.3853 0.5128 1.7389 0.9868 0.1937 0.2011 0.2401 1.5399 0.8337 0.1733 0.5858 0.7133 3.7436 0.1171 0.1171 0.3247 0 0
18 37 553 0 0 0 0 0 1.0012 0 -0.4852 0.3434 0.4112 0.5404 2.1719 0.9551 0.1041 0.3035 0.3843 1.8088 0.7513 0.1759 0.6074 0.7686 3.0189 -0.1992 0.1992 0.4166 0 0
18 38 572 0 0 0 0 0 1.0005 0 0.8455 -0.0574 0.2183 0.2252 1.5609 0.9775 0.36 0.5429 0.7114 10.7761 0.7514 -0.0585 0.6276 0.774 3.4536 -0.0907 0.0907 0.5001 0 0
18 39 588 6 0 0 0 0 1.0004 0 0.92 0.0361 0.0788 0.0947 1.1974 0.9798 0.5559 0.5559 0.5947 2.6721 0.7398 0.4587 0.7469 0.9262 3.6338 0.0395 0.0395 0.4484 1 0
18 40 573 0 0 0 0 0 1.0012 0 -0.7731 0.0905 0.1636 0.1699 1.3848 0.9957 0.2929 0.3189 0.3982 5.5527 0.6683 0.018 0.6751 0.8513 3.5545 -0.2681 0.2681 0.6752 0 0
18 41 591 0 0 0 0 0 1.0003 0 -0.6826 -0.0441 0.4634 0.523 1.438 0.983 -0.3377 0.3379 0.4735 3.8446 0.7475 -0.1312 0.6065 0.7783 3.5447 0.0535 0.0535 0.4098 0 0
18 42 600 0 0 0 0 0 1.0013 0 -0.1193 0.0853 0.1405 0.1645 1.4364 0.9765 -0.0373 0.1849 0.225 2.7119 0.6959 0.0603 0.6222 0.8003 3.6588 -0.1663 0.1663 0.6163 0 0
18 43 584 0 0 0 0 0 1.0006 0 0.9244 -0.0464 0.0984 0.1299 1.1787 0.9838 -0.2817 0.288 0.3318 1.9977 0.7992 -0.3453 0.6223 0.7992 3.4088 -0.0794 0.0794 0.5475 0 0
18 44 736 5 0 0 0 0 1.0012 0 -0.0865 -0.0877 0.5111 0.5704 2.3149 0.957 -0.0665 0.4686 0.6169 6.0162 0.6491 -0.4117 0.7341 0.9147 3.8222 -0.1257 0.1257 0.5982 1 0
18 45 597 1 0 0 0 0 1.0006 0 0.9902 0.1221 0.1389 0.2023 1.8638 0.9902 0.0486 0.1444 0.1848 2.8858 0.7562 0.0861 0.6162 0.7625 3.3293 -0.1659 0.1659 0.5616 1 0
18 46 591 33 0 0 0 0 1.0011 0 0.7441 -0.4004 0.4004 0.4276 1.1584 0.9845 -0.5207 0.7689 1.0109 8.3075 0.7515 0.0379 0.5705 0.7275 4.0296 -0.1112 0.1112 0.8188 1 0
18 47 594 23 0 0 0 0 1.0004 0 0.9681 0.0042 0.1906 0.2206 1.7654 0.9642 -0.4121 0.5351 0.6374 5.0318 0.743 -0.478 0.7363 0.9164 4.0686 0.1378 0.1378 0.4248 1 0
18 48 612 0 0 0 0 0 1.0008 0 0.6329 -0.1431 0.1982 0.2634 1.1787 0.9809 -0.2149 0.2777 0.3668 2.3379 0.7039 -0.1037 0.6799 0.8457 3.5669 0.1075 0.1075 0.3984 0 0
18 49 594 5 0 0 0 0 1.0011 0 0.9493 0.0311 0.1249 0.1454 1.3054 0.9858 0.293 0.2992 0.3826 2.6484 0.7887 0.1989 0.6482 0.826 3.8291 0.1236 0.1236 0.4201 1 0
18 50 608 0 0 0 0 0 1.0005 0 0.9874 0.1444 0.1444 0.2017 1.4984 0.9916 0.2979 0.3054 0.3269 2.1862 0.7545 0.1774 0.62 0.752 3.5882 0.0694 0.0694 0.3924 0 0
18 51 714 16 0 0 0 0 1.001 0 1 -0.2246 0.2246 0.231 1.1432 0.9905 -0.4934 0.5511 0.6468 5.3931 0.6843 -0.4041 0.7578 0.9549 4.1348 0.0827 0.0827 0.525 1 0
18 52 675 0 0 0 0 0 1.0008 0 0.9669 -0.1127 0.1384 0.1787 1.6497 0.9686 -0.1036 0.2489 0.3778 2.4806 0.8585 -0.0852 0.4772 0.5989 3.327 0.1112 0.1112 0.3427 0 0
18 53 589 0 0 0 0 0 1.0004 0 0.8265 0.2447 0.2447 0.28 1.208 0.9978 0.5862 0.5862 0.6356 1.998 0.8126 0.3579 0.6411 0.793 3.3935 -0.0039 0.0039 0.4571 0 0
18 54 593 6 0 0 0 0 1.0003 0 0.8979 -0.0372 0.0839 0.0874 1.0753 0.984 0.0735 0.2646 0.3408 3.3958 0.6645 -0.0545 0.7103 0.8924 3.9294 0.0391 0.0391 0.5206 1 0
18 55 601 1 0 0 0 0 1.0008 0 0.9997 -0.145 0.145 0.1451 1.2304 0.9937 0.0317 0.3605 0.4287 6.9175 0.7085 -0.0338 0.5904 0.7302 3.8596 0.0197 0.0197 0.5444 1 0
18 56 585 0 0 0 0 0 1.0005 0 0.5691 0.3468 0.3468 0.3608 1.4597 0.9881 -0.1162 0.2005 0.2582 1.2317 0.7788 0.0355 0.6382 0.8044 3.0344 -0.144 0.144 0.4158 0 0
18 57 582 3 0 0 0 0 1.0009 0 0.941 0.1512 0.1512 0.1747 1.5822 0.9825 -0.1723 0.2779 0.3136 3.1981 0.6664 -0.2118 0.6744 0.8336 3.8344 -0.0872 0.0872 0.6065 1 0
18 58 832 106 0 0 0 0 1.0009 0 0.7486 -0.1513 0.2212 0.2398 0.9655 0.9792 -0.1883 0.3079 0.4825 3.4743 0.7771 -0.3986 0.696 0.8785 4.2778 0.2334 0.2334 0.3541 1 0
18 59 597 0 0 0 0 0 1.0005 0 0.7316 -0.106 0.1308 0.1811 0.8794 0.9955 -0.2775 0.3503 0.41 3.5998 0.7067 -0.4459 0.7885 1.0066 3.8477 0.1315 0.1315 0.3922 0 0
18 60 640 118 0 0 0 0 1.001 0 0.9546 -0.06 0.1091 0.1282 1.3285 0.9855 0.26 0.329 0.5601 5.7155 0.6247 0.1167 0.7072 0.8718 4.5711 0.1013 0.1013 0.5697 1 0
18 61 608 7 0 0 0 0 1.0013 0 -0.9896 -0.1304 0.1716 0.1964 1.251 0.9936 0.0848 0.1965 0.273 3.7001 0.714 -0.1068 0.6651 0.8268 3.8137 0.0853 0.0853 0.4811 1 0
18 62 590 65 0 0 0 0 1.0014 0 -0.8877 -0.171 0.3581 0.4729 1.8435 0.9888 -0.5454 0.6439 0.997 11.4736 0.7188 0.0059 0.6634 0.8211 3.8311 -0.027 0.027 0.6236 1 0
18 63 579 2 0 0 0 0 1.0009 0 0.9911 0.1543 0.1789 0.2051 1.4128 0.9679 0.088 0.2571 0.3044 3.5961 0.731 -0.0102 0.6657 0.8469 3.6697 -0.0263 0.0263 0.4694 1 0
18 64 638 0 0 0 0 0 1.0005 0 0.611 -0.2418 0.2971 0.3811 1.0343 0.9849 -0.2048 0.3475 0.4504 3.0702 0.8413 -0.1081 0.524 0.666 3.6409 0.1615 0.1615 0.3121 0 0
18 65 584 0 0 0 0 0 1.0019 0 -0.1047 0.0477 0.2501 0.2557 1.4665 0.9664 0.1424 0.2578 0.4363 5.2388 0.6981 0.0551 0.6443 0.8078 3.7793 -0.1209 0.1209 0.618 0 0
18 66 603 0 0 0 0 0 1.0002 0 0.1534 0.0145 0.2068 0.25 1.583 0.9786 0.0023 0.1828 0.2418 3.5557 0.765 -0.0689 0.6299 0.7824 3.3392 -0.2273 0.2273 0.5307 0 0
18 67 604 9 0 0 0 0 1.0014 0 0.619 -0.1863 0.2357 0.2626 1.2059 0.9785 0.1449 0.3325 0.3909 3.3695 0.7473 0.2775 0.6369 0.7962 3.8005 0.106 0.106 0.4398 1 0
18 68 589 0 0 0 0 0 1.0006 0 0.9858 0.085 0.1431 0.1516 1.8243 0.9787 -0.1372 0.2614 0.4399 5.3302 0.666 0.0358 0.6656 0.8503 3.6519 0.0261 0.0261 0.4449 0 0
18 69 586 0 0 0 0 0 1.0003 0 0.9802 -0.218 0.218 0.2241 1.3759 0.995 -0.4414 0.4414 0.5904 6.2344 0.8156 -0.3292 0.6078 0.7431 3.5289 -0.0306 0.0306 0.464 0 0
18 70 581 0 0 0 0 0 1.0002 0 -0.7927 -0.0344 0.4046 0.4765 1.6169 0.9495 0.088 0.2666 0.3216 2.7979 0.7134 0.021 0.6444 0.8172 3.5746 -0.0771 0.0771 0.4926 0 0
18 71 585 0 0 0 0 0 1.0003 0 -0.7824 0.0859 0.0911 0.1348 1.3633 0.9926 0.1379 0.1586 0.2165 3.5725 0.752 0.0645 0.6456 0.8234 3.7277 -0.0507 0.0507 0.4901 0 0
18 72 580 0 0 0 0 0 1.0009 0 0.9425 -0.0577 0.0888 0.1224 1.2738 0.9912 0.2126 0.244 0.266 2.6296 0.7342 0.0021 0.6447 0.7979 3.5931 -0.1486 0.1486 0.5145 0 0
18 73 590 0 0 0 0 0 1.0002 0 0.9035 0.0093 0.1885 0.2035 1.8515 0.9793 -0.1619 0.3259 0.3771 4.7533 0.7714 -0.0996 0.5714 0.6958 3.5496 -0.0483 0.0483 0.4619 0 0
18 74 605 0 0 0 0 0 1.0004 0 0.9413 0.0128 0.0835 0.0853 1.142 0.9976 -0.1484 0.1484 0.1889 2.1319 0.8274 -0.0412 0.5278 0.6812 3.5844 0.1171 0.1171 0.3339 0 0
18 75 576 1 0 0 0 0 1.0018 0 0.6467 0.0017 0.1857 0.2223 1.9938 0.9798 -0.1961 0.3594 0.4313 6.3845 0.7578 -0.3442 0.6516 0.8307 4.0777 -0.074 0.074 0.5877 1 0
18 76 594 8 0 0 0 0 1.0032 0 0.9768 -0.1425 0.1425 0.2008 1.5979 0.9819 0.1336 0.5667 0.6798 7.7715 0.6468 0.2211 0.7496 0.9414 4.1961 -0.159 0.159 0.9825 1 0
18 77 602 0 0 0 0 0 1.0005 0 0.9049 0.1484 0.1484 0.1761 1.3666 0.9822 0.0068 0.1688 0.2086 1.4243 0.8316 0.0816 0.5247 0.6763 3.2987 0.0097 0.0097 0.4077 0 0
18 78 571 27 0 0 0 0 1.0004 0 -0.9996 0.0047 0.4048 0.4461 2.2441 0.9545 0.0493 0.6469 0.7675 7.061 0.6461 0.1598 0.7007 0.8788 3.8464 -0.0463 0.0463 0.6656 1 0
18 79 602 6 0 0 0 0 1.0009 0 0.9376 -0.2115 0.2115 0.2321 1.5202 0.9743 -0.1543 0.3639 0.4443 4.2112 0.7202 -0.2711 0.6273 0.8199 4.0077 0.1061 0.1061 0.4845 1 0
18 80 589 13 0 0 0 0 1.0013 0 0.3708 0.0285 0.1945 0.1994 1.1886 0.9809 0.0128 0.2814 0.3111 3.7013 0.7023 0.1454 0.6219 0.7889 3.8776 -0.0074 0.0074 0.5919 1 0
18 81 765 52 0 0 0 0 1.0007 0 0.7835 -0.1777 0.2086 0.2436 1.3017 0.9847 -0.456 0.5098 0.6573 6.1385 0.7454 -0.3501 0.704 0.8792 5.0029 0.1656 0.1656 0.4453 1 0
18 82 598 0 0 0 0 0 1.0007 0 0.9468 0.1341 0.1385 0.2097 1.749 0.9959 0.0225 0.0596 0.0844 2.0845 0.8321 0.0185 0.5593 0.6774 3.4102 0.0785 0.0785 0.3356 0 0
18 83 585 0 0 0 0 0 1.0006 0 0.7182 0.1355 0.1624 0.2021 1.1843 0.9922 0.0198 0.1268 0.1636 1.4023 0.8062 -0.0829 0.5925 0.7354 3.1075 -0.0775 0.0775 0.4197 0 0
18 84 880 26 0 0 0 0 1.0006 0 -0.892 -0.1782 0.1782 0.2384 1.0606 0.9813 0.1323 0.279 0.3738 4.3815 0.7087 0.0237 0.665 0.8445 4.6732 0.2017 0.2017 0.411 1 0
18 85 587 0 0 0 0 0 1.001 0 0.5123 -0.1735 0.2782 0.3146 1.4311 0.9862 -0.1159 0.5193 0.6973 6.227 0.6703 -0.2338 0.6707 0.833 3.7063 4e-04 4e-04 0.5012 0 0
18 86 755 18 0 0 0 0 1.0012 0 -0.8948 -0.225 0.225 0.2764 1.5565 0.9491 -0.5695 1.0112 1.4179 13.9951 0.5984 -0.1569 0.6523 0.8281 4.277 -0.1588 0.1588 0.9505 1 0
18 87 769 3 0 0 0 0 1.0002 0 0.2873 -0.4183 0.4183 0.4722 0.9109 0.9858 -0.3275 0.7074 0.9694 7.338 0.793 -0.0556 0.646 0.7784 3.9921 0.1513 0.1513 0.4213 1 0
18 88 600 5 0 0 0 0 1.0001 0 0.9922 -0.1212 0.1212 0.1242 1.0095 0.9666 0.0136 0.3078 0.4002 3.0011 0.7376 0.0294 0.6547 0.8194 3.7566 0.108 0.108 0.4034 1 0
18 89 624 1 0 0 0 0 1.0003 0 0.8204 -0.0857 0.1363 0.1914 1.1374 0.9911 0.4266 0.4266 0.4502 2.1928 0.8278 0.3065 0.6271 0.7639 3.8153 0.1863 0.1863 0.3311 1 0
18 90 609 10 0 0 0 0 1.0001 0 0.9493 -0.2053 0.2053 0.2219 0.8294 0.9938 0.0698 0.2836 0.3542 3.7786 0.7194 0.0991 0.6981 0.8792 3.996 0.2115 0.2115 0.3384 1 0
18 91 589 7 0 0 0 0 1.0007 0 0.9972 -0.095 0.1778 0.1911 1.0602 0.9954 -0.3361 0.3361 0.3673 3.0561 0.7459 -0.2574 0.6338 0.7811 3.6196 0.0747 0.0747 0.4338 1 0
18 92 610 52 0 0 0 0 1.0002 0 0.7028 -0.2204 0.2204 0.2692 0.9529 0.9915 0.209 0.4023 0.4946 2.9684 0.7853 0.4776 0.6998 0.8817 4.4377 0.159 0.159 0.4136 1 0
18 93 581 0 0 0 0 0 1.0011 0 -0.7279 0.0095 0.2557 0.2692 1.9502 0.9756 -0.0893 0.2407 0.3686 4.8279 0.711 0.0449 0.5801 0.7305 3.4268 -0.2547 0.2547 0.5243 0 0
18 94 574 0 0 0 0 0 1.0015 0 0.7657 0.1905 0.396 0.4122 2.3477 0.9645 -0.0858 0.2396 0.3102 4.7708 0.6416 0.0216 0.6015 0.7843 3.2444 -0.3298 0.3298 0.5675 0 0
18 95 585 8 0 0 0 0 1.0003 0 0.9877 -0.2961 0.2961 0.2968 1.2954 0.9808 0.462 0.5071 0.6161 5.4396 0.7673 -0.0236 0.5837 0.7481 3.7937 -0.0681 0.0681 0.5727 1 0
18 96 576 0 0 0 0 0 1.0006 0 0.9872 0.0595 0.0595 0.0647 1.2769 0.9833 -0.3023 0.381 0.4074 2.9893 0.7556 -0.3171 0.7079 0.9117 3.9349 -0.0737 0.0737 0.5254 0 0
18 97 578 0 0 0 0 0 1.0004 0 -0.2065 0.0428 0.1634 0.1866 1.7188 0.9868 -0.0758 0.1307 0.174 2.2322 0.7427 -7e-04 0.5886 0.7431 3.334 -0.2931 0.2931 0.5059 0 0
18 98 600 0 0 0 0 0 1.0008 0 0.9535 -0.0876 0.0876 0.1064 1.3915 0.9837 0.043 0.1773 0.2152 1.6946 0.7982 -0.0304 0.474 0.6008 3.2152 -0.1092 0.1092 0.4157 0 0
18 99 584 12 0 0 0 0 1.0015 0 -0.9638 -0.0343 0.2726 0.2798 2.1766 0.9846 0.252 0.3011 0.3879 6.4789 0.69 -0.008 0.6659 0.8274 3.9127 -0.0654 0.0654 0.597 1 0
18 100 586 11 0 0 0 0 1.0018 0 0.8963 -0.1884 0.1886 0.2664 1.9637 0.9567 0.8304 0.9203 1.7801 17.8685 0.6944 -0.124 0.5619 0.7441 3.9477 -0.0405 0.0405 0.6116 1 0
18 101 1926 6941 1 2059 217 217 9.7464 216 0.9953 -0.1404 0.1404 0.1599 1.9618 0.9439 1.4889 1.5037 1.6621 10.4107 0.2716 1.9298 2.0229 2.3283 15.8175 0.0996 0.0996 0.8138 1 1
18 102 599 0 0 0 0 0 1.0022 0 0.9433 -0.0261 0.1933 0.2237 1.6075 0.9572 0.241 0.3423 0.3654 2.2562 0.818 0.2317 0.5693 0.7182 3.2493 0.0061 0.0061 0.3859 0 0
18 103 595 0 0 0 0 0 1.0003 0 0.9159 0.0297 0.08 0.1019 1.3237 0.9967 0.0199 0.0998 0.1201 1.69 0.8135 0.0407 0.5249 0.67 3.3708 -0.0145 0.0145 0.4309 0 0
18 104 603 1 0 0 0 0 1.0005 0 0.7688 -0.0126 0.2418 0.2614 1.0055 0.9877 -0.0717 0.1915 0.2413 2.5575 0.8523 0.1359 0.5624 0.7109 3.8084 0.1479 0.1479 0.3663 1 0
18 105 771 141 0 0 0 0 1.0002 0 0.9994 -0.3737 0.3737 0.3861 1.0723 0.9938 -0.338 0.5673 0.7007 5.3193 0.7444 0.0107 0.5891 0.7435 4.4378 0.0857 0.0857 0.5832 1 0
18 106 580 0 0 0 0 0 1.0009 0 0.327 0.0573 0.1927 0.2267 1.5392 0.9796 0.1101 0.2031 0.2518 2.8576 0.6522 0.0114 0.6315 0.8178 3.6261 -0.1826 0.1826 0.567 0 0
18 107 580 0 0 0 0 0 1.0008 0 0.791 0.072 0.1031 0.1157 1.4429 0.9976 -0.2106 0.2106 0.2326 1.9083 0.8311 -0.0417 0.5224 0.6633 3.3987 -0.0449 0.0449 0.4626 0 0
18 108 582 0 0 0 0 0 1.0034 0 -0.6508 0.1258 0.2555 0.3369 2.2372 0.9502 -0.0519 0.2513 0.2921 2.8048 0.5709 -0.0471 0.7371 0.9064 3.5155 -0.4543 0.4543 0.7204 0 0
18 109 588 7 0 0 0 0 1.0011 0 -0.9678 -0.2723 0.5015 0.5689 2.2277 0.9205 -1.3757 1.5466 2.8881 26.3648 0.7217 -0.3039 0.678 0.8365 4.2801 -1e-04 1e-04 0.6075 1 0
18 110 588 1 0 0 0 0 1.0009 0 0.7128 0.3209 0.4496 0.5913 2.6363 0.8696 0.3711 0.478 0.5688 3.2775 0.6193 0.105 0.6718 0.8703 3.4342 -0.0815 0.0815 0.4871 1 0
18 111 595 0 0 0 0 0 1.0007 0 0.6116 0.2096 0.355 0.3797 1.5571 0.9612 -0.0975 0.2068 0.2772 1.6899 0.7999 -0.1521 0.5516 0.6796 3.028 -0.0285 0.0285 0.343 0 0
18 112 635 1 0 0 0 0 1.0005 0 0.6567 0.0072 0.1155 0.1253 0.9898 0.9862 0.3938 0.3938 0.4239 1.5727 0.818 0.3552 0.6886 0.8318 4.0764 0.2314 0.2314 0.2806 1 0
18 113 588 0 0 0 0 0 1.0002 0 0.6381 -0.1287 0.2419 0.2498 1.3117 0.9895 0.0207 0.1329 0.1746 1.9687 0.7983 -0.0231 0.5381 0.6707 3.2032 -0.0904 0.0904 0.4228 0 0
18 114 590 0 0 0 0 0 1.0009 0 0.9023 0.1223 0.1761 0.2116 1.2548 0.9894 0.094 0.1968 0.2621 2.022 0.8502 0.0795 0.5467 0.674 3.1369 -0.0508 0.0508 0.4018 0 0
18 115 580 0 0 0 0 0 1.0008 0 0.6322 0.0376 0.1843 0.1919 1.9335 0.9929 -0.1072 0.1593 0.2623 3.1546 0.7085 -0.1376 0.7001 0.8435 3.7032 -0.0657 0.0657 0.5306 0 0
18 116 581 25 0 0 0 0 1.0012 0 0.9998 -0.0826 0.1728 0.1765 1.8813 0.9678 -0.3223 0.7597 1.107 13.5586 0.6793 0.2859 0.7091 0.8769 4.0986 0.0538 0.0538 0.4935 1 0
18 117 588 0 0 0 0 0 1.001 0 -0.5306 0.1339 0.2341 0.3246 1.5452 0.9813 0.0363 0.2172 0.2517 2.9368 0.7536 0.1104 0.6745 0.8321 3.3649 -0.0535 0.0535 0.45 0 0
18 118 594 0 0 0 0 0 1.0009 0 0.7834 0.2648 0.2648 0.3182 1.2074 0.9918 0.4547 0.4547 0.5335 1.7087 0.7952 0.256 0.6281 0.766 3.4244 -0.0291 0.0291 0.4397 0 0
18 119 587 0 0 0 0 0 1.0009 0 0.813 -0.0028 0.1781 0.2054 1.4326 0.99 0.5445 0.5445 0.7689 9.8176 0.7382 0.2786 0.6763 0.8395 4.0285 -0.1098 0.1098 0.5459 0 0
18 120 596 0 0 0 0 0 1.0003 0 0.5837 0.2686 0.2686 0.2984 1.258 0.9895 0.243 0.243 0.3064 2.1601 0.7849 0.042 0.5795 0.7348 3.3586 -0.0189 0.0189 0.3949 0 0
18 121 586 0 0 0 0 0 1.0002 0 0.8563 -0.0823 0.1045 0.1169 1.1308 0.9935 0.1115 0.2096 0.2566 3.9216 0.7418 0.0264 0.5916 0.7218 3.6548 0.0629 0.0629 0.435 0 0
18 122 591 0 0 0 0 0 1.0006 0 0.951 0.0945 0.1069 0.1295 1.4954 0.9799 -0.1316 0.2473 0.2755 2.7116 0.7137 -0.2462 0.7186 0.8989 3.7866 -0.051 0.051 0.5942 0 0
18 123 741 1 0 0 0 0 1.0005 0 0.9124 -0.0089 0.2978 0.3146 1.419 0.9958 0.1038 0.2734 0.3586 3.5947 0.7988 0.0806 0.6001 0.7585 3.7089 0.197 0.197 0.3391 1 0
18 124 613 13 0 0 0 0 1.001 0 0.8783 -0.1909 0.2495 0.2833 1.574 0.9926 0.1336 0.4795 0.6348 5.7893 0.7684 0.0742 0.5563 0.7145 3.8575 0.1067 0.1067 0.4574 1 0
18 125 566 1 0 0 0 0 1.0016 0 0.7244 -0.002 0.2065 0.2397 2.2297 0.9898 -0.4482 0.4482 0.6286 7.714 0.6898 -0.1998 0.6564 0.8273 3.5702 -0.4874 0.4874 0.7991 1 0
18 126 588 36 0 0 0 0 1.0002 0 0.9929 -0.1057 0.2423 0.2492 1.6537 0.9448 -0.6887 0.7255 0.9186 6.3761 0.7248 -0.4603 0.7193 0.9016 3.8836 0.1019 0.1019 0.478 1 0
18 127 578 0 0 0 0 0 1.0009 0 -0.9545 0.3264 0.568 0.5968 1.7458 0.9552 0.3899 0.4431 0.5471 2.8061 0.679 0.2543 0.6655 0.8649 3.2265 -0.2534 0.2534 0.5154 0 0
18 128 589 0 0 0 0 0 1.0009 0 0.9542 0.4137 0.4137 0.5082 1.8404 0.9906 -0.2123 0.2467 0.3122 1.5286 0.8284 -0.2135 0.5831 0.7513 3.122 -0.0243 0.0243 0.4012 0 0
18 129 606 4 0 0 0 0 1.0005 0 0.3912 -0.2522 0.2829 0.3462 1.5489 0.9707 0.2892 0.6657 1.001 7.3367 0.745 -0.0476 0.6065 0.7673 3.9381 0.1148 0.1148 0.4408 1 0
18 130 584 0 0 0 0 0 1.0005 0 0.0039 0.3467 0.3467 0.3638 1.2774 0.9922 0.0396 0.1356 0.1797 1.0866 0.79 0.0466 0.6282 0.8008 3.1063 -0.0415 0.0415 0.4111 0 0
18 131 578 3 0 0 0 0 1.0006 0 0.7464 0.0962 0.167 0.1735 1.6449 0.9846 0.2451 0.3146 0.3899 3.889 0.7243 -0.0465 0.6441 0.7966 3.7624 -0.057 0.057 0.5834 1 0
18 132 1163 46 0 0 0 0 1.0016 0 0.4457 -0.1616 0.1788 0.2105 1.0568 0.9876 -0.6008 0.6008 0.6353 2.2131 0.8096 -0.6836 0.8722 1.0628 4.7531 0.294 0.294 0.306 1 0
18 133 605 0 0 0 0 0 1.0004 0 0.8632 0.1972 0.1972 0.2348 1.4472 0.9945 -0.0684 0.1697 0.2151 2.0737 0.7637 0.0267 0.5844 0.7178 3.2524 -0.1087 0.1087 0.4171 0 0
18 134 597 0 0 0 0 0 1.0008 0 0.1028 -0.0514 0.2028 0.2129 1.4808 0.9886 -0.2769 0.3043 0.3211 1.7456 0.8089 -0.2012 0.6571 0.8035 3.3991 0.0374 0.0374 0.3886 0 0
18 135 603 1 0 0 0 0 1.0003 0 0.7347 -0.2086 0.2086 0.2532 1.0749 0.9774 0.3603 0.4996 0.7066 7.0862 0.7174 0.0536 0.6501 0.7909 4.0112 0.1168 0.1168 0.422 1 0
18 136 580 2 0 0 0 0 1.0013 0 0.8572 -0.0499 0.1943 0.2003 1.7365 0.9895 -0.4681 0.7062 1.0473 11.007 0.7443 0.0789 0.6599 0.8243 3.7446 -0.0418 0.0418 0.5887 1 0
18 137 1234 4799 0 0 193 184 1.2444 186 0.1788 -0.4205 0.4205 0.473 1.4441 0.9805 -0.2657 0.9304 1.0825 8.5064 0.6923 0.6818 0.8543 1.084 11.8106 0.1515 0.1515 0.7828 1 1
18 138 571 0 0 0 0 0 1.0006 0 0.3949 0.3831 0.3831 0.4544 1.5367 0.9752 -0.4411 0.4411 0.4997 1.6922 0.7881 -0.2975 0.5887 0.7407 3.0352 -0.1502 0.1502 0.4406 0 0
18 139 577 12 0 0 0 0 1.0001 0 0.9966 0.0383 0.0383 0.0583 1.5649 0.9937 0.1817 0.1882 0.2167 4.0388 0.7497 0.1394 0.6462 0.7992 3.7358 -0.0666 0.0666 0.606 1 0
18 140 588 0 0 0 0 0 1.0005 0 0.7949 0.0263 0.0766 0.0961 1.3923 0.9956 1e-04 0.1572 0.1939 2.1221 0.8007 -0.1125 0.5659 0.693 3.3601 0.0128 0.0128 0.4393 0 0
18 141 569 0 0 0 0 0 1.0062 0 0.2903 0.2765 0.3376 0.5257 3.8023 0.9358 -0.3575 0.4435 0.5355 5.2118 0.5339 0.1843 0.7051 0.8999 3.6056 -0.4521 0.4521 0.6813 0 0
18 142 597 0 0 0 0 0 1.0007 0 0.8747 -0.2091 0.2091 0.2666 1.1327 0.9704 -0.1569 0.3697 0.5564 5.6573 0.7634 0.1093 0.5686 0.6993 3.9872 0.0332 0.0332 0.5108 0 0
18 143 577 0 0 0 0 0 1.0003 0 -0.1755 0.3127 0.3127 0.4101 1.572 0.9955 0.2893 0.3055 0.3615 1.5308 0.7664 0.2338 0.6638 0.8406 3.0321 -0.1035 0.1035 0.3783 0 0
18 144 636 12 0 0 0 0 1.0007 0 0.9976 -0.2588 0.2588 0.304 1.1093 0.982 -0.3524 0.4474 0.4982 2.3326 0.8141 -0.4199 0.6945 0.8485 4.1679 0.2402 0.2402 0.3153 1 0
18 145 594 0 0 0 0 0 1.0012 0 0.0544 -0.0528 0.1409 0.1833 1.4344 0.9895 -0.312 0.4042 0.5117 3.6997 0.714 -0.2694 0.717 0.8783 3.5939 -0.1877 0.1877 0.6441 0 0
18 146 595 0 0 0 0 0 1.0003 0 0.9986 -9e-04 0.0321 0.0345 1.3244 0.9865 0.0606 0.2031 0.2399 5.0143 0.7527 0.0194 0.678 0.8542 3.8459 0.1102 0.1102 0.3989 0 0
18 147 569 0 0 0 0 0 1.001 0 0.7137 -0.1753 0.3294 0.3396 1.5583 0.9362 0.7056 0.8404 1.4385 13.6854 0.731 -0.0316 0.6076 0.7736 3.6482 -0.1335 0.1335 0.4981 0 0
18 148 582 5 0 0 0 0 1.0011 0 -0.7912 0.1705 0.3362 0.364 1.4081 0.9632 -0.0225 0.2298 0.2778 2.5307 0.7661 -0.1714 0.6886 0.8381 3.6907 0.0192 0.0192 0.4522 1 0
18 149 761 4 0 0 0 0 1.0005 0 0.9621 -0.202 0.202 0.2305 1.1616 0.9177 0.1123 0.5461 0.7439 7.9955 0.7133 -0.1526 0.6494 0.8125 3.8202 -0.0118 0.0118 0.5905 1 0
18 150 611 0 0 0 0 0 1.0005 0 0.9623 0.0364 0.2095 0.2341 1.405 0.9604 -0.0669 0.2754 0.3527 3.7165 0.7861 0.0358 0.5969 0.7183 3.3924 0.0749 0.0749 0.3644 0 0
18 151 594 0 0 0 0 0 1.0002 0 0.7953 0.0954 0.1217 0.1539 1.1544 0.9959 9e-04 0.1068 0.1438 2.6122 0.7055 0.1878 0.6974 0.8565 3.687 0.0612 0.0612 0.3946 0 0
18 152 577 4 0 0 0 0 1.0009 0 -0.3911 0.0316 0.242 0.277 1.813 0.9776 0.121 0.2507 0.3085 4.4711 0.7449 0.0869 0.6496 0.8284 3.6376 -0.0697 0.0697 0.5168 1 0
18 153 608 0 0 0 0 0 1.0008 0 -0.3236 -0.068 0.1217 0.1686 0.988 0.9891 0.2271 0.2271 0.2801 1.6237 0.833 0.1698 0.5509 0.6819 3.3359 0.0928 0.0928 0.3369 0 0
18 154 600 0 0 0 0 0 1.0004 0 0.9337 -0.041 0.2009 0.2033 1.7102 0.9937 -0.0368 0.1625 0.2017 2.9617 0.8059 0.0104 0.5108 0.6433 3.2413 -0.0536 0.0536 0.4257 0 0
18 155 595 0 0 0 0 0 1.0011 0 0.9575 -0.2493 0.2943 0.3463 1.8673 0.9714 0.7535 0.7704 1.0999 9.3966 0.8039 -0.0847 0.5667 0.7163 3.46 -0.0624 0.0624 0.4448 0 0
18 156 597 0 0 0 0 0 1.0013 0 0.9759 -0.007 0.2192 0.2321 1.8046 0.9826 0.0583 0.2736 0.3372 3.1366 0.7699 0.0398 0.5389 0.6816 3.2475 -0.098 0.098 0.4478 0 0
18 157 913 2 0 0 0 0 1.001 0 0.98 -0.1411 0.175 0.1972 1.4876 0.9877 0.2745 0.3316 0.4124 3.482 0.8388 0.144 0.5749 0.7325 4.0408 0.2303 0.2303 0.2927 1 0
18 158 619 824 0 0 0 0 1.0024 0 0.635 -0.2214 0.348 0.3835 1.4995 0.9052 -0.0614 0.7151 1.0477 9.1107 0.6559 0.4902 0.8128 1.0234 5.013 0.2184 0.2184 0.4434 1 0
18 159 594 1 0 0 0 0 1.0003 0 0.425 0.1089 0.2783 0.3536 1.73 0.9693 -0.2167 0.2744 0.389 2.6334 0.8295 -0.2967 0.5938 0.7572 3.7039 0.0572 0.0572 0.4142 1 0
18 160 617 403 0 0 0 0 1.0017 0 0.6904 -0.4288 0.4288 0.4607 1.0849 0.9865 -0.0447 0.7523 1.0101 7.1446 0.7734 -0.3235 0.6453 0.7967 5.1705 0.1319 0.1319 0.617 1 0
18 161 608 0 0 0 0 0 1.0007 0 0.8123 0.0474 0.2222 0.2678 1.4695 0.9755 -0.2163 0.2981 0.3143 1.7661 0.8486 -0.1844 0.5277 0.6675 3.4853 0.109 0.109 0.3106 0 0
18 162 591 0 0 0 0 0 1.0003 0 0.9638 0.0398 0.2271 0.272 1.4739 0.95 -0.0876 0.3657 0.4107 2.9706 0.7077 -0.163 0.6188 0.7717 3.1914 -0.1305 0.1305 0.4326 0 0
18 163 604 0 0 0 0 0 1.0002 0 0.3752 0.023 0.4304 0.4844 2.1055 0.9581 0.1318 0.3343 0.4039 2.6451 0.7771 0.0478 0.5598 0.7012 3.5856 0.0574 0.0574 0.3923 0 0
18 164 585 0 0 0 0 0 1.001 0 -0.798 -0.1401 0.313 0.3539 1.7045 0.955 -0.1583 0.3794 0.6511 5.8899 0.7723 0.0686 0.5703 0.7271 3.4686 -0.1102 0.1102 0.5207 0 0
18 165 595 2 0 0 0 0 1.0006 0 0.4138 -0.0869 0.2719 0.2736 1.1954 0.9801 0.4547 0.4778 0.6294 4.0457 0.816 0.3085 0.619 0.7703 3.6581 0.0544 0.0544 0.415 1 0
18 166 585 0 0 0 0 0 1.0007 0 0.2717 -0.0248 0.1676 0.1941 1.1802 0.9974 0.1335 0.2275 0.2904 4.5517 0.6734 -0.0341 0.633 0.787 3.5235 -0.0499 0.0499 0.4416 0 0
18 167 591 0 0 0 0 0 1.0015 0 0.9305 -0.0622 0.1046 0.1417 1.5209 0.9949 -0.3751 0.3751 0.4849 3.4837 0.8419 -0.2758 0.5504 0.6804 3.3536 0.0521 0.0521 0.3491 0 0
18 168 629 8 0 0 0 0 1.0009 0 0.075 -0.0856 0.2664 0.2911 1.151 0.9893 -1.0709 1.0709 1.5531 12.7946 0.758 -0.0875 0.6981 0.8513 4.5243 0.2338 0.2338 0.3189 1 0
18 169 598 20 0 0 0 0 1.0022 0 0.8899 -0.2644 0.2644 0.2849 1.4949 0.9757 0.431 1.1321 1.4989 16.8453 0.7285 -0.1762 0.5954 0.7364 4.4491 -0.0421 0.0421 0.897 1 0
18 170 578 9 0 0 0 0 1.0144 1 -0.9686 -0.1973 0.4431 0.4579 3.306 0.9702 0.9279 0.9712 1.2465 12.1316 0.6728 0.2343 0.7249 0.9011 4.0747 -0.1561 0.1561 0.7561 1 0
18 171 584 0 0 0 0 0 1.001 0 0.8107 -0.2382 0.2382 0.2672 1.4138 0.9912 0.0331 0.4133 0.5151 6.4439 0.7714 -0.1258 0.5463 0.692 3.8961 -0.0055 0.0055 0.5109 0 0
18 172 576 0 0 0 0 0 1.001 0 -0.1579 0.1309 0.2278 0.237 1.5593 0.9832 0.0667 0.2419 0.2952 5.3991 0.5794 0.0226 0.6646 0.862 3.6394 -0.2225 0.2225 0.598 0 0
18 173 766 32 0 0 0 0 1.0006 0 -0.019 -0.1296 0.2105 0.2249 1.3581 0.979 -0.0531 0.3769 0.4911 4.7653 0.7289 0.2095 0.681 0.8505 4.6622 0.1314 0.1314 0.4685 1 0
18 174 598 0 0 0 0 0 1.0004 0 -0.1291 0.1646 0.2798 0.3203 1.28 0.9964 0.0871 0.1317 0.1531 2.5693 0.8272 0.1049 0.5806 0.7172 3.5704 0.0853 0.0853 0.351 0 0
18 175 589 0 0 0 0 0 1.0005 0 0.4153 0.2679 0.4506 0.4861 1.527 0.9563 -0.0095 0.2343 0.2892 1.7611 0.7759 0.0139 0.6154 0.7886 3.0824 -0.0804 0.0804 0.4127 0 0
18 176 580 27 0 0 0 0 1.0013 0 0.4525 -0.1606 0.1606 0.2295 1.2009 0.9702 0.2521 0.5508 0.8455 6.9595 0.624 -0.0397 0.6508 0.8188 4.1694 0.0203 0.0203 0.6217 1 0
18 177 594 0 0 0 0 0 1.0004 0 0.7936 -0.0081 0.0416 0.0477 1.0015 0.9943 -0.2504 0.2504 0.2769 2.3622 0.7565 -0.167 0.5886 0.7266 3.6013 0.0847 0.0847 0.4108 0 0
18 178 611 0 0 0 0 0 1.0008 0 0.5305 0.0359 0.1076 0.1325 1.1993 0.9875 -0.1633 0.2041 0.2435 2.5168 0.8181 -0.1285 0.5401 0.6656 3.7514 -0.0522 0.0522 0.5065 0 0
18 179 638 75 0 0 0 0 1.0014 0 0.8808 0.0466 0.2033 0.2046 1.8343 0.9795 0.5207 0.5207 0.5742 2.5438 0.8226 0.393 0.632 0.7719 3.9146 0.054 0.054 0.4924 1 0
18 180 580 0 0 0 0 0 1.0006 0 0.987 0.0166 0.0467 0.0597 1.5112 0.9735 0.2192 0.2731 0.3185 2.1611 0.7451 0.0935 0.5972 0.7563 3.6416 -0.0225 0.0225 0.4816 0 0
18 181 587 0 0 0 0 0 1.001 0 -0.9605 0.1606 0.1606 0.2348 1.5919 0.9602 -0.1223 0.2187 0.2686 2.0325 0.6986 0.0122 0.6531 0.8023 3.4106 -0.1084 0.1084 0.5464 0 0
18 182 577 2 0 0 0 0 1.0006 0 0.2312 -0.0996 0.2674 0.2922 1.8084 0.9573 -0.3056 0.4669 0.6065 6.0145 0.6103 -0.0843 0.6254 0.8025 3.6814 -0.2668 0.2668 0.722 1 0
18 183 592 0 0 0 0 0 1.0004 0 0.5166 -0.1038 0.2329 0.2461 1.5546 0.9936 0.0622 0.1825 0.2407 2.6313 0.7815 0.0036 0.5322 0.6781 3.4569 -0.0902 0.0902 0.4261 0 0
18 184 590 4 0 0 0 0 1.0019 0 -0.1579 -0.166 0.4003 0.4048 1.7576 0.8631 -0.1714 0.811 1.0338 10.2062 0.6106 0.0925 0.7146 0.891 3.9919 -0.0956 0.0956 0.6354 1 0
18 185 644 0 0 0 0 0 1.0008 0 0.8552 -0.0284 0.0609 0.0799 1.1025 0.9902 -0.0357 0.1427 0.181 2.5324 0.7873 0.0582 0.5322 0.6703 3.4466 0.0593 0.0593 0.4075 0 0
18 186 597 87 0 0 0 0 1.0004 0 1 -0.0058 0.0157 0.0204 1.3519 0.9959 -0.0775 0.1523 0.1709 4.4545 0.7821 -0.216 0.6326 0.7917 3.8607 -0.0249 0.0249 0.6045 1 0
18 187 559 0 0 0 0 0 1.0008 0 0.7174 -0.2253 0.2253 0.267 1.5607 0.9924 -0.5352 0.5386 0.727 8.4758 0.741 -0.0052 0.588 0.7562 3.7933 -0.1543 0.1543 0.6469 0 0
18 188 582 7 0 0 0 0 1.0005 0 0.9814 -0.179 0.179 0.1925 1.1159 0.9963 -0.0643 0.266 0.3267 3.8575 0.7272 -0.0641 0.597 0.7551 3.7853 -0.0063 0.0063 0.5509 1 0
18 189 760 31 0 0 0 0 1.0006 0 -0.6579 0.0151 0.0806 0.0863 1.1351 0.9835 0.1807 0.2516 0.2967 3.712 0.7246 0.1568 0.6442 0.7752 3.5058 -0.0014 0.0014 0.5208 1 0
18 190 619 33 0 0 0 0 1.0008 0 0.5059 -0.0546 0.2052 0.2356 1.1962 0.9239 0.5164 0.5399 0.6615 2.6309 0.7884 0.4517 0.7175 0.8914 3.8922 0.1622 0.1622 0.3939 1 0
18 191 583 0 0 0 0 0 1.0009 0 0.4351 0.0607 0.4567 0.5222 2.4372 0.9678 -0.2066 0.4702 0.563 4.5785 0.7007 -0.2301 0.6395 0.8065 3.3839 -0.05 0.05 0.4567 0 0
18 192 580 0 0 0 0 0 1.0008 0 0.902 0.3811 0.3811 0.3939 1.5205 0.9927 -0.1952 0.2835 0.3319 1.3457 0.8241 -0.0582 0.5433 0.6917 3.1171 -0.0523 0.0523 0.3857 0 0
18 193 587 2 0 0 0 0 1.0015 0 0.8735 -0.2278 0.2278 0.2519 1.6722 0.9754 0.2602 0.521 0.7332 9.1631 0.7322 -0.1397 0.6278 0.764 3.9519 -0.1153 0.1153 0.6688 1 0
18 194 586 9 0 0 0 0 1.0002 0 0.998 -0.2437 0.2437 0.2452 1.4984 0.9965 -0.1835 0.2839 0.3561 4.5137 0.752 0.034 0.5396 0.6826 3.8688 -0.0445 0.0445 0.606 1 0
18 195 574 0 0 0 0 0 1.002 0 -0.1092 0.0103 0.4234 0.4607 1.7283 0.9844 -0.0815 0.2121 0.2525 2.8209 0.7606 0.1261 0.5907 0.7435 3.3284 -0.1099 0.1099 0.4942 0 0
18 196 580 7 0 0 0 0 1.0044 0 -0.5642 -0.0479 0.242 0.2783 2.144 0.9192 -0.5615 0.6725 0.9627 10.7313 0.6705 -0.1677 0.616 0.7958 3.9411 -0.2046 0.2046 0.8331 1 0
18 197 582 0 0 0 0 0 1.0012 0 0.5005 0.1686 0.3548 0.3824 1.7848 0.9755 0.0493 0.2215 0.3221 3.2118 0.7741 -0.0165 0.5675 0.7415 3.4192 -0.0237 0.0237 0.4067 0 0
18 198 851 7 0 0 0 0 1.0006 0 0.9832 -0.1332 0.1332 0.1444 1.3093 0.9839 -0.1277 0.2477 0.3803 5.1669 0.7347 0.0928 0.6423 0.7952 4.035 0.1266 0.1266 0.4167 1 0
18 199 612 0 0 0 0 0 1.0003 0 0.9668 0.0047 0.0982 0.1057 1.1914 0.9958 0.1158 0.1246 0.1586 1.6762 0.8939 0.0788 0.4571 0.567 3.19 0.0816 0.0816 0.3388 0 0
18 200 604 0 0 0 0 0 1.0005 0 0.7909 -0.3215 0.3215 0.3649 1.12 0.9773 0.2634 0.4397 0.587 3.6409 0.7971 0.0268 0.5091 0.645 3.6281 0.0858 0.0858 0.4056 0 0
18 201 784 165 0 0 0 0 1.001 0 0.56 -0.2412 0.2412 0.278 1.2052 0.9923 0.4758 0.6713 0.9358 8.2337 0.7564 0.0224 0.671 0.8163 4.6929 0.1836 0.1836 0.4644 1 0
18 202 612 0 0 0 0 0 1.0009 0 0.9225 -0.3528 0.3528 0.3866 1.2965 0.9925 0.3775 0.4759 0.6981 6.0244 0.8035 0.2349 0.5386 0.6814 3.7946 0.0246 0.0246 0.4741 0 0
18 203 589 0 0 0 0 0 1.0004 0 0.9701 0.0724 0.3059 0.3601 1.9981 0.9431 0.1239 0.3401 0.4509 4.4919 0.7312 -0.0267 0.6452 0.813 3.5315 0.0353 0.0353 0.4091 0 0
18 204 635 171 0 0 0 0 1.0017 0 0.5402 0.0134 0.1207 0.1359 1.4718 0.9867 -0.0586 0.2129 0.2644 5.5109 0.758 -0.182 0.622 0.7575 4.0394 -0.0119 0.0119 0.6791 1 0
18 205 589 0 0 0 0 0 1.0005 0 0.0366 0.1183 0.242 0.2598 1.3324 0.9827 -0.2882 0.317 0.3687 1.4335 0.8379 -0.2207 0.5705 0.712 3.0554 -0.0183 0.0183 0.3673 0 0
18 206 592 0 0 0 0 0 1.0013 0 0.7706 -0.1274 0.2384 0.2457 1.2055 0.9586 0.0268 0.3507 0.542 6.0497 0.7738 0.0817 0.6183 0.7819 3.5827 -0.0642 0.0642 0.5497 0 0
18 207 770 10 0 0 0 0 1.0006 0 0.7859 -0.1665 0.1665 0.2285 1.2268 0.9929 0.0875 0.1501 0.2481 3.8711 0.7834 -0.0425 0.6479 0.8299 4.3947 0.1659 0.1659 0.408 1 0
18 208 600 43 0 0 0 0 1.001 0 0.2787 -0.2754 0.2884 0.3982 1.2815 0.9708 -0.1964 0.4385 0.6118 4.7773 0.7593 0.1562 0.6324 0.7663 4.0633 0.1349 0.1349 0.4548 1 0
18 209 598 4 0 0 0 0 1.0008 0 0.9698 -0.2436 0.2587 0.3229 1.1173 0.9966 -0.0134 0.2733 0.3094 3.3664 0.7792 -0.0734 0.612 0.76 3.7296 0.0239 0.0239 0.485 1 0
18 210 611 0 0 0 0 0 1.0006 0 0.9173 -0.0283 0.2016 0.2373 1.2057 0.9917 -0.1248 0.1566 0.1888 1.8744 0.857 -0.1379 0.5551 0.7011 3.638 0.1051 0.1051 0.3679 0 0
18 211 603 0 0 0 0 0 1.0003 0 0.9967 -0.0635 0.0635 0.0837 1.1025 0.998 -0.0781 0.1036 0.1322 2.2246 0.838 -0.0624 0.5156 0.6498 3.2862 0.1201 0.1201 0.3098 0 0
18 212 601 2 0 0 0 0 1.001 0 0.4959 -0.2643 0.3679 0.4085 1.2384 0.8636 0.4739 0.9044 1.5033 11.0986 0.7127 0.1321 0.67 0.8348 3.8815 0.1023 0.1023 0.4656 1 0
18 213 598 7 0 0 0 0 1.0004 0 -0.852 -0.2277 0.252 0.2992 1.0182 0.9801 -0.0271 0.3025 0.4204 3.7512 0.6861 -0.0448 0.6714 0.8699 4.2294 0.1334 0.1334 0.4786 1 0
18 214 583 1 0 0 0 0 1.0009 0 0.7974 0.0011 0.0399 0.0445 1.112 0.991 -0.1355 0.2641 0.3468 4.7134 0.6354 -0.0322 0.7178 0.9072 3.9663 -0.0051 0.0051 0.5947 1 0
18 215 586 0 0 0 0 0 1.0005 0 -0.4261 -0.1051 0.1183 0.1411 1.0731 0.9949 0.0415 0.1801 0.2279 3.8469 0.7062 -0.062 0.668 0.8186 3.9592 0.0721 0.0721 0.459 0 0
18 216 593 57 0 0 0 0 1.0006 0 -0.2055 -0.0909 0.2002 0.2023 1.187 0.9599 -0.0174 0.4241 0.5819 7.0422 0.7352 -0.2869 0.6799 0.8276 4.2136 0.0799 0.0799 0.5259 1 0
18 217 609 12 0 0 0 0 1.0004 0 0.9078 -0.1904 0.1904 0.1977 0.91 0.9979 -0.2969 0.5015 0.5692 4.6479 0.7229 -0.0208 0.6343 0.8082 4.2464 0.2017 0.2017 0.3927 1 0
18 218 588 0 0 0 0 0 1.0005 0 0.9169 0.0416 0.0841 0.1095 1.341 0.9877 0.0257 0.1075 0.1377 1.8638 0.7227 0.019 0.5778 0.7457 3.3556 -0.1479 0.1479 0.4671 0 0
18 219 596 0 0 0 0 0 1.0005 0 0.954 -0.2821 0.2821 0.3395 1.3069 0.9871 -0.1948 0.2426 0.3033 1.6766 0.8509 -0.3768 0.5893 0.7407 3.3939 0.0783 0.0783 0.3506 0 0
18 220 575 4 0 0 0 0 1.0008 0 0.841 -0.0411 0.1129 0.1333 1.2968 0.9971 0.089 0.3167 0.3546 5.9645 0.643 -0.1646 0.6626 0.8448 3.8164 -0.0755 0.0755 0.5703 1 0
18 221 578 0 0 0 0 0 1.0006 0 0.9829 -0.0993 0.1419 0.198 1.3126 0.9902 -0.3348 0.3576 0.5146 4.7707 0.8132 -0.0149 0.5564 0.7009 3.4608 0.0359 0.0359 0.3971 0 0
18 222 622 1 0 0 0 0 1.0003 0 0.9307 -0.2034 0.2034 0.2197 1.0091 0.9978 -0.0438 0.1501 0.1863 1.8867 0.8373 -0.2112 0.5321 0.6614 3.3745 0.1467 0.1467 0.3328 1 0
18 223 771 2 0 0 0 0 1.0016 0 0.8479 -0.1219 0.1219 0.1737 1.314 0.9886 0.225 0.4042 0.4513 4.3077 0.7915 0.4224 0.6705 0.8432 4.0509 0.148 0.148 0.4001 1 0
18 224 633 11 0 0 0 0 1.0009 0 0.9988 -0.0484 0.0667 0.0744 1.1903 0.9964 -0.3572 0.4081 0.4347 4.0896 0.788 -0.3951 0.6482 0.8436 3.682 0.1542 0.1542 0.3547 1 0
18 225 594 0 0 0 0 0 1.0003 0 0.232 0.0235 0.2656 0.2953 1.1031 0.962 -0.1274 0.2298 0.2784 1.7981 0.7882 -0.0117 0.5627 0.6974 3.4732 0.0273 0.0273 0.4157 0 0
18 226 580 0 0 0 0 0 1.0007 0 0.8794 0.1812 0.2113 0.2423 1.4596 0.9701 -0.2001 0.2973 0.3516 2.3962 0.7316 -0.287 0.7209 0.8988 3.3801 -0.0859 0.0859 0.5013 0 0
18 227 555 1 0 0 0 0 1.0008 0 -0.2487 -0.1408 0.3705 0.4663 1.7943 0.9931 -0.089 0.2265 0.2552 4.7042 0.712 0.0974 0.6038 0.792 3.4696 -0.1626 0.1626 0.5372 1 0
18 228 614 0 0 0 0 0 1.0003 0 0.3016 0.0205 0.1689 0.1884 1.0347 0.9947 -0.1415 0.1657 0.2031 2.7406 0.7886 -0.1785 0.6775 0.8142 4.1132 0.1826 0.1826 0.3484 0 0
18 229 775 78 0 0 0 0 1.0002 0 0.8444 -0.1592 0.2629 0.2967 0.9783 0.9483 0.1854 0.3466 0.4239 3.1442 0.7262 0.3035 0.6702 0.8386 4.3267 0.1476 0.1476 0.4318 1 0
18 230 3523 3038 0 0 33 82 1.0362 198 -0.994 -0.2505 0.2505 0.3651 2.1838 0.9082 0.2122 0.7384 1.0243 13.8837 0.6277 -0.7107 0.8983 1.0875 7.6304 0.1051 0.1051 0.8066 1 1
18 231 591 0 0 0 0 0 1.0005 0 0.9607 0.1207 0.2893 0.2988 1.3995 0.9672 -0.3422 0.4064 0.6153 5.3297 0.8435 -0.0972 0.5284 0.6773 3.4253 0.057 0.057 0.3669 0 0
18 232 597 1 0 0 0 0 1.0008 0 0.903 -0.1911 0.1911 0.2211 1.2099 0.9789 0.5109 0.5109 0.7021 4.7245 0.7797 0.2086 0.5867 0.7456 4.0293 0.1091 0.1091 0.4168 1 0
18 233 601 0 0 0 0 0 1.0005 0 0.4606 -1e-04 0.1035 0.1161 1.1218 0.9857 0.0619 0.1493 0.1931 1.8716 0.7762 0.1687 0.6409 0.7972 3.5867 0.0673 0.0673 0.3864 0 0
18 234 595 1 0 0 0 0 1.0009 0 1 -0.1109 0.1313 0.1494 1.2213 0.9818 -0.2344 0.2695 0.4452 4.7307 0.7463 -0.0331 0.6354 0.7985 3.8077 0.0058 0.0058 0.5583 1 0
18 235 597 0 0 0 0 0 1.0007 0 -0.6082 0.0888 0.4265 0.4322 1.2899 0.9805 -0.1171 0.195 0.2439 2.1196 0.8174 -0.1217 0.5895 0.7301 3.3 0.0495 0.0495 0.3598 0 0
18 236 585 108 0 0 0 0 1.0008 0 -0.1053 -0.0606 0.0981 0.1051 0.9947 0.9838 0.0661 0.1505 0.2163 3.7369 0.7572 -0.1464 0.6751 0.866 4.5508 0.1197 0.1197 0.5027 1 0
18 237 617 0 0 0 0 0 1.0004 0 1 -0.1769 0.1769 0.2171 1.0568 0.9967 -0.1575 0.1575 0.2004 1.917 0.8727 -0.1561 0.469 0.6039 3.1772 0.1046 0.1046 0.3072 0 0
18 238 583 0 0 0 0 0 1.0008 0 -0.5114 -0.3213 0.3213 0.4396 1.3422 0.9847 0.5345 0.6851 1.0954 9.3709 0.7534 0.04 0.6121 0.7422 3.534 -0.1869 0.1869 0.5936 0 0
18 239 588 0 0 0 0 0 1.0006 0 0.8661 -0.2282 0.3208 0.3568 1.1136 0.9948 0.0065 0.1673 0.2066 2.9194 0.7714 0.1465 0.5868 0.7277 3.5135 0.0219 0.0219 0.4614 0 0
18 240 597 0 0 0 0 0 1.0004 0 -0.6442 0.1804 0.2705 0.3946 1.6264 0.9869 0.2903 0.2903 0.3424 1.5949 0.8254 0.2754 0.6336 0.8368 3.2175 0.0093 0.0093 0.3601 0 0
18 241 581 3 0 0 0 0 1.0008 0 0.8947 0.067 0.2167 0.2349 1.71 0.9451 -0.0083 0.3101 0.4118 4.3359 0.7681 -0.0431 0.5394 0.7345 3.5611 -0.009 0.009 0.4945 1 0
18 242 576 0 0 0 0 0 1.0009 0 0.6114 0.0683 0.1109 0.1409 1.4813 0.9966 0.0013 0.1518 0.1844 2.4291 0.7993 -0.0052 0.6168 0.773 3.3708 -0.0736 0.0736 0.4402 0 0
18 243 598 0 0 0 0 0 1.0006 0 0.9997 -0.0279 0.0279 0.0335 1.4953 0.9779 -0.2714 0.3248 0.4193 3.1306 0.7993 -0.2006 0.5851 0.7444 3.483 -0.0029 0.0029 0.4374 0 0
18 244 585 135 0 0 0 0 1.0011 0 -0.4003 -0.364 0.4031 0.496 1.1425 0.984 0.3304 1.2759 1.7542 12.3724 0.6562 -0.0953 0.7379 0.9072 4.4979 0.1531 0.1531 0.4936 1 0
18 245 595 0 0 0 0 0 1.0006 0 0.9903 0.148 0.2969 0.3122 1.6103 0.9733 0.261 0.3218 0.35 2.7839 0.7121 0.125 0.628 0.778 3.2735 -0.1219 0.1219 0.4217 0 0
18 246 591 0 0 0 0 0 1.0005 0 0.5539 -0.0591 0.2872 0.2928 1.6654 0.9702 -0.0353 0.2546 0.3651 5.3633 0.689 0.2625 0.6734 0.8437 4.0106 -0.063 0.063 0.5838 0 0
18 247 600 0 0 0 0 0 1.0005 0 -0.9784 -0.0335 0.1438 0.1627 1.1357 0.9833 -0.0594 0.1956 0.2863 2.8762 0.772 -0.1128 0.5799 0.7238 3.3202 0.0358 0.0358 0.3645 0 0
18 248 583 1 0 0 0 0 1.0012 0 0.9688 -0.3389 0.3389 0.4102 1.5765 0.9931 0.2376 0.7806 0.9619 11.1225 0.717 0.1495 0.611 0.7585 4.1984 -0.2315 0.2315 0.8121 1 0
18 249 607 0 0 0 0 0 1.0002 0 0.7451 0.0154 0.1292 0.1522 1.2033 0.9949 0.1905 0.2011 0.2454 2.7133 0.7925 0.1059 0.5269 0.6774 3.4573 0.0071 0.0071 0.4306 0 0
18 250 648 0 0 0 0 0 1.0009 0 -0.2488 -0.0026 0.2847 0.3034 1.6384 0.9968 -0.3904 0.3904 0.4093 1.8404 0.8397 -0.3103 0.5703 0.7258 3.183 0.0415 0.0415 0.4094 0 0
18 251 581 1 0 0 0 0 1.0014 0 0.9562 -0.1346 0.2127 0.2348 2.0456 0.9846 0.6802 0.6802 0.8403 5.3611 0.731 0.2131 0.6287 0.8223 3.6134 -0.0584 0.0584 0.5314 1 0
18 252 595 0 0 0 0 0 1.0002 0 0.7626 -0.1721 0.1721 0.1878 1.0176 0.9855 -0.0065 0.3069 0.381 3.2405 0.7428 -0.1717 0.6806 0.8455 3.6551 0.0202 0.0202 0.4537 0 0
18 253 590 0 0 0 0 0 1.0004 0 0.9467 0.0259 0.1001 0.1178 1.2019 0.9942 -0.1388 0.1667 0.2304 3.2209 0.8096 -0.0683 0.544 0.6861 3.6202 0.0501 0.0501 0.3875 0 0
18 254 584 0 0 0 0 0 1.0002 0 0.9896 0.2961 0.2961 0.3361 1.563 0.9959 0.1647 0.2066 0.2803 1.6517 0.7849 0.1066 0.5967 0.7348 3.2695 -0.1019 0.1019 0.4265 0 0
18 255 597 8 0 0 0 0 1.0012 0 0.9994 -0.0796 0.0796 0.1142 1.646 0.9766 -0.07 0.2248 0.3606 6.5663 0.7553 0.0587 0.5428 0.6819 3.8101 -0.1782 0.1782 0.7011 1 0
18 256 589 5 0 0 0 0 1.0007 0 0.99 0.0527 0.2307 0.2829 1.7381 0.9872 0.2087 0.3724 0.3837 5.0097 0.7886 0.2511 0.5876 0.7476 3.724 0.0235 0.0235 0.4558 1 0
18 257 556 0 0 0 0 0 1.0026 0 -0.405 0.2092 0.5302 0.6726 3.4699 0.794 -0.3342 0.7582 1.107 11.5643 0.5465 -0.0543 0.7618 0.9134 3.578 -0.2939 0.2939 0.6504 0 0
18 258 589 0 0 0 0 0 1.0008 0 0.506 -0.1035 0.2374 0.3155 1.3854 0.9914 -0.0616 0.2204 0.2889 2.8586 0.7898 -0.1159 0.5401 0.6817 3.115 -0.0901 0.0901 0.4336 0 0
18 259 594 0 0 0 0 0 1.0004 0 0.8669 0.1672 0.1672 0.2317 1.3369 0.9945 0.1379 0.1868 0.2135 1.3206 0.7944 0.1676 0.6072 0.757 3.1395 -5e-04 5e-04 0.3909 0 0
18 260 779 37 0 0 0 0 1.0017 0 0.7551 -0.0841 0.1497 0.1543 1.3542 0.99 0.1281 0.316 0.4184 6.5389 0.7645 -0.2128 0.6584 0.8312 4.5283 0.1265 0.1265 0.514 1 0
18 261 594 0 0 0 0 0 1.0007 0 0.9649 0.1405 0.1409 0.1773 1.3351 0.9855 0.0596 0.1576 0.2027 1.6288 0.7816 -0.0517 0.6009 0.7326 3.3044 -0.0377 0.0377 0.4119 0 0
18 262 581 0 0 0 0 0 1.0005 0 -0.4276 0.0683 0.327 0.3394 2.0206 0.93 0.0656 0.3712 0.5215 6.6809 0.5848 -0.2286 0.7873 0.969 3.7299 -0.0368 0.0368 0.5755 0 0
18 263 586 0 0 0 0 0 1.0003 0 0.9343 -0.0122 0.0511 0.0515 1.3716 0.9963 -0.166 0.1843 0.2171 3.8755 0.7175 -0.1503 0.6667 0.8314 3.5575 -0.0701 0.0701 0.4824 0 0
18 264 590 1 0 0 0 0 1.0014 0 0.9765 -1e-04 0.247 0.2742 1.7818 0.9524 -0.0764 0.3646 0.5102 5.0326 0.7441 -0.2119 0.6695 0.8465 3.702 0.0406 0.0406 0.4621 1 0
18 265 667 86 0 0 0 0 1.0006 0 0.6425 -0.1488 0.1488 0.1763 1.1541 0.9869 -0.0658 0.3264 0.4294 4.6938 0.7542 0.0123 0.5438 0.7067 4.5283 0.0589 0.0589 0.5793 1 0
18 266 598 0 0 0 0 0 1.0008 0 0.86 0.1023 0.3359 0.4162 1.5886 0.9646 0.1589 0.2244 0.3372 3.0944 0.7456 0.056 0.5977 0.7426 3.4527 0.1033 0.1033 0.363 0 0
18 267 621 30 0 0 0 0 1.0008 0 -0.0225 -0.221 0.2593 0.2976 1.0038 0.9823 0.3164 0.421 0.5986 3.508 0.7462 0.3609 0.7036 0.8945 4.3259 0.1819 0.1819 0.4146 1 0
18 268 589 0 0 0 0 0 1.001 0 0.9812 0.0331 0.3078 0.3271 1.3879 0.8787 0.3005 0.516 0.9099 8.6409 0.6706 -0.0824 0.6096 0.7988 3.8178 -0.0078 0.0078 0.448 0 0
18 269 577 0 0 0 0 0 1.0009 0 -0.9908 -0.0302 0.2412 0.2845 1.448 0.9316 0.0092 0.304 0.3818 3.1847 0.7179 0.0429 0.6418 0.8097 3.6306 -0.0669 0.0669 0.4851 0 0
18 270 596 2 0 0 0 0 1.0009 0 0.7956 -0.0162 0.1417 0.1492 1.3845 0.9863 -0.0439 0.1711 0.1982 2.4241 0.778 -0.0873 0.5758 0.7051 3.5858 0.0545 0.0545 0.4325 1 0
18 271 589 0 0 0 0 0 1.0005 0 -0.8337 0.0697 0.2086 0.2575 1.2213 0.9776 0.2079 0.2558 0.3171 2.4664 0.6996 0 0.6369 0.812 3.5807 0.0305 0.0305 0.4367 0 0
18 272 582 47 0 0 0 0 1.0006 0 0.975 -0.0869 0.13 0.1413 1.8808 0.9934 0.1699 0.6149 0.7491 9.3016 0.6508 -0.0675 0.6516 0.8373 4.0401 0.0046 0.0046 0.5981 1 0
18 273 594 1 0 0 0 0 1.0008 0 -0.8897 0.0875 0.2391 0.2802 1.8944 0.9934 -0.0428 0.1501 0.2038 3.3176 0.7987 -0.0348 0.516 0.6701 3.2333 -0.1993 0.1993 0.5848 1 0
18 274 575 1 0 0 0 0 1.0022 0 -0.0204 -0.0305 0.1833 0.2105 1.922 0.9968 -0.0312 0.2646 0.3309 8.0569 0.6444 0.0485 0.6816 0.8707 3.865 -0.1746 0.1746 0.688 1 0
18 275 606 184 0 0 0 0 1.0008 0 0.5662 0.0146 0.2224 0.2479 1.273 0.9895 -0.3083 0.3084 0.3657 3.1533 0.6849 -0.3274 0.7287 0.9091 4.0028 0.1069 0.1069 0.4889 1 0
18 276 585 54 0 0 0 0 1.0026 0 -0.7121 -0.26 0.3841 0.4554 1.9452 0.9362 -1.6196 2.2628 3.5639 29.6819 0.6879 -0.1945 0.6841 0.8543 4.4227 -0.1531 0.1531 0.9264 1 0
18 277 583 0 0 0 0 0 1.0006 0 0.9689 0.0763 0.1138 0.1209 1.299 0.9607 -0.0658 0.2664 0.3055 1.7926 0.7827 0.1128 0.5966 0.7522 3.4056 -0.057 0.057 0.4557 0 0
18 278 620 4 0 0 0 0 1.0004 0 -0.2078 -0.2504 0.2504 0.3494 0.8881 0.989 0.0604 0.3972 0.5201 3.9069 0.733 0.2079 0.6511 0.8436 4.0553 0.1977 0.1977 0.335 1 0
18 279 597 0 0 0 0 0 1.0007 0 0.9931 -0.0376 0.0376 0.0451 1.3714 0.9912 -0.0061 0.1142 0.1596 2.4425 0.7603 -0.0227 0.5628 0.7167 3.568 -0.0889 0.0889 0.5277 0 0
18 280 566 0 0 0 0 0 1.0017 0 0.998 0.0633 0.159 0.1845 2.1347 0.962 -0.018 0.3353 0.5191 9.2696 0.5968 -0.0225 0.6909 0.869 3.6779 -0.2549 0.2549 0.6524 0 0
18 281 587 0 0 0 0 0 1.0007 0 0.9937 0.1497 0.277 0.2854 1.5166 0.952 -0.3486 0.4701 0.6454 4.6602 0.7747 -0.1882 0.5882 0.7534 3.3208 -0.1178 0.1178 0.477 0 0
18 282 604 0 0 0 0 0 1.0003 0 0.2044 0.0384 0.1985 0.2366 1.2774 0.9699 -0.1295 0.2622 0.3507 2.6838 0.8035 -0.2612 0.6342 0.787 3.5645 0.055 0.055 0.4414 0 0
18 283 575 0 0 0 0 0 1.0003 0 -0.9903 0.0625 0.3884 0.4194 1.7831 0.9775 0.0164 0.2606 0.3582 4.2017 0.7746 -0.1458 0.5655 0.7083 3.2349 -0.1425 0.1425 0.4311 0 0
18 284 597 0 0 0 0 0 1.0003 0 -0.9995 -0.0331 0.1589 0.1959 1.1225 0.9768 0.1465 0.2779 0.3314 2.4048 0.7707 0.1974 0.6167 0.783 3.6804 0.1255 0.1255 0.3534 0 0
18 285 585 0 0 0 0 0 1.0005 0 0.1306 -0.1448 0.1887 0.2442 1.0691 0.9966 0.0345 0.1532 0.1834 2.4111 0.8065 -0.0814 0.5029 0.6444 3.6742 0.0108 0.0108 0.4189 0 0
18 286 570 0 0 0 0 0 1.0004 0 0.8383 0.098 0.1291 0.1983 1.3804 0.9916 0.2093 0.2561 0.2909 2.349 0.7568 0.1662 0.5709 0.7315 3.3451 -0.0318 0.0318 0.3965 0 0
18 287 590 0 0 0 0 0 1.0002 0 0.7368 -0.0947 0.1092 0.1255 1.0885 0.994 0.1045 0.201 0.2632 2.6938 0.7961 0.1009 0.5771 0.7565 3.4399 -0.0137 0.0137 0.4599 0 0
18 288 625 8 0 0 0 0 1.0004 0 0.9957 -0.1643 0.1643 0.1742 1.1018 0.9933 0.4317 0.4317 0.4529 1.8627 0.8292 0.3766 0.6386 0.7839 3.4873 0.1835 0.1835 0.3258 1 0
18 289 616 0 0 0 0 0 1.0002 0 0.9569 -0.0736 0.0905 0.1033 1.0413 0.9927 -0.2228 0.2778 0.3848 3.3065 0.8086 -0.1147 0.5826 0.7431 3.6518 0.1335 0.1335 0.3581 0 0
18 290 595 0 0 0 0 0 1.0003 0 -0.1534 0.3149 0.3149 0.4215 1.2738 0.9894 -0.0408 0.1591 0.2066 1.0945 0.7881 -0.0928 0.6322 0.7709 3.247 -0.0085 0.0085 0.3889 0 0
18 291 600 2 0 0 0 0 1.0004 0 0.9658 0.0305 0.1334 0.1593 1.224 0.9953 0.1291 0.1372 0.1651 3.6962 0.7598 0.0554 0.6206 0.8158 3.9908 0.1026 0.1026 0.4479 1 0
18 292 588 0 0 0 0 0 1.0008 0 0.9051 -0.3368 0.3368 0.3566 1.3783 0.9932 -0.5206 0.6336 0.7663 6.3078 0.7009 -0.2573 0.56 0.7292 3.7912 -0.1856 0.1856 0.5908 0 0
18 293 584 1 0 0 0 0 1.0007 0 0.9971 -0.1209 0.1209 0.1527 1.4223 0.9984 0.299 0.3048 0.3813 3.8101 0.7385 0.3704 0.7217 0.8987 3.5297 -0.1585 0.1585 0.5666 1 0
18 294 598 5 0 0 0 0 1.0005 0 0.2914 -0.0273 0.2494 0.2563 1.288 0.9749 0.3315 0.3668 0.4501 2.9289 0.7398 0.3279 0.6896 0.8455 3.7151 0.0599 0.0599 0.4828 1 0
18 295 595 2 0 0 0 0 1.0004 0 0.4234 0.0146 0.1203 0.1422 1.1217 0.9935 -0.1316 0.1409 0.1799 1.8574 0.738 -0.0422 0.6225 0.7902 3.5482 0.0489 0.0489 0.4259 1 0
18 296 602 0 0 0 0 0 1.0006 0 0.5526 -0.0964 0.2497 0.3154 1.4248 0.9854 -0.1572 0.2481 0.3149 3.4821 0.7805 -0.1145 0.5452 0.7034 3.3905 -0.144 0.144 0.4911 0 0
18 297 582 0 0 0 0 0 1.0008 0 0.2352 0.1149 0.2589 0.3408 1.6296 0.972 -0.156 0.2932 0.373 3.2387 0.6743 -0.2495 0.6867 0.8482 3.4771 -0.0446 0.0446 0.4161 0 0
18 298 586 6 0 0 0 0 1.0008 0 0.8918 -0.1142 0.1677 0.2009 1.2507 0.9724 -0.79 0.79 1.0829 10.0244 0.7311 -0.0853 0.6285 0.7921 3.7656 0.0262 0.0262 0.5191 1 0
18 299 601 0 0 0 0 0 1.0004 0 0.9918 -0.2717 0.2717 0.2878 1.3687 0.9825 -0.0951 0.3268 0.5375 3.9101 0.8389 -0.0266 0.4956 0.6257 3.3263 0.0319 0.0319 0.3579 0 0
18 300 650 4 0 0 0 0 1.0006 0 -0.6324 -0.1301 0.1774 0.2534 1.6023 0.985 -0.444 0.444 0.7167 6.6528 0.7747 -0.1579 0.6246 0.7908 4.0957 -0.0683 0.0683 0.6883 1 0
18 301 611 7 0 0 0 0 1.0012 0 -0.4206 -0.0353 0.2381 0.2697 1.4427 0.9865 0.0096 0.2475 0.3059 3.23 0.726 -0.0046 0.5885 0.7492 4.1292 0.0807 0.0807 0.5339 1 0
18 302 843 654 0 0 0 0 1.0048 0 -0.0812 -0.1655 0.1873 0.2611 1.0746 0.9871 -0.4587 0.4639 0.5589 3.0996 0.7551 -0.6385 0.827 0.9981 4.3209 0.2126 0.2126 0.4336 1 0
18 303 742 23 0 0 0 0 1.0007 0 0.048 0.0261 0.0556 0.0736 1.0316 0.9914 0.2184 0.2191 0.2624 2.8068 0.69 0.0045 0.6666 0.8202 4.0009 0.1249 0.1249 0.456 1 0
18 304 587 0 0 0 0 0 1.0008 0 -0.5204 0.1402 0.2962 0.3223 1.3052 0.9437 -0.1001 0.3125 0.3949 2.1005 0.6568 -0.0621 0.6094 0.7871 3.3182 -0.0372 0.0372 0.4301 0 0
18 305 588 0 0 0 0 0 1.0007 0 0.9398 0.0501 0.141 0.1492 1.501 0.9842 0.0814 0.1816 0.2233 1.977 0.7613 0.1782 0.5674 0.7177 3.568 -0.0487 0.0487 0.4813 0 0
18 306 587 0 0 0 0 0 1.0005 0 0.9416 0.0746 0.1428 0.1933 1.6744 0.9919 -0.001 0.1314 0.1497 2.4377 0.7913 0.078 0.6313 0.7835 3.4113 0.0156 0.0156 0.4307 0 0
18 307 589 0 0 0 0 0 1.001 0 0.9977 0.0761 0.1491 0.1733 1.4475 0.995 -0.1053 0.1696 0.2011 3.5229 0.7613 0.0658 0.5404 0.6859 3.1954 -0.1234 0.1234 0.4803 0 0
18 308 565 0 0 0 0 0 1.0006 0 0.9296 0.2364 0.2756 0.3188 1.8051 0.9423 0.07 0.3052 0.3867 3.953 0.5856 -0.2368 0.7345 0.9083 3.4947 -0.297 0.297 0.6175 0 0
18 309 594 1 0 0 0 0 1.0005 0 0.1985 0.0193 0.2435 0.2892 1.2334 0.9827 0.0466 0.2348 0.2879 3.9758 0.8067 -0.1833 0.5632 0.7082 3.6366 0.0309 0.0309 0.4384 1 0
18 310 599 0 0 0 0 0 1.0007 0 0.9106 -0.2752 0.2752 0.437 1.167 0.989 0.1255 0.2478 0.3021 3.4456 0.824 0.1098 0.4886 0.634 3.6265 -0.0719 0.0719 0.4675 0 0
18 311 1112 86 0 0 0 0 1.0001 0 0.563 -0.1954 0.2174 0.2682 1.2351 0.9925 0.1434 0.2501 0.3377 3.4013 0.7295 0.2035 0.653 0.8117 4.1501 0.1042 0.1042 0.5449 1 0
18 312 588 1 0 0 0 0 1.0003 0 0.2392 -0.0305 0.183 0.2007 1.2625 0.9869 -0.1574 0.3 0.3619 3.1127 0.7882 -0.1207 0.6285 0.7943 3.8033 0.084 0.084 0.4206 1 0
18 313 572 6 0 0 0 0 1.0004 0 0.9811 0.0137 0.0853 0.0985 1.6204 0.9941 -0.0904 0.1529 0.1831 5.0069 0.7549 -0.112 0.6459 0.8117 3.791 0.0505 0.0505 0.4471 1 0
18 314 607 0 0 0 0 0 1.0008 0 0.8876 -0.1782 0.1916 0.227 1.1748 0.9955 -0.0354 0.1375 0.1696 1.9989 0.8556 -0.0657 0.5015 0.6311 3.0832 -0.0313 0.0313 0.3617 0 0
18 315 582 47 0 0 0 0 1.0014 0 -0.5191 -0.1528 0.4408 0.4454 1.6979 0.9343 -0.045 1.1014 1.4431 15.7454 0.6129 -0.3473 0.7377 0.9276 4.285 0.0363 0.0363 0.5903 1 0
18 316 605 70 0 0 0 0 1.001 0 0.9643 -0.1228 0.1228 0.1493 1.5861 0.9885 -0.1303 0.4364 0.5926 4.6275 0.6804 -0.1869 0.6555 0.8253 4.0727 0.0412 0.0412 0.5999 1 0
18 317 587 3 0 0 0 0 1.0003 0 -0.2372 -0.0695 0.2609 0.3272 1.3958 0.9617 0.2009 0.4469 0.7262 5.9517 0.6861 0.02 0.608 0.7666 3.9248 0.0396 0.0396 0.4952 1 0
18 318 704 2 0 0 0 0 1.0019 0 0.888 -0.3579 0.3628 0.5558 1.2596 0.983 0.0689 0.5945 0.7535 7.681 0.7469 -0.1974 0.5882 0.7402 4.5235 -0.0328 0.0328 0.7166 1 0
18 319 602 0 0 0 0 0 1.0004 0 0.9916 0.0588 0.071 0.097 1.3694 0.9858 -0.1575 0.1925 0.2596 2.1016 0.7617 -0.1575 0.6392 0.8199 3.4815 -0.1022 0.1022 0.458 0 0
18 320 583 0 0 0 0 0 1.001 0 0.5875 0.171 0.2043 0.2469 1.2785 0.987 -0.2114 0.2285 0.3179 2.3099 0.7928 -0.1815 0.5965 0.7428 3.2498 -0.0611 0.0611 0.4548 0 0
18 321 609 0 0 0 0 0 1.0009 0 0.2946 -0.122 0.3452 0.3466 1.2778 0.9434 -0.2066 0.3653 0.4243 2.544 0.7958 -0.1953 0.588 0.7535 3.8477 0.1456 0.1456 0.3286 0 0
18 322 583 0 0 0 0 0 1.0006 0 0.6123 0.2393 0.2393 0.267 1.2095 0.9952 0.2534 0.2884 0.3413 1.5278 0.7553 0.1658 0.6419 0.8137 3.5154 -1e-04 1e-04 0.4023 0 0
18 323 612 495 0 0 0 0 1.0019 0 -0.9935 -0.3498 0.5833 0.6163 1.9365 0.8944 2.2959 2.527 3.7847 30.8459 0.6414 -0.2784 0.7365 0.9284 4.5222 0.0434 0.0434 0.6628 1 0
18 324 581 0 0 0 0 0 1.0011 0 0.7783 0.0397 0.0866 0.0923 1.781 0.9967 -0.1284 0.1734 0.1987 8.1446 0.6697 -0.061 0.6452 0.7977 3.7709 -0.2806 0.2806 0.7458 0 0
18 325 594 113 0 0 0 0 1.0009 0 0.1348 -0.1171 0.1648 0.2459 1.4019 0.9921 -0.1709 0.4118 0.5584 5.1964 0.6489 -0.229 0.65 0.8303 3.963 0.0081 0.0081 0.5989 1 0
18 326 600 0 0 0 0 0 1.0004 0 0.994 0.0564 0.0629 0.0988 1.1961 0.99 -0.0421 0.1754 0.1873 1.9293 0.7717 -0.0014 0.6316 0.7939 3.6916 0.0933 0.0933 0.3772 0 0
18 327 705 12 0 0 0 0 1.0005 0 -0.7282 -0.2029 0.2029 0.2312 1.0413 0.9872 0.1165 0.2457 0.3118 2.4509 0.7912 0.0298 0.5392 0.6926 3.6909 0.1085 0.1085 0.4391 1 0
18 328 608 9 0 0 0 0 1.0003 0 0.6825 -0.2715 0.2715 0.3078 0.964 0.9945 -0.2385 0.3637 0.4262 4.018 0.7904 -0.1562 0.5563 0.7109 4.1804 0.169 0.169 0.3949 1 0
18 329 599 0 0 0 0 0 1.0003 0 0.9859 0.4095 0.4095 0.4129 1.205 0.9895 -0.0893 0.2136 0.2521 1.0012 0.8518 -0.0109 0.5647 0.6901 3.0791 0.0274 0.0274 0.3126 0 0
18 330 632 0 0 0 0 0 1.0006 0 0.9577 0.0568 0.1902 0.2132 1.2633 0.9937 0.0834 0.1003 0.1377 1.7196 0.7728 0.0402 0.6214 0.7754 3.6166 0.1427 0.1427 0.3266 0 0
18 331 575 26 0 0 0 0 1.002 0 -0.9009 -0.1568 0.4368 0.5512 1.9777 0.9604 -1.4356 1.4651 2.4807 21.2468 0.7692 -0.0253 0.6056 0.7614 3.7837 -0.0614 0.0614 0.6009 1 0
18 332 583 0 0 0 0 0 1.0006 0 0.3486 -0.003 0.1804 0.1926 1.2043 0.9924 -0.3289 0.3352 0.4786 6.1784 0.7507 -0.1612 0.6564 0.8205 3.7818 -0.0044 0.0044 0.4228 0 0
18 333 589 0 0 0 0 0 1.0007 0 -0.7093 0.0424 0.3911 0.4319 1.7108 0.9856 -0.1133 0.2078 0.2588 3.3204 0.753 -0.095 0.5981 0.762 3.3114 -0.0541 0.0541 0.4536 0 0
18 334 570 0 0 0 0 0 1.0014 0 0.5786 0.0671 0.1975 0.2513 2.1366 0.9722 -0.1041 0.2232 0.2735 2.2729 0.7985 -0.095 0.5605 0.6944 3.2926 -0.1003 0.1003 0.464 0 0
18 335 618 80 0 0 0 0 1.0013 0 0.9264 -0.3956 0.3956 0.4418 1.2717 0.8654 0.2947 0.9181 1.6105 16.0053 0.7574 -0.1607 0.6114 0.7533 4.5205 0.1635 0.1635 0.4959 1 0
18 336 599 48 0 0 0 0 1.0009 0 0.474 -0.27 0.2915 0.3446 1.2066 0.9397 0.2576 0.74 1.1066 11.9428 0.7175 0.0202 0.6188 0.7668 4.4093 0.095 0.095 0.569 1 0
18 337 580 0 0 0 0 0 1.002 0 -0.0406 -0.1124 0.1474 0.2269 1.399 0.9964 -0.3647 0.3769 0.4616 4.8562 0.7599 -0.2674 0.5818 0.7281 3.6685 -0.1257 0.1257 0.6083 0 0
18 338 623 4 0 0 0 0 1.0014 0 0.8127 -0.069 0.3594 0.3804 1.5618 0.9762 -0.0616 0.3802 0.4783 3.6384 0.7413 0.1135 0.6079 0.7658 3.7711 0.0734 0.0734 0.4337 1 0
18 339 577 0 0 0 0 0 1.0007 0 0.9753 0.103 0.2462 0.2558 1.3396 0.9681 0.2266 0.3097 0.3376 1.9353 0.7681 0.1948 0.675 0.8493 3.3057 -0.0877 0.0877 0.4605 0 0
18 340 634 0 0 0 0 0 1.0004 0 0.959 0.1136 0.1295 0.1619 1.2293 0.9856 0.3039 0.3039 0.3483 1.6978 0.7872 0.2481 0.5864 0.7552 3.4717 0.0945 0.0945 0.3374 0 0
18 341 597 0 0 0 0 0 1.0005 0 0.4386 -0.0683 0.2028 0.2075 1.2561 0.9768 0.3828 0.3973 0.4549 2.2928 0.8137 0.2007 0.5481 0.7006 3.4519 -0.0011 0.0011 0.4613 0 0
18 342 588 0 0 0 0 0 1.0007 0 0.9641 -0.1426 0.1735 0.202 1.439 0.9867 0.1821 0.2971 0.3429 3.4707 0.7554 0.1737 0.5579 0.7239 3.7885 -0.0403 0.0403 0.534 0 0
18 343 594 0 0 0 0 0 1.0007 0 0.788 -0.0019 0.05 0.0531 0.9919 0.9949 -0.1565 0.1859 0.2001 1.3941 0.8217 -0.0829 0.5459 0.6893 3.2797 0.0199 0.0199 0.3739 0 0
18 344 591 16 0 0 0 0 1.0016 0 0.2661 -0.2339 0.2339 0.3075 1.8805 0.9702 -0.4161 0.7401 1.0868 10.9681 0.6753 0.0258 0.6044 0.745 4.0115 -0.2539 0.2539 0.8834 1 0
18 345 598 0 0 0 0 0 1.0006 0 0.9962 -0.1371 0.1371 0.1562 1.2043 0.9974 0.0733 0.1611 0.199 2.711 0.7788 0.0945 0.5535 0.684 3.5115 0.0141 0.0141 0.4431 0 0
18 346 589 0 0 0 0 0 1.0003 0 0.9836 -0.0609 0.0994 0.1073 1.2004 0.9981 0.0359 0.0707 0.0918 2.0073 0.8575 0.0957 0.511 0.6286 3.2589 -0.0012 0.0012 0.3979 0 0
18 347 576 0 0 0 0 0 1.0003 0 -0.8383 -0.0942 0.2602 0.3332 1.8047 0.967 0.3467 0.4303 0.6527 6.0979 0.7225 -9e-04 0.569 0.716 3.5721 -0.2537 0.2537 0.6485 0 0
18 348 585 0 0 0 0 0 1.0008 0 0.999 0.1564 0.1564 0.1578 1.2965 0.9926 -0.5427 0.5427 0.6154 3.7258 0.6708 -0.2768 0.7133 0.8891 3.6789 -0.0584 0.0584 0.4697 0 0
18 349 596 0 0 0 0 0 1.0006 0 0.9648 0.0331 0.1424 0.1754 1.5741 0.9794 0.3887 0.4203 0.4762 2.6455 0.773 0.3141 0.6748 0.8145 3.4682 0.0528 0.0528 0.3948 0 0
18 350 583 0 0 0 0 0 1.001 0 0.7083 -0.0372 0.265 0.2992 1.5957 0.9528 0.0356 0.349 0.4451 4.6824 0.7571 0.1965 0.6057 0.7706 3.3535 -0.092 0.092 0.502 0 0
18 351 955 6312 0 0 215 164 1.8415 215 0.8609 -0.3548 0.3548 0.36 1.0097 0.9967 -0.5608 0.6803 0.911 6.4565 0.6957 -0.9143 1.0064 1.2109 6.9579 0.2267 0.2267 0.6819 1 1
18 352 602 6 0 0 0 0 1.0002 0 0.2384 -0.1275 0.1898 0.2027 1.1037 0.978 0.1352 0.3918 0.5497 4.8768 0.6616 0.0302 0.7398 0.9183 4.2866 0.1839 0.1839 0.4091 1 0
18 353 581 0 0 0 0 0 1.0009 0 0.7445 0.3533 0.4051 0.532 2.1564 0.9848 -0.0566 0.1669 0.2034 2.0851 0.7005 0.0371 0.5812 0.7434 3.051 -0.1872 0.1872 0.4216 0 0
18 354 600 0 0 0 0 0 1.0004 0 0.9244 -0.1024 0.1656 0.1732 1.4588 0.9883 -0.3192 0.3192 0.3858 2.0791 0.8232 -0.2512 0.5833 0.7123 3.2079 0.0224 0.0224 0.4017 0 0
18 355 655 49 0 0 0 0 1.0005 0 0.9799 -0.0584 0.0832 0.0949 1.089 0.9938 -0.3822 0.3822 0.4217 2.5473 0.7661 -0.5351 0.7145 0.937 4.0881 0.1619 0.1619 0.3968 1 0
18 356 587 1 0 0 0 0 1.0007 0 0.9208 -0.2207 0.2437 0.2855 1.345 0.9688 0.4348 0.5804 0.8761 9.0901 0.7663 0.0721 0.5824 0.723 3.5914 0.0117 0.0117 0.4652 1 0
18 357 586 0 0 0 0 0 1.0005 0 0.4073 0.0343 0.2368 0.2877 1.4771 0.9781 -0.0848 0.3648 0.4846 6.4754 0.6463 0.1271 0.7229 0.9109 3.6234 -0.0226 0.0226 0.4625 0 0
18 358 595 318 0 0 0 0 1.0021 0 -0.4574 -0.3029 0.3029 0.3362 1.204 0.9957 0.2214 0.9747 1.2439 11.0969 0.7107 -0.2862 0.6288 0.7727 4.7044 0.0418 0.0418 0.7916 1 0
18 359 606 3 0 0 0 0 1.0005 0 0.3649 -0.115 0.1666 0.2477 1.0894 0.9712 -0.1361 0.3123 0.3942 3.2437 0.7655 -0.2716 0.6274 0.7859 3.6011 0.1347 0.1347 0.3802 1 0
18 360 608 0 0 0 0 0 1.0005 0 -0.9744 -0.0385 0.2675 0.3051 1.0478 0.9793 0.2266 0.3063 0.3735 2.4692 0.8164 0.1604 0.5506 0.677 3.8185 0.0898 0.0898 0.3832 0 0
18 361 592 0 0 0 0 0 1.0006 0 0.2171 -0.0982 0.1412 0.1616 1.085 0.9773 0.0886 0.2037 0.2284 1.8069 0.8182 0.0706 0.5162 0.6482 3.7411 0.0966 0.0966 0.3891 0 0
18 362 591 13 0 0 0 0 1.0007 0 0.9855 -0.1784 0.1901 0.2582 1.3454 0.8343 -0.2743 0.6234 1.1795 13.0369 0.6924 0.0015 0.6349 0.8265 4.2087 0.0019 0.0019 0.6163 1 0
18 363 1008 25 0 0 0 0 1.0005 0 0.97 -0.2451 0.2451 0.315 0.936 0.9943 0.3202 0.3537 0.4043 2.2991 0.8075 0.4738 0.6998 0.8685 4.1109 0.2306 0.2306 0.315 1 0
18 364 751 68 0 0 0 0 1.0012 0 -0.5842 -0.2671 0.3527 0.3934 1.071 0.9605 0.6201 0.782 0.9492 7.2656 0.7031 0.1421 0.624 0.8195 4.495 0.1174 0.1174 0.5322 1 0
18 365 602 0 0 0 0 0 1.0009 0 0.9865 0.1468 0.1468 0.223 1.7994 0.9905 -0.0811 0.1538 0.1795 2.5404 0.745 -0.1186 0.6131 0.782 3.3689 -0.0116 0.0116 0.44 0 0
18 366 599 0 0 0 0 0 1.0011 0 -0.7512 0.0404 0.3684 0.4167 1.5763 0.9881 -0.2375 0.2717 0.3285 2.7161 0.7954 -0.0607 0.5825 0.755 3.7 0.0814 0.0814 0.3656 0 0
18 367 595 1 0 0 0 0 1.0005 0 -0.0675 0.0375 0.2726 0.3108 1.5491 0.9799 0.2051 0.2847 0.3439 3.9177 0.7285 0.1922 0.7059 0.8632 3.6255 0.0418 0.0418 0.4592 1 0
18 368 586 36 0 0 0 0 1.0006 0 0.5673 -0.1275 0.1391 0.2291 1.3926 0.9374 -0.0173 0.2698 0.4137 4.1643 0.7456 0.2913 0.6624 0.8037 4.0699 0.0997 0.0997 0.4623 1 0
18 369 603 0 0 0 0 0 1.0002 0 0.9908 0.0294 0.0437 0.0639 1.2477 0.9897 0.2287 0.2701 0.304 2.5665 0.7136 0.1052 0.6012 0.7565 3.629 -0.2193 0.2193 0.61 0 0
18 370 555 21 0 0 0 0 1.0016 0 0.5672 -0.0836 0.1739 0.1881 1.6613 0.9965 0.0185 0.1781 0.2616 7.1016 0.7231 0.0366 0.6057 0.7919 4.0557 -0.1816 0.1816 0.6836 1 0
18 371 604 9 0 0 0 0 1.0003 0 0.6454 0.1856 0.3384 0.4362 1.864 0.9774 -0.4825 0.4825 0.538 2.0919 0.7965 -0.5091 0.7101 0.8776 3.7254 0.1065 0.1065 0.4089 1 0
18 372 607 3 0 0 0 0 1.0007 0 0.6243 -0.3672 0.3672 0.4889 1.2946 0.975 -0.2566 0.6853 0.8635 7.5186 0.7396 -0.0282 0.5722 0.7089 3.9984 -0.1326 0.1326 0.7345 1 0
18 373 585 0 0 0 0 0 1.0003 0 0.2333 -0.0397 0.2789 0.3112 1.3745 0.9871 -0.1726 0.2125 0.2844 1.8392 0.786 -0.035 0.55 0.6841 3.2091 -0.1404 0.1404 0.4055 0 0
18 374 591 0 0 0 0 0 1.0008 0 0.9994 -0.0607 0.0653 0.0789 1.8928 0.9948 -0.1178 0.2007 0.2848 3.3942 0.7601 -0.0967 0.6416 0.7937 3.926 -0.0185 0.0185 0.5051 0 0
18 375 580 0 0 0 0 0 1.0004 0 0.9835 0.072 0.18 0.1883 1.6385 0.9902 -0.1821 0.1976 0.2466 2.1813 0.6969 -0.1627 0.7206 0.9092 3.5261 -0.0817 0.0817 0.5276 0 0
18 376 603 13 0 0 0 0 1.0004 0 0.8152 -0.4693 0.4693 0.4935 1.1511 0.9827 0.239 0.5278 0.7408 6.0331 0.8415 -0.1324 0.5141 0.6534 3.7522 0.1467 0.1467 0.4091 1 0
18 377 575 13 0 0 0 0 1.0002 0 0.9728 -0.0246 0.0595 0.0767 1.6048 0.9962 -0.191 0.2093 0.2275 2.6395 0.7542 -0.0836 0.6183 0.7489 3.5971 -0.0012 0.0012 0.4951 1 0
18 378 591 0 0 0 0 0 1.0002 0 0.9896 0.0488 0.0519 0.0653 1.3917 0.9911 0.0629 0.1514 0.1665 1.5363 0.7969 -0.0165 0.5506 0.695 3.2883 -0.0656 0.0656 0.3929 0 0
18 379 592 0 0 0 0 0 1.0001 0 -0.2149 -0.0273 0.2329 0.2399 1.3453 0.9927 -0.2284 0.2766 0.3432 4.7205 0.6967 -0.0752 0.6699 0.8281 3.8687 -0.0163 0.0163 0.4975 0 0
18 380 596 3 0 0 0 0 1.0011 0 0.0636 -0.1595 0.4179 0.4202 2.0705 0.9825 -0.1553 0.3284 0.4296 2.9811 0.801 0.0341 0.5549 0.6752 3.5182 -0.0452 0.0452 0.5661 1 0
18 381 595 0 0 0 0 0 1.0006 0 -0.8783 0.1111 0.1443 0.2221 1.2522 0.9905 -0.1112 0.1511 0.1899 1.7877 0.745 0.0145 0.6235 0.7839 3.361 -0.0374 0.0374 0.445 0 0
18 382 594 0 0 0 0 0 1.0005 0 0.6075 -0.0801 0.1553 0.1802 1.5156 0.9975 0.0549 0.2025 0.2483 3.9604 0.7566 0.1922 0.5584 0.7112 3.7169 0.0161 0.0161 0.4762 0 0
18 383 574 0 0 0 0 0 1.0018 0 0.3746 0.3573 0.4223 0.499 2.393 0.9715 0.1203 0.299 0.3368 4.3486 0.6657 0.1298 0.6629 0.8133 3.1956 -0.2788 0.2788 0.5128 0 0
18 384 1080 488 0 0 0 0 1.0038 0 0.878 -0.329 0.329 0.4129 1.1487 0.9404 0.9014 0.9915 1.5842 14.6342 0.6687 0.3782 0.7813 0.9953 5.0532 0.2239 0.2239 0.4642 1 0
18 385 777 22 0 0 0 0 1.0007 0 0.7987 -0.0929 0.175 0.2417 1.0935 0.9982 0.3009 0.3009 0.3145 2.7184 0.7746 0.3822 0.7142 0.8764 3.8806 0.1553 0.1553 0.377 1 0
18 386 592 0 0 0 0 0 1.0002 0 0.5887 -0.0206 0.066 0.0699 1.1973 0.9926 0.1631 0.2474 0.306 2.518 0.6997 0.2882 0.6309 0.7812 3.7055 -0.0737 0.0737 0.5553 0 0
18 387 597 0 0 0 0 0 1.0006 0 0.0946 0.194 0.2511 0.3402 1.615 0.9702 -0.0886 0.2451 0.3154 3.2235 0.6897 -0.0317 0.6722 0.8228 3.3119 -0.1264 0.1264 0.4578 0 0
18 388 604 531 0 0 0 0 1.0012 0 0.2767 -0.0371 0.0991 0.1058 1.3209 0.9833 0.184 0.2008 0.279 3.4997 0.7131 0.2133 0.6921 0.8645 4.8477 0.0667 0.0667 0.6645 1 0
18 389 619 3 0 0 0 0 1.0007 0 0.9469 0.0833 0.106 0.119 1.3321 0.9861 -0.4789 0.4789 0.4977 1.5827 0.8646 -0.354 0.5801 0.7173 3.6046 0.0864 0.0864 0.3677 1 0
18 390 585 10 0 0 0 0 1.0004 0 0.9659 -0.1071 0.1071 0.1215 1.2868 0.9605 0.0223 0.2532 0.3357 4.229 0.7379 -0.1146 0.588 0.7262 3.6035 -0.1034 0.1034 0.5799 1 0
18 391 580 1 0 0 0 0 1.0007 0 0.9701 -0.131 0.1547 0.1809 1.5745 0.9725 -0.0496 0.5145 0.7382 11.3841 0.6943 -0.1329 0.6693 0.8377 3.8902 -0.0261 0.0261 0.5301 1 0
18 392 778 39 0 0 0 0 1.0006 0 0.5947 -0.2603 0.2603 0.3278 1.239 0.9698 0.1774 0.7629 0.893 5.5896 0.6267 0.04 0.6299 0.8121 4.2899 0.0505 0.0505 0.6984 1 0
18 393 584 0 0 0 0 0 1.0003 0 0.906 0.0379 0.1195 0.1474 1.2771 0.9822 -0.1002 0.2695 0.3083 3.3196 0.7618 -0.1641 0.7036 0.8908 3.5959 0.0908 0.0908 0.3786 0 0
18 394 575 0 0 0 0 0 1.001 0 0.8862 0.2171 0.2171 0.2516 1.8238 0.9863 0.2433 0.2562 0.3122 2.0962 0.7207 0.0393 0.6543 0.8394 3.2863 -0.156 0.156 0.5213 0 0
18 395 575 0 0 0 0 0 1.0009 0 0.237 -0.0952 0.2263 0.2791 1.4161 0.9798 0.2061 0.2959 0.353 3.2174 0.7777 -0.0334 0.5966 0.758 3.4318 -0.1669 0.1669 0.5402 0 0
18 396 578 0 0 0 0 0 1.0004 0 0.4133 -0.0659 0.3473 0.418 1.5703 0.9696 0.5383 0.6218 1.0808 10.9156 0.7486 -0.0614 0.5981 0.7617 3.5213 -0.038 0.038 0.4219 0 0
18 397 582 0 0 0 0 0 1.0006 0 -0.4453 0.0266 0.1891 0.2263 1.4357 0.991 0.0719 0.1484 0.1887 3.1918 0.7773 0.0626 0.6274 0.7697 3.5786 -0.0077 0.0077 0.44 0 0
18 398 583 45 0 0 0 0 1.0004 0 -0.4049 -0.259 0.259 0.2786 1.2132 0.9944 0.1182 0.709 0.8199 7.8386 0.6314 -0.2875 0.7009 0.8673 3.9165 -0.301 0.301 0.8682 1 0
18 399 573 0 0 0 0 0 1.0006 0 0.6588 -0.1717 0.2587 0.3371 1.7802 0.9716 -0.1662 0.5966 0.79 5.6018 0.7191 -0.0987 0.5932 0.7136 3.6663 -0.1517 0.1517 0.5315 0 0
18 400 582 0 0 0 0 0 1.0017 0 0.3294 -0.0735 0.2851 0.3435 1.5487 0.9918 0.1369 0.1917 0.2692 3.4873 0.7513 0.0174 0.552 0.6953 3.4279 -0.1064 0.1064 0.4996 0 0
18 401 640 146 0 0 0 0 1.0011 0 0.9922 -0.3195 0.3195 0.3222 1.0946 0.9968 0.1397 0.475 0.5822 6.8225 0.7431 -0.354 0.6731 0.8259 4.4089 0.1767 0.1767 0.4545 1 0
18 402 572 1 0 0 0 0 1.0008 0 0.0481 -0.1692 0.2133 0.3279 1.3339 0.9844 0.0102 0.4328 0.5441 6.1546 0.7328 -0.2312 0.5695 0.7182 3.7577 -0.1835 0.1835 0.609 1 0
18 403 583 0 0 0 0 0 1.0004 0 0.3238 -0.0067 0.1187 0.1264 1.2496 0.9821 -0.0279 0.2007 0.2413 2.7651 0.7635 -0.1598 0.5817 0.7252 3.5068 -0.0229 0.0229 0.4509 0 0
18 404 613 51 0 0 0 0 1.0005 0 0.4517 -0.3393 0.3393 0.3727 0.9553 0.9689 -0.3334 0.568 0.7323 6.0671 0.729 -0.0621 0.6387 0.8047 4.4798 0.1428 0.1428 0.5011 1 0
18 405 589 0 0 0 0 0 1.0011 0 0.8045 0.2132 0.2661 0.3463 1.5315 0.9956 -0.2648 0.2648 0.2855 2.5025 0.8702 -0.1929 0.471 0.6009 3.0797 -0.0216 0.0216 0.383 0 0
18 406 599 1 0 0 0 0 1.0006 0 0.6295 0.1355 0.2859 0.2966 1.6794 0.9516 0.3398 0.4058 0.5047 4.7195 0.7476 -0.016 0.6231 0.7872 3.7071 -0.055 0.055 0.6062 1 0
18 407 576 32 0 0 0 0 1.0006 0 0.4088 -0.0351 0.1089 0.1275 1.2896 0.9858 0.1161 0.174 0.2135 3.8519 0.7394 -0.0917 0.6204 0.7752 4.2029 0.017 0.017 0.5514 1 0
18 408 575 0 0 0 0 0 1.0023 0 0.6719 0.0441 0.2314 0.2778 1.992 0.9855 -0.0495 0.2394 0.304 4.961 0.6705 0.0237 0.6395 0.7971 3.4924 -0.1057 0.1057 0.5148 0 0
18 409 617 0 0 0 0 0 1.0003 0 0.5923 -0.0552 0.2835 0.3157 1.4131 0.9059 -0.1501 0.3971 0.5049 3.0116 0.8172 -0.1511 0.5722 0.7144 3.7042 0.052 0.052 0.4289 0 0
18 410 617 297 0 0 0 0 1.0023 0 0.9989 -0.0148 0.0217 0.024 1.3172 0.9824 0.6371 0.6371 0.7036 2.447 0.8162 0.4042 0.6527 0.7916 4.072 0.0846 0.0846 0.517 1 0
18 411 572 0 0 0 0 0 1.0006 0 0.9978 0.1375 0.238 0.3167 2.2412 0.95 -0.2358 0.336 0.4451 5.1447 0.6815 -0.0239 0.6569 0.8307 3.3813 -0.2016 0.2016 0.591 0 0
18 412 594 0 0 0 0 0 1.0011 0 0.9758 -0.0172 0.1319 0.1435 1.5859 0.9867 -0.2914 0.3274 0.3674 3.1051 0.8075 -0.2419 0.5567 0.7263 3.5778 0.1067 0.1067 0.3707 0 0
18 413 583 0 0 0 0 0 1.0006 0 0.0643 -0.0929 0.2701 0.3427 1.4565 0.9866 0.1599 0.2968 0.3401 4.6161 0.8141 -0.0642 0.5583 0.6837 3.3922 -0.1185 0.1185 0.452 0 0
18 414 580 1 0 0 0 0 1.0014 0 0.2604 0.2681 0.3101 0.5016 3.0052 0.9509 -0.2213 0.3634 0.4351 5.3362 0.6625 -0.1254 0.7438 0.9018 3.7727 -0.1276 0.1276 0.6401 1 0
18 415 727 426 0 0 0 0 1.0054 0 0.9959 -0.1474 0.1474 0.1623 1.32 0.9807 0.0442 0.3274 0.397 3.3432 0.7483 -0.0271 0.617 0.7633 4.8288 0.0875 0.0875 0.6479 1 0
18 416 590 21 0 0 0 0 1.0009 0 0.9059 -0.144 0.144 0.1496 1.0838 0.9828 -0.0929 0.4159 0.5126 6.2207 0.7102 0.0529 0.6538 0.8213 4.0677 0.0435 0.0435 0.5477 1 0
18 417 598 0 0 0 0 0 1.0002 0 0.9954 -0.189 0.189 0.192 1.3179 0.9985 0.0027 0.1182 0.1489 2.7331 0.8144 -0.0172 0.5141 0.6572 3.1791 -0.1005 0.1005 0.4145 0 0
18 418 559 0 0 0 0 0 1.002 0 -0.2586 0.1919 0.4619 0.5909 2.963 0.9793 -0.0514 0.2895 0.3132 6.026 0.694 -0.0174 0.6307 0.8209 3.4048 -0.1325 0.1325 0.5122 0 0
18 419 576 0 0 0 0 0 1.0005 0 0.8381 0.1745 0.1745 0.2445 1.5514 0.9971 0.0147 0.1061 0.1223 1.4717 0.764 0.1009 0.5724 0.7264 3.093 -0.288 0.288 0.4968 0 0
18 420 590 0 0 0 0 0 1.0002 0 0.8611 0.0247 0.2257 0.2497 1.524 0.94 0.2822 0.4154 0.5074 3.9911 0.6857 0.2153 0.6973 0.8831 3.6918 -0.0073 0.0073 0.4691 0 0
18 421 577 0 0 0 0 0 1.0008 0 0.4911 -0.0117 0.4432 0.4913 2.3519 0.95 -0.2032 0.4104 0.526 7.0373 0.7904 0.11 0.633 0.811 3.3339 -0.1083 0.1083 0.4333 0 0
18 422 725 10 0 0 0 0 1.0017 0 0.8554 -0.0504 0.1033 0.1382 1.4524 0.9975 0.1066 0.1269 0.1525 2.4975 0.7685 0.1045 0.5846 0.7331 4.0018 0.1128 0.1128 0.4164 1 0
18 423 594 93 0 0 0 0 1.0009 0 0.6376 -0.2267 0.3306 0.3795 1.4152 0.9747 0.0097 0.2628 0.3368 4.0383 0.8337 -0.1744 0.5186 0.6592 3.4915 0.0029 0.0029 0.4841 1 0
18 424 609 1 0 0 0 0 1.0002 0 0.989 -0.1924 0.1924 0.2319 1.1063 0.9924 -0.0676 0.3249 0.3811 3.5043 0.8009 0.1341 0.5742 0.7087 3.7104 0.1425 0.1425 0.3569 1 0
18 425 599 30 0 0 0 0 1.0007 0 -0.9711 -0.183 0.2198 0.2837 1.8614 0.9891 -0.1974 0.3646 0.5735 5.4841 0.7252 0.0067 0.6179 0.7664 4.1577 -0.0224 0.0224 0.7034 1 0
18 426 585 0 0 0 0 0 1.0005 0 0.5997 -0.0786 0.2177 0.2628 1.4589 0.9781 0.0749 0.2538 0.3106 3.3841 0.7344 0.0153 0.5872 0.7214 3.387 -0.0544 0.0544 0.4307 0 0
18 427 600 0 0 0 0 0 1.0007 0 0.8025 0.0853 0.1825 0.2293 1.2701 0.989 -0.0066 0.1251 0.1506 1.6233 0.8484 0.0059 0.4786 0.62 3.2695 0.062 0.062 0.3505 0 0
18 428 598 0 0 0 0 0 1.0004 0 0.9478 -0.1695 0.1695 0.19 1.2031 0.9972 0.1579 0.2733 0.3173 2.6206 0.8199 0.1887 0.5531 0.7018 3.3716 0.0468 0.0468 0.3737 0 0
18 429 599 15 0 0 0 0 1.0014 0 0.1388 -0.3768 0.3768 0.4186 1.253 0.9859 -0.6707 0.8308 1.1015 6.6221 0.7504 -0.047 0.6046 0.7595 4.1432 0.1161 0.1161 0.4586 1 0
18 430 769 6 0 0 0 0 1.0008 0 0.9132 -0.2024 0.2024 0.2063 1.2188 0.9866 0.0107 0.4777 0.5749 5.1835 0.6317 -0.1245 0.6806 0.8526 4.1038 0.0683 0.0683 0.5592 1 0
18 431 1133 38 0 0 0 0 1.0004 0 0.9968 -0.2772 0.2772 0.2821 1.104 0.997 0.6909 0.6909 0.7976 3.2572 0.794 0.7003 0.832 1.0368 4.0369 0.2513 0.2513 0.312 1 0
18 432 594 1 0 0 0 0 1.0002 0 -0.3422 -0.2346 0.4579 0.4939 1.0807 0.9687 0.1781 0.3749 0.4468 2.5549 0.7974 -0.036 0.5309 0.6725 3.4536 0.0257 0.0257 0.4278 1 0
18 433 590 0 0 0 0 0 1.0007 0 0.9532 0.0327 0.3017 0.3493 1.6442 0.9691 -0.0197 0.2282 0.3158 3.3339 0.8128 0.1892 0.579 0.7224 3.2152 -0.0562 0.0562 0.3929 0 0
18 434 586 5 0 0 0 0 1.0064 0 -0.8949 -0.0415 0.5353 0.6063 3.223 0.9566 -0.797 0.8057 1.0683 9.6818 0.6034 -0.082 0.7349 0.9432 3.8117 -0.2226 0.2226 0.7292 1 0
18 435 584 0 0 0 0 0 1.0003 0 -0.7021 0.0733 0.1948 0.2069 1.2778 0.981 -0.2334 0.2955 0.3185 1.4916 0.8039 -0.2823 0.6492 0.7988 3.4882 -0.0448 0.0448 0.4675 0 0
18 436 604 0 0 0 0 0 1.0006 0 0.9902 -0.1306 0.1306 0.1556 1.2641 0.9437 -0.0933 0.4459 0.6043 3.8084 0.8253 -0.1366 0.5673 0.7032 3.6598 0.0569 0.0569 0.3728 0 0
18 437 594 0 0 0 0 0 1.0004 0 0.1633 0.0274 0.2248 0.2409 1.0926 0.9907 0.0904 0.1771 0.2599 3.6703 0.7468 -0.0208 0.6438 0.7837 3.6716 0.1144 0.1144 0.3653 0 0
18 438 590 0 0 0 0 0 1.0004 0 0.3519 0.0117 0.1339 0.1403 1.308 0.9787 0.0345 0.1976 0.2295 2.2634 0.7597 0.0831 0.5741 0.7058 3.3641 -0.0683 0.0683 0.4542 0 0
18 439 586 25 0 0 0 0 1.0008 0 0.7861 -0.1382 0.1382 0.1606 1.3998 0.9952 -0.0427 0.303 0.3553 5.2926 0.7614 -0.0267 0.6207 0.7612 4.1405 0.0035 0.0035 0.6116 1 0
18 440 596 3 0 0 0 0 1.0004 0 0.7662 0.0847 0.0847 0.1112 1.1043 0.9971 -0.3115 0.3115 0.3285 2.644 0.7474 -0.3575 0.6883 0.8542 3.7142 0.119 0.119 0.3772 1 0
18 441 592 32 0 0 0 0 1.0004 0 0.9988 -0.0691 0.0691 0.0697 1.1137 0.9955 0.3439 0.363 0.4173 2.905 0.7209 0.3566 0.6855 0.828 3.8418 0.0105 0.0105 0.5571 1 0
18 442 636 0 0 0 0 0 1.0006 0 0.3927 -0.104 0.2839 0.3296 1.0796 0.9798 -0.0072 0.2695 0.3456 3.041 0.8069 0.0283 0.5939 0.7127 3.8028 0.1658 0.1658 0.3381 0 0
18 443 581 0 0 0 0 0 1.001 0 0.9204 0.0205 0.3159 0.3467 1.9728 0.9857 -0.0113 0.5122 0.659 6.3775 0.7253 0.0824 0.6156 0.7993 3.7045 0.0037 0.0037 0.4617 0 0
18 444 595 1 0 0 0 0 1.0004 0 0.995 0.12 0.12 0.1388 1.172 0.9943 -0.2125 0.2125 0.2471 1.7857 0.8194 -0.1691 0.5608 0.7059 3.5211 0.0771 0.0771 0.3888 1 0
18 445 824 1796 0 0 0 0 1.0042 0 -0.0679 -0.3723 0.3723 0.5033 1.1591 0.9606 -0.7011 0.8743 1.6262 15.3782 0.705 -0.5548 0.7955 0.9774 5.6379 0.1572 0.1572 0.5647 1 0
18 446 614 1 0 0 0 0 1.0002 0 0.5518 -0.1884 0.2414 0.3154 1.4508 0.9864 0.0872 0.3059 0.4643 3.6303 0.7169 -0.0459 0.5684 0.7013 3.7008 -0.0539 0.0539 0.5525 1 0
18 447 579 13 0 0 0 0 1.0003 0 0.2735 0.0413 0.1771 0.1876 1.3529 0.9599 -0.0884 0.3048 0.4208 5.3087 0.6777 0.1449 0.6419 0.7887 3.9751 -0.1118 0.1118 0.6694 1 0
18 448 1880 255 0 0 0 0 1.0007 0 0.9667 -0.2239 0.2239 0.2273 1.0993 0.995 -0.699 0.699 0.7375 3.08 0.7575 -0.9906 1.0971 1.3115 4.8555 0.3229 0.3229 0.3155 1 0
18 449 593 1 0 0 0 0 1.0006 0 0.2093 -0.0084 0.3299 0.36 1.7965 0.969 -0.0816 0.3606 0.4998 6.5875 0.7465 0.2548 0.6113 0.7579 3.5039 -0.0235 0.0235 0.4769 1 0
18 450 600 1 0 0 0 0 1.0012 0 0.0316 -0.1179 0.2221 0.273 1.3254 0.9759 -0.0829 0.3661 0.4942 3.6226 0.7249 -0.008 0.6337 0.8057 4.2471 0.0777 0.0777 0.4653 1 0
18 451 617 39 0 0 0 0 1.0007 0 0.9991 -0.15 0.15 0.1528 1.0604 0.9772 -0.1411 0.4411 0.5245 5.4257 0.7276 0.1956 0.6996 0.8664 4.3278 0.1742 0.1742 0.4242 1 0
18 452 584 0 0 0 0 0 1.0004 0 0.9988 0.0094 0.2841 0.3091 1.3041 0.9945 0.27 0.2951 0.339 1.8378 0.7982 0.4747 0.7005 0.8622 3.3314 -0.0395 0.0395 0.4664 0 0
18 453 587 0 0 0 0 0 1.0003 0 0.5491 0.3095 0.3095 0.3902 1.6749 0.9733 -0.2268 0.2665 0.3256 1.1172 0.8029 -0.1385 0.6185 0.7559 3.3091 0.0148 0.0148 0.3624 0 0
18 454 593 0 0 0 0 0 1.0007 0 0.7438 0.1305 0.2655 0.3568 2.3312 0.9772 -0.0906 0.3029 0.3579 5.0582 0.7108 0.0501 0.6222 0.768 3.6007 -0.2241 0.2241 0.5791 0 0
18 455 588 0 0 0 0 0 1.0004 0 0.0489 0.0757 0.2009 0.227 1.6506 0.9873 -0.0423 0.1642 0.1934 2.0025 0.7386 -0.0263 0.5582 0.7275 3.4078 -0.0639 0.0639 0.4263 0 0
18 456 581 0 0 0 0 0 1.0003 0 0.9757 0.2801 0.2801 0.2813 1.5354 0.9915 -0.2272 0.2361 0.3473 1.803 0.7616 -0.1377 0.6289 0.7965 3.6043 -0.0227 0.0227 0.4906 0 0
18 457 613 18 0 0 0 0 1.0006 0 -0.3478 4e-04 0.1848 0.2167 1.4742 0.9756 0.0532 0.2382 0.3377 4.8431 0.7018 -0.0603 0.5791 0.7328 4.0327 0.0378 0.0378 0.5948 1 0
18 458 589 2 0 0 0 0 1.0003 0 -0.9206 -0.0522 0.1493 0.1509 1.0437 0.9924 -0.1056 0.2108 0.2502 3.4012 0.7558 -0.0964 0.6396 0.7824 3.826 0.0917 0.0917 0.4311 1 0
18 459 593 0 0 0 0 0 1.0006 0 -0.6433 7e-04 0.1435 0.1536 1.1791 0.9883 0.0983 0.1763 0.203 2.5021 0.7373 0.1235 0.6404 0.8325 3.6732 -0.0055 0.0055 0.5092 0 0
18 460 756 70 0 0 0 0 1.0007 0 0.9994 -0.245 0.245 0.2597 1.0629 0.9665 0.0467 0.3284 0.4046 2.9571 0.7508 0.357 0.6552 0.8273 4.3994 0.1752 0.1752 0.4196 1 0
18 461 588 0 0 0 0 0 1.0003 0 0.8677 0.1703 0.2411 0.2683 1.8276 0.8994 -0.3039 0.4004 0.4939 2.9614 0.8072 -0.2973 0.6043 0.752 3.2816 -0.049 0.049 0.4548 0 0
18 462 582 0 0 0 0 0 1.0007 0 0.6138 -0.2201 0.3024 0.3408 1.3458 0.9814 -0.5002 0.6232 0.9262 10.2408 0.6951 0.0254 0.5829 0.7426 3.6557 -0.0438 0.0438 0.4999 0 0
18 463 601 8 0 0 0 0 1.0005 0 0.4271 -0.1677 0.1677 0.206 1.0536 0.9934 0.2175 0.2477 0.3161 2.5557 0.7751 0.2248 0.6257 0.7729 3.9601 0.1518 0.1518 0.4081 1 0
18 464 590 12 0 0 0 0 1.0015 0 -0.3725 0.0067 0.2373 0.2902 1.7192 0.9891 -0.4295 0.5212 0.6932 5.637 0.747 -0.297 0.7066 0.8797 3.9595 -0.0453 0.0453 0.7249 1 0
18 465 577 9 0 0 0 0 1.0005 0 0.8993 0.1115 0.2023 0.2783 1.7112 0.9959 -0.3526 0.3526 0.3786 3.382 0.7033 -0.2678 0.6639 0.8471 3.5286 -0.0597 0.0597 0.5396 1 0
18 466 591 0 0 0 0 0 1.0004 0 0.8385 -0.0993 0.2581 0.2693 1.488 0.9836 -0.0453 0.2846 0.3287 3.0321 0.7827 -0.0654 0.5717 0.7451 3.4818 -0.0668 0.0668 0.4945 0 0
18 467 575 0 0 0 0 0 1.0003 0 0.4481 0.0345 0.2434 0.25 1.355 0.9934 0.2425 0.2634 0.2902 1.9219 0.8142 0.1624 0.5607 0.715 3.3905 0.0261 0.0261 0.3965 0 0
18 468 595 0 0 0 0 0 1.0005 0 0.7536 -0.2289 0.2455 0.3022 1.2371 0.9959 -0.2505 0.3547 0.415 3.2233 0.8109 -0.3132 0.5834 0.7123 3.5862 0.0196 0.0196 0.4027 0 0
18 469 583 0 0 0 0 0 1.0003 0 0.5818 0.0712 0.2938 0.3579 2.2197 0.9071 -0.056 0.2574 0.3688 2.3668 0.8051 -0.0235 0.4943 0.6292 3.2558 -0.1097 0.1097 0.4349 0 0
18 470 614 1 0 0 0 0 1.0003 0 0.7354 -0.1797 0.331 0.3708 0.9101 0.9891 0.187 0.2374 0.2615 1.3724 0.836 0.1978 0.5534 0.6864 3.9522 0.1764 0.1764 0.3175 1 0
18 471 584 3 0 0 0 0 1.0008 0 0.6113 -0.0357 0.3187 0.3552 1.9528 0.974 -0.5428 0.6681 1.011 8.9532 0.7698 -0.0963 0.5975 0.7304 3.7031 0.0021 0.0021 0.4903 1 0
18 472 584 0 0 0 0 0 1.0003 0 0.9974 0.0475 0.0475 0.0521 1.3711 0.997 0.0327 0.1315 0.1786 1.8328 0.8248 0.0245 0.5651 0.7101 3.1491 -0.1137 0.1137 0.4332 0 0
18 473 616 0 0 0 0 0 1.001 0 0.9864 -0.1159 0.1159 0.1257 1.1666 0.9801 0.029 0.268 0.3179 2.807 0.815 -0.0361 0.563 0.6897 3.896 0.1178 0.1178 0.3651 0 0
18 474 587 0 0 0 0 0 1.0006 0 0.9637 -0.0938 0.0938 0.098 1.0218 0.9963 0.087 0.1065 0.1511 2.3636 0.7544 0.1629 0.5531 0.716 3.4652 0.0397 0.0397 0.4017 0 0
18 475 582 10 0 0 0 0 1.0004 0 -0.9998 -0.1541 0.2149 0.2423 1.3554 0.9946 0.194 0.3108 0.4168 4.7894 0.7741 0.2637 0.6005 0.752 3.734 -0.0998 0.0998 0.6214 1 0
18 476 588 0 0 0 0 0 1.0002 0 0.921 0.1547 0.1547 0.1826 1.528 0.9962 0.0781 0.3051 0.3451 3.3392 0.7659 0.2757 0.6677 0.8362 3.6227 0.002 0.002 0.4998 0 0
18 477 585 0 0 0 0 0 1.0009 0 0.993 -0.0276 0.2043 0.2357 1.7679 0.9425 -0.0318 0.3245 0.5083 4.3318 0.7521 0.0585 0.6365 0.7992 3.5814 -0.2273 0.2273 0.6722 0 0
18 478 591 15 0 0 0 0 1.0009 0 -0.9878 -0.0221 0.183 0.2102 1.1412 0.9801 -0.3013 0.3013 0.3628 2.5504 0.7497 -0.2267 0.6551 0.8183 4.0267 0.1088 0.1088 0.4364 1 0
18 479 591 0 0 0 0 0 1.0011 0 -0.3278 -0.0044 0.3287 0.3509 1.2882 0.9859 0.0701 0.2098 0.248 2.8699 0.8086 0.0456 0.5565 0.6982 3.2954 -0.0519 0.0519 0.4181 0 0
18 480 590 0 0 0 0 0 1.0004 0 0.9997 -0.0193 0.0281 0.0363 1.1426 0.9937 0.2033 0.2105 0.2376 2.0954 0.8204 0.1729 0.5576 0.7125 3.4748 -0.065 0.065 0.4266 0 0
18 481 596 0 0 0 0 0 1.0006 0 0.1336 -0.1753 0.4434 0.4743 1.5942 0.9881 0.2049 0.2515 0.3253 1.7806 0.8575 0.0079 0.4361 0.5725 3.1514 0.021 0.021 0.3353 0 0
18 482 610 0 0 0 0 0 1.0002 0 0.8387 -0.0404 0.1772 0.1793 1.2404 0.9834 0.4304 0.4304 0.4994 2.821 0.7975 0.2248 0.5884 0.7275 3.4657 -0.0217 0.0217 0.4451 0 0
18 483 594 1 0 0 0 0 1.0006 0 0.496 0.0808 0.3465 0.4265 1.693 0.9645 -0.3178 0.3178 0.3869 1.4956 0.8285 -0.1731 0.5398 0.6827 3.1868 -0.033 0.033 0.4135 1 0
18 484 571 17 0 0 0 0 1.0002 0 -0.1224 -0.1345 0.317 0.3324 1.2724 0.9863 0.2112 0.2926 0.3479 3.63 0.7087 -0.1271 0.6679 0.8179 3.9776 0.075 0.075 0.4949 1 0
18 485 781 155 0 0 0 0 1.001 0 0.9617 -0.2372 0.2695 0.3984 1.0933 0.9839 0.0017 0.4604 0.6168 5.9425 0.7043 -0.0909 0.6387 0.7921 5.1094 0.1175 0.1175 0.5941 1 0
18 486 770 515 0 0 0 0 1.001 0 0.4664 -0.0038 0.0489 0.0509 1.301 0.9913 -0.2539 0.2646 0.3485 3.9367 0.7731 -0.2099 0.6019 0.7749 4.2969 0.1282 0.1282 0.4954 1 0
18 487 567 6 0 0 0 0 1.0003 0 0.4306 0.0307 0.3122 0.3787 1.8604 0.9414 -0.261 0.5212 0.6269 8.0088 0.6429 0.1004 0.6702 0.8297 3.5844 -0.1351 0.1351 0.5763 1 0
18 488 604 0 0 0 0 0 1.0001 0 0.8384 -0.0014 0.1332 0.1467 1.1167 0.9891 -0.0139 0.1325 0.1709 2.2587 0.7436 0.1545 0.6084 0.7695 3.4549 0.0572 0.0572 0.4038 0 0
18 489 589 0 0 0 0 0 1.0006 0 0.3317 0.1833 0.3096 0.4344 2.2057 0.9861 -0.0243 0.1495 0.1675 2.2963 0.7596 0.079 0.6389 0.7905 3.3429 -0.0788 0.0788 0.4594 0 0
18 490 697 6 0 0 0 0 1.001 0 0.9952 -0.1293 0.1406 0.2339 1.3049 0.9957 -0.2277 0.2277 0.3038 4.3333 0.7989 -0.0849 0.4896 0.6179 3.6225 -0.0251 0.0251 0.4928 1 0
18 491 615 0 0 0 0 0 1.0007 0 0.9914 -0.1561 0.1839 0.2125 1.7531 0.9913 -0.0684 0.2332 0.3296 3.4235 0.8223 -0.0789 0.5381 0.7022 3.3532 -0.0344 0.0344 0.4595 0 0
18 492 590 0 0 0 0 0 1.0005 0 0.99 0.058 0.0936 0.1311 1.7697 0.9888 0.1063 0.2025 0.2518 5.0319 0.6718 0.1387 0.7047 0.9017 3.6995 -0.1016 0.1016 0.6013 0 0
18 493 598 0 0 0 0 0 1.0003 0 0.6484 -0.033 0.2109 0.2382 1.3645 0.991 -0.0503 0.1263 0.1504 2.0439 0.7888 -0.0454 0.5435 0.6899 3.4652 -0.0391 0.0391 0.4656 0 0
18 494 581 0 0 0 0 0 1.0008 0 0.6419 -0.0252 0.1092 0.1253 1.6411 0.9889 -0.1068 0.2312 0.2849 5.1776 0.7179 -0.1557 0.5723 0.756 3.8822 -0.1586 0.1586 0.746 0 0
18 495 574 0 0 0 0 0 1.0003 0 0.7416 0.0363 0.2238 0.2467 1.2695 0.9915 -0.3351 0.3351 0.3933 2.6138 0.7985 -0.3199 0.6067 0.7689 3.318 -0.0631 0.0631 0.4907 0 0
18 496 593 0 0 0 0 0 1.0003 0 0.9201 0.0502 0.1031 0.1068 1.1322 0.9915 -0.3812 0.3812 0.4033 1.6793 0.8431 -0.4019 0.5989 0.749 3.4226 0.0522 0.0522 0.3704 0 0
18 497 584 0 0 0 0 0 1.0012 0 0.9645 0.0704 0.0704 0.104 1.418 0.9826 0.1435 0.2321 0.2926 2.1081 0.7708 0.1808 0.6185 0.7568 3.3407 -0.2008 0.2008 0.4868 0 0
18 498 600 0 0 0 0 0 1.0006 0 0.9994 -0.0288 0.0382 0.0513 1.2521 0.9736 0.0834 0.2701 0.3386 2.8677 0.8255 0.2064 0.5482 0.6973 3.4278 -0.008 0.008 0.419 0 0
18 499 1000 106 0 0 0 0 1.0011 0 -0.3153 -0.1365 0.2015 0.2883 1.0157 0.9666 0.2692 0.4388 0.4697 3.2245 0.7648 0.3871 0.7101 0.8915 4.2078 0.2112 0.2112 0.3647 1 0
18 500 593 2 0 0 0 0 1.0002 0 0.8749 -0.1036 0.1036 0.1436 1.2355 0.9902 -0.3945 0.3986 0.4733 2.9113 0.7383 -0.313 0.6356 0.8019 3.8471 0.0675 0.0675 0.4674 1 0
