cond r run.time ndiv nbfmi ntree nbulk ntail maxRhat nRhat alpha.cor alpha.bias alpha.abbias alpha.rmse alpha.CI beta.cor beta.bias beta.abbias beta.rmse beta.CI theta.cor theta.bias theta.abbias theta.rmse theta.CI lambda.bias lambda.abbias lambda.CI corrupt efficiency
44 1 1346 0 0 0 0 0 1.0011 0 0.4189 -0.1533 0.2411 0.3042 0.6811 0.9867 -0.0201 0.2186 0.2982 1.4647 0.7739 -0.0251 0.5589 0.7053 4.5549 0.0534 0.0534 0.2451 0 0
44 2 1282 0 0 0 0 0 1.0007 0 -0.9927 0.0903 0.1689 0.1862 0.8895 0.9957 0.096 0.108 0.1402 1.1591 0.7654 0.0329 0.5847 0.7525 4.2954 -0.0719 0.0719 0.3312 0 0
44 3 1323 0 0 0 0 0 1.0003 0 0.9984 -0.0744 0.1816 0.2117 0.8799 0.9967 -0.0273 0.0909 0.11 1.4297 0.8172 -0.0594 0.5068 0.6553 4.4102 0.0104 0.0104 0.2677 0 0
44 4 1315 0 0 0 0 0 1.0006 0 0.5809 -0.0548 0.1023 0.1052 0.8749 0.9954 -0.0169 0.0786 0.1134 1.2276 0.7947 0.0027 0.5366 0.68 4.181 -0.0996 0.0996 0.2871 0 0
44 5 1287 0 0 0 0 0 1.0007 0 0.8785 0.0798 0.1446 0.1486 0.9841 0.9929 0.0443 0.1196 0.1508 1.854 0.6565 -0.0311 0.6747 0.852 4.2923 -0.0159 0.0159 0.3536 0 0
44 6 1225 0 0 0 0 0 1.0006 0 0.8466 0.0115 0.0732 0.0764 1.1054 0.9963 -0.0735 0.1633 0.1761 2.9847 0.6704 -0.0107 0.7261 0.9108 4.3652 -0.1546 0.1546 0.5469 0 0
44 7 1231 0 0 0 0 0 1.0012 0 0.9999 0.1571 0.1571 0.2009 1.3793 0.9938 -0.1179 0.1225 0.1528 1.5736 0.6815 -0.1357 0.6911 0.8859 4.2929 -0.0833 0.0833 0.331 0 0
44 8 1297 0 0 0 0 0 1.0007 0 -0.4113 0.0716 0.2389 0.296 0.972 0.9929 -0.0782 0.1406 0.1657 1.9056 0.7054 -0.1024 0.6399 0.8153 4.4588 1e-04 1e-04 0.2924 0 0
44 9 1282 0 0 0 0 0 1.0005 0 0.985 0.0279 0.0428 0.0581 0.8626 0.9922 -0.0904 0.0933 0.1519 1.3007 0.7419 -0.1231 0.5856 0.7616 4.3935 -0.0324 0.0324 0.2676 0 0
44 10 1279 0 0 0 0 0 1.001 0 0.9114 0.0488 0.0747 0.0937 0.9047 0.9972 -0.108 0.1676 0.2213 1.3822 0.7491 -0.0927 0.5969 0.764 4.4356 -0.0432 0.0432 0.3109 0 0
44 11 1341 0 0 0 0 0 1.0004 0 0.9365 0.1627 0.1627 0.1985 0.8281 0.9974 -0.0483 0.1234 0.136 1.0486 0.7257 -0.1473 0.6393 0.8221 4.4029 3e-04 3e-04 0.2581 0 0
44 12 1287 0 0 0 0 0 1.0002 0 0.6227 0.078 0.2788 0.3153 1.5153 0.9854 -0.159 0.2013 0.2882 2.0683 0.7423 -0.0776 0.6808 0.8587 4.352 -0.059 0.059 0.3167 0 0
44 13 1325 0 0 0 0 0 1.0003 0 0.9312 -0.0829 0.0829 0.0929 0.8552 0.9992 -0.207 0.207 0.2251 1.418 0.7846 -0.2568 0.6309 0.8075 4.5438 0.0904 0.0904 0.2258 0 0
44 14 1300 0 0 0 0 0 1.0009 0 0.9515 -0.1127 0.1156 0.1714 0.7969 0.9801 0.1515 0.1995 0.2759 2.4146 0.6773 0.0117 0.6817 0.8608 4.6012 0.0444 0.0444 0.4269 0 0
44 15 1344 0 0 0 0 0 1.0008 0 -0.1324 -0.1001 0.2175 0.2261 0.8518 0.9922 0.012 0.1515 0.1761 1.698 0.7749 0.0879 0.5932 0.7425 4.4264 0.0159 0.0159 0.3066 0 0
44 16 1317 0 0 0 0 0 1.0012 0 0.8339 0.0634 0.1387 0.179 0.9679 0.9899 -0.1234 0.1669 0.224 1.6021 0.7562 -0.0265 0.6518 0.8063 4.2656 0.0061 0.0061 0.3116 0 0
44 17 1276 0 0 0 0 0 1.0011 0 0.8199 0.1285 0.1285 0.1836 1.106 0.9985 -0.0535 0.2075 0.2426 1.4598 0.7643 -0.0676 0.6358 0.8019 4.1203 -0.1424 0.1424 0.3421 0 0
44 18 1225 0 0 0 0 0 1.001 0 0.9953 -0.0998 0.0998 0.1031 0.9068 0.9978 -0.1321 0.1548 0.1949 2.2341 0.7446 -0.104 0.6109 0.7653 4.3323 -0.0115 0.0115 0.3057 0 0
44 19 1273 0 0 0 0 0 1.0004 0 0.0412 -0.0584 0.0782 0.0927 0.9576 0.9944 0.1322 0.1805 0.2395 2.7588 0.6386 -0.0104 0.6516 0.8283 4.3333 -0.1183 0.1183 0.5577 0 0
44 20 1274 0 0 0 0 0 1.0016 0 -0.8367 -0.0664 0.3307 0.3506 1.375 0.9953 0.4032 0.6848 0.9009 5.5576 0.6293 0.1159 0.6822 0.8579 4.3509 -0.0655 0.0655 0.4012 0 0
44 21 1307 0 0 0 0 0 1.0005 0 0.9992 -0.0857 0.0857 0.0874 0.9124 0.9862 0.0189 0.3891 0.5087 6.5279 0.6989 -0.1265 0.6344 0.8099 4.5811 0.0381 0.0381 0.373 0 0
44 22 1284 0 0 0 0 0 1.0003 0 0.8848 -0.1971 0.1971 0.2176 0.8846 0.9864 0.0896 0.2325 0.3532 3.2292 0.7208 -0.1113 0.651 0.8395 4.5743 0.0214 0.0214 0.4932 0 0
44 23 1327 0 0 0 0 0 1.0003 0 0.2268 0.0899 0.1149 0.1294 0.8359 0.9982 0.0852 0.1021 0.1381 1.4714 0.7677 0.0014 0.584 0.728 4.4642 0.0214 0.0214 0.2806 0 0
44 24 1239 0 0 0 0 0 1.0011 0 0.6864 -0.1887 0.1887 0.2105 0.8175 0.9897 0.2644 0.3266 0.5367 4.6251 0.6401 0.1062 0.6707 0.8432 4.9713 0.0715 0.0715 0.422 0 0
44 25 1318 0 0 0 0 0 1.0006 0 -0.4432 -0.2076 0.2734 0.3189 0.7694 0.9855 -0.0928 0.2245 0.3358 1.9102 0.6851 -0.0487 0.6269 0.7943 4.4353 0.031 0.031 0.3169 0 0
44 26 1298 0 0 0 0 0 1.0021 0 -0.9894 -0.0713 0.2829 0.3383 1.1922 0.994 0.176 0.2431 0.3414 3.4123 0.6889 0.0428 0.654 0.8396 4.2961 -0.0957 0.0957 0.3509 0 0
44 27 1332 0 0 0 0 0 1.0005 0 0.8795 0.0576 0.0765 0.1163 0.9611 0.9965 0.0963 0.1079 0.1262 1.1753 0.7729 -0.0226 0.6012 0.7684 4.0984 -0.1398 0.1398 0.3329 0 0
44 28 1292 0 0 0 0 0 1.0008 0 0.9268 -0.2121 0.2121 0.2268 0.7394 0.9984 0.1068 0.3254 0.3913 2.9054 0.6654 0.2204 0.6401 0.8195 4.6803 0.0828 0.0828 0.315 0 0
44 29 1315 0 0 0 0 0 1.0003 0 0.9998 0.027 0.027 0.028 0.9517 0.9987 -0.1112 0.1149 0.1342 1.3307 0.752 -0.0705 0.5836 0.7566 4.7042 0.066 0.066 0.2682 0 0
44 30 1238 0 0 0 0 0 1.0011 0 0.2605 0.171 0.2766 0.3367 1.0407 0.9874 0.0474 0.2122 0.2589 2.0194 0.6982 0.0231 0.7091 0.8757 4.2553 -0.0432 0.0432 0.3439 0 0
44 31 1299 0 0 0 0 0 1.0003 0 -0.7582 -0.1295 0.2081 0.2177 0.9648 0.9968 0.3421 0.3421 0.4445 2.9288 0.6727 0.1238 0.6928 0.8817 4.4313 -0.0266 0.0266 0.3344 0 0
44 32 1242 0 0 0 0 0 1.0004 0 0.973 -0.0158 0.0829 0.093 0.9945 0.9948 0.0274 0.219 0.2566 2.4994 0.6153 -0.0385 0.7418 0.9209 4.6666 0.0839 0.0839 0.3456 0 0
44 33 1333 0 0 0 0 0 1.0004 0 0.9373 -0.099 0.099 0.1322 0.958 0.9986 -0.1838 0.2151 0.2331 2.4596 0.7427 -0.1384 0.6667 0.8438 4.5832 0.0808 0.0808 0.2793 0 0
44 34 1312 0 0 0 0 0 1.0006 0 0.9707 -0.0882 0.1135 0.1466 0.7062 0.997 0.0193 0.1132 0.1578 1.7515 0.7772 -0.0064 0.5754 0.7331 4.4859 0.0489 0.0489 0.2894 0 0
44 35 1320 0 0 0 0 0 1.0005 0 0.863 -0.1741 0.1741 0.1904 0.8086 0.9819 -0.092 0.3468 0.443 3.4287 0.6413 -0.0469 0.725 0.8964 4.7281 0.0819 0.0819 0.4187 0 0
44 36 1254 0 0 0 0 0 1.0003 0 0.9973 0.0736 0.1171 0.1235 0.9316 0.9949 -0.063 0.1075 0.1523 2.2767 0.7198 0.0509 0.669 0.8401 4.5245 0.0266 0.0266 0.3027 0 0
44 37 1281 0 0 0 0 0 1.0004 0 0.9939 -0.0115 0.0286 0.0367 0.9768 0.9931 0.0027 0.1094 0.194 3.0495 0.6769 0.0319 0.6924 0.8628 4.1902 -0.1712 0.1712 0.5664 0 0
44 38 1287 0 0 0 0 0 1.0013 0 0.9298 0.0188 0.0997 0.1069 1.1264 0.9942 0.1117 0.1222 0.1618 1.5134 0.7309 0.1081 0.6018 0.7738 4.2588 -0.0848 0.0848 0.3695 0 0
44 39 1274 0 0 0 0 0 1.0008 0 0.9692 0.0262 0.1506 0.1754 1.1217 0.9894 0.1839 0.2358 0.3475 4.2535 0.7237 -9e-04 0.6263 0.8104 4.3736 -0.0303 0.0303 0.2982 0 0
44 40 1302 0 0 0 0 0 1.0006 0 0.6924 0.0056 0.0853 0.0921 0.9256 0.9883 0.2616 0.292 0.321 1.4694 0.676 0.1604 0.658 0.8366 4.5881 0.0182 0.0182 0.3155 0 0
44 41 1270 0 0 0 0 0 1.0003 0 -0.1557 0.0519 0.1406 0.1411 0.8388 0.9883 0.1569 0.2135 0.2278 1.6187 0.6816 0.1635 0.6784 0.8517 4.31 -0.027 0.027 0.3022 0 0
44 42 1276 0 0 0 0 0 1.0018 0 -0.6428 -0.1321 0.2512 0.2615 1.0789 0.9854 -0.1931 0.4104 0.5456 4.1137 0.6904 -0.0387 0.65 0.8027 4.4738 -7e-04 7e-04 0.4032 0 0
44 43 1251 0 0 0 0 0 1.0008 0 0.9622 0.0802 0.0802 0.1085 0.8882 0.9968 -0.2056 0.2056 0.2381 1.5442 0.6299 -0.1438 0.7072 0.8954 4.3604 -0.0195 0.0195 0.3399 0 0
44 44 1441 0 0 0 0 0 1.0012 0 0.9189 -0.2761 0.4129 0.53 0.8001 0.9918 0.0136 0.1495 0.1759 1.2877 0.795 0.157 0.5847 0.74 4.6414 0.1185 0.1185 0.2414 0 0
44 45 1336 0 0 0 0 0 1.0007 0 -0.5071 0.0949 0.1532 0.1694 0.8147 0.9922 -0.056 0.1959 0.2309 1.9403 0.713 -0.0507 0.6056 0.7799 4.1945 -0.0435 0.0435 0.3002 0 0
44 46 1254 0 0 0 0 0 1.0019 0 -0.9774 0.0076 0.1985 0.2193 1.3124 0.9659 0.2019 0.2139 0.3766 3.6581 0.6034 0.1559 0.6969 0.8936 4.189 -0.1831 0.1831 0.478 0 0
44 47 1275 0 0 0 0 0 1.0008 0 0.5276 -0.2053 0.3076 0.3355 0.886 0.9891 0.0948 0.2223 0.2982 3.5292 0.7015 -0.0722 0.6454 0.8306 4.2348 -0.0245 0.0245 0.3347 0 0
44 48 1351 0 0 0 0 0 1.0009 0 0.9489 0.0938 0.1297 0.1404 1.0189 0.9942 0.0048 0.0729 0.0899 0.9209 0.7879 -0.018 0.5349 0.6872 4.322 0.0091 0.0091 0.2833 0 0
44 49 1235 0 0 0 0 0 1.0004 0 0.8302 -0.0051 0.1124 0.1296 1.0488 0.9841 0.0608 0.1411 0.1725 1.8047 0.7146 0.0851 0.6291 0.8074 4.6544 0.0327 0.0327 0.3411 0 0
44 50 1244 0 0 0 0 0 1.0009 0 0.891 0.0373 0.1068 0.12 1.0703 0.985 0.2158 0.2657 0.3276 2.1861 0.6787 0.0467 0.7096 0.8796 4.372 -0.0573 0.0573 0.3669 0 0
44 51 1320 0 0 0 0 0 1.0005 0 0.9835 0.1161 0.1388 0.1886 0.9756 0.9911 -0.144 0.1618 0.1923 1.375 0.7498 -0.1171 0.6367 0.7883 4.5218 0.0118 0.0118 0.3103 0 0
44 52 1317 0 0 0 0 0 1.0003 0 -0.8869 -0.1316 0.2453 0.2632 0.9998 0.9933 0.3333 0.3693 0.4772 3.1073 0.6954 0.0138 0.6314 0.8069 4.4449 0.054 0.054 0.3551 0 0
44 53 1254 0 0 0 0 0 1.0005 0 1 -0.1587 0.1587 0.1815 0.8036 0.9884 -0.2087 0.3465 0.5 3.5307 0.7119 5e-04 0.6182 0.7832 4.5281 0.0123 0.0123 0.3373 0 0
44 54 1386 0 0 0 0 0 1.0008 0 -0.6117 -0.1971 0.1971 0.2282 0.7121 0.994 -0.0795 0.1674 0.2641 2.3041 0.7582 0.0026 0.5907 0.7489 4.4771 0.038 0.038 0.3542 0 0
44 55 1655 351 0 0 0 0 1.0009 0 0.9905 -0.4464 0.4464 0.4767 0.6106 0.9957 0.2081 1.3381 1.6792 7.8561 0.4763 0.4259 1.0989 1.3722 7.1212 0.3431 0.3431 0.2661 1 0
44 56 1246 0 0 0 0 0 1.0008 0 0.5026 0.02 0.205 0.237 1.0955 0.987 -0.1555 0.2074 0.2433 2.2776 0.6692 -0.1265 0.7019 0.8819 4.2227 -0.0545 0.0545 0.3883 0 0
44 57 1303 1 0 0 0 0 1.0007 0 0.9888 -0.103 0.1082 0.1324 0.9584 0.9946 -0.1401 0.4014 0.5003 4.8 0.5791 -0.0083 0.7579 0.971 4.9507 0.0675 0.0675 0.4928 1 0
44 58 1527 0 0 0 0 0 1.0003 0 -0.2332 -0.1294 0.2612 0.2782 0.7561 0.9911 0.1026 0.2203 0.2595 2.0007 0.7702 0.2359 0.6212 0.7876 4.6984 0.1123 0.1123 0.2546 0 0
44 59 1296 0 0 0 0 0 1.0007 0 0.9671 -0.0931 0.0997 0.1459 0.8258 0.9982 -0.2149 0.2418 0.2934 3.0115 0.7727 -0.1099 0.551 0.7224 4.5008 0.0484 0.0484 0.3083 0 0
44 60 1524 0 0 0 0 0 1.0008 0 0.9685 -0.2154 0.2154 0.2438 1.1826 0.9946 0.0518 0.1452 0.2415 1.3771 0.8275 0.0205 0.5167 0.6555 4.5534 0.1122 0.1122 0.2247 0 0
44 61 1309 0 0 0 0 0 1.0005 0 0.2282 -0.013 0.1884 0.2196 1.288 0.9888 0.0775 0.2487 0.2752 2.9238 0.717 0.1686 0.6815 0.852 4.5378 -0.0089 0.0089 0.4015 0 0
44 62 1328 0 0 0 0 0 1.0003 0 0.9893 0.0125 0.0672 0.0683 1.179 0.9902 0.0109 0.1257 0.175 1.8516 0.7446 0.0167 0.6126 0.7715 4.4495 0.017 0.017 0.3083 0 0
44 63 1512 0 0 0 0 0 1.0009 0 0.8695 -0.1625 0.1964 0.2316 0.876 0.9978 -0.1742 0.2765 0.3993 3.2079 0.7773 0.0236 0.5835 0.7434 4.5991 0.1113 0.1113 0.2347 0 0
44 64 1283 0 0 0 0 0 1.0003 0 0.9014 0.0527 0.1151 0.1532 0.8305 0.9966 0.0462 0.0932 0.1276 1.0031 0.7766 0.111 0.5878 0.7561 4.3939 -0.0575 0.0575 0.2965 0 0
44 65 1332 0 0 0 0 0 1.0007 0 0.9959 0.1411 0.1411 0.1801 1.1053 0.9973 0.1202 0.1469 0.1692 1.3188 0.7466 0.1061 0.6162 0.7845 4.1478 -0.0551 0.0551 0.292 0 0
44 66 1319 0 0 0 0 0 1.0012 0 0.984 -0.0958 0.1466 0.1569 1.2171 0.9949 -0.1297 0.2178 0.2824 2.1449 0.7462 -0.0388 0.6197 0.8017 4.3229 0.0022 0.0022 0.3103 0 0
44 67 1281 0 0 0 0 0 1.0009 0 -0.3405 0.1457 0.3626 0.3671 1.2733 0.966 0.1182 0.2537 0.37 2.7422 0.6826 -0.0039 0.6571 0.8261 4.2542 -0.0958 0.0958 0.347 0 0
44 68 1877 0 0 0 0 0 1.0007 0 0.2503 -0.0949 0.124 0.1904 0.8001 0.9953 0.075 0.1542 0.238 1.5783 0.7552 0.0559 0.6223 0.7839 4.8763 0.1606 0.1606 0.2359 0 0
44 69 1304 0 0 0 0 0 1.0006 0 0.9885 -0.1422 0.1422 0.1487 1.0142 0.9881 0.1003 0.3199 0.3865 3.6915 0.6471 0.1351 0.7374 0.9132 4.7143 0.1117 0.1117 0.3547 0 0
44 70 1348 0 0 0 0 0 1.0004 0 0.8011 -0.0623 0.1451 0.185 0.9821 0.9928 -0.1727 0.2054 0.2238 1.8059 0.7772 -0.2218 0.6043 0.7726 4.3798 -0.0243 0.0243 0.2852 0 0
44 71 1271 0 0 0 0 0 1.0005 0 0.9932 -0.1008 0.1713 0.1875 0.9932 0.9891 -0.2314 0.2728 0.4135 3.4709 0.6611 0.0257 0.6926 0.8709 4.4775 0.0082 0.0082 0.4365 0 0
44 72 1269 0 0 0 0 0 1.0002 0 0.9692 -0.0062 0.0953 0.0996 0.8512 0.9958 0.0274 0.1365 0.1536 2.5414 0.6351 -0.0285 0.6807 0.8648 4.4225 -0.0246 0.0246 0.3752 0 0
44 73 1333 0 0 0 0 0 1.0006 0 0.8906 0.0754 0.0792 0.1304 0.8531 0.9937 -0.0507 0.1213 0.1463 1.6707 0.6845 -0.1202 0.7029 0.8823 4.5647 0.0821 0.0821 0.3019 0 0
44 74 1334 0 0 0 0 0 1.0003 0 0.7037 -0.0883 0.213 0.2155 0.8167 0.9905 -0.2093 0.2981 0.3463 1.6933 0.7481 -0.0871 0.6355 0.8077 4.5964 0.0974 0.0974 0.2671 0 0
44 75 1317 0 0 0 0 0 1.0006 0 0.8282 -0.036 0.1475 0.1598 0.9629 0.9887 -0.2372 0.2443 0.3479 2.1841 0.7291 -0.0348 0.6296 0.7978 4.6607 0.1086 0.1086 0.2767 0 0
44 76 1208 0 0 0 0 0 1.0016 0 -0.0799 -0.1172 0.4474 0.4734 1.6725 0.9921 -0.0801 0.2323 0.2928 2.9199 0.6737 0.0886 0.6289 0.7939 4.3175 -0.1267 0.1267 0.3874 0 0
44 77 1255 0 0 0 0 0 1.0006 0 0.9957 -0.1651 0.1651 0.1721 0.8504 0.9983 0.1106 0.263 0.3227 2.8826 0.6856 -0.0812 0.6306 0.8174 4.7101 0.0507 0.0507 0.4034 0 0
44 78 1296 0 0 0 0 0 1.0003 0 0.0994 0.0103 0.1375 0.1429 0.8051 0.989 -0.069 0.125 0.1733 1.0686 0.7244 0.0031 0.5842 0.7563 4.4065 -0.0073 0.0073 0.2911 0 0
44 79 1273 0 0 0 0 0 1.0007 0 0.9259 0.1024 0.1024 0.1169 0.8209 0.9972 -0.2118 0.2118 0.2341 2.1081 0.7281 -0.1761 0.6241 0.796 4.4166 0.0411 0.0411 0.3007 0 0
44 80 1316 0 0 0 0 0 1.0016 0 1 -0.1363 0.168 0.1887 1.1161 0.9938 -0.3233 0.3246 0.42 2.737 0.7599 -0.0379 0.6354 0.7792 4.396 0.0873 0.0873 0.2847 0 0
44 81 1349 0 0 0 0 0 1.0015 0 0.8139 0.1224 0.2613 0.2928 1.1431 0.9743 0.179 0.2446 0.3012 1.2938 0.7726 0.0497 0.5863 0.7595 4.1668 0.0521 0.0521 0.243 0 0
44 82 1317 0 0 0 0 0 1.0008 0 1 -0.0607 0.1077 0.1309 1.1136 0.9552 0.0102 0.2926 0.4238 2.6107 0.6989 0.0675 0.704 0.8914 4.2426 -0.1362 0.1362 0.4476 0 0
44 83 1310 0 0 0 0 0 1.0007 0 0.9626 0.0175 0.0477 0.0604 0.9298 0.9989 0.1253 0.1253 0.1394 1.8237 0.7494 0.1249 0.5904 0.7516 4.1346 -0.1318 0.1318 0.3635 0 0
44 84 1260 0 0 0 0 0 1.0008 0 -0.3854 0.005 0.2486 0.2729 1.0514 0.9735 -0.2843 0.3148 0.3709 1.5635 0.6327 -0.1198 0.6701 0.8386 4.4491 -0.0324 0.0324 0.3639 0 0
44 85 1327 0 0 0 0 0 1.0005 0 0.9959 -0.0405 0.0953 0.1119 0.8938 0.9868 0.0845 0.1746 0.2495 3.192 0.7271 -0.0902 0.609 0.794 4.5311 -0.0039 0.0039 0.3486 0 0
44 86 1259 0 0 0 0 0 1.0006 0 0.7195 0.078 0.0995 0.1245 0.7584 0.9955 0.1006 0.1347 0.1609 1.2713 0.745 0.0532 0.6852 0.8542 4.6033 0.0729 0.0729 0.292 0 0
44 87 1321 0 0 0 0 0 1.0015 0 0.91 -0.0414 0.1168 0.141 1.0733 0.9948 0.0477 0.1553 0.2073 2.5582 0.7446 -0.1782 0.6526 0.8245 4.5382 0.0128 0.0128 0.3227 0 0
44 88 1326 0 0 0 0 0 1.0008 0 0.454 -0.1278 0.1846 0.2161 0.9401 0.9961 -0.0265 0.1631 0.2558 2.5764 0.7173 -0.1165 0.6309 0.8071 4.7333 0.0941 0.0941 0.3187 0 0
44 89 1256 0 0 0 0 0 1.0007 0 -0.6101 -0.0931 0.2386 0.2723 1.1133 0.9469 -0.1558 0.6726 1.0172 6.5963 0.6029 0.0316 0.7128 0.8971 4.8107 0.0816 0.0816 0.4429 0 0
44 90 1310 0 0 0 0 0 1.0006 0 0.9665 -0.0404 0.0748 0.0904 0.8799 0.9953 0.0986 0.1046 0.1646 1.2174 0.7682 0.1155 0.5967 0.7574 4.4725 0.0633 0.0633 0.2683 0 0
44 91 1304 0 0 0 0 0 1.0004 0 0.9905 -0.0209 0.0906 0.1007 1.3048 0.9988 0.0504 0.0614 0.0789 1.7478 0.8145 0.0026 0.5114 0.6596 4.2029 -0.045 0.045 0.2517 0 0
44 92 1283 0 0 0 0 0 1.0002 0 0.9985 0.036 0.0675 0.0762 1.276 0.9985 -0.1142 0.1145 0.1424 1.6119 0.7363 0.0779 0.6216 0.7879 4.3069 -0.0362 0.0362 0.3195 0 0
44 93 1302 0 0 0 0 0 1.0004 0 0.9768 -0.3054 0.3054 0.3725 1.0231 0.9963 -0.276 0.4535 0.6715 4.2868 0.6956 -0.2087 0.6223 0.7832 4.5559 0.0674 0.0674 0.294 0 0
44 94 1301 0 0 0 0 0 1.0012 0 0.7973 -0.0723 0.1398 0.1794 0.9023 0.992 0.0406 0.1353 0.1763 3.4437 0.664 -0.0586 0.6793 0.8639 4.5801 0.09 0.09 0.3538 0 0
44 95 1382 0 0 0 0 0 1.0008 0 0.917 0.0408 0.1008 0.1012 1.0141 0.9963 -0.0545 0.0912 0.1078 0.9117 0.8208 0.0154 0.5494 0.7067 4.389 0.0383 0.0383 0.2525 0 0
44 96 1344 0 0 0 0 0 1.0006 0 0.0217 -0.1042 0.1527 0.1811 0.7125 0.9939 -0.1615 0.1734 0.2489 1.8286 0.7618 -0.127 0.6125 0.7904 4.6555 0.1107 0.1107 0.2918 0 0
44 97 1334 0 0 0 0 0 1.0005 0 1 -0.1837 0.1837 0.2212 0.8506 0.9959 0.1383 0.2152 0.2482 2.1365 0.7475 -0.0212 0.599 0.7412 4.6377 0.1001 0.1001 0.2811 0 0
44 98 1245 0 0 0 0 0 1.0005 0 0.8455 0.0927 0.1519 0.1594 1.0132 0.994 -0.1464 0.1561 0.1796 1.2867 0.7273 -0.135 0.673 0.8627 4.3721 -0.0258 0.0258 0.2802 0 0
44 99 1364 4 0 0 0 0 1.0007 0 0.9702 -0.3262 0.3262 0.3327 0.6322 0.9928 -0.3048 0.5716 0.6976 2.9484 0.6323 -0.0829 0.8131 1.0267 5.3062 0.2765 0.2765 0.2584 1 0
44 100 1357 0 0 0 0 0 1.0005 0 0.4678 -0.1343 0.2169 0.241 0.7729 0.9892 -0.0163 0.2783 0.3828 3.3569 0.7199 0.2346 0.6757 0.8479 4.5856 0.1026 0.1026 0.3101 0 0
44 101 1273 0 0 0 0 0 1.0004 0 0.2181 0.0312 0.0312 0.0433 0.8312 0.9975 0.0321 0.119 0.1272 1.3361 0.7405 0.0414 0.5925 0.755 4.162 -0.155 0.155 0.3546 0 0
44 102 1265 0 0 0 0 0 1.0014 0 0.7667 0.1366 0.1502 0.2413 1.4073 0.9823 0.023 0.1718 0.2308 3.1128 0.6258 -0.087 0.6898 0.8723 4.192 -0.1935 0.1935 0.4578 0 0
44 103 1263 1 0 0 0 0 1.0006 0 0.8784 -0.1983 0.1983 0.2369 1.0654 0.9976 -0.013 0.2755 0.3208 4.4545 0.6995 -0.1652 0.6334 0.8057 4.3976 -0.0409 0.0409 0.4124 1 0
44 104 1281 0 0 0 0 0 1.0007 0 1 0.0623 0.0623 0.0657 0.7724 0.9929 0.0462 0.1216 0.1438 1.3597 0.7273 0.0735 0.6446 0.8326 4.5184 0.0481 0.0481 0.3022 0 0
44 105 1293 0 0 0 0 0 1.0015 0 0.9197 0.0035 0.1349 0.1589 1.2914 0.9717 -0.1772 0.3748 0.4957 3.9959 0.6882 0.1469 0.6679 0.8337 4.4341 -0.0292 0.0292 0.3357 0 0
44 106 1278 0 0 0 0 0 1.0004 0 0.9736 -0.2273 0.2273 0.2627 0.7827 0.9988 0.2508 0.2562 0.3236 2.0429 0.7526 0.2287 0.629 0.7826 4.714 0.0633 0.0633 0.2948 0 0
44 107 1291 0 0 0 0 0 1.001 0 0.9501 0.0785 0.1033 0.1147 1.2799 0.9882 0.0042 0.1141 0.159 1.8545 0.7103 -0.0231 0.6428 0.8183 4.4804 -0.0352 0.0352 0.3883 0 0
44 108 1264 0 0 0 0 0 1.0006 0 0.9991 -0.0028 0.0384 0.0445 1.1184 0.9962 -0.162 0.1638 0.2065 2.3421 0.679 -0.1218 0.665 0.875 4.4398 -0.0137 0.0137 0.3794 0 0
44 109 1308 0 0 0 0 0 1.0002 0 0.9996 -0.1486 0.1486 0.1509 0.8728 0.9941 0.1345 0.1741 0.2406 1.6243 0.7826 0.1019 0.5494 0.6924 4.4605 0.1011 0.1011 0.2907 0 0
44 110 1330 0 0 0 0 0 1.0006 0 0.9968 -0.1387 0.1387 0.14 0.8533 0.9962 -0.1861 0.2622 0.3108 2.7652 0.7181 -0.2605 0.6439 0.8207 4.5997 0.0504 0.0504 0.3593 0 0
44 111 1318 0 0 0 0 0 1.0002 0 0.9999 -0.0625 0.0625 0.0645 1.1243 0.9962 0.0068 0.0896 0.1214 1.3205 0.7823 0.0322 0.5952 0.7493 4.5466 0.1043 0.1043 0.2536 0 0
44 112 1277 0 0 0 0 0 1.0009 0 0.9877 0.0759 0.0827 0.0979 1.3341 0.9972 0.0675 0.0777 0.099 1.3186 0.7433 0.0203 0.6259 0.8001 4.2167 -0.056 0.056 0.3304 0 0
44 113 1273 0 0 0 0 0 1.0026 0 0.2874 -0.0651 0.2629 0.2673 1.6507 0.9782 -0.5332 0.6067 0.8853 10.938 0.6644 0.0848 0.7049 0.8996 4.4158 -0.0732 0.0732 0.4803 0 0
44 114 1316 0 0 0 0 0 1.0005 0 -0.6149 -0.3044 0.3044 0.3759 0.7515 0.9868 0.0555 0.2069 0.2857 2.1909 0.7355 -0.0525 0.5934 0.7437 4.471 0.0254 0.0254 0.3313 0 0
44 115 1266 0 0 0 0 0 1.0007 0 -0.5295 -0.0478 0.1306 0.1309 0.8143 0.9885 0.0929 0.1732 0.2247 1.4601 0.6994 0.066 0.6603 0.8246 4.4161 -0.0307 0.0307 0.3299 0 0
44 116 1284 0 0 0 0 0 1.0006 0 -0.8345 -0.0139 0.1056 0.1233 0.9103 0.9983 -0.1188 0.1298 0.1715 2.0539 0.6599 -0.0727 0.6495 0.8152 4.2368 -0.1452 0.1452 0.3815 0 0
44 117 1295 0 0 0 0 0 1.0006 0 -0.4147 0.0845 0.1885 0.1905 0.841 0.9965 0.0847 0.1117 0.141 1.6975 0.7444 0.0659 0.6396 0.811 4.2856 -0.0601 0.0601 0.3097 0 0
44 118 1328 0 0 0 0 0 1.0005 0 0.9757 0.0675 0.0761 0.0923 0.8426 0.9922 -0.1422 0.1467 0.1885 1.4852 0.7661 -0.1551 0.6156 0.7829 4.4222 0.0286 0.0286 0.3099 0 0
44 119 1295 0 0 0 0 0 1.0004 0 0.965 -0.0012 0.0592 0.0717 1.0127 0.9956 -0.0941 0.1303 0.178 1.4476 0.7121 -0.1055 0.6097 0.8034 4.1968 -0.0428 0.0428 0.296 0 0
44 120 1240 0 0 0 0 0 1.0006 0 0.9509 0.0723 0.0723 0.0936 0.899 0.9843 0.1189 0.1712 0.2098 1.1426 0.7505 0.0048 0.6159 0.7904 4.3072 -0.0586 0.0586 0.3149 0 0
44 121 1279 0 0 0 0 0 1.0012 0 0.8502 0.206 0.2279 0.3103 1.1617 0.9758 -0.1292 0.2237 0.2695 1.2349 0.7018 -0.1061 0.6664 0.8512 4.4081 0.0271 0.0271 0.2542 0 0
44 122 1323 0 0 0 0 0 1.0008 0 0.9979 -0.0305 0.0541 0.0738 0.8365 0.9987 -0.0043 0.0801 0.1182 1.5249 0.7355 -0.012 0.6369 0.8103 4.2741 0.0516 0.0516 0.2818 0 0
44 123 1296 0 0 0 0 0 1.0022 0 0.7055 0.1303 0.2134 0.2228 0.9623 0.9882 0.193 0.2847 0.3226 1.9825 0.7018 0.0639 0.6183 0.7883 4.5243 0.0041 0.0041 0.3515 0 0
44 124 1259 0 0 0 0 0 1.001 0 -0.2231 0.047 0.0978 0.1036 0.8492 0.9896 0.1517 0.2969 0.3596 2.8899 0.663 -0.0681 0.6862 0.8528 4.522 0.0336 0.0336 0.4204 0 0
44 125 1301 0 0 0 0 0 1.0017 0 0.9936 -0.0175 0.1532 0.1738 1.5026 0.9821 -0.3223 0.3998 0.6553 6.0023 0.6986 0.0376 0.628 0.805 4.2056 -0.157 0.157 0.4183 0 0
44 126 1282 0 0 0 0 0 1.0006 0 0.7976 -0.0112 0.1777 0.1994 0.9085 0.9665 -0.5344 0.5344 0.8203 5.0392 0.6778 0.0138 0.7366 0.937 4.7705 0.0903 0.0903 0.3166 0 0
44 127 1306 0 0 0 0 0 1.0007 0 -0.3383 -0.1401 0.3004 0.3046 0.9017 0.9822 -0.1923 0.3331 0.4007 2.2304 0.7388 -0.0679 0.5783 0.7403 4.4253 0.0257 0.0257 0.3762 0 0
44 128 1313 0 0 0 0 0 1.0005 0 0.8692 -0.1286 0.1286 0.1655 0.8223 0.9931 0.0584 0.1535 0.1844 1.382 0.749 0.1226 0.5813 0.7369 4.4274 -0.0064 0.0064 0.3018 0 0
44 129 1255 0 0 0 0 0 1.0004 0 -0.8835 -0.1546 0.2614 0.291 0.9505 0.9974 0.1626 0.3166 0.4639 3.8449 0.648 -0.0952 0.68 0.8483 4.2905 -0.1222 0.1222 0.4607 0 0
44 130 1334 0 0 0 0 0 1.0009 0 0.9647 0.0022 0.1768 0.1884 1.1565 0.9928 0.0386 0.1679 0.1948 1.8375 0.7429 0.1209 0.5846 0.7522 4.3057 -0.0551 0.0551 0.2907 0 0
44 131 1252 0 0 0 0 0 1.0005 0 -0.6973 -0.1004 0.1624 0.2308 1.0602 0.9916 0.3638 0.3771 0.561 4.2497 0.6846 0.0042 0.6645 0.8216 4.5293 0.022 0.022 0.3549 0 0
44 132 1333 0 0 0 0 0 1.0008 0 0.4102 -0.126 0.126 0.1551 0.7749 0.9955 0.0598 0.1302 0.1855 1.4969 0.7078 -0.0737 0.6469 0.8253 4.5999 0.0883 0.0883 0.3184 0 0
44 133 1278 0 0 0 0 0 1.0013 0 0.9994 0.0733 0.1087 0.1425 1.2865 0.9971 0.058 0.0765 0.0951 1.393 0.7706 0.1013 0.5958 0.755 4.4198 -0.0031 0.0031 0.2703 0 0
44 134 1272 0 0 0 0 0 1.001 0 0.1401 -0.0156 0.0723 0.0903 0.7451 0.9972 -0.1035 0.1239 0.1533 1.984 0.682 -0.0245 0.6191 0.8062 4.424 0.0122 0.0122 0.3648 0 0
44 135 1339 0 0 0 0 0 1.0012 0 0.8233 -0.0992 0.0992 0.1411 0.8257 0.9888 0.063 0.1985 0.2468 2.0873 0.6781 0.0884 0.6342 0.7976 4.3037 0.0384 0.0384 0.3186 0 0
44 136 1449 0 0 0 0 0 1.0005 0 -0.0401 0.0929 0.4242 0.4314 1.0349 0.9927 0.071 0.1503 0.1807 1.5208 0.7938 0.1635 0.5886 0.7379 4.4623 0.0057 0.0057 0.2679 0 0
44 137 1327 0 0 0 0 0 1.0017 0 0.9871 -0.047 0.1087 0.1417 1.2223 0.9891 -0.3043 0.3235 0.5143 4.355 0.7599 -0.1 0.6 0.7534 4.3247 -0.0166 0.0166 0.3283 0 0
44 138 1261 0 0 0 0 0 1.0002 0 0.7753 -0.1987 0.2211 0.3319 1.0057 0.9951 0.0285 0.239 0.325 3.8113 0.712 0.0248 0.6116 0.7735 4.4106 -0.0258 0.0258 0.3316 0 0
44 139 1303 0 0 0 0 0 1.0006 0 0.9134 0.0065 0.0897 0.0949 1.2029 0.9982 -0.1181 0.1233 0.1469 2.1904 0.7189 0.052 0.6063 0.7882 4.2906 -0.0803 0.0803 0.3902 0 0
44 140 1275 0 0 0 0 0 1.0007 0 0.9827 -0.2119 0.2119 0.2324 1.4268 0.9907 -0.3462 0.4495 0.6745 5.1847 0.7089 -0.0901 0.5962 0.7509 4.2907 -0.093 0.093 0.3682 0 0
44 141 1310 0 0 0 0 0 1.0004 0 0.978 -0.2705 0.2705 0.2722 0.6857 0.9923 -0.1447 0.3218 0.3898 2.8095 0.6926 0.1587 0.7632 0.9231 5.1218 0.2028 0.2028 0.3098 0 0
44 142 1380 0 0 0 0 0 1.0005 0 0.9938 0.0324 0.0367 0.0571 1.0857 0.9809 0.0288 0.1877 0.214 1.9933 0.7759 0.1035 0.593 0.7721 4.5858 0.0295 0.0295 0.2885 0 0
44 143 1266 0 0 0 0 0 1.0004 0 0.4456 0.0339 0.2054 0.2122 1.066 0.9871 -0.1088 0.183 0.2123 1.7757 0.7037 0.0681 0.6726 0.8427 4.3298 -0.049 0.049 0.3663 0 0
44 144 1262 0 0 0 0 0 1.0008 0 0.9947 -0.0229 0.0458 0.0604 1.5586 0.9944 -0.0697 0.1898 0.2144 2.3681 0.71 -0.1259 0.6389 0.7972 4.5037 0.0178 0.0178 0.3596 0 0
44 145 1281 0 0 0 0 0 1.0004 0 -0.5617 -0.0899 0.2963 0.3 1.0437 0.9584 -0.2616 0.4689 0.5888 3.8226 0.6664 -0.0128 0.7291 0.8884 4.702 0.0815 0.0815 0.391 0 0
44 146 1339 0 0 0 0 0 1.0009 0 0.9381 -0.0704 0.2296 0.23 1.2745 0.9917 -0.065 0.1762 0.2224 1.4452 0.7483 0.1099 0.6028 0.7505 4.3395 -0.042 0.042 0.3057 0 0
44 147 1304 0 0 0 0 0 1.0006 0 0.9928 -0.1323 0.1323 0.2031 0.8374 0.9718 -0.2201 0.3507 0.6778 5.7861 0.7124 0.0687 0.676 0.844 4.9497 0.1371 0.1371 0.3111 0 0
44 148 1351 0 0 0 0 0 1.0005 0 0.5339 -0.3225 0.3225 0.3468 0.7265 0.9942 0.1144 0.5754 0.7606 3.2483 0.6812 0.231 0.7414 0.9326 5.0051 0.2337 0.2337 0.2438 0 0
44 149 1287 0 0 0 0 0 1.0002 0 0.9935 0.1682 0.2045 0.2715 1.647 0.9963 0.0324 0.0727 0.0872 1.3417 0.6808 -0.0088 0.6348 0.8162 4.255 -0.1254 0.1254 0.3441 0 0
44 150 1283 0 0 0 0 0 1.0007 0 0.9993 0.0724 0.0724 0.0727 1.037 0.9982 -0.0098 0.0538 0.0682 1.3603 0.7062 -0.0217 0.6363 0.8128 4.2183 -0.1653 0.1653 0.3731 0 0
44 151 1285 0 0 0 0 0 1.0007 0 0.9772 0.1623 0.1623 0.1805 1.2193 0.9969 -0.0966 0.2234 0.2754 2.4513 0.7163 0.0809 0.6708 0.8263 4.1731 -0.1467 0.1467 0.3812 0 0
44 152 1265 0 0 0 0 0 1.0009 0 0.9192 -0.1198 0.1198 0.1397 0.8337 0.9963 -0.1854 0.1946 0.2964 3.0497 0.7482 0.0596 0.6247 0.7799 4.6795 0.1284 0.1284 0.2498 0 0
44 153 1260 0 0 0 0 0 1.0009 0 -0.0309 -0.1897 0.1974 0.3133 1.1352 0.989 -0.4457 0.478 0.7138 4.0513 0.752 -0.1177 0.5728 0.722 4.3679 -0.0301 0.0301 0.3773 0 0
44 154 1297 0 0 0 0 0 1.0009 0 0.908 -0.0124 0.0873 0.0989 0.9834 0.9877 -0.1424 0.2319 0.2804 2.7392 0.6435 -0.168 0.7271 0.9132 4.3459 -0.0304 0.0304 0.4042 0 0
44 155 1305 0 0 0 0 0 1.0002 0 0.9085 -0.0945 0.0945 0.1048 0.7356 0.9945 -0.1619 0.179 0.2375 2.0967 0.7238 -0.0541 0.6466 0.8143 4.4025 0.0641 0.0641 0.3393 0 0
44 156 1302 0 0 0 0 0 1.0009 0 0.9973 -0.1396 0.1396 0.1707 1.1184 0.9801 0.1569 0.1869 0.3102 2.8456 0.6486 0.107 0.6828 0.8566 4.7791 0.0688 0.0688 0.4264 0 0
44 157 1266 0 0 0 0 0 1.0007 0 -0.2147 0.2478 0.4562 0.4688 1.1493 0.9602 -0.1902 0.3285 0.4155 2.6252 0.6661 0.0436 0.7195 0.8994 4.3993 -0.0282 0.0282 0.3206 0 0
44 158 1273 0 0 0 0 0 1.0006 0 -0.9395 -0.123 0.1729 0.2082 0.8125 0.9878 0.1026 0.2471 0.3535 3.7904 0.681 -0.0328 0.6757 0.8489 4.4905 0.0448 0.0448 0.3568 0 0
44 159 1342 0 0 0 0 0 1.0002 0 0.9723 -0.0392 0.1213 0.1223 0.9601 0.9945 0.2028 0.2307 0.2682 1.8562 0.7485 0.1603 0.6165 0.7615 4.4116 0.0228 0.0228 0.2821 0 0
44 160 1331 0 0 0 0 0 1.0012 0 0.7457 -0.0771 0.1284 0.1381 0.8122 0.9939 0.0987 0.1477 0.1629 1.4055 0.7505 0.0563 0.6145 0.7713 4.4042 0.0057 0.0057 0.292 0 0
44 161 1348 0 0 0 0 0 1.0004 0 0.9805 0.1021 0.1021 0.1275 1.0035 0.9961 0.1347 0.1465 0.1835 1.0195 0.8196 0.0635 0.5511 0.694 4.5271 0.0381 0.0381 0.2426 0 0
44 162 1305 0 0 0 0 0 1.002 0 0.9691 -0.1189 0.1189 0.1465 1.0466 0.9968 0.1618 0.1898 0.2646 2.671 0.6984 0.1433 0.6318 0.8134 4.4014 -0.0731 0.0731 0.3902 0 0
44 163 1337 0 0 0 0 0 1.0007 0 0.4944 0.0516 0.1788 0.1883 0.9207 0.9897 -0.0432 0.108 0.1672 1.5167 0.7661 0.034 0.5932 0.7511 4.3919 -0.0118 0.0118 0.2946 0 0
44 164 1288 0 0 0 0 0 1.0006 0 0.7736 -0.2128 0.2923 0.4253 0.7646 0.989 -0.1542 0.1919 0.2173 1.2468 0.7742 -0.1994 0.6159 0.7702 4.5031 0.0754 0.0754 0.254 0 0
44 165 1265 0 0 0 0 0 1.0014 0 0.9933 -0.1129 0.2513 0.305 1.2806 0.9394 0.0939 0.3819 0.6522 4.1964 0.7134 0.0076 0.6243 0.7872 4.2702 -0.0998 0.0998 0.3663 0 0
44 166 1361 0 0 0 0 0 1.0008 0 0.9073 -0.0918 0.1171 0.1368 0.8864 0.9961 -0.0058 0.0894 0.1364 1.9402 0.728 0.0188 0.6022 0.7621 4.3552 -0.0636 0.0636 0.3432 0 0
44 167 1328 0 0 0 0 0 1.0009 0 1 0.0706 0.0706 0.0769 1.064 0.9978 0.1753 0.1753 0.1897 1.2479 0.7632 0.1652 0.6181 0.7933 4.3984 0.0111 0.0111 0.2736 0 0
44 168 1373 0 0 0 0 0 1.0006 0 0.9786 -0.259 0.259 0.2779 0.7503 0.9973 -0.0743 0.2639 0.2931 1.2893 0.7755 0.0237 0.6001 0.7481 4.5818 0.1403 0.1403 0.247 0 0
44 169 1262 0 0 0 0 0 1.0017 0 0.9537 -0.0559 0.089 0.1023 1.1402 0.9993 0.1305 0.1306 0.1623 2.2075 0.7029 0.0499 0.6372 0.8021 4.5247 0.0389 0.0389 0.316 0 0
44 170 1318 0 0 0 0 0 1.0005 0 -0.8876 0.0394 0.1771 0.2132 0.9356 0.9946 0.0317 0.12 0.1441 1.6254 0.7037 -0.025 0.616 0.7979 4.179 -0.0451 0.0451 0.2919 0 0
44 171 1261 0 0 0 0 0 1.0011 0 0.8673 0.152 0.2953 0.3493 1.3826 0.9783 -0.0793 0.1756 0.2305 2.3269 0.7102 -0.0168 0.6378 0.7948 4.1312 -0.1926 0.1926 0.3555 0 0
44 172 1367 0 0 0 0 0 1.0005 0 0.9985 -0.1552 0.1552 0.1859 0.8117 0.9983 -0.0413 0.1725 0.1937 2.1586 0.7638 -0.0356 0.6034 0.7526 4.5803 0.092 0.092 0.2782 0 0
44 173 1258 0 0 0 0 0 1.0004 0 0.7762 0.3047 0.3047 0.4033 1.1247 0.9932 0.1204 0.2163 0.3152 1.7819 0.6661 0.084 0.6939 0.8637 4.1831 -0.1643 0.1643 0.3732 0 0
44 174 1288 0 0 0 0 0 1.0004 0 0.8939 0.0385 0.0542 0.0813 0.8449 0.9982 -0.1837 0.1837 0.2034 1.2262 0.7641 -0.0855 0.6059 0.7737 4.2683 -0.0953 0.0953 0.3554 0 0
44 175 1274 0 0 0 0 0 1.001 0 0.3277 0.0219 0.1623 0.1709 0.9302 0.9697 -0.2674 0.2957 0.453 2.7536 0.6639 0.0403 0.6669 0.8329 4.5578 0.0173 0.0173 0.3804 0 0
44 176 1222 0 0 0 0 0 1.0036 0 0.4056 -0.0058 0.1105 0.1201 1.166 0.987 0.0188 0.232 0.2636 3.104 0.6294 -0.1101 0.6432 0.8221 4.4248 -0.0936 0.0936 0.5879 0 0
44 177 1307 0 0 0 0 0 1.0006 0 0.9156 0.0032 0.0732 0.0767 0.9113 0.996 0.0718 0.0864 0.1158 1.0573 0.7415 0.1482 0.6336 0.8207 4.4484 -0.037 0.037 0.3336 0 0
44 178 1370 0 0 0 0 0 1.0006 0 0.9908 -0.1118 0.1118 0.1217 0.8829 0.9951 0.1559 0.1802 0.2622 1.798 0.8008 0.1156 0.555 0.6967 4.3654 0.0621 0.0621 0.3164 0 0
44 179 1338 0 0 0 0 0 1.0005 0 1 -0.0261 0.0681 0.086 0.9376 0.9995 0.1672 0.1672 0.1723 1.106 0.8359 0.1186 0.5639 0.7102 4.2403 0.0699 0.0699 0.2373 0 0
44 180 1280 0 0 0 0 0 1.0005 0 0.8378 0.0097 0.1811 0.1966 0.9413 0.9938 0.2682 0.2702 0.3047 2.0543 0.6624 0.0889 0.6821 0.8667 4.5105 -0.0043 0.0043 0.3901 0 0
44 181 1340 0 0 0 0 0 1.0011 0 0.9383 -0.3899 0.3899 0.5012 0.8099 0.9903 0.0026 0.2423 0.3072 2.6323 0.77 -0.269 0.6331 0.8066 4.6595 0.1148 0.1148 0.2875 0 0
44 182 1277 0 0 0 0 0 1.0008 0 0.7837 -0.2032 0.2032 0.2316 0.8291 0.9891 -0.1399 0.3354 0.497 3.7097 0.6754 0.2413 0.6335 0.7957 4.6786 0.0075 0.0075 0.3799 0 0
44 183 1368 0 0 0 0 0 1.0012 0 0.9946 -0.1781 0.1781 0.1937 0.9846 0.9943 -0.144 0.2108 0.2925 2.2158 0.7293 -0.021 0.613 0.7666 4.6946 0.1242 0.1242 0.2969 0 0
44 184 1298 0 0 0 0 0 1.0011 0 0.8352 0.0059 0.1309 0.1496 1.0121 0.9883 0.1684 0.2151 0.2757 2.0187 0.7462 0.0889 0.6492 0.804 4.3001 -0.0287 0.0287 0.3474 0 0
44 185 1295 0 0 0 0 0 1.0003 0 0.6704 -0.0406 0.0507 0.06 0.7603 0.9933 0.1289 0.1603 0.1837 1.9174 0.7452 0.0841 0.6146 0.7712 4.4286 -0.0712 0.0712 0.3734 0 0
44 186 1267 0 0 0 0 0 1.0004 0 -0.1006 0.0763 0.1549 0.2091 0.831 0.9839 0.1852 0.203 0.2724 2.1098 0.7099 0.0857 0.6816 0.8657 4.6021 0.058 0.058 0.301 0 0
44 187 1347 0 0 0 0 0 1.0011 0 0.9507 -0.0455 0.1392 0.1409 1.0401 0.997 -0.1177 0.1402 0.1614 1.1768 0.7814 -0.1354 0.5867 0.7491 4.476 0.0282 0.0282 0.2554 0 0
44 188 1287 0 0 0 0 0 1.0004 0 0.9651 -0.0487 0.0818 0.0937 1.1247 0.9952 -0.0836 0.1105 0.1394 1.9597 0.7502 -0.1509 0.617 0.7844 4.3761 -0.0093 0.0093 0.2669 0 0
44 189 1246 0 0 0 0 0 1.0003 0 0.9854 -0.0972 0.0972 0.1041 0.8504 0.9955 0.0046 0.1686 0.196 2.3728 0.6234 -0.0859 0.7177 0.9148 4.7319 0.0548 0.0548 0.3515 0 0
44 190 1305 0 0 0 0 0 1.0012 0 0.9656 -0.0617 0.0783 0.0961 1.0402 0.9906 -7e-04 0.135 0.1449 1.3913 0.749 -0.1662 0.5964 0.7762 4.6363 0.0314 0.0314 0.3144 0 0
44 191 1295 0 0 0 0 0 1.0009 0 0.1844 -0.0426 0.2673 0.3021 1.0519 0.9836 -0.1163 0.1728 0.2785 2.6673 0.7114 0.0292 0.6219 0.7852 4.3849 -0.0801 0.0801 0.389 0 0
44 192 1291 0 0 0 0 0 1.0006 0 0.8811 -0.1994 0.2662 0.4059 0.9088 0.9911 -0.0543 0.2159 0.2382 1.928 0.7232 -0.0872 0.6416 0.8169 4.4601 0.0627 0.0627 0.3006 0 0
44 193 1214 0 0 0 0 0 1.0006 0 0.3521 -0.1453 0.1453 0.248 0.9162 0.9964 -0.1999 0.378 0.493 4.3996 0.6151 -0.0283 0.6766 0.844 4.447 -0.049 0.049 0.4528 0 0
44 194 1242 0 0 0 0 0 1.0004 0 0.9958 0.1124 0.3207 0.3973 1.5898 0.9884 0.1493 0.3514 0.385 2.8641 0.6749 -0.0368 0.7056 0.8686 4.4449 -0.0145 0.0145 0.3197 0 0
44 195 1325 0 0 0 0 0 1.0011 0 0.3602 0.2327 0.3046 0.3388 0.9993 0.9867 0.0906 0.183 0.2174 1.0198 0.7559 -0.0044 0.6361 0.8302 4.3817 0.0294 0.0294 0.2712 0 0
44 196 1287 0 0 0 0 0 1.0007 0 -0.1538 -0.2088 0.2337 0.3142 0.9061 0.9845 0.3825 0.4356 0.7562 5.6291 0.6756 -0.0058 0.694 0.8856 4.3972 -0.0261 0.0261 0.3916 0 0
44 197 1268 0 0 0 0 0 1.0018 0 0.9876 0.0217 0.0429 0.046 1.2085 0.9969 -0.0089 0.0895 0.1079 2.3696 0.6046 -0.0084 0.7277 0.9222 4.1484 -0.2564 0.2564 0.5076 0 0
44 198 1318 0 0 0 0 0 1.0004 0 0.4107 -0.1989 0.1989 0.2292 0.6869 0.9973 -0.0434 0.1884 0.2645 2.2262 0.7215 -0.1095 0.6418 0.8076 4.6698 0.1085 0.1085 0.2773 0 0
44 199 1275 0 0 0 0 0 1.0004 0 0.5356 0.163 0.2127 0.3242 1.3306 0.9522 -0.1974 0.2173 0.3339 2.167 0.6797 -0.142 0.644 0.8159 4.302 -0.0897 0.0897 0.3757 0 0
44 200 1277 0 0 0 0 0 1.0006 0 0.7413 -0.0568 0.0711 0.1021 0.8642 0.9985 0.074 0.1296 0.1942 1.7219 0.7077 0.08 0.6219 0.8073 4.4264 -0.0146 0.0146 0.3427 0 0
44 201 1277 0 0 0 0 0 1.0015 0 0.9222 0.1996 0.2839 0.3883 1.444 0.9882 -0.112 0.1551 0.1759 1.5327 0.6629 -0.0563 0.6585 0.8241 4.3015 -0.0881 0.0881 0.3052 0 0
44 202 1295 0 0 0 0 0 1.0005 0 0.9975 -0.1701 0.1701 0.1708 0.734 0.9955 0.0448 0.2311 0.2812 2.2647 0.667 -0.1172 0.6722 0.8636 4.7278 0.1222 0.1222 0.2923 0 0
44 203 1344 0 0 0 0 0 1.0013 0 0.4419 -0.1374 0.1374 0.2194 0.8539 0.9938 -0.1183 0.1601 0.1812 2.0395 0.7641 -0.0895 0.6714 0.8404 4.7829 0.1048 0.1048 0.2972 0 0
44 204 1303 0 0 0 0 0 1.0009 0 0.9865 -0.0644 0.0822 0.105 1.2713 0.9967 -0.1541 0.1541 0.1743 1.4216 0.7775 -0.0333 0.5758 0.7252 4.2706 -0.0234 0.0234 0.2884 0 0
44 205 1259 0 0 0 0 0 1.0008 0 0.4382 -0.0315 0.2326 0.2758 1.0869 0.9978 0.0368 0.1877 0.2234 3.6943 0.7159 -0.0605 0.609 0.7928 4.3737 -0.0682 0.0682 0.2922 0 0
44 206 1358 0 0 0 0 0 1.0011 0 0.9925 -0.1232 0.1266 0.1625 1.0446 0.9906 0.0471 0.168 0.2271 1.764 0.7454 0.1343 0.6192 0.7696 4.5643 0.0718 0.0718 0.3063 0 0
44 207 1309 0 0 0 0 0 1.0007 0 0.3029 0.0597 0.1139 0.1559 0.7827 0.9891 -0.0668 0.1598 0.1825 1.4709 0.7666 -0.1246 0.635 0.8008 4.3079 -0.0143 0.0143 0.2789 0 0
44 208 1260 0 0 0 0 0 1.0017 0 0.9563 0.0567 0.0739 0.1063 1.0205 0.9973 0.0155 0.1077 0.1242 2.3464 0.7512 -0.0237 0.6221 0.7812 4.5057 -2e-04 2e-04 0.2894 0 0
44 209 1276 0 0 0 0 0 1.0005 0 0.4235 -0.0518 0.1442 0.1801 0.9589 0.9885 0.0363 0.1653 0.1871 2.5837 0.6882 -0.0507 0.6822 0.8614 4.4289 0.0224 0.0224 0.341 0 0
44 210 1337 0 0 0 0 0 1.0009 0 0.7504 -0.0604 0.135 0.1452 0.7848 0.9812 -0.2039 0.2474 0.3521 2.6809 0.7428 -0.0533 0.6303 0.7795 4.5889 0.0767 0.0767 0.2959 0 0
44 211 1233 0 0 0 0 0 1.0008 0 0.7271 -0.0805 0.1017 0.1588 0.8093 0.9979 0.0821 0.1227 0.147 2.396 0.768 0.0247 0.6212 0.795 4.4637 0.0455 0.0455 0.341 0 0
44 212 1345 0 0 0 0 0 1.001 0 0.9509 -0.0885 0.1015 0.1335 0.9333 0.9951 -0.0835 0.1963 0.2804 4.2008 0.7424 -1e-04 0.5803 0.7551 4.4308 0.0076 0.0076 0.3772 0 0
44 213 1345 0 0 0 0 0 1.0005 0 0.233 0.1013 0.1892 0.1955 1.0674 0.9825 0.0647 0.1766 0.2009 1.2963 0.7158 -0.0789 0.6018 0.7658 4.1127 -0.249 0.249 0.359 0 0
44 214 1351 0 0 0 0 0 1.0006 0 0.388 0.026 0.1192 0.1235 0.8556 0.9963 -0.0758 0.0807 0.1177 1.1456 0.74 -0.0577 0.6015 0.7771 4.4053 -0.0025 0.0025 0.2967 0 0
44 215 1305 0 0 0 0 0 1.0004 0 0.999 0.053 0.2018 0.2242 0.8173 0.9795 -0.1338 0.1678 0.2182 1.2957 0.7349 -0.0112 0.6287 0.8194 4.3997 -0.0485 0.0485 0.3607 0 0
44 216 1353 0 0 0 0 0 1.0006 0 0.2189 -0.1143 0.1878 0.2109 0.8443 0.9933 0.2027 0.208 0.2736 2.3871 0.746 0.1523 0.5827 0.7488 4.4649 -0.0048 0.0048 0.3995 0 0
44 217 1284 0 0 0 0 0 1.0012 0 0.9975 -0.2041 0.2041 0.2248 0.7919 0.9993 0.3273 0.4572 0.5467 4.8255 0.7205 0.1786 0.6165 0.7797 4.6799 0.1004 0.1004 0.3538 0 0
44 218 1292 0 0 0 0 0 1.0004 0 0.9939 -0.0076 0.029 0.0349 0.8588 0.9908 0.1353 0.1655 0.196 2.3969 0.6628 -0.0363 0.6493 0.8198 4.3274 -0.0528 0.0528 0.4364 0 0
44 219 1260 0 0 0 0 0 1.0005 0 0.2141 0.1719 0.1719 0.1799 0.8823 0.9977 -0.0934 0.1667 0.2071 1.2721 0.6878 -0.0899 0.685 0.8566 4.3597 -0.0507 0.0507 0.3209 0 0
44 220 1324 0 0 0 0 0 1.0007 0 0.9654 0.1684 0.1684 0.2049 1.1784 0.9863 0.0115 0.1081 0.1416 0.8067 0.799 0.0012 0.5459 0.7146 4.3259 -0.0231 0.0231 0.2404 0 0
44 221 1386 0 0 0 0 0 1.0007 0 0.9893 -0.0357 0.067 0.0913 0.9407 0.9973 -0.0727 0.1491 0.1857 1.4867 0.7507 0.0087 0.6409 0.8176 4.3133 0.1129 0.1129 0.2572 0 0
44 222 1354 0 0 0 0 0 1.0005 0 0.9165 -0.1196 0.1196 0.1514 0.7152 0.9971 0.0068 0.1801 0.2142 1.8764 0.6941 -0.0438 0.6663 0.8365 4.438 0.095 0.095 0.3031 0 0
44 223 1270 0 0 0 0 0 1.0009 0 0.874 0.1339 0.2309 0.2449 1.2232 0.9893 -0.0016 0.2435 0.2794 3.7437 0.756 -0.1251 0.6285 0.787 4.158 -0.0827 0.0827 0.307 0 0
44 224 1249 0 0 0 0 0 1.0003 0 0.3468 -0.0587 0.2533 0.2699 0.9217 0.9516 -0.1323 0.4017 0.4724 2.7034 0.658 -0.065 0.6774 0.8436 4.4794 -0.0191 0.0191 0.3659 0 0
44 225 1289 0 0 0 0 0 1.0004 0 -0.6238 0.0049 0.1014 0.1101 0.7688 0.9912 0.0725 0.1081 0.1662 2.1979 0.7139 0.013 0.6403 0.799 4.5791 0.0622 0.0622 0.3437 0 0
44 226 1307 0 0 0 0 0 1.0008 0 0.9993 -0.2796 0.2796 0.2844 0.8924 0.9985 0.0625 0.2406 0.282 2.6893 0.7539 0.0975 0.5695 0.7338 4.3841 -0.0301 0.0301 0.3684 0 0
44 227 1838 18 0 0 0 0 1.0011 0 0.9386 -0.2208 0.2208 0.2294 0.7813 0.961 0.2058 0.3382 0.4264 3.1853 0.6521 -0.2662 0.7676 0.958 5.3536 0.2047 0.2047 0.329 1 0
44 228 1321 0 0 0 0 0 1.0011 0 0.6727 -0.0221 0.099 0.1161 0.982 0.9967 -0.065 0.0954 0.109 0.9141 0.7873 -0.0757 0.6039 0.7394 4.2327 -0.0073 0.0073 0.3028 0 0
44 229 1336 0 0 0 0 0 1.0004 0 0.9615 -0.0964 0.0964 0.1012 0.7985 0.9976 -0.0442 0.0839 0.1149 1.2237 0.8119 -0.0593 0.5106 0.6676 4.5764 0.046 0.046 0.2439 0 0
44 230 1323 0 0 0 0 0 1.0007 0 0.8794 0.0678 0.1462 0.1789 1.0187 0.9965 -0.0469 0.0887 0.1186 1.7457 0.7419 0.0162 0.6719 0.8404 4.5557 0.0812 0.0812 0.2752 0 0
44 231 1307 0 0 0 0 0 1.0007 0 0.9731 0.0455 0.062 0.0756 0.9363 0.9941 -0.1636 0.1773 0.2111 1.1617 0.723 -0.1643 0.6225 0.7763 4.43 -0.0211 0.0211 0.2804 0 0
44 232 1302 0 0 0 0 0 1.0006 0 0.5785 0.19 0.2127 0.2599 0.9777 0.9925 -0.1684 0.1916 0.2287 1.5074 0.7509 -0.0445 0.6215 0.7802 4.1897 -0.1328 0.1328 0.307 0 0
44 233 1285 0 0 0 0 0 1.0004 0 0.873 0.1548 0.1604 0.2472 1.2648 0.9962 0.0483 0.1284 0.1478 1.6506 0.7554 -0.019 0.6415 0.8058 4.3471 -0.0258 0.0258 0.2993 0 0
44 234 1285 0 0 0 0 0 1.0005 0 0.9245 -0.0311 0.0575 0.063 0.7651 0.9972 0.0236 0.0806 0.1069 1.3212 0.7789 0.0393 0.6259 0.7858 4.466 0.0586 0.0586 0.2998 0 0
44 235 1308 0 0 0 0 0 1.0007 0 0.9375 0.0913 0.0913 0.1333 1.0643 0.9943 0.1644 0.1751 0.1993 1.4679 0.6875 0.1172 0.6293 0.8046 4.2336 -0.1643 0.1643 0.4439 0 0
44 236 1328 0 0 0 0 0 1.0005 0 0.9423 -0.0377 0.0665 0.0902 0.7691 0.9905 0.1499 0.206 0.2338 2.1664 0.7041 0.1624 0.6868 0.8689 4.8773 0.1565 0.1565 0.2862 0 0
44 237 1221 0 0 0 0 0 1.0003 0 0.9589 -0.1761 0.1761 0.2147 1.2318 0.9798 0.3047 0.4469 0.5683 7.1442 0.6172 0.0735 0.6762 0.8496 4.6967 0.0203 0.0203 0.4864 0 0
44 238 1309 0 0 0 0 0 1.0006 0 -0.2456 0.0744 0.1907 0.2484 0.9959 0.9761 0.2162 0.2475 0.3429 2.1511 0.6476 0.0271 0.655 0.8451 4.3934 -0.0139 0.0139 0.3635 0 0
44 239 1381 59 0 0 0 0 1.001 0 -0.3993 -0.1642 0.1642 0.2598 0.8002 0.9486 -0.3245 0.4113 0.6035 4.5122 0.6821 0.0928 0.6908 0.8752 4.9073 0.129 0.129 0.3855 1 0
44 240 1290 0 0 0 0 0 1.0009 0 0.9998 -0.1239 0.1239 0.1304 0.8736 0.9987 -0.2235 0.2235 0.2443 1.6275 0.7543 -0.1956 0.6083 0.7558 4.2527 7e-04 7e-04 0.3293 0 0
44 241 1615 0 0 0 0 0 1.0007 0 0.9728 -0.4077 0.4077 0.4081 0.6862 0.9991 -0.1776 0.8275 0.984 4.1937 0.6786 0.0697 0.7129 0.8832 5.1462 0.1922 0.1922 0.383 0 0
44 242 1344 0 0 0 0 0 1.0012 0 0.9033 -0.121 0.121 0.1689 0.9777 0.9961 -0.0866 0.1232 0.142 1.2616 0.8079 -0.168 0.5809 0.7429 4.4554 0.0681 0.0681 0.2304 0 0
44 243 1321 0 0 0 0 0 1.0005 0 -0.3793 0.1529 0.207 0.2349 0.8769 0.9943 -0.0774 0.1653 0.1974 1.1846 0.7274 -0.0733 0.6463 0.8018 4.4 -0.0602 0.0602 0.3079 0 0
44 244 1331 0 0 0 0 0 1.0015 0 0.9802 -0.2556 0.2556 0.2591 0.7085 0.9966 0.2538 0.4118 0.5282 3.0739 0.5865 0.0316 0.6826 0.8694 4.8216 0.1412 0.1412 0.3109 0 0
44 245 1284 0 0 0 0 0 1.0002 0 0.9999 -0.0862 0.0862 0.0865 0.7415 0.9961 -0.0078 0.1035 0.1253 1.1112 0.7445 -0.0602 0.6542 0.818 4.7132 0.1501 0.1501 0.2465 0 0
44 246 1312 0 0 0 0 0 1.0009 0 0.9848 0.0179 0.1024 0.1048 0.7869 0.9917 -0.0458 0.1617 0.1828 1.769 0.7215 -0.1266 0.6497 0.8237 4.3577 -0.0376 0.0376 0.3383 0 0
44 247 1240 0 0 0 0 0 1.0051 0 0.4591 0.0996 0.1641 0.2053 1.7989 0.9733 0.142 0.2064 0.2555 3.1854 0.5439 0.0351 0.7661 0.9512 4.2653 -0.2798 0.2798 0.6062 0 0
44 248 1234 0 0 0 0 0 1.0006 0 0.7061 -0.1054 0.162 0.171 0.8783 0.9861 0.0203 0.3032 0.436 3.493 0.6926 0.0242 0.6644 0.8477 4.6154 0.0537 0.0537 0.3644 0 0
44 249 1280 0 0 0 0 0 1.0005 0 0.7928 0.0153 0.0651 0.0784 0.936 0.9975 -0.0309 0.0606 0.0728 1.4132 0.6898 -0.0138 0.6425 0.8035 4.4856 0.0083 0.0083 0.33 0 0
44 250 1266 0 0 0 0 0 1.001 0 0.9029 0.0702 0.1098 0.1262 1.0356 0.987 0.2926 0.2926 0.359 1.6615 0.7416 0.1287 0.6254 0.7951 4.223 0.0244 0.0244 0.2681 0 0
44 251 1300 0 0 0 0 0 1.0002 0 0.9449 0.1056 0.118 0.1891 1.1237 0.9928 -0.0173 0.1355 0.1507 1.3704 0.7655 0.0101 0.6037 0.7726 4.347 -0.0362 0.0362 0.2636 0 0
44 252 1292 0 0 0 0 0 1.0008 0 0.3082 4e-04 0.2488 0.2648 0.9054 0.9897 0.3253 0.399 0.5929 4.2765 0.6774 0.0813 0.6509 0.8142 4.6121 0.0497 0.0497 0.3157 0 0
44 253 1321 0 0 0 0 0 1.0012 0 -0.9913 0.2 0.2 0.2672 0.8784 0.9927 -0.3973 0.3973 0.4485 1.2488 0.7481 -0.1811 0.6588 0.826 4.3122 -0.0295 0.0295 0.2966 0 0
44 254 1317 0 0 0 0 0 1.0004 0 0.3694 -0.0208 0.1292 0.1573 0.9787 0.9888 0.1389 0.1979 0.2425 1.701 0.722 0.1415 0.7371 0.9395 4.5464 0.0768 0.0768 0.312 0 0
44 255 1276 0 0 0 0 0 1.0005 0 0.9552 -0.0762 0.0762 0.0922 0.9302 0.9964 0.2522 0.2522 0.3027 2.7686 0.7518 0.1271 0.6268 0.8018 4.5517 0.0326 0.0326 0.3097 0 0
44 256 1298 0 0 0 0 0 1.0007 0 -0.6703 -0.075 0.223 0.2249 0.9829 0.9926 0.0936 0.1628 0.1857 1.7447 0.7001 0.1557 0.6243 0.7922 4.3064 -0.0557 0.0557 0.3519 0 0
44 257 1308 0 0 0 0 0 1.0002 0 0.9559 -0.04 0.0702 0.0724 0.8497 0.997 0.0083 0.0979 0.1226 1.9959 0.7264 0.0285 0.622 0.7871 4.3386 -0.0227 0.0227 0.3469 0 0
44 258 1229 0 0 0 0 0 1.001 0 0.9892 -0.246 0.246 0.2532 0.9086 0.9982 -0.1648 0.401 0.4734 3.5687 0.7241 -0.0877 0.6425 0.8089 4.5965 -0.0046 0.0046 0.4725 0 0
44 259 1325 0 0 0 0 0 1.0013 0 0.4958 0.0094 0.2594 0.2787 0.9427 0.982 -0.1176 0.1344 0.2249 1.7213 0.6947 -0.0547 0.6347 0.8012 4.4205 -0.0272 0.0272 0.3544 0 0
44 260 1342 0 0 0 0 0 1.0004 0 0.7872 -0.0778 0.2005 0.2388 0.9029 0.9972 0.042 0.0982 0.1122 1.2937 0.7859 0.0613 0.5904 0.7479 4.6228 0.0858 0.0858 0.2338 0 0
44 261 1264 0 0 0 0 0 1.0008 0 0.8475 0.042 0.0857 0.1141 0.8882 0.9974 -0.1216 0.1341 0.1505 2.5092 0.6665 -0.0416 0.727 0.9141 4.4158 -0.0403 0.0403 0.3997 0 0
44 262 1349 0 0 0 0 0 1.0008 0 0.6371 -0.0761 0.1653 0.1689 0.8396 0.9966 -0.0766 0.1399 0.1966 1.9464 0.6913 0.0158 0.6478 0.8169 4.2717 -0.0743 0.0743 0.3234 0 0
44 263 1307 0 0 0 0 0 1.0004 0 0.9828 -0.0561 0.1123 0.1171 1.3607 0.9979 -0.0714 0.1419 0.1945 3.905 0.689 -0.013 0.6249 0.8024 4.694 0.0621 0.0621 0.3912 0 0
44 264 1303 0 0 0 0 0 1.001 0 0.6872 -0.1751 0.1928 0.2268 0.8928 0.996 -0.3335 0.3425 0.4431 2.8225 0.7224 -0.133 0.6142 0.7731 4.5016 0.0358 0.0358 0.3291 0 0
44 265 1329 0 0 0 0 0 1.0008 0 0.5618 -0.1447 0.2558 0.264 1.0413 0.9916 -0.4862 0.4862 0.5268 3.7693 0.7091 -0.1732 0.634 0.8139 4.3559 -0.0952 0.0952 0.4 0 0
44 266 1269 0 0 0 0 0 1.001 0 0.9642 0.0352 0.1161 0.1184 0.9108 0.9972 -0.1104 0.1374 0.1555 2.0898 0.6979 -0.0091 0.6756 0.8611 4.3852 -0.0291 0.0291 0.4015 0 0
44 267 1275 0 0 0 0 0 1.0036 0 0.8205 -0.0867 0.125 0.1856 1.006 0.9809 0.3053 0.4017 0.649 5.1076 0.6207 0.0653 0.6606 0.858 4.495 -0.0354 0.0354 0.4146 0 0
44 268 1271 0 0 0 0 0 1.0006 0 0.2759 -0.0754 0.0942 0.1251 0.907 0.9975 0.1418 0.1418 0.1885 1.7887 0.7446 0.1628 0.5769 0.7395 4.2672 -0.0921 0.0921 0.3677 0 0
44 269 1347 0 0 0 0 0 1.0016 0 0.9993 -0.1705 0.1705 0.1837 1.2027 0.9911 -0.0607 0.3269 0.4032 4.0392 0.7243 0.1091 0.6167 0.7811 4.4344 0.0724 0.0724 0.3218 0 0
44 270 1282 0 0 0 0 0 1.001 0 0.9375 0.0504 0.0723 0.0872 0.8924 0.9942 0.0197 0.0961 0.1064 0.9857 0.7716 0.0824 0.6023 0.7504 4.6492 0.0826 0.0826 0.2389 0 0
44 271 1332 0 0 0 0 0 1.0005 0 0.9247 -0.0934 0.1289 0.1399 0.7688 0.9973 -0.1332 0.1348 0.153 1.1021 0.7426 -0.1361 0.6165 0.7638 4.2349 0.0182 0.0182 0.2703 0 0
44 272 1258 0 0 0 0 0 1.001 0 0.9608 0.0993 0.2522 0.2669 1.1634 0.9884 -0.0401 0.1321 0.1727 1.7843 0.7278 -0.0505 0.6203 0.817 4.3936 -0.0178 0.0178 0.2865 0 0
44 273 1349 0 0 0 0 0 1.0009 0 0.6008 0.0462 0.3416 0.4072 1.2365 0.9941 -7e-04 0.1142 0.156 1.5155 0.7505 0.0104 0.5926 0.7723 4.2831 -0.0477 0.0477 0.2736 0 0
44 274 1308 0 0 0 0 0 1.0007 0 0.7768 0.103 0.1766 0.2465 1.0718 0.994 -0.058 0.1332 0.1736 1.4553 0.731 -0.097 0.6274 0.7872 4.3767 -0.0043 0.0043 0.2783 0 0
44 275 1266 0 0 0 0 0 1.0013 0 0.877 -0.0559 0.1331 0.1385 0.7328 0.9944 0.0282 0.1479 0.2149 2.1788 0.6402 0.0176 0.6925 0.8652 4.6703 0.0604 0.0604 0.3268 0 0
44 276 1285 0 0 0 0 0 1.0003 0 0.8776 -0.2205 0.2205 0.238 0.6993 0.9957 0.0236 0.1905 0.2314 1.6459 0.7423 -0.0586 0.6168 0.7933 4.6771 0.1235 0.1235 0.266 0 0
44 277 1283 0 0 0 0 0 1.0007 0 0.9823 -0.0516 0.0852 0.1209 0.9247 0.9883 0.1285 0.1934 0.2296 1.8918 0.7259 0.193 0.655 0.8306 4.5875 0.0407 0.0407 0.3045 0 0
44 278 1258 0 0 0 0 0 1.0006 0 0.9821 0.0851 0.0978 0.1281 1.1311 0.996 0.1448 0.1508 0.1909 2.8699 0.6901 0.1157 0.6679 0.8443 4.1755 -0.1814 0.1814 0.3829 0 0
44 279 1246 0 0 0 0 0 1.0011 0 0.6232 -0.1145 0.2869 0.3645 1.1003 0.9959 0.1889 0.223 0.2613 2.6354 0.7669 -0.0423 0.6052 0.7696 4.4915 0.0423 0.0423 0.2972 0 0
44 280 1334 0 0 0 0 0 1.0009 0 0.3221 -0.2127 0.2127 0.31 0.8258 0.9958 -0.1266 0.2031 0.3007 2.0278 0.735 0.0146 0.5811 0.7463 4.4458 -0.0059 0.0059 0.2747 0 0
44 281 1331 0 0 0 0 0 1.0005 0 0.6827 -0.0379 0.0542 0.0585 0.733 0.9984 -0.0134 0.1389 0.1748 2.4822 0.7104 0.0579 0.6426 0.8081 4.503 0.0294 0.0294 0.3349 0 0
44 282 1258 0 0 0 0 0 1.0006 0 0.3543 -0.1366 0.1366 0.142 0.7993 0.9984 0.2168 0.2815 0.3477 3.1974 0.6841 0.1737 0.6323 0.799 4.4656 -0.0459 0.0459 0.4377 0 0
44 283 1278 0 0 0 0 0 1.0017 0 0.9947 -0.1197 0.1197 0.195 1.3539 0.9335 -0.5026 0.7044 1.3487 12.9365 0.6266 -0.0091 0.6915 0.8757 4.2509 -0.1826 0.1826 0.508 0 0
44 284 1295 0 0 0 0 0 1.0003 0 -0.1354 0.0155 0.1363 0.1624 0.8963 0.9965 0.0417 0.0839 0.1136 1.2791 0.687 0.0468 0.6438 0.8104 4.3735 -0.0269 0.0269 0.3449 0 0
44 285 1320 0 0 0 0 0 1.0004 0 0.9895 -0.0335 0.0621 0.0713 0.8475 0.9858 -0.0225 0.1442 0.1839 1.3055 0.7015 -0.0016 0.6532 0.8162 4.2546 -0.0581 0.0581 0.3695 0 0
44 286 1377 0 0 0 0 0 1.0005 0 -0.9762 0.0073 0.1491 0.1649 0.858 0.9912 0.0271 0.1429 0.1674 1.5847 0.7904 0.0071 0.585 0.7368 4.1833 0.0428 0.0428 0.255 0 0
44 287 1353 0 0 0 0 0 1.0004 0 0.6981 -0.0439 0.1509 0.1524 0.9314 0.9892 0.0994 0.1745 0.2276 1.4604 0.7602 0.0551 0.5497 0.6853 4.2561 -0.1254 0.1254 0.3339 0 0
44 288 1269 0 0 0 0 0 1.0005 0 0.8696 -0.1162 0.1162 0.1359 0.8813 0.997 -0.1194 0.1886 0.2809 4.6583 0.607 0.0803 0.6818 0.8754 4.5516 0.0304 0.0304 0.4123 0 0
44 289 1419 0 0 0 0 0 1.0006 0 0.9748 0.1361 0.2436 0.2525 0.8795 0.997 -0.0421 0.1491 0.1769 1.0251 0.8164 0.0516 0.5898 0.7438 4.4384 0.028 0.028 0.2368 0 0
44 290 1315 0 0 0 0 0 1.0006 0 1 -0.0348 0.1125 0.1144 1.0207 0.9814 -0.1663 0.2561 0.3015 1.9347 0.7247 -0.171 0.6679 0.8226 4.4131 -0.0097 0.0097 0.3512 0 0
44 291 1333 0 0 0 0 0 1.0003 0 0.4032 -0.3082 0.3472 0.4596 0.8015 0.9852 0.033 0.3347 0.3975 2.5813 0.7039 -0.0321 0.6582 0.821 4.8588 0.0978 0.0978 0.3119 0 0
44 292 1251 0 0 0 0 0 1.0008 0 0.7147 -0.0468 0.0987 0.104 0.9295 0.9985 0.1211 0.1211 0.134 1.7193 0.7105 0.0548 0.6113 0.7786 4.3117 -0.0469 0.0469 0.3482 0 0
44 293 1274 0 0 0 0 0 1.0012 0 0.8917 -0.3358 0.3358 0.3507 0.9751 0.9861 0.1262 0.3678 0.4375 3.0088 0.7298 -0.1665 0.6254 0.7934 4.6832 0.104 0.104 0.3228 0 0
44 294 1306 0 0 0 0 0 1.0003 0 1 0.1088 0.1495 0.1624 1.2014 0.9937 -0.3084 0.3394 0.3804 1.1153 0.8192 -0.0979 0.5479 0.7005 4.3093 0.0219 0.0219 0.2804 0 0
44 295 1261 12 0 0 0 0 1.0007 0 0.6172 -0.2268 0.2268 0.2592 0.8966 0.9961 -0.2986 0.3088 0.3773 3.6437 0.7034 0.1322 0.6295 0.7861 4.5062 -0.0661 0.0661 0.4264 1 0
44 296 1366 0 0 0 0 0 1.0006 0 0.9848 -0.1186 0.1186 0.1262 0.7428 0.9983 -0.0261 0.1715 0.2099 1.4062 0.767 0.0119 0.6008 0.7598 4.6223 0.127 0.127 0.2365 0 0
44 297 1274 0 0 0 0 0 1.001 0 0.9543 -0.0607 0.0607 0.0701 0.8984 0.9902 -0.179 0.2086 0.2723 2.3685 0.6652 -0.1905 0.6766 0.8524 4.3549 -0.0423 0.0423 0.4139 0 0
44 298 1268 0 0 0 0 0 1.0006 0 0.9942 -0.0407 0.0407 0.0574 0.9758 0.9979 0.0193 0.0599 0.0997 2.2311 0.7648 0.048 0.6124 0.7881 4.4241 0.033 0.033 0.2792 0 0
44 299 1294 0 0 0 0 0 1.0009 0 0.4611 0.0366 0.2485 0.2533 1.0794 0.9905 0.315 0.3317 0.4338 3.5474 0.769 0.0548 0.64 0.8096 4.2738 0.0515 0.0515 0.283 0 0
44 300 1300 0 0 0 0 0 1.0004 0 0.679 0.0315 0.1078 0.1255 0.9626 0.9916 -0.2531 0.2563 0.2837 1.4849 0.7411 -0.2341 0.6528 0.8145 4.2429 -0.106 0.106 0.2989 0 0
44 301 1323 0 0 0 0 0 1.001 0 0.9998 -0.161 0.3173 0.4291 0.8801 0.9917 -0.0981 0.1443 0.1745 1.0946 0.7839 -0.0117 0.5269 0.6775 4.1486 -0.0298 0.0298 0.2867 0 0
44 302 1250 0 0 0 0 0 1.0005 0 0.8402 0.0568 0.151 0.1702 0.8334 0.9921 0.13 0.168 0.1971 1.4972 0.7137 0.0152 0.6491 0.836 4.2624 -0.0755 0.0755 0.3212 0 0
44 303 1306 0 0 0 0 0 1.0006 0 0.9158 0.1514 0.1582 0.2212 1.0291 0.9847 0.0898 0.1916 0.2653 2.19 0.7727 -0.0123 0.5673 0.7161 4.4689 0.004 0.004 0.2735 0 0
44 304 1330 0 0 0 0 0 1.001 0 0.9967 -0.0058 0.0822 0.0859 0.808 0.9962 -0.1691 0.1691 0.2009 1.2917 0.7658 -0.1255 0.5901 0.7509 4.284 -0.05 0.05 0.2772 0 0
44 305 1348 0 0 0 0 0 1.0003 0 0.8218 -0.0875 0.1259 0.1439 0.8777 0.9953 0.0226 0.1421 0.1856 2.0569 0.6854 -0.0511 0.6425 0.8079 4.6368 0.081 0.081 0.3234 0 0
44 306 1238 0 0 0 0 0 1.0007 0 -0.9901 0.1039 0.2461 0.2472 0.9095 0.9935 -0.1337 0.1535 0.1862 1.4844 0.6859 -0.038 0.654 0.8226 4.3232 -0.0531 0.0531 0.3121 0 0
44 307 1357 0 0 0 0 0 1.0013 0 0.9984 0.0075 0.1268 0.1449 1.0004 0.9856 0.0424 0.1657 0.2139 1.2837 0.7327 -0.0022 0.622 0.7748 4.2303 0.0424 0.0424 0.2639 0 0
44 308 1284 0 0 0 0 0 1.0005 0 0.9616 -0.0215 0.0865 0.104 0.8794 0.9967 -0.0028 0.0666 0.0842 1.1978 0.7675 -0.0476 0.5641 0.7406 4.5325 -0.0319 0.0319 0.312 0 0
44 309 1274 0 0 0 0 0 1.0004 0 -0.4488 0.055 0.0803 0.0902 0.7644 0.9939 0.0809 0.1448 0.1696 1.5422 0.7154 0.0797 0.6473 0.8196 4.6313 0.0773 0.0773 0.2957 0 0
44 310 1401 0 0 0 0 0 1.0006 0 0.9055 0.0436 0.0951 0.117 0.9199 0.9962 -0.0232 0.078 0.0992 1.0613 0.7865 -0.0034 0.5615 0.7176 4.395 0.0575 0.0575 0.2396 0 0
44 311 1256 0 0 0 0 0 1.0002 0 0.4918 0.3022 0.3161 0.3872 1.3028 0.99 0.0655 0.1315 0.1649 0.968 0.728 0.0789 0.6427 0.7924 4.0916 -0.1465 0.1465 0.3395 0 0
44 312 1352 0 0 0 0 0 1.0009 0 0.1355 -0.1097 0.2891 0.3587 0.9091 0.9955 0.0132 0.1077 0.1412 1.2301 0.7869 0.0604 0.5382 0.6838 4.3855 -0.011 0.011 0.2549 0 0
44 313 1279 0 0 0 0 0 1.0007 0 0.846 -0.1341 0.1442 0.1814 1.0417 0.9878 0.0272 0.1706 0.2581 2.4863 0.6933 0.0467 0.6713 0.8348 4.3487 -0.0262 0.0262 0.3804 0 0
44 314 1326 0 0 0 0 0 1.0009 0 0.9982 -0.0816 0.0816 0.0909 1.0093 0.9928 0.0231 0.1315 0.1536 1.6341 0.7723 -0.0263 0.6277 0.8064 4.3237 0.0983 0.0983 0.2599 0 0
44 315 1330 0 0 0 0 0 1.0004 0 -0.2826 -0.0544 0.2271 0.2657 0.7187 0.9888 0.2479 0.2661 0.2906 1.2571 0.7414 0.2125 0.6806 0.8446 4.685 0.0917 0.0917 0.2599 0 0
44 316 1283 0 0 0 0 0 1.0008 0 -0.5852 0.0582 0.3079 0.3181 1.0304 0.9959 0.0397 0.1131 0.1288 1.5828 0.7502 0.0807 0.6094 0.7586 4.455 -0.0074 0.0074 0.2793 0 0
44 317 1295 0 0 0 0 0 1.0011 0 0.8722 -0.0918 0.1161 0.1477 0.8628 0.9921 0.0304 0.1851 0.2086 3.1481 0.6898 -0.0072 0.625 0.789 4.386 0.0031 0.0031 0.3774 0 0
44 318 1259 0 0 0 0 0 1.0005 0 -0.9889 -0.1301 0.1487 0.2225 0.8087 0.9649 -0.0283 0.253 0.3452 2.4173 0.7127 0.0636 0.6182 0.78 4.5445 0.003 0.003 0.4139 0 0
44 319 1330 0 0 0 0 0 1.0004 0 0.2066 0.0339 0.0826 0.1062 0.7703 0.997 -0.162 0.1634 0.1834 1.0962 0.758 -0.1109 0.6515 0.8244 4.5057 0.0694 0.0694 0.2574 0 0
44 320 1277 0 0 0 0 0 1.0009 0 0.9998 -0.0391 0.0391 0.0645 0.9564 0.998 -0.0055 0.0659 0.0859 1.9522 0.7112 0.02 0.6604 0.8517 4.3891 -0.0339 0.0339 0.3298 0 0
44 321 1269 0 0 0 0 0 1.0006 0 -0.6428 -0.1243 0.268 0.3085 1.0772 0.9784 -3e-04 0.1706 0.2204 1.5524 0.751 -0.0555 0.5901 0.7689 4.3255 -0.0631 0.0631 0.2912 0 0
44 322 1267 0 0 0 0 0 1.0007 0 0.7955 -0.048 0.1101 0.1419 0.8188 0.9894 -0.0232 0.1974 0.2628 3.3075 0.7036 -0.0461 0.6654 0.8345 4.6224 0.0464 0.0464 0.3386 0 0
44 323 1297 0 0 0 0 0 1.0001 0 0.7151 0.1347 0.1477 0.2355 1.0475 0.9885 0.0837 0.131 0.1763 0.9212 0.7421 0.0033 0.6217 0.7779 4.0932 -0.0993 0.0993 0.2854 0 0
44 324 1278 0 0 0 0 0 1.0007 0 0.8115 0.0623 0.2282 0.2629 1.3237 0.9854 0.2271 0.2584 0.2888 1.396 0.7424 0.2157 0.6022 0.763 4.1325 -0.1728 0.1728 0.3469 0 0
44 325 1293 0 0 0 0 0 1.0007 0 0.8091 -0.2185 0.2185 0.2336 1.0043 0.9953 0.2006 0.2838 0.3836 3.6655 0.6754 0.0457 0.6668 0.8353 4.3966 -0.0836 0.0836 0.5093 0 0
44 326 1288 0 0 0 0 0 1.001 0 0.9697 0.1147 0.1453 0.177 1.0665 0.9965 0.1812 0.1849 0.2221 1.1837 0.6895 0.1218 0.6623 0.8477 4.3386 0.003 0.003 0.279 0 0
44 327 1346 0 0 0 0 0 1.0005 0 0.7173 -0.1122 0.2271 0.2334 0.9107 0.9578 0.2022 0.3128 0.3432 1.829 0.7754 0.2815 0.6379 0.8028 4.328 0.0704 0.0704 0.2672 0 0
44 328 1309 0 0 0 0 0 1.0005 0 0.4078 0.1247 0.1915 0.2036 1.0138 0.9826 -0.1405 0.1777 0.2119 1.3327 0.6793 -0.1609 0.7 0.8841 4.2145 -0.0334 0.0334 0.3477 0 0
44 329 1281 0 0 0 0 0 1.0004 0 -0.1862 -0.1962 0.2822 0.315 0.7087 0.9951 -0.118 0.4534 0.5806 3.3224 0.6968 -0.1017 0.6453 0.8074 4.4675 0.0098 0.0098 0.3324 0 0
44 330 1257 0 0 0 0 0 1.0003 0 0.5343 -0.0514 0.0908 0.1274 1.0226 0.9942 0.006 0.145 0.2015 3.1438 0.6816 0.0281 0.7083 0.8876 4.5299 0.0287 0.0287 0.3535 0 0
44 331 1287 0 0 0 0 0 1.0014 0 0.5245 0.077 0.114 0.1658 0.9205 0.9842 0.0318 0.1834 0.2253 1.5145 0.7331 0.0519 0.6424 0.8113 4.345 -0.0899 0.0899 0.3816 0 0
44 332 1334 0 0 0 0 0 1.0004 0 0.8774 -0.1214 0.153 0.2088 0.7816 0.993 -0.1389 0.1792 0.218 1.4117 0.8062 -0.0503 0.547 0.7064 4.4954 0.0841 0.0841 0.2578 0 0
44 333 1300 0 0 0 0 0 1.0003 0 0.0476 -0.2219 0.2219 0.2859 0.8388 0.9833 -0.1508 0.361 0.4625 2.5272 0.6952 0.1544 0.6514 0.8082 4.6931 0.1266 0.1266 0.3174 0 0
44 334 1277 0 0 0 0 0 1.0026 0 0.3271 0.0231 0.1907 0.1972 1.0724 0.972 0.0121 0.2954 0.3243 3.5277 0.5846 0.028 0.7203 0.9065 4.2826 -0.0728 0.0728 0.4026 0 0
44 335 1342 0 0 0 0 0 1.0003 0 -0.8757 0.0657 0.2159 0.263 0.9863 0.9828 0.0108 0.1652 0.2161 1.545 0.7154 -0.122 0.7107 0.8754 4.6276 0.0469 0.0469 0.2961 0 0
44 336 1436 0 0 0 0 0 1.0007 0 0.998 -0.1002 0.1223 0.1382 0.962 0.9959 0.1774 0.1774 0.1967 1.4438 0.7469 0.1529 0.6271 0.7885 4.5032 0.0515 0.0515 0.2889 0 0
44 337 1279 0 0 0 0 0 1.0006 0 0.5164 0.1347 0.1347 0.165 0.9294 0.9956 0.1143 0.1665 0.2059 1.143 0.7198 0.172 0.5956 0.7587 4.0798 -0.1803 0.1803 0.3062 0 0
44 338 1330 0 0 0 0 0 1.0004 0 0.5002 0.0093 0.191 0.2292 1.1188 0.9974 0.2396 0.2396 0.2604 1.9352 0.7702 0.2248 0.6251 0.7979 4.5503 0.0953 0.0953 0.2695 0 0
44 339 1306 0 0 0 0 0 1.0013 0 -0.2799 -0.1427 0.1427 0.1652 0.8897 0.996 -0.1221 0.2057 0.2445 2.5495 0.7238 -0.1439 0.6349 0.7987 4.4219 -0.0328 0.0328 0.443 0 0
44 340 1306 0 0 0 0 0 1.0007 0 0.8217 -0.0212 0.1173 0.1264 0.8811 0.9974 0.1086 0.1371 0.1534 1.6998 0.7271 0.0318 0.6463 0.8163 4.368 0.0065 0.0065 0.3348 0 0
44 341 1261 0 0 0 0 0 1.0014 0 0.8382 0.0763 0.0763 0.0926 1.0395 0.9987 0.2595 0.2732 0.3295 2.7951 0.6991 0.2434 0.6983 0.8828 4.3936 -0.1038 0.1038 0.4354 0 0
44 342 1331 0 0 0 0 0 1.0009 0 0.9781 -0.0172 0.0686 0.073 0.6847 0.992 0.1028 0.1682 0.1973 1.9034 0.7191 0.0293 0.6409 0.8052 4.3812 0.0411 0.0411 0.3026 0 0
44 343 1285 0 0 0 0 0 1.0002 0 0.8161 -0.0711 0.0868 0.1079 0.8027 0.9977 -0.0545 0.0915 0.1224 1.8489 0.6929 -0.0655 0.657 0.8521 4.3359 -0.0478 0.0478 0.3599 0 0
44 344 1202 0 0 0 0 0 1.0002 0 -0.0762 0.0781 0.199 0.2604 1.055 0.992 0.0464 0.1348 0.1678 2.2598 0.6743 0.1825 0.6981 0.9011 4.3682 -0.0345 0.0345 0.3295 0 0
44 345 1305 0 0 0 0 0 1.0016 0 0.7791 -0.0877 0.1176 0.1285 0.7913 0.9983 -0.0154 0.0786 0.1005 2.2876 0.734 -0.1025 0.6424 0.8105 4.5735 0.1052 0.1052 0.3112 0 0
44 346 1325 0 0 0 0 0 1.0005 0 0.9052 -0.0328 0.0731 0.0891 0.7943 0.9985 0.0543 0.0692 0.0943 1.398 0.7584 0.1013 0.5927 0.7337 4.3121 -0.0035 0.0035 0.3075 0 0
44 347 1196 0 0 0 0 0 1.0012 0 0.9668 -0.0688 0.075 0.0886 1.1218 0.9891 0.0434 0.1534 0.1829 2.8154 0.636 0.0922 0.6716 0.8568 4.328 -0.1062 0.1062 0.4148 0 0
44 348 1308 0 0 0 0 0 1.0003 0 -0.8011 0.0185 0.1549 0.173 0.8776 0.9972 -5e-04 0.1092 0.1256 1.6781 0.724 -0.0355 0.6221 0.7803 4.1405 -0.0697 0.0697 0.2843 0 0
44 349 1304 0 0 0 0 0 1.0012 0 0.5322 -0.0624 0.0987 0.1413 0.9764 0.9802 0.2676 0.2676 0.3245 2.4636 0.7118 0.1466 0.6682 0.8471 4.3843 -0.0753 0.0753 0.4986 0 0
44 350 1241 0 0 0 0 0 1.0007 0 0.9923 -0.0361 0.0361 0.0444 0.9345 0.9951 0.1269 0.1294 0.1539 1.2392 0.7236 0.1 0.6136 0.7597 4.4201 -0.0035 0.0035 0.3638 0 0
44 351 1345 0 0 0 0 0 1.0006 0 0.989 -0.1197 0.1197 0.1505 0.6922 0.9961 0.2004 0.2518 0.3265 1.9933 0.7048 -0.005 0.6512 0.8351 4.6188 0.0994 0.0994 0.2991 0 0
44 352 1277 0 0 0 0 0 1.0034 0 -0.3724 -0.0256 0.0456 0.0629 1.0156 0.993 0.0798 0.1145 0.1635 2.0309 0.6651 0.1195 0.6331 0.8334 4.3006 -0.1573 0.1573 0.4272 0 0
44 353 1329 0 0 0 0 0 1.0004 0 0.9608 0.0019 0.16 0.1944 0.9916 0.9965 -0.0616 0.1277 0.1368 2.1064 0.7607 0.029 0.5795 0.7356 4.3912 -0.0043 0.0043 0.3024 0 0
44 354 1325 0 0 0 0 0 1.0002 0 0.9428 0.0082 0.1286 0.1468 0.7623 0.9954 0.186 0.186 0.2153 1.2019 0.7792 0.0559 0.5825 0.7491 4.3258 -0.0282 0.0282 0.3233 0 0
44 355 1327 0 0 0 0 0 1.0006 0 0.808 -0.1397 0.1935 0.242 0.7693 0.9839 0.1125 0.2662 0.3116 1.7725 0.7661 0.1348 0.5812 0.7425 4.5085 0.0448 0.0448 0.2636 0 0
44 356 1311 0 0 0 0 0 1.0008 0 0.2984 -0.0126 0.1119 0.1149 0.8061 0.9858 0.0067 0.1784 0.2258 1.5192 0.6801 0.054 0.6617 0.8424 4.7476 0.085 0.085 0.3336 0 0
44 357 1264 0 0 0 0 0 1.0003 0 0.9875 -0.0132 0.0435 0.0534 0.8479 0.9794 -0.125 0.2016 0.2323 1.5577 0.748 -0.1346 0.6513 0.8291 4.6205 0.0765 0.0765 0.3099 0 0
44 358 1360 0 0 0 0 0 1.0004 0 0.2956 0.2202 0.2803 0.3113 0.9039 0.9952 -0.0711 0.0996 0.1254 0.9036 0.7759 -0.0277 0.5909 0.7459 4.437 0.0474 0.0474 0.2269 0 0
44 359 1384 0 0 0 0 0 1.0003 0 0.7297 -0.0503 0.1467 0.1468 0.8483 0.9961 0.0995 0.1161 0.1812 1.7591 0.809 0.0891 0.5503 0.7008 4.3885 0.0145 0.0145 0.2691 0 0
44 360 1350 0 0 0 0 0 1.0004 0 0.9907 0.045 0.045 0.0503 0.8449 0.9993 -0.2548 0.2947 0.329 1.7805 0.7333 -0.2353 0.675 0.8441 4.1719 -0.0607 0.0607 0.3265 0 0
44 361 1248 0 0 0 0 0 1.0004 0 0.9998 -0.1367 0.1367 0.1495 0.8692 0.9996 0.006 0.1444 0.1851 2.6494 0.6776 -0.0298 0.6574 0.8277 4.2948 0.0076 0.0076 0.3459 0 0
44 362 1259 3 0 0 0 0 1.0036 0 0.9997 -0.1745 0.1745 0.2184 1.0403 0.9925 0.0543 0.2199 0.284 2.5713 0.663 -0.0335 0.6398 0.802 4.7276 0.0665 0.0665 0.4749 1 0
44 363 1299 0 0 0 0 0 1.0005 0 0.9872 0.0606 0.1065 0.1098 0.8975 0.9963 -0.2995 0.2995 0.3314 1.3131 0.7498 -0.1919 0.6212 0.7958 4.3136 -0.0835 0.0835 0.2994 0 0
44 364 1298 0 0 0 0 0 1.0006 0 0.9465 -0.0293 0.0685 0.0696 0.7825 0.9945 0.0673 0.1132 0.1391 1.2092 0.7554 0.0965 0.6005 0.7777 4.27 0.0304 0.0304 0.2696 0 0
44 365 1327 0 0 0 0 0 1.0003 0 0.9451 0.0648 0.1257 0.128 0.7338 0.9948 0.1356 0.1626 0.1801 1.4688 0.707 0.143 0.6421 0.8032 4.4073 0.0158 0.0158 0.3264 0 0
44 366 1264 0 0 0 0 0 1.0004 0 -0.6731 0.1488 0.2514 0.3023 1.0546 0.9829 0.0044 0.3006 0.3836 1.624 0.7396 0.0244 0.619 0.7929 4.2914 -0.0641 0.0641 0.3152 0 0
44 367 1316 0 0 0 0 0 1.0002 0 0.8354 -0.1629 0.2081 0.2745 0.8384 0.9943 -0.0923 0.1906 0.2474 2.0418 0.8015 0.044 0.548 0.7093 4.2784 0.0282 0.0282 0.2591 0 0
44 368 1302 0 0 0 0 0 1.0008 0 0.9572 -0.1225 0.1225 0.1227 0.7349 0.9953 0.0861 0.2723 0.3271 4.2796 0.5738 -0.1493 0.7239 0.9124 4.7704 0.0754 0.0754 0.4014 0 0
44 369 1249 0 0 0 0 0 1.0012 0 0.9912 -0.1142 0.2124 0.2199 1.2932 0.9924 0.0125 0.183 0.2659 2.3329 0.7341 -0.0029 0.6019 0.7555 4.478 0.0134 0.0134 0.3594 0 0
44 370 1312 0 0 0 0 0 1.0005 0 0.986 -0.0316 0.1408 0.1688 0.9793 0.9797 -0.1081 0.247 0.3082 1.7311 0.7419 -0.0298 0.5747 0.739 4.1803 -0.1744 0.1744 0.3549 0 0
44 371 1313 0 0 0 0 0 1.0006 0 0.9344 -0.0606 0.2141 0.2178 1.2197 0.9923 -0.1253 0.1979 0.2562 1.9121 0.7535 -0.0393 0.595 0.758 4.2425 -0.083 0.083 0.2989 0 0
44 372 1328 0 0 0 0 0 1.0006 0 0.992 -0.0248 0.0767 0.0964 0.8188 0.9939 0.0736 0.131 0.1688 1.4244 0.7496 0.0363 0.6213 0.771 4.4098 -0.0287 0.0287 0.321 0 0
44 373 1364 0 0 0 0 0 1.0005 0 0.9964 -0.0217 0.1548 0.1587 1.0842 0.9895 0.0945 0.1424 0.2513 1.7945 0.8084 -0.0369 0.545 0.6967 4.3088 0.0522 0.0522 0.231 0 0
44 374 1501 0 0 0 0 0 1.0005 0 0.8063 -0.1518 0.1518 0.1886 0.7385 0.9978 0.2348 0.2348 0.2855 1.2232 0.8067 0.1185 0.5769 0.7261 4.6439 0.1023 0.1023 0.2442 0 0
44 375 1323 0 0 0 0 0 1.0002 0 0.9453 -0.06 0.0878 0.116 0.8058 0.9918 -0.1997 0.2306 0.248 1.5535 0.7531 -0.1171 0.6195 0.7751 4.4139 0.0382 0.0382 0.2667 0 0
44 376 1442 0 0 0 0 0 1.0009 0 -0.8534 -0.1499 0.2804 0.3818 0.8612 0.9947 0.0697 0.1456 0.1721 2.1434 0.791 0.1979 0.6127 0.7771 4.3944 0.0632 0.0632 0.2745 0 0
44 377 1339 0 0 0 0 0 1.0002 0 0.7605 0.0633 0.1535 0.1822 0.7992 0.9859 0.2475 0.2475 0.3132 1.5044 0.7736 0.0626 0.6207 0.7775 4.6318 0.1367 0.1367 0.2371 0 0
44 378 1298 0 0 0 0 0 1.0006 0 0.9835 -0.0029 0.141 0.1541 0.9776 0.9718 -0.0608 0.2392 0.3405 3.0764 0.665 0.0551 0.6896 0.8603 4.3197 -0.0519 0.0519 0.3242 0 0
44 379 1660 0 0 0 0 0 1.0008 0 0.923 -0.0238 0.1558 0.1771 1.1919 0.9978 -0.0178 0.1243 0.1515 2.3972 0.7152 -0.1388 0.6818 0.8528 4.5388 0.085 0.085 0.3015 0 0
44 380 1288 0 0 0 0 0 1.0004 0 -0.6938 0.0332 0.0828 0.1051 0.829 0.9916 0.2339 0.2339 0.2794 1.2395 0.7356 0.2085 0.6382 0.8088 4.3618 -0.0511 0.0511 0.3069 0 0
44 381 1370 0 0 0 0 0 1.0011 0 0.827 -0.0902 0.1155 0.1352 0.8516 0.9978 -0.0722 0.2453 0.2948 2.7731 0.7395 -0.0465 0.6323 0.8162 4.8494 0.149 0.149 0.2923 0 0
44 382 1276 0 0 0 0 0 1.0013 0 1 -0.0273 0.0273 0.0388 0.7505 0.9923 0.1173 0.1334 0.1728 1.7412 0.7362 -0.0038 0.7053 0.8814 4.7935 0.1201 0.1201 0.325 0 0
44 383 1230 0 0 0 0 0 1.0005 0 -0.8688 0.2569 0.2946 0.3535 1.1543 0.9961 -0.0306 0.193 0.2237 1.6467 0.6686 0.0542 0.6346 0.809 4.2092 -0.1685 0.1685 0.347 0 0
44 384 1260 0 0 0 0 0 1.0006 0 0.6593 -0.144 0.2286 0.2763 0.9643 0.9899 0.4399 0.4884 0.775 5.9025 0.7003 0.0161 0.6488 0.828 4.4574 -0.0129 0.0129 0.3004 0 0
44 385 1325 0 0 0 0 0 1.0003 0 0.7421 0.0382 0.1031 0.1296 0.7911 0.9971 -0.0688 0.0884 0.1113 1.4739 0.7252 -0.0448 0.6691 0.8601 4.3203 0.0845 0.0845 0.2679 0 0
44 386 1273 0 0 0 0 0 1.0029 0 0.7952 0.0344 0.2127 0.2415 1.402 0.9778 0.0271 0.1901 0.2324 2.177 0.7448 0.1297 0.5993 0.7516 4.2839 -0.0907 0.0907 0.3333 0 0
44 387 1314 0 0 0 0 0 1.0006 0 0.9931 -0.1325 0.1325 0.1457 0.964 0.9968 0.0078 0.1764 0.209 2.0458 0.7679 0.1291 0.5947 0.7616 4.5862 0.0704 0.0704 0.2773 0 0
44 388 1325 0 0 0 0 0 1.0025 0 0.9985 -0.1464 0.1464 0.1825 1.0477 0.9961 -0.0831 0.1718 0.2311 2.8317 0.754 -0.0809 0.6162 0.7707 4.593 0.0586 0.0586 0.3423 0 0
44 389 1325 0 0 0 0 0 1.0009 0 0.9454 0.1765 0.2012 0.2913 1.2466 0.9955 -0.062 0.1017 0.145 1.3717 0.7973 -0.0832 0.5326 0.6738 4.1607 -0.1389 0.1389 0.287 0 0
44 390 1251 0 0 0 0 0 1.0008 0 -0.5827 0.0176 0.1573 0.1786 0.8107 0.9949 -0.1388 0.151 0.21 1.4524 0.7446 -0.0096 0.6154 0.7744 4.3319 -0.0209 0.0209 0.2959 0 0
44 391 1301 0 0 0 0 0 1.0005 0 0.8913 -0.0205 0.0728 0.0897 0.8886 0.9987 -0.013 0.0828 0.1063 1.4084 0.7552 0.0394 0.5735 0.7149 4.4549 0.0363 0.0363 0.2977 0 0
44 392 1279 0 0 0 0 0 1.0008 0 0.9842 -0.2037 0.2037 0.2157 0.853 0.9927 0.1521 0.3244 0.4118 2.6536 0.7072 -0.0124 0.6452 0.8199 4.547 0.0967 0.0967 0.2854 0 0
44 393 1293 0 0 0 0 0 1.0003 0 0.9376 -0.2845 0.2845 0.3312 0.7921 0.9658 0.0982 0.3304 0.4565 2.7392 0.6637 0.0724 0.6792 0.8588 4.8822 0.1113 0.1113 0.3759 0 0
44 394 1345 0 0 0 0 0 1.0003 0 0.889 -0.1383 0.1383 0.1674 0.8263 0.9934 -0.2102 0.2303 0.2872 1.6934 0.7743 -0.2216 0.5866 0.7498 4.551 0.0532 0.0532 0.3022 0 0
44 395 1334 0 0 0 0 0 1.0015 0 0.9926 -0.2317 0.2317 0.2363 1.0652 0.9869 0.3291 0.3787 0.5138 2.2902 0.7637 0.171 0.5988 0.7652 4.4306 0.0693 0.0693 0.2944 0 0
44 396 1248 0 0 0 0 0 1.0007 0 -0.5052 -0.0067 0.1727 0.1878 0.8519 0.9723 -0.3066 0.3469 0.4165 2.4272 0.6353 0.0158 0.6884 0.8692 4.4694 0.0101 0.0101 0.3899 0 0
44 397 1688 0 0 0 0 0 1.0005 0 0.8532 -0.1703 0.1703 0.2277 0.7731 0.9846 0.1724 0.2827 0.3975 1.7776 0.7832 0.0957 0.6145 0.7885 4.7598 0.2122 0.2122 0.2176 0 0
44 398 1284 0 0 0 0 0 1.0005 0 0.9992 -0.1102 0.1414 0.157 1.3052 0.9939 0.0311 0.2445 0.2905 2.8013 0.7099 0.0455 0.6296 0.8177 4.4507 -0.0234 0.0234 0.3875 0 0
44 399 1329 0 0 0 0 0 1.0005 0 0.8982 -0.1281 0.137 0.168 0.7837 0.9974 -0.0075 0.1105 0.1292 0.962 0.775 0.1053 0.5646 0.7265 4.4971 0.046 0.046 0.2479 0 0
44 400 1357 0 0 0 0 0 1.0011 0 -0.0022 -0.1142 0.3102 0.3511 0.8121 0.9896 0.1084 0.2391 0.2776 2.1993 0.7483 0.1529 0.6387 0.7876 4.6385 0.0965 0.0965 0.2628 0 0
44 401 1383 0 0 0 0 0 1.0012 0 0.9806 -0.0052 0.1272 0.1549 0.9895 0.9981 -0.3175 0.3175 0.3266 0.7412 0.8375 -0.2648 0.5573 0.6938 4.4091 -0.0254 0.0254 0.2437 0 0
44 402 1339 0 0 0 0 0 1.0004 0 0.9999 0.1098 0.1098 0.1105 1.0533 0.9992 -0.1061 0.1248 0.1505 0.9421 0.778 -0.0751 0.5857 0.7547 4.1358 -0.0647 0.0647 0.2928 0 0
44 403 1349 0 0 0 0 0 1.0005 0 0.3045 0.0469 0.1602 0.1611 0.809 0.9924 0.3083 0.3083 0.3325 1.0258 0.7698 0.24 0.6118 0.784 4.4905 0.0695 0.0695 0.2638 0 0
44 404 1269 0 0 0 0 0 1.0005 0 0.971 0.0693 0.0693 0.0781 1.1208 0.9989 0.0015 0.0786 0.0953 5.5066 0.5178 0.0108 0.7417 0.9158 4.1194 -0.3375 0.3375 0.5726 0 0
44 405 1257 0 0 0 0 0 1.0007 0 0.9987 -0.2661 0.2661 0.2706 1.1197 0.9982 0.0797 0.3631 0.4403 3.7491 0.7061 -0.1458 0.625 0.7886 4.747 0.048 0.048 0.3921 0 0
44 406 1426 0 0 0 0 0 1.0011 0 0.9907 -0.321 0.321 0.3609 0.8007 0.998 -0.2552 0.5043 0.6148 3.3618 0.6846 0.102 0.6731 0.8471 4.7768 0.153 0.153 0.3275 0 0
44 407 1302 0 0 0 0 0 1.0005 0 0.9923 -0.0607 0.0607 0.0755 0.7839 0.9982 0.0891 0.1542 0.1785 2.2651 0.6761 0.0656 0.6446 0.8277 4.4016 0.0021 0.0021 0.3598 0 0
44 408 1369 0 0 0 0 0 1.0005 0 0.8866 -0.1345 0.2239 0.2611 0.9074 0.9877 0.014 0.1256 0.1654 1.2158 0.773 -0.0073 0.5656 0.7119 4.4632 0.037 0.037 0.2736 0 0
44 409 1285 0 0 0 0 0 1.0003 0 0.8079 0.0737 0.0851 0.1167 0.8777 0.996 -0.0697 0.0874 0.1116 1.1457 0.6976 -0.0623 0.6426 0.814 4.3253 -0.0635 0.0635 0.3083 0 0
44 410 1377 0 0 0 0 0 1.0013 0 0.2807 0.1516 0.1988 0.287 1.0844 0.9926 0.2415 0.2645 0.3023 1.8263 0.7174 0.1414 0.6843 0.8697 4.3073 -0.0744 0.0744 0.3072 0 0
44 411 1277 0 0 0 0 0 1.001 0 0.9997 0.1811 0.1811 0.2781 1.468 0.987 0.2179 0.2201 0.2574 1.0643 0.7489 0.2133 0.6413 0.8193 4.4716 0.0529 0.0529 0.2871 0 0
44 412 1248 0 0 0 0 0 1.0009 0 0.9634 -0.0754 0.1086 0.1367 1.03 0.9929 0.0179 0.1295 0.1604 1.9313 0.6981 0.0831 0.6817 0.8568 4.1985 -0.1233 0.1233 0.4213 0 0
44 413 1330 0 0 0 0 0 1.0011 0 0.9921 0.0062 0.2126 0.2387 1.2513 0.9947 0.0349 0.1812 0.2382 3.3706 0.733 -0.1327 0.6497 0.8047 4.3391 0.0035 0.0035 0.2555 0 0
44 414 1242 0 0 0 0 0 1.0004 0 0.8297 0.0718 0.1288 0.1336 1.087 0.9974 -0.1633 0.1642 0.2068 1.8335 0.6914 -0.0336 0.6737 0.8284 4.2799 -0.0859 0.0859 0.3835 0 0
44 415 1337 0 0 0 0 0 1.0006 0 0.3648 0.0849 0.1436 0.1602 0.8452 0.9925 0.1946 0.1946 0.2325 1.524 0.7156 -0.0463 0.6288 0.8139 4.2554 -0.0015 0.0015 0.3418 0 0
44 416 1335 0 0 0 0 0 1.0004 0 0.9011 -0.0604 0.1063 0.1111 0.7833 0.9913 -0.0751 0.2193 0.3128 3.3486 0.6678 -0.0095 0.692 0.8761 4.7318 0.0934 0.0934 0.3106 0 0
44 417 1349 0 0 0 0 0 1.0009 0 0.8949 -0.1662 0.1662 0.1843 0.7485 0.9949 0.1467 0.204 0.2238 1.5196 0.7481 0.1585 0.6025 0.7537 4.518 0.0486 0.0486 0.256 0 0
44 418 1295 0 0 0 0 0 1.0009 0 0.6467 -0.0207 0.2149 0.2234 1.0985 0.9947 0.0575 0.1833 0.2123 4.1595 0.7226 0.21 0.6771 0.8477 4.6329 0.0354 0.0354 0.3349 0 0
44 419 1240 0 0 0 0 0 1.0009 0 0.4981 -0.2135 0.2135 0.2454 0.9332 0.9971 -0.0442 0.307 0.4149 3.4742 0.668 -0.0098 0.6402 0.7964 4.3075 -0.067 0.067 0.4178 0 0
44 420 1257 9 0 0 0 0 1.0002 0 0.9061 -0.1223 0.1223 0.183 0.9675 0.7177 -1.3207 1.3566 2.2973 20.0499 0.6073 -0.0082 0.787 0.9791 4.634 -0.0075 0.0075 0.5835 1 0
44 421 1277 0 0 0 0 0 1.001 0 0.9175 -0.1018 0.192 0.2011 1.0441 0.9711 -0.2676 0.373 0.5374 4.3332 0.6862 0.1177 0.6638 0.8288 4.7163 0.1007 0.1007 0.3021 0 0
44 422 1322 0 0 0 0 0 1.0004 0 0.9976 0.0283 0.1644 0.1959 1.1071 0.9838 0.1214 0.2911 0.3803 2.7077 0.6816 -0.0815 0.6436 0.8376 4.2959 -0.0778 0.0778 0.3288 0 0
44 423 1265 0 0 0 0 0 1.0014 0 0.8889 -0.0789 0.1035 0.1219 1.2399 0.9929 0.134 0.2172 0.2929 3.7116 0.656 -0.0577 0.6851 0.874 4.2391 -0.1571 0.1571 0.4966 0 0
44 424 1275 0 0 0 0 0 1.0004 0 0.9035 -0.1435 0.1513 0.1889 0.9359 0.9988 0.1495 0.2062 0.2448 2.8865 0.7279 0.1965 0.6302 0.79 4.194 -0.1122 0.1122 0.3662 0 0
44 425 1345 0 0 0 0 0 1.0006 0 0.8907 -0.1575 0.1575 0.1955 0.7472 0.9966 0.0078 0.1195 0.1328 1.9908 0.7724 -0.1045 0.6013 0.7535 4.5205 0.1197 0.1197 0.2999 0 0
44 426 1612 0 0 0 0 0 1.0003 0 0.4472 -0.1994 0.1994 0.2813 0.7012 0.9971 0.0039 0.3334 0.3867 3.127 0.7602 -0.1598 0.6427 0.8314 5.0609 0.2234 0.2234 0.235 0 0
44 427 1297 0 0 0 0 0 1.0009 0 0.6834 -0.1078 0.1934 0.2447 1.0715 0.9613 0.063 0.2561 0.3536 1.8649 0.7529 -0.1114 0.5849 0.7616 4.3423 -0.0079 0.0079 0.2837 0 0
44 428 1287 0 0 0 0 0 1.0009 0 0.9738 0.1019 0.1019 0.1252 0.8966 0.9982 0.2019 0.2019 0.2538 1.2911 0.7268 0.1049 0.6707 0.8478 4.4178 2e-04 2e-04 0.2711 0 0
44 429 1262 0 0 0 0 0 1.001 0 0.9873 -0.0165 0.1415 0.1627 1.147 0.9843 0.2701 0.2772 0.4596 4.6723 0.7081 0.0318 0.6677 0.8531 4.5178 -0.0159 0.0159 0.3935 0 0
44 430 1302 0 0 0 0 0 1.0008 0 0.9922 0.0326 0.0587 0.0685 0.9168 0.993 -0.0493 0.0983 0.1199 1.0681 0.7385 -0.0544 0.6232 0.7875 4.3843 -0.0368 0.0368 0.3171 0 0
44 431 1361 0 0 0 0 0 1.001 0 0.9662 -0.1349 0.1349 0.1639 1.0553 0.9784 -0.0763 0.2396 0.3363 2.8933 0.7221 0.1371 0.6624 0.8401 4.6538 0.1329 0.1329 0.2865 0 0
44 432 1321 0 0 0 0 0 1.0007 0 0.7572 -0.0348 0.1388 0.1538 1.0147 0.9934 0.2031 0.2037 0.2418 1.7943 0.7119 0.1178 0.6719 0.8421 4.2621 -0.0706 0.0706 0.3429 0 0
44 433 1255 0 0 0 0 0 1.0007 0 0.9806 0.0428 0.0985 0.1274 1.5333 0.994 -0.048 0.106 0.1338 2.6893 0.613 -0.0064 0.6774 0.866 4.2598 -0.0795 0.0795 0.3642 0 0
44 434 1245 0 0 0 0 0 1.0006 0 -0.9958 0.0036 0.2572 0.2767 1.6406 0.9701 -0.0466 0.231 0.2948 2.6679 0.6516 0.0415 0.6944 0.8773 4.2739 -0.0861 0.0861 0.4448 0 0
44 435 1322 0 0 0 0 0 1.001 0 0.5045 -0.0056 0.0657 0.0788 0.774 0.9964 0.0939 0.1436 0.1598 2.4901 0.688 0.0911 0.6842 0.8467 4.6089 0.0505 0.0505 0.4033 0 0
44 436 1280 0 0 0 0 0 1.0004 0 0.9063 -0.0102 0.1309 0.1461 0.9759 0.9957 0.049 0.1323 0.1664 2.0717 0.7442 0.1197 0.604 0.7661 4.4254 -0.0332 0.0332 0.3309 0 0
44 437 1404 0 0 0 0 0 1.0008 0 0.7359 -0.0726 0.1487 0.1791 0.8541 0.9794 -0.0247 0.216 0.3074 2.6889 0.6604 0.0759 0.6623 0.8509 4.4583 0.0663 0.0663 0.3566 0 0
44 438 1333 0 0 0 0 0 1.0007 0 0.7908 -0.0745 0.1164 0.1248 0.8533 0.9745 0.034 0.2087 0.2393 1.5911 0.6854 -0.0391 0.6477 0.8167 4.5607 0.0476 0.0476 0.3457 0 0
44 439 1255 0 0 0 0 0 1.0007 0 0.2471 -0.0156 0.3749 0.3984 1.6201 0.9621 0.2992 0.4421 0.593 4.0106 0.6835 0.0538 0.641 0.8196 4.3509 -0.0817 0.0817 0.3812 0 0
44 440 1275 0 0 0 0 0 1.0005 0 0.3264 0.0808 0.2491 0.3074 1.5347 0.9535 8e-04 0.5173 0.7208 5.6331 0.6381 0.2259 0.7197 0.8968 4.2495 -0.1099 0.1099 0.4192 0 0
44 441 1333 0 0 0 0 0 1.0015 0 0.956 -0.0013 0.165 0.1852 1.1854 0.9949 0.181 0.2109 0.2449 2.0401 0.8031 0.1674 0.558 0.7159 4.4635 0.002 0.002 0.2508 0 0
44 442 1254 0 0 0 0 0 1.002 0 0.7968 -0.0182 0.1414 0.1534 1.2323 0.9946 -0.0232 0.1305 0.1832 2.236 0.7108 -0.0299 0.6458 0.8218 4.3969 -0.0606 0.0606 0.3471 0 0
44 443 1319 0 0 0 0 0 1.0005 0 0.0956 -0.1361 0.1474 0.2086 0.7448 0.9941 0.0486 0.1729 0.213 2.3294 0.7175 -0.0463 0.664 0.8366 4.5946 0.1059 0.1059 0.3301 0 0
44 444 1285 0 0 0 0 0 1.0008 0 0.7344 -0.0217 0.1415 0.1654 0.8657 0.9952 0.0404 0.1271 0.1545 2.3877 0.7053 -0.1053 0.6352 0.8082 4.5868 0.0229 0.0229 0.3428 0 0
44 445 1245 0 0 0 0 0 1.0004 0 0.1521 -0.0687 0.1753 0.1765 0.835 0.9931 0.2174 0.386 0.4767 3.239 0.6862 0.1265 0.6946 0.8683 5.0612 0.1668 0.1668 0.3066 0 0
44 446 1259 0 0 0 0 0 1.0009 0 0.82 0.011 0.1112 0.1201 1.4565 0.9751 -0.0163 0.1837 0.2438 2.1863 0.6302 -0.0306 0.7165 0.9041 4.3023 -0.1195 0.1195 0.44 0 0
44 447 1278 0 0 0 0 0 1.0003 0 0.4931 0.0574 0.1303 0.1603 1.104 0.9976 -0.0219 0.1322 0.173 2.0809 0.7456 -0.0753 0.6388 0.8105 4.2792 -0.08 0.08 0.3253 0 0
44 448 1309 0 0 0 0 0 1.0006 0 0.6054 -0.1598 0.1661 0.1998 0.8061 0.9889 0.0229 0.2238 0.2868 2.4365 0.739 -0.1552 0.5818 0.7359 4.3498 -0.0217 0.0217 0.3725 0 0
44 449 1293 0 0 0 0 0 1.0009 0 0.9461 0.0326 0.0807 0.1013 0.9764 0.9927 -0.0752 0.1096 0.1448 2.4302 0.7254 -0.0521 0.6554 0.8231 4.4295 0.0211 0.0211 0.3399 0 0
44 450 1281 0 0 0 0 0 1.0004 0 0.9661 0.0488 0.053 0.0635 0.9954 0.9962 -0.0407 0.0904 0.1146 1.3457 0.6759 -0.0689 0.6103 0.7707 4.143 -0.1961 0.1961 0.3266 0 0
44 451 1420 0 0 0 0 0 1.0009 0 0.932 -0.1508 0.1508 0.1905 0.8673 0.9746 0.5957 0.6633 1.0638 5.948 0.5961 0.0173 0.8051 1.0117 5.0462 0.1993 0.1993 0.2667 0 0
44 452 1243 0 0 0 0 0 1.0011 0 0.8284 0.1948 0.2234 0.3048 1.1103 0.9904 0.1008 0.1453 0.216 2.5884 0.6549 0.065 0.6462 0.8101 4.1075 -0.1684 0.1684 0.3793 0 0
44 453 1289 0 0 0 0 0 1.0008 0 0.8748 0.1431 0.2203 0.2755 1.5018 0.98 0.102 0.2018 0.2309 1.7826 0.672 -0.0162 0.7085 0.8848 4.2352 -0.0788 0.0788 0.3718 0 0
44 454 1308 0 0 0 0 0 1.0004 0 0.8265 -0.0739 0.1514 0.1743 0.9591 0.9973 -0.1023 0.1506 0.1812 1.8549 0.7377 -0.1352 0.6352 0.8138 4.4557 0.0956 0.0956 0.245 0 0
44 455 1232 0 0 0 0 0 1.0004 0 0.8782 -0.3437 0.3437 0.3854 0.8346 0.9964 -0.163 0.5708 0.7636 4.5149 0.6594 -0.0885 0.7102 0.8953 4.9883 0.096 0.096 0.4458 0 0
44 456 1311 0 0 0 0 0 1.0007 0 0.6296 0.0219 0.1213 0.1501 1.0225 0.9993 0.1363 0.1363 0.1587 2.1046 0.7484 0.0177 0.6075 0.7794 4.2803 0.0427 0.0427 0.3001 0 0
44 457 1243 0 0 0 0 0 1.0007 0 0.2512 0.0237 0.2358 0.2449 1.0144 0.9916 0.2734 0.2869 0.3864 2.9111 0.6947 -0.0251 0.6838 0.8718 4.3224 -0.1326 0.1326 0.4382 0 0
44 458 1305 0 0 0 0 0 1.0015 0 0.988 0.0936 0.1412 0.1527 1.2286 0.9896 0.0664 0.106 0.1512 2.2598 0.7108 0.0672 0.6998 0.8723 4.3509 0.0093 0.0093 0.3006 0 0
44 459 1294 0 0 0 0 0 1.0005 0 0.9971 -0.0354 0.1044 0.1069 1.146 0.9981 -0.171 0.2409 0.3031 3.4017 0.7363 -0.0562 0.5761 0.7494 4.384 -0.0172 0.0172 0.3824 0 0
44 460 1325 0 0 0 0 0 1.0006 0 0.9683 -0.1559 0.1559 0.1735 0.7348 0.99 0.0535 0.1772 0.2059 1.9086 0.7026 0.0096 0.6878 0.8531 4.8212 0.1253 0.1253 0.3473 0 0
44 461 1284 0 0 0 0 0 1.0005 0 0.9446 -0.0138 0.1008 0.1029 1.1593 0.9906 -0.0029 0.1353 0.1852 3.1937 0.6635 -5e-04 0.6814 0.8485 4.4365 -0.0332 0.0332 0.403 0 0
44 462 1341 0 0 0 0 0 1.0005 0 -0.4696 -0.0505 0.2043 0.2052 0.8419 0.975 -0.0025 0.3305 0.4189 2.6817 0.6941 -0.1759 0.7334 0.9161 4.7337 0.1524 0.1524 0.2765 0 0
44 463 1278 0 0 0 0 0 1.0012 0 -0.1614 -0.1741 0.1741 0.2419 0.8287 0.9969 -0.2009 0.3528 0.4361 3.1538 0.6333 -0.2436 0.7006 0.8601 4.5751 0.0222 0.0222 0.3648 0 0
44 464 1369 0 0 0 0 0 1.0009 0 0.7148 0.0805 0.1887 0.2048 1.0941 0.9898 -0.1144 0.1884 0.2167 2.0355 0.7035 -0.0232 0.628 0.8099 4.2365 -0.0268 0.0268 0.3388 0 0
44 465 1328 0 0 0 0 0 1.0007 0 0.5256 -0.1111 0.2213 0.2384 0.8985 0.9831 0.1796 0.3744 0.5951 3.7515 0.6801 0.0013 0.6632 0.8578 4.5209 0.0717 0.0717 0.2842 0 0
44 466 1352 0 0 0 0 0 1.0007 0 0.9982 -0.2029 0.2029 0.2115 0.7275 0.993 -0.0133 0.1768 0.2034 1.2343 0.7656 0.0244 0.5818 0.7238 4.3734 0.0043 0.0043 0.2981 0 0
44 467 1297 0 0 0 0 0 1.0004 0 0.9974 -0.068 0.1579 0.1687 1.0328 0.9923 0.1205 0.2193 0.3362 2.6997 0.7822 0.0171 0.5672 0.7201 4.4479 0.022 0.022 0.2883 0 0
44 468 1296 0 0 0 0 0 1.0006 0 0.9753 0.2839 0.2839 0.3001 1.1755 0.9942 0.245 0.2672 0.3348 1.7349 0.699 0.2294 0.7029 0.8936 4.0729 -0.2091 0.2091 0.3533 0 0
44 469 1281 0 0 0 0 0 1.0008 0 -0.5391 -0.0421 0.1008 0.1296 0.9613 0.9959 -0.3234 0.3234 0.3822 3.0209 0.6862 -0.1582 0.6346 0.8027 4.2812 -0.0544 0.0544 0.3627 0 0
44 470 1245 0 0 0 0 0 1.0013 0 0.9156 -0.0217 0.1434 0.1667 1.0014 0.9884 -0.1678 0.1951 0.2369 1.7915 0.6791 -0.0285 0.6783 0.8525 4.305 -0.0809 0.0809 0.4566 0 0
44 471 1293 0 0 0 0 0 1.0006 0 1 0.1147 0.1147 0.133 1.0644 0.9968 0.2572 0.2572 0.2719 1.3318 0.7611 0.1441 0.627 0.8177 4.1616 -0.1435 0.1435 0.3061 0 0
44 472 1255 0 0 0 0 0 1.0016 0 0.9876 0.0317 0.2353 0.2803 1.3001 0.9439 -0.0548 0.2524 0.3305 2.0887 0.708 0.0042 0.6282 0.8029 4.3636 -0.0507 0.0507 0.3314 0 0
44 473 1318 0 0 0 0 0 1.0005 0 0.5807 -0.024 0.1179 0.1234 0.8498 0.9947 -0.1205 0.1429 0.1908 1.529 0.7256 -0.0383 0.6531 0.8343 4.3262 0.0094 0.0094 0.3092 0 0
44 474 1270 0 0 0 0 0 1.0008 0 0.9883 0.0087 0.0809 0.0957 1.1632 0.9875 0.103 0.1319 0.1999 1.931 0.6989 0.0547 0.6273 0.8086 4.4701 0.0033 0.0033 0.3387 0 0
44 475 1297 0 0 0 0 0 1.0007 0 0.6619 -0.0272 0.113 0.1338 1.036 0.9911 0.1142 0.1602 0.2041 1.7004 0.6954 0.1079 0.6413 0.8209 4.1879 -0.0374 0.0374 0.3531 0 0
44 476 1286 0 0 0 0 0 1.0004 0 0.9698 -0.1008 0.1685 0.1752 0.6647 0.9946 0.0712 0.1826 0.2226 1.6034 0.7169 0.1113 0.6599 0.8255 4.6641 0.0945 0.0945 0.295 0 0
44 477 1627 0 0 0 0 0 1.0004 0 0.9953 -0.0671 0.0969 0.1311 1.0121 0.9825 -0.0504 0.1496 0.2577 2.1842 0.7574 0.0527 0.6132 0.7581 4.6228 0.0947 0.0947 0.2892 0 0
44 478 1241 0 0 0 0 0 1.0008 0 0.2937 -0.125 0.125 0.1804 0.9516 0.9884 -0.2687 0.3659 0.5618 5.6696 0.6969 0.0777 0.6884 0.8645 4.4315 -0.0155 0.0155 0.4398 0 0
44 479 1288 0 0 0 0 0 1.0006 0 -0.9595 -0.0525 0.2154 0.25 1.1942 0.9835 0.1081 0.3125 0.461 5.0524 0.6431 -0.1561 0.7295 0.9077 4.2861 -0.0477 0.0477 0.3742 0 0
44 480 1305 0 0 0 0 0 1.0005 0 0.9537 0.0125 0.0629 0.0773 0.9919 0.9944 0.0511 0.083 0.0932 0.9249 0.7493 -0.0407 0.6155 0.7802 4.4594 0.021 0.021 0.2871 0 0
44 481 1299 0 0 0 0 0 1.0005 0 0.9814 0.1683 0.26 0.2919 1.1452 0.9867 0.0714 0.1609 0.1954 1.7565 0.6751 -0.0149 0.6404 0.8346 4.251 -0.1003 0.1003 0.3181 0 0
44 482 1308 0 0 0 0 0 1.0011 0 0.6322 -0.012 0.3137 0.3714 1.0149 0.9834 0.093 0.1487 0.1949 1.3564 0.7799 0.1138 0.5846 0.7379 4.2675 -0.0932 0.0932 0.3031 0 0
44 483 1277 0 0 0 0 0 1.0008 0 0.8842 -0.1165 0.1165 0.156 1.0105 0.9963 0.0806 0.1995 0.2598 3.1884 0.7123 -0.0314 0.627 0.7755 4.7927 0.0614 0.0614 0.3181 0 0
44 484 1270 0 0 0 0 0 1.0005 0 0.9475 0.0101 0.0953 0.1001 1.0753 0.9915 -0.0226 0.1491 0.1822 1.8174 0.7433 -0.0217 0.6409 0.8108 4.3621 -0.0595 0.0595 0.3445 0 0
44 485 1299 0 0 0 0 0 1.0009 0 -0.5405 0.1102 0.1663 0.2033 0.8752 0.9881 0.095 0.1382 0.176 0.9315 0.7406 -0.0017 0.6203 0.7762 4.3707 -0.0195 0.0195 0.2738 0 0
44 486 1330 0 0 0 0 0 1.0003 0 0.8981 0.0284 0.1422 0.1718 0.737 0.983 -0.0077 0.1971 0.2506 1.4947 0.7608 -0.0476 0.6074 0.7579 4.4396 -0.0097 0.0097 0.3097 0 0
44 487 1331 0 0 0 0 0 1.0006 0 0.9973 -0.2489 0.2489 0.2703 0.9101 0.9955 -0.0864 0.3692 0.4176 3.359 0.6827 0.1309 0.6668 0.8395 4.6797 0.1429 0.1429 0.343 0 0
44 488 1389 0 0 0 0 0 1.0011 0 0.6211 -0.2219 0.2219 0.2664 0.7905 0.994 0.0298 0.1123 0.1414 1.0928 0.7373 -0.0614 0.5994 0.7899 4.5309 0.1233 0.1233 0.2728 0 0
44 489 1309 0 0 0 0 0 1.0007 0 0.951 -0.0818 0.0818 0.1264 0.9151 0.995 -0.132 0.2124 0.2677 1.7158 0.7284 -0.1491 0.6089 0.7534 4.4066 0.0166 0.0166 0.3002 0 0
44 490 1245 0 0 0 0 0 1.0017 0 0.9322 -0.1553 0.1553 0.2228 0.8423 0.9985 -0.0471 0.1758 0.2357 2.768 0.6911 0.0165 0.6482 0.8275 4.4359 0.0095 0.0095 0.3644 0 0
44 491 1309 0 0 0 0 0 1.0008 0 0.8216 -0.0743 0.1302 0.147 0.7873 0.961 0.1355 0.3327 0.3874 3.6765 0.6542 0.0435 0.6895 0.8699 4.5276 0.0215 0.0215 0.4657 0 0
44 492 1260 0 0 0 0 0 1.0003 0 0.9403 0.0987 0.0987 0.118 1.0264 0.9948 0.311 0.311 0.3307 1.9119 0.6852 0.2178 0.6574 0.8277 4.2432 -0.0885 0.0885 0.3926 0 0
44 493 1282 0 0 0 0 0 1.0008 0 0.6768 -0.1863 0.1941 0.3271 1.0395 0.9987 -0.1348 0.1846 0.2538 2.4105 0.696 0.0358 0.6173 0.7768 4.5393 -0.0402 0.0402 0.3997 0 0
44 494 1304 0 0 0 0 0 1.0009 0 0.6352 5e-04 0.2224 0.2556 1.071 0.9721 0.105 0.2038 0.3418 2.2415 0.7019 2e-04 0.6758 0.8615 4.3427 0.0811 0.0811 0.2632 0 0
44 495 1299 0 0 0 0 0 1.0005 0 0.9896 -0.1005 0.1084 0.1758 0.9351 0.9962 0.3771 0.3771 0.5075 4.3269 0.6886 0.1451 0.6351 0.8078 4.5449 -0.0113 0.0113 0.3821 0 0
44 496 1313 0 0 0 0 0 1.0001 0 0.1647 0.0493 0.1107 0.1242 0.7716 0.9865 0.0039 0.1587 0.1914 1.5845 0.6922 0.0266 0.6397 0.81 4.3045 -0.0455 0.0455 0.3274 0 0
44 497 1286 0 0 0 0 0 1.0006 0 0.7471 -0.0682 0.0938 0.1205 0.9182 0.9987 0.2244 0.2244 0.2422 2.5606 0.6918 0.0883 0.6457 0.82 4.3114 -0.1014 0.1014 0.396 0 0
44 498 1442 0 0 0 0 0 1.0006 0 0.9999 -0.1389 0.1389 0.1513 0.7284 0.9977 -0.1088 0.1306 0.1594 1.0899 0.7617 -0.1208 0.618 0.7824 4.333 0.1067 0.1067 0.2485 0 0
44 499 1249 0 0 0 0 0 1.0007 0 0.9454 0.1471 0.1471 0.2202 1.3783 0.9978 -0.0706 0.12 0.1465 1.6007 0.7026 -0.0719 0.6709 0.8249 4.3116 -0.0893 0.0893 0.3382 0 0
44 500 1275 0 0 0 0 0 1.0009 0 -0.735 0.0321 0.2041 0.2337 0.9647 0.9936 -0.2836 0.2836 0.3649 2.2364 0.7849 -0.1299 0.5685 0.726 4.364 0.0138 0.0138 0.2663 0 0
