cond r run.time ndiv nbfmi ntree nbulk ntail maxRhat nRhat alpha.cor alpha.bias alpha.abbias alpha.rmse alpha.CI beta.cor beta.bias beta.abbias beta.rmse beta.CI theta.cor theta.bias theta.abbias theta.rmse theta.CI lambda.bias lambda.abbias lambda.CI corrupt efficiency
55 1 1481 0 0 0 0 0 1.0006 0 0.5906 -0.1923 0.2755 0.3466 0.9078 0.9658 -0.1657 0.2533 0.465 5.6904 0.6501 0.0372 0.5461 0.7439 4.0567 -0.0765 0.0765 0.396 0 0
55 2 1478 0 0 0 0 0 1.0003 0 0.0583 -0.1076 0.2429 0.2807 0.9684 0.9794 0.1406 0.2308 0.3136 2.753 0.6758 -0.017 0.5536 0.7351 4.0776 -0.0939 0.0939 0.4344 0 0
55 3 1566 0 0 0 0 0 1.0005 0 0.7155 -0.0327 0.1872 0.2332 0.9887 0.9511 0.0911 0.283 0.4767 4.2224 0.6317 0.0546 0.5717 0.7505 4.0638 -0.0911 0.0911 0.4197 0 0
55 4 1489 0 0 0 0 0 1.0006 0 0.7786 -0.0211 0.1654 0.1822 1.1035 0.9793 -0.0172 0.1517 0.2218 2.3231 0.7057 0.0107 0.5578 0.7224 4.0911 0.1467 0.1467 0.4551 0 0
55 5 1473 0 0 0 0 0 1.0002 0 0.4525 -0.108 0.1837 0.2337 0.9743 0.9909 -0.1465 0.2174 0.2859 3.9641 0.7067 0.0798 0.5375 0.7113 4.18 -0.1217 0.1217 0.4601 0 0
55 6 1564 0 0 0 0 0 1.0003 0 0.8683 -0.0029 0.1257 0.1426 0.9495 0.985 -0.1064 0.2106 0.2588 3.1199 0.7045 -0.0551 0.5546 0.7138 4.0325 0.0991 0.0991 0.4075 0 0
55 7 1644 0 0 0 0 0 1.0008 0 0.9401 0.2577 0.2906 0.3683 1.1857 0.9796 0.1334 0.2085 0.3061 2.6492 0.75 -0.053 0.5364 0.6758 4.0766 -0.0777 0.0777 0.3824 0 0
55 8 1546 0 0 0 0 0 1.001 0 0.6641 -0.0654 0.1668 0.2047 0.906 0.9674 0.0619 0.2189 0.2744 1.5929 0.7104 0.0185 0.5396 0.7083 4.1352 0.1297 0.1297 0.4873 0 0
55 9 1565 0 0 0 0 0 1.0011 0 0.7546 0.015 0.1506 0.1721 0.8903 0.9862 -0.0577 0.1521 0.2044 2.3175 0.6655 0.1062 0.5602 0.754 4.1858 0.0521 0.0521 0.422 0 0
55 10 1551 0 0 0 0 0 1.0005 0 0.5947 -0.0214 0.2039 0.2415 1.1462 0.9765 0.0784 0.2817 0.3396 2.7727 0.7541 0.0289 0.4922 0.6546 4.0926 -0.0738 0.0738 0.3866 0 0
55 11 1522 0 0 0 0 0 1.0003 0 0.8603 0.005 0.151 0.1744 1.0031 0.9458 -0.273 0.373 0.7408 10.6144 0.7233 -0.0511 0.548 0.7019 4.0453 -0.059 0.059 0.3945 0 0
55 12 1539 0 0 0 0 0 1.0005 0 0.8197 0.0032 0.0544 0.0629 0.8055 0.9917 -0.0511 0.1269 0.1518 1.5237 0.6415 -0.0528 0.6055 0.776 4.279 0.3601 0.3601 0.3984 0 0
55 13 1580 0 0 0 0 0 1.0001 0 0.2689 0.101 0.2336 0.2654 1.0158 0.9784 0.1764 0.2508 0.3533 3.8027 0.6654 -0.0362 0.5609 0.7231 4.2083 -0.0983 0.0983 0.4406 0 0
55 14 1484 0 0 0 0 0 1.0002 0 0.0987 0.0653 0.2561 0.3185 0.9894 0.9462 -0.1865 0.2827 0.4818 5.5293 0.6984 0.0052 0.562 0.7143 4.3267 -9e-04 9e-04 0.5451 0 0
55 15 1420 0 0 0 0 0 1.0005 0 0.651 -0.1402 0.1761 0.2034 0.972 0.9909 -0.0538 0.1654 0.2439 3.576 0.6585 0.0092 0.5629 0.74 4.154 -0.0548 0.0548 0.4663 0 0
55 16 1491 0 0 0 0 0 1.0019 0 0.8747 -0.0632 0.2188 0.2298 1.2806 0.9828 0.1631 0.286 0.3416 5.3261 0.6748 -0.0098 0.5436 0.708 4.1073 -0.0238 0.0238 0.4648 0 0
55 17 1541 0 0 0 0 0 1.0006 0 0.3357 -0.211 0.2793 0.3572 1.0861 0.9611 0.4368 0.4458 0.7196 6.2035 0.6245 0.0115 0.6054 0.7806 4.0826 -0.1491 0.1491 0.4325 0 0
55 18 1542 0 0 0 0 0 1.0013 0 0.7816 0.0489 0.1278 0.1818 1.1235 0.9931 0.0567 0.1239 0.1644 2.5036 0.6828 -0.0288 0.576 0.7565 4.1807 -0.2456 0.2456 0.4397 0 0
55 19 1585 0 0 0 0 0 1.0007 0 0.867 0.05 0.1726 0.2208 1.0063 0.991 0.0148 0.1106 0.1482 1.0012 0.7129 -0.0568 0.5108 0.6967 4.1319 -0.1191 0.1191 0.3465 0 0
55 20 1515 0 0 0 0 0 1.0004 0 0.6869 -0.0663 0.167 0.194 0.9182 0.9893 -0.099 0.1779 0.2436 2.7402 0.6864 0.0723 0.5462 0.7127 4.0523 0.0257 0.0257 0.4132 0 0
55 21 1503 0 0 0 0 0 1.0005 0 0.3702 -0.0208 0.1895 0.2179 0.9962 0.9647 -0.1256 0.3245 0.4837 5.2931 0.6832 -0.0235 0.5817 0.724 4.0818 0.0327 0.0327 0.4678 0 0
55 22 1533 0 0 0 0 0 1.0003 0 0.61 -0.0106 0.1284 0.1455 0.9187 0.9932 0.0041 0.1223 0.1762 2.7442 0.6197 -0.0284 0.5869 0.7626 4.0299 -0.0788 0.0788 0.4018 0 0
55 23 1536 0 0 0 0 0 1.0003 0 0.7801 -0.0336 0.1669 0.1892 1.0758 0.9823 0.2122 0.2638 0.3179 3.0055 0.685 0.0713 0.5669 0.7392 4.1359 0.0111 0.0111 0.4257 0 0
55 24 1551 0 0 0 0 0 1.0005 0 0.6805 0.0116 0.1541 0.1807 0.9249 0.9904 -0.125 0.1719 0.2226 3.652 0.7212 -0.0715 0.5358 0.6962 4.0434 0.0504 0.0504 0.4058 0 0
55 25 1527 0 0 0 0 0 1.0008 0 0.8684 -0.0521 0.1551 0.2065 1.2848 0.9894 0.067 0.1804 0.2533 2.8729 0.7284 0.0276 0.5214 0.6711 4.0664 0.0338 0.0338 0.4125 0 0
55 26 1619 0 0 0 0 0 1.0006 0 0.6416 -0.1561 0.2297 0.2683 0.9374 0.9593 -0.1491 0.4764 0.8134 9.2281 0.651 0.0027 0.5484 0.7183 4.1265 0.1584 0.1584 0.4872 0 0
55 27 1552 0 0 0 0 0 1.0015 0 0.732 0.0559 0.152 0.1777 0.9593 0.9855 -0.0039 0.1682 0.2429 3.2013 0.6966 -0.0803 0.594 0.7811 4.0528 0.085 0.085 0.3721 0 0
55 28 1466 0 0 0 0 0 1.0002 0 0.9547 -0.0699 0.1332 0.1702 1.3156 0.9838 0.0068 0.2365 0.3644 4.3496 0.6875 -0.0523 0.5692 0.7315 4.097 -0.0267 0.0267 0.4106 0 0
55 29 1531 0 0 0 0 0 1.0004 0 0.8889 -0.1182 0.1566 0.1679 0.927 0.9729 -0.1665 0.2943 0.4375 3.7837 0.6774 -0.101 0.555 0.7344 4.1132 -0.129 0.129 0.4683 0 0
55 30 1534 0 0 0 0 0 1.0003 0 0.9298 0.0856 0.1476 0.2025 1.3419 0.9645 -0.0592 0.2414 0.3493 4.5619 0.6977 -0.0042 0.5759 0.7292 4.0483 0.1251 0.1251 0.3913 0 0
55 31 1449 0 0 0 0 0 1.0005 0 0.7423 0.0516 0.1988 0.2101 1.12 0.9875 -0.1038 0.1672 0.2086 2.5469 0.6817 0.0197 0.6038 0.7922 4.1264 -0.1804 0.1804 0.4489 0 0
55 32 1557 0 0 0 0 0 1.0011 0 0.8199 0.0433 0.181 0.2019 0.8987 0.9847 -0.1715 0.2496 0.2896 2.2586 0.7179 -0.0455 0.5404 0.7091 4.1558 -0.1652 0.1652 0.4548 0 0
55 33 1524 0 0 0 0 0 1.0009 0 0.8857 -0.1492 0.1638 0.2051 0.9777 0.9668 0.055 0.3434 0.5154 7.0395 0.7058 0.0427 0.5244 0.6769 4.0847 0.1393 0.1393 0.4294 0 0
55 34 1551 0 0 0 0 0 1.0004 0 0.8176 -0.0805 0.1394 0.1663 0.8978 0.9855 -0.0075 0.2421 0.3177 3.3379 0.6864 0.0489 0.5532 0.7068 4.158 -0.0694 0.0694 0.4504 0 0
55 35 1513 0 0 0 0 0 1.0007 0 0.8501 -0.0592 0.1141 0.1226 0.9371 0.9948 0.0815 0.1398 0.1762 2.1378 0.695 0.0436 0.5554 0.7103 4.0927 -0.1108 0.1108 0.4688 0 0
55 36 1510 0 0 0 0 0 1.0008 0 0.3639 -0.0749 0.2081 0.2408 0.9205 0.9883 0.155 0.2134 0.2733 3.7322 0.7031 0.089 0.5766 0.7558 4.0654 -0.0761 0.0761 0.419 0 0
55 37 1493 0 0 0 0 0 1.0008 0 0.8452 -0.0495 0.1738 0.1863 1.1493 0.9805 -0.0456 0.2549 0.3191 3.1098 0.6292 -0.0498 0.583 0.7541 4.158 0.1187 0.1187 0.4739 0 0
55 38 1520 0 0 0 0 0 1.0002 0 0.6266 -0.0513 0.2079 0.2379 0.9179 0.9729 0.1355 0.2242 0.3255 3.2559 0.7325 0.0264 0.4909 0.6458 4.1148 -0.1149 0.1149 0.3873 0 0
55 39 1438 0 0 0 0 0 1.0007 0 0.6558 -0.1061 0.1617 0.1787 0.9803 0.9377 -0.261 0.3963 0.6932 9.4658 0.6078 -0.079 0.5891 0.7741 4.1569 0.1976 0.1976 0.5525 0 0
55 40 1552 0 0 0 0 0 1.0004 0 0.7218 -0.0543 0.222 0.2565 0.9773 0.9917 0.0429 0.1162 0.1519 2.1202 0.7279 -0.0154 0.5136 0.6789 4.114 0.1713 0.1713 0.4283 0 0
55 41 1559 0 0 0 0 0 1.0004 0 0.8247 -0.0834 0.1854 0.2185 1.1673 0.975 0.0016 0.2194 0.3387 3.9052 0.6895 0.0122 0.567 0.7357 4.1646 0.1658 0.1658 0.4923 0 0
55 42 1493 0 0 0 0 0 1.001 0 0.9433 -0.0396 0.1039 0.1303 1.0727 0.9893 -0.072 0.1746 0.2171 2.9925 0.6694 -0.0056 0.5533 0.7256 4.0404 0.0306 0.0306 0.448 0 0
55 43 1492 0 0 0 0 0 1.0008 0 0.8287 -0.0833 0.1171 0.1545 1.0421 0.9965 -0.1391 0.1751 0.2116 3.6481 0.6682 -0.1117 0.556 0.7275 4.1787 0.1619 0.1619 0.5041 0 0
55 44 1480 0 0 0 0 0 1.0003 0 0.6481 -0.0733 0.2242 0.2658 1.0883 0.9189 0.3892 0.4454 0.9236 9.5007 0.6638 0.0013 0.5557 0.7391 4.0572 0.0071 0.0071 0.4271 0 0
55 45 1552 0 0 0 0 0 1.0002 0 0.8769 -0.0991 0.0991 0.1185 0.8684 0.9912 -0.0381 0.1764 0.2286 2.2487 0.6571 -0.0055 0.564 0.7472 4.0902 0.052 0.052 0.4417 0 0
55 46 1503 0 0 0 0 0 1.0003 0 0.7971 -0.1175 0.1759 0.1997 0.902 0.9795 0 0.2832 0.3887 4.6661 0.7109 -0.0577 0.5258 0.6853 4.0286 -0.013 0.013 0.4037 0 0
55 47 1569 0 0 0 0 0 1.0006 0 0.9162 -0.13 0.1477 0.1973 1.1347 0.9925 -0.0738 0.1786 0.2359 2.5812 0.7154 0.0376 0.5131 0.6909 4.0987 0.1273 0.1273 0.3847 0 0
55 48 1509 0 0 0 0 0 1.0005 0 0.9706 -0.0297 0.0702 0.0775 1.1069 0.9907 -0.0854 0.1743 0.2293 3.2226 0.6998 -0.0627 0.5371 0.6998 4.0152 -0.0671 0.0671 0.42 0 0
55 49 1510 0 0 0 0 0 1.0002 0 0.6819 -0.0086 0.1746 0.1941 1.0317 0.988 -0.0592 0.1841 0.2605 3.9714 0.6881 -0.0612 0.5758 0.7442 4.0709 0.0851 0.0851 0.4448 0 0
55 50 1486 0 0 0 0 0 1.0007 0 0.8175 -0.0159 0.0921 0.0976 0.9232 0.9748 -0.1319 0.2212 0.3379 3.6602 0.6248 -0.082 0.5835 0.7606 4.35 0.0332 0.0332 0.5005 0 0
55 51 1529 0 0 0 0 0 1.001 0 0.6611 -0.119 0.1557 0.1951 0.988 0.9716 0.0962 0.2629 0.4142 4.3479 0.6575 -0.0128 0.5448 0.7051 4.1853 -0.0669 0.0669 0.4996 0 0
55 52 1506 0 0 0 0 0 1.0011 0 0.6103 0.0141 0.1955 0.2057 1.2519 0.9799 0.0013 0.2794 0.3858 5.9218 0.6322 0.0639 0.5888 0.7695 4.2452 -0.2717 0.2717 0.5199 0 0
55 53 1510 0 0 0 0 0 1.0008 0 0.5584 0.0661 0.1986 0.2993 1.2428 0.9732 -0.098 0.2015 0.2346 2.655 0.7324 -0.0238 0.5295 0.6927 4.0982 -0.0248 0.0248 0.4447 0 0
55 54 1440 0 0 0 0 0 1.0004 0 0.4315 -0.0597 0.2235 0.2958 1.0949 0.9581 0.0898 0.491 0.8064 11.2102 0.6664 -0.0953 0.5666 0.7401 4.104 -0.0577 0.0577 0.4531 0 0
55 55 1536 0 0 0 0 0 1.0015 0 0.939 -0.1992 0.1992 0.2126 0.9191 0.9951 0.0666 0.2721 0.3381 4.5922 0.6514 0.036 0.547 0.6913 4.1833 -0.059 0.059 0.5472 0 0
55 56 1542 0 0 0 0 0 1.0007 0 0.5121 0.0377 0.1359 0.18 0.9247 0.9584 -0.1138 0.2223 0.2916 2.2491 0.6832 -0.0131 0.5242 0.6953 4.1209 -0.1358 0.1358 0.4325 0 0
55 57 1464 0 0 0 0 0 1.0007 0 0.1924 0.0122 0.1935 0.2546 1.1644 0.9842 -0.1107 0.205 0.284 2.58 0.6672 0.0516 0.5659 0.722 4.092 0.0625 0.0625 0.47 0 0
55 58 1453 0 0 0 0 0 1.0005 0 0.0165 -0.0149 0.1903 0.2111 1.0377 0.9873 0.0812 0.2072 0.2459 3.1211 0.6168 0.0571 0.5875 0.7534 4.0493 -0.1776 0.1776 0.4624 0 0
55 59 1582 0 0 0 0 0 1.0005 0 0.7136 -0.0638 0.1487 0.1828 1.0863 0.9839 -0.0288 0.1819 0.2282 1.8932 0.7028 -0.0151 0.5687 0.7343 4.1116 -0.037 0.037 0.4296 0 0
55 60 1489 0 0 0 0 0 1.0002 0 0.7439 -0.0668 0.1686 0.1896 1.1358 0.9926 -0.0774 0.2174 0.2783 4.1622 0.6936 0.023 0.5663 0.7321 4.0828 -0.0465 0.0465 0.4588 0 0
55 61 1412 0 0 0 0 0 1.0004 0 0.1396 -0.1109 0.2943 0.3582 1.2491 0.988 -0.1363 0.347 0.4523 4.5717 0.6175 0.0433 0.5872 0.7668 4.1757 -0.1429 0.1429 0.5184 0 0
55 62 1511 0 0 0 0 0 1.0008 0 0.4209 -0.1993 0.2192 0.3007 1.0317 0.981 -0.0666 0.4481 0.7319 6.8726 0.6442 0.0464 0.5795 0.7248 4.17 -0.1424 0.1424 0.6078 0 0
55 63 1489 0 0 0 0 0 1.0005 0 0.8209 -0.0685 0.2189 0.3213 1.0116 0.9932 -0.1077 0.1185 0.1663 2.1973 0.7567 -0.0288 0.4962 0.6535 4.0785 -0.0659 0.0659 0.4249 0 0
55 64 1575 0 0 0 0 0 1.0003 0 -0.0948 -0.0555 0.2286 0.281 1.1823 0.9687 -0.1113 0.2936 0.3724 2.7991 0.6565 0.0811 0.5781 0.7452 4.0617 0.1712 0.1712 0.3989 0 0
55 65 1509 0 0 0 0 0 1.0004 0 0.8811 -0.0076 0.0897 0.1126 1.1782 0.9951 -0.071 0.1271 0.1884 3.1048 0.6924 0.0452 0.5708 0.7194 4.043 -0.0554 0.0554 0.4292 0 0
55 66 1558 0 0 0 0 0 1.0003 0 0.8048 0.0088 0.1608 0.175 1.2064 0.9658 -0.066 0.2663 0.3516 4.8816 0.6827 -0.0379 0.5902 0.7539 4.0328 -0.0713 0.0713 0.4351 0 0
55 67 1492 0 0 0 0 0 1.0005 0 0.2798 0.0695 0.1589 0.1858 0.9288 0.9958 0.0084 0.0921 0.1184 2.401 0.6976 0.0205 0.565 0.7515 4.042 -0.1503 0.1503 0.4017 0 0
55 68 1528 0 0 0 0 0 1.0011 0 0.6696 -0.1355 0.161 0.1926 0.8589 0.9824 -0.0732 0.2418 0.3801 4.072 0.6763 -0.0788 0.5776 0.7539 4.2057 0.2346 0.2346 0.4861 0 0
55 69 1463 0 0 0 0 0 1.0007 0 0.2953 -0.0602 0.1335 0.1545 0.904 0.9881 0.0216 0.1297 0.1585 1.4346 0.7032 -0.0159 0.5293 0.7003 4.107 -0.0588 0.0588 0.4386 0 0
55 70 1475 0 0 0 0 0 1.0005 0 0.8928 -0.0356 0.1506 0.1759 1.1104 0.9763 -0.0075 0.1946 0.2976 4.5115 0.6771 0.0693 0.5996 0.7737 4.1616 0.1036 0.1036 0.4256 0 0
55 71 1525 0 0 0 0 0 1.0004 0 0.6425 -0.1499 0.1624 0.2262 0.899 0.9907 0.0437 0.3586 0.5091 5.8492 0.6105 -0.002 0.615 0.7753 4.1246 -0.0896 0.0896 0.5003 0 0
55 72 1505 0 0 0 0 0 1.0002 0 0.3131 -0.0547 0.1626 0.1965 0.9456 0.9877 0.0674 0.1294 0.1683 1.9953 0.6798 0.0609 0.54 0.6879 4.0779 -0.0481 0.0481 0.432 0 0
55 73 1511 0 0 0 0 0 1.0006 0 0.1621 0.0875 0.1972 0.2652 1.028 0.9807 -0.0127 0.2298 0.291 2.6117 0.6943 0.0291 0.571 0.7359 4.1103 0.1648 0.1648 0.4084 0 0
55 74 1543 0 0 0 0 0 1.0006 0 0.8848 -0.0905 0.2197 0.2771 1.0341 0.9803 -0.1328 0.2278 0.277 2.6261 0.71 -0.0974 0.5302 0.7032 4.04 0.0727 0.0727 0.4103 0 0
55 75 1585 0 0 0 0 0 1.0007 0 0.8767 -0.1179 0.1499 0.1783 0.9936 0.9961 -0.0719 0.1783 0.217 3.1934 0.7407 -0.0086 0.5213 0.6767 4.0612 0.0133 0.0133 0.4356 0 0
55 76 1538 0 0 0 0 0 1.0003 0 0.6911 -0.0397 0.1281 0.1592 0.9826 0.9814 -0.1184 0.2731 0.3406 5.0358 0.6443 -0.0708 0.5894 0.7596 4.0752 0.0148 0.0148 0.4534 0 0
55 77 1494 0 0 0 0 0 1.0004 0 0.7849 -0.0832 0.1057 0.1692 1.328 0.9868 -0.105 0.2909 0.4608 4.6409 0.6194 -0.0481 0.6028 0.7735 4.1622 0.1396 0.1396 0.487 0 0
55 78 1470 0 0 0 0 0 1.0007 0 0.493 -0.139 0.2567 0.2798 0.8856 0.9838 0.065 0.2343 0.326 3.7018 0.6924 0.0257 0.5185 0.6741 4.0964 0.2032 0.2032 0.4529 0 0
55 79 1507 0 0 0 0 0 1.0004 0 0.8677 -0.1226 0.1838 0.197 1.1796 0.977 0.1724 0.287 0.4745 4.1707 0.6624 0.0764 0.591 0.748 4.2983 -0.1049 0.1049 0.4783 0 0
55 80 1524 0 0 0 0 0 1.0003 0 0.8953 -0.0978 0.1488 0.1644 0.9722 0.9826 0.1142 0.2553 0.3059 2.8061 0.6852 -0.0185 0.5408 0.7088 4.0942 -0.1161 0.1161 0.4189 0 0
55 81 1537 0 0 0 0 0 1.0004 0 0.8633 -0.0452 0.1055 0.1526 1.2044 0.9807 0.2633 0.3335 0.5235 6.4064 0.6641 0.0268 0.5943 0.7702 4.156 0.0241 0.0241 0.4726 0 0
55 82 1567 0 0 0 0 0 1.0005 0 0.7711 -0.1368 0.1609 0.1868 0.8815 0.9892 -0.0176 0.2512 0.3274 3.9894 0.6828 -0.0224 0.5583 0.7265 4.1372 0.0127 0.0127 0.4857 0 0
55 83 1549 0 0 0 0 0 1.0002 0 0.9796 -0.0452 0.0733 0.1022 0.915 0.9925 -0.0062 0.1438 0.1994 2.8229 0.6563 0.0515 0.5656 0.7355 4.0457 0.1288 0.1288 0.4446 0 0
55 84 1475 0 0 0 0 0 1.0004 0 0.9204 -0.163 0.2325 0.2624 1.2241 0.9789 0.2926 0.3236 0.4033 3.6508 0.6918 0.1221 0.5292 0.7298 4.0691 -0.0898 0.0898 0.3804 0 0
55 85 1539 0 0 0 0 0 1.0005 0 0.8465 -0.0631 0.1495 0.1787 0.9335 0.982 -0.286 0.3337 0.41 3.5015 0.6787 -0.0692 0.5401 0.7011 4.1009 0.1181 0.1181 0.4241 0 0
55 86 1542 0 0 0 0 0 1.0005 0 0.5028 -0.0943 0.1276 0.203 0.9716 0.9221 0.2366 0.369 0.8657 12.3887 0.6175 0.0279 0.5885 0.7399 4.3595 -0.0433 0.0433 0.6237 0 0
55 87 1475 0 0 0 0 0 1.0004 0 0.8674 -0.0704 0.1683 0.1792 1.1776 0.9847 0.0491 0.2244 0.3037 4.7972 0.6224 -0.0216 0.6469 0.8095 4.0349 -0.0373 0.0373 0.4634 0 0
55 88 1529 0 0 0 0 0 1.0007 0 0.7069 0.0998 0.1973 0.2315 1.1331 0.986 0.0712 0.1577 0.2055 2.2839 0.6917 0.0552 0.5557 0.7062 4.041 0.0248 0.0248 0.3862 0 0
55 89 1513 0 0 0 0 0 1.0003 0 0.6756 -0.0388 0.211 0.2371 1.2197 0.9868 -0.0682 0.19 0.2466 2.0238 0.6847 -0.0173 0.5787 0.7547 4.035 0.0105 0.0105 0.3813 0 0
55 90 1550 0 0 0 0 0 1.0003 0 0.9195 0.0133 0.0972 0.1306 0.9364 0.9911 -0.0069 0.1343 0.1521 1.9134 0.717 -0.0357 0.5426 0.7069 4.0627 0.0068 0.0068 0.3986 0 0
55 91 1520 0 0 0 0 0 1.0005 0 0.4474 -0.0643 0.2349 0.2939 1.3427 0.9713 -0.0459 0.3244 0.5034 5.1392 0.632 0.0607 0.6035 0.7846 4.1109 -0.0305 0.0305 0.449 0 0
55 92 1538 0 0 0 0 0 1.0004 0 0.2975 -0.0889 0.1224 0.1618 0.8893 0.9783 0.0578 0.1768 0.2516 2.4778 0.7007 0.0122 0.556 0.724 4.0346 -0.0422 0.0422 0.4301 0 0
55 93 1510 0 0 0 0 0 1.0008 0 0.6249 -0.0592 0.2879 0.3578 1.5414 0.9916 -0.1172 0.2538 0.3546 5.1005 0.6908 0.0137 0.5475 0.7221 4.0833 -0.226 0.226 0.4486 0 0
55 94 1478 0 0 0 0 0 1.0002 0 0.1073 0.011 0.2055 0.2937 1.17 0.9889 0.0702 0.1557 0.2259 3.0504 0.6864 -0.0143 0.5832 0.7566 4.0917 0.1988 0.1988 0.3958 0 0
55 95 1519 0 0 0 0 0 1.0002 0 0.8422 -0.0693 0.1314 0.161 0.9707 0.9944 0.1477 0.1648 0.2428 2.995 0.7149 0.0499 0.5411 0.7074 4.0766 -0.0639 0.0639 0.3882 0 0
55 96 1533 0 0 0 0 0 1.0004 0 0.5467 0.0856 0.1033 0.1414 0.9286 0.9933 0.0317 0.1656 0.202 2.4201 0.7079 -0.0493 0.5733 0.745 4.0892 0.0239 0.0239 0.4036 0 0
55 97 1462 0 0 0 0 0 1.0011 0 0.0716 0.0443 0.1808 0.22 1.0296 0.9592 -0.079 0.2087 0.3171 3.5309 0.6657 -0.0227 0.5561 0.7203 4.1199 0.0917 0.0917 0.4831 0 0
55 98 1474 0 0 0 0 0 1.001 0 0.7626 -0.0816 0.1136 0.1437 0.9274 0.9866 -0.1437 0.2145 0.2976 2.7887 0.6674 -0.064 0.5778 0.7383 4.2347 0.034 0.034 0.4975 0 0
55 99 1482 0 0 0 0 0 1.001 0 0.9379 -0.0897 0.1061 0.1357 0.9086 0.9951 0.0607 0.1284 0.171 2.0151 0.7 -0.0327 0.5263 0.694 4.0846 0.0773 0.0773 0.4405 0 0
55 100 1560 0 0 0 0 0 1.0002 0 0.5809 0.0077 0.1344 0.1511 0.9399 0.9777 0.0277 0.174 0.2409 2.5999 0.6828 0.0029 0.5539 0.7157 4.0658 0.1424 0.1424 0.3903 0 0
55 101 1585 0 0 0 0 0 1.0014 0 0.9575 0.0275 0.0948 0.1444 1.2223 0.9942 -0.0829 0.1212 0.1505 1.6065 0.7511 -0.0577 0.5184 0.6914 4.0999 0.0521 0.0521 0.4053 0 0
55 102 1537 0 0 0 0 0 1.0004 0 0.785 0.0858 0.1549 0.2096 0.9748 0.9826 -0.1081 0.2308 0.29 1.8685 0.7333 -0.0296 0.5573 0.7119 4.067 0.0593 0.0593 0.3984 0 0
55 103 1546 0 0 0 0 0 1.0004 0 0.0238 -0.1959 0.2756 0.3198 1.0728 0.9632 0.1368 0.5568 0.7134 6.1566 0.574 0.0529 0.5753 0.7546 4.2713 -0.2109 0.2109 0.5625 0 0
55 104 1423 0 0 0 0 0 1.0003 0 0.7724 0.1326 0.2005 0.2252 1.1194 0.9826 -0.1622 0.2371 0.2722 1.7279 0.7259 -0.1008 0.6165 0.7826 4.2769 0.0288 0.0288 0.4214 0 0
55 105 1533 0 0 0 0 0 1.0013 0 0.9505 -0.1482 0.1567 0.2112 1.393 0.9511 -0.0261 0.473 0.7422 8.2268 0.6919 -0.0247 0.5743 0.7356 4.1358 -0.0559 0.0559 0.4822 0 0
55 106 1478 0 0 0 0 0 1.0003 0 0.5491 -0.1744 0.2187 0.2769 1.0407 0.9666 -0.157 0.3755 0.5286 5.9703 0.6704 0.094 0.6043 0.7587 4.2207 0.0654 0.0654 0.5254 0 0
55 107 1501 0 0 0 0 0 1.0016 0 0.7808 0.1379 0.1379 0.2106 1.2418 0.9957 -0.0881 0.1495 0.1927 2.3751 0.6754 -0.0095 0.5957 0.7558 4.0993 0.0077 0.0077 0.4535 0 0
55 108 1555 0 0 0 0 0 1.0008 0 0.9731 -0.1325 0.1325 0.1631 1.2422 0.9678 0.0587 0.3737 0.5607 7.6963 0.6 0.0471 0.6227 0.7876 4.2805 0.0369 0.0369 0.6059 0 0
55 109 1483 0 0 0 0 0 1.0007 0 0.8395 -0.0496 0.1109 0.1189 0.9807 0.9881 -0.0469 0.19 0.2306 3.1814 0.6109 -0.0594 0.6182 0.7869 4.0976 0.0617 0.0617 0.5114 0 0
55 110 1522 0 0 0 0 0 1.0004 0 0.7117 0.013 0.1823 0.2088 0.9931 0.9771 0.0797 0.1608 0.2381 2.3867 0.6854 0.0377 0.5557 0.723 4.031 -0.0196 0.0196 0.4284 0 0
55 111 1458 0 0 0 0 0 1.0009 0 0.4629 0.0044 0.175 0.2064 1.0358 0.9717 -0.0011 0.2648 0.3396 2.365 0.6599 -0.0311 0.5823 0.7277 4.1597 0.2554 0.2554 0.4155 0 0
55 112 1460 0 0 0 0 0 1.0003 0 0.7807 -0.0075 0.1234 0.1554 1.0676 0.9903 -0.0164 0.19 0.2332 5.5357 0.6299 -0.1003 0.6124 0.7959 4.2034 0.0686 0.0686 0.4771 0 0
55 113 1559 0 0 0 0 0 1.001 0 0.6538 -0.0673 0.1735 0.1798 0.9874 0.9933 -0.1177 0.1713 0.2076 1.9575 0.725 -0.0067 0.5403 0.7029 4.0539 0.0167 0.0167 0.4021 0 0
55 114 1600 0 0 0 0 0 1.0002 0 0.5564 0.0119 0.1415 0.1574 0.8794 0.9931 -0.0942 0.1294 0.1619 1.3899 0.7278 -0.091 0.5352 0.6872 4.0116 -0.0548 0.0548 0.3584 0 0
55 115 1586 0 0 0 0 0 1.0012 0 0.9335 -1e-04 0.0802 0.1032 0.8932 0.9809 0.1043 0.1859 0.2424 2.46 0.6855 -0.0567 0.5675 0.75 4.106 -0.0983 0.0983 0.4079 0 0
55 116 1456 0 0 0 0 0 1.001 0 0.6354 -0.0398 0.3521 0.3812 1.3978 0.931 0.0033 0.6083 0.9559 8.95 0.6104 0.0033 0.6346 0.8052 4.0678 0.0647 0.0647 0.4612 0 0
55 117 1458 0 0 0 0 0 1.0005 0 0.5836 -0.048 0.1364 0.1705 0.9589 0.9823 -0.0221 0.3019 0.3757 5.6457 0.641 -0.021 0.6116 0.7702 4.1708 0.1212 0.1212 0.4841 0 0
55 118 1450 0 0 0 0 0 1.0007 0 0.7128 0.067 0.174 0.2439 1.1917 0.9823 0.123 0.1707 0.2329 1.899 0.6953 0.025 0.5744 0.7425 4.1064 0.1318 0.1318 0.453 0 0
55 119 1517 0 0 0 0 0 1.0003 0 0.5954 -0.0093 0.1891 0.2186 1.0104 0.983 0.0037 0.2119 0.2652 3.7824 0.7115 0.0217 0.556 0.7076 4.0579 -0.0107 0.0107 0.4336 0 0
55 120 1516 0 0 0 0 0 1.0003 0 0.7595 -0.031 0.0846 0.0877 0.9214 0.9957 -0.0209 0.1259 0.1446 3.7647 0.6449 0.0555 0.586 0.7416 4.0505 0.1005 0.1005 0.4172 0 0
55 121 1541 0 0 0 0 0 1.0003 0 0.161 -0.086 0.2562 0.293 1.0388 0.9816 -0.0638 0.2025 0.2519 2.5236 0.7063 0.0379 0.54 0.6992 4.0564 0.0527 0.0527 0.4071 0 0
55 122 1391 0 0 0 0 0 1.0003 0 0.4366 0.0268 0.1941 0.2449 1.1216 0.9863 -0.0358 0.148 0.2065 3.2462 0.645 -0.0175 0.564 0.7406 4.1993 -0.0179 0.0179 0.5174 0 0
55 123 1538 0 0 0 0 0 1.0003 0 0.8659 0.0239 0.1067 0.1192 0.9533 0.9905 -0.0137 0.1398 0.1863 2.441 0.7033 -0.0492 0.5429 0.7091 4.0571 0.0607 0.0607 0.411 0 0
55 124 1517 0 0 0 0 0 1.0005 0 -0.8627 -0.1527 0.2371 0.2838 0.9982 0.9784 0.0219 0.3072 0.4057 3.6771 0.6369 0.0485 0.5401 0.6769 4.2432 -7e-04 7e-04 0.5607 0 0
55 125 1533 0 0 0 0 0 1.0007 0 0.8348 -0.165 0.175 0.2138 1.079 0.9603 -0.4372 0.5875 0.9755 14.1574 0.6144 -0.0531 0.5716 0.7355 4.2895 0.2081 0.2081 0.6043 0 0
55 126 1539 0 0 0 0 0 1.001 0 0.8581 -0.1877 0.2312 0.3529 1.0702 0.9908 -0.0166 0.1256 0.1752 2.6987 0.7069 0.0014 0.5186 0.7005 4.0418 -0.0558 0.0558 0.3944 0 0
55 127 1546 0 0 0 0 0 1.0003 0 0.559 0.0127 0.2498 0.3229 1.3274 0.9742 0.0239 0.2155 0.297 2.4944 0.6818 -0.0976 0.5715 0.7428 4.1622 0.0409 0.0409 0.4275 0 0
55 128 1599 0 0 0 0 0 1.0004 0 0.0669 0.0163 0.1869 0.2652 1.0784 0.9655 0.0726 0.2636 0.4603 5.0597 0.7376 -0.0828 0.5312 0.6779 4.0463 -0.1529 0.1529 0.4043 0 0
55 129 1516 0 0 0 0 0 1.0005 0 0.8331 -0.1863 0.1933 0.2382 1.0531 0.9958 0.1737 0.2495 0.3006 3.6929 0.6969 0.0107 0.5426 0.7282 4.169 0.0454 0.0454 0.4374 0 0
55 130 1433 0 0 0 0 0 1.0013 0 0.7862 -0.0487 0.2443 0.275 1.0929 0.9741 -0.0804 0.2152 0.2879 2.4542 0.7256 -0.0511 0.5526 0.7113 4.1802 -0.0476 0.0476 0.4412 0 0
55 131 1581 0 0 0 0 0 1.0003 0 0.9601 0.0488 0.0764 0.0824 0.9828 0.9948 0.063 0.108 0.1708 3.0003 0.7513 -0.0087 0.5323 0.6695 4.15 -0.0365 0.0365 0.3823 0 0
55 132 1532 0 0 0 0 0 1.0017 0 0.7058 -0.1284 0.1967 0.2517 1.2022 0.9875 -0.1163 0.2438 0.3625 5.0077 0.694 -0.0171 0.5392 0.6895 4.1243 0.0447 0.0447 0.4944 0 0
55 133 1503 0 0 0 0 0 1.0004 0 0.6577 -0.09 0.1053 0.1317 0.9397 0.9809 0.1953 0.2997 0.472 4.3247 0.6356 0.0616 0.6021 0.7607 4.1332 -0.2396 0.2396 0.46 0 0
55 134 1618 0 0 0 0 0 1.0005 0 0.8331 0.0179 0.1444 0.1685 0.9017 0.9875 0.1028 0.1777 0.2322 1.9419 0.7634 0.1088 0.503 0.6344 4.0647 0.0695 0.0695 0.3819 0 0
55 135 1526 0 0 0 0 0 1.0002 0 0.9201 -0.0309 0.1467 0.1557 0.9789 0.981 0.1083 0.21 0.3046 4.7644 0.6688 -0.0151 0.5245 0.6706 4.0538 0.0222 0.0222 0.4008 0 0
55 136 1596 0 0 0 0 0 1.0006 0 0.7832 -0.0719 0.1295 0.1608 0.9623 0.9946 0.0048 0.1272 0.1794 2.1858 0.71 0.0011 0.5276 0.6866 4.2181 -0.0259 0.0259 0.454 0 0
55 137 1556 0 0 0 0 0 1.0005 0 0.9462 -0.1767 0.1767 0.2144 1.2253 0.9957 -0.106 0.2677 0.3911 5.5147 0.713 0.0146 0.5225 0.6795 4.1763 0.1369 0.1369 0.4427 0 0
55 138 1445 0 0 0 0 0 1.0005 0 0.9205 -0.0223 0.0837 0.1158 1.0676 0.9813 0.0435 0.2088 0.2805 2.5483 0.7 0.0414 0.5764 0.7541 4.2611 0.0159 0.0159 0.497 0 0
55 139 1438 0 0 0 0 0 1.0011 0 0.9682 -0.1411 0.2272 0.2507 1.286 0.9813 0.045 0.2666 0.3341 2.4792 0.6387 0.0626 0.5647 0.7783 4.0246 0.0635 0.0635 0.4148 0 0
55 140 1531 0 0 0 0 0 1.0003 0 0.9623 -0.0352 0.0695 0.079 1.0695 0.9927 -0.0466 0.1352 0.1739 2.8422 0.6737 0.0442 0.5528 0.6979 4.2186 -0.0204 0.0204 0.4564 0 0
55 141 1508 0 0 0 0 0 1.0005 0 0.2283 -0.0526 0.1414 0.1928 0.9283 0.9797 0.0637 0.2321 0.3352 3.7434 0.702 0.0818 0.5457 0.7211 4.1636 0.1106 0.1106 0.4801 0 0
55 142 1526 0 0 0 0 0 1.0003 0 0.749 -0.2006 0.2233 0.278 1.2448 0.9765 -0.1218 0.3137 0.5195 4.2125 0.6769 -0.0764 0.5517 0.7188 4.0754 0.1989 0.1989 0.4099 0 0
55 143 1572 0 0 0 0 0 1.0006 0 0.8831 -0.0487 0.1494 0.1622 0.8879 0.9894 -0.0633 0.1676 0.2108 1.9618 0.7458 -0.1296 0.5144 0.6646 4.2865 0.0209 0.0209 0.4882 0 0
55 144 1516 0 0 0 0 0 1.0002 0 0.8124 -0.0384 0.1048 0.1225 0.9594 0.988 -0.155 0.1677 0.3085 3.8832 0.6732 -0.0854 0.5735 0.7311 4.0621 -0.1478 0.1478 0.4278 0 0
55 145 1560 0 0 0 0 0 1.0007 0 -0.0775 0.1375 0.1613 0.1976 0.8509 0.991 -0.0528 0.1077 0.1603 1.775 0.7672 -0.008 0.5188 0.6675 4.0783 -0.186 0.186 0.3993 0 0
55 146 1515 0 0 0 0 0 1.0008 0 0.8514 -0.0583 0.2077 0.2448 1.1917 0.9787 -2e-04 0.209 0.289 3.2102 0.6413 -0.0092 0.5696 0.7277 4.2358 0.0474 0.0474 0.4699 0 0
55 147 1491 0 0 0 0 0 1.0002 0 0.9025 0.0825 0.12 0.126 0.9822 0.9918 -0.0837 0.1355 0.1571 1.5206 0.7006 -0.0411 0.5854 0.7546 4.0771 -0.0899 0.0899 0.429 0 0
55 148 1477 0 0 0 0 0 1.0004 0 0.5541 -0.0585 0.2344 0.2867 1.2198 0.9689 0.0923 0.3407 0.5468 7.5927 0.7191 0.0426 0.5947 0.7611 4.1064 -0.1191 0.1191 0.4694 0 0
55 149 1568 0 0 0 0 0 1.0009 0 0.5973 -0.0395 0.1772 0.2136 1.091 0.9845 -0.2309 0.2524 0.2948 2.5701 0.7179 -0.0781 0.5444 0.6998 4.1095 0.0192 0.0192 0.4646 0 0
55 150 1550 0 0 0 0 0 1.0011 0 0.9028 -0.104 0.1354 0.1799 1.2569 0.906 -0.1599 0.4832 0.9398 12.9145 0.6403 -0.0199 0.5817 0.7211 4.1194 -0.1005 0.1005 0.5015 0 0
55 151 1531 0 0 0 0 0 1.0007 0 0.5779 -0.1009 0.2101 0.2631 0.9785 0.9804 -0.0739 0.2528 0.3266 1.9695 0.7112 -0.0591 0.5223 0.6818 4.0884 0.1063 0.1063 0.4382 0 0
55 152 1505 0 0 0 0 0 1.0005 0 0.6861 -0.0961 0.1784 0.1857 1.1266 0.9871 0.0093 0.2231 0.2802 5.9554 0.6469 0.0721 0.6054 0.778 4.1407 -0.0464 0.0464 0.4774 0 0
55 153 1481 0 0 0 0 0 1.0004 0 0.8656 -0.1231 0.1941 0.2552 1.2917 0.9427 -1.2292 1.4383 2.4988 27.7081 0.6463 -0.0026 0.5837 0.7496 4.0738 -0.0219 0.0219 0.4684 0 0
55 154 1509 0 0 0 0 0 1.0003 0 -0.0926 -0.0608 0.1403 0.1839 0.8987 0.9905 0.1626 0.2306 0.3524 5.0042 0.6295 0.0749 0.5481 0.7048 4.1005 0.0501 0.0501 0.49 0 0
55 155 1590 0 0 0 0 0 1.0005 0 0.971 0.0074 0.0582 0.0673 0.9545 0.9911 0.0732 0.1461 0.1976 2.5917 0.7274 0.0468 0.5464 0.6823 4.0098 0.1492 0.1492 0.3754 0 0
55 156 1568 0 0 0 0 0 1.0004 0 0.5647 -0.0489 0.2222 0.3009 1.075 0.9796 -0.1763 0.2311 0.3877 4.1726 0.7491 -0.0013 0.5174 0.6747 4.1913 -0.0949 0.0949 0.4089 0 0
55 157 1563 0 0 0 0 0 1.0006 0 0.7904 -0.0643 0.1515 0.1684 0.9391 0.9765 0.1038 0.2845 0.402 5.5333 0.6848 0.0251 0.5455 0.6901 4.1149 0.2177 0.2177 0.4327 0 0
55 158 1613 0 0 0 0 0 1.0003 0 0.9743 0.0162 0.07 0.0847 1.0683 0.9909 -0.0563 0.1412 0.162 2.3679 0.7536 0.0036 0.5033 0.6397 4.147 0.0115 0.0115 0.4012 0 0
55 159 1514 0 0 0 0 0 1.0004 0 0.7312 -0.0303 0.2273 0.3101 1.1011 0.9823 -0.0174 0.1936 0.2879 5.2853 0.7061 0.0232 0.5368 0.7038 4.0535 0.1103 0.1103 0.4138 0 0
55 160 1596 0 0 0 0 0 1.0002 0 0.909 -0.0142 0.1224 0.1376 1.0397 0.9777 0.011 0.2056 0.276 3.0479 0.7285 0.037 0.5395 0.6885 4.1981 -0.0533 0.0533 0.4388 0 0
55 161 1582 0 0 0 0 0 1.0003 0 0.6645 0.097 0.1593 0.2043 0.9455 0.9818 -0.139 0.1707 0.2461 1.6453 0.746 -0.0026 0.5093 0.666 4.0148 0.0373 0.0373 0.3714 0 0
55 162 1519 0 0 0 0 0 1.001 0 0.3355 -0.0762 0.2467 0.3138 1.4175 0.9813 0.2023 0.3296 0.514 6.7944 0.6363 -0.1295 0.6234 0.7934 4.087 -0.1365 0.1365 0.4432 0 0
55 163 1498 0 0 0 0 0 1.0004 0 0.7112 -0.0138 0.1624 0.1956 0.9629 0.9867 0.1244 0.1926 0.267 2.4459 0.7038 0.0316 0.5235 0.6849 4.0289 0.0167 0.0167 0.3745 0 0
55 164 1561 0 0 0 0 0 1.0005 0 0.9609 -0.1008 0.2885 0.3829 1.1582 0.9793 0.0946 0.2082 0.2689 1.8412 0.7161 0.1314 0.5222 0.6913 4.1413 -0.0964 0.0964 0.4245 0 0
55 165 1477 0 0 0 0 0 1.0003 0 0.8331 -0.0437 0.147 0.1862 1.1979 0.9847 -0.1229 0.2194 0.3347 3.5928 0.6426 0.007 0.5774 0.739 4.1601 -0.0889 0.0889 0.4293 0 0
55 166 1453 0 0 0 0 0 1.0005 0 0.8024 0.0185 0.1193 0.1516 0.9947 0.9838 -0.0311 0.1834 0.2426 3.4362 0.7182 0.0486 0.5451 0.7169 4.0803 0.0331 0.0331 0.4754 0 0
55 167 1520 0 0 0 0 0 1.0008 0 0.3687 -0.0102 0.2394 0.3168 1.1995 0.9727 0.3919 0.4558 0.7241 8.914 0.6726 -0.1144 0.604 0.7519 4.0443 0.0372 0.0372 0.4715 0 0
55 168 1524 0 0 0 0 0 1.0004 0 0.5522 -0.0235 0.2986 0.3588 1.0479 0.9449 0.0438 0.3278 0.4284 4.388 0.6901 -0.0147 0.5781 0.764 4.1141 0.0713 0.0713 0.4328 0 0
55 169 1508 0 0 0 0 0 1.001 0 0.5726 0.0681 0.1658 0.1933 1.009 0.9856 0.0851 0.1308 0.179 1.8946 0.6942 0.1012 0.6155 0.7917 4.0682 0.0529 0.0529 0.4025 0 0
55 170 1528 0 0 0 0 0 1.0004 0 0.9161 0.0479 0.0918 0.1199 1.2543 0.9811 0.1531 0.2303 0.2759 2.9984 0.6612 0.0869 0.576 0.7427 4.1316 -0.1164 0.1164 0.4903 0 0
55 171 1523 0 0 0 0 0 1.0004 0 0.72 -0.1383 0.192 0.2556 0.9561 0.9646 0.2498 0.3623 0.5269 6.6951 0.6393 -6e-04 0.5932 0.7501 4.3165 0.1978 0.1978 0.5326 0 0
55 172 1521 0 0 0 0 0 1.0006 0 0.6237 -0.1104 0.1542 0.2027 0.9418 0.992 -0.1457 0.2442 0.3974 4.082 0.6848 0.0283 0.5396 0.7015 4.2856 -0.1007 0.1007 0.4561 0 0
55 173 1527 0 0 0 0 0 1.0005 0 0.0629 -0.1506 0.187 0.2566 0.9571 0.9914 0 0.1962 0.2647 2.5648 0.6473 0.0549 0.5871 0.7688 4.1217 0.1205 0.1205 0.4922 0 0
55 174 1544 0 0 0 0 0 1.0008 0 0.8705 -0.0915 0.1726 0.189 1.0061 0.992 0.1056 0.1826 0.2342 3.1117 0.7301 0.0742 0.5481 0.7188 4.0585 -0.0107 0.0107 0.3856 0 0
55 175 1570 0 0 0 0 0 1.0007 0 0.6732 -0.0029 0.1892 0.2344 1.0366 0.9779 0.0424 0.2235 0.2739 2.1812 0.7182 0.0044 0.5432 0.7324 4.0731 -0.1 0.1 0.4278 0 0
55 176 1589 0 0 0 0 0 1.0004 0 0.587 0.0976 0.2983 0.3631 1.0842 0.9826 -0.0846 0.189 0.2483 2.1153 0.735 -0.0698 0.5211 0.6705 4.0682 0.0981 0.0981 0.4016 0 0
55 177 1496 0 0 0 0 0 1.0007 0 0.8974 -0.0728 0.104 0.1087 0.9648 0.9897 -0.1199 0.2248 0.2904 3.3097 0.6287 -0.0277 0.6334 0.8144 4.1074 -0.007 0.007 0.4923 0 0
55 178 1474 0 0 0 0 0 1.0007 0 0.2342 -0.0363 0.1674 0.1997 0.9552 0.9867 -0.0114 0.1362 0.1763 2.0631 0.6867 0.0411 0.5519 0.7184 4.1142 -0.1933 0.1933 0.4459 0 0
55 179 1511 0 0 0 0 0 1.0003 0 0.7157 -0.07 0.1163 0.1485 0.9147 0.9901 0.1009 0.149 0.2068 1.6988 0.7262 0.033 0.5087 0.6579 4.1531 0.0856 0.0856 0.3704 0 0
55 180 1465 0 0 0 0 0 1.0005 0 0.4971 -0.004 0.1562 0.1767 0.8669 0.9712 -0.0298 0.224 0.3051 3.3383 0.6688 0.0903 0.5493 0.7125 4.1361 -0.0481 0.0481 0.4505 0 0
55 181 1503 0 0 0 0 0 1.0003 0 0.347 -0.1252 0.2206 0.257 1.0865 0.9869 -0.0428 0.2987 0.3687 3.7884 0.6389 0.0745 0.5658 0.7408 4.0574 0.0902 0.0902 0.4566 0 0
55 182 1492 0 0 0 0 0 1.0011 0 0.8981 0.0511 0.1493 0.1881 1.0909 0.9682 -0.022 0.2498 0.3274 4.0958 0.7 0.0125 0.5497 0.6904 4.0451 -0.0685 0.0685 0.4156 0 0
55 183 1554 0 0 0 0 0 1.0003 0 0.5667 -0.0739 0.2611 0.3131 1.1016 0.9845 0.0231 0.2086 0.2515 2.9076 0.704 0.0413 0.5394 0.697 4.353 -0.0727 0.0727 0.4759 0 0
55 184 1506 0 0 0 0 0 1.0002 0 0.223 -0.2281 0.2862 0.3423 0.9103 0.9792 0.0826 0.2866 0.3683 3.4921 0.6593 0.0458 0.5255 0.6907 4.0636 -0.034 0.034 0.4593 0 0
55 185 1524 0 0 0 0 0 1.0007 0 0.904 0.0443 0.1421 0.1528 0.9553 0.9812 -0.1097 0.2007 0.2662 4.3906 0.6887 -0.0838 0.5584 0.7156 4.0688 -0.1058 0.1058 0.4208 0 0
55 186 1473 0 0 0 0 0 1.0007 0 0.8095 -0.0446 0.1391 0.1589 1.0775 0.989 -0.222 0.2648 0.3532 3.7654 0.6451 -0.0632 0.6045 0.7726 4.0172 0.0254 0.0254 0.4229 0 0
55 187 1555 0 0 0 0 0 1.0004 0 0.9879 -0.031 0.0609 0.0688 1.1388 0.9936 -0.0504 0.1223 0.1549 2.1062 0.7014 -0.0304 0.5489 0.701 4.1248 -0.0544 0.0544 0.4004 0 0
55 188 1459 0 0 0 0 0 1.0006 0 0.6745 -0.143 0.2005 0.2213 1.0357 0.9882 0.1217 0.3313 0.4724 4.4769 0.6921 0.0047 0.5642 0.7213 4.154 0.2449 0.2449 0.4069 0 0
55 189 1557 0 0 0 0 0 1.0023 0 0.8813 -0.066 0.1568 0.1658 1.1317 0.9891 -0.0497 0.2155 0.2715 2.7855 0.649 0.0333 0.5643 0.7224 4.0499 -0.1075 0.1075 0.4101 0 0
55 190 1552 0 0 0 0 0 1.0003 0 0.9315 -0.0849 0.1344 0.1893 0.9853 0.8889 -0.2387 0.4401 1.0724 13.1388 0.6694 0.028 0.5627 0.7338 4.1162 -0.2364 0.2364 0.4078 0 0
55 191 1520 0 0 0 0 0 1.0005 0 0.2831 -0.0918 0.2392 0.2599 0.997 0.9846 -0.1306 0.4042 0.4884 4.8641 0.618 -0.0854 0.6205 0.8 4.1072 -0.0529 0.0529 0.5182 0 0
55 192 1502 0 0 0 0 0 1.0007 0 0.5871 0.01 0.0866 0.1231 0.9289 0.9953 -0.0074 0.1372 0.1671 3.1953 0.6329 0.0012 0.5806 0.7601 4.0729 -0.0091 0.0091 0.4504 0 0
55 193 1481 0 0 0 0 0 1.001 0 0.8543 -0.1433 0.1791 0.253 1.029 0.9763 -0.0172 0.2802 0.35 3.9923 0.6723 0.1163 0.593 0.7789 4.0857 0.0152 0.0152 0.469 0 0
55 194 1524 0 0 0 0 0 1.0003 0 0.693 -0.1527 0.1917 0.2495 0.9249 0.9869 -0.053 0.2386 0.3558 5.2992 0.6988 -0.0136 0.5447 0.7028 4.1175 -0.0082 0.0082 0.4521 0 0
55 195 1588 0 0 0 0 0 1.001 0 0.9451 0.1224 0.169 0.2361 1.0837 0.9748 -0.0315 0.162 0.2143 2.6816 0.7097 -0.079 0.5604 0.7382 4.0662 -0.1432 0.1432 0.3719 0 0
55 196 1496 0 0 0 0 0 1.0009 0 0.91 0.0904 0.1373 0.1608 1.0636 0.975 -0.1597 0.2175 0.324 2.8303 0.7194 -0.0412 0.5856 0.749 4.1328 -0.0841 0.0841 0.4846 0 0
55 197 1513 0 0 0 0 0 1.0009 0 0.5029 -0.0432 0.1995 0.2568 0.9563 0.9906 -0.1181 0.1994 0.2492 2.9956 0.7101 -0.1377 0.5687 0.7073 4.1682 -0.0449 0.0449 0.5204 0 0
55 198 1519 0 0 0 0 0 1.0002 0 0.8528 -0.0597 0.111 0.1324 1.0081 0.9814 0.0098 0.1765 0.2728 3.205 0.6873 -0.0252 0.5417 0.7053 4.1033 -0.2305 0.2305 0.4208 0 0
55 199 1508 0 0 0 0 0 1.0005 0 0.9636 -0.0668 0.1205 0.1278 1.2078 0.9762 0.2987 0.3532 0.4553 3.6397 0.6465 0.1508 0.6103 0.781 4.086 0.095 0.095 0.402 0 0
55 200 1476 0 0 0 0 0 1.0004 0 -0.0716 -0.1312 0.3324 0.349 1.1366 0.9519 -0.0725 0.526 0.6413 7.2443 0.5972 -0.032 0.6452 0.8394 4.1026 -0.0809 0.0809 0.4791 0 0
55 201 1376 0 0 0 0 0 1.0003 0 0.6458 0.2235 0.2647 0.3729 1.3069 0.9856 -0.0826 0.1568 0.1901 1.8128 0.6665 -0.0791 0.5817 0.762 4.0532 -0.0733 0.0733 0.4184 0 0
55 202 1619 0 0 0 0 0 1.0005 0 0.9723 0.0452 0.1013 0.1286 1.1757 0.9927 0.2925 0.2925 0.3219 2.1237 0.7286 0.1825 0.5596 0.7287 4.0561 0.1268 0.1268 0.3854 0 0
55 203 1521 0 0 0 0 0 1.0003 0 0.8944 0.0256 0.1226 0.1528 1.1297 0.9877 -0.1346 0.204 0.2442 3.3623 0.6886 -0.0681 0.6402 0.8256 4.1092 -0.1226 0.1226 0.4238 0 0
55 204 1539 0 0 0 0 0 1.0006 0 0.3123 -0.1126 0.2166 0.2397 1.0227 0.9889 -0.1028 0.2197 0.2662 2.5438 0.713 -0.0502 0.5141 0.6834 4.1347 -0.0286 0.0286 0.4714 0 0
55 205 1526 0 0 0 0 0 1.0003 0 0.4316 -0.0601 0.1555 0.1826 0.9457 0.982 0.1123 0.2804 0.3903 4.647 0.6544 0.041 0.6074 0.7813 4.083 0.1526 0.1526 0.3922 0 0
55 206 1463 0 0 0 0 0 1.0007 0 -0.4199 -0.1269 0.1873 0.2293 0.9585 0.953 0.0995 0.2987 0.4254 3.8066 0.6121 0.0517 0.6051 0.7876 4.1012 0.0134 0.0134 0.5741 0 0
55 207 1464 0 0 0 0 0 1.0007 0 0.7937 -0.0197 0.0685 0.0913 0.9321 0.9807 -0.0451 0.181 0.2413 3.0372 0.6052 -0.0489 0.6195 0.8059 4.1263 0.128 0.128 0.5189 0 0
55 208 1567 0 0 0 0 0 1.0004 0 0.6553 -0.0092 0.1799 0.2107 1.1534 0.9834 -0.0883 0.3279 0.3882 5.164 0.6861 -0.0506 0.5623 0.7048 4.1308 0.0898 0.0898 0.4109 0 0
55 209 1573 0 0 0 0 0 1.0002 0 0.9929 -0.0557 0.0593 0.0742 1.0261 0.9928 -0.0038 0.1512 0.1989 4.4305 0.704 0.0639 0.5329 0.6909 4.1271 -0.0769 0.0769 0.436 0 0
55 210 1535 0 0 0 0 0 1.0002 0 0.7701 -0.2639 0.265 0.3432 1.0004 0.9835 -0.1101 0.4659 0.5716 4.17 0.6193 -0.0025 0.577 0.7191 4.0788 0.1011 0.1011 0.48 0 0
55 211 1496 0 0 0 0 0 1.0004 0 0.9313 -0.1095 0.1321 0.1428 1.0336 0.992 0.1699 0.2589 0.3687 5.1043 0.6898 0.0455 0.5615 0.7207 4.0394 0.0127 0.0127 0.4465 0 0
55 212 1511 0 0 0 0 0 1.0008 0 0.833 -0.1329 0.1611 0.2084 0.9947 0.9756 0.0829 0.3499 0.4913 5.5226 0.6485 -0.0437 0.6124 0.7755 4.0798 -0.1083 0.1083 0.4652 0 0
55 213 1437 0 0 0 0 0 1.0005 0 0.9054 -0.0353 0.1168 0.1376 1.0454 0.9924 -0.0594 0.1315 0.174 2.2852 0.7069 0.0538 0.5321 0.7056 4.2005 0.1421 0.1421 0.4529 0 0
55 214 1492 0 0 0 0 0 1.0005 0 0.7782 -0.0083 0.1222 0.148 0.9933 0.9923 -0.0522 0.1251 0.1807 2.6909 0.6827 0.0016 0.5344 0.6938 4.2261 -0.1078 0.1078 0.475 0 0
55 215 1557 0 0 0 0 0 1.0007 0 0.5975 -0.0266 0.1832 0.1978 1.0077 0.9692 -0.1006 0.2453 0.3062 3.1686 0.6611 -0.0516 0.568 0.7417 4.1058 0.0129 0.0129 0.4621 0 0
55 216 1433 0 0 0 0 0 1.0007 0 -0.0412 0.0665 0.3579 0.4141 1.0233 0.9711 -0.1473 0.251 0.3844 3.1429 0.5946 -0.1373 0.675 0.892 4.2242 0.2527 0.2527 0.5155 0 0
55 217 1465 0 0 0 0 0 1.0005 0 0.9167 0.0989 0.1327 0.1648 1.0406 0.9868 0.0035 0.1836 0.2183 2.43 0.6507 0.0883 0.5692 0.7494 4.0448 -0.032 0.032 0.4227 0 0
55 218 1607 0 0 0 0 0 1.0004 0 0.9509 0.0813 0.1038 0.1155 0.9659 0.9917 0.0668 0.1384 0.1697 1.8475 0.7254 0.061 0.5557 0.7504 4.105 -0.0171 0.0171 0.4076 0 0
55 219 1504 0 0 0 0 0 1.0022 0 0.7549 -0.0798 0.2256 0.2313 1.1885 0.9761 0.1819 0.2898 0.4052 4.0416 0.6766 0.0198 0.56 0.7291 4.0821 -0.0798 0.0798 0.496 0 0
55 220 1608 0 0 0 0 0 1.0003 0 0.6338 -0.0179 0.1531 0.214 1.0006 0.9872 -0.0957 0.2168 0.2993 4.8711 0.6832 0.0819 0.5481 0.7344 4.0433 -0.0122 0.0122 0.3829 0 0
55 221 1498 0 0 0 0 0 1.0002 0 0.8032 0.0498 0.1096 0.1395 0.9795 0.9674 -0.2259 0.2486 0.4376 6.0352 0.6528 -0.0778 0.5607 0.7283 4.0533 -0.0197 0.0197 0.418 0 0
55 222 1516 0 0 0 0 0 1.0003 0 0.9359 -0.0304 0.0724 0.0942 0.9452 0.9951 -0.1377 0.1698 0.1954 2.3478 0.6725 -0.0377 0.5902 0.7707 4.0847 -0.0196 0.0196 0.4787 0 0
55 223 1562 0 0 0 0 0 1.0006 0 0.8166 0.0665 0.1698 0.1979 1.041 0.9758 -0.1415 0.2268 0.3015 2.292 0.74 -0.0457 0.5348 0.711 4.015 -0.1533 0.1533 0.3768 0 0
55 224 1495 0 0 0 0 0 1.0002 0 0.4416 0.0265 0.1202 0.1571 0.9508 0.9605 -0.1856 0.3678 0.4112 4.9445 0.6343 -0.0961 0.6495 0.811 4.1009 -0.1743 0.1743 0.4656 0 0
55 225 1493 0 0 0 0 0 1.0027 0 0.9241 -0.2014 0.2848 0.3148 1.8364 0.9495 0.0201 0.5269 0.8114 8.7549 0.6197 0.0544 0.6008 0.7708 4.1998 0.0749 0.0749 0.4647 0 0
55 226 1585 0 0 0 0 0 1.0007 0 0.7506 0.0022 0.1208 0.1733 1.1252 0.9951 -0.0247 0.0971 0.1175 2.0367 0.7395 0.0222 0.5314 0.6999 4.1069 -0.1606 0.1606 0.392 0 0
55 227 1474 0 0 0 0 0 1.0005 0 0.3522 -0.179 0.3235 0.4478 1.0437 0.9412 0.0812 0.5219 0.7743 10.9099 0.6576 -0.0352 0.6101 0.7764 4.0948 -0.014 0.014 0.5017 0 0
55 228 1538 0 0 0 0 0 1.0008 0 0.4359 0.0736 0.1946 0.2252 1.0524 0.9865 -0.0693 0.1724 0.2294 3.1165 0.6958 0.0198 0.5742 0.7296 4.0461 -0.0479 0.0479 0.3933 0 0
55 229 1422 0 0 0 0 0 1.0002 0 0.9404 -0.1148 0.1815 0.2076 1.3626 0.9678 -0.0355 0.3619 0.5336 6.8165 0.6668 -0.067 0.5621 0.7102 4.3343 -0.0168 0.0168 0.4974 0 0
55 230 1522 0 0 0 0 0 1.0006 0 0.7714 -0.0021 0.1631 0.1865 1.0891 0.9639 0.0921 0.2268 0.355 4.6767 0.6487 0.0378 0.5723 0.7212 4.0616 0.0552 0.0552 0.4317 0 0
55 231 1533 0 0 0 0 0 1.002 0 0.6029 -0.091 0.1161 0.1696 0.933 0.9683 -0.0692 0.2664 0.4229 3.8924 0.6431 -0.0064 0.5474 0.7045 4.1984 -0.0828 0.0828 0.5759 0 0
55 232 1512 0 0 0 0 0 1.0003 0 0.9626 0.0909 0.1185 0.1369 1.0239 0.9924 -0.0487 0.1191 0.1613 2.0366 0.7327 -0.0258 0.5524 0.728 4.0709 0.0651 0.0651 0.3857 0 0
55 233 1409 0 0 0 0 0 1.0005 0 0.62 -0.1337 0.1667 0.2071 1.0166 0.9934 -0.0516 0.1802 0.2252 2.7492 0.6722 -0.0652 0.534 0.6792 4.2232 -0.0904 0.0904 0.5523 0 0
55 234 1514 0 0 0 0 0 1.0007 0 0.556 -0.0068 0.2366 0.2661 1.0041 0.9692 -0.2084 0.2907 0.421 5.0632 0.6935 -0.0789 0.5489 0.7113 4.068 -0.0612 0.0612 0.4572 0 0
55 235 1413 0 0 0 0 0 1.0005 0 0.2224 -0.0551 0.122 0.1499 1.0424 0.9944 -0.1946 0.2043 0.251 2.4637 0.6001 -0.1238 0.6396 0.8264 4.1044 -0.1491 0.1491 0.5046 0 0
55 236 1504 0 0 0 0 0 1.001 0 0.2885 -0.0982 0.1466 0.226 0.9787 0.9546 -0.0228 0.3006 0.5064 5.7285 0.6816 -0.0908 0.5697 0.711 4.257 -0.047 0.047 0.5666 0 0
55 237 1425 0 0 0 0 0 1.0002 0 0.9259 9e-04 0.1021 0.131 1.2014 0.9799 0.0744 0.2425 0.2882 3.7122 0.6655 0.0945 0.6269 0.7954 4.1029 -0.0427 0.0427 0.4874 0 0
55 238 1711 0 0 0 0 0 1.0004 0 0.3579 -0.156 0.2073 0.2428 1.0101 0.9907 -0.2465 0.3683 0.5675 8.1776 0.6897 0.0015 0.6183 0.8028 4.1628 0.1072 0.1072 0.5452 0 0
55 239 1532 0 0 0 0 0 1.0003 0 0.6683 -0.0921 0.1779 0.2451 0.9215 0.9855 -0.0524 0.1704 0.2107 2.4597 0.7006 -0.0709 0.5159 0.6862 4.1904 -0.001 0.001 0.439 0 0
55 240 1402 0 0 0 0 0 1.0006 0 0.5651 -0.0268 0.1611 0.1723 1.1113 0.9838 0.0488 0.2215 0.2708 4.2679 0.599 0.0888 0.6171 0.7743 4.1202 0.1885 0.1885 0.4999 0 0
55 241 1472 0 0 0 0 0 1.0013 0 0.7482 -0.0682 0.2171 0.2238 1.0887 0.9919 -0.0957 0.1817 0.2114 3.1554 0.689 -0.0538 0.5602 0.7403 4.0656 0.0844 0.0844 0.3874 0 0
55 242 1547 0 0 0 0 0 1.0002 0 0.7308 -0.0168 0.1146 0.1598 1.0337 0.9916 0.0118 0.1225 0.1547 2.1689 0.7364 -0.0613 0.544 0.6797 4.0688 0.0503 0.0503 0.3971 0 0
55 243 1477 0 0 0 0 0 1.0003 0 -0.3263 0.1101 0.301 0.3469 0.9479 0.9221 -0.2015 0.4285 0.7149 8.6844 0.5974 0.0175 0.6027 0.7987 4.0738 -0.1039 0.1039 0.4175 0 0
55 244 1449 0 0 0 0 0 1.0003 0 0.862 -0.0235 0.1449 0.1565 1.0922 0.9871 -0.0789 0.1736 0.2746 3.2266 0.6766 -0.0605 0.6069 0.7816 4.1566 -0.0929 0.0929 0.4434 0 0
55 245 1542 0 0 0 0 0 1.0004 0 0.5399 -0.192 0.2074 0.2836 0.9207 0.9945 -0.0475 0.1745 0.2248 3.641 0.7294 0.0374 0.5446 0.7035 4.0277 -0.092 0.092 0.406 0 0
55 246 1462 0 0 0 0 0 1.0006 0 0.8637 0.0616 0.2076 0.2459 1.1854 0.9925 0.2608 0.2866 0.3297 4.008 0.675 0.0404 0.606 0.7725 4.1404 -0.0535 0.0535 0.4682 0 0
55 247 1565 0 0 0 0 0 1.0005 0 0.8473 0.1009 0.2253 0.3007 1.3013 0.9771 -0.0382 0.2322 0.2965 4.2333 0.7001 -0.0828 0.6136 0.7781 4.0839 0.0246 0.0246 0.4122 0 0
55 248 1484 0 0 0 0 0 1.0007 0 0.7227 0.0097 0.1405 0.1754 1.058 0.984 0.0338 0.2024 0.2486 3.7534 0.6347 -0.0212 0.6385 0.8051 4.1009 -0.0793 0.0793 0.5182 0 0
55 249 1454 0 0 0 0 0 1.0009 0 0.93 -0.1314 0.1314 0.1622 1.0026 0.9672 -0.4895 0.5472 0.9258 11.2506 0.6004 -0.1041 0.6128 0.7741 4.1482 0.1424 0.1424 0.4939 0 0
55 250 1468 0 0 0 0 0 1.0006 0 0.9471 -0.0925 0.2056 0.2472 1.0841 0.9911 -0.1834 0.2391 0.2895 3.3746 0.6934 -0.1128 0.5446 0.6993 4.1254 -0.0306 0.0306 0.4459 0 0
55 251 1513 0 0 0 0 0 1.0012 0 0.6716 -0.0505 0.1742 0.2095 1.0443 0.9783 0.2589 0.3402 0.4656 4.7892 0.6869 0.1231 0.5558 0.6994 4.1789 0.165 0.165 0.4851 0 0
55 252 1563 0 0 0 0 0 1.0004 0 -0.2905 0.028 0.2367 0.3208 1.1233 0.9641 0.1441 0.2409 0.3676 2.8491 0.6839 0.0363 0.5832 0.75 4.1231 0.0618 0.0618 0.4592 0 0
55 253 1529 0 0 0 0 0 1.0004 0 0.6977 -0.0663 0.1404 0.1645 1.0734 0.9748 -0.0982 0.2878 0.3776 3.6185 0.6137 -0.063 0.6393 0.791 4.1723 -0.0298 0.0298 0.5221 0 0
55 254 1484 0 0 0 0 0 1.0008 0 0.8839 -0.0572 0.1485 0.1587 0.8845 0.984 0.0175 0.2138 0.2474 2.4329 0.7029 -0.0085 0.5448 0.7312 4.101 0.1234 0.1234 0.429 0 0
55 255 1668 0 0 0 0 0 1.0007 0 0.4968 -0.0014 0.1636 0.2052 1.1667 0.9755 -0.1483 0.2649 0.3226 3.2051 0.6619 -0.0768 0.5818 0.7356 4.0713 -0.1414 0.1414 0.4465 0 0
55 256 1579 0 0 0 0 0 1.0004 0 0.8471 -0.0603 0.1073 0.1219 0.909 0.9899 -0.1533 0.2304 0.2985 2.3827 0.7121 -0.1235 0.568 0.7328 4.033 -0.0852 0.0852 0.3929 0 0
55 257 1491 0 0 0 0 0 1.0008 0 0.1613 -0.0824 0.2662 0.3086 1.0655 0.977 -0.1273 0.5775 0.8193 9.914 0.6621 -0.0572 0.6455 0.827 4.3163 0.0961 0.0961 0.6001 0 0
55 258 1523 0 0 0 0 0 1.0002 0 0.5505 -0.0581 0.1404 0.1801 0.9494 0.9795 0.0584 0.3177 0.4352 4.4584 0.6188 -0.0229 0.6089 0.7739 4.0557 0.1765 0.1765 0.4397 0 0
55 259 1544 0 0 0 0 0 1.0003 0 0.7061 -0.0094 0.1415 0.1594 1.1212 0.9803 -0.0694 0.1678 0.2099 2.0711 0.6623 -0.0464 0.5656 0.7419 4.1255 0.081 0.081 0.4551 0 0
55 260 1513 0 0 0 0 0 1.0002 0 0.5424 -0.034 0.1366 0.1649 0.901 0.9946 -0.0627 0.1229 0.1469 3.407 0.6973 0.009 0.5638 0.7139 4.0438 0.1551 0.1551 0.4265 0 0
55 261 1472 0 0 0 0 0 1.0005 0 0.8623 -0.0597 0.0969 0.1218 1.1385 0.9853 -8e-04 0.2059 0.2983 3.0666 0.6884 -0.0471 0.5724 0.7202 4.0488 0.0246 0.0246 0.4384 0 0
55 262 1555 0 0 0 0 0 1.0003 0 0.7227 -0.0821 0.1564 0.1833 1.0428 0.9665 -0.0996 0.3631 0.5548 5.9429 0.6696 0.0105 0.5741 0.726 4.1374 0.0742 0.0742 0.4877 0 0
55 263 1548 0 0 0 0 0 1.0003 0 0.7419 0.0149 0.1656 0.2056 1.0877 0.9859 -0.1014 0.2704 0.3371 3.2568 0.6825 -0.1062 0.5726 0.7377 4.1545 0.1777 0.1777 0.4299 0 0
55 264 1523 0 0 0 0 0 1.0003 0 0.7258 -0.1049 0.1338 0.1628 0.9099 0.9941 -0.109 0.1416 0.1942 2.5653 0.682 -0.0209 0.5745 0.7289 4.0701 0.1861 0.1861 0.4493 0 0
55 265 1551 0 0 0 0 0 1.0003 0 0.968 0.108 0.108 0.1358 1.0538 0.9959 -0.1056 0.1384 0.165 1.7317 0.7274 -0.1164 0.5667 0.7019 4.0841 0.0795 0.0795 0.3822 0 0
55 266 1599 0 0 0 0 0 1.0001 0 0.8221 -0.0019 0.1013 0.1219 0.9973 0.9894 -0.0347 0.1303 0.1707 1.8488 0.7386 -0.0749 0.5343 0.6651 4.0301 0.0921 0.0921 0.3784 0 0
55 267 1540 0 0 0 0 0 1.0007 0 0.8487 -0.0665 0.229 0.2588 1.3034 0.9811 -0.2482 0.2823 0.3744 2.4281 0.7207 -0.0916 0.5217 0.6672 4.1013 -0.0941 0.0941 0.4477 0 0
55 268 1572 0 0 0 0 0 1.0003 0 0.4624 0.0344 0.2322 0.2509 1.029 0.9799 -0.1481 0.2097 0.2622 2.1886 0.6419 -0.085 0.6238 0.8009 4.0893 -0.0018 0.0018 0.4309 0 0
55 269 1513 0 0 0 0 0 1.0006 0 0.2945 -0.291 0.3256 0.3944 0.9675 0.9685 -0.6366 0.7301 1.0412 10.8571 0.5927 0.008 0.5813 0.7518 4.1054 0.1039 0.1039 0.5192 0 0
55 270 1519 0 0 0 0 0 1.0003 0 0.5936 -0.0606 0.2015 0.2324 1.0552 0.9665 -0.1506 0.2813 0.4603 5.2128 0.6637 -0.0617 0.5773 0.7444 4.1181 -0.027 0.027 0.4696 0 0
55 271 1555 0 0 0 0 0 1.0006 0 0.5035 0.026 0.2326 0.2896 1.0715 0.9707 -0.0936 0.2284 0.3798 4.953 0.6736 0.0417 0.5427 0.7161 4.1564 -0.0145 0.0145 0.4881 0 0
55 272 1496 0 0 0 0 0 1.0006 0 0.8214 -0.0799 0.1448 0.2173 1.3933 0.9841 0.0662 0.2376 0.3345 3.8223 0.6737 0.0148 0.5733 0.7319 4.0334 -0.0346 0.0346 0.4257 0 0
55 273 1535 0 0 0 0 0 1.0004 0 -0.349 -0.0608 0.1463 0.1809 0.9334 0.9881 0.0013 0.1768 0.2266 2.5613 0.6971 0.0541 0.5321 0.6971 4.2585 -0.0385 0.0385 0.519 0 0
55 274 1571 0 0 0 0 0 1.0014 0 0.221 0.0252 0.1958 0.2547 1.1664 0.9838 -0.0735 0.1903 0.2666 2.9561 0.6584 0.0731 0.5596 0.7067 4.3208 0.0522 0.0522 0.5042 0 0
55 275 1578 0 0 0 0 0 1.0003 0 0.5333 -0.0288 0.2343 0.2627 0.867 0.9792 0.1075 0.264 0.3525 5.4615 0.7295 0.0745 0.5082 0.6523 4.0931 0.1556 0.1556 0.4665 0 0
55 276 1530 0 0 0 0 0 1.0006 0 0.9219 0.0945 0.1249 0.1523 1.1645 0.9956 -0.0513 0.1124 0.1346 1.9458 0.7038 -0.0052 0.5485 0.7251 4.2219 -0.0632 0.0632 0.4293 0 0
55 277 1503 0 0 0 0 0 1.0005 0 0.1449 -0.0733 0.2123 0.2881 1.0443 0.9634 -0.0431 0.3871 0.6072 6.0119 0.6198 0.06 0.5699 0.7377 4.0587 -0.1539 0.1539 0.4377 0 0
55 278 1554 0 0 0 0 0 1.0004 0 -0.2358 -0.1465 0.1988 0.2663 0.943 0.9703 0.104 0.3236 0.4679 4.5555 0.622 0.0216 0.6013 0.7838 4.055 0.0811 0.0811 0.4582 0 0
55 279 1447 0 0 0 0 0 1.0008 0 -0.1557 -0.2165 0.2614 0.338 1.2526 0.9625 -0.3448 0.6619 1.0361 10.0248 0.609 -0.0798 0.579 0.7336 4.1459 0.0362 0.0362 0.6033 0 0
55 280 1521 0 0 0 0 0 1.0005 0 0.7676 -0.1268 0.2013 0.2756 1.0938 0.9647 0.1934 0.3526 0.578 4.9361 0.645 0.132 0.599 0.7733 4.0755 0.0778 0.0778 0.4313 0 0
55 281 1516 0 0 0 0 0 1.0004 0 0.4537 -0.1157 0.1949 0.3009 1.1026 0.9865 -0.0929 0.2192 0.3548 4.7031 0.6886 0.046 0.5673 0.7508 4.0793 -0.0884 0.0884 0.3977 0 0
55 282 1548 0 0 0 0 0 1.0003 0 0.7497 0.0617 0.1291 0.1438 0.8979 0.9864 0.0409 0.1331 0.1598 2.0807 0.7071 0.0285 0.5412 0.7099 4.0457 -0.1041 0.1041 0.3951 0 0
55 283 1485 0 0 0 0 0 1.0009 0 0.8616 -0.1236 0.1645 0.2021 0.9996 0.948 -0.1003 0.3672 0.5826 8.6267 0.6727 0.0608 0.6065 0.7639 4.1214 0.1277 0.1277 0.4525 0 0
55 284 1526 0 0 0 0 0 1.001 0 0.7261 0.0216 0.1319 0.1533 1.0224 0.9904 -0.0114 0.1477 0.1865 2.1834 0.7336 0.0145 0.5649 0.7066 4.1977 0.0015 0.0015 0.4299 0 0
55 285 1472 0 0 0 0 0 1.0007 0 -0.134 -1e-04 0.237 0.2605 0.9687 0.9648 0.0128 0.2589 0.36 4.2254 0.583 0.0096 0.6571 0.8414 4.0899 0.1279 0.1279 0.5302 0 0
55 286 1541 0 0 0 0 0 1.0017 0 0.6925 -0.1285 0.2244 0.2658 1.1175 0.9542 -0.0838 0.2975 0.4498 4.0464 0.6896 0.0609 0.5375 0.7034 4.0752 0.1551 0.1551 0.457 0 0
55 287 1593 0 0 0 0 0 1.0003 0 0.3615 0.0886 0.1708 0.213 0.9965 0.9972 0.0209 0.1524 0.1837 1.9541 0.7118 -0.0327 0.5837 0.7658 4.1943 0.0826 0.0826 0.4326 0 0
55 288 1589 0 0 0 0 0 1.0002 0 0.754 0.0226 0.1253 0.1403 0.8796 0.9716 0.0243 0.1699 0.2389 2.641 0.6514 0.0662 0.6024 0.7872 4.0728 0.2506 0.2506 0.4646 0 0
55 289 1579 0 0 0 0 0 1.0008 0 0.9311 0.0403 0.1491 0.1632 0.8856 0.9915 -0.0598 0.1482 0.1742 1.4287 0.7086 0.031 0.5654 0.7336 4.0603 0.0454 0.0454 0.403 0 0
55 290 1506 0 0 0 0 0 1.0008 0 0.8567 0.0608 0.1285 0.1611 1.0066 0.9964 0.058 0.1655 0.2063 2.5253 0.7443 0.0619 0.5242 0.6881 4.1237 -0.0623 0.0623 0.4277 0 0
55 291 1519 0 0 0 0 0 1.0013 0 0.8929 0.0222 0.1716 0.1963 1.0697 0.971 0.0431 0.1979 0.2818 2.9754 0.7409 -0.0269 0.5068 0.6647 4.1313 0.0808 0.0808 0.3924 0 0
55 292 1478 0 0 0 0 0 1.0004 0 0.7512 0.0534 0.2126 0.2341 1.0528 0.9809 -0.3381 0.355 0.4715 5.4135 0.7213 -0.2019 0.6 0.7628 4.2402 -0.0511 0.0511 0.4441 0 0
55 293 1463 0 0 0 0 0 1.0005 0 0.796 -0.0461 0.2113 0.2279 1.0826 0.9517 -0.0982 0.3116 0.4675 5.0362 0.6997 -0.016 0.5355 0.6866 4.0504 -0.0084 0.0084 0.4249 0 0
55 294 1565 0 0 0 0 0 1.0008 0 0.4735 0.0718 0.2417 0.3304 1.2261 0.977 -0.0354 0.2296 0.3164 3.9815 0.6944 0.0398 0.5566 0.7233 4.1461 0.0091 0.0091 0.4295 0 0
55 295 1571 0 0 0 0 0 1.0003 0 0.8547 0.0094 0.1191 0.1493 0.9774 0.9679 -0.0511 0.1896 0.3107 3.9878 0.7049 0.0198 0.5694 0.7424 4.0733 -0.0797 0.0797 0.3919 0 0
55 296 1473 0 0 0 0 0 1.0001 0 0.7195 -0.0792 0.1373 0.193 1.0467 0.9781 0.1637 0.2694 0.4161 4.1975 0.6186 -0.0287 0.6283 0.7977 4.1815 0.1486 0.1486 0.4951 0 0
55 297 1476 0 0 0 0 0 1.0002 0 0.7298 -0.066 0.1976 0.2366 1.0718 0.987 0.0736 0.1739 0.2128 2.2916 0.6817 0.0675 0.5598 0.7492 4.0437 0.0323 0.0323 0.4146 0 0
55 298 1498 0 0 0 0 0 1.0016 0 0.7333 -0.0241 0.1618 0.2017 1.2791 0.9578 -0.006 0.2857 0.4399 5.8798 0.6197 0.0058 0.6347 0.7954 4.1117 0.2273 0.2273 0.4236 0 0
55 299 1429 0 0 0 0 0 1.0005 0 -0.3442 0.0449 0.2732 0.3215 0.9166 0.9819 -0.0774 0.2472 0.2945 3.8166 0.6593 -0.0275 0.6155 0.7804 4.0949 0.1377 0.1377 0.4325 0 0
55 300 1497 0 0 0 0 0 1.0004 0 0.5498 -0.0345 0.1814 0.2293 1.2351 0.9353 -0.1527 0.3191 0.48 5.6697 0.6645 -0.0054 0.5809 0.7485 4.1568 -0.0703 0.0703 0.4915 0 0
55 301 1545 0 0 0 0 0 1.001 0 0.8806 -0.0891 0.114 0.1333 0.9765 0.9921 -0.0715 0.1696 0.2075 2.7193 0.6621 0.0661 0.5853 0.7778 4.1776 0.2535 0.2535 0.5157 0 0
55 302 1527 0 0 0 0 0 1.0004 0 0.7431 -0.0949 0.1179 0.1404 0.8959 0.9913 0.1287 0.1905 0.2498 2.4761 0.6919 0.047 0.55 0.7112 4.1617 -0.1633 0.1633 0.4402 0 0
55 303 1532 0 0 0 0 0 1.0004 0 0.4582 -0.0959 0.2436 0.2802 1.0779 0.9745 0.4545 0.5272 0.8978 12.0731 0.6356 0.0114 0.5822 0.7588 4.0964 -0.023 0.023 0.4348 0 0
55 304 1514 0 0 0 0 0 1.0006 0 0.7922 -0.0917 0.1577 0.2089 1.1491 0.993 0.1076 0.2604 0.4203 8.0019 0.6856 0.0752 0.5888 0.7519 4.0625 0.0467 0.0467 0.4666 0 0
55 305 1511 0 0 0 0 0 1.0007 0 0.7912 -0.0345 0.1413 0.1539 1.0139 0.9936 0.1025 0.1751 0.2022 2.9083 0.6876 0.0668 0.5796 0.7449 4.1111 0.0052 0.0052 0.4637 0 0
55 306 1568 0 0 0 0 0 1.0003 0 0.5633 -0.0544 0.1522 0.1882 0.8948 0.9847 0.0483 0.2123 0.2628 2.3323 0.7131 -0.0108 0.4996 0.634 4.0941 -0.0339 0.0339 0.4229 0 0
55 307 1477 0 0 0 0 0 1.0016 0 0.8684 0.0507 0.0829 0.1111 1.0623 0.9894 0.1097 0.1618 0.2117 2.8359 0.7053 0.0849 0.5853 0.7581 4.1371 -0.0253 0.0253 0.4974 0 0
55 308 1570 0 0 0 0 0 1.0004 0 0.5619 -0.1336 0.2111 0.2731 1.3642 0.9892 0.0089 0.476 0.6561 6.0601 0.6687 -0.0138 0.5403 0.6965 4.0685 -0.17 0.17 0.4677 0 0
55 309 1536 0 0 0 0 0 1.0005 0 0.8555 -0.0179 0.1108 0.1279 1.01 0.9878 -0.0034 0.206 0.2883 5.2072 0.6837 0.0435 0.5898 0.757 4.103 0.1406 0.1406 0.3951 0 0
55 310 1428 0 0 0 0 0 1.0003 0 0.3451 -0.1552 0.2748 0.3269 1.0285 0.9877 0.1038 0.3833 0.495 6.0388 0.6255 0.0102 0.6198 0.7915 4.0876 -0.1406 0.1406 0.4362 0 0
55 311 1394 0 0 0 0 0 1.0003 0 0.8035 -0.0933 0.1701 0.1948 0.9874 0.9734 -0.1565 0.417 0.646 9.5985 0.6685 0.0495 0.5441 0.7194 4.1266 -0.0093 0.0093 0.4571 0 0
55 312 1546 0 0 0 0 0 1.0003 0 0.7887 0.0111 0.0895 0.1054 0.9654 0.9955 -0.0064 0.1146 0.1495 1.9087 0.7369 -0.0325 0.5255 0.6704 4.1318 -0.1071 0.1071 0.4222 0 0
55 313 1488 0 0 0 0 0 1.0008 0 0.7523 -0.0409 0.131 0.1526 0.9621 0.9755 -0.1042 0.2082 0.3609 5.4833 0.6662 -0.0448 0.5833 0.748 4.1424 0.0367 0.0367 0.4619 0 0
55 314 1502 0 0 0 0 0 1.0007 0 0.1532 0.0032 0.2159 0.2203 1.0169 0.9864 -0.0989 0.2109 0.2541 2.6387 0.6412 0.0042 0.62 0.7975 4.1298 -0.013 0.013 0.4768 0 0
55 315 1401 0 0 0 0 0 1.0005 0 0.2191 -0.025 0.2039 0.2501 1.0556 0.9525 -0.33 0.4544 0.7196 8.3889 0.5731 5e-04 0.6899 0.8668 4.0972 0.1952 0.1952 0.4652 0 0
55 316 1531 0 0 0 0 0 1.0004 0 -0.2787 3e-04 0.2643 0.2952 0.9196 0.9873 -0.1097 0.1632 0.2042 1.7171 0.7185 -0.0435 0.5187 0.6622 4.1504 -0.0365 0.0365 0.3953 0 0
55 317 1483 0 0 0 0 0 1.0006 0 0.5624 -0.0707 0.1585 0.2408 1.0237 0.9778 0.1835 0.2553 0.3549 2.9817 0.705 0.0523 0.5252 0.6797 4.171 -0.0611 0.0611 0.4296 0 0
55 318 1487 0 0 0 0 0 1.0004 0 0.657 0.0593 0.2286 0.3118 1.1827 0.9732 0.0593 0.2603 0.374 3.7569 0.634 0.0136 0.5866 0.7589 4.0457 0.1246 0.1246 0.4041 0 0
55 319 1462 0 0 0 0 0 1.0005 0 0.7975 -0.0685 0.0837 0.1028 0.9872 0.9878 0.0216 0.2072 0.269 3.4301 0.6381 0.053 0.5983 0.7536 4.1431 0.0594 0.0594 0.4896 0 0
55 320 1564 0 0 0 0 0 1.0005 0 0.616 -0.2281 0.2638 0.3123 0.9414 0.9771 -0.1744 0.3312 0.5834 5.5276 0.6556 -0.0233 0.5386 0.7059 4.105 0.0299 0.0299 0.443 0 0
55 321 1570 0 0 0 0 0 1.0007 0 0.8715 0.0027 0.096 0.1 0.9319 0.9859 0.0907 0.1848 0.2383 2.1375 0.7058 -0.0233 0.5509 0.6916 4.1538 0.0475 0.0475 0.4503 0 0
55 322 1496 0 0 0 0 0 1.0009 0 0.961 -0.0028 0.0815 0.0968 1.0479 0.9953 0.0357 0.1103 0.1436 3.9677 0.682 -0.0137 0.5746 0.7645 4.0823 -0.0904 0.0904 0.4543 0 0
55 323 1558 0 0 0 0 0 1.0005 0 0.9183 0.122 0.1873 0.2355 1.2646 0.9584 0.1289 0.243 0.3323 4.149 0.6912 0.1077 0.5826 0.7798 4.1131 0.0346 0.0346 0.4541 0 0
55 324 1532 0 0 0 0 0 1.0003 0 0.7541 -0.0952 0.199 0.2224 1.0301 0.9791 -0.0382 0.2717 0.4398 4.3237 0.7048 -0.0334 0.5136 0.6554 4.0909 0.1618 0.1618 0.3856 0 0
55 325 1489 0 0 0 0 0 1.0007 0 0.5768 0.0184 0.1783 0.2508 1.0582 0.9792 -0.094 0.3225 0.4819 7.8883 0.6663 -0.0306 0.5819 0.7609 4.0948 -0.2225 0.2225 0.4149 0 0
55 326 1508 0 0 0 0 0 1.0008 0 0.9434 -0.0121 0.0694 0.0897 1.0206 0.9907 0.0571 0.1506 0.1869 2.0531 0.6622 0.0584 0.6081 0.7953 4.057 -0.172 0.172 0.4011 0 0
55 327 1512 0 0 0 0 0 1.0006 0 0.8126 0.0209 0.1729 0.2562 1.654 0.9927 -0.0433 0.1874 0.2449 3.8584 0.6436 -0.0909 0.6076 0.7807 4.2057 -0.0287 0.0287 0.4948 0 0
55 328 1487 0 0 0 0 0 1.0004 0 0.7716 -0.0442 0.0678 0.0798 0.897 0.9918 0.0876 0.1677 0.2028 3.1785 0.6087 0.0557 0.5843 0.7546 4.1734 -0.1538 0.1538 0.4828 0 0
55 329 1605 0 0 0 0 0 1.0003 0 0.5959 -0.0994 0.1869 0.2046 0.8905 0.9897 0.1995 0.2055 0.2723 2.5361 0.7116 0.022 0.5445 0.7252 4.173 -0.2167 0.2167 0.3956 0 0
55 330 1471 0 0 0 0 0 1.0002 0 0.3539 -0.0268 0.1975 0.255 1.0371 0.99 -0.0946 0.1955 0.2422 5.6485 0.6953 -7e-04 0.5787 0.745 4.1069 0.0656 0.0656 0.4706 0 0
55 331 1502 0 0 0 0 0 1.0027 0 0.4985 -0.04 0.1616 0.2051 0.9705 0.9843 0.0877 0.1642 0.244 2.7046 0.6872 0.0823 0.6026 0.7587 4.2504 -0.2335 0.2335 0.4853 0 0
55 332 1546 0 0 0 0 0 1.0008 0 0.6031 -0.0556 0.2032 0.2186 1.0121 0.982 -0.0959 0.2277 0.2675 2.5014 0.6354 -0.0477 0.603 0.7666 4.0852 -0.0385 0.0385 0.5001 0 0
55 333 1587 0 0 0 0 0 1.0012 0 0.7739 -0.0418 0.1673 0.2063 1.0098 0.9933 -0.122 0.1689 0.2161 2.8924 0.6957 -0.0238 0.5675 0.7248 4.0582 0.0318 0.0318 0.3959 0 0
55 334 1560 0 0 0 0 0 1.0007 0 0.8849 -0.0639 0.1665 0.231 1.1151 0.9905 -0.0178 0.1977 0.2592 3.495 0.7734 -0.0481 0.4922 0.6192 4.0729 -0.0614 0.0614 0.3817 0 0
55 335 1537 0 0 0 0 0 1.0006 0 0.8789 0.0619 0.1807 0.2197 0.9676 0.9907 -0.0243 0.1485 0.2064 1.5953 0.7592 0.0086 0.5423 0.7124 4.0192 0.1185 0.1185 0.3565 0 0
55 336 1475 0 0 0 0 0 1.0008 0 0.8121 -0.0977 0.1772 0.2078 1.0582 0.9725 -0.033 0.3558 0.4379 4.248 0.6855 0.0686 0.5476 0.7005 4.1427 -0.0097 0.0097 0.4767 0 0
55 337 1496 0 0 0 0 0 1.0004 0 0.8547 0.1228 0.1473 0.1755 1.1287 0.9857 0.0094 0.134 0.1696 1.7669 0.6419 0.075 0.6348 0.779 4.1202 0.1033 0.1033 0.4579 0 0
55 338 1531 0 0 0 0 0 1.0005 0 0.9412 -0.0527 0.1755 0.1908 1.2097 0.9895 0.1473 0.2632 0.36 5.8435 0.7291 0.0287 0.5579 0.6985 4.1142 -0.0181 0.0181 0.4013 0 0
55 339 1498 0 0 0 0 0 1.0004 0 0.6341 -0.0727 0.1566 0.256 1.0435 0.9902 -0.1954 0.2539 0.3161 3.3302 0.724 -0.0595 0.5814 0.7434 4.1357 -0.0148 0.0148 0.4618 0 0
55 340 1499 0 0 0 0 0 1.0006 0 0.7239 0.01 0.121 0.1399 0.9351 0.9844 -0.3026 0.3351 0.38 2.6768 0.7137 -0.0796 0.5564 0.7062 4.0808 -0.0404 0.0404 0.4068 0 0
55 341 1511 0 0 0 0 0 1.0007 0 0.5001 -0.0578 0.1817 0.2 1.1976 0.9805 -0.1062 0.3438 0.4995 5.6475 0.5886 -0.0641 0.5989 0.761 4.2308 8e-04 8e-04 0.5827 0 0
55 342 1465 0 0 0 0 0 1.0006 0 0.5158 -0.0966 0.1596 0.2283 1.0555 0.9191 0.3021 0.5409 1.0007 10.3651 0.5994 0.0182 0.5853 0.7366 4.1048 0.2041 0.2041 0.4777 0 0
55 343 1524 0 0 0 0 0 1.0004 0 0.6291 -0.0098 0.1889 0.2259 1.1021 0.9805 -0.0081 0.1595 0.2457 2.7191 0.7153 0.0135 0.5585 0.704 4.0763 0.0208 0.0208 0.4692 0 0
55 344 1507 0 0 0 0 0 1.0005 0 0.5549 -0.1312 0.2307 0.2905 1.1895 0.9571 -0.1331 0.5171 0.7449 6.229 0.6402 -0.0853 0.5769 0.7442 4.1121 0.0968 0.0968 0.4788 0 0
55 345 1468 0 0 0 0 0 1.0009 0 0.4041 -0.0021 0.1963 0.2437 1.3036 0.9754 0.2219 0.3753 0.4885 5.1217 0.5721 0.0272 0.6461 0.8376 4.1532 -0.2245 0.2245 0.518 0 0
55 346 1650 0 0 0 0 0 1.0004 0 0.9617 0.0453 0.0599 0.0821 0.9264 0.9897 0.0224 0.1238 0.1576 1.658 0.7892 0.0444 0.4805 0.6302 4.1291 -0.0276 0.0276 0.3722 0 0
55 347 1500 0 0 0 0 0 1.0002 0 0.6196 -0.0449 0.1553 0.181 0.8902 0.9821 0.1188 0.2014 0.2481 2.2652 0.6739 0.0468 0.578 0.7477 4.0437 -0.0282 0.0282 0.426 0 0
55 348 1498 0 0 0 0 0 1.0003 0 0.8415 -0.0714 0.0814 0.1074 1.0442 0.9891 -0.238 0.339 0.441 5.2705 0.5854 0.04 0.6276 0.8011 4.1522 -0.0387 0.0387 0.615 0 0
55 349 1569 0 0 0 0 0 1.0003 0 0.9066 -0.0434 0.101 0.1386 1.036 0.9881 -0.0458 0.145 0.1999 3.164 0.6946 -0.0418 0.574 0.7458 4.1266 -0.0541 0.0541 0.463 0 0
55 350 1549 0 0 0 0 0 1.0003 0 0.8322 0.1474 0.1474 0.2048 1.0897 0.9881 6e-04 0.1799 0.2169 1.8628 0.7183 -0.0524 0.5287 0.6788 4.1522 0.0498 0.0498 0.4446 0 0
55 351 1549 0 0 0 0 0 1.001 0 0.8147 -0.0332 0.1646 0.2314 0.9322 0.9071 -0.7256 0.7726 1.6435 17.5643 0.734 -0.1182 0.5078 0.6575 4.124 -0.0617 0.0617 0.425 0 0
55 352 1494 0 0 0 0 0 1.0006 0 0.6611 -0.0488 0.2404 0.3019 1.4796 0.9804 0.0208 0.2822 0.401 3.4546 0.6975 0.0328 0.5242 0.6824 4.0797 0.1363 0.1363 0.3951 0 0
55 353 1516 0 0 0 0 0 1.0008 0 0.743 -0.0199 0.1514 0.1702 1.0815 0.9827 -0.0562 0.1869 0.2241 3.1186 0.6662 0.0157 0.5586 0.741 4.3912 -0.0158 0.0158 0.5594 0 0
55 354 1487 0 0 0 0 0 1.0006 0 0.756 -0.1375 0.1715 0.1893 0.9536 0.986 0.1197 0.2809 0.4491 4.9514 0.6051 0.0198 0.6068 0.7805 4.2522 -0.2386 0.2386 0.4977 0 0
55 355 1439 0 0 0 0 0 1.0004 0 0.9924 -0.0216 0.0601 0.0678 1.0091 0.9848 0.0791 0.1852 0.2483 3.5616 0.668 0.0578 0.5908 0.7542 4.0996 0.1879 0.1879 0.4498 0 0
55 356 1552 0 0 0 0 0 1.0013 0 0.6387 -0.0968 0.1337 0.1398 0.8938 0.9896 -0.0586 0.2295 0.3278 4.2623 0.6639 0.0756 0.5745 0.7372 4.2033 -0.0363 0.0363 0.5486 0 0
55 357 1510 0 0 0 0 0 1.0003 0 0.5534 0.0019 0.2598 0.2909 1.0734 0.9614 -0.0547 0.2405 0.3491 3.8642 0.6662 0.0523 0.5604 0.7098 4.1205 -0.1334 0.1334 0.4385 0 0
55 358 1501 0 0 0 0 0 1.0002 0 0.9454 0.0929 0.1514 0.2474 1.3319 0.9872 0.1624 0.1802 0.2208 2.0892 0.6988 0.1078 0.5792 0.7562 4.1647 -0.1525 0.1525 0.4208 0 0
55 359 1517 0 0 0 0 0 1.0007 0 0.6487 -0.2044 0.2687 0.2794 1.2196 0.9882 -0.0659 0.5041 0.6809 6.4847 0.6322 -0.0079 0.5543 0.7217 4.1026 -0.1985 0.1985 0.4857 0 0
55 360 1494 0 0 0 0 0 1.0003 0 0.9505 -0.0792 0.0906 0.1307 1.0724 0.9774 0.0812 0.2225 0.3074 2.338 0.7314 -0.0464 0.5388 0.7083 4.0439 0.0234 0.0234 0.4196 0 0
55 361 1493 0 0 0 0 0 1.0005 0 0.8244 -0.057 0.1972 0.2131 1.1874 0.979 0.0037 0.2213 0.3169 3.0323 0.656 0.0303 0.5708 0.7447 4.1051 0.1532 0.1532 0.4037 0 0
55 362 1559 0 0 0 0 0 1.0004 0 0.3481 -0.037 0.1482 0.1768 0.8647 0.9915 -0.0543 0.1883 0.2349 2.7442 0.7112 -0.0343 0.5366 0.7114 4.162 -0.0947 0.0947 0.3988 0 0
55 363 1408 0 0 0 0 0 1.0002 0 0.9213 -0.1323 0.1636 0.2022 0.9118 0.9915 -0.0145 0.1884 0.2248 1.8039 0.7056 -0.0155 0.5412 0.6995 4.0893 0.0154 0.0154 0.4485 0 0
55 364 1549 0 0 0 0 0 1.0006 0 0.5032 -0.0302 0.321 0.3781 1.1597 0.9594 0.008 0.4086 0.5797 6.8521 0.6572 -0.0814 0.5805 0.7349 4.0879 -0.1101 0.1101 0.4309 0 0
55 365 1509 0 0 0 0 0 1.0003 0 0.8885 0.0284 0.157 0.1835 1.2917 0.9749 0.2811 0.3031 0.414 3.276 0.6697 0.0999 0.5932 0.761 4.0318 -0.1328 0.1328 0.3804 0 0
55 366 1486 0 0 0 0 0 1.0001 0 0.2123 -0.0182 0.2487 0.2729 1.0816 0.972 -0.0387 0.2204 0.3262 3.5181 0.6144 -0.0147 0.592 0.743 4.0947 -0.118 0.118 0.4838 0 0
55 367 1567 0 0 0 0 0 1.0011 0 0.3971 -0.0417 0.1839 0.2189 1.0804 0.9909 0.2495 0.2626 0.3487 5.0516 0.6821 0.0117 0.5667 0.7302 4.1242 -7e-04 7e-04 0.4522 0 0
55 368 1517 0 0 0 0 0 1.001 0 0.8526 -0.0526 0.0879 0.1097 0.8932 0.9953 -0.1757 0.1974 0.2358 2.3646 0.7241 -0.1441 0.5276 0.6777 4.0997 0.1234 0.1234 0.4263 0 0
55 369 1504 0 0 0 0 0 1.001 0 0.7195 -0.0516 0.1709 0.2077 0.921 0.9812 -0.0013 0.1624 0.2394 2.3169 0.7482 -0.0311 0.5341 0.6789 4.0833 -0.0658 0.0658 0.439 0 0
55 370 1558 0 0 0 0 0 1.0002 0 0.9598 -0.0176 0.0904 0.0973 0.9016 0.9935 0.0492 0.1439 0.1822 1.7857 0.7488 -0.0024 0.5217 0.6721 4.1638 -0.1916 0.1916 0.4086 0 0
55 371 1603 0 0 0 0 0 1.0024 0 0.5416 -4e-04 0.1928 0.2624 1.0022 0.9731 0.1397 0.2522 0.3908 4.1534 0.7115 0.0235 0.5475 0.7196 4.2209 -0.0971 0.0971 0.4702 0 0
55 372 1521 0 0 0 0 0 1.0006 0 0.8347 -0.0765 0.1695 0.2379 1.1275 0.9362 -0.0115 0.3082 0.5682 5.6025 0.6866 -0.0494 0.5447 0.697 4.068 -0.0079 0.0079 0.4301 0 0
55 373 1479 0 0 0 0 0 1.0006 0 0.0414 -0.1604 0.2686 0.3172 1.0648 0.9893 -0.1364 0.281 0.4071 3.168 0.6757 -0.018 0.5749 0.7422 4.2188 0.116 0.116 0.458 0 0
55 374 1583 0 0 0 0 0 1.0004 0 0.7954 0.076 0.1521 0.1795 0.8693 0.9885 -0.1304 0.1692 0.2219 1.319 0.7721 -0.1061 0.5062 0.6718 4.1769 0.0934 0.0934 0.3927 0 0
55 375 1498 0 0 0 0 0 1.001 0 0.1772 -0.1784 0.2763 0.3402 1.1677 0.9943 0.2287 0.3099 0.4378 5.3427 0.6296 0.009 0.6202 0.7934 4.0892 -0.1605 0.1605 0.4409 0 0
55 376 1533 0 0 0 0 0 1.0005 0 0.8169 -0.0272 0.1693 0.195 1.1069 0.9685 0.1178 0.3046 0.4098 5.9874 0.6011 0.0918 0.6768 0.8549 4.086 -0.1323 0.1323 0.4643 0 0
55 377 1546 0 0 0 0 0 1.0004 0 0.6993 0.0086 0.0934 0.1033 0.9236 0.9833 -0.1008 0.2011 0.2444 1.9663 0.6683 -0.0993 0.5857 0.7562 4.073 0.2007 0.2007 0.424 0 0
55 378 1582 0 0 0 0 0 1.0007 0 0.9938 0.0375 0.079 0.0892 1.2211 0.9892 -0.0348 0.1323 0.1565 2.3698 0.7322 -0.1113 0.546 0.71 4.0925 0.0564 0.0564 0.3484 0 0
55 379 1501 0 0 0 0 0 1.0005 0 0.9685 0.0582 0.1034 0.1305 1.1101 0.9894 0.0657 0.1623 0.2162 3.6611 0.7174 -0.0214 0.5261 0.6661 4.1303 -0.037 0.037 0.4555 0 0
55 380 1601 0 0 0 0 0 1.0005 0 0.82 -0.1205 0.1457 0.1915 1.0395 0.9856 0.1151 0.2324 0.3381 4.0648 0.7039 0.0138 0.5168 0.6827 4.1446 0.0239 0.0239 0.5011 0 0
55 381 1564 0 0 0 0 0 1.001 0 0.9302 -0.0753 0.0974 0.1126 1.0742 0.9932 0.1589 0.2205 0.2712 4.1435 0.6598 0.1252 0.6051 0.761 4.1344 -0.085 0.085 0.4655 0 0
55 382 1574 0 0 0 0 0 1.0006 0 0.9677 -0.0471 0.1426 0.1553 1.2099 0.9741 0.0265 0.2575 0.4298 4.8068 0.7285 -0.0199 0.5621 0.7365 4.0876 -0.1435 0.1435 0.4144 0 0
55 383 1570 0 0 0 0 0 1.0002 0 0.7924 -0.0406 0.138 0.1628 0.8934 0.9873 -0.073 0.173 0.2222 3.6825 0.6885 -0.1088 0.5705 0.7139 4.0514 0.059 0.059 0.4146 0 0
55 384 1557 0 0 0 0 0 1.0005 0 -0.6415 0.0038 0.3073 0.3356 1.139 0.9549 -0.0231 0.3332 0.4472 3.1545 0.6501 -0.0641 0.6049 0.7683 4.1435 0.051 0.051 0.4995 0 0
55 385 1504 0 0 0 0 0 1.0009 0 0.7679 -0.051 0.1527 0.1648 1.0616 0.9468 0.0043 0.2913 0.3787 4.8783 0.6545 0.0675 0.6152 0.7716 4.2282 0.1911 0.1911 0.5181 0 0
55 386 1477 0 0 0 0 0 1.0004 0 0.5541 -0.0104 0.2073 0.2595 1.2692 0.9916 -0.0427 0.221 0.2894 5.1388 0.6455 0.0302 0.6084 0.7671 4.1672 -0.1935 0.1935 0.4732 0 0
55 387 1511 0 0 0 0 0 1.0004 0 0.8752 -0.1154 0.1733 0.1931 1.1777 0.9858 0.2496 0.3568 0.5129 5.4891 0.6983 -0.0395 0.5514 0.7074 4.0689 -0.0708 0.0708 0.461 0 0
55 388 1523 0 0 0 0 0 1.0005 0 0.8821 -0.0752 0.1318 0.1473 1.0865 0.986 0.1374 0.1915 0.2412 2.6008 0.7176 -0.0215 0.5326 0.6905 4.1417 -0.0212 0.0212 0.4613 0 0
55 389 1449 0 0 0 0 0 1.0009 0 0.8981 -0.0019 0.1001 0.1156 1.0735 0.9915 -0.0113 0.122 0.1434 1.5034 0.6864 -0.0453 0.5438 0.704 4.1343 0.0568 0.0568 0.4192 0 0
55 390 1541 0 0 0 0 0 1.0005 0 -0.3923 -0.1263 0.199 0.2584 0.9397 0.969 0.2572 0.3985 0.655 7.5278 0.6665 0.0681 0.581 0.7457 4.0987 -0.1859 0.1859 0.4349 0 0
55 391 1514 0 0 0 0 0 1.0009 0 0.6357 -0.0084 0.105 0.1192 0.9496 0.9768 0.0443 0.2092 0.2693 2.5787 0.662 -0.0252 0.6195 0.7715 4.3958 0.0695 0.0695 0.6732 0 0
55 392 1542 0 0 0 0 0 1.0004 0 0.7957 -0.0658 0.1398 0.2016 0.958 0.9765 -0.1314 0.2086 0.2938 3.0777 0.6022 -0.0382 0.6506 0.8038 4.2103 -0.1446 0.1446 0.5595 0 0
55 393 1547 0 0 0 0 0 1.0009 0 0.2821 -0.1168 0.2755 0.2912 1.0456 0.9844 -0.1781 0.5659 0.7492 10.2374 0.6739 -0.0213 0.5811 0.7504 4.2133 -0.1184 0.1184 0.5341 0 0
55 394 1473 0 0 0 0 0 1.0001 0 0.4303 0.0182 0.1858 0.2383 1.0005 0.9633 0.1881 0.2782 0.5456 5.5674 0.6594 0.0462 0.588 0.7677 4.0847 -0.1847 0.1847 0.3912 0 0
55 395 1499 0 0 0 0 0 1.0006 0 -0.2106 -0.1245 0.1845 0.2036 1.069 0.9714 0.0011 0.36 0.4748 4.2143 0.6413 0.021 0.6497 0.8309 4.4937 0.0422 0.0422 0.6403 0 0
55 396 1492 0 0 0 0 0 1.0004 0 0.2823 -0.1729 0.2404 0.2974 1.1642 0.9672 -0.1757 0.5598 0.8097 8.884 0.5674 0.0544 0.5845 0.7637 4.1779 -0.2201 0.2201 0.5606 0 0
55 397 1446 0 0 0 0 0 1.0006 0 0.3802 -0.0302 0.1587 0.1751 0.9237 0.9953 0.0112 0.1071 0.1369 3.1213 0.6674 -0.0365 0.5843 0.7655 4.1426 -0.106 0.106 0.484 0 0
55 398 1559 0 0 0 0 0 1.0002 0 0.9197 0.0936 0.1298 0.1527 1.0545 0.9978 0.1212 0.1291 0.1473 2.4004 0.7036 0.0389 0.5662 0.7246 4.158 -0.0249 0.0249 0.4517 0 0
55 399 1538 0 0 0 0 0 1.001 0 0.8202 -0.0956 0.1547 0.1912 0.902 0.998 -0.0333 0.1547 0.1791 5.8963 0.7033 -0.0696 0.5443 0.734 4.1016 0.1522 0.1522 0.4351 0 0
55 400 1628 0 0 0 0 0 1.0004 0 0.9269 -0.189 0.2021 0.2208 0.8758 0.9864 -0.1506 0.2419 0.3843 3.8228 0.766 -0.0117 0.486 0.6356 4.0407 -0.0562 0.0562 0.375 0 0
55 401 1473 0 0 0 0 0 1.0005 0 0.8655 -0.0359 0.1173 0.1393 0.8935 0.9876 -0.2259 0.2678 0.3123 2.2946 0.6584 -0.0638 0.5682 0.7233 4.1139 -0.2578 0.2578 0.3648 0 0
55 402 1548 0 0 0 0 0 1.0003 0 0.7115 -0.0296 0.1645 0.2333 1.0293 0.9827 -0.093 0.1676 0.2152 2.4571 0.6838 -0.1216 0.5535 0.7192 4.0834 -0.012 0.012 0.3924 0 0
55 403 1566 0 0 0 0 0 1.0008 0 0.2426 -0.0898 0.1468 0.1801 0.8728 0.9806 0.0265 0.2279 0.2717 3.0933 0.6215 0.0167 0.5735 0.7373 4.1742 -0.1073 0.1073 0.4727 0 0
55 404 1481 0 0 0 0 0 1.0007 0 0.0112 0.0927 0.233 0.2784 1.0181 0.9691 0.1798 0.246 0.3045 2.2636 0.6785 0.0442 0.595 0.7461 4.0684 0.1252 0.1252 0.4222 0 0
55 405 1623 0 0 0 0 0 1.0002 0 0.7494 -0.0459 0.1024 0.1756 0.9254 0.9863 -0.011 0.1737 0.234 3.2191 0.6965 -0.0558 0.5391 0.7062 4.0167 0.0352 0.0352 0.3997 0 0
55 406 1511 0 0 0 0 0 1.0006 0 0.632 -0.1061 0.1736 0.2283 0.915 0.9833 0.2102 0.2872 0.3599 2.7798 0.6528 0.0657 0.5772 0.7523 4.1615 0.164 0.164 0.4538 0 0
55 407 1560 0 0 0 0 0 1.0008 0 0.7441 0.1428 0.2219 0.2365 1.1885 0.9669 0.1003 0.2892 0.3699 3.0784 0.7292 -0.0144 0.5636 0.7327 4.0711 -0.099 0.099 0.4382 0 0
55 408 1522 0 0 0 0 0 1.0003 0 0.8167 -0.1861 0.1861 0.2038 0.9727 0.97 0.0326 0.3394 0.4427 4.4298 0.6026 0.0272 0.5891 0.7543 4.1575 -0.0595 0.0595 0.5107 0 0
55 409 1489 0 0 0 0 0 1.0005 0 0.452 0.0073 0.1624 0.1829 0.9396 0.9892 -0.0397 0.1404 0.1684 1.6415 0.6958 -0.0514 0.5293 0.6992 4.0324 -0.0592 0.0592 0.396 0 0
55 410 1521 0 0 0 0 0 1.0004 0 0.4221 -0.0369 0.1724 0.2263 1.095 0.9824 0.3048 0.3339 0.5039 6.7995 0.6896 0.0441 0.5985 0.7695 4.066 0.0078 0.0078 0.4771 0 0
55 411 1500 0 0 0 0 0 1.0009 0 0.8724 -0.2798 0.2798 0.3578 1.0032 0.9853 0.0436 0.2766 0.4229 4.5221 0.6794 0.0338 0.5159 0.6989 4.1981 -0.0011 0.0011 0.4353 0 0
55 412 1480 0 0 0 0 0 1.0003 0 0.95 -0.1059 0.1074 0.1435 1.1057 0.971 -0.0146 0.2984 0.4134 4.3356 0.626 0.0917 0.5897 0.7475 4.0726 0.052 0.052 0.4601 0 0
55 413 1518 0 0 0 0 0 1.0003 0 0.3138 -0.0021 0.1756 0.1908 0.9681 0.9837 -0.229 0.2358 0.3507 3.3928 0.6942 -0.116 0.5708 0.7264 4.2037 -0.0246 0.0246 0.4347 0 0
55 414 1347 0 0 0 0 0 1.0027 0 -0.3446 -0.0914 0.3158 0.4331 1.09 0.9543 -0.3645 0.4823 0.7531 7.1305 0.6668 -0.0336 0.5734 0.757 4.3182 0.038 0.038 0.5374 0 0
55 415 1607 0 0 0 0 0 1.0008 0 0.5456 -0.007 0.1694 0.2197 0.9174 0.9855 0.0768 0.1762 0.2359 2.441 0.7201 -0.0031 0.5516 0.7068 4.1071 0.0487 0.0487 0.4128 0 0
55 416 1479 0 0 0 0 0 1.0002 0 0.7401 -0.0505 0.1239 0.1501 1.0178 0.9894 -0.1615 0.217 0.2784 3.2205 0.6373 -0.0347 0.5887 0.7549 4.062 0.0972 0.0972 0.4257 0 0
55 417 1494 0 0 0 0 0 1.0009 0 0.8045 -0.1028 0.1567 0.1644 1.1282 0.9776 -0.1171 0.4476 0.5881 7.4653 0.5687 0.001 0.5855 0.7734 4.1789 0.0818 0.0818 0.6327 0 0
55 418 1606 0 0 0 0 0 1.001 0 0.5024 0.0685 0.2342 0.2881 0.9318 0.9858 -0.0016 0.1444 0.2094 2.6249 0.7635 -0.0108 0.5218 0.6675 4.1013 0.0049 0.0049 0.3686 0 0
55 419 1436 0 0 0 0 0 1.0002 0 0.8062 -0.0305 0.1228 0.1386 0.9656 0.9944 -0.1406 0.1918 0.2678 5.033 0.6445 -0.0277 0.5772 0.7504 4.2114 -0.0592 0.0592 0.5129 0 0
55 420 1496 0 0 0 0 0 1.0003 0 0.7146 -0.2064 0.2598 0.2976 0.879 0.9906 0.0766 0.173 0.234 1.8677 0.699 0.0166 0.5296 0.7074 4.0261 0.001 0.001 0.4129 0 0
55 421 1571 0 0 0 0 0 1.0005 0 0.7287 -0.0857 0.1475 0.1891 0.9463 0.9912 0.0519 0.1877 0.2412 2.7197 0.7324 -0.0592 0.5308 0.6778 4.0761 -0.1247 0.1247 0.4372 0 0
55 422 1600 0 0 0 0 0 1.0005 0 0.9761 -0.0846 0.091 0.1086 1.0698 0.9616 -0.0025 0.2446 0.3748 4.0461 0.7439 -0.0688 0.516 0.6679 4.0501 0.1288 0.1288 0.432 0 0
55 423 1424 0 0 0 0 0 1.0003 0 -0.3176 0.028 0.165 0.2057 0.9853 0.9872 -0.0234 0.1739 0.254 3.5769 0.637 -0.1267 0.6277 0.8224 4.0838 0.1221 0.1221 0.4661 0 0
55 424 1574 0 0 0 0 0 1.0009 0 0.7461 -0.0977 0.2572 0.2738 1.1388 0.9657 0.0156 0.433 0.5906 7.8284 0.6779 0.0018 0.5385 0.703 4.1475 0.2536 0.2536 0.4244 0 0
55 425 1450 0 0 0 0 0 1.0002 0 0.7587 0.0347 0.1653 0.1868 1.1262 0.9885 -0.1981 0.2052 0.2678 1.7764 0.7166 -0.0616 0.5575 0.727 4.0478 -0.0339 0.0339 0.3818 0 0
55 426 1610 0 0 0 0 0 1.0005 0 0.3672 -0.2951 0.2951 0.4344 0.9827 0.9856 0.1089 0.378 0.5569 5.6481 0.7145 0.0152 0.5323 0.6803 4.0616 -0.0409 0.0409 0.4852 0 0
55 427 1609 0 0 0 0 0 1.0003 0 0.2795 -0.0281 0.1912 0.2254 1.11 0.9848 0.0187 0.1667 0.2487 3.1306 0.6808 0.0797 0.5775 0.7251 4.0836 0.1988 0.1988 0.3982 0 0
55 428 1514 0 0 0 0 0 1.0003 0 0.5138 -0.0494 0.0853 0.1643 0.8942 0.9928 0.1501 0.1834 0.2951 4.1839 0.7242 -0.0012 0.517 0.6814 4.0953 0.0896 0.0896 0.366 0 0
55 429 1565 0 0 0 0 0 1.0004 0 0.9371 -0.1003 0.1563 0.2075 1.0731 0.9746 -0.1852 0.3269 0.5845 7.6833 0.7632 0.0434 0.5029 0.6516 4.0793 -0.0222 0.0222 0.3893 0 0
55 430 1521 0 0 0 0 0 1.0006 0 0.6751 0.0023 0.2263 0.3053 1.4099 0.9784 0.1039 0.1973 0.2431 1.9005 0.6745 0.064 0.6156 0.7742 4.0492 0.112 0.112 0.3734 0 0
55 431 1581 0 0 0 0 0 1.0006 0 0.9527 -0.0932 0.104 0.1248 1.0436 0.9931 -0.0249 0.1937 0.2463 3.5946 0.6777 -0.005 0.5165 0.6702 4.0625 -0.0778 0.0778 0.4513 0 0
55 432 1553 0 0 0 0 0 1.0003 0 0.7377 -0.0454 0.0985 0.1328 0.9516 0.9791 -0.005 0.2153 0.295 3.3063 0.6503 -0.0098 0.6008 0.7677 4.0449 0.1222 0.1222 0.4299 0 0
55 433 1542 0 0 0 0 0 1.0003 0 0.939 -0.035 0.1174 0.1366 1.0236 0.9642 0.2211 0.3083 0.4204 3.5579 0.7229 -0.04 0.5379 0.7126 4.1871 0.125 0.125 0.4492 0 0
55 434 1531 0 0 0 0 0 1.0003 0 -0.0233 -0.2926 0.3992 0.459 1.2234 0.9712 0.1298 0.7573 1.2233 11.5691 0.6366 0.0644 0.5805 0.7434 4.1113 -0.0604 0.0604 0.4962 0 0
55 435 1534 0 0 0 0 0 1.0006 0 0.9254 0.0769 0.1995 0.2451 1.6568 0.9851 0.0831 0.3601 0.4726 6.6696 0.6324 0.1208 0.6382 0.8157 4.0384 -0.054 0.054 0.4224 0 0
55 436 1442 0 0 0 0 0 1.0003 0 0.7787 -0.1122 0.1122 0.1365 0.9185 0.9941 0.0279 0.1696 0.2195 4.3065 0.6657 0.04 0.5667 0.7328 4.1434 -0.0998 0.0998 0.4924 0 0
55 437 1512 0 0 0 0 0 1.0003 0 0.9714 -0.064 0.0783 0.1261 0.9999 0.9928 0.1075 0.1534 0.1939 1.8391 0.737 0.0372 0.529 0.6794 4.0689 -0.0867 0.0867 0.401 0 0
55 438 1520 0 0 0 0 0 1.0006 0 0.6342 -0.0713 0.1107 0.1283 0.902 0.9905 -0.1979 0.2364 0.2865 2.7502 0.6264 -0.1207 0.6258 0.8005 4.1438 0.1015 0.1015 0.4988 0 0
55 439 1532 0 0 0 0 0 1.0009 0 0.7745 -0.0316 0.1031 0.1225 0.913 0.9854 9e-04 0.1699 0.2052 1.8569 0.6963 0.0092 0.5539 0.7161 4.0854 -0.1437 0.1437 0.3833 0 0
55 440 1503 0 0 0 0 0 1.0002 0 0.5023 -0.0602 0.1176 0.1325 0.9224 0.9802 -0.0453 0.2375 0.341 3.3678 0.6769 -0.0132 0.5579 0.7132 4.0887 -0.0155 0.0155 0.4515 0 0
55 441 1535 0 0 0 0 0 1.0007 0 0.6382 0.0403 0.1407 0.161 0.9609 0.9904 0.0371 0.1691 0.2004 2.6489 0.7355 0.0183 0.5342 0.6872 4.0855 0.0069 0.0069 0.4248 0 0
55 442 1574 0 0 0 0 0 1.0004 0 0.8824 0.0287 0.1105 0.1469 1.0765 0.99 -0.0159 0.1284 0.1638 1.668 0.7392 -0.0609 0.53 0.6689 4.1323 -0.1566 0.1566 0.3862 0 0
55 443 1482 0 0 0 0 0 1.0005 0 0.8136 -0.0522 0.1103 0.1224 0.9495 0.9911 -0.0131 0.2557 0.3481 5.346 0.6441 0.0101 0.5737 0.7412 4.1344 0.0558 0.0558 0.5206 0 0
55 444 1496 0 0 0 0 0 1.0001 0 0.9005 0.0078 0.1315 0.145 1.2864 0.9666 -0.0442 0.2425 0.3379 4.4692 0.6536 -0.0043 0.5926 0.77 4.0646 0.0468 0.0468 0.4179 0 0
55 445 1575 0 0 0 0 0 1.0003 0 0.8819 -0.1987 0.1987 0.2517 1.0036 0.9654 0.2048 0.5015 0.7727 10.8049 0.6768 -0.0526 0.5346 0.6753 4.1118 0.0392 0.0392 0.5487 0 0
55 446 1508 0 0 0 0 0 1.0005 0 0.7644 -0.0265 0.1591 0.1661 1.0777 0.9898 0.0441 0.1414 0.1841 2.6703 0.6188 0.003 0.6504 0.8502 4.0729 -0.174 0.174 0.4427 0 0
55 447 1529 0 0 0 0 0 1.0004 0 -0.1783 -0.0526 0.1079 0.1833 0.9773 0.9862 0.1301 0.2672 0.4418 5.6496 0.6585 -0.0119 0.6097 0.7885 4.0287 0.0591 0.0591 0.4653 0 0
55 448 1489 0 0 0 0 0 1.0002 0 0.7018 0.0623 0.1543 0.2086 0.9419 0.9932 -0.0499 0.163 0.1989 2.6957 0.7159 -0.0546 0.579 0.7426 4.0995 -0.0027 0.0027 0.4361 0 0
55 449 1589 0 0 0 0 0 1.0004 0 0.9475 0.0604 0.1469 0.1663 1.2719 0.9742 -0.018 0.2344 0.3189 4.8409 0.6958 -0.0343 0.5082 0.6645 4.0466 0.0442 0.0442 0.3993 0 0
55 450 1551 0 0 0 0 0 1.0007 0 0.3197 -0.0406 0.265 0.2992 1.1209 0.9781 -0.461 0.5997 0.9362 7.7825 0.6418 -0.0149 0.5873 0.7546 4.0851 0.0852 0.0852 0.4238 0 0
55 451 1542 0 0 0 0 0 1.0006 0 0.4256 0.0616 0.1989 0.2275 0.9725 0.991 0.086 0.1726 0.2021 1.6088 0.7285 -0.0117 0.5599 0.7328 4.0577 -0.1187 0.1187 0.3614 0 0
55 452 1580 0 0 0 0 0 1.0008 0 0.5771 -0.0528 0.2942 0.3611 1.4232 0.9827 -0.1601 0.2648 0.3252 2.4266 0.6746 -0.065 0.6048 0.7668 4.0888 -0.0733 0.0733 0.4087 0 0
55 453 1572 0 0 0 0 0 1.0007 0 0.618 -0.0531 0.1614 0.1861 1.0906 0.9873 0.0419 0.3136 0.4141 6.7493 0.6397 0.0391 0.5777 0.7357 4.1048 0.0546 0.0546 0.4575 0 0
55 454 1490 0 0 0 0 0 1.0006 0 0.904 -0.196 0.2432 0.3266 1.0442 0.9903 0.0686 0.1821 0.2564 2.4648 0.7198 0.0175 0.5534 0.7155 4.1171 -0.2372 0.2372 0.3852 0 0
55 455 1554 0 0 0 0 0 1.0004 0 0.7231 0.0245 0.1727 0.2257 1.1219 0.9833 0.0884 0.2388 0.3814 6.6699 0.7048 -0.039 0.5797 0.741 4.1177 -0.1853 0.1853 0.4005 0 0
55 456 1510 0 0 0 0 0 1.0001 0 0.6977 0.0904 0.1488 0.1751 0.9542 0.9869 0.0116 0.1546 0.2072 3.4575 0.7234 -0.026 0.564 0.7249 4.2169 0.0566 0.0566 0.4272 0 0
55 457 1577 0 0 0 0 0 1.0003 0 0.8643 0.0717 0.1104 0.1257 1.0533 0.9933 0.0043 0.1157 0.1339 1.4773 0.7232 -0.0178 0.5573 0.7428 4.0803 0.0433 0.0433 0.3763 0 0
55 458 1610 0 0 0 0 0 1.0003 0 0.3836 -0.101 0.2182 0.2561 0.9502 0.9805 -0.115 0.2073 0.3388 2.6823 0.7489 -0.0222 0.4819 0.6436 4.1594 0.0278 0.0278 0.4113 0 0
55 459 1571 0 0 0 0 0 1.0006 0 0.749 -0.0318 0.2452 0.3185 1.0426 0.99 0.0126 0.169 0.2015 3.7553 0.7396 -0.0298 0.528 0.6916 4.0371 0.0737 0.0737 0.3727 0 0
55 460 1551 0 0 0 0 0 1.0004 0 0.8634 -0.1507 0.1577 0.2187 1.1507 0.99 0.0822 0.2048 0.2755 3.0756 0.7397 0.002 0.4912 0.6199 4.1804 -0.0039 0.0039 0.4872 0 0
55 461 1501 0 0 0 0 0 1.0004 0 0.2477 -0.1959 0.1973 0.2908 1.0464 0.9736 0.3762 0.5433 0.8871 10.9892 0.6323 -0.0536 0.5979 0.7506 4.0881 0.0135 0.0135 0.5493 0 0
55 462 1451 0 0 0 0 0 1.0004 0 0.8675 -0.0718 0.1881 0.2088 1.1748 0.9886 -0.084 0.1486 0.2348 3.2211 0.7049 0.052 0.5608 0.7198 4.1252 0.0665 0.0665 0.4387 0 0
55 463 1515 0 0 0 0 0 1.0003 0 0.633 -0.1056 0.223 0.2543 1.1754 0.9675 -0.1188 0.2897 0.3594 3.4911 0.6352 -0.1348 0.6232 0.7884 4.1304 -0.125 0.125 0.4643 0 0
55 464 1576 0 0 0 0 0 1.0007 0 0.9449 -0.0763 0.0822 0.1232 0.9489 0.9927 0.109 0.1906 0.2314 2.1409 0.6596 0.1871 0.5587 0.7315 4.0713 0.2195 0.2195 0.4255 0 0
55 465 1529 0 0 0 0 0 1.0004 0 0.7289 -0.0107 0.1426 0.1687 1.0143 0.961 -0.0205 0.2847 0.3561 4.8252 0.6312 -0.015 0.5896 0.778 4.1879 0.0207 0.0207 0.4747 0 0
55 466 1507 0 0 0 0 0 1.0003 0 0.785 0.0992 0.1893 0.2647 1.3866 0.9821 0.1963 0.2217 0.2822 3.2955 0.6672 0.044 0.6077 0.792 4.0699 -0.1823 0.1823 0.3946 0 0
55 467 1631 0 0 0 0 0 1.0004 0 0.5574 -0.2122 0.2122 0.2754 0.8857 0.9944 -0.1844 0.2342 0.3478 3.2929 0.6921 -0.0635 0.5325 0.7368 4.2036 0.0164 0.0164 0.472 0 0
55 468 1597 0 0 0 0 0 1.0004 0 0.5184 -0.0594 0.1518 0.1854 0.9306 0.989 0.0534 0.1635 0.2002 1.9265 0.6922 0.0163 0.5527 0.717 4.0629 0.0421 0.0421 0.4264 0 0
55 469 1577 0 0 0 0 0 1.0007 0 -0.1661 -0.1275 0.3329 0.3542 1.1914 0.9644 -0.2564 0.4001 0.5482 4.9462 0.6221 -0.0286 0.5724 0.7527 4.1118 -0.0247 0.0247 0.5156 0 0
55 470 1431 0 0 0 0 0 1.0007 0 0.8434 -0.2163 0.2163 0.2457 1.0345 0.9872 0.0601 0.2299 0.3179 3.177 0.6804 -0.0214 0.5427 0.7334 4.2853 0.1878 0.1878 0.4915 0 0
55 471 1466 0 0 0 0 0 1.0008 0 0.1635 -0.0617 0.3002 0.3309 1.2372 0.9744 -0.0918 0.3707 0.5532 7.6049 0.6866 0.1493 0.5656 0.7373 4.1552 0.2037 0.2037 0.4346 0 0
55 472 1505 0 0 0 0 0 1.0007 0 0.4843 -0.1613 0.2524 0.3049 0.9642 0.9772 -0.0658 0.5067 0.7571 9.3953 0.6514 -0.015 0.5788 0.7355 4.1776 0.0854 0.0854 0.5338 0 0
55 473 1434 0 0 0 0 0 1.0006 0 0.9463 -0.04 0.0675 0.0762 0.9856 0.99 -0.088 0.1594 0.2033 2.8683 0.6397 -0.0099 0.5857 0.7665 4.0522 -0.1102 0.1102 0.4846 0 0
55 474 1500 0 0 0 0 0 1.001 0 0.6444 -0.0468 0.1778 0.2335 0.9854 0.9751 0.0992 0.2324 0.331 1.7851 0.7145 -0.0114 0.5593 0.7315 4.0757 -0.0463 0.0463 0.4086 0 0
55 475 1486 0 0 0 0 0 1.0007 0 0.4825 0.068 0.1254 0.1564 1.0253 0.9815 0.0237 0.2093 0.2444 3.1192 0.6647 0.0406 0.5621 0.7416 4.0614 -0.1646 0.1646 0.4507 0 0
55 476 1479 0 0 0 0 0 1.0007 0 -0.0553 -0.0437 0.1962 0.2448 1.1979 0.9507 -0.1363 0.3388 0.4931 5.7988 0.6214 0.0408 0.6072 0.7925 4.0864 -0.0209 0.0209 0.5061 0 0
55 477 1379 0 0 0 0 0 1.0003 0 0.6286 -0.092 0.1353 0.2227 1.0746 0.9741 -0.2826 0.3213 0.5508 5.6546 0.598 -0.0018 0.6113 0.7886 4.1986 -0.0038 0.0038 0.5132 0 0
55 478 1459 0 0 0 0 0 1.0007 0 0.3473 -0.1379 0.3071 0.3389 1.2161 0.9567 0.1836 0.4781 0.6318 6.3892 0.6211 0.0626 0.6111 0.7721 4.348 -0.1597 0.1597 0.5367 0 0
55 479 1537 0 0 0 0 0 1.0009 0 0.3718 -0.1389 0.2852 0.3076 1.2579 0.9893 -0.1573 0.2916 0.4801 5.3353 0.6766 0.0589 0.5754 0.7276 4.1052 0.0462 0.0462 0.4695 0 0
55 480 1582 0 0 0 0 0 1.0005 0 0.9217 -0.0615 0.1027 0.1455 1.1016 0.9761 -0.052 0.1909 0.2591 2.4179 0.6793 -0.0083 0.5436 0.7104 4.1733 0.058 0.058 0.4549 0 0
55 481 1495 0 0 0 0 0 1.0004 0 0.6139 -0.0359 0.1279 0.1388 0.8943 0.9957 -0.0325 0.1478 0.1898 2.8721 0.6938 0.0111 0.5581 0.7246 4.0551 0.0405 0.0405 0.3969 0 0
55 482 1586 0 0 0 0 0 1.0006 0 0.7658 -0.0753 0.1676 0.2088 1.0443 0.9798 0.3209 0.4536 0.8148 13.2486 0.6881 0.0577 0.5542 0.6952 4.1043 0.0526 0.0526 0.4277 0 0
55 483 1541 0 0 0 0 0 1.0003 0 0.3349 -0.0311 0.2331 0.266 1.0846 0.982 0.02 0.2293 0.295 2.6129 0.685 0.078 0.5705 0.7328 4.0556 0.1342 0.1342 0.3756 0 0
55 484 1540 0 0 0 0 0 1.0002 0 0.8643 -0.0856 0.1615 0.1896 1.0095 0.9255 -0.4757 0.4834 1.1107 15.1529 0.6307 -0.0274 0.6271 0.8118 4.1477 0.2711 0.2711 0.3992 0 0
55 485 1486 0 0 0 0 0 1.0026 0 0.738 0.0053 0.2161 0.2305 1.1502 0.9893 0.0241 0.1414 0.2305 3.8341 0.7112 -0.0614 0.5158 0.6812 4.1527 0.0111 0.0111 0.4183 0 0
55 486 1522 0 0 0 0 0 1.0022 0 0.411 -0.0077 0.1778 0.1999 0.93 0.9863 -0.0355 0.2019 0.2297 2.9059 0.6676 0.0126 0.5818 0.7601 4.1439 -0.1802 0.1802 0.4337 0 0
55 487 1581 0 0 0 0 0 1.0006 0 0.5899 -0.0129 0.1531 0.1896 1.1157 0.9888 0.0049 0.1592 0.2015 2.2876 0.729 -0.0323 0.5452 0.6867 4.0421 0.0425 0.0425 0.4328 0 0
55 488 1576 0 0 0 0 0 1.0003 0 0.5453 -0.0514 0.1673 0.2022 0.9671 0.9844 0.1416 0.2295 0.2805 2.7981 0.6787 0.1517 0.5622 0.7308 4.0275 -0.0472 0.0472 0.3826 0 0
55 489 1490 0 0 0 0 0 1.0009 0 0.7344 -0.024 0.1351 0.1421 0.9516 0.9905 -0.0763 0.2123 0.2607 4.5919 0.6896 -0.0612 0.563 0.7405 4.0631 -0.0165 0.0165 0.4066 0 0
55 490 1578 0 0 0 0 0 1.0005 0 0.2802 0.1087 0.2054 0.3058 1.0706 0.9689 0.0099 0.246 0.3463 2.8513 0.6775 0.0327 0.5771 0.7426 4.085 0.0367 0.0367 0.4238 0 0
55 491 1570 0 0 0 0 0 1.0002 0 0.5726 -0.0151 0.1256 0.1669 0.9629 0.988 -0.0781 0.1245 0.1731 1.8124 0.6728 -0.032 0.5659 0.7438 4.0748 -0.1017 0.1017 0.4644 0 0
55 492 1454 0 0 0 0 0 1.0005 0 0.0313 -0.0924 0.1864 0.3034 0.9707 0.9829 -0.2981 0.3941 0.6958 10.6093 0.6794 0.0306 0.6172 0.8195 4.046 -0.1676 0.1676 0.4814 0 0
55 493 1535 0 0 0 0 0 1.0013 0 0.8961 -0.0485 0.085 0.1079 0.9454 0.9818 0.0726 0.1951 0.253 2.7882 0.7316 0.0042 0.5416 0.6813 4.1261 0.1617 0.1617 0.427 0 0
55 494 1485 0 0 0 0 0 1.0006 0 0.7373 -0.1497 0.1497 0.1949 0.9873 0.9843 0.0524 0.2015 0.2653 3.2929 0.7137 0.0755 0.5212 0.6821 4.0956 0.1156 0.1156 0.4832 0 0
55 495 1558 0 0 0 0 0 1.0006 0 -0.1643 -0.0546 0.1875 0.2144 0.9557 0.9813 0.1476 0.3505 0.523 7.411 0.669 -0.012 0.5426 0.7046 4.0463 -0.0188 0.0188 0.4585 0 0
55 496 1466 0 0 0 0 0 1.0004 0 0.9036 -0.0622 0.1422 0.1569 0.9784 0.9738 0.096 0.1799 0.2502 2.2128 0.6971 -0.0019 0.5442 0.6994 4.1846 -0.0316 0.0316 0.4769 0 0
55 497 1546 0 0 0 0 0 1.0004 0 0.747 -0.0191 0.1368 0.1694 1.0822 0.9892 0.0984 0.1903 0.2129 2.1763 0.7277 0.0988 0.5583 0.7198 4.2315 -0.1072 0.1072 0.4911 0 0
55 498 1598 0 0 0 0 0 1.0007 0 0.9401 -0.0749 0.1118 0.1358 1.2481 0.985 -0.0031 0.1713 0.2662 3.2407 0.7363 -0.1124 0.5281 0.6918 4.1094 0.1122 0.1122 0.3945 0 0
55 499 1527 0 0 0 0 0 1.0008 0 0.8501 -0.0848 0.1653 0.2126 1.1284 0.9775 0.32 0.4288 0.732 7.1122 0.6913 0.0508 0.5657 0.7382 4.1164 -0.0324 0.0324 0.4812 0 0
55 500 1540 0 0 0 0 0 1.0004 0 0.9865 0.0457 0.1285 0.1401 1.0793 0.9781 -0.1155 0.2031 0.2764 5.7244 0.7202 -0.0442 0.5373 0.685 4.0851 0.0633 0.0633 0.4301 0 0
