cond r run.time ndiv nbfmi ntree nbulk ntail maxRhat nRhat alpha.cor alpha.bias alpha.abbias alpha.rmse alpha.CI beta.cor beta.bias beta.abbias beta.rmse beta.CI theta.cor theta.bias theta.abbias theta.rmse theta.CI lambda.bias lambda.abbias lambda.CI corrupt efficiency
17 1 224 0 0 0 0 0 1.0039 0 0.5883 -0.1521 0.1787 0.2635 1.3603 0.9555 0.215 0.3319 0.5299 6.5262 0.9061 0.105 0.375 0.4634 2.5139 -0.0342 0.0342 0.3998 0 0
17 2 220 0 0 0 0 0 1.002 0 0.5966 -0.1293 0.2542 0.2667 1.1827 0.937 -0.4821 0.6946 1.1168 16.5268 0.8096 -0.3489 0.5776 0.7126 2.7976 -0.0052 0.0052 0.4334 0 0
17 3 204 0 0 0 0 0 1.005 0 0.8043 0.0044 0.1936 0.2331 1.2468 0.9359 0.4247 0.4854 0.8966 15.7924 0.9177 0.0953 0.3967 0.4884 2.4494 -0.1926 0.1926 0.4675 0 0
17 4 261 0 0 0 0 0 1.0098 0 0.8783 -0.0937 0.1436 0.1753 1.1978 0.9822 0.3442 0.3725 0.5116 7.0097 0.9109 0.1912 0.3956 0.5103 2.4788 0.0653 0.0653 0.3784 0 0
17 5 224 0 0 0 0 0 1.0073 0 0.6341 0.0464 0.2693 0.3514 1.5269 0.9496 -0.0484 0.335 0.4297 7.4647 0.9236 -0.1353 0.3719 0.4602 2.2268 -0.0334 0.0334 0.3971 0 0
17 6 235 0 0 0 0 0 1.0045 0 0.4441 -7e-04 0.1495 0.1961 1.0566 0.9705 0.0404 0.2856 0.4131 10.1348 0.9066 -0.0429 0.4069 0.5007 2.8112 0.0494 0.0494 0.3778 0 0
17 7 245 0 0 0 2 0 1.0029 0 0.5129 -0.0699 0.1908 0.2728 1.2173 0.983 0.2941 0.3102 0.3968 3.5811 0.9281 0.2327 0.3897 0.4895 2.5136 0.0586 0.0586 0.3801 0 1
17 8 285 0 0 0 2 0 1.0044 0 0.7138 -0.0109 0.219 0.2353 1.2426 0.9647 0.5241 0.5415 0.6695 6.5855 0.8872 0.3939 0.5335 0.6463 2.8303 0.0668 0.0668 0.4139 0 1
17 9 240 0 0 0 1 0 1.0029 0 0.937 0.087 0.1813 0.1968 1.5707 0.9578 0.1606 0.3493 0.4344 5.406 0.9453 0.1819 0.3724 0.465 2.5411 -0.0026 0.0026 0.3906 0 1
17 10 225 0 0 0 1 0 1.0017 0 0.6823 -0.1036 0.1972 0.2365 1.1366 0.9592 0.0014 0.3148 0.4004 4.433 0.8942 0.0652 0.416 0.4998 2.4841 0.0154 0.0154 0.3728 0 1
17 11 214 0 0 0 0 0 1.0012 0 0.5768 -0.0324 0.1645 0.2081 1.1366 0.9732 0.0935 0.2782 0.3506 5.9069 0.8595 0.1666 0.4271 0.5406 2.4494 -0.0773 0.0773 0.4171 0 0
17 12 324 0 0 0 0 0 1.0019 0 0.8666 0.1161 0.1792 0.2039 1.1253 0.9716 -0.215 0.3584 0.4367 5.1103 0.9576 -0.0738 0.3541 0.4359 2.6281 0.157 0.157 0.3313 0 0
17 13 232 0 0 0 0 0 1.0017 0 0.8976 0.1798 0.1834 0.2525 1.2009 0.9788 0.0957 0.2272 0.2825 6.3142 0.9137 0.0706 0.3722 0.4924 2.5705 0.023 0.023 0.3487 0 0
17 14 219 0 0 0 0 0 1.0033 0 0.644 -0.0017 0.1755 0.2058 1.395 0.9603 0.4886 0.495 0.7328 14.0416 0.9003 0.2602 0.4507 0.558 2.5777 0.0046 0.0046 0.3982 0 0
17 15 264 0 0 0 0 0 1.0049 0 0.812 -0.1197 0.1839 0.2126 1.1179 0.9394 0.1724 0.4381 0.6157 8.4752 0.9195 0.1746 0.3829 0.4738 2.613 0.0451 0.0451 0.3731 0 0
17 16 216 0 0 0 0 0 1.0079 0 0.8173 0.3232 0.3268 0.3789 1.2002 0.9711 0.2084 0.3146 0.3988 2.4059 0.9144 0.2896 0.5144 0.621 2.35 -0.1113 0.1113 0.3823 0 0
17 17 209 0 0 0 0 0 1.0015 0 0.7465 0.0936 0.2607 0.3091 1.3126 0.9621 0.1224 0.2893 0.3628 5.7533 0.9015 0.0086 0.3666 0.4735 2.3764 -0.2617 0.2617 0.4757 0 0
17 18 254 0 0 0 0 0 1.0041 0 0.7717 0.0454 0.1319 0.1752 1.2462 0.9868 0.034 0.2117 0.2573 3.9642 0.9127 -0.0091 0.4022 0.4873 2.5095 0.0258 0.0258 0.3665 0 0
17 19 235 0 0 0 1 0 1.0063 0 0.5629 0.0329 0.1393 0.1701 1.0232 0.9844 -0.2168 0.2753 0.3298 4.7314 0.9252 -0.1775 0.3672 0.4657 2.5516 0.0486 0.0486 0.3871 0 1
17 20 247 0 0 0 2 0 1.0037 0 0.5731 -0.1574 0.2491 0.2846 1.1924 0.9633 -0.0138 0.372 0.4773 5.8556 0.8527 0.0412 0.4224 0.5226 2.6676 -0.0036 0.0036 0.4484 0 1
17 21 230 0 0 0 0 0 1.0049 0 0.7178 0.1004 0.1821 0.2117 1.1522 0.9596 -0.2092 0.3002 0.3966 2.7582 0.9099 -0.2031 0.4254 0.5373 2.4231 0.0064 0.0064 0.3794 0 0
17 22 227 0 0 0 1 0 1.0047 0 0.7132 -4e-04 0.1413 0.1697 1.3383 0.9636 -0.0969 0.2884 0.3536 4.2465 0.8953 -0.0742 0.4503 0.5717 2.5223 0.0063 0.0063 0.3978 0 1
17 23 240 0 0 0 0 0 1.0043 0 0.8557 -0.2244 0.2244 0.2549 1.0309 0.97 -0.3848 0.5286 0.6079 7.3734 0.8848 -0.3923 0.5003 0.618 2.5935 -0.0292 0.0292 0.4583 0 0
17 24 266 0 0 0 2 0 1.0058 0 0.6432 -0.175 0.2198 0.2722 1.0235 0.9545 -0.3296 0.4215 0.7266 9.5848 0.9283 -0.2673 0.4108 0.5124 2.613 0.1041 0.1041 0.3372 0 1
