cond r run.time ndiv nbfmi ntree nbulk ntail maxRhat nRhat alpha.cor alpha.bias alpha.abbias alpha.rmse alpha.CI beta.cor beta.bias beta.abbias beta.rmse beta.CI theta.cor theta.bias theta.abbias theta.rmse theta.CI lambda.bias lambda.abbias lambda.CI corrupt efficiency
13 1 345 0 0 0 1 0 1.0038 0 0.6446 -0.1387 0.1896 0.2407 0.8952 0.985 -0.2584 0.3797 0.4535 3.6619 0.8577 -0.2588 0.5329 0.665 3.3784 0.1351 0.1351 0.3026 0 1
13 2 287 0 0 0 0 0 1.0056 0 0.7828 -0.0205 0.0907 0.1082 0.8979 0.988 0.0026 0.2165 0.2768 2.9635 0.8949 -0.0276 0.4252 0.5331 2.7561 -0.0645 0.0645 0.3307 0 0
13 3 316 0 0 0 0 0 1.0021 0 0.718 -0.1761 0.2074 0.2516 0.8592 0.9801 0.0302 0.2459 0.3242 3.34 0.9038 -0.0508 0.3883 0.4937 2.7621 0.0636 0.0636 0.3044 0 0
13 4 280 0 0 0 0 0 1.007 0 0.8779 0.0022 0.1243 0.1555 0.9148 0.9815 0.093 0.2336 0.2929 4.9117 0.8931 0.1326 0.4086 0.5131 2.5505 -0.0202 0.0202 0.3165 0 0
13 5 271 0 0 0 0 0 1.0033 0 0.7952 -0.0971 0.1716 0.2104 1.1247 0.9721 -0.4078 0.4166 0.5072 2.7363 0.8793 -0.3858 0.5089 0.6265 2.5485 -0.1885 0.1885 0.3486 0 0
13 6 290 0 0 0 1 0 1.0038 0 0.2602 0.1377 0.1728 0.2177 0.8631 0.9891 -0.1439 0.2118 0.2474 1.9377 0.9186 -0.1125 0.3926 0.5061 2.6479 -0.0041 0.0041 0.3021 0 1
13 7 281 0 0 0 0 0 1.0025 0 0.4409 -0.1385 0.215 0.2736 0.8502 0.9892 0.1266 0.2039 0.2523 2.997 0.905 0.1126 0.3824 0.4804 2.6152 -0.0443 0.0443 0.3284 0 0
13 8 275 0 0 0 2 0 1.0083 0 0.8648 0.1101 0.1545 0.204 1.0212 0.9766 0.0284 0.2095 0.2777 2.7734 0.9044 -0.0016 0.4272 0.5149 2.5153 -0.0407 0.0407 0.2989 0 1
13 9 309 0 0 0 1 0 1.0035 0 0.424 0.0334 0.1241 0.1508 1.0056 0.9876 0.0316 0.1372 0.1752 1.8723 0.9007 0.0111 0.3935 0.4969 2.7379 0.0499 0.0499 0.2951 0 1
13 10 285 0 0 0 0 0 1.0027 0 0.6361 0.0692 0.1852 0.24 1.1665 0.9572 0.11 0.2606 0.3908 2.6276 0.8765 0.0095 0.421 0.5236 2.7342 -0.0376 0.0376 0.3362 0 0
13 11 390 0 0 0 1 0 1.003 0 0.7893 -0.0599 0.1387 0.1555 0.8454 0.9851 0.3235 0.3566 0.4628 3.489 0.9033 0.2076 0.4695 0.5801 2.8396 0.1306 0.1306 0.2918 0 1
13 12 289 0 0 0 0 0 1.0052 0 0.8079 -0.1468 0.1473 0.2145 0.8852 0.9874 0.222 0.344 0.4427 3.147 0.8866 0.2708 0.4459 0.5693 2.9249 0.0097 0.0097 0.3463 0 0
13 13 291 0 0 0 0 0 1.0015 0 0.6829 0.0337 0.1747 0.2117 0.8753 0.9477 -0.0227 0.2772 0.4887 7.1332 0.8789 -0.1351 0.4549 0.5715 2.6202 0.0102 0.0102 0.3084 0 0
13 14 287 0 0 0 0 0 1.0024 0 0.8064 0.0613 0.152 0.1855 0.9239 0.9803 -0.1843 0.2448 0.3101 3.2851 0.9032 -0.1548 0.411 0.5194 2.4165 -0.0991 0.0991 0.3323 0 0
13 15 301 0 0 0 0 0 1.004 0 0.8616 -0.0143 0.1383 0.168 1.0557 0.9744 0.2759 0.3678 0.4455 3.585 0.8651 0.2976 0.4919 0.6115 2.5294 -0.0036 0.0036 0.3295 0 0
13 16 299 0 0 0 0 0 1.0052 0 0.3733 -0.1031 0.1921 0.2478 0.9173 0.9701 -0.1834 0.3176 0.4063 2.7449 0.839 -0.1352 0.4625 0.588 3.0865 0.064 0.064 0.3543 0 0
13 17 269 0 0 0 0 0 1.0015 0 0.9022 -0.0586 0.1594 0.1848 1.0944 0.9805 0.2665 0.3206 0.4128 5.7368 0.8803 0.1079 0.3756 0.4848 2.4704 -0.1435 0.1435 0.3454 0 0
13 18 290 0 0 0 1 0 1.0028 0 0.8554 0.0057 0.2256 0.2635 1.0379 0.9718 0.2417 0.3173 0.4602 5.9956 0.8968 0.0517 0.4246 0.5327 2.6725 0.0022 0.0022 0.3083 0 1
13 19 271 0 0 0 0 0 1.0033 0 0.7791 0.0329 0.1324 0.1814 1.001 0.9913 0.1669 0.1965 0.2505 3.0017 0.8875 0.0556 0.4042 0.5134 2.6941 -0.1098 0.1098 0.3472 0 0
13 20 294 0 0 0 0 0 1.0033 0 0.9533 -0.094 0.0962 0.1173 1.0229 0.9939 -0.0403 0.2026 0.26 4.052 0.8925 -0.0019 0.3995 0.4939 2.6203 -0.0619 0.0619 0.3324 0 0
13 21 313 0 0 0 0 0 1.0047 0 0.7901 -0.1417 0.1921 0.2428 0.8756 0.9802 -0.104 0.2422 0.301 2.6165 0.8823 -0.3257 0.4748 0.5959 2.861 0.0734 0.0734 0.3596 0 0
13 22 324 0 0 0 1 0 1.0035 0 0.6869 -0.1641 0.1992 0.2457 0.8838 0.9831 -0.0279 0.2206 0.2838 2.2516 0.9118 -0.0084 0.3564 0.4595 2.739 0.0367 0.0367 0.305 0 1
13 23 277 0 0 0 2 0 1.0068 0 0.8054 -0.0807 0.125 0.1493 0.826 0.9564 -0.01 0.2659 0.3934 5.2411 0.8356 -0.1427 0.4718 0.5916 2.7371 -0.0679 0.0679 0.414 0 1
13 24 275 0 0 0 0 0 1.0031 0 0.842 0.0374 0.1175 0.1469 0.9538 0.9955 -0.139 0.1517 0.1861 3.7761 0.8994 -0.0555 0.3842 0.4891 2.5592 -0.0887 0.0887 0.3107 0 0
