cond r run.time ndiv nbfmi ntree nbulk ntail maxRhat nRhat alpha.cor alpha.bias alpha.abbias alpha.rmse alpha.CI beta.cor beta.bias beta.abbias beta.rmse beta.CI theta.cor theta.bias theta.abbias theta.rmse theta.CI lambda.bias lambda.abbias lambda.CI corrupt efficiency
16 1 126 5 0 0 1 0 1.007 0 0.4592 -0.0178 0.2839 0.3191 2.5392 0.942 0.5601 0.6194 0.8039 11.5453 0.8982 0.4507 0.5543 0.6844 2.4874 0.032 0.032 0.5891 1 1
16 2 147 2 0 0 0 0 1.005 0 0.8968 -0.0785 0.141 0.1706 1.5246 0.9445 0.0537 0.4497 0.6172 9.7691 0.926 0.0758 0.3479 0.4312 2.7514 0.0982 0.0982 0.5253 1 0
16 3 118 12 0 0 0 0 1.0042 0 0.0351 -0.0097 0.2994 0.3743 1.8561 0.9467 -0.2486 0.4442 0.5346 9.0848 0.9246 -0.3665 0.446 0.5543 2.6279 -0.02 0.02 0.5761 1 0
16 4 210 25 0 0 2 1 1.0054 0 0.8144 0.0928 0.2052 0.2433 2.6006 0.9603 -0.3543 0.4864 0.6065 6.1094 0.9031 -0.2982 0.5154 0.6817 3.1454 0.1007 0.1007 0.5861 1 1
16 5 115 3 0 0 0 0 1.0037 0 0.3673 -0.1209 0.2877 0.3191 1.8016 0.899 0.36 0.623 0.877 14.2849 0.8971 0.6093 0.6454 0.7581 2.5826 -0.0175 0.0175 0.5879 1 0
16 6 118 1 0 0 1 0 1.0029 0 0.1428 0.0405 0.2144 0.287 1.529 0.9351 0.1013 0.3247 0.4285 9.0111 0.9171 0.0868 0.4054 0.4987 2.3764 0.0021 0.0021 0.549 1 1
16 7 198 26 0 0 1 0 1.0086 0 0.7858 0.1096 0.208 0.2818 2.0455 0.958 0.551 0.5761 0.6601 6.6287 0.9383 0.5358 0.5767 0.6792 2.9003 0.1618 0.1618 0.4725 1 1
16 8 194 12 0 0 0 0 1.0046 0 0.3152 -0.0967 0.1965 0.2344 1.5586 0.9441 0.3965 0.5494 0.6631 6.8778 0.8969 0.4102 0.489 0.622 2.7903 0.1009 0.1009 0.532 1 0
16 9 144 1 0 0 0 0 1.0037 0 0.379 -0.1044 0.2398 0.2894 1.7281 0.9127 0.3205 0.5218 0.7063 9.4471 0.9425 0.2837 0.4103 0.5011 2.8276 0.1412 0.1412 0.4533 1 0
16 10 162 2 0 0 0 0 1.0052 0 0.3458 -0.0898 0.2694 0.3279 1.6692 0.9361 0.01 0.4635 0.6279 7.9211 0.911 0.1551 0.3725 0.4909 2.6141 0.0748 0.0748 0.5024 1 0
16 11 102 0 0 0 0 0 1.0041 0 0.4748 -0.0581 0.2949 0.3551 1.9495 0.9403 -0.4324 0.5205 0.6484 8.34 0.9104 -0.2859 0.4053 0.4855 2.246 -0.242 0.242 0.6532 0 0
16 12 146 0 0 0 0 0 1.0026 0 0.5254 -0.0066 0.2222 0.2534 1.6995 0.9416 0.521 0.595 0.7166 6.2038 0.9188 0.4386 0.5419 0.6524 2.8597 0.0685 0.0685 0.5073 0 0
16 13 144 19 0 0 1 0 1.0036 0 0.9455 -0.1142 0.1425 0.1586 1.5769 0.932 -0.0215 0.63 0.8967 13.7003 0.8796 0.1467 0.4292 0.535 2.9151 0.1076 0.1076 0.5756 1 1
16 14 118 0 0 0 1 0 1.0023 0 0.3973 -0.0247 0.3766 0.4313 2.2281 0.9346 -0.1863 0.6171 0.8835 14.6806 0.9061 -0.1913 0.4744 0.5767 2.6483 -0.0269 0.0269 0.5998 0 1
16 15 108 0 0 0 0 0 1.0022 0 0.9489 0.1484 0.214 0.2691 1.8247 0.9432 -0.1516 0.3519 0.5286 12.5146 0.947 0.0372 0.359 0.453 2.2714 -0.1289 0.1289 0.6148 0 0
16 16 128 1 0 0 0 0 1.0028 0 0.7555 0.0682 0.2493 0.2997 2.0095 0.9478 0.6195 0.6217 0.7641 8.1094 0.9299 0.354 0.4911 0.6217 2.7233 0.0746 0.0746 0.4785 1 0
16 17 104 0 0 0 0 0 1.0026 0 0.0938 -0.0048 0.3396 0.4054 1.6697 0.9153 -0.3053 0.4876 0.8426 17.0189 0.877 -0.0781 0.3567 0.4663 2.3068 -0.1931 0.1931 0.5636 0 0
16 18 118 5 0 0 0 0 1.0015 0 0.6019 0.0031 0.2242 0.2803 1.8207 0.9158 -0.2275 0.4898 0.6796 12.1523 0.9287 -0.2062 0.366 0.4729 2.7207 -0.0416 0.0416 0.6226 1 0
16 19 188 9 0 0 0 0 1.0031 0 0.736 -0.0134 0.1887 0.2456 1.6403 0.9516 -0.5575 0.6887 0.8128 12.2232 0.9291 -0.4989 0.5875 0.708 2.5715 0.1603 0.1603 0.4725 1 0
16 20 110 2 0 0 0 0 1.0024 0 0.4199 -0.1424 0.1874 0.2409 1.3822 0.9443 0.1066 0.396 0.5183 7.8038 0.9286 0.0349 0.3163 0.3883 2.6459 0.0556 0.0556 0.554 1 0
16 21 135 1 0 0 0 0 1.002 0 0.5887 -0.0167 0.1791 0.2136 1.6239 0.9269 -0.2441 0.4266 0.5337 8.486 0.9183 -0.2704 0.4388 0.541 2.458 0.0062 0.0062 0.5707 1 0
16 22 130 4 0 0 0 0 1.0037 0 0.5677 -0.1643 0.2785 0.31 1.6649 0.9437 -0.3648 0.5009 0.745 16.383 0.9036 -0.3136 0.4626 0.5846 2.7329 0.0749 0.0749 0.5318 1 0
16 23 209 10 0 0 1 0 1.0103 1 0.1099 -0.0082 0.215 0.2565 1.7375 0.9678 -0.2958 0.3524 0.4466 5.7944 0.9452 -0.3051 0.4344 0.5301 2.9698 0.1551 0.1551 0.5232 1 1
16 24 104 1 0 0 1 0 1.002 0 0.5146 -0.0275 0.2223 0.255 1.6464 0.9333 -0.2071 0.4209 0.5951 11.4041 0.9216 -0.2197 0.3641 0.4581 2.3149 -0.205 0.205 0.672 1 1
