"seed" "model" "Rhat.1.05" "N..Divergent" "N..Low.BFMI" "Excedeed.Treedepth" "Low.Bulk.ESS" "Low.Tail.ESS" "ACF1" "ACF2" "ACF3" "racf" "lpacf" "mssd" "Item1" "Item2" "Item3" "Item1.1" "Item2.1" "Item3.1" "Item1.2" "Item2.2" "Item3.2" "Item1.3" "Item2.3" "Item3.3" "Item1.4" "Item2.4" "Item3.4" "Item1.5" "Item2.5" "Item3.5" "ppp.q3.2.1." "ppp.q3.3.1." "ppp.q3.3.2." "OR.2.1." "OR.3.1." "OR.3.2." "ppp.ordiff.2.1." "ppp.ordiff.3.1." "ppp.ordiff.3.2." "ppp.resid.2.1." "ppp.resid.3.1." "ppp.resid.3.2." "ppp.rediff.2.1." "ppp.rediff.3.1." "ppp.rediff.3.2."
1001 "TV-DPCM" 0 0 0 0 0 0 0.553 0.608 0.397 0.343 0.493 0.463 0.733 0.664 0.586 0.827 0.474 0.544 0.819 0.652 0.453 0.458 0.408 0.594 0.405 0.061 0.581 0.438 0.383 0.273 0.29 0.445 0.532 0.404 0.18 0.581 0.365 0.059 0.146 0.532 0.558 0.568 0.715 0.766 0.26
1001 "DPCM" 0 4 0 0 0 0 0.689 0.463 0.254 0.625 0.411 0.345 0.383 0.868 0.616 0.333 0.779 0.56 0.452 0.805 0.46 0.255 0.619 0.452 0.48 0.526 0.023 0.321 0.426 0.461 0.322 0.809 0.196 0.629 0.276 0.686 0.037 0.078 0.157 0.562 0.463 0.428 0.522 0.186 0.495
1001 "BiDim" 0 0 0 0 0 0 0.81 0.392 0.558 0.872 0.29 0.182 0.966 0.823 0.009 0.934 0.715 0.008 0.937 0.755 0.011 0.585 0.589 0.238 0.782 0.933 0.087 0.055 0.212 0.224 0.001 0.931 0.957 0.999 0.696 0.12 0.014 0.127 0.231 0.007 0.139 0.07 0.357 0.726 0.403
1001 "DRIFT" 0 0 0 0 0 0 0.58 0.502 0.442 0.503 0.461 0.444 0.74 0.75 0.732 0.573 0.426 0.763 0.755 0.566 0.642 0.511 0.468 0.583 0.409 0.428 0.671 0.468 0.416 0.376 0.307 0.397 0.442 0.859 0.983 0.965 0.114 0.073 0.059 0.483 0.516 0.53 0.399 0.335 0.253
1001 "GPCM" 0 0 0 0 0 0 0.62 0.383 0.396 0.656 0.424 0.399 0.682 0.192 0.926 0.46 0.165 0.903 0.575 0.22 0.637 0.606 0.337 0.681 0.454 0.247 0.949 0.468 0.734 0.483 0.754 0.029 0.562 0.359 0.987 0.495 0.784 0.065 0.485 0.356 0.207 0.569 0.634 0.846 0.293
1001 "AR3" 0 0 0 0 0 0 0.289 0.548 0.635 0.211 0.718 0.748 0.798 0.734 0.76 0.725 0.812 0.897 0.904 0.802 0.721 0.636 0.506 0.336 0.698 0.541 0.766 0.818 0.497 0.451 0.2 0.209 0.428 0.69 0.32 0.456 0.239 0.185 0.184 0.505 0.5 0.55 0.192 0.736 0.382
1002 "TV-DPCM" 0 0 0 0 0 0 0.631 0.323 0.571 0.784 0.42 0.391 0.75 0.83 0.598 0.733 0.837 0.448 0.743 0.872 0.471 0.605 0.66 0.574 0.314 0.803 0.514 0.453 0.124 0.434 0.195 0.547 0.392 0.984 0.863 0.846 0.931 0.067 0.956 0.464 0.565 0.556 0.692 0.502 0.656
1002 "DPCM" 0 2 0 0 0 0 0.703 0.423 0.437 0.721 0.377 0.299 0.941 0.25 0.594 0.933 0.446 0.379 0.876 0.499 0.473 0.642 0.532 0.487 0.137 0.304 0.258 0.155 0.84 0.453 0.218 0.198 0.782 0.623 0.989 0.424 0.773 0.042 0.687 0.578 0.325 0.235 0.334 0.637 0.829
1002 "BiDim" 0 3 0 0 0 0 0.621 0.48 0.778 0.753 0.39 0.332 0.683 0.993 0.008 0.716 0.98 0.045 0.76 0.986 0.062 0.504 0.603 0.215 0.292 0.693 0.192 0.009 0.134 0.004 0 0.986 0.897 0.998 0.087 0.002 0.996 0.353 0.376 0.001 0.026 0.251 0.834 0.488 0.35
1002 "DRIFT" 0 0 0 0 0 0 0.723 0.532 0.432 0.698 0.369 0.256 0.694 0.846 0.133 0.538 0.361 0.121 0.412 0.437 0.069 0.505 0.654 0.28 0.899 0.702 0.388 0.602 0.581 0.732 0.067 0.74 0.782 0.85 0.043 0.316 0.212 0.811 0.596 0.348 0.445 0.509 0.701 0.744 0.35
1002 "GPCM" 0 0 0 0 0 0 0.586 0.512 0.285 0.571 0.429 0.419 0.786 0.152 0.861 0.576 0.397 0.81 0.632 0.487 0.756 0.605 0.254 0.625 0.86 0.112 0.634 0.62 0.227 0.322 0.696 0.108 0.559 0.095 0.861 0.189 0.149 0.699 0.022 0.397 0.21 0.492 0.16 0.162 0.207
1002 "AR3" 0 0 0 0 0 0 0.292 0.525 0.799 0.271 0.639 0.728 0.916 0.572 0.936 0.866 0.754 0.847 0.894 0.576 0.892 0.69 0.464 0.565 0.796 0.737 0.758 0.717 0.614 0.75 0.512 0.074 0.38 0.757 0.761 0.755 0.528 0.181 0.141 0.551 0.293 0.555 0.474 0.733 0.548
1003 "TV-DPCM" 0 0 0 0 0 0 0.479 0.635 0.616 0.272 0.568 0.529 0.788 0.708 0.67 0.681 0.691 0.764 0.824 0.582 0.807 0.543 0.602 0.508 0.642 0.674 0.818 0.163 0.547 0.668 0.388 0.27 0.456 0.731 0.685 0.622 0.214 0.126 0.626 0.533 0.524 0.569 0.69 0.503 0.401
1003 "DPCM" 0 2 0 0 0 0 0.674 0.635 0.252 0.422 0.427 0.343 0.415 0.589 0.85 0.296 0.378 0.877 0.298 0.404 0.79 0.545 0.547 0.657 0.192 0.437 0.547 0.711 0.649 0.344 0.708 0.399 0.204 0.27 0.818 0.783 0.114 0.429 0.068 0.482 0.571 0.471 0.493 0.59 0.215
1003 "BiDim" 0 4 0 0 0 0 0.82 0.446 0.506 0.779 0.252 0.162 0.826 0.707 0.03 0.952 0.529 0.008 0.828 0.461 0.036 0.528 0.544 0.379 0.63 0.118 0.33 0.186 0.245 0.055 0.01 0.835 0.968 0.912 0.115 0.012 0.087 0.228 0.3 0.051 0.303 0.114 0.242 0.746 0.937
1003 "DRIFT" 0 0 0 0 0 0 0.63 0.422 0.518 0.713 0.428 0.395 0.748 0.79 0.527 0.557 0.494 0.437 0.466 0.581 0.28 0.612 0.573 0.488 0.671 0.753 0.761 0.41 0.775 0.658 0.282 0.599 0.404 0.866 0.27 0.894 0.952 0.22 0.169 0.497 0.539 0.551 0.395 0.44 0.506
1003 "GPCM" 0 0 0 0 0 0 0.597 0.574 0.456 0.438 0.485 0.411 0.659 0.148 0.99 0.413 0.271 0.952 0.416 0.328 0.91 0.608 0.3 0.653 0.588 0.161 0.549 0.425 0.709 0.406 0.899 0.052 0.266 0.529 0.924 0.78 0.22 0.664 0.1 0.212 0.183 0.551 0.808 0.53 0.643
1003 "AR3" 0 0 0 0 0 0 0.436 0.459 0.76 0.405 0.517 0.562 0.684 0.784 0.463 0.569 0.768 0.553 0.552 0.858 0.451 0.472 0.388 0.469 0.311 0.317 0.518 0.712 0.49 0.336 0.124 0.703 0.396 0.585 0.985 0.704 0.46 0.036 0.802 0.467 0.548 0.558 0.783 0.592 0.418
1004 "TV-DPCM" 0 0 0 0 0 0 0.632 0.427 0.387 0.794 0.447 0.378 0.93 0.498 0.752 0.753 0.51 0.64 0.805 0.393 0.683 0.616 0.506 0.498 0.518 0.649 0.164 0.53 0.315 0.684 0.39 0.109 0.635 0.441 0.71 0.395 0.294 0.913 0.138 0.557 0.406 0.532 0.459 0.7 0.345
1004 "DPCM" 0 5 0 0 0 0 0.572 0.468 0.595 0.672 0.45 0.434 0.29 0.711 0.762 0.274 0.627 0.748 0.224 0.643 0.76 0.457 0.553 0.434 0.767 0.197 0.441 0.212 0.914 0.415 0.72 0.586 0.141 0.076 0.598 0.962 0.771 0.475 0.731 0.483 0.565 0.373 0.744 0.611 0.45
1004 "BiDim" 0 3 0 0 0 0 0.861 0.275 0.259 0.943 0.245 0.175 0.828 0.669 0.112 0.609 0.403 0.255 0.596 0.505 0.166 0.621 0.512 0.374 0.547 0.674 0.297 0.193 0.429 0.107 0.045 0.778 0.833 0.962 0.3 0.017 0.576 0.241 0.398 0.157 0.478 0.322 0.531 0.365 0.666
1004 "DRIFT" 0 0 0 0 0 0 0.61 0.494 0.59 0.687 0.46 0.408 0.414 0.687 0.881 0.749 0.478 0.49 0.64 0.433 0.767 0.309 0.601 0.586 0.162 0.507 0.714 0.596 0.556 0.194 0.654 0.399 0.159 0.684 0.459 0.824 0.208 0.188 0.037 0.478 0.561 0.395 0.499 0.369 0.363
1004 "GPCM" 0 1 0 0 0 0 0.555 0.553 0.503 0.51 0.502 0.454 0.38 0.419 0.979 0.38 0.402 0.97 0.306 0.513 0.964 0.598 0.343 0.529 0.525 0.414 0.266 0.255 0.674 0.084 0.856 0.271 0.091 0.545 0.576 0.802 0.412 0.113 0.778 0.236 0.415 0.364 0.087 0.346 0.322
1004 "AR3" 0 0 0 0 0 0 0.288 0.486 0.97 0.26 0.696 0.735 0.549 0.906 0.904 0.736 0.868 0.802 0.508 0.932 0.827 0.607 0.571 0.596 0.43 0.534 0.498 0.814 0.662 0.722 0.288 0.529 0.045 0.552 0.611 0.838 0.255 0.076 0.137 0.554 0.556 0.272 0.514 0.471 0.772
1005 "TV-DPCM" 0 1 0 0 0 0 0.738 0.608 0.417 0.559 0.348 0.263 0.456 0.798 0.596 0.483 0.648 0.457 0.51 0.659 0.537 0.56 0.621 0.46 0.828 0.088 0.473 0.39 0.172 0.381 0.254 0.58 0.331 0.506 0.677 0.857 0.16 0.204 0.351 0.559 0.535 0.52 0.559 0.355 0.579
1005 "DPCM" 0 6 0 0 0 0 0.656 0.403 0.564 0.646 0.399 0.372 0.714 0.932 0.795 0.46 0.903 0.792 0.548 0.865 0.693 0.585 0.556 0.553 0.469 0.689 0.478 0.759 0.414 0.311 0.217 0.429 0.258 0.42 0.856 0.689 0.453 0.324 0.516 0.536 0.555 0.458 0.647 0.573 0.558
1005 "BiDim" 0 1 0 0 0 0 0.867 0.355 0.808 0.902 0.173 0.096 0.726 0.643 0.054 0.66 0.452 0.059 0.655 0.51 0.048 0.511 0.57 0.358 0.071 0.296 0.672 0.148 0.151 0.004 0.001 0.892 0.949 0.84 0.247 0.056 0.167 0.492 0.563 0.04 0.386 0.17 0.903 0.375 0.865
1005 "DRIFT" 0 0 0 0 0 0 0.598 0.456 0.46 0.666 0.415 0.397 0.797 0.577 0.895 0.649 0.534 0.758 0.816 0.447 0.837 0.596 0.615 0.426 0.354 0.432 0.585 0.313 0.237 0.754 0.518 0.115 0.441 0.488 0.871 0.75 0.674 0.683 0.932 0.542 0.467 0.548 0.908 0.788 0.778
1005 "GPCM" 0 0 0 0 0 0 0.642 0.508 0.651 0.598 0.417 0.377 0.968 0.256 0.609 0.944 0.797 0.213 0.889 0.745 0.455 0.598 0.362 0.41 0.561 0.571 0.309 0.226 0.352 0.416 0.25 0.21 0.775 0.716 0.976 0.132 0.434 0.243 0.548 0.556 0.277 0.28 0.52 0.664 0.711
1005 "AR3" 0 0 0 0 0 0 0.243 0.666 0.744 0.121 0.725 0.782 0.83 0.726 0.982 0.832 0.917 0.967 0.933 0.831 0.967 0.562 0.713 0.606 0.773 0.794 0.935 0.573 0.329 0.616 0.553 0.115 0.12 0.386 0.737 0.563 0.535 0.796 0.797 0.481 0.266 0.498 0.614 0.36 0.284
1006 "TV-DPCM" 0 0 0 0 0 0 0.612 0.474 0.548 0.618 0.441 0.414 0.402 0.697 0.644 0.436 0.674 0.357 0.417 0.431 0.535 0.426 0.56 0.602 0.205 0.855 0.501 0.756 0.38 0.507 0.58 0.463 0.406 0.292 0.775 0.933 0.217 0.018 0.122 0.561 0.548 0.498 0.486 0.664 0.374
1006 "DPCM" 0 0 0 0 0 0 0.687 0.578 0.346 0.475 0.387 0.339 0.724 0.585 0.357 0.573 0.548 0.265 0.535 0.566 0.175 0.596 0.462 0.485 0.525 0.348 0.572 0.607 0.742 0.784 0.169 0.579 0.67 0.595 0.762 0.754 0.399 0.329 0.119 0.497 0.579 0.518 0.385 0.622 0.692
1006 "BiDim" 0 0 0 0 0 0 0.501 0.641 0.775 0.311 0.532 0.472 0.871 0.818 0.021 0.894 0.882 0.049 0.934 0.896 0.116 0.53 0.637 0.172 0.546 0.191 0.86 0.022 0.353 0.004 0.001 0.884 0.934 0.971 0.067 0.051 0.026 0.732 0.65 0.024 0.245 0.118 0.386 0.808 0.913
1006 "DRIFT" 0 0 0 0 0 0 0.537 0.649 0.509 0.28 0.502 0.46 0.296 0.63 0.914 0.417 0.388 0.787 0.402 0.297 0.921 0.336 0.592 0.602 0.757 0.326 0.747 0.855 0.468 0.114 0.795 0.35 0.168 0.151 0.503 0.694 0.271 0.818 0.066 0.428 0.549 0.406 0.471 0.518 0.414
1006 "GPCM" 0 0 0 0 0 0 0.556 0.45 0.688 0.547 0.496 0.442 0.888 0.223 0.363 0.583 0.129 0.666 0.771 0.221 0.191 0.451 0.39 0.525 0.383 0.444 0.273 0.44 0.848 0.497 0.295 0.308 0.886 0.42 0.512 0.141 0.615 0.168 0.307 0.55 0.415 0.262 0.269 0.263 0.954
1006 "AR3" 0 0 0 0 0 0 0.352 0.478 0.813 0.274 0.633 0.677 0.702 0.803 0.829 0.669 0.803 0.684 0.669 0.825 0.583 0.467 0.607 0.516 0.564 0.458 0.518 0.788 0.499 0.927 0.283 0.369 0.263 0.942 0.917 0.9 0.784 0.459 0.992 0.531 0.52 0.482 0.633 0.453 0.209
1007 "TV-DPCM" 0 0 0 0 0 0 0.377 0.629 0.625 0.24 0.62 0.614 0.5 0.817 0.688 0.586 0.697 0.766 0.505 0.777 0.645 0.544 0.503 0.577 0.689 0.395 0.809 0.791 0.787 0.477 0.358 0.636 0.198 0.858 0.171 0.273 0.312 0.21 0.558 0.562 0.56 0.44 0.609 0.275 0.565
1007 "DPCM" 0 1 0 0 0 0 0.402 0.346 0.858 0.588 0.546 0.576 0.364 0.716 0.812 0.339 0.869 0.759 0.32 0.856 0.789 0.521 0.554 0.561 0.575 0.093 0.536 0.396 0.488 0.805 0.598 0.641 0.102 0.46 0.503 0.278 0.754 0.77 0.274 0.554 0.597 0.363 0.54 0.581 0.361
1007 "BiDim" 0 4 0 0 0 0 0.419 0.589 0.956 0.336 0.579 0.57 0.759 0.901 0.086 0.817 0.928 0.114 0.809 0.926 0.177 0.538 0.537 0.204 0.518 0.964 0.661 0.17 0.246 0.118 0.015 0.898 0.636 0.671 0.129 0.724 0.645 0.495 0.061 0.067 0.175 0.495 0.009 0.883 0.622
1007 "DRIFT" 0 0 0 0 0 0 0.385 0.601 0.431 0.213 0.63 0.635 0.479 0.942 0.556 0.708 0.838 0.753 0.608 0.952 0.781 0.55 0.342 0.661 0.177 0.182 0.347 0.261 0.753 0.292 0.132 0.863 0.161 0.58 0.823 0.495 0.151 0.733 0.16 0.478 0.458 0.45 0.592 0.514 0.704
1007 "GPCM" 0 0 0 0 0 0 0.283 0.73 0.551 0.161 0.698 0.693 0.523 0.271 0.989 0.632 0.36 0.992 0.639 0.454 0.985 0.576 0.338 0.645 0.119 0.275 0.672 0.661 0.202 0.716 0.9 0.015 0.186 0.347 0.925 0.449 0.583 0.801 0.853 0.23 0.137 0.46 0.814 0.793 0.659
1007 "AR3" 0 0 0 0 0 0 0.403 0.593 0.742 0.252 0.573 0.606 0.858 0.834 0.745 0.812 0.782 0.673 0.803 0.811 0.786 0.698 0.64 0.446 0.752 0.837 0.255 0.579 0.353 0.487 0.296 0.26 0.302 0.74 0.383 0.419 0.359 0.588 0.093 0.464 0.507 0.521 0.336 0.639 0.686
1008 "TV-DPCM" 0 0 0 0 0 0 0.415 0.716 0.481 0.22 0.556 0.574 0.707 0.535 0.766 0.714 0.6 0.76 0.692 0.619 0.823 0.521 0.59 0.493 0.285 0.427 0.385 0.328 0.267 0.539 0.647 0.193 0.43 0.318 0.559 0.816 0.616 0.746 0.69 0.559 0.519 0.584 0.628 0.412 0.704
1008 "DPCM" 0 0 0 0 0 0 0.318 0.646 0.656 0.222 0.635 0.669 0.863 0.575 0.583 0.906 0.695 0.658 0.928 0.656 0.583 0.646 0.525 0.622 0.344 0.526 0.226 0.582 0.9 0.428 0.148 0.263 0.609 0.066 0.778 0.27 0.867 0.783 0.838 0.502 0.504 0.564 0.581 0.486 0.384
1008 "BiDim" 0 2 0 0 0 0 0.727 0.536 0.453 0.505 0.35 0.286 0.91 0.647 0.06 0.876 0.659 0.029 0.822 0.58 0.055 0.473 0.49 0.291 0.725 0.45 0.208 0.441 0.45 0.155 0.004 0.806 0.917 0.897 0.303 0.271 0.278 0.291 0.483 0.027 0.472 0.182 0.834 0.285 0.667
1008 "DRIFT" 0 0 0 0 0 0 0.434 0.848 0.458 0.075 0.622 0.549 0.756 0.597 0.432 0.523 0.55 0.673 0.718 0.536 0.407 0.632 0.272 0.53 0.573 0.381 0.8 0.756 0.613 0.454 0.14 0.463 0.633 0.647 0.678 0.015 0.126 0.93 0.494 0.512 0.564 0.537 0.669 0.779 0.403
1008 "GPCM" 0 0 0 0 0 0 0.304 0.904 0.423 0.067 0.683 0.651 0.808 0.043 0.991 0.864 0.132 0.995 0.883 0.211 0.991 0.589 0.195 0.502 0.757 0.191 0.299 0.609 0.792 0.269 0.956 0.001 0.487 0.345 0.975 0.543 0.612 0.554 0.474 0.051 0.022 0.526 0.814 0.035 0.553
1008 "AR3" 0 1 0 0 0 0 0.402 0.63 0.744 0.24 0.592 0.614 0.665 0.684 0.81 0.686 0.722 0.685 0.429 0.747 0.818 0.505 0.431 0.624 0.518 0.2 0.164 0.506 0.877 0.392 0.419 0.44 0.238 0.531 0.838 0.608 0.209 0.006 0.038 0.542 0.523 0.498 0.258 0.518 0.177
1009 "TV-DPCM" 0 0 0 0 0 0 0.503 0.573 0.634 0.36 0.497 0.501 0.598 0.613 0.572 0.561 0.802 0.618 0.718 0.773 0.507 0.573 0.49 0.61 0.87 0.301 0.777 0.293 0.589 0.299 0.32 0.373 0.442 0.647 0.778 0.567 0.204 0.093 0.713 0.572 0.575 0.581 0.403 0.543 0.51
1009 "DPCM" 0 1 0 0 0 0 0.478 0.6 0.715 0.551 0.523 0.505 0.729 0.53 0.451 0.747 0.626 0.375 0.792 0.42 0.542 0.49 0.57 0.402 0.528 0.82 0.222 0.594 0.134 0.33 0.366 0.316 0.684 0.694 0.545 0.827 0.104 0.197 0.097 0.536 0.554 0.534 0.461 0.464 0.286
1009 "BiDim" 0 1 0 0 0 0 0.655 0.411 0.406 0.635 0.404 0.401 0.986 0.905 0.011 0.98 0.836 0.037 0.993 0.895 0.036 0.649 0.552 0.287 0.512 0.573 0.077 0.153 0.252 0.007 0 0.911 0.971 0.921 0.194 0.178 0.059 0.769 0.516 0.006 0.272 0.078 0.996 0.535 0.97
1009 "DRIFT" 0 0 0 0 0 0 0.5 0.561 0.705 0.408 0.548 0.519 0.868 0.635 0.796 0.726 0.407 0.74 0.666 0.473 0.754 0.5 0.45 0.497 0.23 0.411 0.815 0.387 0.742 0.526 0.442 0.141 0.462 0.184 0.491 0.223 0.678 0.351 0.41 0.528 0.436 0.535 0.578 0.214 0.475
1009 "GPCM" 0 0 0 0 0 0 0.446 0.486 0.754 0.433 0.52 0.531 0.662 0.185 0.916 0.562 0.34 0.956 0.647 0.444 0.788 0.591 0.378 0.637 0.516 0.18 0.215 0.706 0.241 0.058 0.725 0.088 0.498 0.083 0.929 0.695 0.377 0.042 0.128 0.326 0.235 0.557 0.691 0.365 0.811
1009 "AR3" 0 0 0 0 0 0 0.367 0.625 0.564 0.18 0.584 0.644 0.812 0.837 0.743 0.838 0.756 0.73 0.858 0.753 0.897 0.605 0.624 0.627 0.516 0.303 0.66 0.468 0.558 0.469 0.351 0.275 0.206 0.123 0.348 0.971 0.29 0.355 0.328 0.508 0.519 0.511 0.273 0.422 0.257
1010 "TV-DPCM" 0 0 0 0 0 0 0.553 0.489 0.423 0.498 0.444 0.48 0.86 0.966 0.988 0.631 0.961 0.955 0.682 0.944 0.918 0.578 0.583 0.65 0.742 0.603 0.318 0.486 0.552 0.66 0.338 0.153 0.064 0.512 0.603 0.977 0.535 0.356 0.852 0.548 0.451 0.359 0.332 0.435 0.672
1010 "DPCM" 0 8 0 0 0 0 0.79 0.236 0.544 0.939 0.283 0.24 0.926 0.634 0.838 0.684 0.503 0.817 0.7 0.521 0.661 0.635 0.627 0.522 0.452 0.69 0.098 0.742 0.329 0.401 0.302 0.169 0.447 0.518 0.92 0.224 0.468 0.628 0.454 0.601 0.394 0.572 0.42 0.784 0.237
1010 "BiDim" 0 3 0 0 0 0 0.696 0.61 0.723 0.356 0.378 0.33 0.574 0.904 0.485 0.555 0.922 0.522 0.575 0.904 0.655 0.526 0.607 0.496 0.504 0.405 0.194 0.064 0.342 0.114 0.073 0.741 0.306 0.563 0.138 0.652 0.736 0.488 0.35 0.298 0.502 0.52 0.72 0.351 0.715
1010 "DRIFT" 0 0 0 0 0 0 0.608 0.457 0.612 0.673 0.397 0.386 0.719 0.922 0.97 0.623 0.813 0.917 0.71 0.934 0.943 0.602 0.658 0.653 0.523 0.92 0.702 0.357 0.243 0.349 0.476 0.164 0.084 0.427 0.796 0.705 0.16 0.101 0.833 0.529 0.489 0.424 0.237 0.486 0.587
1010 "GPCM" 0 1 0 0 0 0 0.696 0.557 0.68 0.547 0.371 0.301 0.742 0.194 0.933 0.464 0.172 0.892 0.412 0.248 0.816 0.464 0.262 0.635 0.369 0.26 0.903 0.531 0.582 0.232 0.944 0.063 0.424 0.038 0.943 0.539 0.2 0.209 0.559 0.198 0.217 0.562 0.107 0.542 0.47
1010 "AR3" 0 0 0 0 0 0 0.32 0.359 0.894 0.479 0.648 0.724 0.883 0.797 0.974 0.816 0.832 0.926 0.802 0.794 0.941 0.547 0.412 0.625 0.446 0.135 0.935 0.485 0.79 0.702 0.446 0.089 0.147 0.458 0.834 0.646 0.234 0.688 0.101 0.543 0.366 0.438 0.534 0.311 0.506
