cond r run.time ndiv nbfmi ntree nbulk ntail maxRhat nRhat beta.cor beta.bias beta.abbias beta.rmse beta.cover beta.CI theta.cor theta.bias theta.abbias theta.rmse theta.cover theta.CI attra.cor attra.bias attra.abbias attra.rmse attra.cover attra.CI lambda.bias lambda.abbias lambda.rbias lambda.rbias2 lambda.cover lambda.CI pvar.bias pvar.abbias pvar.rbias pvar.rbias2 pvar.cover pvar.CI sigma2.bias sigma2.abbias sigma2.rbias sigma2.rbias2 sigma2.cover sigma2.CI corrupt efficiency
23 1 6573 0 0 0 0 0 1.0026 0 0.9857 -0.8972 0.8972 0.9129 0.0417 1.1769 0.9581 -0.8204 0.8524 0.9627 0.6067 2.1423 0.9849 -0.8229 0.8229 0.8789 0.31 1.4066 -0.0958 0.0958 -0.1916 0.8084 1 0.2747 -0.021 0.021 -0.0157 0.9843 1 0.8032 0.0876 0.0876 0.0876 1.0876 1 0.624 0 0
23 2 6324 0 0 0 0 0 1.0073 0 0.9891 -0.2329 0.3427 0.4447 0.875 1.2081 0.9581 -0.2436 0.46 0.5775 0.9167 1.9107 0.9885 -0.1098 0.4087 0.4727 0.8433 1.3831 -0.0285 0.0285 -0.0571 0.9429 1 0.2637 -0.263 0.263 -0.1972 0.8028 1 0.6833 -0.1769 0.1769 -0.1769 0.8231 1 0.4799 0 0
23 3 8577 0 0 0 0 0 1.0062 0 0.9896 -0.3094 0.3331 0.4031 0.9167 1.2343 0.9621 -0.2468 0.4475 0.5657 0.9633 2.103 0.9688 -0.2169 0.3615 0.4128 1 1.7206 0.0435 0.0435 0.087 1.087 1 0.2593 0.1957 0.1957 0.1468 1.1468 1 1.0291 0.0615 0.0615 0.0615 1.0615 1 0.6193 0 0
23 4 7113 0 0 0 0 0 1.0043 0 0.9805 0.5204 0.5453 0.586 0.5 1.1923 0.9617 0.4441 0.5902 0.7066 0.8167 2.057 0.9752 0.4399 0.4718 0.5452 0.8667 1.4106 -0.0846 0.0846 -0.1692 0.8308 1 0.2902 -0.1474 0.1474 -0.1106 0.8894 1 0.7478 -0.0299 0.0299 -0.0299 0.9701 1 0.5575 0 0
23 5 9991 0 0 0 0 0 1.0061 0 0.9669 -0.2964 0.3514 0.444 0.875 1.1774 0.9606 -0.2558 0.4673 0.5899 0.9033 1.9163 0.9833 -0.1963 0.2905 0.3644 0.9033 1.4906 0.0416 0.0416 0.0831 1.0831 1 0.2739 -0.328 0.328 -0.246 0.754 1 0.6982 -0.3009 0.3009 -0.3009 0.6991 0 0.4393 0 0
23 6 9978 0 0 0 0 0 1.0038 0 0.987 -0.1389 0.239 0.3323 0.9167 1.1964 0.9602 -0.1442 0.4306 0.5398 0.92 1.9129 0.9845 -0.3298 0.4093 0.5135 0.71 1.3525 -0.0346 0.0346 -0.0691 0.9309 1 0.2704 -0.382 0.382 -0.2865 0.7135 0 0.6039 -0.2633 0.2633 -0.2633 0.7367 0 0.4313 0 0
23 7 8364 0 0 0 0 0 1.005 0 0.985 0.0828 0.238 0.328 0.9583 1.1788 0.9629 0.0558 0.3942 0.5109 0.9467 1.9318 0.9871 0.063 0.2546 0.2987 1 1.4763 0.0331 0.0331 0.0663 1.0663 1 0.2528 -0.2448 0.2448 -0.1836 0.8164 1 0.7335 -0.2315 0.2315 -0.2315 0.7685 1 0.4604 0 0
23 8 6065 0 0 0 0 0 1.0069 0 0.9663 0.0693 0.2378 0.2778 1 1.1693 0.9623 0.0696 0.3782 0.5123 0.9633 2.0754 0.994 -0.0604 0.1369 0.1664 1 1.4031 -0.0805 0.0805 -0.1611 0.8389 1 0.2845 -0.2095 0.2095 -0.1571 0.8429 1 0.7011 -0.0833 0.0833 -0.0833 0.9167 1 0.5549 0 0
23 9 10716 0 0 0 0 0 1.0032 0 0.9846 -0.598 0.598 0.6469 0.4167 1.2186 0.9604 -0.6094 0.6993 0.8352 0.7667 2.0747 0.9876 -0.5686 0.5686 0.6107 0.7267 1.6294 0.064 0.064 0.128 1.128 1 0.2569 -0.0688 0.0688 -0.0516 0.9484 1 0.9121 -0.1515 0.1515 -0.1515 0.8485 1 0.5326 0 0
23 10 7584 0 0 0 0 0 1.0053 0 0.9743 -0.0808 0.1881 0.2279 1 1.1412 0.9571 -0.0359 0.3899 0.4906 0.9533 1.9721 0.9869 -0.0531 0.2796 0.3175 1 1.408 -0.0355 0.0355 -0.071 0.929 1 0.2737 -0.197 0.197 -0.1477 0.8523 1 0.6957 -0.1184 0.1184 -0.1184 0.8816 1 0.5081 0 0
23 11 6423 0 0 0 0 0 1.0028 0 0.9887 -0.5232 0.5232 0.5506 0.6667 1.1877 0.9579 -0.5425 0.6065 0.7432 0.8433 2.1389 0.9895 -0.5044 0.5044 0.5446 0.7733 1.454 -0.0774 0.0774 -0.1548 0.8452 1 0.2737 -0.0066 0.0066 -0.005 0.995 1 0.8072 0.0787 0.0787 0.0787 1.0787 1 0.6074 0 0
23 12 6964 0 0 0 0 0 1.0079 0 0.9802 -0.6209 0.6209 0.6629 0.2917 1.1753 0.9561 -0.569 0.6443 0.7655 0.75 1.9417 0.9961 -0.6061 0.6061 0.6528 0.5733 1.3409 -0.0327 0.0327 -0.0654 0.9346 1 0.2823 -0.4604 0.4604 -0.3453 0.6547 0 0.5782 -0.326 0.326 -0.326 0.674 0 0.4208 0 0
23 13 8657 0 0 0 0 0 1.0097 0 0.9825 0.8173 0.8173 0.8829 0.2083 1.2072 0.9582 0.7254 0.7956 0.9252 0.6533 1.9762 0.9851 0.4729 0.5035 0.5572 0.8067 1.4857 0.0275 0.0275 0.055 1.055 1 0.2628 -0.236 0.236 -0.177 0.823 1 0.7343 -0.218 0.218 -0.218 0.782 1 0.4806 0 0
23 14 7708 0 0 0 0 0 1.0035 0 0.9714 0.2052 0.257 0.3444 0.9167 1.2009 0.9633 0.1923 0.4439 0.5695 0.95 2.0919 0.9815 0.0718 0.2246 0.2937 1 1.629 0.0573 0.0573 0.1145 1.1145 1 0.253 0.0151 0.0151 0.0113 1.0113 1 0.9228 -0.0845 0.0845 -0.0845 0.9155 1 0.5411 0 0
23 15 7470 0 0 0 0 0 1.0079 0 0.9676 -0.0551 0.2005 0.2407 1 1.1642 0.9672 -0.0408 0.364 0.4734 0.98 2.0827 0.9888 -0.1431 0.2114 0.2639 1 1.4228 -0.0619 0.0619 -0.1237 0.8763 1 0.269 -0.2345 0.2345 -0.1759 0.8241 1 0.7131 -0.1213 0.1213 -0.1213 0.8787 1 0.5312 0 0
23 16 8647 0 0 0 0 0 1.0038 0 0.9804 0.3283 0.3781 0.435 0.8333 1.1986 0.9644 0.354 0.4974 0.6225 0.9133 2.0251 0.9876 0.3947 0.4134 0.4713 0.91 1.4635 -0.0302 0.0302 -0.0605 0.9395 1 0.2589 -0.1766 0.1766 -0.1324 0.8676 1 0.7429 -0.108 0.108 -0.108 0.892 1 0.525 0 0
23 17 8236 0 0 0 0 0 1.0071 0 0.9848 0.2026 0.2568 0.309 0.9583 1.1673 0.9597 0.203 0.4615 0.5843 0.92 2.0192 0.9906 0.2662 0.2909 0.3307 1 1.5844 0.0674 0.0674 0.1349 1.1349 1 0.263 -0.1709 0.1709 -0.1281 0.8719 1 0.8033 -0.2248 0.2248 -0.2248 0.7752 1 0.476 0 0
23 18 7948 0 0 0 0 0 1.0079 0 0.9655 0.0928 0.1881 0.2375 1 1.1988 0.9648 0.1023 0.4025 0.5279 0.97 2.1647 0.9904 -5e-04 0.2284 0.2802 1 1.6107 0.0262 0.0262 0.0525 1.0525 1 0.2755 -0.0897 0.0897 -0.0673 0.9327 1 0.8518 -0.1137 0.1137 -0.1137 0.8863 1 0.5524 0 0
23 19 6850 0 0 0 0 0 1.0069 0 0.9852 -0.1452 0.225 0.3151 0.9583 1.2177 0.9603 -0.139 0.4162 0.5381 0.95 2.0542 0.9721 -0.1426 0.2944 0.3794 0.8733 1.4351 -0.0587 0.0587 -0.1174 0.8826 1 0.2712 -0.109 0.109 -0.0818 0.9182 1 0.7713 -0.0245 0.0245 -0.0245 0.9755 1 0.559 0 0
23 20 8357 0 0 0 0 0 1.0035 0 0.9731 0.4476 0.4604 0.5072 0.7083 1.156 0.9536 0.3428 0.4981 0.6172 0.9033 1.9695 0.9903 0.2738 0.352 0.4059 0.98 1.4582 -0.0067 0.0067 -0.0134 0.9866 1 0.2661 -0.2084 0.2084 -0.1563 0.8437 1 0.7171 -0.1593 0.1593 -0.1593 0.8407 1 0.4967 0 0
23 21 9894 0 0 0 0 0 1.0024 0 0.9809 -0.2318 0.2519 0.3094 1 1.1983 0.964 -0.1885 0.4392 0.5513 0.94 2.1317 0.9823 -0.3617 0.4004 0.4552 1 1.6745 0.0518 0.0518 0.1036 1.1036 1 0.2456 0.0493 0.0493 0.037 1.037 1 0.927 -0.0515 0.0515 -0.0515 0.9485 1 0.5752 0 0
23 22 7004 0 0 0 0 0 1.0127 0 0.9803 -0.3254 0.3254 0.3758 0.9167 1.1985 0.9675 -0.3337 0.4612 0.5731 0.93 2.1797 0.9767 -0.4973 0.4973 0.5826 0.82 1.5557 -0.0348 0.0348 -0.0696 0.9304 1 0.2734 0.1058 0.1058 0.0793 1.0793 1 0.8919 0.1146 0.1146 0.1146 1.1146 1 0.6273 0 0
23 23 7535 0 0 0 0 0 1.0051 0 0.989 -0.2451 0.2632 0.3098 1 1.1729 0.9573 -0.2352 0.4512 0.5723 0.93 2.068 0.9827 -0.2646 0.2899 0.374 0.85 1.3533 -0.1113 0.1113 -0.2226 0.7774 1 0.2825 -0.1388 0.1388 -0.1041 0.8959 1 0.7384 0.0044 0.0044 0.0044 1.0044 1 0.6011 0 0
23 24 7212 0 0 0 0 0 1.0018 0 0.9713 -0.3596 0.3699 0.4401 0.7917 1.1582 0.9591 -0.3595 0.4977 0.6054 0.8833 1.8865 0.9186 -0.3261 0.5526 0.6522 0.71 1.43 0.0395 0.0395 0.079 1.079 1 0.2529 -0.3846 0.3846 -0.2884 0.7116 0 0.6221 -0.3357 0.3357 -0.3357 0.6643 0 0.4248 0 0
23 25 7387 0 0 0 0 0 1.0074 0 0.9854 -0.2526 0.2652 0.3113 0.9583 1.1414 0.9594 -0.2283 0.4087 0.5238 0.9333 1.9674 0.9664 -0.0368 0.4058 0.4796 0.8267 1.5259 0.0297 0.0297 0.0593 1.0593 1 0.2437 -0.007 0.007 -0.0053 0.9947 1 0.8381 -0.0576 0.0576 -0.0576 0.9424 1 0.5257 0 0
23 26 7859 0 0 0 0 0 1.0065 0 0.9785 -0.362 0.362 0.434 0.875 1.1705 0.9624 -0.3749 0.4909 0.6258 0.89 2.0005 0.965 -0.4503 0.4947 0.5885 0.7133 1.5314 0.0399 0.0399 0.0798 1.0798 1 0.26 -0.1727 0.1727 -0.1296 0.8704 1 0.7819 -0.1892 0.1892 -0.1892 0.8108 1 0.4938 0 0
23 27 10270 0 0 0 0 0 1.0046 0 0.9789 -0.2333 0.315 0.3797 0.9583 1.2243 0.9603 -0.2175 0.4088 0.5131 0.96 2.0036 0.9768 -0.2374 0.302 0.4311 0.9567 1.5138 0.015 0.015 0.0301 1.0301 1 0.2614 -0.1093 0.1093 -0.082 0.918 1 0.8003 -0.1121 0.1121 -0.1121 0.8879 1 0.5245 0 0
23 28 8383 0 0 0 0 0 1.003 0 0.9894 0.1639 0.206 0.2508 1 1.1774 0.9591 0.1154 0.4411 0.5723 0.9567 2.0846 0.9902 0.1373 0.1744 0.2406 1 1.4537 -0.0668 0.0668 -0.1337 0.8663 1 0.2786 -0.1363 0.1363 -0.1022 0.8978 1 0.7828 -0.0386 0.0386 -0.0386 0.9614 1 0.5661 0 0
23 29 8071 0 0 0 0 0 1.0051 0 0.9884 0.1099 0.1643 0.1837 1 1.1293 0.9516 0.1236 0.4457 0.5704 0.96 2.0854 0.96 0.1197 0.354 0.4183 1 1.5017 -0.0259 0.0259 -0.0518 0.9482 1 0.2474 0.0645 0.0645 0.0484 1.0484 1 0.8765 0.0714 0.0714 0.0714 1.0714 1 0.5866 0 0
23 30 7954 0 0 0 0 0 1.0027 0 0.9877 0.632 0.632 0.6665 0.4167 1.1746 0.9565 0.5411 0.6555 0.8032 0.7567 2.047 0.9844 0.5225 0.5225 0.5791 0.8433 1.5867 0.0555 0.0555 0.111 1.111 1 0.2577 -0.1139 0.1139 -0.0854 0.9146 1 0.8474 -0.1692 0.1692 -0.1692 0.8308 1 0.5215 0 0
23 31 10183 0 0 0 0 0 1.0108 0 0.9789 0.4352 0.4352 0.4887 0.75 1.1756 0.9582 0.4397 0.5876 0.6933 0.84 2.0026 0.989 0.5417 0.5417 0.5813 0.8967 1.4511 0.0267 0.0267 0.0533 1.0533 1 0.2636 -0.3893 0.3893 -0.292 0.708 0 0.6784 -0.3273 0.3273 -0.3273 0.6727 0 0.4297 0 0
23 32 7177 0 0 0 0 0 1.0067 0 0.9814 -0.1222 0.2513 0.3163 0.9583 1.1869 0.9627 -0.1277 0.3947 0.5056 0.9567 1.9379 0.9863 -0.2154 0.2937 0.3498 0.9367 1.409 -0.0147 0.0147 -0.0295 0.9705 1 0.2721 -0.3252 0.3252 -0.2439 0.7561 1 0.6398 -0.2388 0.2388 -0.2388 0.7612 1 0.4498 0 0
23 33 8603 0 0 0 0 0 1.0031 0 0.9652 0.4068 0.4158 0.4888 0.6667 1.1794 0.963 0.4385 0.5517 0.6657 0.88 2.1193 0.9849 0.3733 0.4044 0.4518 0.9967 1.7596 0.086 0.086 0.1719 1.1719 1 0.2384 0.2332 0.2332 0.1749 1.1749 1 1.0901 0.0119 0.0119 0.0119 1.0119 1 0.5768 0 0
23 34 10792 0 0 0 0 0 1.0054 0 0.9633 0.3659 0.4112 0.4785 0.8333 1.1908 0.969 0.3881 0.5169 0.6608 0.88 2.0502 0.9888 0.337 0.3636 0.4032 1 1.6375 0.0838 0.0838 0.1676 1.1676 1 0.2701 -0.2014 0.2014 -0.151 0.849 1 0.8149 -0.2675 0.2675 -0.2675 0.7325 1 0.4823 0 0
23 35 9128 0 0 0 0 0 1.0042 0 0.9692 -0.1707 0.2634 0.3024 1 1.1544 0.9579 -0.1498 0.4035 0.5389 0.9567 1.9667 0.9821 -0.1221 0.2823 0.3338 1 1.5024 0.0264 0.0264 0.0527 1.0527 1 0.2525 -0.214 0.214 -0.1605 0.8395 1 0.759 -0.2019 0.2019 -0.2019 0.7981 1 0.4665 0 0
23 36 7516 0 0 0 0 0 1.0071 0 0.9607 0.342 0.3539 0.4291 0.7917 1.1654 0.9627 0.3302 0.4614 0.5782 0.9167 2.0587 0.9874 0.3026 0.332 0.3813 1 1.5583 0.023 0.023 0.0461 1.0461 1 0.267 -0.1001 0.1001 -0.0751 0.9249 1 0.812 -0.1164 0.1164 -0.1164 0.8836 1 0.5286 0 0
23 37 7063 0 0 0 0 0 1.0032 0 0.9668 0.177 0.2708 0.3229 0.9583 1.174 0.9644 0.1928 0.4191 0.5273 0.9733 2.0522 0.9926 0.2615 0.2615 0.3295 1 1.4489 -0.0399 0.0399 -0.0798 0.9202 1 0.2698 -0.1802 0.1802 -0.1351 0.8649 1 0.728 -0.101 0.101 -0.101 0.899 1 0.5168 0 0
23 38 7785 0 0 0 0 0 1.0058 0 0.9864 0.6174 0.6174 0.6418 0.5417 1.1766 0.9488 0.5869 0.6511 0.7711 0.7833 1.9809 0.9776 0.6423 0.6645 0.7637 0.5433 1.4674 0.0205 0.0205 0.0411 1.0411 1 0.2545 -0.1794 0.1794 -0.1345 0.8655 1 0.7631 -0.1687 0.1687 -0.1687 0.8313 1 0.5062 0 0
23 39 6809 0 0 0 0 0 1.0061 0 0.9595 -0.1489 0.2763 0.3684 0.875 1.1629 0.9566 -0.1833 0.4241 0.5573 0.9367 1.8951 0.9913 0.2272 0.2861 0.3413 0.9133 1.3083 -0.0458 0.0458 -0.0916 0.9084 1 0.2718 -0.4852 0.4852 -0.3639 0.6361 0 0.5707 -0.3342 0.3342 -0.3342 0.6658 0 0.4178 0 0
23 40 7372 0 0 0 0 0 1.0052 0 0.9674 0.1265 0.2219 0.2985 0.9167 1.1766 0.9658 0.106 0.3964 0.5076 0.94 1.9801 0.994 0.3723 0.3727 0.4198 1 1.5529 0.0565 0.0565 0.1129 1.1129 1 0.2476 -0.1967 0.1967 -0.1476 0.8524 1 0.7621 -0.2264 0.2264 -0.2264 0.7736 1 0.4634 0 0
23 41 7745 0 0 0 0 0 1.0038 0 0.9815 0.5881 0.5881 0.6266 0.4167 1.2048 0.9595 0.5197 0.6062 0.7272 0.8433 2.0199 0.9685 0.612 0.6153 0.7504 0.5767 1.4958 0.0033 0.0033 0.0065 1.0065 1 0.2789 -0.0977 0.0977 -0.0733 0.9267 1 0.8316 -0.091 0.091 -0.091 0.909 1 0.5269 0 0
23 42 5532 0 0 0 0 0 1.0039 0 0.9723 0.241 0.2917 0.3577 0.9167 1.1541 0.9604 0.2573 0.4325 0.5462 0.9333 1.9776 0.9839 0.3699 0.4016 0.4648 0.7167 1.3143 -0.0909 0.0909 -0.1819 0.8181 1 0.2912 -0.3639 0.3639 -0.2729 0.7271 0 0.6227 -0.2015 0.2015 -0.2015 0.7985 1 0.4791 0 0
23 43 7847 0 0 0 0 0 1.0057 0 0.9721 -0.0057 0.2392 0.2952 1 1.182 0.9555 0.0427 0.3936 0.5097 0.94 1.9189 0.9858 -0.0119 0.2923 0.3227 1 1.406 3e-04 3e-04 5e-04 1.0005 1 0.2653 -0.3268 0.3268 -0.2451 0.7549 1 0.6664 -0.2549 0.2549 -0.2549 0.7451 0 0.4514 0 0
23 44 8840 0 0 0 0 0 1.0019 0 0.9826 0.6946 0.6946 0.7811 0.5 1.2938 0.9568 0.5992 0.6881 0.8155 0.7533 1.9843 0.986 0.4875 0.5051 0.5743 0.83 1.5129 0.0342 0.0342 0.0684 1.0684 1 0.2604 -0.2575 0.2575 -0.1932 0.8068 1 0.7667 -0.2422 0.2422 -0.2422 0.7578 1 0.4747 0 0
23 45 7647 0 0 0 0 0 1.0103 0 0.9762 0.1995 0.3045 0.3717 0.9167 1.1853 0.9652 0.1701 0.4224 0.5309 0.9567 2.0848 0.9898 -0.005 0.158 0.2192 1 1.4302 -0.0894 0.0894 -0.1788 0.8212 1 0.2729 -0.0371 0.0371 -0.0278 0.9722 1 0.804 0.0671 0.0671 0.0671 1.0671 1 0.6171 0 0
23 46 8334 0 0 0 0 0 1.0042 0 0.9788 -0.1798 0.2962 0.3774 0.8333 1.2091 0.97 -0.1534 0.4443 0.561 0.95 2.016 0.9594 -0.0332 0.337 0.4059 0.9167 1.5583 0.0609 0.0609 0.1218 1.1218 1 0.2535 -0.1716 0.1716 -0.1287 0.8713 1 0.7961 -0.2158 0.2158 -0.2158 0.7842 1 0.4789 0 0
23 47 7032 0 0 0 0 0 1.0061 0 0.9883 0.3217 0.3311 0.3981 0.8333 1.1629 0.9625 0.3472 0.4931 0.6209 0.9 1.9987 0.9887 0.0906 0.199 0.245 1 1.3441 -0.0969 0.0969 -0.1939 0.8061 1 0.2855 -0.2833 0.2833 -0.2125 0.7875 1 0.6732 -0.1295 0.1295 -0.1295 0.8705 1 0.5199 0 0
23 48 7959 0 0 0 0 0 1.0029 0 0.9658 0.1512 0.2431 0.3259 0.9167 1.2117 0.9702 0.1428 0.3994 0.5089 0.9667 2.1573 0.9962 0.2462 0.2464 0.2853 1 1.495 -0.0633 0.0633 -0.1266 0.8734 1 0.2777 0.0332 0.0332 0.0249 1.0249 1 0.8772 0.0934 0.0934 0.0934 1.0934 1 0.6409 0 0
23 49 8636 0 0 0 0 0 1.0053 0 0.9718 0.0679 0.2136 0.2742 0.9583 1.1814 0.9621 0.0653 0.4016 0.5154 0.95 2.0436 0.9833 0.1663 0.2669 0.3423 1 1.5166 -0.017 0.017 -0.034 0.966 1 0.2686 -0.0063 0.0063 -0.0047 0.9953 1 0.7966 0.0051 0.0051 0.0051 1.0051 1 0.5537 0 0
23 50 7932 0 0 0 0 0 1.0022 0 0.9746 0.2252 0.2582 0.327 0.9167 1.1519 0.9577 0.2711 0.4783 0.6093 0.9267 2.173 0.9684 0.2454 0.3879 0.4453 0.9467 1.4981 -0.0794 0.0794 -0.1587 0.8413 1 0.2752 0.0968 0.0968 0.0726 1.0726 1 0.877 0.1648 0.1648 0.1648 1.1648 1 0.663 0 0
23 51 10766 0 0 0 0 0 1.0077 0 0.9696 -0.0674 0.175 0.2265 1 1.1645 0.9653 -0.0811 0.3892 0.4934 0.9667 2.1686 0.9752 -0.0043 0.2361 0.3228 1 1.6783 0.0137 0.0137 0.0275 1.0275 1 0.2598 0.2226 0.2226 0.1669 1.1669 1 1.007 0.1298 0.1298 0.1298 1.1298 1 0.6474 0 0
23 52 8059 0 0 0 0 0 1.0054 0 0.985 -0.001 0.1654 0.2221 1 1.1789 0.969 0.0245 0.3712 0.4777 0.9667 2.0469 0.9911 -0.1273 0.2073 0.2523 1 1.5386 0.0098 0.0098 0.0196 1.0196 1 0.2499 -0.0011 0.0011 -8e-04 0.9992 1 0.8657 -0.0256 0.0256 -0.0256 0.9744 1 0.5661 0 0
23 53 6778 0 0 0 0 0 1.0057 0 0.9861 0.1054 0.1898 0.2198 1 1.1791 0.9643 0.1701 0.4297 0.5459 0.9533 2.1442 0.9961 0.1676 0.206 0.26 1 1.5488 -0.0205 0.0205 -0.0409 0.9591 1 0.2775 0.0216 0.0216 0.0162 1.0162 1 0.8885 0.0298 0.0298 0.0298 1.0298 1 0.5829 0 0
23 54 11884 0 0 0 0 0 1.0056 0 0.9701 -0.1422 0.2329 0.2953 0.9583 1.1822 0.9613 -0.1332 0.4018 0.5151 0.9467 1.9932 0.9816 -0.282 0.296 0.3949 0.9233 1.6002 0.0675 0.0675 0.135 1.135 1 0.2515 -0.1532 0.1532 -0.1149 0.8851 1 0.7751 -0.2114 0.2114 -0.2114 0.7886 1 0.4768 0 0
23 55 8384 0 0 0 0 0 1.0033 0 0.981 0.0786 0.2213 0.2851 1 1.1862 0.966 0.0381 0.3622 0.4673 0.97 2.0298 0.9749 -0.0167 0.2953 0.3602 1 1.463 -0.0386 0.0386 -0.0772 0.9228 1 0.2611 0.0056 0.0056 0.0042 1.0042 1 0.8068 0.0432 0.0432 0.0432 1.0432 1 0.575 0 0
23 56 9211 0 0 0 0 0 1.0028 0 0.9677 -0.147 0.1914 0.2607 0.9583 1.1647 0.9589 -0.1201 0.4252 0.5674 0.94 1.9956 0.9882 -0.3584 0.3676 0.4205 0.9467 1.5351 0.0718 0.0718 0.1436 1.1436 1 0.2721 -0.3058 0.3058 -0.2294 0.7706 1 0.7424 -0.3206 0.3206 -0.3206 0.6794 0 0.425 0 0
23 57 7977 0 0 0 0 0 1.002 0 0.9711 0.0712 0.3524 0.4098 0.875 1.2214 0.9695 0.0554 0.4209 0.5195 0.9567 1.9922 0.985 0.2733 0.2889 0.367 1 1.4765 0.0079 0.0079 0.0158 1.0158 1 0.2656 -0.2037 0.2037 -0.1528 0.8472 1 0.7535 -0.1722 0.1722 -0.1722 0.8278 1 0.4972 0 0
23 58 10173 0 0 0 0 0 1.0033 0 0.9822 0.1426 0.269 0.3728 0.9583 1.2367 0.9683 0.1579 0.4387 0.5524 0.9633 2.1016 0.9898 0.188 0.2328 0.2778 1 1.4234 -0.0804 0.0804 -0.1608 0.8392 1 0.2709 -0.1248 0.1248 -0.0936 0.9064 1 0.7646 -0.0145 0.0145 -0.0145 0.9855 1 0.5807 0 0
23 59 10563 0 0 0 0 0 1.0044 0 0.9822 0.0772 0.1529 0.204 1 1.1677 0.9649 0.0643 0.3669 0.4701 0.97 1.9697 0.9788 -0.0606 0.3307 0.4022 1 1.6562 0.0897 0.0897 0.1795 1.1795 1 0.2331 0.0236 0.0236 0.0177 1.0177 1 0.9322 -0.1288 0.1288 -0.1288 0.8712 1 0.5028 0 0
23 60 10205 0 0 0 0 0 1.0058 0 0.9755 -0.6278 0.6278 0.6498 0.5417 1.1605 0.9619 -0.6132 0.6837 0.8029 0.7867 2.0487 0.975 -0.5955 0.6045 0.6807 0.4567 1.3638 -0.0433 0.0433 -0.0866 0.9134 1 0.2951 -0.4172 0.4172 -0.3129 0.6871 0 0.603 -0.2837 0.2837 -0.2837 0.7163 0 0.4606 0 0
23 61 5953 0 0 0 0 0 1.0056 0 0.972 -0.6183 0.6218 0.7081 0.4583 1.1549 0.9648 -0.4883 0.6292 0.7663 0.7967 1.9513 0.9613 -0.4344 0.4754 0.592 0.6967 1.3524 -0.0592 0.0592 -0.1184 0.8816 1 0.2968 -0.4075 0.4075 -0.3056 0.6944 0 0.6004 -0.2629 0.2629 -0.2629 0.7371 0 0.4588 0 0
23 62 8190 0 0 0 0 0 1.0071 0 0.9853 0.0696 0.1969 0.2363 1 1.1958 0.9607 0.0972 0.3839 0.4914 0.95 1.9959 0.9821 0.4071 0.4107 0.5141 0.7967 1.4241 -0.0273 0.0273 -0.0546 0.9454 1 0.2806 -0.2188 0.2188 -0.1641 0.8359 1 0.7111 -0.1448 0.1448 -0.1448 0.8552 1 0.5135 0 0
23 63 7874 0 0 0 0 0 1.003 0 0.9789 -0.1554 0.2319 0.2951 0.9583 1.1757 0.963 -0.1529 0.4025 0.5246 0.9533 2.042 0.9913 -0.0032 0.1478 0.1885 1 1.5217 0.0144 0.0144 0.0288 1.0288 1 0.2704 -0.1141 0.1141 -0.0856 0.9144 1 0.8089 -0.1153 0.1153 -0.1153 0.8847 1 0.5393 0 0
23 64 8133 0 0 0 0 0 1.004 0 0.9785 -0.5496 0.603 0.7772 0.625 1.2796 0.9614 -0.4444 0.5993 0.7227 0.8133 1.9072 0.9872 -0.3547 0.4662 0.5401 0.75 1.4272 0.0158 0.0158 0.0316 1.0316 1 0.2769 -0.3284 0.3284 -0.2463 0.7537 1 0.6932 -0.2726 0.2726 -0.2726 0.7274 0 0.4519 0 0
23 65 8050 0 0 0 0 0 1.0063 0 0.9801 0.1459 0.2192 0.2749 1 1.1823 0.9684 0.1496 0.3888 0.5124 0.97 2.0893 0.9742 0.2006 0.2882 0.3827 0.8867 1.5415 0.0112 0.0112 0.0224 1.0224 1 0.2691 -0.055 0.055 -0.0413 0.9587 1 0.8317 -0.0675 0.0675 -0.0675 0.9325 1 0.5645 0 0
23 66 7830 0 0 0 0 0 1.0032 0 0.9862 0.2014 0.2809 0.351 0.9583 1.1981 0.9657 0.1757 0.4444 0.5609 0.93 1.9575 0.9923 0.3031 0.3259 0.3705 1 1.3123 -0.0895 0.0895 -0.179 0.821 1 0.279 -0.4137 0.4137 -0.3102 0.6898 0 0.57 -0.243 0.243 -0.243 0.757 0 0.4356 0 0
23 67 9940 0 0 0 0 0 1.0065 0 0.9776 -0.652 0.652 0.6829 0.3333 1.1859 0.9632 -0.6059 0.6723 0.7892 0.7633 2.0823 0.97 -0.7478 0.752 0.8231 0.6633 1.8906 0.1561 0.1561 0.3123 1.3123 0 0.2236 0.1078 0.1078 0.0808 1.0808 1 1.0848 -0.1958 0.1958 -0.1958 0.8042 1 0.4859 0 0
23 68 8963 0 0 0 0 0 1.0041 0 0.9799 0.3977 0.3977 0.4549 0.75 1.1978 0.9647 0.3631 0.5244 0.6528 0.91 2.0374 0.9652 0.2882 0.4142 0.4905 0.9667 1.6909 0.082 0.082 0.1641 1.1641 1 0.2457 0.0439 0.0439 0.0329 1.0329 1 0.9445 -0.1037 0.1037 -0.1037 0.8963 1 0.5462 0 0
23 69 8816 0 0 0 0 0 1.0038 0 0.9892 1.0754 1.0754 1.112 0.0417 1.252 0.9566 0.9905 1.0207 1.1298 0.46 2.0288 0.9826 0.9516 0.9516 0.9981 0.1933 1.3572 -0.0463 0.0463 -0.0925 0.9075 1 0.2737 -0.3579 0.3579 -0.2684 0.7316 0 0.6312 -0.2338 0.2338 -0.2338 0.7662 1 0.4652 0 0
23 70 6925 0 0 0 0 0 1.0034 0 0.9888 -0.4241 0.4376 0.5107 0.7917 1.256 0.9564 -0.4051 0.5159 0.6538 0.8967 2.0493 0.982 -0.5931 0.5946 0.6867 0.6 1.495 -0.0091 0.0091 -0.0183 0.9817 1 0.2601 -0.0469 0.0469 -0.0352 0.9648 1 0.8283 -0.0351 0.0351 -0.0351 0.9649 1 0.5653 0 0
23 71 10538 0 0 0 0 0 1.0026 0 0.9899 0.2291 0.2724 0.3113 1 1.205 0.962 0.1799 0.4281 0.5451 0.9433 2.0269 0.9875 0.1929 0.2717 0.3154 1 1.7047 0.0876 0.0876 0.1751 1.1751 1 0.236 0.0924 0.0924 0.0693 1.0693 1 0.9979 -0.0816 0.0816 -0.0816 0.9184 1 0.5312 0 0
23 72 10028 0 0 0 0 0 1.0042 0 0.9659 0.1876 0.2314 0.2964 0.9167 1.1684 0.954 0.1258 0.4422 0.5779 0.9367 2.1205 0.9711 0.0897 0.2952 0.3508 1 1.5749 0.015 0.015 0.03 1.03 1 0.2615 0.0656 0.0656 0.0492 1.0492 1 0.9121 0.0147 0.0147 0.0147 1.0147 1 0.5936 0 0
23 73 7472 0 0 0 0 0 1.0036 0 0.9765 -0.1117 0.2751 0.3414 0.875 1.156 0.966 -0.0915 0.4301 0.5476 0.9467 2.0214 0.9864 -0.1 0.1922 0.253 1 1.3461 -0.0946 0.0946 -0.1891 0.8109 1 0.2742 -0.2286 0.2286 -0.1714 0.8286 1 0.6749 -0.0857 0.0857 -0.0857 0.9143 1 0.5279 0 0
23 74 8939 0 0 0 0 0 1.0025 0 0.9582 0.1898 0.2678 0.3371 0.9583 1.1625 0.9626 0.1875 0.4274 0.5395 0.96 2.0937 0.9941 0.1845 0.1937 0.2401 1 1.5344 -0.0056 0.0056 -0.0112 0.9888 1 0.2736 -0.0361 0.0361 -0.0271 0.9729 1 0.8652 -0.0335 0.0335 -0.0335 0.9665 1 0.5571 0 0
23 75 5738 0 0 0 0 0 1.0109 0 0.9864 -0.2777 0.2861 0.3279 0.9583 1.1511 0.9597 -0.2471 0.4524 0.5704 0.9367 2.0526 0.9818 -0.2916 0.3123 0.3999 0.86 1.348 -0.1242 0.1242 -0.2484 0.7516 1 0.2873 -0.2431 0.2431 -0.1824 0.8176 1 0.6661 -0.0732 0.0732 -0.0732 0.9268 1 0.5272 0 0
23 76 8085 0 0 0 0 0 1.0043 0 0.9747 0.7704 0.7704 0.8241 0.3333 1.2161 0.9662 0.704 0.7432 0.8547 0.7367 2.1337 0.9848 0.7088 0.7088 0.7505 0.58 1.4729 -0.0534 0.0534 -0.1067 0.8933 1 0.2921 -0.1272 0.1272 -0.0954 0.9046 1 0.7706 -0.0458 0.0458 -0.0458 0.9542 1 0.5775 0 0
23 77 7387 0 0 0 0 0 1.0053 0 0.9743 -0.3478 0.3565 0.4227 0.75 1.1708 0.9542 -0.3448 0.5001 0.6204 0.8833 2.0362 0.9858 -0.3765 0.4073 0.4979 0.7633 1.2834 -0.1998 0.1998 -0.3997 0.6003 0 0.2812 -0.1902 0.1902 -0.1426 0.8574 1 0.683 0.0324 0.0324 0.0324 1.0324 1 0.5798 0 0
23 78 8129 0 0 0 0 0 1.0052 0 0.9871 -0.021 0.1793 0.2178 1 1.1707 0.9644 -0.014 0.3538 0.4393 0.9767 1.9488 0.9897 -0.0157 0.2122 0.2479 1 1.3669 -0.0363 0.0363 -0.0726 0.9274 1 0.2715 -0.3721 0.3721 -0.2791 0.7209 0 0.5961 -0.2533 0.2533 -0.2533 0.7467 0 0.444 0 0
23 79 7092 0 0 0 0 0 1.0037 0 0.9815 -0.3066 0.3304 0.3876 0.9583 1.1753 0.9594 -0.2723 0.4456 0.5446 0.9233 1.9597 0.9867 -0.3103 0.3867 0.4482 0.8767 1.3813 -0.0411 0.0411 -0.0822 0.9178 1 0.2638 -0.2461 0.2461 -0.1846 0.8154 1 0.6736 -0.1507 0.1507 -0.1507 0.8493 1 0.5014 0 0
23 80 7138 0 0 0 0 0 1.0088 0 0.9812 0.0554 0.2805 0.3658 0.9167 1.2207 0.9628 0.0743 0.4387 0.5679 0.9233 1.9938 0.951 0.1586 0.3509 0.4666 0.8633 1.3786 -0.0709 0.0709 -0.1418 0.8582 1 0.2782 -0.2873 0.2873 -0.2155 0.7845 1 0.6665 -0.1559 0.1559 -0.1559 0.8441 1 0.5068 0 0
23 81 10030 0 0 0 0 0 1.0067 0 0.9695 0.2176 0.2448 0.3197 0.9167 1.1595 0.9618 0.1332 0.423 0.5267 0.9667 2.186 0.995 -0.0195 0.1133 0.1548 1 1.7377 0.0296 0.0296 0.0592 1.0592 1 0.2443 0.4589 0.4589 0.3442 1.3442 1 1.131 0.2738 0.2738 0.2738 1.2738 1 0.7007 0 0
23 82 7821 0 0 0 0 0 1.0053 0 0.9466 0.397 0.4118 0.4854 0.7083 1.1556 0.963 0.3803 0.4868 0.5948 0.8933 2.0612 0.9907 0.3957 0.4014 0.4754 0.84 1.4453 -0.0534 0.0534 -0.1068 0.8932 1 0.281 -0.0939 0.0939 -0.0705 0.9295 1 0.7993 -0.0195 0.0195 -0.0195 0.9805 1 0.5662 0 0
23 83 8486 0 0 0 0 0 1.0054 0 0.963 -0.0202 0.1835 0.2452 1 1.1709 0.9597 -0.0685 0.4363 0.5638 0.9333 2.1421 0.976 -0.024 0.2737 0.3302 1 1.7709 0.0939 0.0939 0.1878 1.1878 1 0.24 0.1784 0.1784 0.1338 1.1338 1 1.0587 -0.0383 0.0383 -0.0383 0.9617 1 0.593 0 0
23 84 8079 0 0 0 0 0 1.0058 0 0.9788 0.3415 0.3548 0.3934 0.9583 1.1685 0.961 0.3609 0.4881 0.6137 0.92 2.0965 0.9916 0.2102 0.2216 0.3018 1 1.5451 -0.0222 0.0222 -0.0443 0.9557 1 0.2709 0.0525 0.0525 0.0394 1.0394 1 0.8935 0.0559 0.0559 0.0559 1.0559 1 0.6038 0 0
23 85 10572 0 0 0 0 0 1.0021 0 0.9756 -0.1896 0.2752 0.3586 0.875 1.2048 0.9647 -0.1771 0.4257 0.5374 0.9333 1.9961 0.9698 -0.1978 0.3293 0.3976 1 1.8753 0.1551 0.1551 0.3101 1.3101 0 0.2332 0.0692 0.0692 0.0519 1.0519 1 1.1027 -0.2171 0.2171 -0.2171 0.7829 1 0.5108 0 0
23 86 8700 0 0 0 0 0 1.0026 0 0.9765 0.0445 0.1924 0.2241 1 1.1612 0.9621 0.0177 0.4236 0.53 0.9567 2.0873 0.9819 -0.0188 0.2297 0.2704 1 1.5964 0.0395 0.0395 0.0791 1.0791 1 0.2495 0.068 0.068 0.051 1.051 1 0.9455 -0.0204 0.0204 -0.0204 0.9796 1 0.5668 0 0
23 87 12293 0 0 0 0 0 1.0034 0 0.9809 0.3846 0.3846 0.4276 0.8333 1.1637 0.9655 0.3772 0.5101 0.6253 0.8967 2.0875 0.961 0.4536 0.4734 0.6028 0.85 1.515 -4e-04 4e-04 -8e-04 0.9992 1 0.2514 -0.1734 0.1734 -0.1301 0.8699 1 0.7481 -0.1394 0.1394 -0.1394 0.8606 1 0.5115 0 0
23 88 8301 0 0 0 0 0 1.0044 0 0.9804 -0.0312 0.2256 0.2928 0.9583 1.1957 0.9639 0.0082 0.3653 0.4765 0.96 2 0.9812 0.0792 0.2585 0.3599 0.9967 1.678 0.0793 0.0793 0.1585 1.1585 1 0.2335 0.0711 0.0711 0.0533 1.0533 1 0.9468 -0.0804 0.0804 -0.0804 0.9196 1 0.5446 0 0
23 89 7209 0 0 0 0 0 1.0086 0 0.9887 0.0725 0.1831 0.2326 0.9583 1.2218 0.9695 0.0758 0.3748 0.4633 0.9733 2.0822 0.9743 0.2451 0.367 0.413 1 1.3885 -0.1029 0.1029 -0.2059 0.7941 1 0.2752 -0.2357 0.2357 -0.1768 0.8232 1 0.6974 -0.0845 0.0845 -0.0845 0.9155 1 0.5378 0 0
23 90 7588 0 0 0 0 0 1.0043 0 0.9817 0.3808 0.3815 0.43 0.8333 1.1536 0.9568 0.3474 0.5143 0.6486 0.8967 2.1151 0.9951 0.4501 0.454 0.4714 1 1.5831 0.0156 0.0156 0.0313 1.0313 1 0.2689 0.0024 0.0024 0.0018 1.0018 1 0.8709 -0.0325 0.0325 -0.0325 0.9675 1 0.5888 0 0
23 91 8816 0 0 0 0 0 1.0059 0 0.9806 0.3664 0.3866 0.4524 0.75 1.1994 0.9644 0.4068 0.5123 0.6364 0.9067 2.1199 0.9819 0.2477 0.3029 0.367 1 1.6849 0.0313 0.0313 0.0627 1.0627 1 0.2495 0.233 0.233 0.1747 1.1747 1 1.0546 0.1091 0.1091 0.1091 1.1091 1 0.6463 0 0
23 92 7203 0 0 0 0 0 1.0038 0 0.9804 0.3451 0.4996 0.6653 0.7917 1.2765 0.9642 0.2924 0.5165 0.6665 0.8567 1.8549 0.9803 0.1042 0.2502 0.302 0.99 1.2982 0.0017 0.0017 0.0034 1.0034 1 0.309 -0.6731 0.6731 -0.5048 0.4952 0 0.4691 -0.5134 0.5134 -0.5134 0.4866 0 0.3321 0 0
23 93 8411 0 0 0 0 0 1.0036 0 0.9758 -0.025 0.1763 0.2157 1 1.1514 0.9611 -0.0284 0.3853 0.4878 0.9767 1.9725 0.9621 0.1236 0.4071 0.476 0.95 1.5982 0.0523 0.0523 0.1047 1.1047 1 0.2476 -0.0284 0.0284 -0.0213 0.9787 1 0.8815 -0.1068 0.1068 -0.1068 0.8932 1 0.5036 0 0
23 94 7645 0 0 0 0 0 1.0115 0 0.9774 0.598 0.598 0.6398 0.5833 1.2098 0.9648 0.6237 0.6619 0.7801 0.7933 2.096 0.9859 0.6978 0.6979 0.7429 0.6 1.645 0.0605 0.0605 0.1209 1.1209 1 0.2591 0.0592 0.0592 0.0444 1.0444 1 0.9755 -0.0603 0.0603 -0.0603 0.9397 1 0.575 0 0
23 95 9887 0 0 0 0 0 1.0042 0 0.985 0.2666 0.2883 0.3518 0.875 1.1963 0.9643 0.2325 0.4481 0.5788 0.93 2.0284 0.9817 0.239 0.3199 0.3664 1 1.7459 0.1009 0.1009 0.2018 1.2018 1 0.2373 0.068 0.068 0.051 1.051 1 0.9642 -0.1199 0.1199 -0.1199 0.8801 1 0.5131 0 0
23 96 8032 0 0 0 0 0 1.0091 0 0.9789 -0.4005 0.4237 0.4625 0.7917 1.1885 0.9657 -0.3836 0.5028 0.613 0.9 2.0334 0.986 -0.3195 0.3202 0.4008 1 1.4283 -0.0382 0.0382 -0.0763 0.9237 1 0.27 -0.2314 0.2314 -0.1736 0.8264 1 0.6988 -0.1425 0.1425 -0.1425 0.8575 1 0.5165 0 0
23 97 8303 0 0 0 0 0 1.0018 0 0.9894 -1.0834 1.0834 1.1049 0 1.2155 0.9577 -0.9379 1.0025 1.1217 0.5033 2.0897 0.9916 -0.9369 0.9369 0.9563 0.0833 1.4775 0.0038 0.0038 0.0076 1.0076 1 0.2799 -0.2353 0.2353 -0.1765 0.8235 1 0.7394 -0.1921 0.1921 -0.1921 0.8079 1 0.5099 0 0
23 98 6525 0 0 0 0 0 1.0074 0 0.9863 -0.1252 0.211 0.2454 1 1.1582 0.9618 -0.0528 0.3982 0.5055 0.95 1.9615 0.9725 0.0324 0.3319 0.3756 0.9833 1.4431 0.002 0.002 0.004 1.004 1 0.2634 -0.2352 0.2352 -0.1764 0.8236 1 0.7072 -0.1882 0.1882 -0.1882 0.8118 1 0.4961 0 0
23 99 8277 0 0 0 0 0 1.0028 0 0.9709 -0.0725 0.2237 0.2801 0.9583 1.1771 0.963 -0.1176 0.4166 0.5465 0.9633 2.0523 0.9765 -0.0703 0.2707 0.3226 1 1.435 -0.0356 0.0356 -0.0712 0.9288 1 0.2769 -0.262 0.262 -0.1965 0.8035 1 0.6999 -0.1693 0.1693 -0.1693 0.8307 1 0.5105 0 0
23 100 8992 0 0 0 0 0 1.0041 0 0.9899 0.1672 0.1957 0.2363 1 1.1624 0.9585 0.1852 0.4175 0.5332 0.95 2.1288 0.9435 0.3402 0.4934 0.5863 0.6933 1.4886 -0.0735 0.0735 -0.147 0.853 1 0.267 0.1276 0.1276 0.0957 1.0957 1 0.8657 0.1837 0.1837 0.1837 1.1837 1 0.6489 0 0
23 101 7350 0 0 0 0 0 1.003 0 0.9808 0.562 0.562 0.64 0.625 1.2279 0.9613 0.5459 0.6257 0.7349 0.8267 2.0253 0.9734 0.435 0.4724 0.6024 0.6867 1.4881 -0.0143 0.0143 -0.0286 0.9714 1 0.2503 -0.049 0.049 -0.0368 0.9632 1 0.7971 -0.0289 0.0289 -0.0289 0.9711 1 0.5539 0 0
23 102 9936 0 0 0 0 0 1.0054 0 0.9874 0.0626 0.1497 0.1895 1 1.1616 0.9628 0.0326 0.409 0.5245 0.96 1.9893 0.9879 0.1319 0.19 0.2573 1 1.6322 0.0939 0.0939 0.1879 1.1879 1 0.2584 -0.1356 0.1356 -0.1017 0.8983 1 0.8764 -0.2381 0.2381 -0.2381 0.7619 1 0.4942 0 0
23 103 8997 0 0 0 0 0 1.0028 0 0.9741 -0.1759 0.2239 0.2744 0.9583 1.1496 0.9663 -0.2204 0.4333 0.5397 0.9433 2.0363 0.9705 0.0703 0.3093 0.3713 1 1.8262 0.128 0.128 0.256 1.256 0 0.2319 0.1758 0.1758 0.1318 1.1318 1 1.1542 -0.1044 0.1044 -0.1044 0.8956 1 0.5363 0 0
23 104 8916 0 0 0 0 0 1.0017 0 0.9769 0.2264 0.2551 0.3115 0.9583 1.2031 0.9687 0.2653 0.439 0.5578 0.9667 2.2682 0.9877 0.2936 0.3394 0.431 0.96 1.5309 -0.0739 0.0739 -0.1477 0.8523 1 0.275 0.1193 0.1193 0.0894 1.0894 1 0.9019 0.1765 0.1765 0.1765 1.1765 1 0.669 0 0
23 105 5650 0 0 0 0 0 1.0066 0 0.9799 0.6643 0.6643 0.7125 0.3333 1.2255 0.967 0.6185 0.6643 0.7799 0.7833 2.0342 0.9822 0.3303 0.3616 0.4306 0.8533 1.4449 -0.0413 0.0413 -0.0826 0.9174 1 0.2672 -0.2 0.2 -0.15 0.85 1 0.7239 -0.1148 0.1148 -0.1148 0.8852 1 0.5302 0 0
23 106 6558 0 0 0 0 0 1.0065 0 0.9793 0.2778 0.3319 0.3782 0.9583 1.1933 0.9616 0.3131 0.4665 0.582 0.9167 2.0167 0.9753 0.0888 0.2561 0.3499 0.9733 1.4037 -0.0785 0.0785 -0.157 0.843 1 0.2636 -0.1783 0.1783 -0.1337 0.8663 1 0.7004 -0.0593 0.0593 -0.0593 0.9407 1 0.535 0 0
23 107 7185 0 0 0 0 0 1.0036 0 0.9829 0.8969 0.8969 0.9171 0.0417 1.1809 0.9611 0.9176 0.9381 1.0443 0.5733 2.1833 0.9809 0.9704 0.9704 1.0141 0 1.3499 -0.1368 0.1368 -0.2735 0.7265 1 0.2949 -0.2465 0.2465 -0.1849 0.8151 1 0.669 -0.0661 0.0661 -0.0661 0.9339 1 0.5381 0 0
23 108 8839 0 0 0 0 0 1.0035 0 0.9769 -0.0663 0.1886 0.2332 1 1.1373 0.9589 -0.0312 0.3913 0.5153 0.95 2.0389 0.9759 0.021 0.3334 0.4071 1 1.7933 0.0987 0.0987 0.1975 1.1975 1 0.2461 0.3146 0.3146 0.2359 1.2359 1 1.1376 0.0381 0.0381 0.0381 1.0381 1 0.5835 0 0
23 109 10795 0 0 0 0 0 1.0031 0 0.9924 0.5478 0.5478 0.5752 0.6667 1.1824 0.9641 0.4991 0.5927 0.7157 0.8533 2.0156 0.9909 0.4067 0.4072 0.449 0.9333 1.5422 0.0379 0.0379 0.0758 1.0758 1 0.2597 -0.1878 0.1878 -0.1409 0.8591 1 0.7817 -0.1971 0.1971 -0.1971 0.8029 1 0.4884 0 0
23 110 9441 0 0 0 0 0 1.0098 0 0.9847 -0.4702 0.4702 0.5218 0.7917 1.2463 0.9606 -0.5039 0.6238 0.7496 0.87 2.2647 0.9813 -0.5989 0.6143 0.6933 0.57 1.4938 -0.1162 0.1162 -0.2324 0.7676 1 0.2743 0.0814 0.0814 0.0611 1.0611 1 0.9057 0.1962 0.1962 0.1962 1.1962 1 0.7368 0 0
23 111 8077 0 0 0 0 0 1.0049 0 0.9714 0.6884 0.6884 0.7361 0.3333 1.2364 0.9577 0.7084 0.7546 0.893 0.73 2.1508 0.9599 0.6577 0.6577 0.7774 0.6967 1.5946 0.0094 0.0094 0.0188 1.0188 1 0.2736 -0.049 0.049 -0.0367 0.9633 1 0.8502 -0.0617 0.0617 -0.0617 0.9383 1 0.5634 0 0
23 112 10565 0 0 0 0 0 1.0034 0 0.9793 0.0501 0.1959 0.235 1 1.1933 0.9677 0.0867 0.3794 0.4934 0.96 2.0839 0.9819 0.109 0.255 0.3006 1 1.998 0.1528 0.1528 0.3056 1.3056 0 0.2143 0.4084 0.4084 0.3063 1.3063 1 1.2816 -0.02 0.02 -0.02 0.98 1 0.5822 0 0
23 113 13255 0 0 0 0 0 1.0036 0 0.9698 -0.293 0.3142 0.414 0.75 1.2147 0.9665 -0.3096 0.4708 0.5818 0.9133 2.0894 0.996 -0.4158 0.4158 0.4397 1 1.6989 0.0734 0.0734 0.1469 1.1469 1 0.2498 0.0646 0.0646 0.0484 1.0484 1 0.9521 -0.0756 0.0756 -0.0756 0.9244 1 0.5685 0 0
23 114 8528 0 0 0 0 0 1.0052 0 0.98 -0.5417 0.563 0.6155 0.5417 1.2064 0.9683 -0.5611 0.609 0.7432 0.8867 2.224 0.9674 -0.5942 0.5942 0.7026 0.8 1.8364 0.0583 0.0583 0.1165 1.1165 1 0.2547 0.4838 0.4838 0.3629 1.3629 1 1.2348 0.2308 0.2308 0.2308 1.2308 1 0.7048 0 0
23 115 10720 0 0 0 0 0 1.0053 0 0.9811 -0.2312 0.2781 0.3595 0.9167 1.2417 0.9632 -0.2171 0.4514 0.5805 0.93 2.0871 0.9774 -0.2898 0.3282 0.4179 0.97 1.6342 0.049 0.049 0.098 1.098 1 0.2461 0.0659 0.0659 0.0494 1.0494 1 0.951 -0.0362 0.0362 -0.0362 0.9638 1 0.5689 0 0
23 116 8046 0 0 0 0 0 1.0025 0 0.9851 0.079 0.1798 0.2283 1 1.1526 0.961 0.0355 0.3861 0.5015 0.97 1.978 0.9961 -0.2036 0.2394 0.2757 1 1.4586 0.0095 0.0095 0.0191 1.0191 1 0.2671 -0.1956 0.1956 -0.1467 0.8533 1 0.7467 -0.1687 0.1687 -0.1687 0.8313 1 0.5045 0 0
23 117 8247 0 0 0 0 0 1.0038 0 0.9144 0.2962 0.3666 0.4585 0.7917 1.17 0.9583 0.3154 0.4639 0.5783 0.9233 2.057 0.9839 0.426 0.426 0.5018 0.7933 1.4862 -0.01 0.01 -0.0201 0.9799 1 0.2499 -0.1708 0.1708 -0.1281 0.8719 1 0.7667 -0.1262 0.1262 -0.1262 0.8738 1 0.527 0 0
23 118 8323 0 0 0 0 0 1.0108 0 0.9824 -0.4525 0.4525 0.5063 0.6667 1.1565 0.9642 -0.4742 0.5348 0.6494 0.9033 2.0573 0.9906 -0.3988 0.4471 0.4987 0.9367 1.6464 0.0415 0.0415 0.0831 1.0831 1 0.2409 0.1647 0.1647 0.1235 1.1235 1 0.9294 0.0454 0.0454 0.0454 1.0454 1 0.5846 0 0
23 119 8294 0 0 0 0 0 1.0046 0 0.9738 0.9181 0.9181 0.9727 0.1667 1.1884 0.9539 0.8408 0.865 0.9816 0.6 2.0567 0.9696 0.6537 0.682 0.767 0.6267 1.4501 -0.0587 0.0587 -0.1174 0.8826 1 0.2737 -0.0939 0.0939 -0.0704 0.9296 1 0.7794 -0.0134 0.0134 -0.0134 0.9866 1 0.5657 0 0
23 120 9515 0 0 0 0 0 1.0044 0 0.974 0.2667 0.2959 0.4001 0.875 1.1886 0.9671 0.2368 0.4032 0.5326 0.94 2.1125 0.9935 0.2957 0.2973 0.344 1 1.5288 -0.0222 0.0222 -0.0444 0.9556 1 0.261 0.0844 0.0844 0.0633 1.0633 1 0.9035 0.0818 0.0818 0.0818 1.0818 1 0.6222 0 0
23 121 8266 0 0 0 0 0 1.004 0 0.9809 -0.2289 0.312 0.3792 0.9167 1.197 0.9638 -0.2373 0.426 0.5468 0.93 2.0494 0.985 -0.2243 0.3086 0.3821 0.9 1.5911 0.0286 0.0286 0.0572 1.0572 1 0.2514 0.1128 0.1128 0.0846 1.0846 1 0.9465 0.0292 0.0292 0.0292 1.0292 1 0.5948 0 0
23 122 9542 0 0 0 0 0 1.0041 0 0.9901 0.6844 0.6844 0.7018 0.2917 1.1827 0.9567 0.687 0.7146 0.8347 0.74 2.0672 0.9876 0.5027 0.5027 0.5805 0.6933 1.4478 -0.0527 0.0527 -0.1054 0.8946 1 0.2639 -0.0475 0.0475 -0.0356 0.9644 1 0.8266 0.0173 0.0173 0.0173 1.0173 1 0.5851 0 0
23 123 8058 0 0 0 0 0 1.0055 0 0.9789 0.1695 0.2473 0.3332 0.8333 1.1667 0.9657 0.1528 0.3821 0.4898 0.9533 2.0101 0.9955 0.0779 0.1654 0.2109 1 1.4362 -0.0418 0.0418 -0.0836 0.9164 1 0.26 -0.0996 0.0996 -0.0747 0.9253 1 0.8004 -0.0357 0.0357 -0.0357 0.9643 1 0.5702 0 0
23 124 11128 0 0 0 0 0 1.0042 0 0.9695 -0.3593 0.3598 0.4648 0.875 1.187 0.951 -0.4063 0.5467 0.6805 0.8667 1.9825 0.9835 -0.4042 0.4326 0.4994 0.92 1.5343 0.048 0.048 0.096 1.096 1 0.2681 -0.1768 0.1768 -0.1326 0.8674 1 0.7827 -0.2039 0.2039 -0.2039 0.7961 1 0.4693 0 0
23 125 11450 0 0 0 0 0 1.0046 0 0.9719 0.2406 0.2721 0.3401 0.875 1.1632 0.9568 0.2752 0.4553 0.5674 0.9067 1.9559 0.9883 0.2162 0.3035 0.3547 1 1.5019 0.0443 0.0443 0.0885 1.0885 1 0.2646 -0.2334 0.2334 -0.175 0.825 1 0.7747 -0.2371 0.2371 -0.2371 0.7629 1 0.4657 0 0
23 126 8245 0 0 0 0 0 1.0071 0 0.9829 0.3141 0.3485 0.3984 0.875 1.162 0.9642 0.2771 0.4466 0.5578 0.9133 1.9439 0.9709 0.0986 0.2962 0.3863 0.9233 1.5933 0.0902 0.0902 0.1805 1.1805 1 0.2443 -0.1087 0.1087 -0.0815 0.9185 1 0.8476 -0.2145 0.2145 -0.2145 0.7855 1 0.4707 0 0
23 127 6699 0 0 0 0 0 1.0062 0 0.9812 0.1495 0.2155 0.2646 1 1.1236 0.9595 0.0973 0.3745 0.4801 0.96 1.9696 0.9956 0.378 0.4175 0.4942 0.99 1.5893 0.0635 0.0635 0.1271 1.1271 1 0.2492 -0.003 0.003 -0.0022 0.9978 1 0.8776 -0.105 0.105 -0.105 0.895 1 0.5204 0 0
23 128 10625 0 0 0 0 0 1.0041 0 0.9845 -0.3363 0.3367 0.4106 0.9167 1.1911 0.957 -0.2882 0.4714 0.5899 0.9167 2.0546 0.9916 -0.4195 0.4195 0.4705 0.8667 1.4739 -0.0271 0.0271 -0.0541 0.9459 1 0.2659 -0.0935 0.0935 -0.0701 0.9299 1 0.763 -0.0482 0.0482 -0.0482 0.9518 1 0.5442 0 0
23 129 7062 0 0 0 0 0 1.0023 0 0.9892 -0.1222 0.2442 0.2966 0.9583 1.1981 0.964 -0.1424 0.3931 0.5019 0.9633 1.9428 0.9891 -0.169 0.2604 0.3085 1 1.4592 0.0126 0.0126 0.0251 1.0251 1 0.2724 -0.2953 0.2953 -0.2215 0.7785 1 0.7015 -0.2452 0.2452 -0.2452 0.7548 1 0.4685 0 0
23 130 8994 0 0 0 0 0 1.0031 0 0.9637 -0.0661 0.1869 0.2355 0.9583 1.1232 0.9592 -0.0332 0.4047 0.5216 0.95 2.0139 0.9791 0.0339 0.2413 0.3159 1 1.5076 0.0186 0.0186 0.0372 1.0372 1 0.2504 -0.0918 0.0918 -0.0689 0.9311 1 0.8147 -0.1034 0.1034 -0.1034 0.8966 1 0.5537 0 0
23 131 10640 0 0 0 0 0 1.0055 0 0.9644 -0.5613 0.5613 0.626 0.5417 1.1749 0.9567 -0.5214 0.5904 0.7164 0.8333 1.9761 0.9836 -0.4537 0.4819 0.5971 0.6933 1.5094 0.0082 0.0082 0.0165 1.0165 1 0.2663 -0.153 0.153 -0.1148 0.8852 1 0.7544 -0.1357 0.1357 -0.1357 0.8643 1 0.4931 0 0
23 132 8851 0 0 0 0 0 1.0035 0 0.9709 -0.0376 0.2291 0.2825 0.9167 1.1684 0.963 -0.0678 0.4316 0.5513 0.9567 1.9378 0.9548 -0.2664 0.4487 0.5176 0.93 1.7006 0.1363 0.1363 0.2727 1.2727 0 0.2338 -0.1282 0.1282 -0.0962 0.9038 1 0.8591 -0.2965 0.2965 -0.2965 0.7035 0 0.4327 0 0
23 133 9441 0 0 0 0 0 1.0038 0 0.9849 -0.4375 0.4398 0.4915 0.7083 1.1918 0.9546 -0.384 0.4977 0.6172 0.85 1.8929 0.9756 -0.1711 0.4341 0.5074 0.8267 1.6153 0.103 0.103 0.206 1.206 1 0.2534 -0.1419 0.1419 -0.1065 0.8935 1 0.855 -0.2555 0.2555 -0.2555 0.7445 0 0.4515 0 0
23 134 7968 0 0 0 0 0 1.0018 0 0.9823 0.5289 0.5289 0.565 0.5833 1.177 0.9565 0.5114 0.6194 0.7458 0.85 2.1506 0.9786 0.4616 0.462 0.5459 0.8567 1.6384 0.0306 0.0306 0.0613 1.0613 1 0.2516 0.1207 0.1207 0.0905 1.0905 1 0.9419 0.0315 0.0315 0.0315 1.0315 1 0.6095 0 0
23 135 8273 0 0 0 0 0 1.0039 0 0.9856 -0.2164 0.2404 0.3144 0.9583 1.1714 0.9648 -0.1949 0.4408 0.5547 0.9533 2.032 0.9793 -0.2132 0.3015 0.3617 1 1.4917 8e-04 8e-04 0.0017 1.0017 1 0.2586 -0.1713 0.1713 -0.1285 0.8715 1 0.7388 -0.1394 0.1394 -0.1394 0.8606 1 0.5143 0 0
23 136 11095 0 0 0 0 0 1.0035 0 0.9645 -0.1946 0.2515 0.3057 0.9583 1.1402 0.9559 -0.1306 0.4112 0.5358 0.9367 1.9464 0.9779 -0.1075 0.3041 0.3561 1 1.574 0.0807 0.0807 0.1614 1.1614 1 0.2482 -0.1798 0.1798 -0.1349 0.8651 1 0.7948 -0.2483 0.2483 -0.2483 0.7517 0 0.4512 0 0
23 137 8274 0 0 0 0 0 1.0024 0 0.9877 0.3636 0.3646 0.4152 0.9167 1.1904 0.9653 0.3167 0.4849 0.6112 0.91 2.0162 0.9788 0.368 0.368 0.4712 0.8767 1.4215 -0.0269 0.0269 -0.0538 0.9462 1 0.2729 -0.2961 0.2961 -0.2221 0.7779 1 0.6783 -0.2046 0.2046 -0.2046 0.7954 1 0.4744 0 0
23 138 8687 0 0 0 0 0 1.0045 0 0.9654 0.0443 0.1573 0.2023 1 1.1556 0.9577 0.044 0.3953 0.5088 0.9567 2.0283 0.9876 0.1691 0.2602 0.2957 1 1.4437 -0.031 0.031 -0.062 0.938 1 0.2659 -0.2231 0.2231 -0.1673 0.8327 1 0.7307 -0.144 0.144 -0.144 0.856 1 0.5263 0 0
23 139 7505 0 0 0 0 0 1.0118 0 0.9837 -0.1206 0.1957 0.2386 1 1.2018 0.9596 -0.1106 0.3923 0.499 0.97 2.0413 0.9901 -0.0543 0.1697 0.2145 1 1.568 0.0268 0.0268 0.0537 1.0537 1 0.2616 -0.0313 0.0313 -0.0235 0.9765 1 0.8642 -0.0719 0.0719 -0.0719 0.9281 1 0.559 0 0
23 140 7770 0 0 0 0 0 1.0066 0 0.9771 -0.2888 0.3126 0.3827 0.8333 1.1417 0.9515 -0.2706 0.4615 0.5743 0.9033 1.934 0.9896 -0.2359 0.325 0.4149 0.8567 1.2911 -0.1166 0.1166 -0.2331 0.7669 1 0.2813 -0.3621 0.3621 -0.2716 0.7284 0 0.5849 -0.179 0.179 -0.179 0.821 1 0.4764 0 0
23 141 8516 0 0 0 0 0 1.0082 0 0.9782 -0.1441 0.2025 0.2748 0.9583 1.1761 0.9639 -0.1307 0.4137 0.5388 0.95 2.0357 0.9644 -0.1743 0.3323 0.4124 0.9767 1.4709 -0.0187 0.0187 -0.0373 0.9627 1 0.269 -0.1819 0.1819 -0.1364 0.8636 1 0.7027 -0.1257 0.1257 -0.1257 0.8743 1 0.4906 0 0
23 142 7459 0 0 0 0 0 1.0045 0 0.982 0.7252 0.7252 0.7775 0.375 1.1846 0.9571 0.663 0.7373 0.8508 0.6633 1.9956 0.9894 0.6844 0.6844 0.7234 0.6067 1.3665 -0.036 0.036 -0.0721 0.9279 1 0.2788 -0.3596 0.3596 -0.2697 0.7303 1 0.6388 -0.2445 0.2445 -0.2445 0.7555 1 0.4736 0 0
23 143 6448 0 0 0 0 0 1.0051 0 0.9872 0.4663 0.4663 0.5287 0.7083 1.2407 0.954 0.3862 0.537 0.6598 0.89 2.0049 0.9844 0.6059 0.6059 0.7119 0.64 1.5624 0.036 0.036 0.0719 1.0719 1 0.2554 -0.0921 0.0921 -0.0691 0.9309 1 0.8245 -0.1273 0.1273 -0.1273 0.8727 1 0.5158 0 0
23 144 6252 0 0 0 0 0 1.0027 0 0.9833 -0.4591 0.4591 0.508 0.75 1.167 0.9612 -0.4297 0.537 0.6526 0.87 2.0243 0.9821 -0.449 0.4665 0.5365 0.7667 1.4187 -0.0453 0.0453 -0.0906 0.9094 1 0.2769 -0.1577 0.1577 -0.1182 0.8818 1 0.7476 -0.0775 0.0775 -0.0775 0.9225 1 0.5642 0 0
23 145 4989 0 0 0 0 0 1.0056 0 0.9749 -0.294 0.3444 0.4215 0.7917 1.1831 0.9599 -0.2743 0.4397 0.5495 0.9467 1.9851 0.9514 -0.2392 0.4326 0.5402 0.7967 1.3505 -0.1065 0.1065 -0.213 0.787 1 0.2841 -0.2286 0.2286 -0.1715 0.8285 1 0.6679 -0.0755 0.0755 -0.0755 0.9245 1 0.5135 0 0
23 146 7317 0 0 0 0 0 1.006 0 0.9753 -0.2583 0.3367 0.3912 0.9167 1.2116 0.9607 -0.3134 0.4991 0.6117 0.92 2.1173 0.9894 -0.2335 0.2599 0.3123 1 1.5337 -0.0253 0.0253 -0.0507 0.9493 1 0.2772 0.034 0.034 0.0255 1.0255 1 0.8894 0.0458 0.0458 0.0458 1.0458 1 0.6256 0 0
23 147 9821 0 0 0 0 0 1.0055 0 0.975 0.0648 0.2181 0.2773 0.9583 1.1598 0.9554 0.0972 0.3737 0.5013 0.9533 1.9142 0.9691 0.2799 0.5687 0.6714 0.6733 1.5861 0.0593 0.0593 0.1185 1.1185 1 0.2503 -0.0443 0.0443 -0.0332 0.9668 1 0.8634 -0.1274 0.1274 -0.1274 0.8726 1 0.5102 0 0
23 148 13348 0 0 0 0 0 1.0041 0 0.9893 0.103 0.1481 0.1864 1 1.1452 0.9649 0.1547 0.4239 0.5336 0.97 2.1147 0.9861 0.1408 0.2163 0.2742 1 1.7098 0.0584 0.0584 0.1168 1.1168 1 0.2426 0.2286 0.2286 0.1715 1.1715 1 1.0084 0.06 0.06 0.06 1.06 1 0.5864 0 0
23 149 6962 0 0 0 0 0 1.0041 0 0.9773 0.7086 0.7086 0.7724 0.4167 1.1833 0.9675 0.5979 0.6739 0.7936 0.7067 1.9494 0.9644 0.5774 0.5799 0.6947 0.5667 1.2898 -0.075 0.075 -0.15 0.85 1 0.2806 -0.426 0.426 -0.3195 0.6805 0 0.6042 -0.2649 0.2649 -0.2649 0.7351 0 0.4547 0 0
23 150 9942 0 0 0 0 0 1.0036 0 0.9726 0.0315 0.1612 0.2093 1 1.169 0.9633 0.0496 0.3985 0.5134 0.96 2.1495 0.9941 0.1595 0.1866 0.2238 1 1.7729 0.0733 0.0733 0.1466 1.1466 1 0.2456 0.3227 0.3227 0.2421 1.2421 1 1.1576 0.0944 0.0944 0.0944 1.0944 1 0.6281 0 0
23 151 6205 0 0 0 0 0 1.0061 0 0.9717 -0.0938 0.2422 0.2789 1 1.1784 0.9663 -0.0279 0.4103 0.5328 0.97 2.0775 0.9902 0.034 0.1543 0.2006 1 1.4399 -0.0517 0.0517 -0.1035 0.8965 1 0.2891 -0.2167 0.2167 -0.1625 0.8375 1 0.737 -0.1185 0.1185 -0.1185 0.8815 1 0.54 0 0
23 152 10461 0 0 0 0 0 1.0048 0 0.9678 -0.4179 0.4313 0.5243 0.6667 1.2132 0.9642 -0.3423 0.4958 0.6064 0.8867 2.0464 0.9875 -0.2211 0.2832 0.3256 1 1.474 -0.0353 0.0353 -0.0706 0.9294 1 0.2702 -0.1081 0.1081 -0.081 0.919 1 0.7319 -0.0491 0.0491 -0.0491 0.9509 1 0.5535 0 0
23 153 7249 0 0 0 0 0 1.0039 0 0.9761 0.1155 0.2673 0.3519 0.875 1.2179 0.9662 0.0143 0.3796 0.4848 0.9733 1.9928 0.9768 0.1966 0.2928 0.3766 0.8967 1.3655 -0.0783 0.0783 -0.1567 0.8433 1 0.2843 -0.322 0.322 -0.2415 0.7585 1 0.6477 -0.1772 0.1772 -0.1772 0.8228 1 0.4891 0 0
23 154 8361 0 0 0 0 0 1.0037 0 0.9803 -0.1244 0.2338 0.2879 1 1.1823 0.9613 -0.1127 0.4033 0.5174 0.94 1.9741 0.9923 -0.081 0.2978 0.3474 1 1.6335 0.0721 0.0721 0.1442 1.1442 1 0.2387 0.0082 0.0082 0.0061 1.0061 1 0.8902 -0.1103 0.1103 -0.1103 0.8897 1 0.5338 0 0
23 155 8554 0 0 0 0 0 1.0034 0 0.9601 -0.1252 0.239 0.2745 1 1.189 0.9632 -0.152 0.4093 0.5401 0.96 2.1742 0.9589 -0.1007 0.3548 0.4447 0.87 1.4713 -0.1073 0.1073 -0.2147 0.7853 1 0.2946 -0.0639 0.0639 -0.0479 0.9521 1 0.7987 0.0621 0.0621 0.0621 1.0621 1 0.6254 0 0
23 156 8884 0 0 0 0 0 1.007 0 0.9807 -0.4155 0.4176 0.4707 0.75 1.1471 0.9575 -0.4417 0.5383 0.6695 0.8467 1.9974 0.9779 -0.3182 0.3687 0.457 0.8733 1.5692 0.0479 0.0479 0.0957 1.0957 1 0.2484 -0.0564 0.0564 -0.0423 0.9577 1 0.8484 -0.1185 0.1185 -0.1185 0.8815 1 0.5255 0 0
23 157 5238 0 0 0 0 0 1.0051 0 0.989 0.2786 0.3901 0.4925 0.9167 1.2488 0.9584 0.2085 0.4847 0.6186 0.8567 1.8575 0.991 0.3555 0.3772 0.4766 0.78 1.3045 0.0125 0.0125 0.0249 1.0249 1 0.283 -0.5467 0.5467 -0.4101 0.5899 0 0.5329 -0.4275 0.4275 -0.4275 0.5725 0 0.3656 0 0
23 158 8448 0 0 0 0 0 1.0032 0 0.9569 0.7434 0.7434 0.8003 0.2083 1.2134 0.9589 0.732 0.781 0.9104 0.7 2.1162 0.9705 0.8055 0.8055 0.8749 0.4167 1.5171 0.0108 0.0108 0.0216 1.0216 1 0.2652 -0.2058 0.2058 -0.1544 0.8456 1 0.7682 -0.1774 0.1774 -0.1774 0.8226 1 0.5121 0 0
23 159 7737 0 0 0 0 0 1.0046 0 0.9726 -0.0998 0.3394 0.5364 0.9583 1.3202 0.9599 -0.057 0.3866 0.5096 0.95 1.9561 0.9922 0.0679 0.3076 0.3515 1 1.4256 0.0102 0.0102 0.0205 1.0205 1 0.2755 -0.3258 0.3258 -0.2444 0.7556 1 0.6858 -0.2651 0.2651 -0.2651 0.7349 0 0.4462 0 0
23 160 7573 0 0 0 0 0 1.006 0 0.9759 0.1868 0.3067 0.3577 0.9167 1.2028 0.9654 0.2187 0.4571 0.5694 0.9467 2.0228 0.9961 0.1333 0.1963 0.2453 1 1.4164 -0.0534 0.0534 -0.1068 0.8932 1 0.2614 -0.1674 0.1674 -0.1255 0.8745 1 0.7313 -0.0759 0.0759 -0.0759 0.9241 1 0.5356 0 0
23 161 8861 0 0 0 0 0 1.0027 0 0.985 -0.1664 0.2256 0.2834 1 1.1944 0.9607 -0.173 0.4404 0.5795 0.93 2.0204 0.9809 -0.1374 0.2543 0.3222 1 1.6047 0.0442 0.0442 0.0884 1.0884 1 0.2457 -0.05 0.05 -0.0375 0.9625 1 0.8527 -0.1092 0.1092 -0.1092 0.8908 1 0.5113 0 0
23 162 8641 0 0 0 0 0 1.0027 0 0.962 0.4363 0.4405 0.5064 0.7083 1.1647 0.9654 0.4223 0.5297 0.6494 0.8667 2.0192 0.9686 0.1661 0.3589 0.4481 0.9833 1.5737 0.0301 0.0301 0.0602 1.0602 1 0.2623 0.0328 0.0328 0.0246 1.0246 1 0.8759 -0.0308 0.0308 -0.0308 0.9692 1 0.557 0 0
23 163 5299 0 0 0 0 0 1.0108 0 0.975 0.5111 0.512 0.5778 0.6667 1.1659 0.9645 0.4517 0.5216 0.6302 0.8633 1.9952 0.959 0.4995 0.5338 0.6881 0.5933 1.3138 -0.1197 0.1197 -0.2394 0.7606 1 0.2729 -0.2387 0.2387 -0.179 0.821 1 0.6752 -0.0715 0.0715 -0.0715 0.9285 1 0.5457 0 0
23 164 7321 0 0 0 0 0 1.0038 0 0.9793 0.2668 0.2731 0.3393 0.9583 1.1793 0.9626 0.2664 0.4481 0.5542 0.9433 1.9818 0.9834 0.1328 0.2312 0.2909 1 1.4652 0.0191 0.0191 0.0382 1.0382 1 0.2747 -0.3116 0.3116 -0.2337 0.7663 1 0.6879 -0.2642 0.2642 -0.2642 0.7358 0 0.4647 0 0
23 165 9997 0 0 0 0 0 1.003 0 0.9724 0.2337 0.2909 0.3418 0.9583 1.1651 0.9581 0.1579 0.4142 0.5472 0.9533 2.0147 0.9857 0.1154 0.2521 0.3004 1 1.4698 -0.0371 0.0371 -0.0743 0.9257 1 0.2585 -0.1541 0.1541 -0.1156 0.8844 1 0.7538 -0.0836 0.0836 -0.0836 0.9164 1 0.5374 0 0
23 166 8216 0 0 0 0 0 1.0079 0 0.9891 -0.052 0.182 0.2289 1 1.2119 0.967 -0.0645 0.3955 0.4993 0.9767 2.0628 0.9891 -0.0984 0.1783 0.233 1 1.5791 0.0142 0.0142 0.0284 1.0284 1 0.2571 0.0184 0.0184 0.0138 1.0138 1 0.9196 -0.0193 0.0193 -0.0193 0.9807 1 0.5588 0 0
23 167 8412 0 0 0 0 0 1.0049 0 0.9858 -0.7822 0.7822 0.8053 0.125 1.2072 0.9578 -0.8284 0.8564 0.9934 0.6967 2.225 0.9661 -0.7837 0.7837 0.8848 0.5267 1.5742 -0.0299 0.0299 -0.0597 0.9403 1 0.2723 0.0795 0.0795 0.0597 1.0597 1 0.9324 0.0872 0.0872 0.0872 1.0872 1 0.6284 0 0
23 168 6593 0 0 0 0 0 1.0078 0 0.9867 -0.1449 0.1828 0.2157 1 1.1443 0.9618 -0.1414 0.3945 0.4996 0.9633 1.9544 0.9871 -0.1507 0.2635 0.3163 1 1.3191 -0.0776 0.0776 -0.1551 0.8449 1 0.2964 -0.3459 0.3459 -0.2595 0.7405 0 0.6145 -0.1977 0.1977 -0.1977 0.8023 1 0.472 0 0
23 169 8968 0 0 0 0 0 1.0052 0 0.9853 0.2893 0.3422 0.4357 0.9583 1.2573 0.9513 0.2775 0.4961 0.6342 0.8867 1.9582 0.9924 0.1897 0.3804 0.4494 1 1.5888 0.0643 0.0643 0.1287 1.1287 1 0.2331 -0.1066 0.1066 -0.08 0.92 1 0.845 -0.1749 0.1749 -0.1749 0.8251 1 0.5081 0 0
23 170 11369 0 0 0 0 0 1.0024 0 0.9515 0.3073 0.3766 0.4371 0.875 1.1643 0.9565 0.2575 0.5051 0.644 0.8867 2.0492 0.9817 0.2349 0.3338 0.3906 1 1.6371 0.0616 0.0616 0.1233 1.1233 1 0.2462 0.0785 0.0785 0.0589 1.0589 1 0.9723 -0.0479 0.0479 -0.0479 0.9521 1 0.5697 0 0
23 171 7687 0 0 0 0 0 1.0065 0 0.9716 0.4354 0.4354 0.4923 0.6667 1.1323 0.9578 0.3987 0.522 0.6749 0.86 1.9294 0.9949 0.3261 0.3311 0.3657 1 1.4695 0.0474 0.0474 0.0948 1.0948 1 0.2685 -0.3361 0.3361 -0.2521 0.7479 1 0.6807 -0.3124 0.3124 -0.3124 0.6876 0 0.4235 0 0
23 172 6890 0 0 0 0 0 1.0049 0 0.9842 0.3131 0.3443 0.4081 0.875 1.2373 0.964 0.331 0.4645 0.5848 0.9 2.0155 0.9853 0.4137 0.4225 0.4829 0.8533 1.4499 -0.0074 0.0074 -0.0148 0.9852 1 0.2608 -0.2929 0.2929 -0.2197 0.7803 1 0.669 -0.2213 0.2213 -0.2213 0.7787 1 0.4629 0 0
23 173 7841 0 0 0 0 0 1.0052 0 0.9796 -0.2204 0.3021 0.3523 0.9167 1.1944 0.9653 -0.2368 0.4477 0.5659 0.9367 2.0342 0.9793 -0.1157 0.2914 0.3648 1 1.5438 -3e-04 3e-04 -5e-04 0.9995 1 0.2489 0.0357 0.0357 0.0268 1.0268 1 0.8866 0.0149 0.0149 0.0149 1.0149 1 0.573 0 0
23 174 8140 0 0 0 0 0 1.011 0 0.9758 -0.2725 0.3027 0.3715 0.875 1.1676 0.9587 -0.2905 0.4315 0.5389 0.9333 1.9216 0.976 -0.1239 0.4418 0.4968 0.87 1.433 9e-04 9e-04 0.0018 1.0018 1 0.2503 -0.2038 0.2038 -0.1529 0.8471 1 0.7328 -0.1631 0.1631 -0.1631 0.8369 1 0.4908 0 0
23 175 8851 0 0 0 0 0 1.0054 0 0.9836 0.2967 0.3275 0.4346 0.8333 1.2039 0.959 0.2615 0.4897 0.6277 0.8967 1.9289 0.9273 0.2967 0.4837 0.6109 0.8067 1.4809 0.0644 0.0644 0.1288 1.1288 1 0.2571 -0.3548 0.3548 -0.2661 0.7339 1 0.6771 -0.3434 0.3434 -0.3434 0.6566 0 0.4034 0 0
23 176 8252 0 0 0 0 0 1.0047 0 0.9825 -0.5247 0.5247 0.5478 0.625 1.1696 0.9586 -0.5251 0.6235 0.7585 0.8233 2.1454 0.9931 -0.6612 0.6612 0.6908 0.7367 1.774 0.0836 0.0836 0.1673 1.1673 1 0.2523 0.2608 0.2608 0.1956 1.1956 1 1.1045 0.0333 0.0333 0.0333 1.0333 1 0.6001 0 0
23 177 6249 0 0 0 0 0 1.0059 0 0.9752 0.1565 0.2291 0.2832 1 1.164 0.9597 0.1699 0.4076 0.5305 0.9633 2.1974 0.97 0.1542 0.3186 0.3786 0.89 1.3969 -0.2003 0.2003 -0.4007 0.5993 0 0.2839 0.2191 0.2191 0.1644 1.1644 1 0.885 0.4019 0.4019 0.4019 1.4019 0 0.7696 0 0
23 178 10390 0 0 0 0 0 1.0064 0 0.9815 0.5974 0.6068 0.6852 0.4583 1.2158 0.9567 0.5172 0.6333 0.7619 0.7967 2.0426 0.9891 0.6364 0.6364 0.7206 0.62 1.3902 -0.0891 0.0891 -0.1782 0.8218 1 0.2748 -0.1712 0.1712 -0.1284 0.8716 1 0.7078 -0.0433 0.0433 -0.0433 0.9567 1 0.5595 0 0
23 179 8064 0 0 0 0 0 1.0026 0 0.9842 -0.1141 0.2712 0.3303 1 1.2422 0.9636 -0.0516 0.3946 0.5042 0.9567 2.0268 0.9906 -0.1938 0.2832 0.3406 1 1.6752 0.0774 0.0774 0.1549 1.1549 1 0.246 0.098 0.098 0.0735 1.0735 1 0.9827 -0.06 0.06 -0.06 0.94 1 0.5692 0 0
23 180 7792 0 0 0 0 0 1.0059 0 0.9668 -0.5889 0.5889 0.6375 0.5 1.158 0.9645 -0.567 0.6368 0.7481 0.8133 2.1241 0.9726 -0.5784 0.5965 0.6661 0.5433 1.4763 -0.0484 0.0484 -0.0968 0.9032 1 0.2708 -0.0568 0.0568 -0.0426 0.9574 1 0.8008 0.0055 0.0055 0.0055 1.0055 1 0.6023 0 0
23 181 8197 0 0 0 0 0 1.0059 0 0.9767 1.1106 1.1106 1.1345 0 1.2334 0.9542 1.0441 1.0651 1.1666 0.44 2.0687 0.9918 1.0274 1.0274 1.0464 0.01 1.371 -0.0367 0.0367 -0.0734 0.9266 1 0.278 -0.4191 0.4191 -0.3143 0.6857 0 0.6095 -0.2901 0.2901 -0.2901 0.7099 0 0.4486 0 0
23 182 9095 0 0 0 0 0 1.0035 0 0.9795 0.5265 0.5265 0.5853 0.5833 1.2096 0.965 0.514 0.6095 0.7464 0.8267 2.1122 0.9918 0.4718 0.4726 0.5144 1 1.7828 0.1104 0.1104 0.2208 1.2208 1 0.2336 0.1158 0.1158 0.0868 1.0868 1 1.0564 -0.1071 0.1071 -0.1071 0.8929 1 0.5356 0 0
23 183 7112 0 0 0 0 0 1.004 0 0.9739 -0.6678 0.6702 0.7493 0.4167 1.2382 0.9586 -0.6275 0.7012 0.8326 0.7433 1.9963 0.9898 -0.7338 0.7338 0.7855 0.51 1.5339 0.05 0.05 0.0999 1.0999 1 0.248 -0.1526 0.1526 -0.1145 0.8855 1 0.8139 -0.1881 0.1881 -0.1881 0.8119 1 0.4899 0 0
23 184 9395 0 0 0 0 0 1.0034 0 0.9683 -0.299 0.3575 0.4122 0.7917 1.1813 0.9626 -0.3085 0.504 0.6258 0.8833 1.9455 0.9607 -0.3706 0.4448 0.5552 0.8233 1.3675 0.0018 0.0018 0.0036 1.0036 1 0.2751 -0.5283 0.5283 -0.3962 0.6038 0 0.5463 -0.4052 0.4052 -0.4052 0.5948 0 0.3763 0 0
23 185 8211 0 0 0 0 0 1.0032 0 0.9769 0.1251 0.2005 0.2515 1 1.202 0.9616 0.139 0.4388 0.5523 0.9433 2.1189 0.9843 0.061 0.2461 0.3032 1 1.5975 0.0321 0.0321 0.0642 1.0642 1 0.2542 -0.0534 0.0534 -0.0401 0.9599 1 0.8579 -0.0947 0.0947 -0.0947 0.9053 1 0.55 0 0
23 186 8108 0 0 0 0 0 1.0016 0 0.9883 0.5321 0.5321 0.5882 0.6667 1.2539 0.9635 0.5066 0.6102 0.7541 0.8267 2.09 0.9831 0.55 0.55 0.6089 0.8433 1.558 0.0195 0.0195 0.0389 1.0389 1 0.2627 -0.1283 0.1283 -0.0962 0.9038 1 0.8051 -0.1315 0.1315 -0.1315 0.8685 1 0.5495 0 0
23 187 8683 0 0 0 0 0 1.0024 0 0.9902 0.2549 0.2627 0.3096 1 1.171 0.9662 0.2579 0.4331 0.54 0.9467 2.0219 0.9706 0.3175 0.4237 0.4681 1 1.6519 0.0775 0.0775 0.1549 1.1549 1 0.2449 -0.0133 0.0133 -0.01 0.99 1 0.887 -0.1338 0.1338 -0.1338 0.8662 1 0.5039 0 0
23 188 7438 0 0 0 0 0 1.0052 0 0.9796 0.5604 0.5739 0.6613 0.5417 1.2012 0.9619 0.489 0.5728 0.7128 0.8233 1.9542 0.9883 0.3931 0.4376 0.4982 0.7933 1.3511 -0.0568 0.0568 -0.1135 0.8865 1 0.2793 -0.3621 0.3621 -0.2716 0.7284 0 0.626 -0.2277 0.2277 -0.2277 0.7723 1 0.4663 0 0
23 189 7477 0 0 0 0 0 1.0038 0 0.9704 0.4582 0.4816 0.5434 0.7083 1.2276 0.9518 0.4336 0.5745 0.7113 0.8533 2.0413 0.9926 0.5831 0.5831 0.6081 0.65 1.4366 -0.0231 0.0231 -0.0461 0.9539 1 0.272 -0.3106 0.3106 -0.233 0.767 1 0.6854 -0.2192 0.2192 -0.2192 0.7808 1 0.4852 0 0
23 190 9824 0 0 0 0 0 1.0042 0 0.9826 0.0397 0.1746 0.2278 0.9583 1.1938 0.9621 0.0087 0.3952 0.517 0.9633 2.0422 0.9875 0.0391 0.1745 0.2269 1 1.5984 0.0385 0.0385 0.0771 1.0771 1 0.2515 -0.0739 0.0739 -0.0555 0.9445 1 0.8401 -0.1179 0.1179 -0.1179 0.8821 1 0.5214 0 0
23 191 8989 0 0 0 0 0 1.0094 0 0.9792 -0.4292 0.4322 0.4723 0.7917 1.1355 0.9677 -0.4104 0.5343 0.647 0.9 2.0868 0.9946 -0.1894 0.2004 0.24 1 1.4495 -0.0455 0.0455 -0.091 0.909 1 0.2831 -0.1121 0.1121 -0.0841 0.9159 1 0.7894 -0.043 0.043 -0.043 0.957 1 0.5579 0 0
23 192 5803 0 0 0 0 0 1.0077 0 0.9653 -0.4986 0.5256 0.6408 0.7083 1.1896 0.9565 -0.5202 0.6136 0.7597 0.7967 1.9034 0.9739 -0.5086 0.5796 0.6945 0.5233 1.1696 -0.2245 0.2245 -0.4491 0.5509 0 0.299 -0.5081 0.5081 -0.3811 0.6189 0 0.497 -0.2434 0.2434 -0.2434 0.7566 0 0.4384 0 0
23 193 6594 0 0 0 0 0 1.0072 0 0.9781 0.0624 0.1683 0.2233 0.9583 1.1721 0.9602 0.0804 0.3965 0.4991 0.9733 2.0657 0.9788 0.1626 0.2786 0.3389 1 1.4447 -0.0538 0.0538 -0.1076 0.8924 1 0.2762 -0.0816 0.0816 -0.0612 0.9388 1 0.8034 -0.0089 0.0089 -0.0089 0.9911 1 0.5786 0 0
23 194 12662 0 0 0 0 0 1.0035 0 0.9798 -0.6137 0.6137 0.6581 0.5417 1.1701 0.9631 -0.5686 0.6623 0.7776 0.75 1.9394 0.9663 -0.6232 0.663 0.8092 0.6367 1.9283 0.1961 0.1961 0.3921 1.3921 0 0.2295 0.1539 0.1539 0.1154 1.1154 1 1.2007 -0.2547 0.2547 -0.2547 0.7453 1 0.4591 0 0
23 195 7365 0 0 0 0 0 1.0046 0 0.9801 -0.204 0.2477 0.3077 1 1.1754 0.964 -0.1809 0.3954 0.4985 0.9533 2.0406 0.9733 -0.0794 0.273 0.3344 1 1.4011 -0.0567 0.0567 -0.1135 0.8865 1 0.2696 -0.1944 0.1944 -0.1458 0.8542 1 0.7012 -0.0942 0.0942 -0.0942 0.9058 1 0.5228 0 0
23 196 8126 0 0 0 0 0 1.0022 0 0.9856 -0.3563 0.3569 0.4123 0.9167 1.2051 0.9664 -0.375 0.5043 0.632 0.9 2.1601 0.965 -0.4705 0.4802 0.6305 0.9233 1.79 0.0788 0.0788 0.1576 1.1576 1 0.2461 0.2208 0.2208 0.1656 1.1656 1 1.0915 0.0169 0.0169 0.0169 1.0169 1 0.6249 0 0
23 197 7269 0 0 0 0 0 1.005 0 0.9793 0.1618 0.2183 0.3435 0.9583 1.2155 0.9533 0.1723 0.4594 0.6168 0.9167 1.9699 0.9845 0.1237 0.2692 0.3362 1 1.5354 0.0431 0.0431 0.0862 1.0862 1 0.2554 -0.1754 0.1754 -0.1315 0.8685 1 0.7907 -0.1956 0.1956 -0.1956 0.8044 1 0.4686 0 0
23 198 7365 0 0 0 0 0 1.0033 0 0.9876 -0.483 0.5106 0.5691 0.625 1.2082 0.9578 -0.4413 0.5475 0.664 0.8633 1.9395 0.9638 -0.4128 0.5243 0.6441 0.6167 1.2943 -0.0775 0.0775 -0.1551 0.8449 1 0.264 -0.338 0.338 -0.2535 0.7465 0 0.6056 -0.1896 0.1896 -0.1896 0.8104 1 0.4653 0 0
23 199 7969 0 0 0 0 0 1.0074 0 0.9752 0.2575 0.2773 0.3548 0.875 1.1764 0.9577 0.2209 0.4604 0.5813 0.9267 1.9793 0.9698 0.1408 0.3363 0.4086 0.8433 1.4247 -0.0385 0.0385 -0.0769 0.9231 1 0.2677 -0.2543 0.2543 -0.1908 0.8092 1 0.6811 -0.1601 0.1601 -0.1601 0.8399 1 0.51 0 0
23 200 7020 0 0 0 0 0 1.0137 0 0.9803 -1.0685 1.0685 1.0876 0.0417 1.2096 0.9558 -1.079 1.1012 1.1995 0.4433 2.2109 0.9928 -1.2444 1.2444 1.2565 0.0233 1.4683 -0.0421 0.0421 -0.0841 0.9159 1 0.2933 -0.2035 0.2035 -0.1526 0.8474 1 0.7505 -0.1178 0.1178 -0.1178 0.8822 1 0.5433 0 0
