cond r run.time ndiv nbfmi ntree nbulk ntail maxRhat nRhat beta.cor beta.bias beta.abbias beta.rmse beta.cover beta.CI theta.cor theta.bias theta.abbias theta.rmse theta.cover theta.CI attra.cor attra.bias attra.abbias attra.rmse attra.cover attra.CI lambda.bias lambda.abbias lambda.rbias lambda.rbias2 lambda.cover lambda.CI pvar.bias pvar.abbias pvar.rbias pvar.rbias2 pvar.cover pvar.CI sigma2.bias sigma2.abbias sigma2.rbias sigma2.rbias2 sigma2.cover sigma2.CI corrupt efficiency
36 1 4090 0 0 0 0 0 1.004 0 0.945 -0.6401 0.6401 0.6841 0.4167 1.3384 0.843 -0.661 0.8052 0.9792 0.894 3.2565 0.9555 -0.6281 0.6281 0.6946 0.59 1.4115 -0.0255 0.0255 -0.102 0.898 1 0.3336 0.2726 0.2726 0.2556 1.2556 1 0.9087 0.2609 0.2609 0.2609 1.2609 1 0.8517 0 0
36 2 2857 0 0 0 0 0 1.005 0 0.986 0.6848 0.6848 0.8033 0.4167 1.4085 0.8494 0.5279 0.7611 0.951 0.838 2.7389 0.9862 0.5352 0.5352 0.5646 0.694 1.3449 -0.0259 0.0259 -0.1034 0.8966 1 0.3659 -0.3315 0.3315 -0.3108 0.6892 0 0.5915 -0.3088 0.3088 -0.3088 0.6912 1 0.5578 0 0
36 3 2930 0 0 0 0 0 1.0059 0 0.9835 0.2824 0.2958 0.3347 1 1.3448 0.8049 0.3047 0.6482 0.8489 0.944 3.0393 0.9815 0.2621 0.3041 0.3364 1 1.356 -0.0801 0.0801 -0.3204 0.6796 1 0.3223 0.0424 0.0424 0.0397 1.0397 1 0.737 0.069 0.069 0.069 1.069 1 0.7112 0 0
36 4 2655 0 0 0 0 0 1.006 0 0.9693 0.5533 0.5533 0.6107 0.75 1.3854 0.8301 0.5472 0.7707 0.9643 0.854 2.9857 0.985 0.5951 0.6006 0.6211 0.62 1.3818 -0.0399 0.0399 -0.1597 0.8403 1 0.3904 -0.0852 0.0852 -0.0799 0.9201 1 0.7264 -0.0723 0.0723 -0.0723 0.9277 1 0.6979 0 0
36 5 3697 0 0 0 0 0 1.006 0 0.983 0.2316 0.2784 0.3347 1 1.3367 0.8689 0.2345 0.5822 0.7513 0.958 2.9977 0.9914 0.2402 0.2454 0.2701 1 1.4517 0.1252 0.1252 0.5008 1.5008 1 0.346 0.0438 0.0438 0.0411 1.0411 1 0.7965 -0.0566 0.0566 -0.0566 0.9434 1 0.6997 0 0
36 6 3126 0 0 0 0 0 1.0079 0 0.9785 -1.035 1.035 1.0488 0 1.4052 0.8364 -1.0641 1.1131 1.2978 0.726 3.2596 0.9902 -1.0238 1.0238 1.0323 0.078 1.5193 0.0942 0.0942 0.3766 1.3766 1 0.3573 0.1745 0.1745 0.1636 1.1636 1 0.9324 0.083 0.083 0.083 1.083 1 0.8521 0 0
36 7 2818 0 0 0 0 0 1.0033 0 0.9901 0.1433 0.1748 0.2043 1 1.3457 0.8327 0.08 0.567 0.7415 0.97 2.9822 0.9714 0.1803 0.2507 0.3115 1 1.397 0.0354 0.0354 0.1417 1.1417 1 0.3185 -1e-04 1e-04 -1e-04 0.9999 1 0.7439 -0.0283 0.0283 -0.0283 0.9717 1 0.6943 0 0
36 8 2536 0 0 0 0 0 1.0052 0 0.9885 -0.2091 0.2129 0.2525 1 1.358 0.8447 -0.2836 0.6114 0.8096 0.958 3.1946 0.9842 -0.2684 0.2689 0.3169 1 1.4462 -0.0157 0.0157 -0.0628 0.9372 1 0.3747 0.1764 0.1764 0.1654 1.1654 1 0.8411 0.1628 0.1628 0.1628 1.1628 1 0.7971 0 0
36 9 3031 0 0 0 0 0 1.0024 0 0.994 0.4692 0.4692 0.4847 0.9167 1.3945 0.838 0.4781 0.7114 0.8926 0.904 2.9589 0.992 0.5467 0.5467 0.5641 0.912 1.4138 -0.0387 0.0387 -0.1548 0.8452 1 0.3707 -0.1238 0.1238 -0.116 0.884 1 0.6715 -0.1082 0.1082 -0.1082 0.8918 1 0.655 0 0
36 10 3023 0 0 0 0 0 1.0069 0 0.985 0.1067 0.2052 0.26 1 1.342 0.8331 0.0733 0.5989 0.7969 0.924 2.7115 0.9723 0.054 0.2001 0.275 0.962 1.3566 0.0351 0.0351 0.1403 1.1403 1 0.347 -0.2855 0.2855 -0.2676 0.7324 1 0.5801 -0.2886 0.2886 -0.2886 0.7114 1 0.5483 0 0
36 11 3829 0 0 0 0 0 1.0055 0 0.9482 0.2483 0.32 0.3895 0.9167 1.3591 0.8621 0.2039 0.5838 0.7454 0.95 3.0467 0.9899 0.1417 0.1624 0.207 1 1.4411 0.0731 0.0731 0.2925 1.2925 1 0.3172 0.072 0.072 0.0675 1.0675 1 0.805 0.0113 0.0113 0.0113 1.0113 1 0.7281 0 0
36 12 3349 0 0 0 0 0 1.0083 0 0.9777 -0.5875 0.5875 0.6419 0.6667 1.407 0.8508 -0.5006 0.7489 0.9116 0.916 3.256 0.9855 -0.5119 0.5119 0.5432 0.908 1.5194 0.1149 0.1149 0.4594 1.4594 1 0.3198 0.4046 0.4046 0.3793 1.3793 1 1.0383 0.2629 0.2629 0.2629 1.2629 1 0.9051 0 0
36 13 2743 0 0 0 0 0 1.0083 0 0.9911 -0.0563 0.1349 0.1665 1 1.3233 0.8568 -0.0836 0.5425 0.7238 0.96 2.9152 0.9867 -0.1266 0.1569 0.1988 1 1.3505 -0.0791 0.0791 -0.3165 0.6835 1 0.3672 -0.184 0.184 -0.1725 0.8275 1 0.6515 -0.1512 0.1512 -0.1512 0.8488 1 0.6248 0 0
36 14 2843 0 0 0 0 0 1.0062 0 0.9565 -0.0248 0.3133 0.4173 0.9167 1.4286 0.8149 0.033 0.6019 0.7938 0.956 2.9722 0.9947 0.1071 0.1492 0.1837 1 1.368 -0.0189 0.0189 -0.0757 0.9243 1 0.4038 -0.1315 0.1315 -0.1233 0.8767 1 0.7113 -0.1252 0.1252 -0.1252 0.8748 1 0.6654 0 0
36 15 2717 0 0 0 0 0 1.0095 0 0.9911 0.136 0.2658 0.2989 1 1.4757 0.8591 0.0422 0.5832 0.7557 0.984 3.2724 0.9903 0.1022 0.1349 0.166 1 1.43 -0.1044 0.1044 -0.4175 0.5825 1 0.4058 0.0725 0.0725 0.0679 1.0679 1 0.8662 0.1025 0.1025 0.1025 1.1025 1 0.8497 0 0
36 16 2970 0 0 0 0 0 1.007 0 0.9431 1.0529 1.0529 1.1005 0.1667 1.4011 0.8347 0.9746 1.0871 1.2757 0.614 2.7588 0.9798 0.9282 0.9282 0.953 0.194 1.3787 -0.0108 0.0108 -0.0433 0.9567 1 0.4412 -0.3168 0.3168 -0.297 0.703 0 0.5743 -0.3024 0.3024 -0.3024 0.6976 1 0.552 0 0
36 17 3750 0 0 0 0 0 1.0026 0 0.9899 0.5722 0.5722 0.5906 0.75 1.3486 0.8608 0.5542 0.7492 0.9144 0.906 3.0859 0.9805 0.6442 0.6442 0.6705 0.598 1.4575 0.0991 0.0991 0.3965 1.3965 1 0.3186 0.1074 0.1074 0.1007 1.1007 1 0.8189 0.0221 0.0221 0.0221 1.0221 1 0.7386 0 0
36 18 2617 0 0 0 0 0 1.0038 0 0.9902 0.1078 0.3233 0.4001 1 1.4574 0.855 0.1463 0.605 0.7664 0.948 2.7998 0.9839 0.0948 0.1881 0.2291 1 1.3386 -0.0241 0.0241 -0.0963 0.9037 1 0.4095 -0.308 0.308 -0.2888 0.7112 1 0.6116 -0.2881 0.2881 -0.2881 0.7119 1 0.5965 0 0
36 19 3501 0 0 0 0 0 1.0014 0 0.9834 0.0502 0.1557 0.1754 1 1.3635 0.8404 0.0438 0.5753 0.7355 0.966 2.9713 0.9669 0.0688 0.1939 0.2585 1 1.4299 0.0273 0.0273 0.1094 1.1094 1 0.3399 -0.0231 0.0231 -0.0217 0.9783 1 0.7225 -0.0453 0.0453 -0.0453 0.9547 1 0.6756 0 0
36 20 2952 0 0 0 0 0 1.0104 0 0.9876 -0.5266 0.5266 0.561 0.75 1.3806 0.841 -0.5181 0.7219 0.905 0.886 2.912 0.9806 -0.4536 0.4536 0.4901 0.912 1.4077 -0.0085 0.0085 -0.0339 0.9661 1 0.3764 -0.1396 0.1396 -0.1309 0.8691 1 0.6803 -0.1366 0.1366 -0.1366 0.8634 1 0.6331 0 0
36 21 2905 0 0 0 0 0 1.0051 0 0.979 0.099 0.2231 0.2662 1 1.3293 0.8612 0.1205 0.552 0.717 0.968 2.8599 0.9628 0.1731 0.2654 0.3153 1 1.3535 0.0291 0.0291 0.1163 1.1163 1 0.3178 -0.0935 0.0935 -0.0877 0.9123 1 0.6868 -0.1095 0.1095 -0.1095 0.8905 1 0.6441 0 0
36 22 3669 0 0 0 0 0 1.0036 0 0.9771 0.3053 0.3053 0.357 1 1.3551 0.8562 0.2382 0.5683 0.7378 0.952 2.8756 0.983 0.2014 0.2413 0.2763 1 1.475 0.188 0.188 0.7519 1.7519 0 0.3067 -0.0175 0.0175 -0.0164 0.9836 1 0.7265 -0.1594 0.1594 -0.1594 0.8406 1 0.6274 0 0
36 23 2624 0 0 0 0 0 1.0041 0 0.9748 -0.4039 0.4116 0.4821 0.75 1.4061 0.8208 -0.4792 0.7188 0.9112 0.878 2.7787 0.9711 -0.6038 0.6038 0.6541 0.558 1.3772 0.0303 0.0303 0.121 1.121 1 0.378 -0.3086 0.3086 -0.2893 0.7107 1 0.5855 -0.3096 0.3096 -0.3096 0.6904 0 0.5377 0 0
36 24 2560 0 0 0 0 0 1.0039 0 0.985 0.2416 0.288 0.3454 1 1.407 0.8331 0.2034 0.6095 0.7856 0.962 3.0209 0.9865 0.1684 0.2108 0.263 1 1.3566 -0.0701 0.0701 -0.2806 0.7194 1 0.3411 0.0098 0.0098 0.0092 1.0092 1 0.7813 0.033 0.033 0.033 1.033 1 0.7486 0 0
36 25 1962 0 0 0 0 0 1.0078 0 0.9911 -0.9139 0.9139 0.949 0.1667 1.4972 0.8196 -0.8272 0.929 1.1264 0.766 2.8287 0.9713 -0.8473 0.8473 0.8869 0.192 1.3254 -0.2895 0.2895 -1.1579 -0.1579 0 0.4684 -0.3542 0.3542 -0.3321 0.6679 0 0.6017 -0.2988 0.2988 -0.2988 0.7012 1 0.5957 0 0
36 26 2943 0 0 0 0 0 1.0078 0 0.9882 -0.7783 0.7783 0.8653 0.4167 1.4594 0.8188 -0.6697 0.8633 1.0607 0.788 2.7476 0.9766 -0.6539 0.6539 0.685 0.586 1.3594 -0.0117 0.0117 -0.0469 0.9531 1 0.4236 -0.3479 0.3479 -0.3262 0.6738 1 0.6142 -0.3306 0.3306 -0.3306 0.6694 0 0.5761 0 0
36 27 3264 0 0 0 0 0 1.0031 0 0.9919 0.2441 0.2441 0.2707 1 1.3308 0.8309 0.2838 0.6347 0.8232 0.924 2.7675 0.9728 0.2759 0.3508 0.4005 0.954 1.3555 0.0517 0.0517 0.2066 1.2066 1 0.3556 -0.1978 0.1978 -0.1855 0.8145 1 0.6259 -0.2184 0.2184 -0.2184 0.7816 1 0.5676 0 0
36 28 2743 0 0 0 0 0 1.0066 0 0.9938 -0.2458 0.2554 0.3169 1 1.3842 0.8495 -0.2562 0.6023 0.7728 0.93 2.8023 0.987 -0.2152 0.2272 0.2755 1 1.3394 -0.0659 0.0659 -0.2638 0.7362 1 0.4111 -0.2964 0.2964 -0.2779 0.7221 1 0.6028 -0.2647 0.2647 -0.2647 0.7353 1 0.5857 0 0
36 29 2636 0 0 0 0 0 1.0115 0 0.9859 -0.4269 0.4269 0.5011 0.8333 1.4091 0.8589 -0.3097 0.615 0.7831 0.936 2.9056 0.9796 -0.3177 0.3234 0.4102 0.852 1.4278 0.1263 0.1263 0.5053 1.5053 1 0.3187 -0.015 0.015 -0.0141 0.9859 1 0.7687 -0.1044 0.1044 -0.1044 0.8956 1 0.6903 0 0
36 30 2884 0 0 0 0 0 1.0055 0 0.9865 -0.0937 0.1557 0.1872 1 1.3243 0.8573 -0.0451 0.5608 0.7264 0.958 2.9334 0.9903 -0.0027 0.1017 0.1322 1 1.3691 -0.0229 0.0229 -0.0914 0.9086 1 0.3305 -0.0571 0.0571 -0.0535 0.9465 1 0.6995 -0.0508 0.0508 -0.0508 0.9492 1 0.6523 0 0
36 31 3446 0 0 0 0 0 1.0061 0 0.972 0.2275 0.2525 0.2874 1 1.3081 0.8417 0.1885 0.6241 0.8014 0.95 2.959 0.9929 0.1112 0.115 0.158 1 1.4015 0.0601 0.0601 0.2405 1.2405 1 0.3277 -0.0651 0.0651 -0.0611 0.9389 1 0.7222 -0.1027 0.1027 -0.1027 0.8973 1 0.6629 0 0
36 32 2650 0 0 0 0 0 1.0036 0 0.9158 0.8329 0.8329 0.8936 0.3333 1.3837 0.8211 0.8407 0.9858 1.1553 0.792 3.1825 0.9707 0.9244 0.925 0.9534 0.112 1.3937 -0.1189 0.1189 -0.4755 0.5245 1 0.4197 0.0184 0.0184 0.0172 1.0172 1 0.7853 0.0539 0.0539 0.0539 1.0539 1 0.7767 0 0
36 33 2991 0 0 0 0 0 1.0052 0 0.9813 -0.8628 0.8628 0.8795 0.0833 1.3631 0.8575 -0.9019 1.0049 1.1933 0.808 3.3044 0.996 -0.8512 0.8512 0.8747 0.168 1.4805 0.0011 0.0011 0.0043 1.0043 1 0.3358 0.2752 0.2752 0.258 1.258 1 0.9529 0.2462 0.2462 0.2462 1.2462 1 0.8854 0 0
36 34 2677 0 0 0 0 0 1.0038 0 0.9871 0.3058 0.3088 0.3678 1 1.347 0.8516 0.2051 0.6134 0.7819 0.928 2.7104 0.9895 0.2 0.2116 0.2619 1 1.2964 -0.0803 0.0803 -0.3212 0.6788 1 0.3821 -0.324 0.324 -0.3038 0.6962 0 0.5547 -0.2861 0.2861 -0.2861 0.7139 1 0.5475 0 0
36 35 2518 0 0 0 0 0 1.0043 0 0.9857 -0.2659 0.2951 0.3506 1 1.3737 0.8659 -0.2014 0.5976 0.777 0.936 2.7457 0.9865 -0.1981 0.2184 0.2518 1 1.3324 -0.0299 0.0299 -0.1194 0.8806 1 0.3843 -0.3044 0.3044 -0.2854 0.7146 1 0.5882 -0.2824 0.2824 -0.2824 0.7176 1 0.5679 0 0
36 36 3283 0 0 0 0 0 1.0047 0 0.9829 1.255 1.255 1.2706 0 1.4804 0.8334 1.2612 1.2939 1.4638 0.542 2.9244 0.9736 1.2152 1.2152 1.2342 0.036 1.4535 0.0683 0.0683 0.2731 1.2731 1 0.4029 -0.1798 0.1798 -0.1685 0.8315 1 0.6862 -0.2127 0.2127 -0.2127 0.7873 1 0.6386 0 0
36 37 3758 0 0 0 0 0 1.0015 0 0.981 -0.3206 0.3206 0.353 1 1.334 0.8494 -0.348 0.6227 0.8056 0.958 3.0137 0.9895 -0.363 0.3644 0.3903 1 1.4194 -0.0202 0.0202 -0.0807 0.9193 1 0.3206 0.0305 0.0305 0.0286 1.0286 1 0.752 0.0308 0.0308 0.0308 1.0308 1 0.7052 0 0
36 38 2582 0 0 0 0 0 1.0022 0 0.9865 0.2145 0.2491 0.2775 1 1.3849 0.842 0.1124 0.5733 0.775 0.948 2.9756 0.9796 0.0329 0.1671 0.2059 1 1.4007 0.0072 0.0072 0.0288 1.0288 1 0.3707 -0.1314 0.1314 -0.1232 0.8768 1 0.688 -0.1353 0.1353 -0.1353 0.8647 1 0.6426 0 0
36 39 2750 0 0 0 0 0 1.0158 0 0.9906 0.1254 0.3234 0.373 1 1.4414 0.8539 0.1472 0.6222 0.7805 0.942 2.6507 0.9844 0.2264 0.2714 0.3023 1 1.3477 -0.0361 0.0361 -0.1444 0.8556 1 0.3697 -0.4023 0.4023 -0.3772 0.6228 0 0.5248 -0.3723 0.3723 -0.3723 0.6277 0 0.5055 0 0
36 40 3238 0 0 0 0 0 1.0063 0 0.9826 0.8332 0.8332 0.8705 0.4167 1.4502 0.8625 0.7255 0.8628 1.0466 0.832 3.0102 0.9752 0.7274 0.7284 0.7587 0.416 1.415 -0.0906 0.0906 -0.3623 0.6377 1 0.3629 -0.0879 0.0879 -0.0824 0.9176 1 0.7564 -0.0549 0.0549 -0.0549 0.9451 1 0.7358 0 0
36 41 2636 0 0 0 0 0 1.0033 0 0.98 0.0936 0.1721 0.2063 1 1.3459 0.8578 0.0028 0.5446 0.7356 0.966 2.9574 0.9849 0.0107 0.1358 0.1638 1 1.3728 -0.0899 0.0899 -0.3597 0.6403 1 0.4032 -0.1538 0.1538 -0.1442 0.8558 1 0.6597 -0.1211 0.1211 -0.1211 0.8789 1 0.644 0 0
36 42 2676 0 0 0 0 0 1.0026 0 0.9896 0.5421 0.5786 0.6227 0.6667 1.4612 0.8522 0.4577 0.7065 0.8998 0.872 2.7289 0.983 0.5094 0.5111 0.5424 0.836 1.3813 -0.0293 0.0293 -0.1171 0.8829 1 0.4403 -0.403 0.403 -0.3778 0.6222 0 0.5922 -0.3772 0.3772 -0.3772 0.6228 0 0.5641 0 0
36 43 2725 0 0 0 0 0 1.0032 0 0.9692 0.1774 0.2087 0.249 1 1.3578 0.8552 0.1668 0.5675 0.7308 0.946 2.7588 0.9847 0.1887 0.2122 0.2619 1 1.4145 0.1379 0.1379 0.5517 1.5517 1 0.3344 -0.2388 0.2388 -0.2239 0.7761 1 0.6383 -0.3045 0.3045 -0.3045 0.6955 1 0.5482 0 0
36 44 2980 0 0 0 0 0 1.0027 0 0.9618 -0.4086 0.4132 0.5136 0.9167 1.342 0.8604 -0.3448 0.6367 0.8065 0.906 2.6721 0.9824 -0.3773 0.3773 0.417 0.962 1.3663 -0.0033 0.0033 -0.013 0.987 1 0.4133 -0.3184 0.3184 -0.2985 0.7015 0 0.5543 -0.3064 0.3064 -0.3064 0.6936 0 0.5282 0 0
36 45 3854 0 0 0 0 0 1.0026 0 0.9878 0.3457 0.3532 0.383 0.9167 1.386 0.8593 0.3264 0.6092 0.7899 0.944 2.9632 0.9839 0.4206 0.4206 0.4531 1 1.4464 0.0963 0.0963 0.3853 1.3853 1 0.3109 0.0437 0.0437 0.041 1.041 1 0.8053 -0.0306 0.0306 -0.0306 0.9694 1 0.7264 0 0
36 46 3058 0 0 0 0 0 1.0022 0 0.9928 -0.3123 0.3126 0.3506 1 1.3419 0.8601 -0.2335 0.5772 0.7375 0.95 2.8189 0.9868 -0.2303 0.2412 0.2907 1 1.3512 0.0398 0.0398 0.1591 1.1591 1 0.3428 -0.1641 0.1641 -0.1538 0.8462 1 0.6495 -0.1811 0.1811 -0.1811 0.8189 1 0.6013 0 0
36 47 2496 0 0 0 0 0 1.0089 0 0.9653 0.7192 0.7192 0.7588 0.5 1.4042 0.8293 0.629 0.8179 1.0072 0.858 3.1891 0.9847 0.5577 0.5577 0.5821 0.806 1.4237 -0.1673 0.1673 -0.6693 0.3307 1 0.3696 0.0593 0.0593 0.0556 1.0556 1 0.7905 0.108 0.108 0.108 1.108 1 0.7647 0 0
36 48 2548 0 0 0 0 0 1.0043 0 0.9885 0.0978 0.183 0.2153 1 1.3452 0.8497 0.0972 0.5848 0.7452 0.964 2.8882 0.9911 0.0846 0.1881 0.2125 1 1.3328 -0.0449 0.0449 -0.1796 0.8204 1 0.3439 -0.0903 0.0903 -0.0846 0.9154 1 0.6919 -0.0724 0.0724 -0.0724 0.9276 1 0.6751 0 0
36 49 3583 0 0 0 0 0 1.0015 0 0.9807 0.6317 0.6317 0.6665 0.6667 1.3571 0.8509 0.6033 0.7531 0.9456 0.88 2.9176 0.9938 0.5758 0.5758 0.5852 0.78 1.3805 -0.0025 0.0025 -0.0101 0.9899 1 0.3352 -0.1603 0.1603 -0.1503 0.8497 1 0.6799 -0.1562 0.1562 -0.1562 0.8438 1 0.6461 0 0
36 50 2722 0 0 0 0 0 1.0083 0 0.9895 0.9315 0.9315 0.954 0.0833 1.4523 0.8616 0.8859 0.9689 1.1476 0.778 3.2398 0.9793 0.9356 0.9356 0.9564 0.164 1.4314 -0.0757 0.0757 -0.3029 0.6971 1 0.3965 0.0977 0.0977 0.0916 1.0916 1 0.8552 0.1166 0.1166 0.1166 1.1166 1 0.8358 0 0
36 51 3325 0 0 0 0 0 1.002 0 0.986 1.0076 1.0076 1.0278 0.0833 1.4656 0.8264 0.8877 1.0191 1.2027 0.734 3.0526 0.9905 0.8841 0.8841 0.8939 0.094 1.4363 0.0667 0.0667 0.2669 1.2669 1 0.3806 -0.1223 0.1223 -0.1146 0.8854 1 0.7656 -0.1609 0.1609 -0.1609 0.8391 1 0.6871 0 0
36 52 3636 0 0 0 0 0 1.0043 0 0.9878 0.8342 0.8342 0.8519 0.1667 1.3792 0.8308 0.8602 0.9494 1.1338 0.772 2.8463 0.9891 0.809 0.809 0.822 0.102 1.3804 0.0704 0.0704 0.2816 1.2816 1 0.3736 -0.1913 0.1913 -0.1793 0.8207 1 0.6523 -0.2223 0.2223 -0.2223 0.7777 1 0.6265 0 0
36 53 3334 0 0 0 0 0 1.0075 0 0.9746 0.7663 0.7663 0.8089 0.4167 1.4141 0.8396 0.6528 0.8213 0.9869 0.862 2.9996 0.9954 0.6113 0.6113 0.6293 0.678 1.4314 0.0739 0.0739 0.2955 1.2955 1 0.3357 -0.0114 0.0114 -0.0107 0.9893 1 0.7913 -0.064 0.064 -0.064 0.936 1 0.7167 0 0
36 54 3046 0 0 0 0 0 1.0095 0 0.9402 -0.0696 0.2271 0.3109 1 1.359 0.8582 -0.1305 0.5921 0.7778 0.912 2.5017 0.9953 -0.1785 0.1831 0.2012 1 1.3503 0.1324 0.1324 0.5297 1.5297 1 0.4253 -0.5053 0.5053 -0.4737 0.5263 0 0.4907 -0.5277 0.5277 -0.5277 0.4723 0 0.4472 0 0
36 55 3017 0 0 0 0 0 1.003 0 0.9817 -0.6162 0.6162 0.6488 0.5833 1.3487 0.8455 -0.5515 0.7392 0.9193 0.86 2.8026 0.9752 -0.5231 0.5231 0.5946 0.568 1.3617 0.0357 0.0357 0.1429 1.1429 1 0.3548 -0.2028 0.2028 -0.1901 0.8099 1 0.6301 -0.214 0.214 -0.214 0.786 1 0.5853 0 0
36 56 2950 0 0 0 0 0 1.0042 0 0.987 -0.3608 0.3608 0.3937 1 1.331 0.8505 -0.3469 0.6202 0.7883 0.936 2.8405 0.9868 -0.3131 0.3131 0.3525 0.986 1.3629 -0.0386 0.0386 -0.1546 0.8454 1 0.3362 -0.141 0.141 -0.1322 0.8678 1 0.6533 -0.1229 0.1229 -0.1229 0.8771 1 0.6173 0 0
36 57 3262 0 0 0 0 0 1.0019 0 0.9431 -0.7377 0.7377 0.7905 0.3333 1.3489 0.8213 -0.7205 0.8584 1.044 0.818 2.9109 0.9635 -0.6948 0.6948 0.7553 0.426 1.3832 -0.0292 0.0292 -0.1167 0.8833 1 0.3558 -0.1644 0.1644 -0.1541 0.8459 1 0.6726 -0.1499 0.1499 -0.1499 0.8501 1 0.6439 0 0
36 58 4653 0 0 0 0 0 1.009 0 0.9905 -0.334 0.334 0.3561 1 1.3274 0.8411 -0.3536 0.6409 0.8359 0.928 2.9747 0.9849 -0.3261 0.3261 0.3692 0.976 1.3964 0.0238 0.0238 0.095 1.095 1 0.34 -0.0061 0.0061 -0.0057 0.9943 1 0.7221 -0.0273 0.0273 -0.0273 0.9727 1 0.6871 0 0
36 59 2447 0 0 0 0 0 1.0011 0 0.977 0.4916 0.4916 0.5945 0.8333 1.4661 0.8307 0.4153 0.6942 0.8692 0.86 2.6394 0.9619 0.3897 0.4072 0.4769 0.84 1.3654 0.0753 0.0753 0.3011 1.3011 1 0.4201 -0.4164 0.4164 -0.3904 0.6096 0 0.5278 -0.426 0.426 -0.426 0.574 0 0.4982 0 0
36 60 2939 0 0 0 0 0 1.003 0 0.9972 -0.5959 0.5959 0.6163 0.8333 1.4613 0.8444 -0.6217 0.7923 0.9668 0.876 2.9057 0.9889 -0.5521 0.5521 0.5726 0.814 1.405 -0.058 0.058 -0.2321 0.7679 1 0.3866 -0.1787 0.1787 -0.1675 0.8325 1 0.6616 -0.1535 0.1535 -0.1535 0.8465 1 0.6398 0 0
36 61 2813 0 0 0 0 0 1.0058 0 0.9893 -0.0194 0.2316 0.3044 1 1.4193 0.8252 -0.1404 0.6053 0.7802 0.94 2.687 0.9822 -0.1104 0.2082 0.2403 1 1.307 -0.1 0.1 -0.3999 0.6001 1 0.4003 -0.3821 0.3821 -0.3582 0.6418 0 0.5375 -0.3383 0.3383 -0.3383 0.6617 0 0.5287 0 0
36 62 2564 0 0 0 0 0 1.0021 0 0.9754 -0.0147 0.2041 0.2851 1 1.3642 0.855 -0.1172 0.5757 0.7623 0.956 2.9872 0.9799 -0.0653 0.2113 0.2459 1 1.3506 -0.138 0.138 -0.552 0.448 1 0.4012 -0.1011 0.1011 -0.0947 0.9053 1 0.709 -0.0568 0.0568 -0.0568 0.9432 1 0.6846 0 0
36 63 2871 0 0 0 0 0 1.0095 0 0.9473 0.0407 0.2048 0.2583 1 1.3442 0.8523 0.0798 0.5658 0.7439 0.96 2.9091 0.9857 0.0755 0.1513 0.1776 1 1.4182 0.0694 0.0694 0.2775 1.2775 1 0.293 -0.0457 0.0457 -0.0428 0.9572 1 0.7255 -0.0902 0.0902 -0.0902 0.9098 1 0.6437 0 0
36 64 4111 0 0 0 0 0 1.0105 0 0.9858 0.0995 0.2598 0.3012 1 1.3457 0.8348 0.0686 0.5808 0.7669 0.944 2.6904 0.9493 0.0157 0.2735 0.3466 0.906 1.2919 -0.1061 0.1061 -0.4243 0.5757 1 0.3369 -0.3223 0.3223 -0.3021 0.6979 0 0.5577 -0.2767 0.2767 -0.2767 0.7233 1 0.5385 0 0
36 65 3663 0 0 0 0 0 1.0022 0 0.9734 0.3887 0.3887 0.4683 0.9167 1.3945 0.8465 0.3441 0.6523 0.8248 0.912 2.9122 0.9556 0.3605 0.3998 0.4553 0.95 1.3933 0.0192 0.0192 0.0768 1.0768 1 0.3164 -0.0962 0.0962 -0.0902 0.9098 1 0.7114 -0.1066 0.1066 -0.1066 0.8934 1 0.6605 0 0
36 66 2395 0 0 0 0 0 1.0063 0 0.9891 -0.7437 0.7437 0.7638 0.3333 1.3481 0.837 -0.6209 0.8281 0.9878 0.812 2.7395 0.9674 -0.798 0.798 0.8389 0.312 1.2998 -0.0768 0.0768 -0.307 0.693 1 0.4285 -0.3354 0.3354 -0.3145 0.6855 0 0.5799 -0.2997 0.2997 -0.2997 0.7003 1 0.5606 0 0
36 67 4368 0 0 0 0 0 1.0055 0 0.993 -0.2531 0.2531 0.2845 1 1.3699 0.8604 -0.1751 0.5814 0.7327 0.97 3.1161 0.9761 -0.1949 0.2441 0.2856 1 1.4163 0.0058 0.0058 0.0232 1.0232 1 0.3398 0.1563 0.1563 0.1465 1.1465 1 0.8633 0.1329 0.1329 0.1329 1.1329 1 0.8083 0 0
36 68 2938 0 0 0 0 0 1.0031 0 0.9641 -0.28 0.2943 0.3447 1 1.3478 0.8433 -0.3392 0.645 0.8484 0.932 2.9803 0.9816 -0.3477 0.3559 0.394 1 1.4032 0.0307 0.0307 0.1227 1.1227 1 0.3491 -0.0247 0.0247 -0.0231 0.9769 1 0.7368 -0.0501 0.0501 -0.0501 0.9499 1 0.6783 0 0
36 69 3306 0 0 0 0 0 1.0023 0 0.9751 -0.4381 0.4519 0.5333 0.75 1.4185 0.8584 -0.4121 0.6516 0.8172 0.904 2.8262 0.9947 -0.4435 0.4435 0.4547 1 1.4395 0.1241 0.1241 0.4964 1.4964 1 0.3106 -0.1898 0.1898 -0.178 0.822 1 0.7029 -0.2528 0.2528 -0.2528 0.7472 1 0.617 0 0
36 70 2780 0 0 0 0 0 1.005 0 0.9841 0.327 0.327 0.351 1 1.3067 0.8416 0.2485 0.6313 0.8275 0.946 2.934 0.9898 0.3599 0.3602 0.3935 1 1.3362 -0.0655 0.0655 -0.2619 0.7381 1 0.3364 -0.0969 0.0969 -0.0908 0.9092 1 0.7061 -0.0705 0.0705 -0.0705 0.9295 1 0.6787 0 0
36 71 3200 0 0 0 0 0 1.0055 0 0.974 -0.6901 0.6901 0.712 0.5 1.3423 0.8218 -0.7208 0.8687 1.0582 0.838 3.0726 0.9885 -0.7901 0.7901 0.8057 0.192 1.3657 -0.1164 0.1164 -0.4656 0.5344 1 0.3574 0.0523 0.0523 0.049 1.049 1 0.7542 0.0893 0.0893 0.0893 1.0893 1 0.7367 0 0
36 72 2446 0 0 0 0 0 1.0034 0 0.9818 -0.7502 0.7502 0.7996 0.25 1.4427 0.8402 -0.771 0.9172 1.0857 0.784 2.9696 0.9916 -0.8288 0.8288 0.8377 0.24 1.4055 0.0014 0.0014 0.0055 1.0055 1 0.3938 -0.1582 0.1582 -0.1483 0.8517 1 0.7266 -0.1588 0.1588 -0.1588 0.8412 1 0.6873 0 0
36 73 2608 0 0 0 0 0 1.0053 0 0.9843 -0.212 0.232 0.2777 1 1.3194 0.8535 -0.2039 0.5844 0.7701 0.938 2.9601 0.9783 -0.1609 0.1866 0.2593 1 1.3385 -0.0322 0.0322 -0.1287 0.8713 1 0.342 -0.0573 0.0573 -0.0537 0.9463 1 0.7145 -0.047 0.047 -0.047 0.953 1 0.6813 0 0
36 74 2979 0 0 0 0 0 1.004 0 0.9935 -0.2483 0.2823 0.3507 0.9167 1.4115 0.8611 -0.2227 0.6158 0.7904 0.95 3.0125 0.9746 -0.2296 0.2577 0.3119 1 1.4294 0.0431 0.0431 0.1723 1.1723 1 0.3582 -0.0272 0.0272 -0.0255 0.9745 1 0.7975 -0.0594 0.0594 -0.0594 0.9406 1 0.7366 0 0
36 75 2786 0 0 0 0 0 1.004 0 0.9709 -1.4358 1.4358 1.4498 0 1.4377 0.8119 -1.4002 1.4204 1.6129 0.582 3.3056 0.9847 -1.4076 1.4076 1.4175 0 1.4763 -0.0254 0.0254 -0.1016 0.8984 1 0.3238 0.0915 0.0915 0.0857 1.0857 1 0.8568 0.0912 0.0912 0.0912 1.0912 1 0.8217 0 0
36 76 3590 0 0 0 0 0 1.0042 0 0.9929 -0.0111 0.0918 0.1115 1 1.3083 0.858 -0.0306 0.5274 0.6982 0.966 2.8491 0.9872 -0.0813 0.1925 0.2303 1 1.3663 0.0428 0.0428 0.1711 1.1711 1 0.2995 -0.0985 0.0985 -0.0923 0.9077 1 0.6685 -0.1211 0.1211 -0.1211 0.8789 1 0.6181 0 0
36 77 2838 0 0 0 0 0 1.0044 0 0.9865 0.3579 0.3579 0.4067 1 1.3658 0.8564 0.3192 0.6247 0.816 0.934 3.1106 0.9813 0.319 0.3296 0.3675 1 1.3904 -0.074 0.074 -0.2959 0.7041 1 0.3689 0.0115 0.0115 0.0107 1.0107 1 0.7785 0.035 0.035 0.035 1.035 1 0.7691 0 0
36 78 2733 0 0 0 0 0 1.0029 0 0.9488 -0.4631 0.4631 0.5319 0.8333 1.3713 0.8447 -0.5399 0.7324 0.9071 0.908 3.0757 0.9835 -0.6127 0.6127 0.636 0.65 1.4005 -0.0618 0.0618 -0.2473 0.7527 1 0.3809 -0.0477 0.0477 -0.0447 0.9553 1 0.7244 -0.0273 0.0273 -0.0273 0.9727 1 0.6975 0 0
36 79 2317 0 0 0 0 0 1.0057 0 0.9596 -0.3909 0.4593 0.5768 0.6667 1.405 0.8289 -0.2436 0.6586 0.8638 0.886 2.6516 0.9831 -0.2698 0.3152 0.3867 0.898 1.3274 -0.0588 0.0588 -0.2351 0.7649 1 0.4414 -0.417 0.417 -0.3909 0.6091 0 0.5112 -0.3825 0.3825 -0.3825 0.6175 0 0.5048 0 0
36 80 2852 0 0 0 0 0 1.0037 0 0.9668 -0.144 0.2421 0.3105 0.9167 1.3486 0.8304 -0.0852 0.5981 0.7705 0.96 2.9537 0.9763 -0.0999 0.2468 0.2786 1 1.3759 -0.0429 0.0429 -0.1717 0.8283 1 0.3458 -0.0438 0.0438 -0.041 0.959 1 0.6899 -0.0294 0.0294 -0.0294 0.9706 1 0.6616 0 0
36 81 3202 0 0 0 0 0 1.0043 0 0.9823 0.2675 0.3291 0.3638 1 1.357 0.8611 0.2585 0.6 0.7722 0.944 2.9571 0.9832 0.2841 0.2841 0.3721 0.968 1.3285 -0.1621 0.1621 -0.6482 0.3518 1 0.3547 -0.0852 0.0852 -0.0798 0.9202 1 0.7063 -0.0343 0.0343 -0.0343 0.9657 1 0.6968 0 0
36 82 2809 0 0 0 0 0 1.011 0 0.9886 -0.284 0.284 0.3366 0.9167 1.4035 0.8374 -0.2222 0.6461 0.8413 0.97 3.4478 0.9721 -0.1666 0.2284 0.2901 1 1.5125 0.0429 0.0429 0.1716 1.1716 1 0.3285 0.4442 0.4442 0.4164 1.4164 1 1.0844 0.3698 0.3698 0.3698 1.3698 1 1.0064 0 0
36 83 2533 0 0 0 0 0 1.0054 0 0.9698 0.4227 0.4227 0.4723 0.9167 1.3831 0.8121 0.4898 0.7227 0.9155 0.9 2.8797 0.9856 0.5416 0.5416 0.5826 0.704 1.3829 -0.0216 0.0216 -0.0865 0.9135 1 0.379 -0.2067 0.2067 -0.1938 0.8062 1 0.6388 -0.1938 0.1938 -0.1938 0.8062 1 0.6105 0 0
36 84 2377 0 0 0 0 0 1.0046 0 0.97 0.0844 0.3743 0.4946 0.9167 1.4456 0.8246 -0.0271 0.6161 0.8037 0.894 2.5368 0.9851 0.0179 0.2062 0.2314 1 1.2926 -0.0554 0.0554 -0.2218 0.7782 1 0.4104 -0.5081 0.5081 -0.4763 0.5237 0 0.4842 -0.4685 0.4685 -0.4685 0.5315 0 0.4762 0 0
36 85 2866 0 0 0 0 0 1.0037 0 0.9744 0.3282 0.3282 0.3713 0.9167 1.3583 0.8424 0.3452 0.6221 0.8033 0.944 3.0282 0.952 0.2836 0.3287 0.4052 0.902 1.4376 0.0374 0.0374 0.1496 1.1496 1 0.3422 0.0226 0.0226 0.0212 1.0212 1 0.7611 -0.0098 0.0098 -0.0098 0.9902 1 0.7177 0 0
36 86 2634 0 0 0 0 0 1.0092 0 0.99 0.206 0.2097 0.2655 1 1.3866 0.8207 0.2582 0.6148 0.8274 0.938 3.1123 0.9803 0.2807 0.3218 0.3766 0.98 1.4068 -0.0321 0.0321 -0.1283 0.8717 1 0.3325 0.1176 0.1176 0.1102 1.1102 1 0.8474 0.119 0.119 0.119 1.119 1 0.7998 0 0
36 87 2781 0 0 0 0 0 1.0065 0 0.9863 -0.0295 0.1235 0.1557 1 1.3437 0.8303 -0.0272 0.5942 0.7763 0.956 2.8943 0.9761 0.1274 0.1962 0.2431 1 1.3851 -0.0188 0.0188 -0.075 0.925 1 0.3175 -0.116 0.116 -0.1088 0.8912 1 0.6898 -0.1071 0.1071 -0.1071 0.8929 1 0.6459 0 0
36 88 2918 0 0 0 0 0 1.0035 0 0.977 -0.254 0.3131 0.3539 0.9167 1.3968 0.8556 -0.3173 0.6053 0.7846 0.934 2.8733 0.9829 -0.2419 0.2552 0.299 1 1.4202 0.0279 0.0279 0.1117 1.1117 1 0.335 -0.1429 0.1429 -0.1339 0.8661 1 0.7026 -0.1547 0.1547 -0.1547 0.8453 1 0.6635 0 0
36 89 2577 0 0 0 0 0 1.0026 0 0.9718 0.9566 0.9566 1.0486 0.0833 1.5167 0.8303 0.7292 0.9006 1.0892 0.772 2.8271 0.9614 0.7146 0.7163 0.7661 0.478 1.3541 -0.1212 0.1212 -0.4849 0.5151 1 0.3797 -0.3289 0.3289 -0.3083 0.6917 1 0.6131 -0.2815 0.2815 -0.2815 0.7185 1 0.6034 0 0
36 90 2842 0 0 0 0 0 1.0022 0 0.9883 -0.3162 0.3194 0.3803 1 1.3355 0.8553 -0.2862 0.6392 0.8139 0.948 2.9146 0.9816 -0.356 0.356 0.4015 1 1.3502 -0.1229 0.1229 -0.4916 0.5084 1 0.3625 -0.1819 0.1819 -0.1705 0.8295 1 0.65 -0.1375 0.1375 -0.1375 0.8625 1 0.6324 0 0
36 91 2872 0 0 0 0 0 1.0048 0 0.9858 0.0613 0.1514 0.18 1 1.3409 0.8443 0.1075 0.562 0.7367 0.97 2.8555 0.9868 0.0672 0.1538 0.1827 1 1.4036 0.0621 0.0621 0.2485 1.2485 1 0.3117 -0.1093 0.1093 -0.1024 0.8976 1 0.6812 -0.143 0.143 -0.143 0.857 1 0.6009 0 0
36 92 3499 0 0 0 0 0 1.0045 0 0.9911 -0.5687 0.5687 0.5864 0.75 1.3932 0.8432 -0.6589 0.804 0.9851 0.872 3.0686 0.9698 -0.6114 0.6114 0.6533 0.63 1.4455 0.0561 0.0561 0.2244 1.2244 1 0.3408 0.0278 0.0278 0.0261 1.0261 1 0.7972 -0.0182 0.0182 -0.0182 0.9818 1 0.7118 0 0
36 93 2862 0 0 0 0 0 1.0126 0 0.9726 0.0514 0.1989 0.2235 1 1.3518 0.8563 -0.0011 0.5638 0.7255 0.948 2.783 0.9831 -0.0612 0.1536 0.1857 1 1.4261 0.1504 0.1504 0.6014 1.6014 1 0.3414 -0.2052 0.2052 -0.1924 0.8076 1 0.6454 -0.284 0.284 -0.284 0.716 1 0.5685 0 0
36 94 2861 0 0 0 0 0 1.0044 0 0.9925 0.1769 0.1946 0.2232 1 1.2999 0.8491 0.1301 0.5499 0.7227 0.958 2.9742 0.9802 0.128 0.2238 0.2427 1 1.3771 0.0185 0.0185 0.0741 1.0741 1 0.3065 0.0641 0.0641 0.06 1.06 1 0.7516 0.0414 0.0414 0.0414 1.0414 1 0.6963 0 0
36 95 2717 0 0 0 0 0 1.0038 0 0.9732 0.9776 0.9776 1.12 0.4167 1.6454 0.8387 0.8506 0.9705 1.1781 0.736 2.8399 0.9831 0.9317 0.9317 0.9494 0.084 1.3707 -0.0464 0.0464 -0.1857 0.8143 1 0.4518 -0.3277 0.3277 -0.3072 0.6928 1 0.6605 -0.3022 0.3022 -0.3022 0.6978 1 0.6377 0 0
36 96 2305 0 0 0 0 0 1.0098 0 0.9532 0.9436 0.9436 1.0044 0.1667 1.3822 0.8309 0.901 1.0072 1.1739 0.736 2.915 0.9849 0.8599 0.8599 0.8883 0.216 1.3138 -0.1915 0.1915 -0.7662 0.2338 1 0.447 -0.2276 0.2276 -0.2134 0.7866 1 0.6395 -0.1751 0.1751 -0.1751 0.8249 1 0.6262 0 0
36 97 2913 0 0 0 0 0 1.0066 0 0.9895 -0.2454 0.2454 0.3362 1 1.3945 0.8427 -0.2059 0.598 0.7708 0.936 2.6878 0.9843 -0.2948 0.2948 0.3422 1 1.3876 0.0458 0.0458 0.1831 1.1831 1 0.3286 -0.3098 0.3098 -0.2904 0.7096 1 0.5763 -0.3147 0.3147 -0.3147 0.6853 0 0.5408 0 0
36 98 2930 0 0 0 0 0 1.002 0 0.9761 0.2684 0.3133 0.4333 0.9167 1.4613 0.8683 0.1964 0.5777 0.7354 0.96 2.879 0.9921 0.1629 0.1873 0.2172 1 1.4051 0.0671 0.0671 0.2685 1.2685 1 0.3368 -0.1432 0.1432 -0.1342 0.8658 1 0.7062 -0.177 0.177 -0.177 0.823 1 0.6468 0 0
36 99 2838 0 0 0 0 0 1.0077 0 0.9946 0.5053 0.5053 0.5456 0.8333 1.4265 0.8428 0.4538 0.6935 0.8806 0.9 2.9789 0.9663 0.5125 0.5125 0.5699 0.732 1.3796 -0.0306 0.0306 -0.1223 0.8777 1 0.3151 -0.0889 0.0889 -0.0833 0.9167 1 0.7206 -0.0761 0.0761 -0.0761 0.9239 1 0.6918 0 0
36 100 2729 0 0 0 0 0 1.0063 0 0.9762 0.2414 0.286 0.3181 1 1.3342 0.8338 0.266 0.6402 0.8312 0.916 2.7481 0.9938 0.1974 0.1981 0.2426 1 1.3298 -0.0945 0.0945 -0.3782 0.6218 1 0.3509 -0.3107 0.3107 -0.2913 0.7087 0 0.5472 -0.2685 0.2685 -0.2685 0.7315 1 0.5305 0 0
36 101 2497 0 0 0 0 0 1.0055 0 0.9852 -0.241 0.241 0.2858 1 1.3384 0.8607 -0.2993 0.5888 0.7556 0.944 2.9798 0.9903 -0.3044 0.3098 0.3396 1 1.3775 -0.022 0.022 -0.0879 0.9121 1 0.3276 -0.0257 0.0257 -0.0241 0.9759 1 0.7621 -0.0214 0.0214 -0.0214 0.9786 1 0.7067 0 0
36 102 3659 0 0 0 0 0 1.0109 0 0.9895 -0.55 0.55 0.5611 0.9167 1.3752 0.8284 -0.5825 0.8153 1.0228 0.892 3.2893 0.9637 -0.5645 0.5824 0.6418 0.63 1.5289 0.0873 0.0873 0.3491 1.3491 1 0.337 0.3579 0.3579 0.3355 1.3355 1 0.9335 0.2495 0.2495 0.2495 1.2495 1 0.8153 0 0
36 103 2816 0 0 0 0 0 1.0041 0 0.9891 0.0404 0.1648 0.1918 1 1.3156 0.8599 0.0685 0.5538 0.7111 0.98 3.291 0.9746 0.0548 0.1963 0.2238 1 1.4364 -0.0454 0.0454 -0.1815 0.8185 1 0.3348 0.3099 0.3099 0.2906 1.2906 1 0.9121 0.3085 0.3085 0.3085 1.3085 1 0.8639 0 0
36 104 2860 0 0 0 0 0 1.0026 0 0.9545 0.2752 0.3548 0.4174 0.9167 1.3652 0.837 0.2312 0.6449 0.8421 0.896 2.695 0.9832 0.2616 0.268 0.3347 0.914 1.305 -0.1298 0.1298 -0.5192 0.4808 1 0.4201 -0.3737 0.3737 -0.3503 0.6497 0 0.5353 -0.3252 0.3252 -0.3252 0.6748 0 0.5266 0 0
36 105 2905 0 0 0 0 0 1.0094 0 0.9787 -0.4432 0.4432 0.4913 0.9167 1.3476 0.8716 -0.4299 0.6709 0.8425 0.942 2.996 0.994 -0.3629 0.3629 0.3808 1 1.3851 -0.0394 0.0394 -0.1575 0.8425 1 0.3191 0.0038 0.0038 0.0036 1.0036 1 0.7332 0.0151 0.0151 0.0151 1.0151 1 0.7008 0 0
36 106 3220 0 0 0 0 0 1.003 0 0.9891 -0.3413 0.3413 0.3763 0.9167 1.2958 0.863 -0.3846 0.6352 0.8066 0.94 2.9832 0.9906 -0.3445 0.3445 0.3682 1 1.4293 0.1209 0.1209 0.4835 1.4835 1 0.2873 0.1698 0.1698 0.1592 1.1592 1 0.862 0.0579 0.0579 0.0579 1.0579 1 0.7307 0 0
36 107 2453 0 0 0 0 0 1.0067 0 0.9867 0.0177 0.0958 0.1244 1 1.3006 0.8235 -0.0018 0.579 0.7652 0.954 2.9442 0.9697 0.0492 0.2331 0.2794 1 1.3524 -0.0298 0.0298 -0.119 0.881 1 0.3625 -0.0512 0.0512 -0.048 0.952 1 0.6916 -0.0433 0.0433 -0.0433 0.9567 1 0.6591 0 0
36 108 2862 0 0 0 0 0 1.0028 0 0.9665 -0.2546 0.3255 0.3627 1 1.348 0.85 -0.2535 0.6038 0.7873 0.928 2.7808 0.9695 -0.2187 0.3166 0.391 0.91 1.3927 0.08 0.08 0.3201 1.3201 1 0.3175 -0.1582 0.1582 -0.1484 0.8516 1 0.6363 -0.1976 0.1976 -0.1976 0.8024 1 0.5794 0 0
36 109 2695 0 0 0 0 0 1.0107 0 0.9836 0.2764 0.2921 0.3128 1 1.3174 0.8511 0.24 0.5745 0.7415 0.968 3.0325 0.9844 0.265 0.281 0.3125 1 1.3791 -0.0337 0.0337 -0.135 0.865 1 0.362 -0.0038 0.0038 -0.0036 0.9964 1 0.7506 0.0032 0.0032 0.0032 1.0032 1 0.7231 0 0
36 110 2954 0 0 0 0 0 1.0035 0 0.9778 -0.7679 0.7679 0.8036 0.4167 1.3392 0.8258 -0.7082 0.8624 1.0636 0.79 2.6686 0.9704 -0.7322 0.7322 0.8099 0.42 1.3302 0.0313 0.0313 0.1252 1.1252 1 0.3477 -0.3442 0.3442 -0.3227 0.6773 0 0.5363 -0.3408 0.3408 -0.3408 0.6592 0 0.5048 0 0
36 111 3574 0 0 0 0 0 1.0038 0 0.9912 -0.0569 0.1394 0.1695 1 1.395 0.8362 -0.0691 0.5909 0.7765 0.948 2.9022 0.9856 -0.0767 0.162 0.1872 1 1.4321 0.1282 0.1282 0.513 1.513 1 0.2971 -0.0836 0.0836 -0.0783 0.9217 1 0.7098 -0.1644 0.1644 -0.1644 0.8356 1 0.6185 0 0
36 112 2974 0 0 0 0 0 1.0052 0 0.9893 -0.6799 0.6799 0.7049 0.6667 1.3359 0.872 -0.5815 0.7675 0.9381 0.88 2.9313 0.9768 -0.5913 0.5913 0.6264 0.666 1.417 0.0757 0.0757 0.3029 1.3029 1 0.3462 -0.0564 0.0564 -0.0529 0.9471 1 0.7307 -0.1055 0.1055 -0.1055 0.8945 1 0.658 0 0
36 113 2939 0 0 0 0 0 1.0098 0 0.9804 -0.6622 0.6622 0.6808 0.5833 1.3191 0.8445 -0.6035 0.7549 0.9354 0.866 2.8156 0.988 -0.5126 0.5126 0.5399 0.788 1.3474 0.0148 0.0148 0.0593 1.0593 1 0.3373 -0.1722 0.1722 -0.1614 0.8386 1 0.6418 -0.1753 0.1753 -0.1753 0.8247 1 0.596 0 0
36 114 2936 0 0 0 0 0 1.0185 0 0.9792 0.13 0.2006 0.2605 1 1.3652 0.8412 0.1826 0.5808 0.7543 0.962 2.8606 0.9867 0.2637 0.2873 0.3485 1 1.4051 0.0841 0.0841 0.3363 1.3363 1 0.3773 -0.1082 0.1082 -0.1014 0.8986 1 0.7115 -0.1586 0.1586 -0.1586 0.8414 1 0.627 0 0
36 115 2890 0 0 0 0 0 1.0052 0 0.9226 0.2967 0.3576 0.4246 0.9167 1.3424 0.8397 0.3628 0.6679 0.866 0.926 3.0583 0.9892 0.2977 0.3038 0.3285 1 1.4033 -0.036 0.036 -0.1439 0.8561 1 0.3695 0.0018 0.0018 0.0017 1.0017 1 0.7711 0.0093 0.0093 0.0093 1.0093 1 0.7222 0 0
36 116 2774 0 0 0 0 0 1.008 0 0.7779 1.1788 1.1788 1.3518 0.25 1.4898 0.826 0.9051 1.0292 1.2126 0.718 2.8961 0.9894 1.0102 1.0102 1.028 0.078 1.4081 0.054 0.054 0.2159 1.2159 1 0.3993 -0.2389 0.2389 -0.224 0.776 1 0.6765 -0.2582 0.2582 -0.2582 0.7418 1 0.6142 0 0
36 117 3932 0 0 0 0 0 1.0047 0 0.9865 -0.0323 0.1466 0.1912 1 1.3656 0.8782 0.0252 0.555 0.7282 0.97 3.0342 0.9906 0.0212 0.1337 0.1533 1 1.4217 0.0314 0.0314 0.1256 1.1256 1 0.3148 0.069 0.069 0.0647 1.0647 1 0.8333 0.0368 0.0368 0.0368 1.0368 1 0.7566 0 0
36 118 3547 0 0 0 0 0 1.0043 0 0.9963 0.4206 0.4206 0.435 1 1.3382 0.8534 0.3589 0.6569 0.8152 0.928 2.8595 0.9565 0.3741 0.3932 0.4675 0.85 1.3527 -0.0182 0.0182 -0.0726 0.9274 1 0.4181 -0.1705 0.1705 -0.1598 0.8402 1 0.6418 -0.1623 0.1623 -0.1623 0.8377 1 0.6259 0 0
36 119 3594 0 0 0 0 0 1.0027 0 0.9915 -0.698 0.698 0.7134 0.4167 1.4062 0.8436 -0.6745 0.8387 1.0342 0.834 2.9376 0.989 -0.6657 0.6657 0.6832 0.668 1.3829 -0.1081 0.1081 -0.4323 0.5677 1 0.3528 -0.1567 0.1567 -0.1469 0.8531 1 0.6705 -0.1158 0.1158 -0.1158 0.8842 1 0.6439 0 0
36 120 2705 0 0 0 0 0 1.0119 0 0.9832 -0.0665 0.245 0.2906 1 1.362 0.8492 -0.099 0.5495 0.7369 0.96 2.9074 0.9921 -0.1198 0.1522 0.1956 1 1.3513 -0.0264 0.0264 -0.1055 0.8945 1 0.4052 -0.1258 0.1258 -0.118 0.882 1 0.6777 -0.1165 0.1165 -0.1165 0.8835 1 0.6533 0 0
36 121 2754 0 0 0 0 0 1.0042 0 0.9927 0.0063 0.1581 0.202 1 1.4265 0.8366 -0.0443 0.5584 0.7362 0.946 2.7683 0.9856 -0.0728 0.1436 0.1944 1 1.3366 -0.0577 0.0577 -0.2309 0.7691 1 0.4019 -0.2977 0.2977 -0.2791 0.7209 1 0.6248 -0.2672 0.2672 -0.2672 0.7328 1 0.6125 0 0
36 122 2819 0 0 0 0 0 1.0061 0 0.9894 -1.0249 1.0249 1.0413 0.0833 1.4276 0.8082 -1.043 1.1193 1.3175 0.676 2.9633 0.9774 -0.9532 0.9532 0.9805 0.178 1.3954 0.0264 0.0264 0.1056 1.1056 1 0.3489 -0.1131 0.1131 -0.106 0.894 1 0.7367 -0.1277 0.1277 -0.1277 0.8723 1 0.6758 0 0
36 123 2652 0 0 0 0 0 1.0041 0 0.9915 0.2221 0.287 0.336 1 1.4118 0.8397 0.1536 0.608 0.7732 0.952 2.9119 0.9845 0.2078 0.2228 0.3223 0.902 1.382 -0.0057 0.0057 -0.0228 0.9772 1 0.367 -0.1385 0.1385 -0.1299 0.8701 1 0.7046 -0.136 0.136 -0.136 0.864 1 0.6703 0 0
36 124 3659 0 0 0 0 0 1.0028 0 0.9609 -0.2445 0.264 0.3368 0.9167 1.3385 0.8482 -0.19 0.5968 0.7706 0.962 3.0464 0.9977 -0.1549 0.156 0.178 1 1.3854 -0.0962 0.0962 -0.3847 0.6153 1 0.3269 0.0288 0.0288 0.027 1.027 1 0.7454 0.0616 0.0616 0.0616 1.0616 1 0.7299 0 0
36 125 2715 0 0 0 0 0 1.002 0 0.9731 -0.0309 0.152 0.2172 1 1.3628 0.8679 -0.0421 0.5529 0.7236 0.964 3.0633 0.9934 0.0155 0.1268 0.1809 1 1.3969 -0.0539 0.0539 -0.2157 0.7843 1 0.3429 -0.0622 0.0622 -0.0583 0.9417 1 0.7241 -0.0424 0.0424 -0.0424 0.9576 1 0.6908 0 0
36 126 2700 0 0 0 0 0 1.006 0 0.9913 0.2935 0.2935 0.353 1 1.3792 0.838 0.2139 0.6033 0.7731 0.956 2.9117 0.9876 0.2482 0.2607 0.3067 1 1.2783 -0.2243 0.2243 -0.8971 0.1029 0 0.3928 -0.2039 0.2039 -0.1911 0.8089 1 0.6546 -0.1466 0.1466 -0.1466 0.8534 1 0.649 0 0
36 127 2711 0 0 0 0 0 1.0039 0 0.9957 -0.3021 0.3021 0.3284 1 1.3962 0.854 -0.2522 0.6158 0.8037 0.946 3.1298 0.9906 -0.1701 0.1833 0.2151 1 1.4229 0.0093 0.0093 0.0373 1.0373 1 0.3802 0.0588 0.0588 0.0551 1.0551 1 0.8249 0.0379 0.0379 0.0379 1.0379 1 0.7693 0 0
36 128 3827 0 0 0 0 0 1.0047 0 0.9774 0.374 0.374 0.4305 0.9167 1.4221 0.8628 0.3567 0.6344 0.7997 0.946 3.0115 0.9925 0.3435 0.3435 0.3642 1 1.5483 0.1939 0.1939 0.7754 1.7754 0 0.2968 0.1261 0.1261 0.1182 1.1182 1 0.8498 -0.0508 0.0508 -0.0508 0.9492 1 0.7166 0 0
36 129 3536 0 0 0 0 0 1.0032 0 0.977 -0.8397 0.8397 0.8674 0.25 1.3718 0.8318 -0.9659 1.0504 1.2241 0.766 3.2415 0.9924 -1.0056 1.0056 1.0138 0.016 1.4169 -0.0178 0.0178 -0.0712 0.9288 1 0.3438 0.184 0.184 0.1725 1.1725 1 0.8827 0.1725 0.1725 0.1725 1.1725 1 0.8315 0 0
36 130 2706 0 0 0 0 0 1.0065 0 0.9814 -1.1448 1.1448 1.1672 0.0833 1.4034 0.8372 -1.0405 1.1323 1.3009 0.68 3.0042 0.9957 -1.0684 1.0684 1.0721 0.002 1.3955 -0.0384 0.0384 -0.1537 0.8463 1 0.3681 -0.1291 0.1291 -0.1211 0.8789 1 0.7115 -0.1134 0.1134 -0.1134 0.8866 1 0.6709 0 0
36 131 3898 0 0 0 0 0 1.0075 0 0.9951 -0.2643 0.2643 0.2777 1 1.3597 0.8712 -0.2088 0.5734 0.7405 0.966 3.0785 0.9967 -0.1036 0.1273 0.1576 1 1.4727 0.0867 0.0867 0.3468 1.3468 1 0.3371 0.079 0.079 0.074 1.074 1 0.8051 0.0055 0.0055 0.0055 1.0055 1 0.7291 0 0
36 132 2477 0 0 0 0 0 1.0052 0 0.9906 0.3178 0.3449 0.4152 1 1.4763 0.841 0.271 0.6618 0.842 0.926 2.9907 0.9946 0.2262 0.245 0.3066 1 1.3801 -0.0184 0.0184 -0.0735 0.9265 1 0.3686 -0.0875 0.0875 -0.082 0.918 1 0.762 -0.0821 0.0821 -0.0821 0.9179 1 0.7331 0 0
36 133 2362 0 0 0 0 0 1.0058 0 0.984 -0.0862 0.196 0.2532 1 1.3537 0.8358 -0.0293 0.564 0.7422 0.932 2.6164 0.9896 -0.0038 0.1872 0.2165 1 1.3145 -0.0751 0.0751 -0.3004 0.6996 1 0.431 -0.4349 0.4349 -0.4077 0.5923 0 0.49 -0.3959 0.3959 -0.3959 0.6041 0 0.4703 0 0
36 134 3426 0 0 0 0 0 1.0021 0 0.967 0.121 0.283 0.3274 1 1.3742 0.8507 0.1453 0.5863 0.7516 0.944 2.758 0.9775 0.0738 0.1959 0.2387 1 1.3922 0.0893 0.0893 0.3572 1.3572 1 0.328 -0.2089 0.2089 -0.1958 0.8042 1 0.6621 -0.2478 0.2478 -0.2478 0.7522 1 0.5914 0 0
36 135 2471 0 0 0 0 0 1.0063 0 0.9836 -0.6933 0.6933 0.7068 0.5833 1.4229 0.8377 -0.8122 0.9338 1.1191 0.872 3.5539 0.9907 -0.8285 0.8285 0.8447 0.43 1.5663 -0.0031 0.0031 -0.0124 0.9876 1 0.3567 0.4313 0.4313 0.4044 1.4044 1 1.0636 0.3927 0.3927 0.3927 1.3927 1 0.9917 0 0
36 136 4604 0 0 0 0 0 1.0051 0 0.9931 0.246 0.246 0.2834 1 1.3898 0.855 0.1842 0.6018 0.7811 0.968 3.3349 0.9861 0.1805 0.2139 0.239 1 1.4739 0.0325 0.0325 0.1299 1.1299 1 0.3108 0.4238 0.4238 0.3973 1.3973 1 1.0607 0.3605 0.3605 0.3605 1.3605 1 0.9711 0 0
36 137 2262 0 0 0 0 0 1.0071 0 0.9599 0.4595 0.5153 0.6254 0.75 1.449 0.8265 0.285 0.624 0.8 0.924 2.8231 0.9617 0.2345 0.3184 0.3777 0.918 1.3674 -0.0347 0.0347 -0.1386 0.8614 1 0.3596 -0.2591 0.2591 -0.2429 0.7571 1 0.6336 -0.2369 0.2369 -0.2369 0.7631 1 0.5993 0 0
36 138 2798 0 0 0 0 0 1.0035 0 0.9735 -0.5833 0.5833 0.635 0.6667 1.337 0.8402 -0.4858 0.7015 0.8792 0.902 2.7535 0.9807 -0.569 0.569 0.6098 0.63 1.3166 -0.0502 0.0502 -0.2009 0.7991 1 0.3579 -0.2803 0.2803 -0.2628 0.7372 1 0.5893 -0.2518 0.2518 -0.2518 0.7482 1 0.5669 0 0
36 139 3649 0 0 0 0 0 1.0027 0 0.9751 -0.6236 0.6236 0.67 0.5833 1.3713 0.8719 -0.5721 0.7347 0.91 0.884 2.8722 0.9828 -0.6511 0.6511 0.679 0.498 1.3885 0.0757 0.0757 0.3029 1.3029 1 0.3207 -0.158 0.158 -0.1481 0.8519 1 0.6929 -0.1946 0.1946 -0.1946 0.8054 1 0.6325 0 0
36 140 2713 0 0 0 0 0 1.0054 0 0.9631 -0.4272 0.443 0.5306 0.75 1.3636 0.8626 -0.3996 0.6501 0.8313 0.906 2.7697 0.9761 -0.3328 0.3409 0.3935 1 1.3465 -0.0366 0.0366 -0.1463 0.8537 1 0.3612 -0.2687 0.2687 -0.2519 0.7481 1 0.5998 -0.2453 0.2453 -0.2453 0.7547 1 0.5847 0 0
36 141 3385 0 0 0 0 0 1.0028 0 0.9703 0.6063 0.6063 0.6441 0.75 1.3704 0.8442 0.5163 0.7447 0.9184 0.862 2.7824 0.9862 0.5878 0.5878 0.6083 0.596 1.3693 0.0424 0.0424 0.1696 1.1696 1 0.3674 -0.3136 0.3136 -0.294 0.706 1 0.5696 -0.318 0.318 -0.318 0.682 0 0.5406 0 0
36 142 3372 0 0 0 0 0 1.0032 0 0.9874 -0.4349 0.4349 0.4601 1 1.3517 0.8575 -0.5054 0.6707 0.8372 0.924 3.0079 0.9952 -0.5132 0.5132 0.5251 0.992 1.3777 -0.0441 0.0441 -0.1765 0.8235 1 0.3589 -0.0684 0.0684 -0.0641 0.9359 1 0.7306 -0.0524 0.0524 -0.0524 0.9476 1 0.6998 0 0
36 143 2671 0 0 0 0 0 1.0028 0 0.9948 -0.1741 0.1883 0.2619 1 1.5126 0.8493 -0.0604 0.5617 0.7199 0.966 3.1564 0.9819 -0.0541 0.1531 0.1888 1 1.4145 -0.0836 0.0836 -0.3344 0.6656 1 0.3543 0.0282 0.0282 0.0264 1.0264 1 0.8293 0.0551 0.0551 0.0551 1.0551 1 0.813 0 0
36 144 2725 0 0 0 0 0 1.0019 0 0.9907 -0.4485 0.4528 0.4945 0.9167 1.4149 0.8527 -0.4281 0.6593 0.8331 0.92 2.7438 0.9767 -0.4258 0.4258 0.4745 0.818 1.329 -0.0426 0.0426 -0.1703 0.8297 1 0.3687 -0.2861 0.2861 -0.2683 0.7317 1 0.5853 -0.2604 0.2604 -0.2604 0.7396 1 0.561 0 0
36 145 3260 0 0 0 0 0 1.0041 0 0.965 0.5682 0.5682 0.6065 0.5833 1.3449 0.8526 0.6276 0.7707 0.9432 0.89 2.9751 0.9797 0.694 0.694 0.7193 0.57 1.3914 0.0119 0.0119 0.0474 1.0474 1 0.3639 -0.0917 0.0917 -0.0859 0.9141 1 0.7039 -0.1011 0.1011 -0.1011 0.8989 1 0.661 0 0
36 146 2824 0 0 0 0 0 1.0062 0 0.9703 0.3274 0.3697 0.4341 0.9167 1.3646 0.8482 0.3112 0.6208 0.8008 0.942 2.9125 0.9851 0.3034 0.3198 0.3531 1 1.3728 -0.0138 0.0138 -0.0552 0.9448 1 0.3267 -0.1317 0.1317 -0.1235 0.8765 1 0.6937 -0.1244 0.1244 -0.1244 0.8756 1 0.6489 0 0
36 147 2454 0 0 0 0 0 1.0022 0 0.9909 -0.548 0.5669 0.6192 0.6667 1.3932 0.8306 -0.4835 0.7273 0.9104 0.864 2.7325 0.9945 -0.5045 0.5045 0.5337 0.746 1.3121 -0.1295 0.1295 -0.518 0.482 1 0.407 -0.3368 0.3368 -0.3158 0.6842 0 0.5627 -0.2889 0.2889 -0.2889 0.7111 1 0.5517 0 0
36 148 5741 0 0 0 0 0 1.0036 0 0.9821 -0.2341 0.2653 0.3008 1 1.3228 0.8422 -0.2628 0.6239 0.8079 0.91 2.5336 0.9701 -0.3577 0.3648 0.4297 0.892 1.4512 0.2909 0.2909 1.1636 2.1636 0 0.3074 -0.2709 0.2709 -0.254 0.746 1 0.6166 -0.443 0.443 -0.443 0.557 0 0.4882 0 0
36 149 2268 0 0 0 0 0 1.0048 0 0.9889 -0.7366 0.7379 0.8228 0.5 1.4628 0.822 -0.6951 0.8801 1.0906 0.742 2.5795 0.9864 -0.7274 0.7274 0.7586 0.442 1.3377 0.0556 0.0556 0.2225 1.2225 1 0.4082 -0.4814 0.4814 -0.4513 0.5487 0 0.5243 -0.4752 0.4752 -0.4752 0.5248 0 0.5078 0 0
36 150 2911 0 0 0 0 0 1.0027 0 0.974 0.2257 0.2324 0.2874 1 1.3171 0.8728 0.2349 0.5544 0.7051 0.96 2.8476 0.9846 0.17 0.2139 0.2374 1 1.37 0.0048 0.0048 0.0194 1.0194 1 0.3372 -0.1235 0.1235 -0.1158 0.8842 1 0.636 -0.1257 0.1257 -0.1257 0.8743 1 0.6052 0 0
36 151 3647 0 0 0 0 0 1.0048 0 0.9654 -0.4202 0.425 0.5014 0.8333 1.3675 0.8231 -0.3585 0.6736 0.8542 0.918 2.9429 0.9874 -0.3809 0.3852 0.4305 0.868 1.3665 -0.0643 0.0643 -0.2574 0.7426 1 0.3511 -0.1547 0.1547 -0.1451 0.8549 1 0.6803 -0.1274 0.1274 -0.1274 0.8726 1 0.6529 0 0
36 152 2770 0 0 0 0 0 1.0054 0 0.9831 0.2758 0.339 0.387 1 1.4507 0.8403 0.3286 0.627 0.8165 0.93 3.0336 0.9663 0.3485 0.3589 0.4249 1 1.4479 0.0897 0.0897 0.3588 1.3588 1 0.3387 -0.0377 0.0377 -0.0353 0.9647 1 0.7776 -0.0989 0.0989 -0.0989 0.9011 1 0.7018 0 0
36 153 3635 0 0 0 0 0 1.0014 0 0.9861 -0.2511 0.2669 0.3387 1 1.438 0.8584 -0.2381 0.6259 0.8076 0.932 2.9676 0.9913 -0.2936 0.298 0.3398 1 1.4965 0.1377 0.1377 0.5509 1.5509 1 0.3217 -0.0497 0.0497 -0.0466 0.9534 1 0.8028 -0.1438 0.1438 -0.1438 0.8562 1 0.685 0 0
36 154 2803 0 0 0 0 0 1.0118 0 0.9709 -0.1041 0.2361 0.2811 1 1.3641 0.8537 -0.1368 0.5696 0.7298 0.972 3.0859 0.9914 -0.1787 0.1876 0.2309 1 1.3952 -0.014 0.014 -0.0558 0.9442 1 0.3399 0.0603 0.0603 0.0565 1.0565 1 0.8075 0.0544 0.0544 0.0544 1.0544 1 0.7427 0 0
36 155 3646 0 0 0 0 0 1.004 0 0.988 0.1741 0.1747 0.2201 1 1.3686 0.8268 0.064 0.5977 0.7935 0.938 2.9429 0.9776 0.0401 0.1772 0.203 1 1.426 0.0295 0.0295 0.1181 1.1181 1 0.351 -0.0525 0.0525 -0.0493 0.9507 1 0.7143 -0.0741 0.0741 -0.0741 0.9259 1 0.6614 0 0
36 156 3355 0 0 0 0 0 1.0062 0 0.9784 -0.5002 0.5002 0.5686 0.8333 1.4345 0.8448 -0.5119 0.7266 0.917 0.92 3.1417 0.9889 -0.5132 0.5132 0.5358 0.882 1.4364 0.0207 0.0207 0.0828 1.0828 1 0.3629 0.1133 0.1133 0.1062 1.1062 1 0.8333 0.0824 0.0824 0.0824 1.0824 1 0.7854 0 0
36 157 2719 0 0 0 0 0 1.0036 0 0.9486 0.0461 0.2065 0.2783 1 1.3671 0.8456 0.0228 0.561 0.742 0.962 2.8697 0.9888 0.1077 0.1585 0.2155 1 1.3944 0.0653 0.0653 0.2611 1.2611 1 0.3463 -0.1702 0.1702 -0.1596 0.8404 1 0.6595 -0.2005 0.2005 -0.2005 0.7995 1 0.6111 0 0
36 158 4681 0 0 0 0 0 1.0023 0 0.9801 -0.7851 0.7851 0.8221 0.25 1.4219 0.8512 -0.7346 0.8658 1.0455 0.846 2.9709 0.9809 -0.7852 0.787 0.8089 0.268 1.4734 0.1536 0.1536 0.6143 1.6143 1 0.2995 0.0984 0.0984 0.0922 1.0922 1 0.8467 -0.0328 0.0328 -0.0328 0.9672 1 0.7395 0 0
36 159 2738 0 0 0 0 0 1.0063 0 0.9699 0.0523 0.2219 0.3257 0.9167 1.3856 0.8374 0.0855 0.5794 0.7629 0.948 2.9907 0.9943 0.0268 0.2348 0.2705 1 1.4121 0.0597 0.0597 0.2388 1.2388 1 0.3495 0.0614 0.0614 0.0576 1.0576 1 0.8041 0.0105 0.0105 0.0105 1.0105 1 0.7582 0 0
36 160 2783 0 0 0 0 0 1.004 0 0.988 -0.5462 0.5462 0.5888 0.8333 1.3875 0.8384 -0.5638 0.7389 0.9135 0.914 2.9651 0.9457 -0.5811 0.5811 0.6595 0.614 1.3611 -0.0919 0.0919 -0.3678 0.6322 1 0.338 -0.0963 0.0963 -0.0903 0.9097 1 0.6922 -0.0615 0.0615 -0.0615 0.9385 1 0.6622 0 0
36 161 2685 0 0 0 0 0 1.0057 0 0.9851 0.4384 0.4384 0.4807 0.9167 1.4266 0.8215 0.4599 0.7282 0.935 0.876 2.7512 0.9642 0.4945 0.4946 0.576 0.77 1.3704 0.0711 0.0711 0.2844 1.2844 1 0.3947 -0.3217 0.3217 -0.3016 0.6984 1 0.5935 -0.3403 0.3403 -0.3403 0.6597 0 0.5464 0 0
36 162 2944 0 0 0 0 0 1.0043 0 0.9833 0.4715 0.4715 0.5482 0.6667 1.3756 0.835 0.3312 0.6708 0.8376 0.878 2.5823 0.9746 0.3789 0.3802 0.4512 0.816 1.3253 0.0475 0.0475 0.1899 1.1899 1 0.3772 -0.4428 0.4428 -0.4152 0.5848 0 0.5233 -0.4373 0.4373 -0.4373 0.5627 0 0.4798 0 0
36 163 4152 0 0 0 0 0 1.0035 0 0.9802 0.4039 0.4039 0.44 0.9167 1.3392 0.8719 0.4232 0.6343 0.7982 0.928 2.849 0.9763 0.4701 0.4748 0.5148 0.76 1.3656 0.0289 0.0289 0.1158 1.1158 1 0.3172 -0.1477 0.1477 -0.1385 0.8615 1 0.6587 -0.1594 0.1594 -0.1594 0.8406 1 0.613 0 0
36 164 2877 0 0 0 0 0 1.0059 0 0.964 0.782 0.782 0.811 0.3333 1.3977 0.8576 0.8088 0.9179 1.1193 0.83 3.2166 0.9818 0.7852 0.7852 0.8055 0.44 1.5068 0.0589 0.0589 0.2358 1.2358 1 0.3661 0.1043 0.1043 0.0978 1.0978 1 0.8727 0.0466 0.0466 0.0466 1.0466 1 0.7798 0 0
36 165 2528 0 0 0 0 0 1.0101 0 0.9934 0.3481 0.3628 0.4486 0.9167 1.385 0.8505 0.2662 0.6762 0.8457 0.896 2.6127 0.9907 0.265 0.2844 0.3014 1 1.2776 -0.1288 0.1288 -0.5151 0.4849 1 0.4394 -0.4478 0.4478 -0.4198 0.5802 0 0.5192 -0.3982 0.3982 -0.3982 0.6018 0 0.5182 0 0
36 166 3498 0 0 0 0 0 1.0037 0 0.993 1.2145 1.2145 1.2326 0 1.4307 0.8557 1.0382 1.1087 1.2762 0.638 2.9091 0.9907 0.8792 0.8792 0.9087 0.284 1.4443 0.1127 0.1127 0.451 1.451 1 0.3597 -0.13 0.13 -0.1219 0.8781 1 0.746 -0.1959 0.1959 -0.1959 0.8041 1 0.6719 0 0
36 167 3556 0 0 0 0 0 1.0065 0 0.9909 0.0381 0.1329 0.1509 1 1.367 0.8524 -0.0175 0.5825 0.7774 0.964 3.1244 0.9844 -0.0016 0.1373 0.1658 1 1.4671 0.0734 0.0734 0.2936 1.2936 1 0.3196 0.1816 0.1816 0.1703 1.1703 1 0.9055 0.1077 0.1077 0.1077 1.1077 1 0.8045 0 0
36 168 2828 0 0 0 0 0 1.0057 0 0.9668 0.3092 0.3092 0.3727 0.9167 1.356 0.8231 0.2836 0.6418 0.805 0.946 2.913 0.9806 0.3059 0.335 0.3765 1 1.4072 0.0516 0.0516 0.2066 1.2066 1 0.349 -0.1302 0.1302 -0.122 0.878 1 0.6982 -0.157 0.157 -0.157 0.843 1 0.6523 0 0
36 169 3033 0 0 0 0 0 1.0031 0 0.9964 0.4147 0.4147 0.4298 1 1.3908 0.8628 0.4176 0.6603 0.8307 0.936 3.0812 0.996 0.3747 0.3747 0.3905 1 1.4342 0.0215 0.0215 0.0858 1.0858 1 0.3272 0.1066 0.1066 0.0999 1.0999 1 0.8378 0.0776 0.0776 0.0776 1.0776 1 0.779 0 0
36 170 2598 0 0 0 0 0 1.003 0 0.9739 -0.0996 0.2512 0.3434 0.9167 1.3253 0.8607 -0.0435 0.5673 0.7197 0.936 2.6769 0.9929 -0.0935 0.1532 0.1801 1 1.3067 0.0774 0.0774 0.3097 1.3097 1 0.3574 -0.2783 0.2783 -0.2609 0.7391 1 0.5872 -0.3038 0.3038 -0.3038 0.6962 0 0.535 0 0
36 171 2695 0 0 0 0 0 1.0035 0 0.9802 0.144 0.1962 0.2461 1 1.3898 0.8389 0.0943 0.5751 0.7627 0.938 2.9055 0.9894 0.039 0.1482 0.1838 1 1.4179 0.0462 0.0462 0.1847 1.1847 1 0.3065 -0.1471 0.1471 -0.1379 0.8621 1 0.6526 -0.1673 0.1673 -0.1673 0.8327 1 0.6046 0 0
36 172 3321 0 0 0 0 0 1.0051 0 0.9749 -0.7548 0.7548 0.7808 0.3333 1.3572 0.8241 -0.7984 0.9341 1.1072 0.796 2.8903 0.9726 -0.7904 0.7904 0.8303 0.308 1.4146 0.0951 0.0951 0.3802 1.3802 1 0.3303 -0.1229 0.1229 -0.1152 0.8848 1 0.6877 -0.1761 0.1761 -0.1761 0.8239 1 0.6204 0 0
36 173 3290 0 0 0 0 0 1.0071 0 0.9707 -0.6047 0.6047 0.6435 0.5833 1.3534 0.8443 -0.6644 0.7943 0.9924 0.868 3.0835 0.9619 -0.6025 0.6025 0.6562 0.574 1.3766 -0.0735 0.0735 -0.2941 0.7059 1 0.3424 0.0124 0.0124 0.0116 1.0116 1 0.8035 0.0367 0.0367 0.0367 1.0367 1 0.782 0 0
36 174 2625 0 0 0 0 0 1.0062 0 0.9879 -0.8679 0.8679 0.9123 0.3333 1.4857 0.8313 -0.8511 0.9635 1.1598 0.814 3.1736 0.9935 -0.9074 0.9074 0.9145 0.07 1.4051 -0.0532 0.0532 -0.213 0.787 1 0.3595 -0.0118 0.0118 -0.0111 0.9889 1 0.8147 0.0047 0.0047 0.0047 1.0047 1 0.7878 0 0
36 175 2941 0 0 0 0 0 1.0028 0 0.9907 -0.3213 0.3213 0.3806 1 1.3842 0.8572 -0.4117 0.6674 0.8628 0.912 2.9287 0.9813 -0.3629 0.3629 0.4062 0.966 1.3703 -0.1108 0.1108 -0.4432 0.5568 1 0.3568 -0.1481 0.1481 -0.1388 0.8612 1 0.6597 -0.1071 0.1071 -0.1071 0.8929 1 0.6429 0 0
36 176 2858 0 0 0 0 0 1.0009 0 0.9225 -0.457 0.479 0.5931 0.6667 1.3357 0.848 -0.3287 0.6766 0.8556 0.876 2.6023 0.9862 -0.2756 0.2889 0.3388 0.962 1.3224 0.0335 0.0335 0.1341 1.1341 1 0.3445 -0.3946 0.3946 -0.37 0.63 0 0.5331 -0.3874 0.3874 -0.3874 0.6126 0 0.5026 0 0
36 177 2812 0 0 0 0 0 1.0031 0 0.9837 0.8302 0.8302 0.8563 0.25 1.3976 0.8277 0.73 0.8747 1.051 0.764 2.6632 0.9877 0.6396 0.6396 0.686 0.512 1.443 0.2189 0.2189 0.8758 1.8758 0 0.3273 -0.2648 0.2648 -0.2482 0.7518 1 0.6561 -0.3811 0.3811 -0.3811 0.6189 0 0.5408 0 0
36 178 2974 0 0 0 0 0 1.0037 0 0.9679 -0.6004 0.6004 0.6258 0.5 1.3721 0.8529 -0.5731 0.7562 0.9268 0.888 3.0168 0.9885 -0.5756 0.5756 0.6035 0.732 1.4002 -0.0436 0.0436 -0.1745 0.8255 1 0.3863 -0.0679 0.0679 -0.0637 0.9363 1 0.713 -0.0541 0.0541 -0.0541 0.9459 1 0.6852 0 0
36 179 4034 0 0 0 0 0 1.0028 0 0.9768 1.309 1.309 1.3247 0 1.5022 0.801 1.4242 1.4818 1.6586 0.556 3.4281 0.9788 1.5436 1.5436 1.5583 0.012 1.6101 0.1331 0.1331 0.5323 1.5323 1 0.3859 0.2166 0.2166 0.2031 1.2031 1 1.0547 0.0791 0.0791 0.0791 1.0791 1 0.8916 0 0
36 180 3758 0 0 0 0 0 1.0099 0 0.9886 -0.1631 0.2005 0.2498 1 1.3748 0.8563 -0.061 0.5763 0.7578 0.974 3.0169 0.9749 -0.0162 0.1486 0.2142 1 1.4443 0.0771 0.0771 0.3085 1.3085 1 0.3385 0.0554 0.0554 0.052 1.052 1 0.7953 -0.0078 0.0078 -0.0078 0.9922 1 0.7427 0 0
36 181 2615 0 0 0 0 0 1.0106 0 0.976 0.9364 0.9364 0.9519 0 1.344 0.8392 0.7587 0.9009 1.0749 0.788 2.9312 0.9918 0.7198 0.7198 0.7371 0.354 1.3321 -0.1583 0.1583 -0.6331 0.3669 1 0.4218 -0.1762 0.1762 -0.1651 0.8349 1 0.6467 -0.1281 0.1281 -0.1281 0.8719 1 0.638 0 0
36 182 2697 0 0 0 0 0 1.0046 0 0.9828 0.363 0.3689 0.4141 0.9167 1.3374 0.8483 0.2225 0.6001 0.7771 0.934 2.746 0.9834 0.2983 0.3086 0.361 0.966 1.3305 -0.0431 0.0431 -0.1723 0.8277 1 0.3278 -0.2817 0.2817 -0.2641 0.7359 1 0.5655 -0.2546 0.2546 -0.2546 0.7454 1 0.5406 0 0
36 183 2425 0 0 0 0 0 1.0078 0 0.981 -0.1314 0.1682 0.1985 1 1.3427 0.8479 -0.0883 0.5651 0.7712 0.948 2.8923 0.9929 -0.1481 0.1741 0.2231 1 1.3596 -0.0882 0.0882 -0.353 0.647 1 0.3751 -0.2153 0.2153 -0.2019 0.7981 1 0.6046 -0.179 0.179 -0.179 0.821 1 0.582 0 0
36 184 2087 0 0 0 0 0 1.0068 0 0.9843 0.481 0.481 0.5304 0.9167 1.4073 0.8553 0.4086 0.6648 0.8516 0.93 3.0375 0.9868 0.4605 0.4605 0.5021 0.804 1.4052 -0.0021 0.0021 -0.0084 0.9916 1 0.3326 0.0314 0.0314 0.0295 1.0295 1 0.7511 0.0218 0.0218 0.0218 1.0218 1 0.7184 0 0
36 185 4021 0 0 0 0 0 1.0036 0 0.9879 0.2809 0.2809 0.3065 1 1.3641 0.8597 0.3336 0.6204 0.7935 0.966 3.2775 0.9853 0.3187 0.3187 0.3573 1 1.4482 -0.0186 0.0186 -0.0745 0.9255 1 0.3609 0.2296 0.2296 0.2152 1.2152 1 0.9393 0.2145 0.2145 0.2145 1.2145 1 0.8818 0 0
36 186 2739 0 0 0 0 0 1.0059 0 0.9895 -1.2609 1.2609 1.2695 0 1.4286 0.8171 -1.2822 1.3376 1.5175 0.572 3.2142 0.9656 -1.2949 1.2949 1.319 0.016 1.5578 0.153 0.153 0.6119 1.6119 1 0.3629 0.1421 0.1421 0.1332 1.1332 1 0.9365 4e-04 4e-04 4e-04 1.0004 1 0.8221 0 0
36 187 2215 0 0 0 0 0 1.006 0 0.9923 0.4697 0.4697 0.5099 0.75 1.3303 0.8436 0.4675 0.7007 0.86 0.922 3.0106 0.9851 0.4098 0.4098 0.4548 0.854 1.3207 -0.147 0.147 -0.588 0.412 1 0.3568 -0.0303 0.0303 -0.0284 0.9716 1 0.7234 0.0168 0.0168 0.0168 1.0168 1 0.7127 0 0
36 188 2829 0 0 0 0 0 1.0047 0 0.9836 -0.2934 0.305 0.3402 1 1.3609 0.8506 -0.2771 0.5787 0.7556 0.958 3.0137 0.9831 -0.2795 0.2848 0.345 1 1.4127 0.0194 0.0194 0.0775 1.0775 1 0.3486 -0.0366 0.0366 -0.0343 0.9657 1 0.7241 -0.0541 0.0541 -0.0541 0.9459 1 0.6761 0 0
36 189 2641 0 0 0 0 0 1.006 0 0.9687 0.2816 0.2926 0.3847 0.9167 1.3454 0.8382 0.2138 0.676 0.8859 0.894 2.7893 0.9841 0.2066 0.2943 0.3602 0.97 1.3224 -0.0473 0.0473 -0.189 0.811 1 0.3922 -0.2318 0.2318 -0.2173 0.7827 1 0.6443 -0.2081 0.2081 -0.2081 0.7919 1 0.6013 0 0
36 190 2867 0 0 0 0 0 1.0056 0 0.9885 -0.9508 0.9508 0.9621 0 1.3733 0.8266 -0.9856 1.0747 1.2739 0.71 3.0977 0.9864 -0.9399 0.9399 0.9567 0.218 1.5265 0.1522 0.1522 0.6089 1.6089 1 0.3038 0.0954 0.0954 0.0895 1.0895 1 0.8469 -0.0356 0.0356 -0.0356 0.9644 1 0.7122 0 0
36 191 4021 0 0 0 0 0 1.0062 0 0.9773 -0.2867 0.3019 0.3378 1 1.3444 0.8602 -0.2811 0.6182 0.7872 0.924 2.7564 0.9896 -0.2646 0.2646 0.2994 1 1.3825 0.0279 0.0279 0.1118 1.1118 1 0.3718 -0.2632 0.2632 -0.2467 0.7533 1 0.5891 -0.2665 0.2665 -0.2665 0.7335 1 0.5526 0 0
36 192 3401 0 0 0 0 0 1.0044 0 0.9946 -0.5426 0.5426 0.5658 0.8333 1.3716 0.8572 -0.4944 0.7198 0.8983 0.894 2.775 0.9851 -0.5412 0.5412 0.565 0.808 1.3544 0.0065 0.0065 0.0261 1.0261 1 0.3385 -0.2872 0.2872 -0.2692 0.7308 1 0.5924 -0.2778 0.2778 -0.2778 0.7222 1 0.564 0 0
36 193 4254 0 0 0 0 0 1.0068 0 0.9757 -0.0239 0.1922 0.2263 1 1.313 0.8614 0.0099 0.5486 0.7133 0.98 3.1179 0.9542 0.0484 0.2297 0.3144 0.962 1.3898 -0.0365 0.0365 -0.1459 0.8541 1 0.3211 0.1575 0.1575 0.1477 1.1477 1 0.7973 0.1598 0.1598 0.1598 1.1598 1 0.7851 0 0
36 194 2023 0 0 0 0 0 1.0214 0 0.988 0.4386 0.5016 0.5471 0.8333 1.4121 0.8268 0.408 0.7436 0.9408 0.846 2.6248 0.9874 0.4561 0.4561 0.4917 0.76 1.3423 -0.0099 0.0099 -0.0397 0.9603 1 0.3749 -0.42 0.42 -0.3937 0.6063 0 0.5138 -0.397 0.397 -0.397 0.603 0 0.487 0 0
36 195 2176 0 0 0 0 0 1.0053 0 0.9859 -1.3178 1.3178 1.3282 0 1.4269 0.813 -1.1855 1.2364 1.4265 0.546 2.8717 0.9709 -1.2893 1.2893 1.3146 0.002 1.4216 0.0721 0.0721 0.2883 1.2883 1 0.3935 -0.2761 0.2761 -0.2589 0.7411 1 0.6495 -0.2999 0.2999 -0.2999 0.7001 1 0.5999 0 0
36 196 2710 0 0 0 0 0 1.0036 0 0.9761 -0.529 0.529 0.5615 0.6667 1.3275 0.8461 -0.4752 0.7411 0.9252 0.88 2.8341 0.9774 -0.3803 0.3856 0.4333 0.986 1.3446 -0.047 0.047 -0.1879 0.8121 1 0.3763 -0.216 0.216 -0.2025 0.7975 1 0.6114 -0.1929 0.1929 -0.1929 0.8071 1 0.5827 0 0
36 197 3502 0 0 0 0 0 1.007 0 0.9742 0.6494 0.6494 0.702 0.4167 1.3616 0.8227 0.6112 0.7822 0.9527 0.84 2.7623 0.9822 0.6593 0.6593 0.7178 0.468 1.3702 0.0722 0.0722 0.2887 1.2887 1 0.3752 -0.2293 0.2293 -0.2149 0.7851 1 0.6441 -0.2579 0.2579 -0.2579 0.7421 1 0.5816 0 0
36 198 1991 0 0 0 0 0 1.0046 0 0.9837 -0.2847 0.3169 0.3612 0.9167 1.3398 0.839 -0.2437 0.613 0.7959 0.938 2.748 0.9746 -0.1901 0.2132 0.3165 0.888 1.3041 -0.2342 0.2342 -0.9368 0.0632 0 0.3791 -0.3097 0.3097 -0.2903 0.7097 0 0.5377 -0.2505 0.2505 -0.2505 0.7495 1 0.5331 0 0
36 199 3384 0 0 0 0 0 1.0023 0 0.9843 0.8559 0.8559 0.8707 0.0833 1.3877 0.8438 0.8008 0.9305 1.1026 0.81 3.0706 0.9861 0.7495 0.7495 0.7662 0.354 1.4623 0.0931 0.0931 0.3722 1.3722 1 0.3829 -0.0356 0.0356 -0.0334 0.9666 1 0.7824 -0.1017 0.1017 -0.1017 0.8983 1 0.7013 0 0
36 200 2547 0 0 0 0 0 1.0035 0 0.9685 0.3633 0.3709 0.4689 0.8333 1.3696 0.8394 0.2896 0.6582 0.8294 0.942 2.9894 0.989 0.2292 0.247 0.292 1 1.3901 0.0015 0.0015 0.0059 1.0059 1 0.3642 -0.021 0.021 -0.0197 0.9803 1 0.7481 -0.0308 0.0308 -0.0308 0.9692 1 0.6781 0 0
