cond r run.time ndiv nbfmi ntree nbulk ntail maxRhat nRhat beta.cor beta.bias beta.abbias beta.rmse beta.CI theta.cor theta.bias theta.abbias theta.rmse theta.CI lambda.bias lambda.abbias lambda.CI corrupt efficiency
53 1 258 0 0 0 0 0 1.0004 0 0.9486 0.2391 0.3903 0.4923 2.886 0.7953 0.227 0.5143 0.6658 4.0682 0.0362 0.0362 0.5846 0 0
53 2 305 0 0 0 0 0 1.0008 0 0.9417 -0.083 0.2649 0.3331 2.8084 0.7598 -0.0908 0.4747 0.6377 4.189 0.2456 0.2456 0.6006 0 0
53 3 279 0 0 0 0 0 1.0013 0 0.9014 0.0691 0.3642 0.4656 2.6569 0.7006 0.0631 0.5173 0.6808 4.0374 -0.2074 0.2074 0.5711 0 0
53 4 331 17 0 0 0 0 1.0002 0 0.8177 -0.3294 0.4834 0.9084 3.2849 0.8176 -0.0688 0.4273 0.5612 4.1155 0.2372 0.2372 0.6871 1 0
53 5 304 0 0 0 0 0 1.0004 0 0.8993 -0.2135 0.391 0.4783 1.7705 0.7709 -0.0674 0.5399 0.7015 4.2099 0.034 0.034 0.5897 0 0
53 6 220 0 0 0 0 0 1.0004 0 0.8696 -0.1302 0.3569 0.4828 2.3977 0.8076 -0.104 0.4124 0.5308 4.0186 0.0336 0.0336 0.5945 0 0
53 7 319 0 0 0 0 0 1.0003 0 0.9534 -0.1275 0.3343 0.4444 2.4868 0.6782 -0.0935 0.5472 0.7691 4.1362 0.0938 0.0938 0.6687 0 0
53 8 260 0 0 0 0 0 1.0008 0 0.9266 0.07 0.3068 0.3539 2.1314 0.7026 0.075 0.4907 0.7141 4.1697 0.0449 0.0449 0.6441 0 0
53 9 425 110 0 0 0 0 1.0008 0 0.9183 0.594 0.6075 0.7762 2.7606 0.7721 0.3935 0.5747 0.7395 4.4238 0.379 0.379 0.6811 1 0
53 10 309 0 0 0 0 0 1.0003 0 0.9251 -0.0024 0.3189 0.4136 2.2228 0.8287 0.0255 0.4606 0.5833 4.381 0.036 0.036 0.6881 0 0
53 11 278 1 0 0 0 0 1.0002 0 0.9485 -0.0395 0.3154 0.3846 2.5212 0.7523 -0.0925 0.5166 0.7286 4.2889 -0.24 0.24 0.6679 1 0
53 12 294 0 0 0 0 0 1.0013 0 0.8284 0.1247 0.375 0.4651 2.118 0.791 0.1001 0.4962 0.6796 4.1661 -0.2749 0.2749 0.5672 0 0
53 13 251 0 0 0 0 0 1.0002 0 0.9451 0.2821 0.3907 0.4737 2.8072 0.7488 0.1056 0.4927 0.6454 4.0753 0.0222 0.0222 0.6377 0 0
53 14 274 0 0 0 0 0 1.0004 0 0.928 -0.155 0.3399 0.4638 2.9125 0.8802 0.0066 0.3277 0.4139 4.0824 -8e-04 8e-04 0.6058 0 0
53 15 279 0 0 0 0 0 1.0005 0 0.9533 -0.0098 0.2294 0.4133 2.8146 0.7216 -0.0898 0.4547 0.6356 4.1832 0.0281 0.0281 0.6482 0 0
53 16 254 0 0 0 0 0 1.0005 0 0.9298 -0.1193 0.3181 0.4876 2.5674 0.7645 -0.0669 0.4769 0.6356 4.3398 0.0259 0.0259 0.6923 0 0
53 17 275 0 0 0 0 0 1.0015 0 0.9385 -0.1487 0.4033 0.5219 2.7565 0.7932 -0.1612 0.4712 0.5935 4.0251 0.2475 0.2475 0.6236 0 0
53 18 274 0 0 0 0 0 1.0002 0 0.9215 -0.0439 0.4597 0.6142 2.9503 0.762 0.0197 0.457 0.6187 4.1009 -0.2282 0.2282 0.6386 0 0
53 19 266 0 0 0 0 0 1.0003 0 0.917 -0.1833 0.3963 0.5298 2.2851 0.8345 -0.1424 0.4355 0.5818 4.1564 0.0533 0.0533 0.6214 0 0
53 20 264 0 0 0 0 0 1.0005 0 0.8764 -0.3155 0.4181 0.496 2.0579 0.7927 -0.0088 0.5056 0.6655 4.063 -0.2506 0.2506 0.5815 0 0
53 21 218 0 0 0 0 0 1.0002 0 0.9402 -0.2012 0.339 0.4272 2.2335 0.7067 -0.0305 0.5087 0.7242 4.0224 0.0705 0.0705 0.5901 0 0
53 22 239 0 0 0 0 0 1.0016 0 0.9113 -0.0403 0.3575 0.4879 2.8046 0.7461 0.0847 0.5152 0.7317 4.0787 0.0143 0.0143 0.6222 0 0
53 23 284 0 0 0 0 0 1.0005 0 0.9465 -0.0284 0.2085 0.2913 1.9856 0.8526 -0.005 0.4024 0.538 4.0325 0.0232 0.0232 0.5494 0 0
53 24 246 0 0 0 0 0 1.0019 0 0.8926 -0.1467 0.3864 0.4731 2.1905 0.7913 -0.1217 0.4887 0.6207 4.1143 -0.1305 0.1305 0.6497 0 0
53 25 255 0 0 0 0 0 1.0011 0 0.9413 -0.0721 0.3081 0.4128 2.7684 0.7659 -0.0708 0.5316 0.711 4.0288 0.1915 0.1915 0.5607 0 0
53 26 286 0 0 0 0 0 1.0007 0 0.9089 -0.0762 0.2822 0.381 2.2564 0.8338 -0.0631 0.3637 0.5465 4.4523 -0.0059 0.0059 0.6586 0 0
53 27 227 0 0 0 0 0 1.0005 0 0.9436 -0.2041 0.3977 0.5168 2.8186 0.743 -0.1681 0.5276 0.7123 4.043 0.0075 0.0075 0.6171 0 0
53 28 298 0 0 0 0 0 1.0011 0 0.935 -0.0787 0.4242 0.6141 2.8968 0.7706 -0.0139 0.4751 0.6269 4.1247 0.1108 0.1108 0.7182 0 0
53 29 304 0 0 0 0 0 1.0018 0 0.8387 0.0093 0.3541 0.5384 2.7209 0.8432 -0.0177 0.3892 0.5289 4.179 0.0188 0.0188 0.6269 0 0
53 30 333 0 0 0 0 0 1.0006 0 0.929 -0.0805 0.3209 0.4015 2.2245 0.8637 -0.1472 0.402 0.5381 3.9889 0.2848 0.2848 0.5292 0 0
53 31 288 0 0 0 0 0 1.0001 0 0.9463 -0.163 0.2753 0.3418 2.0121 0.7179 -0.0595 0.5161 0.6908 4.1505 0.0757 0.0757 0.6597 0 0
53 32 257 0 0 0 0 0 1.001 0 0.9075 0.192 0.4787 0.5704 2.8022 0.6874 0.0437 0.5318 0.7423 4.2397 -0.1157 0.1157 0.683 0 0
53 33 262 0 0 0 0 0 1.0002 0 0.9286 -0.1128 0.3751 0.5438 2.6742 0.7943 0.0895 0.4519 0.5809 4.2435 -0.0412 0.0412 0.7117 0 0
53 34 325 0 0 0 0 0 1.0009 0 0.9627 0.1644 0.265 0.3707 2.5969 0.8206 0.0942 0.4463 0.5483 4.2198 0.1139 0.1139 0.5998 0 0
53 35 265 0 0 0 0 0 1.0014 0 0.9144 0.1463 0.3978 0.5175 2.7801 0.7493 0.1177 0.5004 0.695 4.3199 -0.1029 0.1029 0.7213 0 0
53 36 268 0 0 0 0 0 1.0004 0 0.9489 -0.0715 0.3863 0.46 2.5607 0.7988 -0.1026 0.5018 0.6686 4.1535 0.1691 0.1691 0.6792 0 0
53 37 260 0 0 0 0 0 1.0005 0 0.8902 -0.0292 0.3704 0.4611 2.2612 0.8292 0.154 0.4556 0.6722 4.1958 0.1424 0.1424 0.5936 0 0
53 38 216 0 0 0 0 0 1.0007 0 0.95 -0.1389 0.281 0.3565 2.351 0.7535 -0.0206 0.4996 0.6637 4.4049 -0.0447 0.0447 0.6199 0 0
53 39 303 0 0 0 0 0 1.0011 0 0.9236 0.1864 0.3193 0.4275 2.1138 0.8104 0.0168 0.4152 0.5565 4.254 0.1021 0.1021 0.6347 0 0
53 40 310 0 0 0 0 0 1.001 0 0.9541 0.0183 0.2328 0.3067 2.3917 0.8535 0.054 0.433 0.57 4.0791 -0.1893 0.1893 0.5585 0 0
53 41 296 0 0 0 0 0 1.0003 0 0.8897 -0.313 0.3952 0.5048 1.9043 0.8544 -0.1997 0.4521 0.5968 4.0692 0.1762 0.1762 0.5781 0 0
53 42 334 0 0 0 0 0 1.0004 0 0.9268 -0.1767 0.4191 0.5817 2.893 0.8302 -0.0014 0.4546 0.6353 3.9783 0.159 0.159 0.5719 0 0
53 43 231 0 0 0 0 0 1.0002 0 0.9175 0.046 0.4384 0.5789 2.9272 0.7469 0.208 0.4953 0.6803 4.0003 0.0722 0.0722 0.5967 0 0
53 44 315 0 0 0 0 0 1.0005 0 0.8761 -0.1203 0.4708 0.6697 2.4521 0.8641 -0.1796 0.467 0.6086 4.015 0.0708 0.0708 0.525 0 0
53 45 228 0 0 0 0 0 1.0003 0 0.9467 0.0424 0.2151 0.2778 2.3492 0.7941 0.1173 0.4862 0.6799 4.109 0.0724 0.0724 0.6203 0 0
53 46 294 0 0 0 0 0 1.0005 0 0.917 -0.276 0.4282 0.5414 2.3431 0.8386 -0.1306 0.5075 0.6368 4.17 0.1831 0.1831 0.6412 0 0
53 47 295 0 0 0 0 0 1.0011 0 0.8889 -0.2124 0.3991 0.5895 2.6174 0.7821 -0.084 0.5096 0.7037 4.4452 -0.0723 0.0723 0.6665 0 0
53 48 240 0 0 0 0 0 1.0008 0 0.9314 -0.1338 0.3145 0.4278 1.9295 0.8526 -0.1042 0.4337 0.534 3.9922 -0.0252 0.0252 0.5508 0 0
53 49 199 0 0 0 0 0 1.0008 0 0.9267 -0.1634 0.4218 0.5845 2.9468 0.7209 -0.13 0.5259 0.7099 4.1425 -0.0071 0.0071 0.6578 0 0
53 50 204 0 0 0 0 0 1.0005 0 0.9594 -0.0591 0.2596 0.322 2.5649 0.8223 -0.1244 0.4403 0.5944 4.0435 0.0044 0.0044 0.6284 0 0
53 51 251 0 0 0 0 0 1.0019 0 0.9299 -0.0721 0.2962 0.3742 2.2832 0.7726 -0.0641 0.4466 0.5724 4.0961 -0.0225 0.0225 0.6385 0 0
53 52 221 0 0 0 0 0 1.0011 0 0.9286 -0.0503 0.2429 0.3189 1.8099 0.7871 0.0089 0.4825 0.6648 4.1461 -0.035 0.035 0.666 0 0
53 53 303 0 0 0 0 0 1.0014 0 0.921 -0.2388 0.5322 0.6884 2.9671 0.738 -0.2313 0.5029 0.6646 4.0371 0.1548 0.1548 0.6397 0 0
53 54 258 0 0 0 0 0 1.0021 0 0.9186 0.0056 0.3533 0.5455 3.0899 0.8054 0.0212 0.3925 0.5417 4.1118 -0.0451 0.0451 0.649 0 0
53 55 249 0 0 0 0 0 1.0002 0 0.9051 0.0717 0.5319 0.8111 3.133 0.7394 -0.1289 0.4547 0.6476 4.0366 -0.0647 0.0647 0.6158 0 0
53 56 261 2 0 0 0 0 1.0004 0 0.9505 -0.1329 0.2874 0.3897 2.8959 0.7313 -0.1862 0.4673 0.641 4.1601 0.0041 0.0041 0.6848 1 0
53 57 275 0 0 0 0 0 1.0005 0 0.9042 -0.0672 0.3463 0.4205 2.2213 0.7892 -0.0411 0.4421 0.6056 4.3926 0.1552 0.1552 0.6404 0 0
53 58 304 0 0 0 0 0 1.0016 0 0.9494 0.3469 0.412 0.474 2.3043 0.6501 0.1993 0.5141 0.7199 4.2057 0.161 0.161 0.6723 0 0
53 59 222 0 0 0 0 0 1.0004 0 0.9141 -0.1468 0.3307 0.3899 2.3031 0.752 -0.05 0.4488 0.6216 4.1269 0.03 0.03 0.6423 0 0
53 60 258 0 0 0 0 0 1.0006 0 0.9694 -0.0488 0.3147 0.387 2.5976 0.803 -0.0784 0.4355 0.5672 4.0673 0.0851 0.0851 0.609 0 0
53 61 321 2 0 0 0 0 1.0005 0 0.9226 -0.2501 0.3994 0.5561 2.8349 0.7494 -0.1182 0.5498 0.7621 4.2801 0.1189 0.1189 0.7272 1 0
53 62 251 0 0 0 0 0 1.0015 0 0.9349 0.013 0.3397 0.4042 2.8294 0.7162 -0.0107 0.4382 0.6266 4.2497 -0.2859 0.2859 0.6181 0 0
53 63 229 0 0 0 0 0 1.0007 0 0.9479 -0.0725 0.2838 0.3449 2.5905 0.7661 0.0763 0.4839 0.659 4.0675 0.0166 0.0166 0.6004 0 0
53 64 290 51 0 0 0 0 1.0005 0 0.9278 0.3383 0.4638 0.5981 2.9834 0.7754 0.1526 0.5211 0.6536 4.5913 0.2643 0.2643 0.7991 1 0
53 65 361 0 0 0 0 0 1.0003 0 0.9243 0.0152 0.3252 0.4307 2.2601 0.851 0.0777 0.4425 0.5529 4.2992 0.1011 0.1011 0.5949 0 0
53 66 274 1 0 0 0 0 1.0009 0 0.9058 -0.0308 0.3437 0.4281 2.2353 0.7068 0.0299 0.5287 0.7281 4.1182 -0.1196 0.1196 0.6315 1 0
53 67 301 0 0 0 0 0 1.0016 0 0.8885 0.0812 0.4224 0.5234 2.7868 0.8193 -0.0055 0.4584 0.5981 4.2491 -0.2895 0.2895 0.666 0 0
53 68 244 0 0 0 0 0 1.0008 0 0.9251 0.0516 0.2935 0.3899 2.1314 0.7956 -0.0662 0.4308 0.5641 4.0511 -0.0672 0.0672 0.5743 0 0
53 69 274 0 0 0 0 0 1.0007 0 0.932 -0.3283 0.4719 0.5648 2.4436 0.7987 -0.2054 0.5011 0.6438 4.1596 0.137 0.137 0.6115 0 0
53 70 249 0 0 0 0 0 1.0003 0 0.8981 0.0412 0.3866 0.4689 2.3159 0.7488 -0.0452 0.4437 0.6151 4.0618 -0.0449 0.0449 0.5874 0 0
53 71 243 0 0 0 0 0 1.0003 0 0.9248 0.2159 0.5156 0.6485 2.5752 0.8035 0.0126 0.4683 0.615 4.2599 0.0439 0.0439 0.6873 0 0
53 72 235 0 0 0 0 0 1.0017 0 0.9496 0.0405 0.2756 0.3807 2.3483 0.7851 -0.0105 0.4466 0.5602 4.185 0.0562 0.0562 0.5812 0 0
53 73 297 0 0 0 0 0 1.0006 0 0.9441 -0.217 0.2867 0.3569 2.0513 0.8261 -0.0958 0.4367 0.5708 4.3243 0.0328 0.0328 0.6516 0 0
53 74 215 0 0 0 0 0 1.0013 0 0.8901 -0.3819 0.4661 0.5704 2.4362 0.7368 -0.218 0.516 0.6747 4.3859 0.0534 0.0534 0.6503 0 0
53 75 272 0 0 0 0 0 1.0002 0 0.9306 -0.0838 0.3027 0.375 1.8103 0.8453 -0.1211 0.4608 0.6347 4.2432 -0.109 0.109 0.5822 0 0
53 76 300 0 0 0 0 0 1.0003 0 0.9263 0.0282 0.2678 0.3203 1.8073 0.7967 -0.0574 0.4315 0.5985 4.0119 0.1212 0.1212 0.549 0 0
53 77 288 0 0 0 0 0 1.0008 0 0.9391 0.0125 0.2657 0.3341 2.4122 0.8426 -0.0875 0.3831 0.5315 3.9791 -0.0496 0.0496 0.5155 0 0
53 78 280 0 0 0 0 0 1.0001 0 0.9715 -0.2695 0.2927 0.3946 2.6147 0.776 -0.1243 0.4806 0.6296 4.2913 0.0235 0.0235 0.6324 0 0
53 79 280 0 0 0 0 0 1.0001 0 0.934 -0.3461 0.3871 0.615 2.9055 0.7525 -0.0109 0.5595 0.7083 4.183 -0.0939 0.0939 0.6387 0 0
53 80 293 4 0 0 0 0 1.0019 0 0.9276 -0.3088 0.4161 0.5314 2.9279 0.7003 -0.1632 0.5743 0.7448 4.1476 0.2163 0.2163 0.7087 1 0
53 81 300 0 0 0 0 0 1.0015 0 0.8853 0.0138 0.3422 0.4122 2.3413 0.6723 0.0471 0.5256 0.7937 4.7581 -0.1321 0.1321 0.81 0 0
53 82 319 0 0 0 0 0 1.0002 0 0.935 0.0498 0.2999 0.4329 2.6888 0.8364 -0.0601 0.4165 0.5395 4.0853 -0.3103 0.3103 0.606 0 0
53 83 251 0 0 0 0 0 1.001 0 0.9533 -0.2151 0.3446 0.4313 2.7424 0.7884 -0.1554 0.4549 0.6127 4.0434 -0.1408 0.1408 0.5653 0 0
53 84 292 0 0 0 0 0 1.0002 0 0.9201 -0.0809 0.3494 0.4249 2.5489 0.6756 -0.0012 0.5178 0.7379 4.2136 0.3774 0.3774 0.592 0 0
53 85 260 0 0 0 0 0 1.0008 0 0.9257 -0.1467 0.3432 0.4487 2.7257 0.6968 -0.1004 0.569 0.7802 4.1825 -0.0092 0.0092 0.6585 0 0
53 86 322 2 0 0 0 0 1.0012 0 0.9314 -0.1991 0.4881 0.6375 2.834 0.8103 -0.0741 0.4343 0.5671 4.065 0.1973 0.1973 0.6425 1 0
53 87 304 1 0 0 0 0 1.0005 0 0.8988 0.0785 0.313 0.4017 2.3489 0.7562 0.0225 0.4497 0.6163 4.2086 -0.3085 0.3085 0.6088 1 0
53 88 319 0 0 0 0 0 1.0005 0 0.9238 0.0811 0.3192 0.4164 2.5075 0.7354 0.0102 0.4257 0.6321 4.0639 -0.0746 0.0746 0.6116 0 0
53 89 311 0 0 0 0 0 1.0001 0 0.8948 0.103 0.3666 0.4563 2.4457 0.8617 0.0892 0.4162 0.5622 4.2732 -0.0376 0.0376 0.6004 0 0
53 90 286 1 0 0 0 0 1.0005 0 0.8937 -0.3317 0.4644 0.6099 2.6772 0.8188 -0.1483 0.459 0.6047 4.105 0.1805 0.1805 0.6312 1 0
53 91 292 0 0 0 0 0 1.0004 0 0.9148 -0.0934 0.3566 0.4537 2.2151 0.8167 -0.0706 0.4358 0.5738 4.0936 0.1767 0.1767 0.6125 0 0
53 92 337 0 0 0 0 0 1.0005 0 0.9254 0.0973 0.255 0.3132 1.677 0.8169 0.1463 0.4577 0.6449 4.1491 0.1915 0.1915 0.5807 0 0
53 93 295 0 0 0 0 0 1.0007 0 0.8945 -0.0852 0.4132 0.6017 2.6872 0.8362 -0.0718 0.4037 0.5227 4.0349 0.0981 0.0981 0.5615 0 0
53 94 309 0 0 0 0 0 1.0004 0 0.8935 0.0207 0.3775 0.4982 2.347 0.7573 -0.0014 0.4706 0.6374 4.3197 0.0241 0.0241 0.7353 0 0
53 95 282 0 0 0 0 0 1.0018 0 0.9031 0.1107 0.5145 0.723 2.9342 0.7823 0.112 0.4767 0.6447 4.1733 0.1295 0.1295 0.6443 0 0
53 96 319 1 0 0 0 0 1.0008 0 0.8947 0.0237 0.3306 0.3977 2.4409 0.7835 -0.0625 0.4964 0.6675 4.3172 0.3568 0.3568 0.5819 1 0
53 97 313 0 0 0 0 0 1.0019 0 0.9626 -0.109 0.2185 0.2661 2.2467 0.8365 -0.108 0.3957 0.5396 4.2496 -0.1359 0.1359 0.6478 0 0
53 98 283 1 0 0 0 0 1.0004 0 0.8715 -0.22 0.4137 0.6779 2.9045 0.7954 0.0131 0.4646 0.5871 4.1414 0.1872 0.1872 0.6851 1 0
53 99 275 0 0 0 0 0 1.0007 0 0.9381 0.1867 0.401 0.5118 2.7606 0.7304 0.088 0.533 0.7488 4.0933 -0.0123 0.0123 0.6708 0 0
53 100 296 0 0 0 0 0 1.0013 0 0.8769 0.4929 0.5781 0.7414 2.5588 0.766 0.1739 0.5423 0.6735 4.2384 -0.0873 0.0873 0.6456 0 0
53 101 271 0 0 0 0 0 1.0008 0 0.9671 -0.1197 0.3179 0.4532 2.7199 0.7899 -0.0595 0.4847 0.6553 4.149 -0.1209 0.1209 0.6754 0 0
53 102 316 0 0 0 0 0 1.0003 0 0.8958 0.2042 0.4503 0.5991 2.8102 0.7587 0.1976 0.5246 0.7006 4.1757 0.069 0.069 0.6739 0 0
53 103 278 0 0 0 0 0 1.0005 0 0.924 0.1466 0.3132 0.4029 2.1262 0.8499 0.1148 0.423 0.5752 4.2746 0.0913 0.0913 0.5937 0 0
53 104 285 0 0 0 0 0 1.0014 0 0.8948 0.0087 0.3865 0.4831 2.264 0.7724 0.0853 0.4195 0.5821 4.2928 -0.0579 0.0579 0.7159 0 0
53 105 270 0 0 0 0 0 1.0007 0 0.9611 -0.2264 0.3299 0.407 2.6182 0.7222 -0.113 0.4582 0.673 4.2155 0.0148 0.0148 0.6727 0 0
53 106 249 1 0 0 0 0 1.0011 0 0.8617 0.317 0.5745 0.8909 3.234 0.7614 0.0755 0.4769 0.608 4.164 0.0139 0.0139 0.7718 1 0
53 107 286 40 0 0 0 0 1.0004 0 0.8155 0.0771 0.5525 0.763 3.284 0.7508 -0.0737 0.4536 0.601 5.1457 -0.1098 0.1098 0.9417 1 0
53 108 289 0 0 0 0 0 1.0006 0 0.9803 -0.1071 0.2168 0.3366 2.757 0.7605 -0.0219 0.4828 0.6469 4.0845 0.0635 0.0635 0.6241 0 0
53 109 293 0 0 0 0 0 1.0004 0 0.8814 -0.2266 0.4598 0.5348 2.5015 0.7425 -0.1085 0.4725 0.6237 4.2357 -0.0417 0.0417 0.6428 0 0
53 110 283 0 0 0 0 0 1.0005 0 0.9528 -0.1285 0.2903 0.3529 2.0538 0.8293 -0.0465 0.4399 0.6086 4.1125 -0.0879 0.0879 0.5958 0 0
53 111 320 5 0 0 0 0 1.0012 0 0.9573 -0.3399 0.3915 0.5193 2.7627 0.7726 -0.1622 0.4572 0.6234 4.2027 0.2052 0.2052 0.7237 1 0
53 112 224 0 0 0 0 0 1.0003 0 0.8899 -0.2137 0.4549 0.6936 3.1014 0.6905 -0.0646 0.5214 0.7038 4.0688 -0.0242 0.0242 0.6817 0 0
53 113 269 0 0 0 0 0 1.0003 0 0.9531 0.3094 0.3601 0.4408 2.2558 0.7992 0.2064 0.4797 0.6246 4.1017 0.1435 0.1435 0.5996 0 0
53 114 268 0 0 0 0 0 1.0003 0 0.9011 0.0311 0.5785 0.7877 2.8093 0.8148 0.0616 0.5433 0.6968 4.0918 -0.012 0.012 0.6007 0 0
53 115 275 0 0 0 0 0 1.0002 0 0.9246 0.056 0.3979 0.5849 2.6661 0.7554 -0.1515 0.4626 0.6175 4.169 -0.0591 0.0591 0.6479 0 0
53 116 253 0 0 0 0 0 1.0002 0 0.9465 0.0459 0.2514 0.3178 2.1343 0.7768 0.0746 0.4226 0.5686 4.0186 -0.0929 0.0929 0.5459 0 0
53 117 277 0 0 0 0 0 1.001 0 0.9037 -0.0736 0.3697 0.441 2.2859 0.8009 -0.0852 0.4557 0.6437 4.2251 0.0733 0.0733 0.6506 0 0
53 118 615 288 0 0 0 0 1.0008 0 0.8514 -0.5102 0.5767 0.7087 2.9747 0.7012 -0.3925 0.6133 0.8355 4.8677 0.4886 0.4886 0.7183 1 0
53 119 273 0 0 0 0 0 1.0016 0 0.8947 -0.0748 0.4276 0.5459 2.5973 0.825 -0.0268 0.403 0.5363 4.3762 0.0341 0.0341 0.6599 0 0
53 120 283 0 0 0 0 0 1.0002 0 0.9212 0.0115 0.3786 0.4813 2.6811 0.7471 0.1478 0.4617 0.6378 4.1656 0.071 0.071 0.6905 0 0
53 121 255 0 0 0 0 0 1.0012 0 0.9337 0.0122 0.301 0.3873 2.2818 0.8138 0.0307 0.397 0.5517 4.0693 0.0908 0.0908 0.6025 0 0
53 122 288 0 0 0 0 0 1.0002 0 0.9283 0.019 0.2915 0.393 2.5924 0.7907 -0.0399 0.4724 0.6421 4.0364 -0.2536 0.2536 0.5573 0 0
53 123 215 0 0 0 0 0 1.0017 0 0.9102 -0.1065 0.4441 0.6544 2.9148 0.7577 -0.1832 0.4866 0.7009 4.0801 -0.0836 0.0836 0.6729 0 0
53 124 318 0 0 0 0 0 1.0004 0 0.9228 -0.182 0.3382 0.4599 2.7549 0.7831 -0.051 0.4356 0.6154 4.3321 0.0038 0.0038 0.7984 0 0
53 125 267 0 0 0 0 0 1.0004 0 0.945 0.0672 0.2612 0.3626 2.4675 0.7773 -0.0998 0.4454 0.6417 4.0016 -0.1064 0.1064 0.5139 0 0
53 126 267 0 0 0 0 0 1.0004 0 0.9069 0.2248 0.3584 0.489 2.7949 0.6931 0.1818 0.5203 0.7483 4.1482 -0.0875 0.0875 0.653 0 0
53 127 274 0 0 0 0 0 1.0006 0 0.9271 0.221 0.3131 0.4941 2.9281 0.7646 0.1496 0.4617 0.6371 4.1474 -0.0772 0.0772 0.6316 0 0
53 128 257 2 0 0 0 0 1.0017 0 0.9227 0.3837 0.5299 0.6852 2.9291 0.6631 0.1985 0.5533 0.7048 4.2646 0.0757 0.0757 0.7111 1 0
53 129 260 0 0 0 0 0 1.0004 0 0.9371 -0.0759 0.3905 0.5607 2.8577 0.8234 -0.1392 0.5045 0.6255 4.1795 -0.018 0.018 0.6298 0 0
53 130 282 0 0 0 0 0 1.0003 0 0.9113 -0.1213 0.485 0.6443 2.6625 0.8158 -0.1786 0.4415 0.5652 4.0026 -0.0848 0.0848 0.5866 0 0
53 131 340 18 0 0 0 0 1.0015 0 0.9064 0.1342 0.3068 0.3619 1.9462 0.8787 0.1276 0.3555 0.4743 4.9587 0.3296 0.3296 0.7832 1 0
53 132 277 0 0 0 0 0 1.0004 0 0.9701 -0.1035 0.2761 0.3345 2.1787 0.8019 0.0165 0.4648 0.6079 4.0714 -0.0721 0.0721 0.5801 0 0
53 133 278 0 0 0 0 0 1.0003 0 0.8831 0.3433 0.479 0.6188 2.1404 0.8882 0.2327 0.4049 0.5425 4.1373 0.1661 0.1661 0.5553 0 0
53 134 279 0 0 0 0 0 1.0002 0 0.8935 0.112 0.4005 0.6252 2.9161 0.8024 0.0158 0.4571 0.5826 4.1746 -0.1582 0.1582 0.5954 0 0
53 135 255 0 0 0 0 0 1.0011 0 0.9223 0.0273 0.3447 0.4678 2.6542 0.7898 -0.0223 0.519 0.7163 4.2554 -0.0148 0.0148 0.6464 0 0
53 136 207 0 0 0 0 0 1.0008 0 0.9061 -0.1219 0.3833 0.4763 2.4539 0.8428 0.0126 0.3843 0.4847 4.0741 -0.0391 0.0391 0.6149 0 0
53 137 232 0 0 0 0 0 1.0005 0 0.9554 -0.1265 0.2464 0.3244 2.3291 0.8221 -0.0766 0.4528 0.5827 4.124 -0.1202 0.1202 0.5884 0 0
53 138 253 0 0 0 0 0 1.0001 0 0.9376 -0.0975 0.4403 0.5669 2.9002 0.6772 -0.1367 0.5424 0.7829 4.3356 0.0854 0.0854 0.6776 0 0
53 139 257 0 0 0 0 0 1.0013 0 0.9019 0.1395 0.343 0.4076 2.3219 0.7752 -0.0529 0.4764 0.6444 4.1778 -0.129 0.129 0.6545 0 0
53 140 221 0 0 0 0 0 1.0003 0 0.9605 -0.0071 0.2731 0.3276 2.3819 0.835 -0.0133 0.356 0.5251 4.1634 0.0131 0.0131 0.6308 0 0
53 141 276 0 0 0 0 0 1.0013 0 0.9312 0.0532 0.333 0.417 2.8073 0.7237 0.0066 0.5405 0.774 4.284 0.0793 0.0793 0.6616 0 0
53 142 209 0 0 0 0 0 1.0006 0 0.9325 -0.2464 0.5519 0.7658 3.0008 0.7625 -0.0859 0.5512 0.6918 3.9696 -0.0316 0.0316 0.5754 0 0
53 143 222 0 0 0 0 0 1.0011 0 0.9764 -0.0937 0.1982 0.265 2.414 0.8065 -0.0238 0.4322 0.6078 4.2204 0.0086 0.0086 0.6188 0 0
53 144 273 0 0 0 0 0 1.0015 0 0.9495 0.0879 0.3658 0.4472 2.6118 0.7691 0.1073 0.4356 0.5929 4.2079 0.0444 0.0444 0.734 0 0
53 145 297 108 0 0 0 0 1.0003 0 0.9105 -0.4368 0.5331 0.6389 2.7634 0.689 -0.2433 0.5582 0.7368 4.6237 0.2488 0.2488 0.7599 1 0
53 146 237 0 0 0 0 0 1.0003 0 0.9466 -0.156 0.353 0.5059 2.9215 0.7205 -0.0836 0.4873 0.6441 4.0651 0.0948 0.0948 0.6648 0 0
53 147 225 0 0 0 0 0 1.0022 0 0.8789 -0.0791 0.442 0.6275 2.9192 0.6797 -0.1184 0.5593 0.7886 4.0725 -0.0047 0.0047 0.6724 0 0
53 148 229 0 0 0 0 0 1.0005 0 0.9151 0.0115 0.2965 0.3955 2.6181 0.7577 0.0771 0.4266 0.5928 4.0725 -0.0513 0.0513 0.621 0 0
53 149 300 1 0 0 0 0 1.0009 0 0.8814 -0.3339 0.6482 0.8732 2.9573 0.6945 -0.1447 0.5745 0.7152 4.226 -0.0367 0.0367 0.7957 1 0
53 150 201 0 0 0 0 0 1.0011 0 0.9225 -0.1468 0.3621 0.4976 2.5511 0.7621 0.0258 0.5375 0.6791 4.1209 -0.0194 0.0194 0.6015 0 0
53 151 236 0 0 0 0 0 1.0004 0 0.9569 -0.0035 0.2445 0.3555 2.7087 0.8397 0.018 0.4202 0.5733 3.9908 -0.108 0.108 0.5299 0 0
53 152 189 0 0 0 0 0 1.001 0 0.9207 -0.0318 0.3599 0.4602 2.6089 0.7526 0.1141 0.531 0.7684 4.1617 0.0759 0.0759 0.6007 0 0
53 153 281 0 0 0 0 0 1.0005 0 0.903 0.2609 0.4936 0.6719 2.7118 0.7976 0.0301 0.4696 0.6182 4.0708 -0.0984 0.0984 0.6336 0 0
53 154 256 0 0 0 0 0 1.0009 0 0.974 0.036 0.3256 0.4126 2.6214 0.7644 0.0617 0.5128 0.6599 4.0526 0.0841 0.0841 0.6616 0 0
53 155 323 0 0 0 0 0 1.0003 0 0.8208 -0.0584 0.3577 0.4548 2.4043 0.8001 0.0286 0.4307 0.5729 4.09 -0.2687 0.2687 0.5584 0 0
53 156 244 0 0 0 0 0 1.0013 0 0.9351 0.1529 0.4166 0.5469 2.5362 0.7939 0.0132 0.4035 0.5471 4.0717 0.1171 0.1171 0.6035 0 0
53 157 315 0 0 0 0 0 1.0004 0 0.8825 0.1792 0.4198 0.5479 2.1671 0.7953 0.0877 0.4835 0.6604 4.3476 -0.0827 0.0827 0.6843 0 0
53 158 301 0 0 0 0 0 1.0004 0 0.9046 -0.1681 0.3973 0.5364 2.5419 0.7797 0.0139 0.4265 0.6204 4.3562 -0.2489 0.2489 0.594 0 0
53 159 303 0 0 0 0 0 1.0008 0 0.879 0.1631 0.4272 0.6104 2.8594 0.7625 -0.0903 0.5049 0.7378 4.2828 0.1375 0.1375 0.651 0 0
53 160 246 0 0 0 0 0 1.0019 0 0.944 0.0878 0.2735 0.3238 2.3434 0.7919 0.1057 0.4377 0.5691 4.2145 -0.0537 0.0537 0.6091 0 0
53 161 293 1 0 0 0 0 1.001 0 0.9032 -0.0124 0.3303 0.3874 2.2124 0.7735 0.0042 0.4057 0.5634 4.1892 0.0358 0.0358 0.7277 1 0
53 162 293 0 0 0 0 0 1.0003 0 0.8901 -0.282 0.3789 0.5225 2.6217 0.8311 -0.1909 0.4071 0.5372 4.0677 0.0585 0.0585 0.5972 0 0
53 163 326 0 0 0 0 0 1.0004 0 0.9349 0.0194 0.2764 0.3434 2.0857 0.7856 -0.0073 0.4312 0.6173 4.0886 -0.1736 0.1736 0.6063 0 0
53 164 335 0 0 0 0 0 1.0009 0 0.9428 -0.2611 0.3482 0.4526 2.5992 0.7438 -0.2739 0.5346 0.7548 4.1891 -0.0572 0.0572 0.6633 0 0
53 165 304 24 0 0 0 0 1.0003 0 0.9202 0.2826 0.4386 0.601 2.9782 0.6694 0.1922 0.5303 0.7172 4.3196 0.2742 0.2742 0.7867 1 0
53 166 311 0 0 0 0 0 1.0011 0 0.9195 -0.0372 0.3087 0.389 2.4071 0.6999 -0.0462 0.508 0.7539 4.1514 0.3018 0.3018 0.6394 0 0
53 167 298 0 0 0 0 0 1.0006 0 0.9281 -0.0616 0.2998 0.384 2.5313 0.6985 -0.0164 0.5131 0.7026 3.9979 0.1734 0.1734 0.5859 0 0
53 168 285 0 0 0 0 0 1.0005 0 0.9265 0.0888 0.3278 0.4225 2.5765 0.7884 0.0554 0.4534 0.6348 4.0881 0.2032 0.2032 0.621 0 0
53 169 258 0 0 0 0 0 1.0005 0 0.9239 0.0018 0.3486 0.4294 2.9209 0.694 0.0261 0.4722 0.65 4.1867 0.0051 0.0051 0.6653 0 0
53 170 232 0 0 0 0 0 1.0004 0 0.8589 -0.1781 0.3932 0.4758 2.3259 0.7284 -0.1046 0.5252 0.7139 4.0372 0.0757 0.0757 0.6005 0 0
53 171 252 0 0 0 0 0 1.0004 0 0.9091 0.3857 0.5129 0.6118 2.3759 0.7451 0.1657 0.5715 0.7985 4.0352 0.1619 0.1619 0.5781 0 0
53 172 203 0 0 0 0 0 1.0006 0 0.8995 0.0488 0.3073 0.4359 2.5729 0.7626 -0.0216 0.4437 0.6096 4.0118 0.0308 0.0308 0.5915 0 0
53 173 246 0 0 0 0 0 1.0004 0 0.9103 -0.0336 0.451 0.5818 2.5769 0.7824 0.052 0.449 0.6399 4.0149 -0.1042 0.1042 0.6131 0 0
53 174 311 26 0 0 0 0 1.0003 0 0.8898 0.2191 0.4335 0.5947 2.4252 0.7521 0.0457 0.5222 0.7237 4.2332 0.1988 0.1988 0.6944 1 0
53 175 273 3 0 0 0 0 1.0003 0 0.916 0.2579 0.5291 0.7611 3.0494 0.6934 0.1768 0.5222 0.6668 4.1405 0.1959 0.1959 0.7028 1 0
53 176 270 0 0 0 0 0 1.0004 0 0.9335 -0.0494 0.2628 0.3398 2.2421 0.7977 0.0408 0.4519 0.6388 4.0626 0.0552 0.0552 0.6018 0 0
53 177 349 7 0 0 0 0 1.0003 0 0.9032 0.2363 0.4201 0.5753 2.8496 0.8155 0.0326 0.458 0.6133 4.6164 -0.0097 0.0097 0.765 1 0
53 178 312 0 0 0 0 0 1.0002 0 0.9509 0.2399 0.4232 0.5149 2.5224 0.8084 0.156 0.5009 0.6729 4.2203 -0.2213 0.2213 0.6277 0 0
53 179 288 0 0 0 0 0 1.0024 0 0.9314 -0.2492 0.3376 0.4386 2.1209 0.8134 -0.1816 0.4097 0.5516 4.1201 -0.0048 0.0048 0.5809 0 0
53 180 311 0 0 0 0 0 1.0004 0 0.9118 -0.2778 0.4698 0.5604 2.5952 0.7394 -0.068 0.5451 0.684 4.2752 -0.0024 0.0024 0.7131 0 0
53 181 320 3 0 0 0 0 1.0003 0 0.8901 0.3642 0.489 0.6307 2.5843 0.7461 0.1617 0.5147 0.7223 4.1334 0.3799 0.3799 0.5593 1 0
53 182 293 0 0 0 0 0 1.0002 0 0.962 0.0537 0.2833 0.3582 2.8951 0.7943 0.0523 0.4497 0.5824 4.3727 0.0105 0.0105 0.6956 0 0
53 183 271 0 0 0 0 0 1.0018 0 0.9201 0.0526 0.3426 0.4306 2.0278 0.7836 0.0795 0.4366 0.6198 4.1433 -0.0266 0.0266 0.6252 0 0
53 184 283 0 0 0 0 0 1.0004 0 0.9198 -0.1348 0.3291 0.4565 2.8683 0.8024 -0.208 0.4604 0.6107 4.1172 -0.0117 0.0117 0.6081 0 0
53 185 271 0 0 0 0 0 1.0006 0 0.9249 0.0017 0.3892 0.508 2.6213 0.6661 -0.0048 0.5363 0.7723 4.2648 0.1883 0.1883 0.7379 0 0
53 186 272 7 0 0 0 0 1.0002 0 0.8497 0.1952 0.5745 0.863 3.323 0.7466 0.0266 0.5134 0.6496 4.2838 0.2183 0.2183 0.6646 1 0
53 187 279 0 0 0 0 0 1.0005 0 0.9153 0.0254 0.3498 0.427 2.4721 0.7514 -0.0578 0.4475 0.6068 4.2459 0.1087 0.1087 0.6392 0 0
53 188 277 1 0 0 0 0 1.0007 0 0.8792 -0.0081 0.4319 0.4966 2.1017 0.8102 0.041 0.4319 0.5535 4.575 0.0226 0.0226 0.791 1 0
53 189 272 0 0 0 0 0 1.0002 0 0.9427 -0.029 0.3133 0.4087 2.4465 0.7593 0.0305 0.4712 0.6227 4.3598 0.1138 0.1138 0.6829 0 0
53 190 316 0 0 0 0 0 1.0002 0 0.9074 0.2195 0.3722 0.5239 2.7557 0.7693 0.1959 0.5167 0.6864 4.1031 0.1542 0.1542 0.6322 0 0
53 191 273 0 0 0 0 0 1.0005 0 0.8655 0.2755 0.4105 0.5605 2.3617 0.797 0.1599 0.4572 0.5884 4.1496 0.0642 0.0642 0.6028 0 0
53 192 221 0 0 0 0 0 1.001 0 0.9438 -0.0403 0.5034 0.7788 2.9844 0.8361 -0.076 0.5229 0.6641 4.0718 -0.124 0.124 0.6095 0 0
53 193 323 0 0 0 0 0 1.0013 0 0.8524 0.1046 0.3679 0.4489 2.1765 0.8055 -0.1374 0.4572 0.6516 4.4175 -0.1113 0.1113 0.7043 0 0
53 194 298 0 0 0 0 0 1.0008 0 0.9067 0.017 0.4639 0.5839 2.7843 0.7314 -0.0873 0.4828 0.7004 4.159 -0.1872 0.1872 0.6852 0 0
53 195 305 7 0 0 0 0 1.0013 0 0.9434 0.3452 0.4133 0.486 2.4038 0.7557 0.0814 0.533 0.741 4.4727 0.1773 0.1773 0.8182 1 0
53 196 295 0 0 0 0 0 1.0005 0 0.9153 0.2243 0.4229 0.533 2.3048 0.8345 0.1353 0.4592 0.5975 4.2338 0.1592 0.1592 0.6334 0 0
53 197 305 111 0 0 0 0 1.0009 0 0.8808 -0.4139 0.5459 0.8341 3.2043 0.7875 -0.1843 0.4801 0.6319 4.7064 0.168 0.168 0.8348 1 0
53 198 306 0 0 0 0 0 1.0018 0 0.8804 0.2215 0.3285 0.4599 2.1477 0.7079 0.1152 0.5133 0.7329 4.1728 0.1845 0.1845 0.6231 0 0
53 199 257 0 0 0 0 0 1.0006 0 0.9495 -0.04 0.3017 0.3847 2.6933 0.7849 0.0269 0.4279 0.5974 4.3256 0.0302 0.0302 0.6766 0 0
53 200 236 0 0 0 0 0 1.0006 0 0.8936 -0.0514 0.4419 0.5796 2.8215 0.7201 -0.021 0.5801 0.8192 4.125 -0.0888 0.0888 0.6445 0 0
53 201 288 2 0 0 0 0 1.0003 0 0.8556 0.2635 0.5294 0.6843 2.5153 0.8133 0.1926 0.5078 0.654 4.4587 -0.114 0.114 0.7582 1 0
53 202 275 0 0 0 0 0 1.0006 0 0.92 -0.1361 0.3336 0.4732 2.1283 0.7491 -0.0456 0.4592 0.6831 4.2011 0.0809 0.0809 0.6012 0 0
53 203 316 0 0 0 0 0 1.0003 0 0.8897 0.0549 0.3586 0.4664 2.4832 0.8508 0.0713 0.4012 0.5501 4.1599 0.1987 0.1987 0.6261 0 0
53 204 260 0 0 0 0 0 1.0002 0 0.9278 0.0719 0.3111 0.3827 2.271 0.725 0.0083 0.4753 0.668 4.099 -0.2541 0.2541 0.5689 0 0
53 205 268 0 0 0 0 0 1.0005 0 0.929 -0.1353 0.3728 0.4765 2.5208 0.8173 -0.0029 0.4289 0.5444 4.1407 0.0662 0.0662 0.638 0 0
53 206 310 19 0 0 0 0 1.0002 0 0.8989 0.1678 0.4506 0.6731 3.0655 0.7177 0.1574 0.545 0.712 4.4634 0.3285 0.3285 0.6921 1 0
53 207 243 0 0 0 0 0 1.0004 0 0.8305 0.1942 0.4016 0.5643 2.3124 0.8055 0.0517 0.5293 0.7218 4.0703 -0.1821 0.1821 0.5809 0 0
53 208 238 0 0 0 0 0 1.0008 0 0.8613 -0.0272 0.3139 0.4026 1.8652 0.8026 -0.041 0.4252 0.6051 4.0458 0.0736 0.0736 0.6 0 0
53 209 275 0 0 0 0 0 1.0003 0 0.9334 -0.1426 0.3021 0.3619 2.359 0.7759 0.0365 0.4601 0.635 4.2423 0.0077 0.0077 0.5783 0 0
53 210 272 0 0 0 0 0 1.0002 0 0.91 -0.3689 0.4406 0.5314 2.2611 0.7312 -0.3876 0.5608 0.739 4.0794 0.0866 0.0866 0.6217 0 0
53 211 219 0 0 0 0 0 1.0007 0 0.8723 0.3886 0.485 0.8351 3.1566 0.7056 0.0888 0.4521 0.6441 4.0483 -0.0331 0.0331 0.6513 0 0
53 212 210 0 0 0 0 0 1.0004 0 0.9479 0.2086 0.4199 0.5627 2.7929 0.7326 0.1394 0.5234 0.7085 4.0699 -0.0731 0.0731 0.6033 0 0
53 213 318 0 0 0 0 0 1.0002 0 0.9082 0.1453 0.3014 0.3635 1.9921 0.7295 0.1769 0.5008 0.7346 4.1311 0.2761 0.2761 0.5449 0 0
53 214 276 0 0 0 0 0 1.0011 0 0.9331 0.1769 0.2864 0.3535 1.8969 0.7367 0.1312 0.5164 0.6946 4.0982 -0.1955 0.1955 0.5841 0 0
53 215 289 0 0 0 0 0 1.0004 0 0.9372 0.0979 0.2771 0.3768 2.4442 0.6822 0.1476 0.4881 0.6935 4.1671 -0.2617 0.2617 0.5863 0 0
53 216 258 2 0 0 0 0 1.0032 0 0.9491 0.1093 0.4234 0.5127 2.6499 0.7838 0.0702 0.5177 0.6887 4.7123 0.1159 0.1159 0.7755 1 0
53 217 223 0 0 0 0 0 1.0002 0 0.946 -0.0905 0.2833 0.3299 2.2628 0.8336 -0.0499 0.3961 0.5494 4.1002 0.0819 0.0819 0.6234 0 0
53 218 297 0 0 0 0 0 1.0003 0 0.8627 0.0366 0.437 0.5232 2.379 0.7875 -6e-04 0.4992 0.6591 4.4723 -0.1769 0.1769 0.6747 0 0
53 219 268 6 0 0 0 0 1.0009 0 0.9391 0.2881 0.3856 0.4632 2.9179 0.7294 0.0054 0.4942 0.6841 4.2514 0.1594 0.1594 0.6996 1 0
53 220 244 0 0 0 0 0 1.0006 0 0.907 -0.0299 0.3851 0.5139 2.4839 0.7536 -0.1121 0.4734 0.6893 4.3137 -0.0318 0.0318 0.6282 0 0
53 221 302 0 0 0 0 0 1.0007 0 0.9315 -0.0571 0.2951 0.3835 2.4119 0.7629 -0.1932 0.4532 0.6458 4.2411 -0.2335 0.2335 0.6651 0 0
53 222 306 0 0 0 0 0 1.0005 0 0.8597 -0.2569 0.5945 0.8133 3.0314 0.782 0.0088 0.4592 0.5942 4.1885 -0.2384 0.2384 0.6742 0 0
53 223 294 0 0 0 0 0 1.0009 0 0.9049 0.1753 0.3342 0.4441 2.0503 0.7943 0.082 0.44 0.6365 4.0168 -0.1253 0.1253 0.5618 0 0
53 224 263 0 0 0 0 0 1.0005 0 0.9475 -0.2412 0.317 0.4478 2.5971 0.8114 -0.0207 0.4856 0.6361 4.0186 0.0747 0.0747 0.5934 0 0
53 225 297 0 0 0 0 0 1.0006 0 0.9208 -0.1968 0.4213 0.5722 3.1344 0.8171 -0.0347 0.4149 0.5701 4.0773 0.1301 0.1301 0.5979 0 0
53 226 305 0 0 0 0 0 1.0019 0 0.9088 -0.1063 0.3305 0.425 2.1461 0.7741 -0.1698 0.5023 0.7148 4.3114 0.0435 0.0435 0.6488 0 0
53 227 220 0 0 0 0 0 1.0003 0 0.9541 -0.0269 0.2699 0.3172 2.7079 0.678 -0.042 0.4172 0.5815 4.0566 0.001 0.001 0.6885 0 0
53 228 315 0 0 0 0 0 1.0005 0 0.9187 0.2049 0.3628 0.5004 2.7283 0.8118 0.1415 0.4712 0.5933 4.0312 0.1553 0.1553 0.6199 0 0
53 229 262 0 0 0 0 0 1.0008 0 0.8524 0.2232 0.4224 0.5213 2.4583 0.8019 0.054 0.3825 0.543 4.0913 -0.0083 0.0083 0.6646 0 0
53 230 272 0 0 0 0 0 1.0002 0 0.9181 0.0374 0.2901 0.3621 2.3147 0.7645 0.08 0.473 0.6612 4.0507 -0.0486 0.0486 0.5999 0 0
53 231 289 0 0 0 0 0 1.0002 0 0.8553 0.0636 0.4041 0.5285 2.3136 0.7745 -0.0018 0.4987 0.6752 4.3841 -0.3016 0.3016 0.6336 0 0
53 232 252 0 0 0 0 0 1.0004 0 0.9025 0.0271 0.3632 0.4182 2.3456 0.7784 0.074 0.4619 0.614 4.1779 0.0553 0.0553 0.6256 0 0
53 233 315 0 0 0 0 0 1.0011 0 0.9055 0.1989 0.5447 0.7938 3.222 0.7891 0.1512 0.4266 0.5785 4.163 0.268 0.268 0.6047 0 0
53 234 306 1 0 0 0 0 1.0005 0 0.9095 -0.1758 0.3252 0.418 2.4989 0.6945 -0.0959 0.5189 0.7461 4.2685 -0.1135 0.1135 0.7298 1 0
53 235 244 0 0 0 0 0 1.0011 0 0.8703 0.4688 0.5316 0.7811 3.1769 0.7535 0.2941 0.5204 0.6955 4.1119 0.0519 0.0519 0.6684 0 0
53 236 274 0 0 0 0 0 1.0013 0 0.9139 -0.3513 0.4594 0.5504 2.6328 0.8089 -0.1855 0.5266 0.6704 4.5175 0.0251 0.0251 0.6983 0 0
53 237 256 0 0 0 0 0 1.0005 0 0.8838 -0.2742 0.5243 0.6888 2.4314 0.7772 0.0308 0.5249 0.6708 4.2688 -0.1 0.1 0.713 0 0
53 238 267 1 0 0 0 0 1.0006 0 0.9197 0.0986 0.4534 0.6672 2.8058 0.817 0.0885 0.4856 0.6352 4.3598 0.1734 0.1734 0.6762 1 0
53 239 301 0 0 0 0 0 1.0001 0 0.9544 0.0037 0.3131 0.3863 2.8434 0.6754 -0.0132 0.4601 0.6644 4.0254 0.0668 0.0668 0.623 0 0
53 240 274 0 0 0 0 0 1.0018 0 0.9193 9e-04 0.2915 0.3604 2.5356 0.7977 -0.0028 0.4356 0.5964 4.1149 -0.0729 0.0729 0.5672 0 0
53 241 310 0 0 0 0 0 1.0006 0 0.8803 0.1188 0.3483 0.4639 2.1929 0.8402 0.0034 0.3723 0.5065 4.3301 0.0883 0.0883 0.6647 0 0
53 242 302 0 0 0 0 0 1.0002 0 0.9375 0.1182 0.3134 0.4318 2.8146 0.82 0.0345 0.4861 0.6152 4.1771 -0.0678 0.0678 0.6801 0 0
53 243 272 0 0 0 0 0 1.0002 0 0.9213 -0.1391 0.408 0.6507 3.0545 0.7481 -0.047 0.4875 0.6604 4.2853 -0.0476 0.0476 0.704 0 0
53 244 291 0 0 0 0 0 1.0005 0 0.924 -0.1688 0.3247 0.4141 2.201 0.8194 -0.0938 0.4492 0.5774 4.0878 -0.1671 0.1671 0.6304 0 0
53 245 271 0 0 0 0 0 1.0013 0 0.8999 0.2932 0.7188 0.9792 2.9741 0.759 0.1419 0.5109 0.6827 4.0666 0.0652 0.0652 0.6226 0 0
53 246 250 0 0 0 0 0 1.0002 0 0.9192 0.2165 0.3301 0.5001 2.5902 0.7134 0.0148 0.4587 0.636 4.0692 -0.061 0.061 0.6654 0 0
53 247 276 0 0 0 0 0 1.0005 0 0.9073 0.0305 0.5219 0.6315 2.584 0.7814 -0.0417 0.4685 0.6234 4.0873 -0.1039 0.1039 0.6407 0 0
53 248 257 8 0 0 0 0 1.0015 0 0.8805 -0.2676 0.4956 0.7323 3.1273 0.6819 -0.1367 0.5466 0.7352 4.669 0.0254 0.0254 0.8082 1 0
53 249 280 0 0 0 0 0 1.0016 0 0.8826 -0.1471 0.364 0.4636 2.1807 0.7367 -0.1012 0.578 0.8056 4.1461 0.1547 0.1547 0.6377 0 0
53 250 314 0 0 0 0 0 1.0002 0 0.9611 -0.0221 0.2728 0.3467 2.5544 0.8538 -0.1002 0.3775 0.4841 3.9979 -0.2698 0.2698 0.5549 0 0
53 251 308 0 0 0 0 0 1.0006 0 0.909 0.2897 0.3874 0.4881 2.3915 0.7857 0.1911 0.52 0.707 4.0986 -0.1965 0.1965 0.6108 0 0
53 252 310 0 0 0 0 0 1.0004 0 0.8613 -0.353 0.4172 0.6038 2.152 0.849 -0.2062 0.4263 0.5609 4.179 0.0677 0.0677 0.5803 0 0
53 253 200 0 0 0 0 0 1.0016 0 0.9338 -0.0636 0.4107 0.6132 3.1365 0.7632 0.0375 0.5087 0.6728 4.4787 0.0556 0.0556 0.6671 0 0
53 254 263 0 0 0 0 0 1.0007 0 0.9499 0.0174 0.3522 0.4626 2.4047 0.8503 -0.1137 0.4773 0.6358 4.2402 -0.0604 0.0604 0.6238 0 0
53 255 248 0 0 0 0 0 1.0017 0 0.9023 -0.1725 0.4043 0.5339 2.6765 0.7429 -0.0441 0.4184 0.5827 4.5167 -0.1055 0.1055 0.6909 0 0
53 256 281 0 0 0 0 0 1.0009 0 0.901 0.134 0.3269 0.4087 2.1916 0.8265 0.0987 0.4539 0.6314 4.1327 0.0219 0.0219 0.5968 0 0
53 257 292 0 0 0 0 0 1.0008 0 0.8929 -0.0667 0.3484 0.4607 2.3227 0.7192 -0.0533 0.4575 0.6589 4.1903 -0.0119 0.0119 0.6631 0 0
53 258 272 0 0 0 0 0 1.0008 0 0.9034 -0.1873 0.4244 0.583 2.5063 0.7199 -0.1709 0.5019 0.7357 4.0977 -0.1746 0.1746 0.6242 0 0
53 259 228 0 0 0 0 0 1.0004 0 0.929 0.2838 0.3384 0.5742 2.8727 0.8031 0.2342 0.4473 0.6049 4.065 0.0083 0.0083 0.5978 0 0
53 260 282 0 0 0 0 0 1.0009 0 0.8679 0.0341 0.2738 0.4239 2.3961 0.7264 0.0636 0.4252 0.5698 4.1638 -0.14 0.14 0.7393 0 0
53 261 269 0 0 0 0 0 1.0011 0 0.9023 -0.2039 0.3165 0.4533 2.2838 0.794 -0.1475 0.455 0.6227 4.1627 -0.2301 0.2301 0.5577 0 0
53 262 260 0 0 0 0 0 1.0002 0 0.9188 0.097 0.3421 0.442 2.6054 0.6547 -0.0565 0.5484 0.7489 4.438 -0.0859 0.0859 0.7164 0 0
53 263 233 0 0 0 0 0 1.0003 0 0.9454 0.0137 0.4698 0.5872 2.883 0.7094 0.1426 0.4866 0.6949 4.1795 -0.1757 0.1757 0.6384 0 0
53 264 327 0 0 0 0 0 1.0002 0 0.9337 0.0107 0.2698 0.3448 2.1531 0.8137 0.079 0.4173 0.5889 4.1762 0.3006 0.3006 0.5007 0 0
53 265 317 3 0 0 0 0 1.0005 0 0.9584 0.0855 0.289 0.3524 2.7674 0.7672 0.0307 0.4651 0.6267 4.2357 0.2334 0.2334 0.6669 1 0
53 266 276 0 0 0 0 0 1.0003 0 0.9332 0.1414 0.3823 0.4774 2.6157 0.757 0.1104 0.4605 0.6265 4.1103 0.0341 0.0341 0.6309 0 0
53 267 275 0 0 0 0 0 1.001 0 0.9252 0.1115 0.284 0.3475 2.0939 0.7909 0.0256 0.436 0.5902 4.1123 0.0715 0.0715 0.6039 0 0
53 268 299 1 0 0 0 0 1.0023 0 0.8966 0.4106 0.5614 0.7498 2.9167 0.697 0.0018 0.5468 0.7248 4.2374 -0.0589 0.0589 0.76 1 0
53 269 240 0 0 0 0 0 1.0012 0 0.951 -0.073 0.2754 0.4261 3.1105 0.7726 -0.014 0.4339 0.584 4.0133 0.0194 0.0194 0.5732 0 0
53 270 226 0 0 0 0 0 1.0004 0 0.9462 -0.0558 0.2724 0.3411 2.3871 0.8632 -0.1232 0.3595 0.4877 4.3373 -0.1476 0.1476 0.5952 0 0
53 271 265 0 0 0 0 0 1.0012 0 0.9392 -0.1713 0.3612 0.4798 2.8614 0.802 -0.069 0.4482 0.6194 4.1337 0.0477 0.0477 0.6547 0 0
53 272 263 0 0 0 0 0 1.0009 0 0.9278 0.0494 0.5196 0.6777 2.9884 0.8155 -0.0153 0.4439 0.5593 4.0813 -0.0564 0.0564 0.7004 0 0
53 273 213 0 0 0 0 0 1.0009 0 0.9123 -0.0817 0.4337 0.5454 3.0098 0.7711 -0.0321 0.4844 0.6516 4.0573 -0.0115 0.0115 0.5971 0 0
53 274 252 0 0 0 0 0 1.0012 0 0.9638 0.1627 0.3513 0.4285 2.6188 0.8178 0.1782 0.4337 0.5776 4.0754 -0.0301 0.0301 0.6089 0 0
53 275 243 0 0 0 0 0 1.0006 0 0.9556 -0.1915 0.3029 0.3677 2.3469 0.7663 -0.0738 0.4669 0.6102 4.2324 0.0619 0.0619 0.6308 0 0
53 276 278 3 0 0 0 0 1.001 0 0.9172 -0.1819 0.3766 0.4434 2.6425 0.742 -0.0394 0.4714 0.6643 4.6001 -0.0869 0.0869 0.7722 1 0
53 277 230 0 0 0 0 0 1.0004 0 0.9347 0.0507 0.336 0.4408 2.4491 0.8236 0.0088 0.4293 0.5554 3.998 0.0321 0.0321 0.5456 0 0
53 278 339 2 0 0 0 0 1.0005 0 0.9348 -0.0938 0.2868 0.3763 2.6939 0.8254 0.0011 0.4017 0.5331 4.0367 0.2166 0.2166 0.6003 1 0
53 279 292 0 0 0 0 0 1.0005 0 0.9517 -0.177 0.3466 0.4191 2.4601 0.6871 -0.0506 0.5253 0.7396 4.1204 0.0038 0.0038 0.6725 0 0
53 280 246 0 0 0 0 0 1.0015 0 0.915 -0.3519 0.4468 0.6579 3.1305 0.7574 -0.1515 0.4833 0.6445 4.3528 -0.0691 0.0691 0.7276 0 0
53 281 287 0 0 0 0 0 1.0003 0 0.9109 0.0761 0.3118 0.4106 2.3254 0.7424 -0.017 0.4544 0.621 4.1012 0.1668 0.1668 0.5774 0 0
53 282 258 0 0 0 0 0 1.0006 0 0.9192 -0.0913 0.4606 0.6402 2.7153 0.8282 -0.0315 0.4433 0.61 3.9971 -0.0962 0.0962 0.5933 0 0
53 283 257 0 0 0 0 0 1.0011 0 0.9225 0.1186 0.3881 0.4591 2.3975 0.8347 -0.0565 0.4694 0.6691 4.0498 0.1544 0.1544 0.5318 0 0
53 284 255 0 0 0 0 0 1.0003 0 0.9683 -0.1468 0.3051 0.3883 2.5481 0.7218 -0.1462 0.5394 0.7846 4.1017 0.0981 0.0981 0.6329 0 0
53 285 229 0 0 0 0 0 1.0002 0 0.8689 -0.1435 0.3858 0.493 2.3567 0.7293 -0.0431 0.4428 0.6069 4.1079 -0.0345 0.0345 0.5996 0 0
53 286 245 0 0 0 0 0 1.0002 0 0.9522 -0.1797 0.2893 0.4378 3.0288 0.7302 -0.165 0.4445 0.6187 4.2213 -0.0286 0.0286 0.6564 0 0
53 287 225 0 0 0 0 0 1.0011 0 0.8939 -0.0146 0.3556 0.419 2.5862 0.7148 -0.0389 0.47 0.6513 4.077 -0.0975 0.0975 0.689 0 0
53 288 263 0 0 0 0 0 1.0005 0 0.9505 0.0794 0.2992 0.3906 2.5956 0.7542 0.0336 0.4415 0.6174 4.147 0.1587 0.1587 0.6696 0 0
53 289 221 0 0 0 0 0 1.0005 0 0.9152 0.153 0.4364 0.678 3.1275 0.7954 0.0326 0.4195 0.5517 3.9823 -0.0572 0.0572 0.5425 0 0
53 290 270 0 0 0 0 0 1.0007 0 0.9141 -0.1522 0.2923 0.3518 1.816 0.8026 -7e-04 0.4607 0.6043 4.1881 0.0862 0.0862 0.609 0 0
53 291 216 0 0 0 0 0 1.0005 0 0.878 -0.0322 0.3243 0.5504 2.5834 0.8131 0.0619 0.4682 0.5909 4.1634 -0.0735 0.0735 0.6551 0 0
53 292 322 0 0 0 0 0 1.0001 0 0.9436 0.074 0.3983 0.54 2.7717 0.8048 0.1041 0.4662 0.5961 4.1142 0.0438 0.0438 0.574 0 0
53 293 286 0 0 0 0 0 1.0002 0 0.9364 -0.0286 0.3118 0.4784 2.5086 0.7633 0.0338 0.4612 0.6424 4.3159 -0.0326 0.0326 0.6162 0 0
53 294 269 0 0 0 0 0 1.0005 0 0.9468 0.115 0.3129 0.3741 2.6644 0.7312 0.1599 0.5272 0.72 4.1359 -0.1301 0.1301 0.6231 0 0
53 295 310 0 0 0 0 0 1.0003 0 0.8737 -0.1162 0.4367 0.536 2.4992 0.7919 -0.0358 0.4826 0.6222 4.1773 0.0056 0.0056 0.6623 0 0
53 296 273 0 0 0 0 0 1.0003 0 0.8741 -0.2076 0.3983 0.6601 2.9152 0.824 0.0075 0.4217 0.5777 4.1843 -0.0384 0.0384 0.6737 0 0
53 297 290 0 0 0 0 0 1.0006 0 0.8631 -0.0265 0.4061 0.4558 2.2542 0.7709 -0.1273 0.4893 0.6714 4.2932 0.0513 0.0513 0.6076 0 0
53 298 275 0 0 0 0 0 1.0006 0 0.8764 -0.008 0.409 0.5118 2.2423 0.8295 0.1121 0.3656 0.4722 3.9873 -0.0518 0.0518 0.548 0 0
53 299 324 0 0 0 0 0 1.0001 0 0.9661 -0.0932 0.2654 0.3365 2.6524 0.8389 -0.1604 0.4157 0.5449 4.1116 0.0401 0.0401 0.5686 0 0
53 300 228 0 0 0 0 0 1.0009 0 0.9281 -0.0315 0.407 0.4874 2.5023 0.8118 -0.0956 0.43 0.5581 4.0451 -0.0204 0.0204 0.5926 0 0
53 301 277 0 0 0 0 0 1.0008 0 0.9647 -0.0037 0.2382 0.2964 2.7153 0.7702 0.006 0.4208 0.5742 4.3893 -0.0303 0.0303 0.697 0 0
53 302 308 0 0 0 0 0 1.0006 0 0.8349 0.2523 0.5245 0.638 2.6998 0.7899 0.1685 0.4994 0.6583 4.2343 0.1916 0.1916 0.6494 0 0
53 303 281 0 0 0 0 0 1.0002 0 0.9736 0.1488 0.2699 0.3962 2.788 0.83 0.1101 0.3997 0.5602 4.1605 -0.1358 0.1358 0.5952 0 0
53 304 227 0 0 0 0 0 1.0011 0 0.8809 0.2086 0.5261 0.8248 3.2417 0.7715 -0.0676 0.4881 0.6761 4.0034 -0.048 0.048 0.6054 0 0
53 305 209 0 0 0 0 0 1.0017 0 0.9567 -0.1455 0.2304 0.2998 2.2839 0.7974 -0.0108 0.4162 0.5303 4.0517 0.0345 0.0345 0.5669 0 0
53 306 209 0 0 0 0 0 1.0004 0 0.9306 0.0814 0.3391 0.4205 2.2874 0.7604 0.0564 0.4362 0.6365 4.2153 -0.0585 0.0585 0.6238 0 0
53 307 310 0 0 0 0 0 1.0002 0 0.9566 -0.2297 0.3402 0.4499 2.6459 0.8383 -0.0993 0.4171 0.5529 4.2212 -0.1617 0.1617 0.6217 0 0
53 308 421 144 0 0 0 0 1.0015 0 0.8668 -0.4597 0.5019 0.724 2.868 0.7065 -0.1971 0.5904 0.7848 4.6412 0.2966 0.2966 0.7201 1 0
53 309 212 0 0 0 0 0 1.001 0 0.9236 0.0906 0.331 0.4196 2.3482 0.6959 0.0641 0.4862 0.6651 4.395 -0.0111 0.0111 0.6992 0 0
53 310 236 0 0 0 0 0 1.0006 0 0.9608 -0.2942 0.3567 0.5054 2.8352 0.8916 -0.2002 0.3955 0.4922 4.027 -0.0368 0.0368 0.5479 0 0
53 311 284 0 0 0 0 0 1.0014 0 0.924 -0.1524 0.4692 0.6614 2.6178 0.8528 -0.1022 0.3997 0.5194 4.2688 0.0158 0.0158 0.6659 0 0
53 312 301 0 0 0 0 0 1.0009 0 0.9263 0.1159 0.3164 0.5352 3.0181 0.7339 0.0518 0.5106 0.6771 4.2081 0.001 0.001 0.693 0 0
53 313 236 0 0 0 0 0 1.0007 0 0.9328 0.1828 0.337 0.4365 2.5721 0.7952 0.1061 0.5072 0.6578 4.0857 -0.0862 0.0862 0.6469 0 0
53 314 255 0 0 0 0 0 1.0006 0 0.9289 -0.0215 0.294 0.3836 2.2255 0.7244 0.1117 0.5489 0.7313 4.2632 0.1008 0.1008 0.6231 0 0
53 315 225 0 0 0 0 0 1.0002 0 0.919 -0.1047 0.3947 0.5911 2.8767 0.8134 0.0157 0.4117 0.5486 4.1447 0.0104 0.0104 0.6401 0 0
53 316 186 0 0 0 0 0 1.0012 0 0.9547 0.0416 0.2761 0.3977 2.9059 0.7455 -0.0374 0.5289 0.7053 4.0554 0.023 0.023 0.622 0 0
53 317 221 0 0 0 0 0 1.0019 0 0.8857 -0.1272 0.3293 0.3802 2.0841 0.8102 -0.0056 0.458 0.6013 4.3172 0.013 0.013 0.6376 0 0
53 318 239 0 0 0 0 0 1.0003 0 0.9515 0.0163 0.2516 0.2904 2.4318 0.7699 -0.0413 0.4668 0.6191 4.1082 -0.0333 0.0333 0.6247 0 0
53 319 292 0 0 0 0 0 1.0008 0 0.9161 -0.2275 0.3942 0.5158 2.5392 0.7748 -0.0941 0.451 0.6465 4.1766 -0.1756 0.1756 0.6444 0 0
53 320 306 2 0 0 0 0 1.0021 0 0.8943 0.0823 0.3699 0.4685 2.6122 0.7639 0.0977 0.4497 0.6424 4.2816 -0.2325 0.2325 0.7281 1 0
53 321 253 0 0 0 0 0 1.0004 0 0.9417 -0.1933 0.3136 0.4061 2.2004 0.8127 -0.0298 0.4522 0.6028 4.1306 0.1646 0.1646 0.5467 0 0
53 322 284 0 0 0 0 0 1.0001 0 0.9334 0.163 0.5244 0.6655 2.6186 0.8317 0.1785 0.4979 0.6623 3.9652 0.0527 0.0527 0.5207 0 0
53 323 359 9000 1 0 126 126 9.2594 116 0.7378 -0.1552 0.4967 0.5993 3.5132 0.5194 -0.0895 0.6617 0.8372 7.4255 -0.4118 0.4118 1.1712 1 1
53 324 264 0 0 0 0 0 1.0006 0 0.9386 -0.0092 0.3215 0.4204 2.9582 0.7395 0.0384 0.522 0.7105 4.3114 0.0749 0.0749 0.6875 0 0
53 325 283 0 0 0 0 0 1.0004 0 0.9025 -0.0475 0.3881 0.4951 2.2844 0.7821 0.1442 0.5626 0.7253 4.1504 -0.1034 0.1034 0.5989 0 0
53 326 260 0 0 0 0 0 1.0007 0 0.9356 0.1006 0.2926 0.4031 2.9645 0.7099 -0.0046 0.473 0.6609 4.0842 0.0969 0.0969 0.6782 0 0
53 327 278 0 0 0 0 0 1.0003 0 0.9573 -0.0994 0.2658 0.3544 2.5905 0.8481 0.006 0.3646 0.4588 3.9804 -0.1048 0.1048 0.551 0 0
53 328 288 0 0 0 0 0 1.0016 0 0.9545 0.0299 0.4101 0.5461 2.6237 0.8359 -0.0464 0.4533 0.5769 4.0922 0.0751 0.0751 0.5801 0 0
53 329 263 0 0 0 0 0 1.0006 0 0.9483 0.3895 0.45 0.59 2.8539 0.8025 0.2169 0.4473 0.5861 4.213 -0.0917 0.0917 0.6297 0 0
53 330 322 0 0 0 0 0 1.0007 0 0.9279 0.1649 0.2979 0.3621 1.8979 0.8629 0.2117 0.4159 0.5662 4.1057 0.2259 0.2259 0.5714 0 0
53 331 272 0 0 0 0 0 1.0003 0 0.9384 0.126 0.3166 0.3917 2.3769 0.6956 0.1041 0.5448 0.7763 4.1652 0.0322 0.0322 0.6847 0 0
53 332 328 9 0 0 0 0 1.0009 0 0.8995 -0.279 0.407 0.5442 2.3004 0.7678 -0.0644 0.5046 0.6554 4.4699 0.1888 0.1888 0.8401 1 0
53 333 288 0 0 0 0 0 1.0008 0 0.9227 -0.0421 0.3669 0.4085 2.1179 0.7565 -0.029 0.4632 0.633 4.1653 -0.2497 0.2497 0.6923 0 0
53 334 283 0 0 0 0 0 1.0004 0 0.9247 -0.3363 0.4274 0.4904 2.6614 0.8576 -0.2813 0.5226 0.7075 4.0412 -0.0679 0.0679 0.5612 0 0
53 335 221 0 0 0 0 0 1.0005 0 0.9544 -0.193 0.3092 0.4609 3.0777 0.7656 -0.0769 0.4306 0.5773 4.09 -0.0421 0.0421 0.6059 0 0
53 336 302 0 0 0 0 0 1.0001 0 0.9359 -0.0788 0.3035 0.4042 2.6623 0.6881 0.144 0.5088 0.731 4.118 0.2174 0.2174 0.6329 0 0
53 337 257 0 0 0 0 0 1.0009 0 0.9461 0.0088 0.2833 0.3709 2.6664 0.7968 0.0715 0.4224 0.6219 4.2113 -0.0485 0.0485 0.6515 0 0
53 338 262 0 0 0 0 0 1.0013 0 0.868 0.0665 0.3116 0.4178 1.881 0.8498 0.1438 0.4967 0.6586 4.207 -0.2122 0.2122 0.5773 0 0
53 339 306 3 0 0 0 0 1.0004 0 0.8899 -0.1644 0.3097 0.4271 2.1004 0.8279 -0.1302 0.438 0.5844 4.3121 0.1523 0.1523 0.7808 1 0
53 340 230 0 0 0 0 0 1.0008 0 0.904 0.0152 0.5403 0.8026 3.1986 0.8097 -0.0613 0.4576 0.6616 4.1207 -0.0719 0.0719 0.6234 0 0
53 341 240 0 0 0 0 0 1.0014 0 0.9103 -0.1563 0.4456 0.6276 2.5667 0.7854 0.0504 0.5144 0.7049 4.2808 0.0039 0.0039 0.6489 0 0
53 342 199 0 0 0 0 0 1.0005 0 0.9021 0.2083 0.3468 0.5483 2.9531 0.7989 0.085 0.4848 0.6662 4.0763 0.0472 0.0472 0.5718 0 0
53 343 210 0 0 0 0 0 1.0001 0 0.942 0.1583 0.3146 0.3833 2.1268 0.7623 0.1254 0.4763 0.5945 4.0298 0.0403 0.0403 0.5848 0 0
53 344 254 0 0 0 0 0 1.0006 0 0.9101 -0.0706 0.3776 0.4817 2.4279 0.7727 -0.1375 0.4667 0.6575 4.2494 -0.0247 0.0247 0.6505 0 0
53 345 257 0 0 0 0 0 1.0004 0 0.9371 0.0354 0.3302 0.4163 2.6575 0.7768 0.1046 0.5024 0.6815 4.0973 -0.041 0.041 0.6313 0 0
53 346 245 0 0 0 0 0 1.0012 0 0.8594 0.4252 0.5101 0.7531 3.111 0.7379 0.2007 0.5586 0.7566 4.0846 -0.0389 0.0389 0.5924 0 0
53 347 291 0 0 0 0 0 1.0014 0 0.8947 -0.0312 0.3344 0.4273 2.6722 0.8369 0.0513 0.377 0.5401 4.2568 0.0838 0.0838 0.6779 0 0
53 348 254 0 0 0 0 0 1.0004 0 0.9487 -0.0338 0.2969 0.3483 2.352 0.7488 -0.1725 0.5057 0.687 4.2945 -0.1739 0.1739 0.6613 0 0
53 349 242 0 0 0 0 0 1.0006 0 0.9087 -0.156 0.3627 0.4568 2.558 0.8434 -0.0724 0.442 0.6001 4.1077 0.0167 0.0167 0.6234 0 0
53 350 289 0 0 0 0 0 1.0015 0 0.9393 -0.2145 0.4446 0.5352 2.5107 0.8299 -0.205 0.4462 0.5933 4.0392 0.0626 0.0626 0.6088 0 0
53 351 292 0 0 0 0 0 1.0004 0 0.9058 -0.2194 0.397 0.4574 2.094 0.7739 -0.115 0.4599 0.6468 4.0156 -0.1922 0.1922 0.5412 0 0
53 352 257 0 0 0 0 0 1.0005 0 0.9195 0.0211 0.2704 0.3421 2.1009 0.7589 -0.0254 0.4449 0.6343 4.0807 -0.1845 0.1845 0.5803 0 0
53 353 215 0 0 0 0 0 1.0007 0 0.8783 0.1037 0.4154 0.4984 2.0694 0.8216 0.0791 0.4743 0.6344 4.117 0.0971 0.0971 0.5618 0 0
53 354 269 0 0 0 0 0 1.0011 0 0.9252 -0.0905 0.4707 0.6548 2.8046 0.8008 0.0229 0.3921 0.5285 4.1076 -0.0776 0.0776 0.6241 0 0
53 355 293 0 0 0 0 0 1.0002 0 0.9284 -0.1275 0.36 0.4216 2.8024 0.7633 -0.1731 0.5064 0.6918 4.2296 0.0631 0.0631 0.6064 0 0
53 356 263 0 0 0 0 0 1.0004 0 0.8936 -0.1571 0.376 0.4725 2.6149 0.7818 -0.0563 0.4965 0.6751 4.3151 -0.0075 0.0075 0.6065 0 0
53 357 316 0 0 0 0 0 1.0001 0 0.9283 -0.0756 0.3561 0.4578 2.4942 0.8039 -0.0367 0.4578 0.59 4.1743 0.087 0.087 0.6458 0 0
53 358 308 2 0 0 0 0 1.0002 0 0.9654 0.0784 0.2647 0.3388 2.8569 0.7527 0.0809 0.4727 0.6455 4.0879 0.2212 0.2212 0.6639 1 0
53 359 323 0 0 0 0 0 1.0005 0 0.924 -0.1696 0.337 0.4205 2.1839 0.8413 -0.1204 0.4013 0.5378 4.1506 -0.1775 0.1775 0.6199 0 0
53 360 233 0 0 0 0 0 1.0023 0 0.9226 0.0392 0.4155 0.5322 2.946 0.7443 -0.0013 0.4456 0.6582 4.124 0.1704 0.1704 0.6528 0 0
53 361 303 1 0 0 0 0 1.0006 0 0.925 0.3843 0.4457 0.562 2.8925 0.8467 0.1514 0.424 0.5317 4.6411 0.0441 0.0441 0.7539 1 0
53 362 271 0 0 0 0 0 1.0003 0 0.9199 0.1273 0.3559 0.4929 2.9968 0.7392 0.0244 0.4178 0.5607 4.1771 0.0525 0.0525 0.7002 0 0
53 363 249 0 0 0 0 0 1.0009 0 0.9068 0.0596 0.3015 0.4112 1.997 0.7995 0.0362 0.4741 0.6459 4.0836 0.044 0.044 0.583 0 0
53 364 287 0 0 0 0 0 1.0006 0 0.9343 0.0216 0.3479 0.4557 2.6228 0.779 -0.0721 0.51 0.6836 4.3059 0.1266 0.1266 0.6723 0 0
53 365 267 0 0 0 0 0 1.0013 0 0.9269 0.0838 0.4983 0.7432 2.9661 0.7774 0.0892 0.4525 0.5855 4.202 0.1187 0.1187 0.6083 0 0
53 366 301 0 0 0 0 0 1.0017 0 0.9324 0.103 0.2933 0.3758 1.9538 0.7486 -0.0086 0.4691 0.6457 4.4403 -0.0694 0.0694 0.7414 0 0
53 367 280 0 0 0 0 0 1.0001 0 0.9741 -0.1678 0.2492 0.3082 2.2793 0.8152 -0.0885 0.4344 0.5705 4.0974 0.1271 0.1271 0.5811 0 0
53 368 262 0 0 0 0 0 1.0002 0 0.8747 0.2709 0.4977 0.7301 2.829 0.6883 0.1024 0.5255 0.7408 4.1804 -0.094 0.094 0.6732 0 0
53 369 287 0 0 0 0 0 1.0006 0 0.9166 -0.2383 0.4125 0.5733 2.8452 0.7688 -0.0705 0.4782 0.6444 4.3252 0.0901 0.0901 0.6886 0 0
53 370 279 0 0 0 0 0 1.0006 0 0.8899 -0.0843 0.3885 0.5714 2.5566 0.8329 0.0428 0.4353 0.5765 4.3935 -0.0451 0.0451 0.7059 0 0
53 371 294 0 0 0 0 0 1.0008 0 0.9545 0.0771 0.2639 0.3555 2.6747 0.7764 0.0876 0.4256 0.5852 4.1024 0.1496 0.1496 0.6199 0 0
53 372 252 0 0 0 0 0 1.0016 0 0.9567 -0.2814 0.3868 0.5252 2.4745 0.7982 -0.07 0.4157 0.5519 4.1169 -0.0093 0.0093 0.6281 0 0
53 373 279 0 0 0 0 0 1.0011 0 0.8948 -0.1897 0.4492 0.5788 2.3916 0.8422 -0.151 0.4254 0.5442 4.1337 -0.0678 0.0678 0.5969 0 0
53 374 278 0 0 0 0 0 1.0003 0 0.9279 0.067 0.3517 0.4175 2.4002 0.732 0.0675 0.5071 0.7492 4.2881 0.1439 0.1439 0.5995 0 0
53 375 267 0 0 0 0 0 1.0021 0 0.9123 0.3456 0.4019 0.5254 2.6048 0.7465 0.0823 0.4813 0.6362 4.2093 -0.1413 0.1413 0.6387 0 0
53 376 274 0 0 0 0 0 1.0009 0 0.9121 -0.1266 0.5055 0.7013 3.0445 0.7677 -0.1466 0.4964 0.6488 4.1307 -0.1079 0.1079 0.7225 0 0
53 377 228 0 0 0 0 0 1.0012 0 0.9295 0.2139 0.4791 0.5945 2.5816 0.7718 0.0761 0.5391 0.7029 4.1454 0.0672 0.0672 0.6287 0 0
53 378 310 0 0 0 0 0 1.0005 0 0.9246 -0.0829 0.3742 0.5231 2.9757 0.7667 0.1363 0.495 0.6897 4.1332 -0.085 0.085 0.7173 0 0
53 379 211 0 0 0 0 0 1.0029 0 0.9396 0.1031 0.2905 0.3522 2.0921 0.8195 0.1721 0.4658 0.6187 4.0474 -0.0042 0.0042 0.5815 0 0
53 380 245 0 0 0 0 0 1.001 0 0.9067 -0.3146 0.3878 0.6012 2.7604 0.6179 -0.1439 0.6132 0.8053 4.1579 0.073 0.073 0.6633 0 0
53 381 257 0 0 0 0 0 1.0012 0 0.9147 -0.0385 0.3322 0.4343 2.3541 0.7525 -0.0526 0.4672 0.6367 4.0893 0.2549 0.2549 0.605 0 0
53 382 264 0 0 0 0 0 1.001 0 0.9634 0.2435 0.3667 0.4711 2.6801 0.7624 0.0212 0.5134 0.6801 4.1967 -0.0561 0.0561 0.7923 0 0
53 383 243 0 0 0 0 0 1.0005 0 0.9196 -0.0441 0.334 0.4581 2.4534 0.8199 -0.0052 0.4136 0.5514 4.0795 0.0091 0.0091 0.6004 0 0
53 384 324 14 0 0 0 0 1.0009 0 0.9655 -0.2624 0.311 0.3646 2.3328 0.6571 -0.2582 0.5331 0.7017 4.2486 0.4044 0.4044 0.6222 1 0
53 385 193 0 0 0 0 0 1.0004 0 0.9364 -0.2243 0.335 0.4898 2.9969 0.7225 -0.0222 0.5197 0.6869 4.1236 0.0631 0.0631 0.6588 0 0
53 386 247 0 0 0 0 0 1.0006 0 0.926 0.0611 0.2918 0.3646 2.0521 0.7338 0.0917 0.4267 0.5938 4.0828 -0.0815 0.0815 0.6466 0 0
53 387 236 0 0 0 0 0 1.0002 0 0.9503 -0.1756 0.3536 0.4643 2.5159 0.8061 -0.1611 0.4503 0.6066 4.0092 0.187 0.187 0.5305 0 0
53 388 265 0 0 0 0 0 1.0006 0 0.8953 0.0584 0.458 0.6527 3.0464 0.751 -0.1037 0.4513 0.6046 4.4393 -0.1557 0.1557 0.7525 0 0
53 389 327 2 0 0 0 0 1.0003 0 0.968 -0.236 0.3848 0.5172 2.4487 0.7514 -0.0359 0.4596 0.6441 4.0621 0.185 0.185 0.6587 1 0
53 390 240 0 0 0 0 0 1.0027 0 0.9343 0.0953 0.2989 0.3959 2.3406 0.8443 0.0368 0.3571 0.4897 4.0777 0.1397 0.1397 0.5369 0 0
53 391 288 0 0 0 0 0 1.0012 0 0.8821 0.2859 0.4395 0.5023 2.1845 0.7835 0.1758 0.5175 0.6977 4.1325 -0.0381 0.0381 0.5973 0 0
53 392 303 0 0 0 0 0 1.0006 0 0.9651 -0.061 0.1986 0.2813 2.3816 0.7811 -0.0947 0.4471 0.6348 4.2741 -0.1284 0.1284 0.6903 0 0
53 393 244 0 0 0 0 0 1.0004 0 0.9059 -0.0917 0.4712 0.6855 2.7123 0.8085 0.0381 0.4382 0.5695 4.1694 0.0545 0.0545 0.6687 0 0
53 394 300 6 0 0 0 0 1.0015 0 0.8954 0.0229 0.2959 0.3669 2.5962 0.7545 0.0405 0.4387 0.615 4.3123 0.0232 0.0232 0.7997 1 0
53 395 258 0 0 0 0 0 1.0004 0 0.9541 -0.0477 0.3086 0.4052 2.7551 0.803 -0.0286 0.4702 0.6296 4.1112 -0.0975 0.0975 0.6058 0 0
53 396 222 0 0 0 0 0 1.0008 0 0.9299 -0.0398 0.4014 0.587 3.0374 0.8096 0.0404 0.4323 0.5832 4.0109 -0.0766 0.0766 0.61 0 0
53 397 293 0 0 0 0 0 1.0009 0 0.9312 0.0652 0.3794 0.4701 2.444 0.7671 -0.0151 0.4522 0.6186 4.1678 0.0505 0.0505 0.6814 0 0
53 398 250 0 0 0 0 0 1.0009 0 0.9359 0.211 0.3152 0.3932 1.8412 0.8224 0.0938 0.4514 0.6365 3.9871 -0.0279 0.0279 0.4764 0 0
53 399 291 0 0 0 0 0 1.0004 0 0.928 0.1255 0.4188 0.5196 2.9795 0.7783 0.1222 0.4998 0.6792 4.0001 -0.1962 0.1962 0.5428 0 0
53 400 258 0 0 0 0 0 1.0017 0 0.9234 -0.1895 0.3237 0.4275 2.4625 0.7691 0.052 0.4576 0.6438 4.021 0.0748 0.0748 0.5657 0 0
53 401 311 0 0 0 0 0 1.0005 0 0.8953 -0.0223 0.4104 0.5146 2.5107 0.7639 -0.0903 0.4914 0.6335 4.1085 -0.1866 0.1866 0.5579 0 0
53 402 310 1 0 0 0 0 1.0001 0 0.9109 -0.0019 0.3695 0.4433 2.2409 0.7016 0.0946 0.5306 0.786 4.2139 0.3667 0.3667 0.5302 1 0
53 403 315 0 0 0 0 0 1.0001 0 0.9292 0.0732 0.3674 0.4772 2.2921 0.7915 0.1719 0.4907 0.7391 4.1645 -0.3732 0.3732 0.511 0 0
53 404 215 0 0 0 0 0 1.001 0 0.9592 -0.0339 0.3488 0.4493 2.8532 0.7877 0.0481 0.4654 0.6366 4.0842 -0.0592 0.0592 0.6068 0 0
53 405 332 0 0 0 0 0 1.0004 0 0.9278 -0.285 0.4048 0.535 2.8467 0.8335 -0.1217 0.4221 0.5398 4.0899 -0.2024 0.2024 0.5981 0 0
53 406 265 0 0 0 0 0 1.0009 0 0.9475 -0.0073 0.3222 0.5333 3.0588 0.7872 -0.03 0.4521 0.5883 3.9997 -0.1158 0.1158 0.6039 0 0
53 407 277 0 0 0 0 0 1.0005 0 0.958 0.0087 0.2389 0.3196 2.5193 0.8373 0.0266 0.4129 0.5628 4.083 -0.2149 0.2149 0.5781 0 0
53 408 289 0 0 0 0 0 1.0003 0 0.9274 0.1299 0.3723 0.4538 2.6906 0.8781 0.0562 0.3681 0.4725 4.0661 -0.1635 0.1635 0.5999 0 0
53 409 316 2 0 0 0 0 1.0005 0 0.8734 0.3558 0.4696 0.5444 2.254 0.7722 0.2121 0.5504 0.7068 4.1574 0.2531 0.2531 0.6246 1 0
53 410 303 0 0 0 0 0 1.0016 0 0.9453 0.0718 0.2716 0.326 2.2151 0.7989 -0.0748 0.4379 0.5873 4.2189 0.1701 0.1701 0.5484 0 0
53 411 260 0 0 0 0 0 1.0007 0 0.903 -0.0684 0.325 0.5055 3.1123 0.7196 -0.01 0.4626 0.6334 4.162 -0.0264 0.0264 0.6432 0 0
53 412 248 1 0 0 0 0 1.0029 0 0.9297 -0.2158 0.3202 0.4133 2.8375 0.7593 -0.0847 0.4288 0.6166 4.1625 -0.0179 0.0179 0.6598 1 0
53 413 290 0 0 0 0 0 1.0011 0 0.9514 0.1643 0.377 0.419 2.5768 0.7873 0.0602 0.527 0.7129 4.2054 -0.0661 0.0661 0.6789 0 0
53 414 268 0 0 0 0 0 1.0007 0 0.9162 0.2725 0.4529 0.6682 2.9466 0.8407 0.0111 0.4384 0.6175 4.0901 0.0494 0.0494 0.6568 0 0
53 415 285 0 0 0 0 0 1.0008 0 0.9429 -0.3045 0.3627 0.4337 2.2402 0.8538 -0.1053 0.4308 0.5689 4.2402 -0.1316 0.1316 0.6701 0 0
53 416 247 0 0 0 0 0 1.0006 0 0.9293 0.2019 0.341 0.4597 2.5142 0.6974 0.1779 0.5358 0.7071 4.0594 -0.079 0.079 0.6411 0 0
53 417 263 0 0 0 0 0 1.0004 0 0.9254 0.139 0.3637 0.4625 2.4669 0.8686 -3e-04 0.3709 0.4812 4.0875 0.0378 0.0378 0.5564 0 0
53 418 294 0 0 0 0 0 1.0015 0 0.8947 0.0604 0.3427 0.4849 2.9486 0.7904 -0.0476 0.5113 0.6468 4.3995 0.053 0.053 0.7494 0 0
53 419 235 0 0 0 0 0 1.0004 0 0.9438 -0.0349 0.3085 0.4001 2.5418 0.7375 0.0166 0.4989 0.6952 4.1722 0.0712 0.0712 0.6405 0 0
53 420 276 0 0 0 0 0 1.0004 0 0.9444 0.0236 0.3594 0.4589 2.4951 0.8282 0.1142 0.4344 0.5653 4.2841 0.0903 0.0903 0.5805 0 0
53 421 228 0 0 0 0 0 1.0006 0 0.9003 0.188 0.4639 0.751 3.0852 0.7327 0.0173 0.5443 0.7043 4.0622 0.1065 0.1065 0.6595 0 0
53 422 298 0 0 0 0 0 1.0002 0 0.9304 -0.1783 0.3651 0.4778 2.6082 0.8159 -0.0942 0.4408 0.5643 4.0069 -0.0801 0.0801 0.6359 0 0
53 423 263 0 0 0 0 0 1.0003 0 0.934 -0.1376 0.3149 0.3948 2.262 0.718 -0.0703 0.4693 0.6599 4.0453 0.0242 0.0242 0.6055 0 0
53 424 265 0 0 0 0 0 1.0001 0 0.9543 -0.1202 0.2321 0.3361 2.4153 0.7077 -0.1359 0.4864 0.673 4.2366 -0.0256 0.0256 0.7392 0 0
53 425 321 0 0 0 0 0 1.0002 0 0.9158 0.1703 0.5874 0.8637 2.9523 0.744 0.2626 0.5049 0.6686 4.1747 -0.0908 0.0908 0.6994 0 0
53 426 279 0 0 0 0 0 1.0004 0 0.9167 -0.1525 0.3637 0.4789 2.2027 0.7986 -0.0359 0.4071 0.5821 4.1135 0.0712 0.0712 0.5742 0 0
53 427 258 0 0 0 0 0 1.0012 0 0.9206 -0.0768 0.3983 0.6103 2.9163 0.7839 -0.0116 0.4176 0.5929 4.267 0.0752 0.0752 0.658 0 0
53 428 303 0 0 0 0 0 1.0006 0 0.8676 -0.5385 0.5713 0.8859 3.2678 0.7599 -0.2834 0.4829 0.6468 4.0796 -0.1006 0.1006 0.6885 0 0
53 429 248 0 0 0 0 0 1.0003 0 0.9727 -0.1714 0.3112 0.3982 2.7771 0.7616 -0.0473 0.4328 0.6065 4.2246 0.1163 0.1163 0.71 0 0
53 430 320 35 0 0 0 0 1.0015 0 0.8963 0.4621 0.4812 0.5956 2.71 0.7707 0.2428 0.5604 0.7037 4.5713 0.01 0.01 0.8988 1 0
53 431 269 0 0 0 0 0 1.0007 0 0.9066 0.3403 0.6659 0.9902 3.1536 0.7791 0.174 0.536 0.7021 4.082 0.0147 0.0147 0.6386 0 0
53 432 222 2 0 0 0 0 1.0014 0 0.878 0.2001 0.4087 0.5622 2.6182 0.78 -0.0089 0.5078 0.6738 4.2239 0.0408 0.0408 0.7629 1 0
53 433 260 2 0 0 0 0 1.0003 0 0.967 -0.1018 0.2608 0.3312 2.4546 0.8346 0.0973 0.4051 0.5328 4.2041 0.0908 0.0908 0.629 1 0
53 434 245 1 0 0 0 0 1.0005 0 0.9173 -0.1809 0.3342 0.3993 2.5676 0.7178 0.0094 0.4761 0.6754 4.0643 0.1408 0.1408 0.6304 1 0
53 435 269 0 0 0 0 0 1.0007 0 0.9595 0.121 0.2662 0.3661 2.3659 0.7073 0.0868 0.4834 0.657 4.1105 -0.012 0.012 0.6797 0 0
53 436 250 0 0 0 0 0 1.0014 0 0.879 -0.1312 0.3273 0.4691 2.0893 0.8482 -0.115 0.4563 0.6576 4.2487 -0.152 0.152 0.5601 0 0
53 437 241 1 0 0 0 0 1.0005 0 0.909 0.3261 0.4467 0.6027 3.094 0.7047 0.0736 0.4268 0.6354 4.1685 0.1247 0.1247 0.6822 1 0
53 438 300 0 0 0 0 0 1.0002 0 0.9013 -0.1996 0.4027 0.5731 2.8175 0.7818 -0.1382 0.4563 0.5707 4.1724 0.1004 0.1004 0.6119 0 0
53 439 301 0 0 0 0 0 1.0003 0 0.9495 -0.1979 0.3671 0.457 2.6563 0.814 -0.2018 0.4631 0.6068 4.012 0.0926 0.0926 0.5758 0 0
53 440 237 0 0 0 0 0 1.0004 0 0.9225 0.1455 0.346 0.4662 2.806 0.8014 0.039 0.5289 0.7349 4.1488 -0.0687 0.0687 0.5992 0 0
53 441 258 0 0 0 0 0 1.0008 0 0.9436 0.0624 0.3814 0.5893 2.9586 0.8006 0.0397 0.4435 0.5947 4.2923 -0.1385 0.1385 0.6799 0 0
53 442 319 0 0 0 0 0 1.0004 0 0.911 0.1395 0.4072 0.4832 2.4578 0.8634 0.0645 0.409 0.5453 4.2044 0.2271 0.2271 0.5859 0 0
53 443 269 0 0 0 0 0 1.0006 0 0.9466 -0.0629 0.3003 0.4279 2.3224 0.8065 -0.0019 0.4681 0.6357 4.1553 -0.0666 0.0666 0.647 0 0
53 444 230 0 0 0 0 0 1.0006 0 0.8851 -0.2462 0.5519 0.7795 3.0916 0.7718 -0.1421 0.534 0.6948 4.0654 -0.0068 0.0068 0.6634 0 0
53 445 250 0 0 0 0 0 1.0002 0 0.9516 0.1003 0.3974 0.5109 2.6764 0.7667 -0.0869 0.5163 0.6858 4.0742 0.0105 0.0105 0.6126 0 0
53 446 318 3 0 0 0 0 1.0007 0 0.9034 0.2445 0.2903 0.4096 2.2386 0.801 0.1987 0.4793 0.6188 4.2126 0.1271 0.1271 0.6691 1 0
53 447 268 0 0 0 0 0 1.0007 0 0.9174 -0.2088 0.52 0.7905 2.9711 0.8375 -0.1021 0.4625 0.5899 4.1959 -0.0341 0.0341 0.6486 0 0
53 448 322 1 0 0 0 0 1.001 0 0.934 0.0557 0.2663 0.3083 2.0408 0.7338 0.033 0.4629 0.6797 4.4734 0.2474 0.2474 0.7295 1 0
53 449 236 0 0 0 0 0 1.0015 0 0.9281 -0.245 0.3512 0.4675 2.3717 0.7392 -0.1271 0.5355 0.656 4.0564 -0.1217 0.1217 0.6166 0 0
53 450 295 0 0 0 0 0 1.0015 0 0.9128 0.0208 0.3086 0.3845 1.733 0.8355 0.0942 0.419 0.5892 4.3735 -0.1659 0.1659 0.6306 0 0
53 451 291 0 0 0 0 0 1.0013 0 0.8931 0.2884 0.4098 0.5742 2.6327 0.7768 0.1121 0.4592 0.6058 4.0621 0.1582 0.1582 0.6595 0 0
53 452 2937 699 1 8300 85 91 1.0674 11 0.8537 0.2573 0.4831 0.7803 3.9246 0.813 0.0209 0.4079 0.5389 6.5222 0.0352 0.0352 1.412 1 1
53 453 332 0 0 0 0 0 1.0009 0 0.9256 -0.023 0.2511 0.3155 2.22 0.7966 -0.1678 0.4316 0.605 4.2875 -0.2907 0.2907 0.5684 0 0
53 454 250 0 0 0 0 0 1.0002 0 0.9573 0.0104 0.2763 0.3689 2.8712 0.7616 -0.0919 0.4864 0.6582 4.0488 0.0075 0.0075 0.5793 0 0
53 455 345 207 0 0 0 0 1.0037 0 0.9136 -0.3412 0.612 0.8008 2.8909 0.8297 -0.1912 0.5175 0.6141 4.0683 0.2306 0.2306 0.7269 1 0
53 456 271 0 0 0 0 0 1.0005 0 0.9336 -0.117 0.3981 0.5336 2.8887 0.8192 -0.0792 0.4651 0.5834 4.1661 -0.0793 0.0793 0.6898 0 0
53 457 293 0 0 0 0 0 1.0004 0 0.9251 0.2461 0.4143 0.5073 2.7449 0.7036 0.0777 0.555 0.778 4.0477 0.0553 0.0553 0.6139 0 0
53 458 309 0 0 0 0 0 1.0015 0 0.9102 -0.1066 0.4052 0.4994 2.2669 0.7769 -0.081 0.481 0.634 4.2837 0.2461 0.2461 0.6589 0 0
53 459 268 0 0 0 0 0 1.0006 0 0.9248 -0.2193 0.4468 0.6154 2.9494 0.7451 -0.0967 0.4621 0.6597 4.2535 -0.1419 0.1419 0.6586 0 0
53 460 321 0 0 0 0 0 1.0004 0 0.9493 0.1951 0.343 0.4068 2.3898 0.85 0.0987 0.4513 0.5827 4.1326 0.2737 0.2737 0.579 0 0
53 461 333 1 0 0 0 0 1.0003 0 0.9292 -0.0233 0.2851 0.4212 2.522 0.8006 0.0996 0.4429 0.5886 4.2465 -0.2102 0.2102 0.6364 1 0
53 462 241 0 0 0 0 0 1.0011 0 0.8999 -0.1218 0.3676 0.5179 2.4791 0.8537 0.0161 0.3761 0.52 4.3907 -0.1301 0.1301 0.6136 0 0
53 463 263 0 0 0 0 0 1.0016 0 0.9217 0.3392 0.4532 0.6365 2.9326 0.8273 0.0924 0.4 0.5507 4.2518 0.0275 0.0275 0.662 0 0
53 464 284 0 0 0 0 0 1.0007 0 0.884 -0.2327 0.3665 0.4815 2.2956 0.6247 -0.1975 0.5659 0.7832 4.0431 0.007 0.007 0.6665 0 0
53 465 263 0 0 0 0 0 1.0006 0 0.8171 0.4026 0.6854 1.1685 3.2789 0.8005 0.027 0.3919 0.5565 4.2485 -0.0532 0.0532 0.6872 0 0
53 466 266 0 0 0 0 0 1.0012 0 0.9639 -0.1945 0.343 0.411 2.3253 0.7987 -0.0482 0.4522 0.64 4.1132 -0.152 0.152 0.6098 0 0
53 467 293 0 0 0 0 0 1.0003 0 0.9403 0.029 0.2864 0.3227 2.1214 0.8201 0.0544 0.4996 0.6897 4.0755 0.0771 0.0771 0.5648 0 0
53 468 308 0 0 0 0 0 1.0005 0 0.9598 0.155 0.2751 0.3304 2.4991 0.7814 0.0593 0.4127 0.5705 4.1071 0.0816 0.0816 0.6035 0 0
53 469 303 0 0 0 0 0 1.0003 0 0.946 -0.0548 0.2937 0.3633 2.4167 0.8138 0.0065 0.4394 0.5631 4.2148 0.1411 0.1411 0.6498 0 0
53 470 286 0 0 0 0 0 1.0007 0 0.9255 -0.2467 0.3959 0.5796 3.023 0.7068 0.0078 0.5784 0.7552 4.1582 -0.1574 0.1574 0.6908 0 0
53 471 332 0 0 0 0 0 1.0005 0 0.9443 -0.2241 0.272 0.4007 2.0867 0.7803 -0.1909 0.5034 0.6545 4.6017 0.1757 0.1757 0.8513 0 0
53 472 321 3 0 0 0 0 1.0005 0 0.9021 0.0053 0.3299 0.4183 2.5334 0.7689 -0.074 0.461 0.6324 4.0894 0.1711 0.1711 0.6361 1 0
53 473 273 0 0 0 0 0 1.0008 0 0.9256 -0.065 0.3122 0.3898 2.1668 0.821 -0.1778 0.444 0.5988 4.1845 0.0826 0.0826 0.613 0 0
53 474 287 0 0 0 0 0 1.001 0 0.9092 -0.1176 0.3409 0.4232 2.2695 0.808 -0.1507 0.4302 0.5659 4.0642 0.0325 0.0325 0.5945 0 0
53 475 307 0 0 0 0 0 1.0004 0 0.959 -0.2704 0.4233 0.5276 2.7139 0.8424 -0.1851 0.5139 0.6753 4.2944 0.0901 0.0901 0.6166 0 0
53 476 291 0 0 0 0 0 1.0005 0 0.8947 0.076 0.4621 0.7081 2.7759 0.7185 0.1116 0.5095 0.7376 4.1298 0.0859 0.0859 0.6467 0 0
53 477 298 0 0 0 0 0 1.0009 0 0.9469 -0.1843 0.3035 0.34 2.3174 0.7663 -0.1325 0.4771 0.6473 4.1124 -0.2365 0.2365 0.5699 0 0
53 478 272 0 0 0 0 0 1.0003 0 0.8716 -0.2453 0.5381 0.8146 2.7966 0.7851 -0.1073 0.4992 0.6237 4.0317 -0.058 0.058 0.5976 0 0
53 479 266 0 0 0 0 0 1.0012 0 0.9433 -0.1314 0.4287 0.5091 2.3404 0.8303 -0.1553 0.4774 0.6149 4.0669 0.0464 0.0464 0.6014 0 0
53 480 244 0 0 0 0 0 1.0003 0 0.9254 -0.0978 0.4558 0.6519 2.9911 0.7583 -0.0118 0.4612 0.6277 4.1778 -0.084 0.084 0.6471 0 0
53 481 229 0 0 0 0 0 1.0005 0 0.9003 0.0873 0.5234 0.6629 2.7951 0.7616 0.0679 0.4762 0.64 4.2196 -0.0451 0.0451 0.6002 0 0
53 482 247 0 0 0 0 0 1.0007 0 0.9161 0.0504 0.2632 0.3514 1.9591 0.8085 0.0074 0.4234 0.5591 4.141 -0.0156 0.0156 0.5971 0 0
53 483 341 0 0 0 0 0 1.0006 0 0.946 0.0529 0.2414 0.2991 1.83 0.8367 0.1044 0.3859 0.5347 4.3896 -0.1182 0.1182 0.635 0 0
53 484 306 0 0 0 0 0 1.0003 0 0.9286 -0.2689 0.4366 0.6126 3.0376 0.7187 -0.0707 0.4713 0.5949 4.0904 0.1232 0.1232 0.6564 0 0
53 485 302 0 0 0 0 0 1.0007 0 0.908 -0.0105 0.2695 0.35 2.1416 0.8218 0.1057 0.405 0.5434 4.2939 -0.0512 0.0512 0.6788 0 0
53 486 316 0 0 0 0 0 1.0008 0 0.8524 0.1667 0.4526 0.5584 2.4309 0.8055 0.2005 0.4848 0.6236 4.0611 0.1398 0.1398 0.5715 0 0
53 487 337 0 0 0 0 0 1.0009 0 0.9295 -0.0092 0.4001 0.5469 2.6829 0.8436 0.0016 0.4468 0.5681 4.403 -0.3365 0.3365 0.5717 0 0
53 488 265 2 0 0 0 0 1.0008 0 0.8796 -0.0696 0.4321 0.5468 2.7383 0.6612 -0.184 0.4836 0.6795 4.2528 0.2575 0.2575 0.7018 1 0
53 489 232 0 0 0 0 0 1.0002 0 0.9407 0.0687 0.3099 0.4327 2.7349 0.7902 0.1213 0.4241 0.6131 4.0856 -0.0265 0.0265 0.6067 0 0
53 490 282 0 0 0 0 0 1.0002 0 0.9329 -0.1756 0.3224 0.4522 2.4743 0.7591 -0.0206 0.4676 0.6538 4.0857 -0.0404 0.0404 0.6922 0 0
53 491 277 0 0 0 0 0 1.0003 0 0.9202 0.1461 0.3338 0.4494 2.2852 0.7641 -0.004 0.5327 0.7133 4.3383 0.0172 0.0172 0.615 0 0
53 492 274 0 0 0 0 0 1.0012 0 0.9536 -0.2168 0.3045 0.3479 2.5226 0.6721 -0.2812 0.5476 0.755 4.0386 -0.0507 0.0507 0.6226 0 0
53 493 279 0 0 0 0 0 1.0008 0 0.8503 -0.1134 0.4072 0.5167 2.4241 0.7504 -0.1273 0.5225 0.6917 4.053 -0.0297 0.0297 0.6236 0 0
53 494 311 0 0 0 0 0 1.0008 0 0.925 -0.1006 0.2778 0.3607 2.3993 0.7546 -0.0376 0.4978 0.6718 4.2433 -0.2702 0.2702 0.6614 0 0
53 495 290 1 0 0 0 0 1.0002 0 0.946 0.1754 0.352 0.4304 2.5781 0.7758 0.1388 0.4241 0.5512 4.0466 0.1641 0.1641 0.6181 1 0
53 496 293 0 0 0 0 0 1.0007 0 0.9563 0.4187 0.4795 0.5497 2.7071 0.7027 0.0809 0.5406 0.7314 4.1998 -0.0019 0.0019 0.6336 0 0
53 497 293 0 0 0 0 0 1.0003 0 0.8599 0.2358 0.382 0.482 2.2473 0.8229 0.1126 0.416 0.5533 4.1343 -0.1215 0.1215 0.6584 0 0
53 498 327 0 0 0 0 0 1.0007 0 0.8658 0.1982 0.4602 0.6022 2.3239 0.8207 0.0643 0.3863 0.5481 4.0765 0.1635 0.1635 0.5702 0 0
53 499 297 0 0 0 0 0 1.0006 0 0.8895 -0.3677 0.4914 0.6024 2.3988 0.7864 -0.2869 0.5765 0.7103 4.0687 -0.2041 0.2041 0.5859 0 0
53 500 281 0 0 0 0 0 1.0005 0 0.9208 -0.2352 0.5388 0.7152 2.7408 0.7915 0.0383 0.5393 0.7007 4.0507 -0.1153 0.1153 0.6213 0 0
