cond r run.time ndiv nbfmi ntree nbulk ntail maxRhat nRhat beta.cor beta.bias beta.abbias beta.rmse beta.cover beta.CI theta.cor theta.bias theta.abbias theta.rmse theta.cover theta.CI attra.cor attra.bias attra.abbias attra.rmse attra.cover attra.CI lambda.bias lambda.abbias lambda.rbias lambda.rbias2 lambda.cover lambda.CI pvar.bias pvar.abbias pvar.rbias pvar.rbias2 pvar.cover pvar.CI sigma2.bias sigma2.abbias sigma2.rbias sigma2.rbias2 sigma2.cover sigma2.CI corrupt efficiency
14 1 3262 0 0 0 0 0 1.0045 0 0.96 0.0738 0.2828 0.3897 0.9583 1.3475 0.9498 0.1088 0.3338 0.411 0.985 1.8935 0.9758 0.0435 0.2072 0.2566 0.995 1.1793 -0.1356 0.1356 -0.5423 0.4577 1 0.3574 -0.1866 0.1866 -0.175 0.825 1 0.5991 -0.1397 0.1397 -0.1397 0.8603 1 0.5649 0 0
14 2 3707 0 0 0 0 0 1.0071 0 0.969 -0.4321 0.4824 0.5526 0.75 1.3788 0.9474 -0.4308 0.5377 0.6397 0.87 1.9717 0.9956 -0.5333 0.5333 0.5414 0.955 1.4493 0.1126 0.1126 0.4503 1.4503 1 0.3528 0.0129 0.0129 0.0121 1.0121 1 0.7883 -0.0754 0.0754 -0.0754 0.9246 1 0.633 0 0
14 3 2893 0 0 0 0 0 1.004 0 0.9766 -0.0303 0.2148 0.267 1 1.2932 0.9458 -0.0243 0.3569 0.4502 0.96 1.8715 0.9844 0.068 0.1507 0.1795 1 1.3296 0.0756 0.0756 0.3024 1.3024 1 0.3822 -0.1724 0.1724 -0.1617 0.8383 1 0.6646 -0.212 0.212 -0.212 0.788 1 0.5591 0 0
14 4 2682 0 0 0 0 0 1.0029 0 0.9679 -0.0563 0.2322 0.3503 0.9583 1.3099 0.9484 -0.032 0.3536 0.4448 0.98 1.8679 0.9661 -0.0202 0.2563 0.3321 0.98 1.3273 0.0571 0.0571 0.2284 1.2284 1 0.3412 -0.0664 0.0664 -0.0622 0.9378 1 0.6843 -0.1046 0.1046 -0.1046 0.8954 1 0.5815 0 0
14 5 2934 0 0 0 0 0 1.0067 0 0.981 0.4098 0.4179 0.4914 0.9167 1.3391 0.9489 0.4092 0.5028 0.6079 0.89 1.9283 0.984 0.4875 0.4875 0.5236 0.705 1.2434 -0.0651 0.0651 -0.2603 0.7397 1 0.4018 -0.3119 0.3119 -0.2924 0.7076 1 0.5812 -0.2807 0.2807 -0.2807 0.7193 1 0.524 0 0
14 6 4481 0 0 0 0 0 1.0069 0 0.9622 -0.4704 0.5025 0.6067 0.6667 1.3423 0.9512 -0.4564 0.5481 0.6646 0.86 1.8359 0.9856 -0.3144 0.3163 0.3611 1 1.2518 0.0211 0.0211 0.0843 1.0843 1 0.3936 -0.2963 0.2963 -0.2778 0.7222 1 0.5597 -0.296 0.296 -0.296 0.704 0 0.4903 0 0
14 7 3442 0 0 0 0 0 1.0096 0 0.9691 -0.637 0.6428 0.7072 0.5 1.2798 0.9407 -0.6254 0.6813 0.7821 0.705 1.827 0.9545 -0.5173 0.5385 0.597 0.42 1.1391 -0.1416 0.1416 -0.5665 0.4335 1 0.3732 -0.3908 0.3908 -0.3664 0.6336 0 0.4782 -0.3389 0.3389 -0.3389 0.6611 0 0.4583 0 0
14 8 3609 0 0 0 0 0 1.0037 0 0.9819 0.215 0.2457 0.3201 0.9583 1.3289 0.9578 0.2234 0.3964 0.5054 0.97 2.0401 0.9783 0.0595 0.2478 0.3069 1 1.4115 -0.0131 0.0131 -0.0524 0.9476 1 0.3555 0.1204 0.1204 0.1129 1.1129 1 0.8566 0.1078 0.1078 0.1078 1.1078 1 0.747 0 0
14 9 3425 0 0 0 0 0 1.0033 0 0.9805 0.0572 0.1872 0.2311 1 1.2513 0.9461 0.096 0.3435 0.4259 0.985 1.8568 0.9598 -0.0179 0.2394 0.3159 0.96 1.2007 -0.1005 0.1005 -0.4021 0.5979 1 0.3624 -0.1061 0.1061 -0.0995 0.9005 1 0.6633 -0.07 0.07 -0.07 0.93 1 0.6315 0 0
14 10 2988 0 0 0 0 0 1.0031 0 0.9897 -0.0205 0.1635 0.1971 1 1.3494 0.9618 -0.0236 0.3082 0.4023 0.98 1.9823 0.9729 0.1559 0.2175 0.2917 1 1.3784 0.031 0.031 0.1241 1.1241 1 0.3407 -0.0435 0.0435 -0.0408 0.9592 1 0.716 -0.068 0.068 -0.068 0.932 1 0.631 0 0
14 11 3344 0 0 0 0 0 1.0059 0 0.9716 -0.0073 0.269 0.347 0.9583 1.2796 0.9452 -0.0467 0.3924 0.4983 0.945 1.8512 0.9706 -0.0834 0.2023 0.2518 1 1.2712 0.0398 0.0398 0.1591 1.1591 1 0.3654 -0.2038 0.2038 -0.191 0.809 1 0.6351 -0.2192 0.2192 -0.2192 0.7808 1 0.5539 0 0
14 12 3405 0 0 0 0 0 1.0062 0 0.979 -0.4123 0.4371 0.5716 0.75 1.3547 0.9362 -0.3294 0.5054 0.6414 0.845 1.788 0.9798 -0.1899 0.2835 0.3253 0.89 1.1285 -0.0968 0.0968 -0.387 0.613 1 0.4063 -0.4164 0.4164 -0.3903 0.6097 0 0.4775 -0.3727 0.3727 -0.3727 0.6273 0 0.4503 0 0
14 13 4308 0 0 0 0 0 1.0036 0 0.9761 -0.0385 0.188 0.2337 1 1.2603 0.9435 -0.0731 0.372 0.4559 0.96 1.8513 0.9893 -0.123 0.1745 0.1973 1 1.2085 -0.048 0.048 -0.192 0.808 1 0.3718 -0.263 0.263 -0.2466 0.7534 1 0.5542 -0.2378 0.2378 -0.2378 0.7622 1 0.5168 0 0
14 14 3845 0 0 0 0 0 1.0087 0 0.97 -0.5105 0.5257 0.5772 0.6667 1.2768 0.9371 -0.4956 0.5696 0.703 0.825 2.0091 0.9859 -0.5233 0.5238 0.552 0.92 1.5485 0.1315 0.1315 0.5262 1.5262 1 0.3387 0.2971 0.2971 0.2785 1.2785 1 0.9922 0.1478 0.1478 0.1478 1.1478 1 0.7559 0 0
14 15 3502 0 0 0 0 0 1.0032 0 0.9557 -0.0895 0.2671 0.3405 0.9167 1.2606 0.955 -0.1137 0.3677 0.4753 0.97 1.9646 0.9902 -0.1277 0.1461 0.1849 1 1.2772 -0.1052 0.1052 -0.4209 0.5791 1 0.3586 0.0802 0.0802 0.0752 1.0752 1 0.7784 0.1123 0.1123 0.1123 1.1123 1 0.7352 0 0
14 16 4331 0 0 0 0 0 1.0059 0 0.9681 0.3811 0.3838 0.4662 0.8333 1.3079 0.9469 0.3397 0.4784 0.5841 0.89 2.0026 0.9847 0.3345 0.3378 0.3761 1 1.37 -0.0135 0.0135 -0.054 0.946 1 0.3398 0.1899 0.1899 0.178 1.178 1 0.8629 0.1743 0.1743 0.1743 1.1743 1 0.7706 0 0
14 17 2914 0 0 0 0 0 1.0043 0 0.9577 -0.0778 0.1957 0.2511 1 1.2183 0.9416 -0.135 0.3805 0.4801 0.93 1.8573 0.9734 -0.1434 0.2459 0.277 1 1.2781 0.01 0.01 0.04 1.04 1 0.3393 -0.1324 0.1324 -0.1242 0.8758 1 0.6594 -0.1382 0.1382 -0.1382 0.8618 1 0.5849 0 0
14 18 3066 0 0 0 0 0 1.0098 0 0.9675 0.2811 0.3455 0.4127 0.9167 1.3373 0.9421 0.2434 0.4143 0.5339 0.92 1.9777 0.9755 0.1913 0.2489 0.2858 1 1.4506 0.071 0.071 0.2838 1.2838 1 0.3503 0.083 0.083 0.0778 1.0778 1 0.848 0.0175 0.0175 0.0175 1.0175 1 0.7072 0 0
14 19 4125 0 0 0 0 0 1.0043 0 0.9486 0.0015 0.245 0.3185 0.9583 1.2485 0.9417 -0.0266 0.369 0.483 0.94 1.882 0.9703 -0.0331 0.1912 0.2366 1 1.1904 -0.1366 0.1366 -0.5464 0.4536 1 0.3609 -0.1625 0.1625 -0.1524 0.8476 1 0.61 -0.1158 0.1158 -0.1158 0.8842 1 0.5984 0 0
14 20 4298 0 0 0 0 0 1.0061 0 0.9745 -0.481 0.4846 0.5383 0.8333 1.2931 0.9397 -0.4397 0.5359 0.6462 0.88 1.9946 0.9752 -0.3765 0.3962 0.4477 1 1.4688 0.0627 0.0627 0.2509 1.2509 1 0.3394 0.2225 0.2225 0.2086 1.2086 1 0.8978 0.1498 0.1498 0.1498 1.1498 1 0.7777 0 0
14 21 2972 0 0 0 0 0 1.0057 0 0.9872 -0.3058 0.3068 0.3686 0.875 1.2643 0.9416 -0.2936 0.4188 0.5128 0.935 1.8968 0.9588 -0.3159 0.3885 0.4366 0.8 1.2821 -0.0039 0.0039 -0.0154 0.9846 1 0.3681 -0.113 0.113 -0.1059 0.8941 1 0.6708 -0.1147 0.1147 -0.1147 0.8853 1 0.6025 0 0
14 22 4216 0 0 0 0 0 1.0029 0 0.9795 0.2455 0.2805 0.34 1 1.2773 0.9383 0.2364 0.4153 0.5056 0.935 1.8007 0.9741 0.2571 0.2696 0.3532 0.93 1.2293 0.028 0.028 0.112 1.112 1 0.3693 -0.3528 0.3528 -0.3308 0.6692 0 0.5299 -0.3495 0.3495 -0.3495 0.6505 0 0.4637 0 0
14 23 2840 0 0 0 0 0 1.0049 0 0.9481 -0.7771 0.7899 0.9262 0.4583 1.4546 0.9361 -0.688 0.7412 0.8638 0.65 1.9051 0.9764 -0.7935 0.7935 0.8207 0.24 1.2936 0.0235 0.0235 0.0939 1.0939 1 0.4056 -0.3093 0.3093 -0.29 0.71 1 0.5914 -0.3099 0.3099 -0.3099 0.6901 0 0.508 0 0
14 24 2962 0 0 0 0 0 1.0042 0 0.9507 -0.1739 0.2628 0.3084 1 1.2585 0.937 -0.1413 0.3891 0.4936 0.93 1.9055 0.9855 -0.3026 0.3026 0.3523 0.95 1.4103 0.089 0.089 0.3559 1.3559 1 0.3384 0.0087 0.0087 0.0081 1.0081 1 0.781 -0.0603 0.0603 -0.0603 0.9397 1 0.6301 0 0
14 25 3539 0 0 0 0 0 1.0033 0 0.9636 0.5645 0.5645 0.6355 0.7083 1.3242 0.93 0.5595 0.6136 0.7273 0.815 1.9427 0.9321 0.6452 0.6452 0.7865 0.555 1.3611 0.0239 0.0239 0.0954 1.0954 1 0.3529 0.0692 0.0692 0.0649 1.0649 1 0.847 0.0374 0.0374 0.0374 1.0374 1 0.7176 0 0
14 26 3985 0 0 0 0 0 1.0035 0 0.931 0.1523 0.3217 0.3765 0.9583 1.2727 0.945 0.1469 0.3931 0.4944 0.955 1.8212 0.9766 0.1285 0.2144 0.258 1 1.4288 0.1845 0.1845 0.7381 1.7381 0 0.3456 -0.1433 0.1433 -0.1344 0.8656 1 0.699 -0.2622 0.2622 -0.2622 0.7378 1 0.5469 0 0
14 27 3269 0 0 0 0 0 1.0045 0 0.9672 -0.1117 0.2412 0.321 0.9583 1.2924 0.9464 -0.0994 0.3598 0.4432 0.98 1.8509 0.9752 -0.1003 0.1855 0.2316 1 1.2182 -0.0254 0.0254 -0.1017 0.8983 1 0.3766 -0.3149 0.3149 -0.2952 0.7048 0 0.5321 -0.2945 0.2945 -0.2945 0.7055 0 0.4885 0 0
14 28 3685 0 0 0 0 0 1.0037 0 0.9483 0.4508 0.4682 0.6214 0.7917 1.3381 0.9495 0.3766 0.4878 0.5911 0.9 1.8542 0.937 0.3198 0.3935 0.4596 0.72 1.2792 0.0566 0.0566 0.2264 1.2264 1 0.3553 -0.2582 0.2582 -0.2421 0.7579 1 0.5961 -0.2768 0.2768 -0.2768 0.7232 0 0.497 0 0
14 29 3052 0 0 0 0 0 1.0059 0 0.9529 -0.1458 0.2791 0.3367 1 1.2682 0.9512 -0.1277 0.3778 0.4609 0.96 1.9548 0.9777 -0.1051 0.1469 0.2243 1 1.3342 -0.029 0.029 -0.116 0.884 1 0.3593 0.0126 0.0126 0.0118 1.0118 1 0.7323 0.0151 0.0151 0.0151 1.0151 1 0.6623 0 0
14 30 4329 0 0 0 0 0 1.0059 0 0.9713 0.1094 0.2477 0.3199 0.875 1.286 0.9537 0.0682 0.354 0.4545 0.955 1.8678 0.9792 0.1499 0.2152 0.2574 1 1.3017 0.0257 0.0257 0.1027 1.1027 1 0.3686 -0.2118 0.2118 -0.1986 0.8014 1 0.6277 -0.2211 0.2211 -0.2211 0.7789 1 0.5298 0 0
14 31 2994 0 0 0 0 0 1.0021 0 0.9858 0.0756 0.2164 0.2885 1 1.3205 0.9452 0.0652 0.3781 0.4828 0.95 1.8485 0.9878 -0.1928 0.2328 0.2597 1 1.2245 -0.0234 0.0234 -0.0934 0.9066 1 0.3673 -0.3004 0.3004 -0.2816 0.7184 1 0.5574 -0.281 0.281 -0.281 0.719 0 0.5079 0 0
14 32 5036 0 0 0 0 0 1.0055 0 0.9494 -0.5256 0.5401 0.6272 0.5833 1.3149 0.9564 -0.4786 0.5445 0.6312 0.88 1.9021 0.9796 -0.4661 0.4661 0.5036 0.825 1.3482 0.0639 0.0639 0.2555 1.2555 1 0.3392 -0.1447 0.1447 -0.1356 0.8644 1 0.6857 -0.1788 0.1788 -0.1788 0.8212 1 0.5812 0 0
14 33 3014 0 0 0 0 0 1.0037 0 0.9778 -0.5404 0.5404 0.5942 0.6667 1.2628 0.9341 -0.4349 0.5297 0.6457 0.825 1.7949 0.9617 -0.4425 0.4829 0.573 0.575 1.2143 -0.0124 0.0124 -0.0496 0.9504 1 0.3654 -0.3183 0.3183 -0.2984 0.7016 0 0.5428 -0.3019 0.3019 -0.3019 0.6981 0 0.494 0 0
14 34 2919 0 0 0 0 0 1.0062 0 0.9469 0.0379 0.2444 0.3136 0.9583 1.2314 0.948 0.0261 0.3448 0.4485 0.97 1.8332 0.9661 0.0361 0.2386 0.2742 1 1.3347 0.0843 0.0843 0.3372 1.3372 1 0.3477 -0.1338 0.1338 -0.1255 0.8745 1 0.6613 -0.1821 0.1821 -0.1821 0.8179 1 0.5335 0 0
14 35 3533 0 0 0 0 0 1.0069 0 0.9769 -0.1315 0.275 0.3292 0.9583 1.3033 0.9415 -0.0893 0.389 0.4841 0.955 1.9178 0.9778 -0.2132 0.2773 0.3445 0.905 1.3742 0.0048 0.0048 0.0191 1.0191 1 0.3488 -0.0014 0.0014 -0.0013 0.9987 1 0.7423 -0.0152 0.0152 -0.0152 0.9848 1 0.6585 0 0
14 36 2672 0 0 0 0 0 1.0067 0 0.9903 -0.0845 0.163 0.1948 1 1.2776 0.9488 -0.0711 0.3559 0.4466 0.96 1.846 0.9865 -0.0749 0.2418 0.2975 1 1.3395 0.0792 0.0792 0.3167 1.3167 1 0.3461 -0.1101 0.1101 -0.1032 0.8968 1 0.6761 -0.1573 0.1573 -0.1573 0.8427 1 0.5684 0 0
14 37 2879 0 0 0 0 0 1.0044 0 0.9779 0.7282 0.7282 0.8013 0.5 1.3483 0.9376 0.6443 0.6992 0.8047 0.67 1.909 0.9286 0.6873 0.6902 0.7771 0.455 1.2404 -0.0206 0.0206 -0.0822 0.9178 1 0.378 -0.2734 0.2734 -0.2563 0.7437 1 0.564 -0.2576 0.2576 -0.2576 0.7424 1 0.5286 0 0
14 38 2851 0 0 0 0 0 1.0054 0 0.9808 -0.0366 0.1901 0.2406 1 1.2537 0.9427 0.0402 0.3428 0.4327 0.975 1.8417 0.9889 0.0464 0.2121 0.2425 1 1.2859 0.0294 0.0294 0.1176 1.1176 1 0.3619 -0.1848 0.1848 -0.1733 0.8267 1 0.6344 -0.197 0.197 -0.197 0.803 1 0.5509 0 0
14 39 4453 0 0 0 0 0 1.0066 0 0.9845 -0.0968 0.1949 0.2474 1 1.2909 0.9484 -0.1086 0.36 0.4436 0.975 1.8739 0.9665 -0.1154 0.217 0.293 1 1.3513 0.0826 0.0826 0.3302 1.3302 1 0.3537 -0.0843 0.0843 -0.0791 0.9209 1 0.6928 -0.1374 0.1374 -0.1374 0.8626 1 0.5892 0 0
14 40 3360 0 0 0 0 0 1.0058 0 0.9424 -0.1391 0.242 0.3221 0.9583 1.2403 0.9381 -0.0905 0.3805 0.5126 0.93 1.7976 0.9707 -0.0696 0.2107 0.2774 0.98 1.2436 0.0041 0.0041 0.0165 1.0165 1 0.3583 -0.2915 0.2915 -0.2733 0.7267 1 0.5594 -0.2826 0.2826 -0.2826 0.7174 0 0.4973 0 0
14 41 2881 0 0 0 0 0 1.0035 0 0.9687 -0.3641 0.4133 0.4676 0.7917 1.3017 0.9371 -0.3598 0.4918 0.6035 0.845 1.7924 0.9376 -0.3515 0.3783 0.5018 0.705 1.2128 0.0174 0.0174 0.0695 1.0695 1 0.3857 -0.3637 0.3637 -0.3409 0.6591 0 0.5164 -0.356 0.356 -0.356 0.644 0 0.4605 0 0
14 42 3412 0 0 0 0 0 1.0066 0 0.9844 0.6253 0.6253 0.6474 0.5417 1.2868 0.9325 0.6738 0.6964 0.8075 0.73 1.9783 0.976 0.6591 0.6735 0.8367 0.545 1.5853 0.1804 0.1804 0.7215 1.7215 0 0.3498 0.4068 0.4068 0.3814 1.3814 1 1.1034 0.1794 0.1794 0.1794 1.1794 1 0.774 0 0
14 43 4132 0 0 0 0 0 1.0051 0 0.9787 0.1487 0.195 0.2445 1 1.2514 0.9465 0.0909 0.3369 0.441 0.945 1.9478 0.9348 0.0057 0.2479 0.3509 0.955 1.3293 -0.0739 0.0739 -0.2956 0.7044 1 0.3518 0.1539 0.1539 0.1443 1.1443 1 0.8141 0.1718 0.1718 0.1718 1.1718 1 0.7534 0 0
14 44 4116 0 0 0 0 0 1.0075 0 0.9771 -0.2479 0.2632 0.3081 0.9583 1.2361 0.9493 -0.2494 0.4111 0.5103 0.935 1.9253 0.9711 -0.1154 0.2156 0.2542 1 1.3712 0.0545 0.0545 0.2182 1.2182 1 0.3293 -0.0137 0.0137 -0.0128 0.9872 1 0.7334 -0.0549 0.0549 -0.0549 0.9451 1 0.6469 0 0
14 45 3593 0 0 0 0 0 1.0093 0 0.9883 -0.2635 0.3083 0.3502 1 1.289 0.9567 -0.2875 0.4353 0.5419 0.945 1.939 0.9782 -0.246 0.2465 0.3227 0.945 1.3767 0.0137 0.0137 0.0549 1.0549 1 0.3715 -0.0124 0.0124 -0.0116 0.9884 1 0.7401 -0.0315 0.0315 -0.0315 0.9685 1 0.6442 0 0
14 46 3495 0 0 0 0 0 1.0071 0 0.9823 0.1558 0.3179 0.3878 0.9583 1.335 0.96 0.1433 0.3776 0.4733 0.95 1.9312 0.9829 -0.0569 0.1549 0.1827 1 1.3752 0.0568 0.0568 0.227 1.227 1 0.3399 -0.0778 0.0778 -0.0729 0.9271 1 0.7417 -0.1154 0.1154 -0.1154 0.8846 1 0.6022 0 0
14 47 2881 0 0 0 0 0 1.0162 0 0.9751 0.8482 0.8482 0.9197 0.2917 1.3322 0.9458 0.7398 0.7742 0.8934 0.6 1.8608 0.9659 0.6374 0.6415 0.6854 0.47 1.2475 0.0248 0.0248 0.0994 1.0994 1 0.3744 -0.3162 0.3162 -0.2964 0.7036 0 0.5515 -0.3154 0.3154 -0.3154 0.6846 0 0.4799 0 0
14 48 3677 0 0 0 0 0 1.0066 0 0.9444 -0.1492 0.3491 0.4056 0.9167 1.3106 0.9456 -0.1913 0.4104 0.5072 0.955 1.8653 0.9863 -0.3693 0.3786 0.4433 0.815 1.3192 0.0497 0.0497 0.1988 1.1988 1 0.3453 -0.0959 0.0959 -0.0899 0.9101 1 0.6976 -0.1265 0.1265 -0.1265 0.8735 1 0.6166 0 0
14 49 2872 0 0 0 0 0 1.0104 0 0.9722 1.0817 1.0817 1.1121 0.125 1.3609 0.9359 1.0125 1.0322 1.1303 0.405 1.9624 0.9955 0.9271 0.9271 0.939 0.045 1.263 -0.0181 0.0181 -0.0725 0.9275 1 0.3893 -0.2751 0.2751 -0.2579 0.7421 1 0.5868 -0.2601 0.2601 -0.2601 0.7399 1 0.5374 0 0
14 50 3702 0 0 0 0 0 1.007 0 0.9438 -0.5469 0.547 0.6767 0.5417 1.3078 0.9382 -0.4365 0.5548 0.681 0.815 1.8911 0.9705 -0.5382 0.5382 0.5846 0.57 1.2306 -0.0672 0.0672 -0.2688 0.7312 1 0.3891 -0.2458 0.2458 -0.2305 0.7695 1 0.5748 -0.2159 0.2159 -0.2159 0.7841 1 0.5267 0 0
14 51 3391 0 0 0 0 0 1.0066 0 0.9572 -0.1143 0.2535 0.3173 0.9167 1.263 0.9425 -0.1257 0.3564 0.4851 0.95 1.9516 0.9757 -0.2465 0.2742 0.3318 1 1.3779 0.0307 0.0307 0.1226 1.1226 1 0.3629 0.1037 0.1037 0.0972 1.0972 1 0.8164 0.0655 0.0655 0.0655 1.0655 1 0.7066 0 0
14 52 3680 0 0 0 0 0 1.0067 0 0.9693 -0.5246 0.5265 0.6463 0.7083 1.3794 0.9461 -0.4414 0.5486 0.6412 0.885 1.9339 0.9882 -0.4959 0.4959 0.5227 0.755 1.341 0.0478 0.0478 0.1913 1.1913 1 0.3569 -0.1103 0.1103 -0.1034 0.8966 1 0.7089 -0.1395 0.1395 -0.1395 0.8605 1 0.6161 0 0
14 53 2742 0 0 0 0 0 1.0035 0 0.9753 -0.332 0.3451 0.4159 0.875 1.2877 0.9405 -0.2654 0.4271 0.5282 0.94 2.0076 0.9954 -0.3749 0.3749 0.4263 0.96 1.4374 0.0406 0.0406 0.1624 1.1624 1 0.342 0.2715 0.2715 0.2546 1.2546 1 0.8869 0.2115 0.2115 0.2115 1.2115 1 0.766 0 0
14 54 3649 0 0 0 0 0 1.0046 0 0.9836 -0.1169 0.1794 0.22 1 1.267 0.9448 -0.135 0.3705 0.4653 0.96 1.9299 0.9579 -0.2149 0.2825 0.3538 0.935 1.3959 0.0762 0.0762 0.3049 1.3049 1 0.3401 0.0815 0.0815 0.0764 1.0764 1 0.8122 0.0133 0.0133 0.0133 1.0133 1 0.6702 0 0
14 55 3387 0 0 0 0 0 1.0049 0 0.9285 -0.2283 0.4084 0.5448 0.7917 1.3086 0.9438 -0.2093 0.4627 0.5856 0.915 1.852 0.9713 -0.3554 0.3554 0.4225 0.84 1.1564 -0.176 0.176 -0.7041 0.2959 1 0.3862 -0.3304 0.3304 -0.3098 0.6902 0 0.5114 -0.2752 0.2752 -0.2752 0.7248 1 0.5007 0 0
14 56 3446 0 0 0 0 0 1.0063 0 0.9714 -0.4316 0.4732 0.5514 0.75 1.3554 0.9485 -0.4036 0.5268 0.6306 0.885 1.9826 0.971 -0.454 0.454 0.5069 0.68 1.2936 -0.0813 0.0813 -0.3251 0.6749 1 0.3714 -0.0455 0.0455 -0.0426 0.9574 1 0.7051 -0.018 0.018 -0.018 0.982 1 0.6651 0 0
14 57 3433 0 0 0 0 0 1.0076 0 0.9508 0.5329 0.5341 0.6469 0.75 1.314 0.9321 0.493 0.6013 0.7058 0.805 1.8701 0.9755 0.6504 0.6671 0.7079 0.37 1.1658 -0.1412 0.1412 -0.5647 0.4353 1 0.3773 -0.3056 0.3056 -0.2865 0.7135 1 0.5368 -0.2558 0.2558 -0.2558 0.7442 1 0.5072 0 0
14 58 2831 0 0 0 0 0 1.0047 0 0.9714 -0.3492 0.3894 0.4845 0.8333 1.3239 0.9428 -0.3261 0.4778 0.5918 0.895 1.9251 0.9726 -0.1489 0.2378 0.2945 1 1.2573 -0.0842 0.0842 -0.337 0.663 1 0.3526 -0.0145 0.0145 -0.0136 0.9864 1 0.7083 0.0135 0.0135 0.0135 1.0135 1 0.6674 0 0
14 59 3063 0 0 0 0 0 1.0069 0 0.9615 0.1532 0.2678 0.356 0.9583 1.2773 0.9276 0.1107 0.373 0.4867 0.925 1.7973 0.9924 0.2198 0.252 0.3029 1 1.1203 -0.1153 0.1153 -0.4612 0.5388 1 0.3621 -0.3514 0.3514 -0.3294 0.6706 0 0.4834 -0.3044 0.3044 -0.3044 0.6956 0 0.4682 0 0
14 60 3488 0 0 0 0 0 1.0035 0 0.943 0.3926 0.4622 0.6039 0.75 1.3562 0.9387 0.3179 0.4761 0.6029 0.875 1.7975 0.9789 0.279 0.3469 0.4217 0.79 1.2005 0.0012 0.0012 0.0048 1.0048 1 0.3417 -0.3026 0.3026 -0.2836 0.7164 1 0.5428 -0.2914 0.2914 -0.2914 0.7086 0 0.4898 0 0
14 61 3319 0 0 0 0 0 1.0053 0 0.9777 0.4382 0.4732 0.5013 0.8333 1.295 0.951 0.4241 0.5364 0.6429 0.865 2.0072 0.9772 0.4134 0.4309 0.4691 0.83 1.2512 -0.1492 0.1492 -0.5967 0.4033 1 0.3762 -0.0255 0.0255 -0.0239 0.9761 1 0.7266 0.0201 0.0201 0.0201 1.0201 1 0.7032 0 0
14 62 4326 0 0 0 0 0 1.0088 0 0.9677 -0.1348 0.2401 0.2981 1 1.267 0.9474 -0.1289 0.3772 0.4757 0.94 1.8941 0.9593 -0.2979 0.3273 0.3997 0.835 1.3163 0.0356 0.0356 0.1423 1.1423 1 0.3692 -0.087 0.087 -0.0815 0.9185 1 0.6955 -0.1119 0.1119 -0.1119 0.8881 1 0.611 0 0
14 63 3830 0 0 0 0 0 1.0058 0 0.9535 0.3917 0.4669 0.5424 0.8333 1.3337 0.9464 0.3828 0.4851 0.5869 0.895 1.9129 0.9616 0.3465 0.3545 0.4381 0.77 1.2736 -0.04 0.04 -0.1598 0.8402 1 0.3521 -0.0894 0.0894 -0.0838 0.9162 1 0.671 -0.0752 0.0752 -0.0752 0.9248 1 0.6068 0 0
14 64 3631 0 0 0 0 0 1.0039 0 0.9472 -0.361 0.3751 0.4888 0.875 1.2725 0.9487 -0.3514 0.4459 0.5609 0.91 1.9408 0.9559 -0.3461 0.3736 0.4441 0.945 1.3647 0.0518 0.0518 0.2073 1.2073 1 0.3666 0.0071 0.0071 0.0067 1.0067 1 0.777 -0.0371 0.0371 -0.0371 0.9629 1 0.6666 0 0
14 65 3452 0 0 0 0 0 1.0098 0 0.9749 0.2356 0.3489 0.4608 0.9583 1.3765 0.9355 0.2316 0.4523 0.5633 0.91 1.9413 0.9618 0.2344 0.3006 0.4011 0.795 1.2483 -0.0998 0.0998 -0.3992 0.6008 1 0.3693 -0.0518 0.0518 -0.0486 0.9514 1 0.6657 -0.0179 0.0179 -0.0179 0.9821 1 0.6379 0 0
14 66 2671 0 0 0 0 0 1.0044 0 0.9785 -1.0683 1.0683 1.0856 0.0833 1.3154 0.9381 -1.0528 1.0651 1.1727 0.45 2.1523 0.9858 -0.9666 0.9666 0.9878 0.065 1.4027 -0.0297 0.0297 -0.1188 0.8812 1 0.373 0.1644 0.1644 0.1541 1.1541 1 0.8535 0.1574 0.1574 0.1574 1.1574 1 0.7657 0 0
14 67 2885 0 0 0 0 0 1.0056 0 0.9368 0.017 0.2289 0.3073 0.9167 1.2374 0.9469 0.0426 0.3632 0.4695 0.96 1.9051 0.9564 0.0658 0.238 0.2848 1 1.3057 -0.0196 0.0196 -0.0786 0.9214 1 0.3711 -0.0899 0.0899 -0.0842 0.9158 1 0.673 -0.0862 0.0862 -0.0862 0.9138 1 0.6121 0 0
14 68 2968 0 0 0 0 0 1.0047 0 0.9705 0.6509 0.6509 0.7199 0.5417 1.3482 0.926 0.5045 0.6307 0.7438 0.765 1.919 0.9576 0.5641 0.5646 0.6297 0.56 1.1704 -0.196 0.196 -0.7841 0.2159 1 0.3884 -0.2487 0.2487 -0.2332 0.7668 1 0.5489 -0.1925 0.1925 -0.1925 0.8075 1 0.5418 0 0
14 69 4439 0 0 0 0 0 1.0072 0 0.9663 -0.1412 0.234 0.3195 0.9583 1.256 0.9455 -0.1853 0.3937 0.5026 0.945 1.823 0.9473 -0.147 0.3173 0.3483 1 1.361 0.1263 0.1263 0.5052 1.5052 1 0.3197 -0.1831 0.1831 -0.1716 0.8284 1 0.6272 -0.2508 0.2508 -0.2508 0.7492 1 0.5096 0 0
14 70 3032 0 0 0 0 0 1.0067 0 0.9681 0.8024 0.8024 0.8926 0.4167 1.4243 0.949 0.698 0.7197 0.8291 0.73 1.952 0.9839 0.6885 0.6885 0.718 0.52 1.3673 0.0817 0.0817 0.327 1.327 1 0.356 -0.1202 0.1202 -0.1126 0.8874 1 0.7064 -0.1688 0.1688 -0.1688 0.8312 1 0.5847 0 0
14 71 3542 0 0 0 0 0 1.0048 0 0.9318 -0.0025 0.224 0.2845 0.9583 1.2243 0.9407 -0.0052 0.3661 0.4783 0.97 1.9416 0.9603 -0.0152 0.2266 0.2721 1 1.3686 -0.0045 0.0045 -0.0179 0.9821 1 0.3371 0.1128 0.1128 0.1058 1.1058 1 0.8229 0.0975 0.0975 0.0975 1.0975 1 0.7086 0 0
14 72 3566 0 0 0 0 0 1.0026 0 0.9646 -0.1376 0.2624 0.306 1 1.2781 0.9504 -0.1927 0.4048 0.499 0.955 1.9563 0.9884 -0.3861 0.3861 0.418 0.935 1.2977 -0.0664 0.0664 -0.2656 0.7344 1 0.3606 0.0355 0.0355 0.0333 1.0333 1 0.7559 0.0538 0.0538 0.0538 1.0538 1 0.7051 0 0
14 73 3022 0 0 0 0 0 1.0067 0 0.9701 0.7862 0.7862 0.8304 0.25 1.3383 0.9423 0.7545 0.7747 0.887 0.695 2.0274 0.9633 0.8104 0.8138 0.849 0.32 1.4408 0.0805 0.0805 0.3218 1.3218 1 0.3569 0.0502 0.0502 0.0471 1.0471 1 0.8018 -0.0181 0.0181 -0.0181 0.9819 1 0.6772 0 0
14 74 2861 0 0 0 0 0 1.0076 0 0.9692 -0.1235 0.2197 0.2561 1 1.2421 0.9403 -0.0932 0.3526 0.4503 0.975 1.8509 0.9827 0.0519 0.1653 0.1909 1 1.2175 -0.0734 0.0734 -0.2938 0.7062 1 0.3528 -0.2579 0.2579 -0.2418 0.7582 1 0.5606 -0.2245 0.2245 -0.2245 0.7755 1 0.5303 0 0
14 75 2914 0 0 0 0 0 1.0019 0 0.967 0.5219 0.5219 0.571 0.75 1.2731 0.9442 0.4517 0.5379 0.6348 0.855 1.8983 0.9747 0.4402 0.4457 0.5117 0.705 1.1697 -0.1645 0.1645 -0.6582 0.3418 1 0.3666 -0.1374 0.1374 -0.1288 0.8712 1 0.6342 -0.086 0.086 -0.086 0.914 1 0.6143 0 0
14 76 2878 0 0 0 0 0 1.0073 0 0.9424 0.589 0.6084 0.7978 0.5833 1.4077 0.9373 0.4092 0.5346 0.6563 0.835 1.8676 0.9896 0.3139 0.3152 0.3747 0.925 1.2355 0.0068 0.0068 0.0274 1.0274 1 0.3659 -0.3435 0.3435 -0.322 0.678 0 0.5186 -0.3321 0.3321 -0.3321 0.6679 0 0.4742 0 0
14 77 4305 0 0 0 0 0 1.0032 0 0.9769 0.0115 0.1783 0.2132 1 1.285 0.9416 0.0248 0.3649 0.451 0.965 1.9189 0.9422 -0.0398 0.2677 0.3212 1 1.2514 -0.0988 0.0988 -0.3952 0.6048 1 0.3533 -0.1399 0.1399 -0.1311 0.8689 1 0.6286 -0.1029 0.1029 -0.1029 0.8971 1 0.6015 0 0
14 78 3578 0 0 0 0 0 1.0061 0 0.9792 0.2289 0.3291 0.4079 0.875 1.2809 0.9495 0.1799 0.4032 0.4947 0.94 1.8134 0.9969 0.1117 0.1871 0.2154 1 1.211 -0.0405 0.0405 -0.1621 0.8379 1 0.361 -0.2906 0.2906 -0.2725 0.7275 1 0.5499 -0.2658 0.2658 -0.2658 0.7342 1 0.5145 0 0
14 79 3575 0 0 0 0 0 1.0039 0 0.9684 -0.055 0.1932 0.2338 1 1.2558 0.946 -0.0588 0.3601 0.4712 0.965 1.8908 0.9668 -0.0349 0.1734 0.2446 0.95 1.1935 -0.1314 0.1314 -0.5255 0.4745 1 0.3773 -0.2211 0.2211 -0.2073 0.7927 1 0.5901 -0.1749 0.1749 -0.1749 0.8251 1 0.5632 0 0
14 80 2881 0 0 0 0 0 1.0022 0 0.96 -0.03 0.2548 0.3563 0.9583 1.2712 0.9471 -0.0202 0.3888 0.4813 0.945 1.7617 0.9809 -0.0907 0.2176 0.2582 1 1.1694 -0.0373 0.0373 -0.1491 0.8509 1 0.3868 -0.4132 0.4132 -0.3874 0.6126 0 0.4726 -0.3839 0.3839 -0.3839 0.6161 0 0.4299 0 0
14 81 4240 0 0 0 0 0 1.0032 0 0.9778 0.0018 0.1765 0.2076 1 1.2674 0.9487 0.0225 0.3605 0.4811 0.97 2.0462 0.9818 -0.1328 0.2317 0.2526 1 1.4878 0.0604 0.0604 0.2418 1.2418 1 0.365 0.2778 0.2778 0.2604 1.2604 1 0.9458 0.1987 0.1987 0.1987 1.1987 1 0.7861 0 0
14 82 2907 0 0 0 0 0 1.0048 0 0.953 0.1336 0.2584 0.3228 0.9583 1.2727 0.9438 0.1463 0.3761 0.4865 0.965 1.9414 0.9797 0.315 0.3314 0.401 0.85 1.4166 0.0581 0.0581 0.2326 1.2326 1 0.3377 0.1474 0.1474 0.1382 1.1382 1 0.846 0.0859 0.0859 0.0859 1.0859 1 0.7034 0 0
14 83 4013 0 0 0 0 0 1.0033 0 0.9772 -0.4473 0.4647 0.5061 0.8333 1.3099 0.9471 -0.4224 0.5273 0.6381 0.865 1.9203 0.9674 -0.3694 0.3861 0.4429 0.855 1.5321 0.183 0.183 0.7322 1.7322 0 0.3186 0.0889 0.0889 0.0833 1.0833 1 0.8566 -0.075 0.075 -0.075 0.925 1 0.6342 0 0
14 84 3721 0 0 0 0 0 1.0061 0 0.967 -0.3228 0.3993 0.468 0.875 1.3261 0.9367 -0.2926 0.396 0.5311 0.92 1.8325 0.9534 -0.3281 0.3625 0.4433 0.82 1.238 -0.0028 0.0028 -0.0111 0.9889 1 0.3847 -0.2876 0.2876 -0.2696 0.7304 1 0.5672 -0.2774 0.2774 -0.2774 0.7226 1 0.5221 0 0
14 85 2672 0 0 0 0 0 1.0047 0 0.9853 -0.508 0.508 0.551 0.7917 1.33 0.9235 -0.5547 0.6304 0.755 0.805 1.9381 0.972 -0.6374 0.6374 0.6864 0.47 1.2121 -0.137 0.137 -0.5479 0.4521 1 0.351 -0.1491 0.1491 -0.1398 0.8602 1 0.6208 -0.1023 0.1023 -0.1023 0.8977 1 0.598 0 0
14 86 3226 0 0 0 0 0 1.0078 0 0.98 -0.0231 0.2256 0.2545 1 1.3251 0.9505 -0.0314 0.3673 0.4667 0.98 1.9835 0.9835 0.1093 0.1683 0.2104 1 1.3722 0.0259 0.0259 0.1036 1.1036 1 0.3589 0.0298 0.0298 0.0279 1.0279 1 0.7534 8e-04 8e-04 8e-04 1.0008 1 0.6604 0 0
14 87 2920 0 0 0 0 0 1.0016 0 0.9553 0.0188 0.3314 0.4842 0.9167 1.3487 0.937 -0.0666 0.366 0.4799 0.96 1.8658 0.986 0.0155 0.1821 0.2156 1 1.1757 -0.117 0.117 -0.4678 0.5322 1 0.3753 -0.2505 0.2505 -0.2349 0.7651 1 0.5511 -0.2064 0.2064 -0.2064 0.7936 1 0.5265 0 0
14 88 2858 0 0 0 0 0 1.0103 0 0.9566 -0.321 0.3756 0.4571 0.7917 1.271 0.9523 -0.275 0.4587 0.5654 0.93 1.9348 0.9554 -0.2039 0.3061 0.3502 0.91 1.2755 -0.0893 0.0893 -0.3572 0.6428 1 0.3643 0.02 0.02 0.0188 1.0188 1 0.745 0.0478 0.0478 0.0478 1.0478 1 0.7008 0 0
14 89 3303 0 0 0 0 0 1.0053 0 0.9737 -0.3766 0.3965 0.4271 0.9583 1.2593 0.9464 -0.3357 0.4561 0.5725 0.92 1.9126 0.9886 -0.0594 0.1473 0.1805 1 1.3343 0.0507 0.0507 0.2027 1.2027 1 0.3929 -0.1432 0.1432 -0.1342 0.8658 1 0.6723 -0.1721 0.1721 -0.1721 0.8279 1 0.5813 0 0
14 90 3130 0 0 0 0 0 1.0056 0 0.9645 0.8064 0.8158 0.9001 0.3333 1.3426 0.9464 0.6465 0.7059 0.8126 0.715 1.8678 0.9895 0.4689 0.4689 0.4972 0.68 1.109 -0.2792 0.2792 -1.1168 -0.1168 0 0.4265 -0.3623 0.3623 -0.3397 0.6603 0 0.4944 -0.3045 0.3045 -0.3045 0.6955 0 0.4893 0 0
14 91 3981 0 0 0 0 0 1.0073 0 0.9619 -0.1732 0.2841 0.3814 0.9583 1.2832 0.9465 -0.1122 0.3745 0.4672 0.95 1.7817 0.9857 -0.1863 0.2524 0.3141 0.955 1.3484 0.1299 0.1299 0.5196 1.5196 1 0.3683 -0.2798 0.2798 -0.2623 0.7377 1 0.6127 -0.3378 0.3378 -0.3378 0.6622 0 0.4845 0 0
14 92 2582 0 0 0 0 0 1.008 0 0.967 0.0442 0.2942 0.3807 0.9167 1.2986 0.951 0.0531 0.3747 0.4789 0.935 1.8028 0.9873 0.0261 0.1536 0.1761 1 1.22 0.0064 0.0064 0.0258 1.0258 1 0.3665 -0.3078 0.3078 -0.2886 0.7114 1 0.5661 -0.2997 0.2997 -0.2997 0.7003 0 0.4962 0 0
14 93 3652 0 0 0 0 0 1.0087 0 0.9519 0.4915 0.5318 0.7249 0.7917 1.3938 0.9416 0.4099 0.5094 0.632 0.88 1.9594 0.9848 0.4102 0.4102 0.4573 0.97 1.3379 0.0215 0.0215 0.0859 1.0859 1 0.3572 -0.0124 0.0124 -0.0116 0.9884 1 0.7373 -0.0347 0.0347 -0.0347 0.9653 1 0.6491 0 0
14 94 3210 0 0 0 0 0 1.0032 0 0.9701 -0.0417 0.2482 0.3512 0.9583 1.3528 0.9414 0.0036 0.3312 0.4189 0.985 1.8928 0.9595 -0.0775 0.3023 0.3548 0.895 1.2567 -0.0401 0.0401 -0.1602 0.8398 1 0.3722 -0.1297 0.1297 -0.1216 0.8784 1 0.6485 -0.1144 0.1144 -0.1144 0.8856 1 0.5996 0 0
14 95 2881 0 0 0 0 0 1.0047 0 0.9749 0.0909 0.3297 0.4666 0.9167 1.3898 0.9516 0.1104 0.3717 0.4674 0.955 1.8707 0.9722 -0.0082 0.1976 0.2466 1 1.2995 0.0532 0.0532 0.2128 1.2128 1 0.3516 -0.2536 0.2536 -0.2377 0.7623 1 0.597 -0.2709 0.2709 -0.2709 0.7291 1 0.5118 0 0
14 96 2889 0 0 0 0 0 1.005 0 0.9829 0.283 0.3009 0.3596 1 1.2991 0.9514 0.2599 0.4068 0.5046 0.96 1.9495 0.9918 0.4521 0.4548 0.4735 1 1.3883 0.0499 0.0499 0.1998 1.1998 1 0.3481 0.0048 0.0048 0.0045 1.0045 1 0.7923 -0.037 0.037 -0.037 0.963 1 0.6547 0 0
14 97 4124 0 0 0 0 0 1.0019 0 0.9828 0.0735 0.2645 0.3263 1 1.3926 0.9461 0.0327 0.3818 0.4695 0.965 1.9418 0.98 0.0271 0.1536 0.1905 1 1.508 0.1764 0.1764 0.7054 1.7054 0 0.3491 -0.0507 0.0507 -0.0476 0.9524 1 0.8046 -0.1837 0.1837 -0.1837 0.8163 1 0.5918 0 0
14 98 3391 0 0 0 0 0 1.0051 0 0.974 0.4363 0.4363 0.4992 0.8333 1.2912 0.9386 0.4099 0.5013 0.6137 0.875 1.9478 0.9714 0.3293 0.3666 0.4208 0.79 1.2207 -0.1345 0.1345 -0.5379 0.4621 1 0.3327 0.0277 0.0277 0.026 1.026 1 0.7239 0.071 0.071 0.071 1.071 1 0.7012 0 0
14 99 3156 0 0 0 0 0 1.0061 0 0.9638 -0.015 0.2256 0.2907 1 1.2889 0.9476 0.0191 0.3486 0.4387 0.96 1.8462 0.9846 0.1353 0.2392 0.2629 1 1.3992 0.1504 0.1504 0.6018 1.6018 1 0.3391 -0.1473 0.1473 -0.1381 0.8619 1 0.675 -0.2395 0.2395 -0.2395 0.7605 1 0.5176 0 0
14 100 2975 0 0 0 0 0 1.0069 0 0.9732 0.2934 0.5381 0.7302 0.7917 1.5124 0.9281 0.1457 0.4542 0.5751 0.895 1.8182 0.9614 0.3661 0.3962 0.4879 0.635 1.0685 -0.2214 0.2214 -0.8855 0.1145 0 0.4207 -0.5365 0.5365 -0.503 0.497 0 0.3996 -0.4762 0.4762 -0.4762 0.5238 0 0.3934 0 0
14 101 4391 0 0 0 0 0 1.0042 0 0.9769 0.4176 0.4176 0.485 0.7917 1.2676 0.9418 0.3786 0.493 0.5913 0.875 1.8628 0.9892 0.3172 0.3172 0.3516 1 1.263 0.0028 0.0028 0.0114 1.0114 1 0.3842 -0.2298 0.2298 -0.2155 0.7845 1 0.5957 -0.2265 0.2265 -0.2265 0.7735 1 0.5444 0 0
14 102 3613 0 0 0 0 0 1.0101 0 0.9707 -0.2081 0.2561 0.3198 0.9583 1.2492 0.9409 -0.1802 0.3929 0.5033 0.955 1.8852 0.9342 -0.3327 0.3428 0.4783 0.915 1.2167 -0.0911 0.0911 -0.3644 0.6356 1 0.3706 -0.2455 0.2455 -0.2302 0.7698 1 0.5713 -0.2077 0.2077 -0.2077 0.7923 1 0.5385 0 0
14 103 2631 0 0 0 0 0 1.0054 0 0.9666 -0.2481 0.2895 0.3512 0.9583 1.245 0.9369 -0.1793 0.3777 0.4665 0.945 1.7789 0.9598 -0.1881 0.3178 0.3851 0.845 1.122 -0.1399 0.1399 -0.5597 0.4403 1 0.3808 -0.379 0.379 -0.3553 0.6447 0 0.4774 -0.3278 0.3278 -0.3278 0.6722 0 0.4631 0 0
14 104 3125 0 0 0 0 0 1.0063 0 0.9714 -0.0046 0.2643 0.3267 1 1.2952 0.9242 -0.0432 0.4116 0.5198 0.94 1.8394 0.9786 -0.0188 0.2955 0.3395 1 1.3059 0.0781 0.0781 0.3124 1.3124 1 0.3376 -0.1161 0.1161 -0.1088 0.8912 1 0.6733 -0.1621 0.1621 -0.1621 0.8379 1 0.5566 0 0
14 105 2633 0 0 0 0 0 1.0035 0 0.973 -0.1681 0.3457 0.4585 0.875 1.3843 0.9563 -0.1371 0.3775 0.4924 0.94 1.9071 0.9963 -0.1994 0.2032 0.2503 1 1.2874 -3e-04 3e-04 -0.0012 0.9988 1 0.3383 -0.1335 0.1335 -0.1252 0.8748 1 0.6601 -0.1341 0.1341 -0.1341 0.8659 1 0.5851 0 0
14 106 2514 0 0 0 0 0 1.0041 0 0.9505 -0.2308 0.4747 0.7064 0.875 1.4467 0.9355 -0.1685 0.4329 0.5613 0.885 1.8339 0.9748 -0.0968 0.2408 0.2787 1 1.0612 -0.2632 0.2632 -1.0526 -0.0526 0 0.3689 -0.4192 0.4192 -0.393 0.607 0 0.4557 -0.3584 0.3584 -0.3584 0.6416 0 0.4483 0 0
14 107 2838 0 0 0 0 0 1.0042 0 0.9653 0.241 0.2938 0.4145 0.9167 1.3018 0.9493 0.2525 0.3999 0.5002 0.95 1.9159 0.9858 0.1315 0.1682 0.213 1 1.2096 -0.1144 0.1144 -0.4575 0.5425 1 0.3984 -0.2007 0.2007 -0.1881 0.8119 1 0.589 -0.1593 0.1593 -0.1593 0.8407 1 0.5552 0 0
14 108 3579 0 0 0 0 0 1.004 0 0.984 -0.0353 0.2591 0.2963 1 1.3097 0.9503 -0.0438 0.3492 0.4607 0.95 1.8898 0.9968 0.0945 0.1363 0.1737 1 1.2742 -0.0428 0.0428 -0.1712 0.8288 1 0.3505 -0.1611 0.1611 -0.1511 0.8489 1 0.6192 -0.1424 0.1424 -0.1424 0.8576 1 0.5611 0 0
14 109 3232 0 0 0 0 0 1.0084 0 0.9818 0.4588 0.4594 0.5094 0.875 1.2947 0.9501 0.3598 0.4601 0.5647 0.905 1.9598 0.9738 0.2021 0.2513 0.3039 1 1.2633 -0.1311 0.1311 -0.5245 0.4755 1 0.3653 -0.1003 0.1003 -0.094 0.906 1 0.6751 -0.0566 0.0566 -0.0566 0.9434 1 0.64 0 0
14 110 3112 0 0 0 0 0 1.0082 0 0.9659 0.4018 0.4359 0.4956 0.75 1.2994 0.942 0.4278 0.5208 0.6465 0.85 1.9263 0.9638 0.3829 0.4115 0.4682 0.965 1.3014 0.0371 0.0371 0.1482 1.1482 1 0.3437 -0.1733 0.1733 -0.1624 0.8376 1 0.6388 -0.1894 0.1894 -0.1894 0.8106 1 0.5581 0 0
14 111 3919 0 0 0 0 0 1.0048 0 0.9724 0.575 0.575 0.6233 0.625 1.3202 0.9405 0.5909 0.6307 0.7449 0.785 1.9864 0.9608 0.6725 0.6757 0.7222 0.565 1.3804 0.023 0.023 0.092 1.092 1 0.3621 -0.003 0.003 -0.0028 0.9972 1 0.7723 -0.0276 0.0276 -0.0276 0.9724 1 0.6639 0 0
14 112 2992 0 0 0 0 0 1.0053 0 0.9612 -0.5084 0.576 0.8156 0.7917 1.4519 0.9476 -0.374 0.4968 0.6212 0.865 1.8826 0.9643 -0.3421 0.4224 0.4832 0.77 1.2756 0.0195 0.0195 0.0779 1.0779 1 0.3665 -0.2211 0.2211 -0.2073 0.7927 1 0.5971 -0.2251 0.2251 -0.2251 0.7749 1 0.5423 0 0
14 113 3598 0 0 0 0 0 1.0056 0 0.9601 -0.4047 0.4061 0.4846 0.8333 1.2506 0.9452 -0.3892 0.5238 0.6281 0.86 1.8957 0.993 -0.4726 0.4726 0.4924 0.795 1.2988 0.0276 0.0276 0.1105 1.1105 1 0.3499 -0.0703 0.0703 -0.0659 0.9341 1 0.6968 -0.0908 0.0908 -0.0908 0.9092 1 0.5989 0 0
14 114 4380 0 0 0 0 0 1.0024 0 0.9551 -0.0614 0.2824 0.3839 0.9167 1.2971 0.9318 -0.1207 0.4178 0.5158 0.93 1.8032 0.9788 -0.103 0.2679 0.3207 0.915 1.2115 0.0051 0.0051 0.0204 1.0204 1 0.3606 -0.2459 0.2459 -0.2305 0.7695 1 0.5701 -0.241 0.241 -0.241 0.759 1 0.5178 0 0
14 115 3000 0 0 0 0 0 1.0047 0 0.9758 0.6925 0.6925 0.7695 0.4167 1.3433 0.9347 0.6179 0.7129 0.8255 0.695 1.9107 0.9402 0.6156 0.6294 0.7029 0.56 1.2281 -0.0563 0.0563 -0.2251 0.7749 1 0.3649 -0.2003 0.2003 -0.1878 0.8122 1 0.6465 -0.1756 0.1756 -0.1756 0.8244 1 0.5907 0 0
14 116 3023 0 0 0 0 0 1.009 0 0.9708 0.5833 0.5833 0.622 0.625 1.2954 0.9411 0.5513 0.6063 0.734 0.79 1.9963 0.9678 0.5631 0.5744 0.6116 0.59 1.3767 0.008 0.008 0.0319 1.0319 1 0.3567 -0.0118 0.0118 -0.0111 0.9889 1 0.7685 -0.0269 0.0269 -0.0269 0.9731 1 0.6796 0 0
14 117 2726 0 0 0 0 0 1.0091 0 0.9722 0.2515 0.2953 0.3467 0.9583 1.2287 0.9501 0.2402 0.3704 0.4686 0.95 1.8679 0.933 0.2674 0.3841 0.475 0.79 1.1813 -0.1385 0.1385 -0.554 0.446 1 0.3415 -0.0947 0.0947 -0.0888 0.9112 1 0.6538 -0.0481 0.0481 -0.0481 0.9519 1 0.6278 0 0
14 118 3008 0 0 0 0 0 1.0111 0 0.9512 -0.3693 0.3891 0.4895 0.7917 1.2812 0.9375 -0.3438 0.4705 0.5743 0.91 1.9184 0.9708 -0.4825 0.4825 0.5415 0.615 1.2998 0.0049 0.0049 0.0194 1.0194 1 0.3567 -0.0742 0.0742 -0.0696 0.9304 1 0.6955 -0.0825 0.0825 -0.0825 0.9175 1 0.6253 0 0
14 119 2864 0 0 0 0 0 1.0067 0 0.9715 -0.8269 0.8269 0.856 0.2083 1.3107 0.9313 -0.8175 0.8605 0.976 0.6 2.077 0.9927 -0.7667 0.7667 0.7753 0.23 1.3148 -0.1012 0.1012 -0.4047 0.5953 1 0.3785 0.1201 0.1201 0.1126 1.1126 1 0.7823 0.1479 0.1479 0.1479 1.1479 1 0.7356 0 0
14 120 2882 0 0 0 0 0 1.0092 0 0.9834 0.1453 0.2363 0.296 1 1.3162 0.9411 0.1444 0.4019 0.5032 0.935 1.8669 0.988 0.3015 0.3037 0.3437 1 1.2266 -0.0272 0.0272 -0.109 0.891 1 0.3581 -0.2839 0.2839 -0.2662 0.7338 1 0.5679 -0.2644 0.2644 -0.2644 0.7356 1 0.5023 0 0
14 121 3541 0 0 0 0 0 1.0055 0 0.9747 -0.1255 0.1997 0.2627 1 1.2872 0.9513 -0.082 0.3355 0.4176 0.98 1.905 0.9405 -0.2179 0.3633 0.414 0.875 1.3476 0.0418 0.0418 0.1671 1.1671 1 0.3463 0.0214 0.0214 0.0201 1.0201 1 0.7718 -0.0162 0.0162 -0.0162 0.9838 1 0.6611 0 0
14 122 3610 0 0 0 0 0 1.0048 0 0.9801 -0.6856 0.6856 0.747 0.5 1.3303 0.9307 -0.6364 0.7087 0.8288 0.735 1.9526 0.9817 -0.6353 0.6353 0.6602 0.54 1.3668 0.0212 0.0212 0.0846 1.0846 1 0.3989 -0.1362 0.1362 -0.1277 0.8723 1 0.6935 -0.1505 0.1505 -0.1505 0.8495 1 0.6093 0 0
14 123 2911 0 0 0 0 0 1.0039 0 0.9338 -0.3153 0.4109 0.5069 0.7917 1.3037 0.9471 -0.3658 0.4801 0.5835 0.89 1.8024 0.9715 -0.3367 0.3649 0.4523 0.76 1.2764 0.0428 0.0428 0.171 1.171 1 0.3672 -0.2695 0.2695 -0.2527 0.7473 1 0.5899 -0.2803 0.2803 -0.2803 0.7197 1 0.5162 0 0
14 124 3181 0 0 0 0 0 1.0028 0 0.9789 -0.1852 0.233 0.3434 0.9167 1.293 0.9458 -0.1279 0.3657 0.4686 0.945 1.8284 0.953 -0.2482 0.3 0.4043 0.77 1.0797 -0.2569 0.2569 -1.0275 -0.0275 0 0.3824 -0.3134 0.3134 -0.2939 0.7061 0 0.5182 -0.2539 0.2539 -0.2539 0.7461 1 0.5151 0 0
14 125 2818 0 0 0 0 0 1.0061 0 0.9667 0.191 0.272 0.3444 0.9583 1.277 0.9517 0.1787 0.3875 0.4809 0.945 1.9023 0.9868 0.2132 0.2292 0.2636 1 1.3373 0.0487 0.0487 0.1948 1.1948 1 0.3641 -0.1292 0.1292 -0.1212 0.8788 1 0.6787 -0.1573 0.1573 -0.1573 0.8427 1 0.5876 0 0
14 126 3882 0 0 0 0 0 1.0092 0 0.9794 -0.1273 0.2406 0.3317 1 1.3124 0.9515 -0.0748 0.3629 0.4656 0.96 1.8963 0.9636 -0.2023 0.2695 0.3246 1 1.4239 0.1219 0.1219 0.4875 1.4875 1 0.3842 -0.0945 0.0945 -0.0886 0.9114 1 0.715 -0.1761 0.1761 -0.1761 0.8239 1 0.5604 0 0
14 127 4574 0 0 0 0 0 1.0073 0 0.9619 0.3368 0.3595 0.4188 0.9583 1.2753 0.9546 0.3255 0.4411 0.5617 0.9 2.053 0.9773 0.3474 0.3479 0.4068 0.94 1.3981 -0.044 0.044 -0.176 0.824 1 0.3537 0.2033 0.2033 0.1906 1.1906 1 0.862 0.2037 0.2037 0.2037 1.2037 1 0.7865 0 0
14 128 3427 0 0 0 0 0 1.0033 0 0.9656 0.9698 0.9698 1.0174 0.125 1.322 0.9298 0.9107 0.9298 1.0339 0.5 1.9173 0.9402 0.674 0.6867 0.7624 0.405 1.2484 -0.0234 0.0234 -0.0934 0.9066 1 0.3776 -0.1625 0.1625 -0.1523 0.8477 1 0.6525 -0.1523 0.1523 -0.1523 0.8477 1 0.597 0 0
14 129 3340 0 0 0 0 0 1.0045 0 0.9832 -0.1214 0.1682 0.2241 1 1.2393 0.9478 -0.0489 0.39 0.4758 0.98 1.9541 0.9835 -0.1414 0.1745 0.2214 1 1.4484 0.0894 0.0894 0.3577 1.3577 1 0.337 0.1349 0.1349 0.1264 1.1264 1 0.8289 0.0496 0.0496 0.0496 1.0496 1 0.701 0 0
14 130 2727 0 0 0 0 0 1.0033 0 0.9717 -0.0163 0.2157 0.2592 1 1.2482 0.9404 0.0206 0.3547 0.4511 0.965 1.8218 0.9872 -0.0406 0.2202 0.2791 0.995 1.2248 -0.0207 0.0207 -0.083 0.917 1 0.3701 -0.1956 0.1956 -0.1834 0.8166 1 0.617 -0.1846 0.1846 -0.1846 0.8154 1 0.5482 0 0
14 131 3080 0 0 0 0 0 1.0039 0 0.9848 -0.0518 0.2387 0.326 0.9583 1.3388 0.9394 -0.0745 0.392 0.4893 0.965 1.882 0.9791 -0.0087 0.3027 0.3472 1 1.2821 0.0042 0.0042 0.0168 1.0168 1 0.3427 -0.1056 0.1056 -0.099 0.901 1 0.6548 -0.1102 0.1102 -0.1102 0.8898 1 0.598 0 0
14 132 5034 0 0 0 0 0 1.0036 0 0.9666 -0.062 0.2451 0.3192 0.9167 1.2816 0.9484 -0.1075 0.3905 0.4941 0.935 1.9236 0.9546 -0.0776 0.2281 0.3018 1 1.5827 0.2128 0.2128 0.8512 1.8512 0 0.3243 0.0681 0.0681 0.0639 1.0639 1 0.8764 -0.1244 0.1244 -0.1244 0.8756 1 0.6027 0 0
14 133 2861 0 0 0 0 0 1.0061 0 0.9872 -0.4464 0.4464 0.4843 0.9167 1.2959 0.9532 -0.472 0.5497 0.6544 0.865 2.0056 0.9396 -0.561 0.5647 0.6501 0.635 1.3942 0.0368 0.0368 0.1474 1.1474 1 0.3324 0.1972 0.1972 0.1849 1.1849 1 0.8574 0.1477 0.1477 0.1477 1.1477 1 0.74 0 0
14 134 3188 0 0 0 0 0 1.0102 0 0.9728 -0.1286 0.2062 0.2463 1 1.2651 0.9422 -0.1588 0.4181 0.5217 0.95 1.9493 0.9445 -0.2732 0.3278 0.4139 0.9 1.4742 0.1143 0.1143 0.457 1.457 1 0.3443 0.1736 0.1736 0.1628 1.1628 1 0.9037 0.0607 0.0607 0.0607 1.0607 1 0.727 0 0
14 135 3587 0 0 0 0 0 1.0071 0 0.9812 -0.1753 0.2041 0.266 1 1.2401 0.9465 -0.1435 0.3808 0.4865 0.945 1.8313 0.9769 -0.0863 0.1739 0.2386 1 1.4121 0.1626 0.1626 0.6503 1.6503 1 0.3503 -0.1699 0.1699 -0.1592 0.8408 1 0.7125 -0.2691 0.2691 -0.2691 0.7309 1 0.5095 0 0
14 136 3623 0 0 0 0 0 1.0027 0 0.983 0.014 0.1811 0.2183 1 1.2956 0.9419 -0.0449 0.346 0.4402 0.975 1.9177 0.9675 -0.2675 0.3175 0.386 0.91 1.4091 0.0795 0.0795 0.318 1.318 1 0.3586 0.0436 0.0436 0.0409 1.0409 1 0.7755 -0.0242 0.0242 -0.0242 0.9758 1 0.6347 0 0
14 137 2767 0 0 0 0 0 1.0026 0 0.9569 0.2334 0.3902 0.5756 0.9167 1.3737 0.9394 0.1473 0.4042 0.5094 0.94 1.9053 0.962 0.1204 0.2636 0.3204 0.905 1.2895 3e-04 3e-04 0.0013 1.0013 1 0.3594 -0.0652 0.0652 -0.0611 0.9389 1 0.6828 -0.072 0.072 -0.072 0.928 1 0.6127 0 0
14 138 2700 0 0 0 0 0 1.0046 0 0.9721 -0.042 0.3465 0.4425 0.9583 1.3804 0.9425 -0.0316 0.4153 0.5156 0.935 1.8991 0.9902 0.061 0.1451 0.161 1 1.1765 -0.1454 0.1454 -0.5814 0.4186 1 0.3665 -0.2235 0.2235 -0.2095 0.7905 1 0.5835 -0.1739 0.1739 -0.1739 0.8261 1 0.5681 0 0
14 139 3245 0 0 0 0 0 1.0091 0 0.9733 -0.1036 0.2441 0.3212 1 1.3199 0.9403 -0.1156 0.376 0.4879 0.975 1.92 0.9435 0.0571 0.3595 0.4272 0.85 1.3195 -0.0294 0.0294 -0.1174 0.8826 1 0.3334 0.0972 0.0972 0.0911 1.0911 1 0.7472 0.0972 0.0972 0.0972 1.0972 1 0.6814 0 0
14 140 2959 0 0 0 0 0 1.0083 0 0.969 -0.1742 0.2801 0.3836 0.8333 1.3342 0.9421 -0.1089 0.391 0.4982 0.935 1.9118 0.9819 -0.034 0.1732 0.2025 1 1.3647 0.0688 0.0688 0.2751 1.2751 1 0.3557 -0.0438 0.0438 -0.0411 0.9589 1 0.7408 -0.0925 0.0925 -0.0925 0.9075 1 0.6277 0 0
14 141 3695 0 0 0 0 0 1.0067 0 0.9729 -0.5529 0.5529 0.5896 0.6667 1.2863 0.9395 -0.4902 0.5679 0.6801 0.855 1.981 0.9459 -0.6794 0.6794 0.7454 0.45 1.2925 -0.0457 0.0457 -0.1827 0.8173 1 0.3674 -0.0578 0.0578 -0.0542 0.9458 1 0.7108 -0.044 0.044 -0.044 0.956 1 0.6478 0 0
14 142 4243 0 0 0 0 0 1.0023 0 0.9872 -0.2941 0.2941 0.3555 0.9167 1.2459 0.9411 -0.2389 0.4224 0.5229 0.94 1.8142 0.9607 -0.2644 0.3028 0.3738 1 1.2372 0.0178 0.0178 0.0711 1.0711 1 0.3772 -0.3462 0.3462 -0.3245 0.6755 0 0.5041 -0.3394 0.3394 -0.3394 0.6606 0 0.4488 0 0
14 143 3569 0 0 0 0 0 1.0043 0 0.9837 -0.3427 0.3427 0.3803 0.9167 1.254 0.9565 -0.3455 0.4635 0.5719 0.925 2.0868 0.98 -0.3268 0.3493 0.4158 0.945 1.342 -0.1319 0.1319 -0.5277 0.4723 1 0.3463 0.2634 0.2634 0.2469 1.2469 1 0.8813 0.2994 0.2994 0.2994 1.2994 1 0.8407 0 0
14 144 3766 0 0 0 0 0 1.0054 0 0.9636 -0.2217 0.2867 0.3803 0.875 1.2937 0.948 -0.1456 0.3647 0.4677 0.96 1.84 0.9596 -0.0244 0.2235 0.2665 1 1.3369 0.0979 0.0979 0.3916 1.3916 1 0.366 -0.256 0.256 -0.24 0.76 1 0.5998 -0.2982 0.2982 -0.2982 0.7018 0 0.4941 0 0
14 145 3993 0 0 0 0 0 1.0047 0 0.9647 -0.2146 0.3265 0.3986 0.9167 1.2652 0.9486 -0.2223 0.4315 0.5272 0.945 1.9297 0.971 -0.1999 0.2287 0.3182 1 1.5282 0.1602 0.1602 0.641 1.641 1 0.3407 0.1515 0.1515 0.142 1.142 1 0.9134 -0.0026 0.0026 -0.0026 0.9974 1 0.6695 0 0
14 146 2755 0 0 0 0 0 1.0017 0 0.9698 -0.0638 0.2284 0.2761 1 1.2743 0.9467 -0.0413 0.3535 0.4486 0.98 1.8426 0.9895 -0.1095 0.1786 0.2064 1 1.1532 -0.1453 0.1453 -0.5811 0.4189 1 0.385 -0.2865 0.2865 -0.2686 0.7314 1 0.5422 -0.2362 0.2362 -0.2362 0.7638 1 0.5219 0 0
14 147 2903 0 0 0 0 0 1.0056 0 0.9727 -0.261 0.3138 0.3717 0.875 1.2643 0.9546 -0.2239 0.382 0.5 0.95 1.9947 0.974 -0.1649 0.2542 0.3001 1 1.2555 -0.1135 0.1135 -0.4539 0.5461 1 0.373 0.0547 0.0547 0.0513 1.0513 1 0.7642 0.0898 0.0898 0.0898 1.0898 1 0.7294 0 0
14 148 3018 0 0 0 0 0 1.0068 0 0.9714 -0.1663 0.3282 0.3761 0.9167 1.3002 0.9596 -0.1267 0.3863 0.4913 0.975 1.9152 0.9767 -0.0691 0.1846 0.2208 1 1.3167 -0.003 0.003 -0.012 0.988 1 0.371 -0.1265 0.1265 -0.1186 0.8814 1 0.6581 -0.1276 0.1276 -0.1276 0.8724 1 0.6 0 0
14 149 2926 0 0 0 0 0 1.0077 0 0.9671 -0.9528 0.9528 0.9919 0.125 1.3291 0.9471 -0.9072 0.9294 1.0273 0.555 2.022 0.9425 -0.9434 0.9434 0.9947 0.265 1.3054 -0.0525 0.0525 -0.2101 0.7899 1 0.3881 -0.0676 0.0676 -0.0634 0.9366 1 0.6931 -0.0508 0.0508 -0.0508 0.9492 1 0.6418 0 0
14 150 3495 0 0 0 0 0 1.0033 0 0.946 -0.3656 0.4086 0.5685 0.875 1.3387 0.9508 -0.3439 0.4812 0.5982 0.93 1.9754 0.9835 -0.4137 0.4232 0.4711 1 1.4186 0.075 0.075 0.3 1.3 1 0.3725 -0.0291 0.0291 -0.0273 0.9727 1 0.7508 -0.0852 0.0852 -0.0852 0.9148 1 0.6299 0 0
14 151 3302 0 0 0 0 0 1.0063 0 0.9528 0.0639 0.2242 0.2852 0.9583 1.2455 0.9432 0.0379 0.3852 0.4952 0.94 1.8313 0.9588 0.0836 0.3102 0.339 1 1.2396 -0.008 0.008 -0.0321 0.9679 1 0.3477 -0.1691 0.1691 -0.1585 0.8415 1 0.6365 -0.1635 0.1635 -0.1635 0.8365 1 0.5691 0 0
14 152 2624 0 0 0 0 0 1.0028 0 0.9734 -0.4434 0.4483 0.5342 0.75 1.3077 0.938 -0.4642 0.5273 0.6368 0.835 1.8746 0.9723 -0.2033 0.3011 0.3695 0.86 1.2612 0.007 0.007 0.028 1.028 1 0.3544 -0.119 0.119 -0.1116 0.8884 1 0.6376 -0.1251 0.1251 -0.1251 0.8749 1 0.5537 0 0
14 153 3473 0 0 0 0 0 1.0038 0 0.973 0.1356 0.2414 0.3021 1 1.2759 0.9355 0.1458 0.4045 0.5109 0.93 1.8533 0.9794 0.1809 0.2409 0.2934 0.97 1.1403 -0.201 0.201 -0.804 0.196 0 0.3738 -0.2388 0.2388 -0.2239 0.7761 1 0.5541 -0.182 0.182 -0.182 0.818 1 0.5373 0 0
14 154 3530 0 0 0 0 0 1.0073 0 0.975 0.2088 0.238 0.2902 0.9583 1.2166 0.9356 0.1839 0.4159 0.5255 0.925 1.8523 0.9609 0.0262 0.2677 0.3219 1 1.2612 -0.0166 0.0166 -0.0663 0.9337 1 0.3549 -0.0818 0.0818 -0.0767 0.9233 1 0.6834 -0.0788 0.0788 -0.0788 0.9212 1 0.6264 0 0
14 155 3505 0 0 0 0 0 1.0121 0 0.9738 -0.4926 0.4926 0.597 0.875 1.3545 0.9381 -0.4127 0.5197 0.6192 0.895 1.8961 0.9585 -0.4123 0.4123 0.5062 0.755 1.2333 -0.087 0.087 -0.348 0.652 1 0.3833 -0.202 0.202 -0.1894 0.8106 1 0.5858 -0.1679 0.1679 -0.1679 0.8321 1 0.5642 0 0
14 156 2217 0 0 0 0 0 1.0072 0 0.9662 0.7967 0.7967 0.8941 0.4583 1.4094 0.9327 0.6426 0.7012 0.8111 0.66 1.8493 0.9744 0.8028 0.8028 0.9048 0.37 1.2467 0.0661 0.0661 0.2644 1.2644 1 0.3634 -0.3179 0.3179 -0.2981 0.7019 0 0.5498 -0.3353 0.3353 -0.3353 0.6647 0 0.4736 0 0
14 157 3660 0 0 0 0 0 1.0044 0 0.9688 -0.1995 0.258 0.337 0.9583 1.2635 0.9426 -0.2137 0.395 0.5044 0.925 1.8788 0.9681 -0.1303 0.2108 0.27 1 1.2564 -0.0371 0.0371 -0.1486 0.8514 1 0.3665 -0.1888 0.1888 -0.177 0.823 1 0.5996 -0.1709 0.1709 -0.1709 0.8291 1 0.5555 0 0
14 158 2933 0 0 0 0 0 1.0052 0 0.9722 0.4734 0.5088 0.5905 0.75 1.2941 0.941 0.3606 0.5562 0.6812 0.83 1.8297 0.9841 0.3495 0.3565 0.3926 0.865 1.1906 -0.0411 0.0411 -0.1646 0.8354 1 0.3822 -0.3215 0.3215 -0.3014 0.6986 0 0.5623 -0.2955 0.2955 -0.2955 0.7045 0 0.5138 0 0
14 159 3084 0 0 0 0 0 1.0037 0 0.9822 -0.7221 0.7221 0.7843 0.5 1.3755 0.929 -0.5981 0.6833 0.7942 0.745 1.9469 0.986 -0.6246 0.6246 0.6692 0.535 1.2678 -0.0296 0.0296 -0.1184 0.8816 1 0.3779 -0.1396 0.1396 -0.1309 0.8691 1 0.656 -0.1284 0.1284 -0.1284 0.8716 1 0.5965 0 0
14 160 3806 0 0 0 0 0 1.0026 0 0.9635 0.2882 0.3514 0.422 0.8333 1.2833 0.9442 0.3245 0.4829 0.5801 0.91 1.9421 0.9884 0.374 0.374 0.4022 1 1.2307 -0.0946 0.0946 -0.3786 0.6214 1 0.357 -0.0682 0.0682 -0.064 0.936 1 0.6768 -0.0349 0.0349 -0.0349 0.9651 1 0.6346 0 0
14 161 3435 0 0 0 0 0 1.0039 0 0.9744 -0.1696 0.2242 0.2878 0.9583 1.2775 0.9398 -0.1466 0.3941 0.4948 0.955 1.978 0.9791 -0.2112 0.2678 0.2852 1 1.4236 0.047 0.047 0.188 1.188 1 0.3452 0.1266 0.1266 0.1187 1.1187 1 0.8285 0.0756 0.0756 0.0756 1.0756 1 0.6981 0 0
14 162 4403 0 0 0 0 0 1.0061 0 0.9531 -0.0477 0.2449 0.2918 1 1.2589 0.952 -0.0305 0.3605 0.4621 0.965 1.9357 0.976 0.0239 0.1898 0.2155 1 1.2883 -0.0591 0.0591 -0.2365 0.7635 1 0.3717 -0.04 0.04 -0.0375 0.9625 1 0.7248 -0.0219 0.0219 -0.0219 0.9781 1 0.6664 0 0
14 163 3259 0 0 0 0 0 1.0082 0 0.9776 -0.5455 0.5477 0.6102 0.75 1.2992 0.9457 -0.3961 0.5076 0.6058 0.89 1.9173 0.9849 -0.4748 0.4748 0.5193 0.87 1.5175 0.1507 0.1507 0.6029 1.6029 1 0.3575 0.0329 0.0329 0.0308 1.0308 1 0.8241 -0.0924 0.0924 -0.0924 0.9076 1 0.6059 0 0
14 164 4851 0 0 0 0 0 1.0041 0 0.9588 0.1224 0.3191 0.3734 1 1.3329 0.9443 0.115 0.3774 0.4901 0.94 1.8882 0.9599 0.0529 0.2682 0.3096 1 1.3483 0.0391 0.0391 0.1564 1.1564 1 0.3441 -0.0738 0.0738 -0.0692 0.9308 1 0.6903 -0.1006 0.1006 -0.1006 0.8994 1 0.6004 0 0
14 165 3673 0 0 0 0 0 1.0012 0 0.9519 0.6308 0.682 0.7494 0.5417 1.3188 0.9491 0.5351 0.5925 0.7032 0.76 1.8602 0.9751 0.5689 0.5689 0.6614 0.645 1.2765 0.0463 0.0463 0.1851 1.1851 1 0.3577 -0.2244 0.2244 -0.2104 0.7896 1 0.6005 -0.2409 0.2409 -0.2409 0.7591 1 0.5211 0 0
14 166 2850 0 0 0 0 0 1.008 0 0.9782 0.1596 0.3704 0.4632 0.9583 1.417 0.9495 0.1342 0.4392 0.5381 0.95 1.9283 0.9452 0.1315 0.2643 0.3416 0.88 1.3082 -0.0065 0.0065 -0.0262 0.9738 1 0.367 -0.1493 0.1493 -0.1399 0.8601 1 0.6536 -0.1472 0.1472 -0.1472 0.8528 1 0.5827 0 0
14 167 3957 0 0 0 0 0 1.0037 0 0.971 0.5696 0.5696 0.6274 0.6667 1.3046 0.9454 0.5787 0.6246 0.74 0.77 1.9749 0.9781 0.6171 0.6171 0.6494 0.66 1.5348 0.1727 0.1727 0.6908 1.6908 1 0.3589 0.0632 0.0632 0.0593 1.0593 1 0.8558 -0.0889 0.0889 -0.0889 0.9111 1 0.6194 0 0
14 168 2911 0 0 0 0 0 1.0039 0 0.9447 0.5953 0.5968 0.677 0.5833 1.304 0.9289 0.5785 0.6564 0.7642 0.725 1.9439 0.9804 0.749 0.749 0.7945 0.335 1.2379 -0.0862 0.0862 -0.3448 0.6552 1 0.3641 -0.1351 0.1351 -0.1267 0.8733 1 0.6268 -0.1026 0.1026 -0.1026 0.8974 1 0.5928 0 0
14 169 2904 0 0 0 0 0 1.0026 0 0.9436 -0.3133 0.3176 0.428 0.9167 1.264 0.9391 -0.2583 0.4242 0.5523 0.915 1.882 0.9781 -0.3794 0.3809 0.4314 0.865 1.2806 -0.0072 0.0072 -0.0287 0.9713 1 0.3535 -0.1671 0.1671 -0.1566 0.8434 1 0.6195 -0.1626 0.1626 -0.1626 0.8374 1 0.5678 0 0
14 170 2964 0 0 0 0 0 1.0098 0 0.9167 0.1233 0.3328 0.4076 0.875 1.2562 0.9458 0.1336 0.3732 0.4675 0.96 1.8299 0.9629 0.1591 0.2604 0.3002 1 1.2162 -0.0233 0.0233 -0.0932 0.9068 1 0.3759 -0.3144 0.3144 -0.2948 0.7052 0 0.5199 -0.2953 0.2953 -0.2953 0.7047 0 0.4674 0 0
14 171 2508 0 0 0 0 0 1.007 0 0.966 0.4253 0.4423 0.5009 0.75 1.282 0.9346 0.5081 0.5872 0.693 0.865 2.0107 0.9689 0.5471 0.5601 0.6188 0.57 1.3275 -0.0776 0.0776 -0.3102 0.6898 1 0.3395 0.2051 0.2051 0.1923 1.1923 1 0.8081 0.223 0.223 0.223 1.223 1 0.7557 0 0
14 172 3159 0 0 0 0 0 1.0034 0 0.9345 0.3349 0.4227 0.5384 0.75 1.2985 0.9524 0.2889 0.4492 0.561 0.91 1.8627 0.9731 0.3394 0.3453 0.4038 0.965 1.3405 0.101 0.101 0.404 1.404 1 0.3531 -0.171 0.171 -0.1603 0.8397 1 0.6622 -0.2257 0.2257 -0.2257 0.7743 1 0.5386 0 0
14 173 4399 0 0 0 0 0 1.0059 0 0.9824 -0.0975 0.2248 0.2841 1 1.2493 0.9406 -0.1606 0.3675 0.4744 0.955 1.8476 0.9893 -0.0648 0.245 0.2931 1 1.1651 -0.1481 0.1481 -0.5924 0.4076 1 0.3661 -0.1774 0.1774 -0.1663 0.8337 1 0.5735 -0.1284 0.1284 -0.1284 0.8716 1 0.5586 0 0
14 174 3357 0 0 0 0 0 1.0036 0 0.9649 0.2582 0.3749 0.5173 0.875 1.3225 0.9449 0.2239 0.4117 0.5244 0.915 1.8375 0.9817 0.3137 0.3621 0.4422 0.7 1.1904 -0.0671 0.0671 -0.2683 0.7317 1 0.3613 -0.2256 0.2256 -0.2115 0.7885 1 0.6058 -0.1954 0.1954 -0.1954 0.8046 1 0.5599 0 0
14 175 4244 0 0 0 0 0 1.0033 0 0.9611 0.1359 0.2107 0.2701 0.9583 1.2427 0.9551 0.1392 0.3209 0.412 0.99 1.8931 0.9934 0.1188 0.1766 0.2208 1 1.3624 0.0716 0.0716 0.2864 1.2864 1 0.3385 -0.0342 0.0342 -0.0321 0.9679 1 0.7253 -0.0851 0.0851 -0.0851 0.9149 1 0.6052 0 0
14 176 4654 0 0 0 0 0 1.004 0 0.986 -0.0178 0.1399 0.1642 1 1.2386 0.9412 -0.0219 0.3954 0.5034 0.96 1.8827 0.9847 -0.0301 0.1432 0.1684 1 1.3114 0.0333 0.0333 0.1331 1.1331 1 0.366 -0.1761 0.1761 -0.1651 0.8349 1 0.6432 -0.1914 0.1914 -0.1914 0.8086 1 0.5541 0 0
14 177 2841 0 0 0 0 0 1.0051 0 0.9799 0.3996 0.3996 0.4449 0.9167 1.2472 0.9489 0.3801 0.5035 0.6149 0.885 1.9917 0.9883 0.3146 0.3189 0.3461 1 1.3712 -0.0131 0.0131 -0.0523 0.9477 1 0.354 0.1401 0.1401 0.1313 1.1313 1 0.8143 0.1267 0.1267 0.1267 1.1267 1 0.7401 0 0
14 178 3400 0 0 0 0 0 1.0032 0 0.9678 -0.3487 0.3762 0.4326 0.7917 1.291 0.9548 -0.3287 0.4531 0.5616 0.935 2.1017 0.9875 -0.2584 0.2639 0.3111 1 1.3711 -0.1363 0.1363 -0.545 0.455 1 0.3751 0.4099 0.4099 0.3843 1.3843 1 1.0017 0.4433 0.4433 0.4433 1.4433 0 0.9567 0 0
14 179 2906 0 0 0 0 0 1.0022 0 0.9697 -0.3461 0.3617 0.4154 0.9583 1.2504 0.9442 -0.3527 0.4715 0.5734 0.93 1.9202 0.9899 -0.2487 0.2491 0.2908 1 1.1544 -0.268 0.268 -1.0719 -0.0719 0 0.389 -0.085 0.085 -0.0797 0.9203 1 0.6554 -0.0284 0.0284 -0.0284 0.9716 1 0.6493 0 0
14 180 2506 0 0 0 0 0 1.0028 0 0.9648 0.5005 0.5101 0.5979 0.625 1.2976 0.9382 0.442 0.4992 0.6108 0.83 1.7574 0.9654 0.34 0.3587 0.4461 0.695 1.1245 -0.0664 0.0664 -0.2654 0.7346 1 0.4123 -0.475 0.475 -0.4453 0.5547 0 0.4334 -0.4354 0.4354 -0.4354 0.5646 0 0.4097 0 0
14 181 4499 0 0 0 0 0 1.0053 0 0.9548 0.2095 0.2407 0.3181 0.9583 1.2288 0.9376 0.199 0.3788 0.4749 0.94 1.7957 0.9281 0.1333 0.3323 0.3875 0.81 1.1376 -0.1372 0.1372 -0.549 0.451 1 0.3522 -0.3651 0.3651 -0.3423 0.6577 0 0.4871 -0.3138 0.3138 -0.3138 0.6862 0 0.4702 0 0
14 182 3748 0 0 0 0 0 1.0062 0 0.9726 0.2408 0.3133 0.3794 0.9167 1.2967 0.9466 0.2547 0.4217 0.5272 0.905 1.9019 0.9593 0.2023 0.252 0.3364 0.87 1.3163 0.026 0.026 0.1041 1.1041 1 0.3437 -0.1108 0.1108 -0.1039 0.8961 1 0.6775 -0.1262 0.1262 -0.1262 0.8738 1 0.599 0 0
14 183 2900 0 0 0 0 0 1.0067 0 0.9862 -0.3088 0.3225 0.374 0.9583 1.3114 0.9437 -0.2747 0.3981 0.4965 0.96 1.9384 0.8996 -0.191 0.3903 0.4556 0.845 1.259 -0.0783 0.0783 -0.313 0.687 1 0.361 -0.0613 0.0613 -0.0574 0.9426 1 0.6678 -0.0337 0.0337 -0.0337 0.9663 1 0.635 0 0
14 184 3900 0 0 0 0 0 1.0039 0 0.9622 -0.0806 0.2198 0.2682 1 1.2305 0.9426 -0.15 0.3901 0.4859 0.97 1.9374 0.9872 -0.198 0.2271 0.2555 1 1.2258 -0.1209 0.1209 -0.4835 0.5165 1 0.3661 0.0257 0.0257 0.0241 1.0241 1 0.7321 0.0639 0.0639 0.0639 1.0639 1 0.6983 0 0
14 185 2416 0 0 0 0 0 1.0062 0 0.9748 -0.6186 0.6545 0.7629 0.5417 1.4104 0.9346 -0.5502 0.6265 0.764 0.775 1.8509 0.9543 -0.413 0.4267 0.5057 0.68 1.1047 -0.2161 0.2161 -0.8644 0.1356 0 0.4028 -0.4273 0.4273 -0.4006 0.5994 0 0.443 -0.3682 0.3682 -0.3682 0.6318 0 0.4384 0 0
14 186 3467 0 0 0 0 0 1.007 0 0.967 -0.436 0.4492 0.5167 0.75 1.2822 0.9552 -0.4249 0.5081 0.6137 0.885 1.9223 0.9651 -0.3838 0.3838 0.4567 0.96 1.4681 0.1397 0.1397 0.559 1.559 1 0.3379 0.0106 0.0106 0.01 1.01 1 0.8086 -0.099 0.099 -0.099 0.901 1 0.6459 0 0
14 187 4239 0 0 0 0 0 1.003 0 0.9718 -0.3829 0.3931 0.4598 0.875 1.2651 0.9467 -0.3547 0.4595 0.5657 0.925 1.9362 0.9927 -0.251 0.252 0.2966 1 1.2808 -0.0812 0.0812 -0.3246 0.6754 1 0.3447 -0.0223 0.0223 -0.0209 0.9791 1 0.6931 0.0055 0.0055 0.0055 1.0055 1 0.6431 0 0
14 188 3857 0 0 0 0 0 1.0019 0 0.9564 0.1116 0.2556 0.3481 0.875 1.2849 0.9442 0.1302 0.391 0.5241 0.93 1.9534 0.9778 0.1364 0.2153 0.2512 1 1.5901 0.1869 0.1869 0.7475 1.7475 0 0.3311 0.2422 0.2422 0.227 1.227 1 0.9749 0.042 0.042 0.042 1.042 1 0.7149 0 0
14 189 3588 0 0 0 0 0 1.0069 0 0.9797 -0.1106 0.2035 0.2424 1 1.2516 0.937 -0.1101 0.3463 0.4459 0.98 1.9083 0.9631 0.0765 0.2783 0.3374 1 1.2893 -0.0499 0.0499 -0.1995 0.8005 1 0.3565 0.0242 0.0242 0.0227 1.0227 1 0.732 0.0364 0.0364 0.0364 1.0364 1 0.6573 0 0
14 190 2872 0 0 0 0 0 1.0081 0 0.9646 0.024 0.2759 0.3309 0.9583 1.245 0.9367 0.006 0.3833 0.4827 0.965 1.8893 0.925 -0.0553 0.3474 0.4134 0.87 1.3149 -0.0119 0.0119 -0.0478 0.9522 1 0.3348 0.0718 0.0718 0.0673 1.0673 1 0.7609 0.0639 0.0639 0.0639 1.0639 1 0.6801 0 0
14 191 3625 0 0 0 0 0 1.0083 0 0.9602 -0.7344 0.7344 0.7936 0.5417 1.3068 0.9453 -0.6666 0.7291 0.8421 0.69 2.0091 0.9759 -0.684 0.684 0.7272 0.48 1.4227 0.0685 0.0685 0.274 1.274 1 0.3399 0.1855 0.1855 0.1739 1.1739 1 0.9059 0.1114 0.1114 0.1114 1.1114 1 0.7635 0 0
14 192 5101 0 0 0 0 0 1.0043 0 0.9529 0.3109 0.3846 0.5182 0.875 1.3012 0.9468 0.2971 0.4359 0.5495 0.925 1.9075 0.9407 0.3187 0.4073 0.4516 0.8 1.2932 -0.0106 0.0106 -0.0425 0.9575 1 0.3501 -0.1316 0.1316 -0.1234 0.8766 1 0.6846 -0.1282 0.1282 -0.1282 0.8718 1 0.6113 0 0
14 193 2675 0 0 0 0 0 1.0058 0 0.9643 -0.018 0.2279 0.3098 0.9167 1.2627 0.9468 -0.1117 0.3812 0.4965 0.925 1.8074 0.9765 -0.1276 0.2538 0.3192 1 1.2307 0.0089 0.0089 0.0355 1.0355 1 0.3369 -0.2256 0.2256 -0.2115 0.7885 1 0.5903 -0.2235 0.2235 -0.2235 0.7765 1 0.5258 0 0
14 194 4089 0 0 0 0 0 1.0058 0 0.9919 -0.0728 0.2071 0.2661 1 1.2935 0.9578 -0.0744 0.3636 0.4647 0.955 1.7991 0.9901 0.0811 0.1327 0.1592 1 1.267 0.0505 0.0505 0.202 1.202 1 0.3641 -0.3832 0.3832 -0.3593 0.6407 0 0.5356 -0.3864 0.3864 -0.3864 0.6136 0 0.462 0 0
14 195 3796 0 0 0 0 0 1.0038 0 0.9652 0.1293 0.258 0.352 0.9167 1.2837 0.9531 0.1369 0.3703 0.4769 0.955 1.8417 0.9676 0.0204 0.2053 0.2757 1 1.3955 0.126 0.126 0.5039 1.5039 1 0.3651 -0.0945 0.0945 -0.0886 0.9114 1 0.718 -0.1787 0.1787 -0.1787 0.8213 1 0.5551 0 0
14 196 3341 0 0 0 0 0 1.0061 0 0.9367 0.803 0.8262 0.8896 0.2917 1.3559 0.9283 0.8352 0.8533 0.9759 0.635 2.101 0.9531 0.8514 0.8514 0.9099 0.365 1.4504 0.0076 0.0076 0.0304 1.0304 1 0.351 0.3126 0.3126 0.293 1.293 1 0.9193 0.2739 0.2739 0.2739 1.2739 1 0.8157 0 0
14 197 3020 0 0 0 0 0 1.006 0 0.9461 0.126 0.2887 0.4064 0.9583 1.2899 0.9351 0.0558 0.4228 0.5206 0.935 1.848 0.964 0.2892 0.3199 0.3866 0.985 1.3258 0.0704 0.0704 0.2816 1.2816 1 0.3481 -0.2035 0.2035 -0.1908 0.8092 1 0.6032 -0.235 0.235 -0.235 0.765 1 0.514 0 0
14 198 3393 0 0 0 0 0 1.0065 0 0.9578 -0.4955 0.4955 0.5645 0.75 1.2701 0.9435 -0.4883 0.5723 0.6795 0.86 1.9695 0.9831 -0.5226 0.5231 0.5512 0.625 1.2443 -0.1482 0.1482 -0.5926 0.4074 1 0.3775 -0.0905 0.0905 -0.0848 0.9152 1 0.6697 -0.0438 0.0438 -0.0438 0.9562 1 0.6434 0 0
14 199 2745 0 0 0 0 0 1.0036 0 0.954 0.283 0.3307 0.4316 0.9167 1.3162 0.9273 0.2259 0.4464 0.5587 0.905 1.9523 0.957 0.1786 0.3402 0.4275 0.835 1.3966 0.0297 0.0297 0.1188 1.1188 1 0.3299 0.287 0.287 0.2691 1.2691 1 0.8798 0.2352 0.2352 0.2352 1.2352 1 0.7663 0 0
14 200 3621 0 0 0 0 0 1.0062 0 0.9791 -0.0223 0.3715 0.5498 0.875 1.443 0.9324 0.0118 0.4434 0.5669 0.895 1.8588 0.9643 -0.1195 0.3415 0.3986 0.86 1.2439 0.0598 0.0598 0.2393 1.2393 1 0.3664 -0.2878 0.2878 -0.2698 0.7302 1 0.5771 -0.3052 0.3052 -0.3052 0.6948 0 0.4871 0 0
