cond r run.time ndiv nbfmi ntree nbulk ntail maxRhat nRhat beta.cor beta.bias beta.abbias beta.rmse beta.CI theta.cor theta.bias theta.abbias theta.rmse theta.CI lambda.bias lambda.abbias lambda.CI corrupt efficiency
26 1 277 0 0 0 0 0 1.0003 0 0.9569 -0.0344 0.1891 0.2515 1.4152 0.7978 -7e-04 0.4529 0.5931 4.0512 0.0625 0.0625 0.4408 0 0
26 2 346 0 0 0 0 0 1.0002 0 0.9116 0.1518 0.4068 0.6325 2.4165 0.713 0.1273 0.5378 0.7329 4.1179 0.0508 0.0508 0.4869 0 0
26 3 328 0 0 0 0 0 1.0006 0 0.9546 0.0942 0.2326 0.2806 1.2506 0.8096 0.0552 0.4907 0.6044 4.0782 -0.0766 0.0766 0.4279 0 0
26 4 293 0 0 0 0 0 1.0002 0 0.989 -0.0132 0.1759 0.2295 1.8049 0.7488 -0.0036 0.5122 0.6426 4.1612 -0.2358 0.2358 0.5084 0 0
26 5 300 0 0 0 0 0 1.0002 0 0.963 0.076 0.2283 0.3462 1.9227 0.7443 -0.0105 0.4839 0.6471 4.0182 0.1194 0.1194 0.435 0 0
26 6 283 0 0 0 0 0 1.0017 0 0.8972 -0.1652 0.4733 0.617 2.1105 0.7418 -0.0251 0.5138 0.6566 4.0336 0.2097 0.2097 0.4285 0 0
26 7 299 0 0 0 0 0 1.0008 0 0.9579 -0.1921 0.2372 0.3172 1.7632 0.7696 -0.0164 0.4985 0.6379 4.0822 0.1372 0.1372 0.4973 0 0
26 8 356 0 0 0 0 0 1.0001 0 0.9538 -0.0702 0.2274 0.2686 1.5831 0.7503 -0.1557 0.5205 0.6784 4.1693 0.1172 0.1172 0.5057 0 0
26 9 342 0 0 0 0 0 1.0003 0 0.9025 -0.1932 0.4328 0.5773 2.2458 0.7781 -0.0577 0.4953 0.6408 4.0893 -0.1863 0.1863 0.4598 0 0
26 10 343 0 0 0 0 0 1.0002 0 0.7669 -0.5247 0.6699 0.9867 2.7383 0.7229 -0.0263 0.5926 0.7511 4.1039 0.0892 0.0892 0.5769 0 0
26 11 329 0 0 0 0 0 1.0004 0 0.9819 0.0462 0.2956 0.3805 2.4865 0.7511 0.0638 0.5295 0.6742 4.1546 -0.0239 0.0239 0.5107 0 0
26 12 262 0 0 0 0 0 1.0006 0 0.8709 0.5035 0.7511 1.0525 2.9625 0.7574 -0.0743 0.6175 0.7581 4.0392 0.015 0.015 0.53 0 0
26 13 302 0 0 0 0 0 1.0004 0 0.9773 0.0575 0.1749 0.2028 1.4182 0.7759 0.0435 0.4628 0.635 4.1211 0.1731 0.1731 0.4612 0 0
26 14 308 0 0 0 0 0 1.0007 0 0.9409 0.0172 0.3017 0.3434 1.7183 0.7854 -0.0184 0.4532 0.6072 4.0729 -0.141 0.141 0.4582 0 0
26 15 378 0 0 0 0 0 1.0007 0 0.9434 -0.1383 0.3212 0.3919 1.6416 0.7899 -0.0905 0.4607 0.6123 4.0822 0.1645 0.1645 0.4678 0 0
26 16 340 0 0 0 0 0 1.0003 0 0.9614 0.223 0.2775 0.3996 2.0291 0.7337 0.1174 0.5105 0.6577 4.065 -0.0114 0.0114 0.5132 0 0
26 17 270 0 0 0 0 0 1.0003 0 0.9793 -0.0764 0.1612 0.2052 1.6017 0.7959 0.0644 0.4605 0.5812 4.0871 -0.0314 0.0314 0.483 0 0
26 18 295 0 0 0 0 0 1.0006 0 0.9778 -0.1408 0.2406 0.3069 2.1267 0.7411 -0.0299 0.4941 0.6649 4.1373 0.0287 0.0287 0.5408 0 0
26 19 347 0 0 0 0 0 1.0002 0 0.8675 -0.1159 0.2985 0.3626 1.1722 0.8291 -0.0681 0.5006 0.636 4.038 -0.1061 0.1061 0.465 0 0
26 20 299 0 0 0 0 0 1.0004 0 0.9527 0.0661 0.2394 0.3173 1.8214 0.6911 -0.0033 0.5279 0.6737 4.2003 -0.1641 0.1641 0.5462 0 0
26 21 321 0 0 0 0 0 1.0012 0 0.9292 0.1104 0.2109 0.2896 1.5102 0.7783 0.0808 0.5091 0.6658 4.0377 0.0553 0.0553 0.4698 0 0
26 22 287 0 0 0 0 0 1.0002 0 0.981 -0.0882 0.1942 0.2767 1.9526 0.7522 -0.0833 0.4884 0.6389 4.1703 -0.1991 0.1991 0.4815 0 0
26 23 290 0 0 0 0 0 1.0007 0 0.8845 0.018 0.359 0.4392 2.0539 0.7626 -0.1695 0.5239 0.6998 4.1231 -0.0428 0.0428 0.4874 0 0
26 24 304 0 0 0 0 0 1.0011 0 0.9848 -0.2591 0.2981 0.4005 2.6499 0.7383 -0.0856 0.5257 0.6952 4.1191 0.1386 0.1386 0.5262 0 0
26 25 303 0 0 0 0 0 1.0008 0 0.8913 -0.2154 0.3147 0.4004 1.6366 0.8051 -0.0368 0.4951 0.6328 4.0198 0.0264 0.0264 0.4396 0 0
26 26 308 0 0 0 0 0 1.0004 0 0.9885 -0.1048 0.1763 0.2161 2.3634 0.7564 -0.106 0.5525 0.7343 4.1065 0.0542 0.0542 0.4689 0 0
26 27 254 0 0 0 0 0 1.0002 0 0.9739 0.0614 0.2094 0.2346 1.4177 0.701 0.0383 0.523 0.6709 4.0357 0.089 0.089 0.4551 0 0
26 28 295 0 0 0 0 0 1.0011 0 0.9683 0.1655 0.3368 0.4044 2.0892 0.7783 0.077 0.5319 0.6787 4.1031 0.0448 0.0448 0.4754 0 0
26 29 343 0 0 0 0 0 1.0004 0 0.8559 -0.2354 0.4839 0.9088 3.1318 0.7192 0.0017 0.5558 0.724 4.0975 0.2801 0.2801 0.4909 0 0
26 30 293 0 0 0 0 0 1.0008 0 0.9764 0.0743 0.1477 0.1787 1.3234 0.7405 0.0245 0.4758 0.6401 4.0543 -0.0674 0.0674 0.468 0 0
26 31 315 0 0 0 0 0 1.0003 0 0.9672 0.1409 0.2362 0.2902 1.5903 0.7898 0.0475 0.4744 0.6112 4.0487 0.0826 0.0826 0.4244 0 0
26 32 319 0 0 0 0 0 1.0002 0 0.9441 -0.0626 0.3144 0.4958 2.2491 0.7983 -0.0191 0.4665 0.6047 4.0615 -0.0646 0.0646 0.4562 0 0
26 33 335 0 0 0 0 0 1.0002 0 0.9826 0.0905 0.2206 0.3286 2.1351 0.7677 0.0251 0.4737 0.605 4.1225 0.0995 0.0995 0.507 0 0
26 34 303 0 0 0 0 0 1.0003 0 0.9669 -0.051 0.2432 0.2969 1.8822 0.7991 0 0.4733 0.6215 4.0128 -0.0046 0.0046 0.4494 0 0
26 35 325 0 0 0 0 0 1.0005 0 0.9341 -0.0608 0.4185 0.5583 2.2899 0.7404 0.0021 0.5727 0.7072 4.0864 -0.1203 0.1203 0.5169 0 0
26 36 312 0 0 0 0 0 1.0009 0 0.9014 0.0183 0.2605 0.3307 1.3869 0.7439 0.0666 0.4441 0.5982 4.0454 0.0767 0.0767 0.4678 0 0
26 37 319 0 0 0 0 0 1.0002 0 0.9733 -0.0473 0.2189 0.2529 1.7272 0.7228 -0.0136 0.4818 0.6209 4.0397 -0.0388 0.0388 0.4854 0 0
26 38 329 0 0 0 0 0 1.0002 0 0.9759 0.0393 0.1936 0.26 2.1394 0.7283 0.076 0.5098 0.6549 4.1002 0.1902 0.1902 0.4438 0 0
26 39 335 0 0 0 0 0 1.0005 0 0.9744 -1e-04 0.1674 0.2523 1.596 0.7464 -0.0542 0.4874 0.6314 4.1714 -0.1596 0.1596 0.4461 0 0
26 40 337 0 0 0 0 0 1.0006 0 0.923 0.0064 0.3044 0.3433 1.6986 0.8192 0.0158 0.4431 0.5658 4.0494 0.1274 0.1274 0.4525 0 0
26 41 305 0 0 0 0 0 1.0004 0 0.9663 0.0235 0.185 0.2294 1.3263 0.7769 0.029 0.4853 0.6514 4.1263 -0.0408 0.0408 0.4478 0 0
26 42 349 0 0 0 0 0 1.0002 0 0.9562 0.2588 0.2862 0.353 2.0929 0.7224 0.1152 0.5172 0.6504 4.0404 0.0547 0.0547 0.4567 0 0
26 43 297 0 0 0 0 0 1.0003 0 0.9511 0.0833 0.2813 0.3466 1.8241 0.6947 0.1 0.516 0.678 4.0654 -0.1828 0.1828 0.4588 0 0
26 44 357 0 0 0 0 0 1.0007 0 0.9934 0.0078 0.1343 0.1842 2.5525 0.7244 -0.0056 0.5179 0.6385 4.1051 0.1459 0.1459 0.4929 0 0
26 45 310 0 0 0 0 0 1.0004 0 0.9502 0.0936 0.2498 0.2845 1.437 0.7998 0.0925 0.4874 0.6057 4.1198 -0.0764 0.0764 0.4311 0 0
26 46 258 0 0 0 0 0 1.0002 0 0.9731 0.0161 0.1859 0.2455 1.2352 0.7815 0.0556 0.4873 0.6251 4.1062 0.0699 0.0699 0.411 0 0
26 47 296 0 0 0 0 0 1.0002 0 0.9743 -0.1191 0.254 0.3409 2.4565 0.8037 0.0088 0.4866 0.605 4.0274 -0.1168 0.1168 0.4666 0 0
26 48 343 0 0 0 0 0 1.0002 0 0.9236 0.1243 0.285 0.369 1.7532 0.7574 0.0552 0.5028 0.6368 4.0771 0.2997 0.2997 0.4292 0 0
26 49 298 0 0 0 0 0 1.0009 0 0.9868 0.0074 0.176 0.2198 1.8574 0.7276 -0.043 0.5095 0.6426 4.1642 -0.0622 0.0622 0.4745 0 0
26 50 254 0 0 0 0 0 1.0003 0 0.9397 -0.1511 0.3293 0.4632 2.691 0.7423 0.0256 0.5092 0.6454 3.9958 0.0429 0.0429 0.4535 0 0
26 51 348 0 0 0 0 0 1.0004 0 0.9418 -0.0538 0.2983 0.4066 1.8982 0.7616 0.0027 0.4535 0.5827 4.0657 -0.041 0.041 0.5108 0 0
26 52 361 0 0 0 0 0 1.0002 0 0.957 -0.0261 0.1976 0.2333 1.3267 0.7892 -0.0036 0.4628 0.5996 4.098 0.0711 0.0711 0.4343 0 0
26 53 326 0 0 0 0 0 1.0008 0 0.9316 -0.1802 0.2758 0.4103 2.0497 0.733 -0.0623 0.5005 0.6483 4.0558 -0.0755 0.0755 0.5028 0 0
26 54 301 0 0 0 0 0 1.0011 0 0.7855 -0.2473 0.3627 0.4833 1.7605 0.761 -0.1422 0.5154 0.6714 4.0731 0.0791 0.0791 0.5231 0 0
26 55 297 11 0 0 0 0 1.001 0 0.82 -0.3298 0.4709 0.8101 3.1078 0.6834 -0.0731 0.559 0.7064 4.1245 0.2981 0.2981 0.5669 1 0
26 56 378 0 0 0 0 0 1.0002 0 0.932 -0.2213 0.3707 0.5845 2.7968 0.7673 -0.0016 0.5389 0.6749 4.1556 0.2356 0.2356 0.4915 0 0
26 57 276 0 0 0 0 0 1.0003 0 0.9806 0.0918 0.1628 0.1977 1.4268 0.7731 0.095 0.4982 0.6328 4.0315 0.0904 0.0904 0.4273 0 0
26 58 292 0 0 0 0 0 1.0003 0 0.9732 -0.067 0.2926 0.3221 2.0706 0.8006 -0.0205 0.4332 0.5645 4.0365 0.0059 0.0059 0.4665 0 0
26 59 232 0 0 0 0 0 1.0012 0 0.9756 -0.1107 0.1905 0.2198 1.2475 0.7624 -0.1271 0.4871 0.63 4.0483 -0.2007 0.2007 0.4384 0 0
26 60 299 0 0 0 0 0 1.0003 0 0.9555 -0.0318 0.2764 0.3956 1.9261 0.7772 -0.0259 0.4483 0.5794 4.011 0.0795 0.0795 0.4683 0 0
26 61 355 0 0 0 0 0 1.0001 0 0.5727 0.4879 0.6175 0.9241 3.1539 0.7046 0.0941 0.5405 0.6766 4.0434 0.0828 0.0828 0.5806 0 0
26 62 354 0 0 0 0 0 1.0003 0 0.9393 0.03 0.3053 0.3708 1.914 0.7733 0.0695 0.4924 0.6391 4.0901 -0.0971 0.0971 0.4353 0 0
26 63 270 0 0 0 0 0 1.0004 0 0.9844 0.1019 0.2031 0.2873 2.1763 0.7378 -0.0571 0.4764 0.6167 4.1677 0.0827 0.0827 0.5278 0 0
26 64 308 0 0 0 0 0 1.0002 0 0.972 0.2499 0.2893 0.4031 1.7584 0.7903 0.1222 0.4992 0.6417 4.0147 -0.104 0.104 0.4181 0 0
26 65 345 0 0 0 0 0 1.0002 0 0.9762 0.0303 0.2569 0.2823 1.4662 0.8099 0.0125 0.4755 0.6261 4.0303 0.2153 0.2153 0.4083 0 0
26 66 333 0 0 0 0 0 1.0006 0 0.9602 0.0864 0.2655 0.3538 1.7883 0.735 0.1109 0.4815 0.6429 4.0498 -0.2579 0.2579 0.4511 0 0
26 67 300 0 0 0 0 0 1.0002 0 0.9751 0.0514 0.2665 0.3057 2.015 0.8229 0.0787 0.4716 0.5949 4.048 -0.0105 0.0105 0.4436 0 0
26 68 278 0 0 0 0 0 1.0003 0 0.8752 0.2971 0.4766 0.862 2.6915 0.7279 0.0551 0.5517 0.7429 4.0781 0.0365 0.0365 0.483 0 0
26 69 311 0 0 0 0 0 1.0011 0 0.9262 0.1408 0.3003 0.3736 2.2529 0.7573 0.0805 0.5077 0.6485 4.1545 -0.0031 0.0031 0.4697 0 0
26 70 269 0 0 0 0 0 1.0002 0 0.9628 0.0313 0.2286 0.2988 2.1481 0.7692 0.0741 0.502 0.6481 4.0725 0.0514 0.0514 0.4467 0 0
26 71 302 0 0 0 0 0 1.0003 0 0.9782 0.042 0.1994 0.2319 1.8347 0.7471 0.0025 0.5067 0.6449 4.0223 -0.166 0.166 0.4192 0 0
26 72 364 0 0 0 0 0 1.0003 0 0.9448 -0.0528 0.2088 0.2513 2.1285 0.7362 -0.0156 0.534 0.6765 4.0732 -0.0833 0.0833 0.4651 0 0
26 73 289 0 0 0 0 0 1.0002 0 0.9192 0.1649 0.3906 0.6356 2.3257 0.7676 0.0529 0.5358 0.6879 4.0654 -0.1182 0.1182 0.4913 0 0
26 74 284 0 0 0 0 0 1.0004 0 0.9606 -0.3119 0.4046 0.5037 2.2437 0.7603 -0.1902 0.5423 0.6924 4.1866 0.0741 0.0741 0.5558 0 0
26 75 265 0 0 0 0 0 1.0002 0 0.9868 -0.1029 0.1779 0.2 1.6274 0.8044 -0.0744 0.475 0.6257 3.981 -0.088 0.088 0.4297 0 0
26 76 310 0 0 0 0 0 1.0003 0 0.9437 0.2674 0.3327 0.4844 2.235 0.7797 0.0914 0.4708 0.6334 4.1003 -0.0743 0.0743 0.4951 0 0
26 77 336 0 0 0 0 0 1.0003 0 0.9693 -0.0359 0.1726 0.2511 1.6131 0.7991 -0.0978 0.4862 0.6458 4.0509 0.0331 0.0331 0.4466 0 0
26 78 342 0 0 0 0 0 1.0002 0 0.9712 0.1886 0.2434 0.2827 1.5646 0.8202 0.081 0.4309 0.5772 4.0046 -0.0355 0.0355 0.4295 0 0
26 79 266 0 0 0 0 0 1.0004 0 0.9502 -0.0795 0.259 0.2974 1.4809 0.7628 -0.0032 0.5314 0.7125 4.0734 -0.0261 0.0261 0.4748 0 0
26 80 272 0 0 0 0 0 1.0003 0 0.9339 0.1285 0.311 0.4302 1.6808 0.7312 -0.0172 0.5032 0.6615 4.0551 0.1285 0.1285 0.4589 0 0
26 81 273 0 0 0 0 0 1.0007 0 0.9436 -0.1014 0.2277 0.296 1.9139 0.7794 -0.0632 0.4883 0.6504 4.0543 -0.1015 0.1015 0.462 0 0
26 82 305 0 0 0 0 0 1.0004 0 0.9818 0.0542 0.2073 0.239 1.6854 0.7955 0.0463 0.4432 0.5666 4.0901 0.0386 0.0386 0.5294 0 0
26 83 336 0 0 0 0 0 1.0006 0 0.9434 -0.084 0.416 0.4903 2.2768 0.807 -0.0283 0.4584 0.5962 4.1415 -0.0485 0.0485 0.4911 0 0
26 84 308 0 0 0 0 0 1.0004 0 0.9743 -0.0218 0.1961 0.2392 1.8653 0.7992 -8e-04 0.4604 0.5895 4.1134 -0.0571 0.0571 0.4647 0 0
26 85 361 0 0 0 0 0 1.0002 0 0.936 -0.0642 0.2686 0.3196 1.4464 0.7319 -0.0093 0.5485 0.7109 4.1254 0.2875 0.2875 0.4331 0 0
26 86 354 0 0 0 0 0 1.0003 0 0.9711 -0.2013 0.2275 0.2811 1.2797 0.7388 -0.0935 0.542 0.7277 4.1009 -0.0613 0.0613 0.4749 0 0
26 87 313 0 0 0 0 0 1.0001 0 0.9606 -0.0176 0.282 0.3432 1.9756 0.7344 -0.0711 0.4959 0.6204 3.9923 -0.0536 0.0536 0.4439 0 0
26 88 370 0 0 0 0 0 1.0008 0 0.9686 -0.0139 0.1997 0.2284 1.4409 0.8088 -0.0239 0.4887 0.6252 4.083 -0.1008 0.1008 0.4432 0 0
26 89 303 0 0 0 0 0 1.0004 0 0.9242 0.1173 0.277 0.4 2.2103 0.7729 0.1067 0.4571 0.603 4.0822 0.1489 0.1489 0.481 0 0
26 90 347 0 0 0 0 0 1.0005 0 0.9656 -0.0166 0.1987 0.2653 1.3622 0.8114 -0.0559 0.4756 0.604 4.0661 -0.0859 0.0859 0.4406 0 0
26 91 361 0 0 0 0 0 1.0005 0 0.9903 -0.1692 0.2076 0.2452 1.8825 0.8016 -0.0876 0.4543 0.5854 4.0203 -0.1219 0.1219 0.426 0 0
26 92 294 0 0 0 0 0 1.0002 0 0.8998 0.2257 0.3907 0.5637 2.4751 0.7772 0.0065 0.4985 0.6414 4.0072 -0.0103 0.0103 0.4919 0 0
26 93 341 0 0 0 0 0 1.0006 0 0.7829 -0.1968 0.4263 0.5935 2.1611 0.7507 -0.062 0.5284 0.6871 4.0468 -0.1466 0.1466 0.4845 0 0
26 94 287 0 0 0 0 0 1.0005 0 0.9699 0.0049 0.1671 0.2485 1.5298 0.7817 -0.0132 0.4754 0.5958 4.0299 0.0942 0.0942 0.4305 0 0
26 95 293 0 0 0 0 0 1.0004 0 0.9714 0.0157 0.1633 0.2075 1.2871 0.7689 0.078 0.4694 0.6257 4.1159 0.0783 0.0783 0.4445 0 0
26 96 237 0 0 0 0 0 1.0004 0 0.9795 -0.1578 0.2273 0.269 1.6443 0.7723 -0.0374 0.4698 0.6074 4.1079 -0.0042 0.0042 0.4745 0 0
26 97 301 0 0 0 0 0 1.0008 0 0.9564 0.1885 0.2807 0.3634 1.695 0.7496 0.106 0.4785 0.6262 4.0568 -0.0019 0.0019 0.4292 0 0
26 98 325 0 0 0 0 0 1.0002 0 0.9569 -0.1568 0.2988 0.3304 1.6707 0.7381 -0.0792 0.5113 0.6849 4.0811 0.1812 0.1812 0.4444 0 0
26 99 280 0 0 0 0 0 1.0006 0 0.9606 0.1748 0.2344 0.2778 1.2233 0.7845 0.1029 0.4966 0.6293 4.0851 0.0438 0.0438 0.5012 0 0
26 100 354 0 0 0 0 0 1.0006 0 0.9621 0.0538 0.1941 0.2506 1.7212 0.8142 0.0645 0.4412 0.5894 4.1795 0.0038 0.0038 0.465 0 0
26 101 323 0 0 0 0 0 1.0003 0 0.9589 -0.2722 0.4656 0.5231 2.1483 0.8206 -0.0974 0.5185 0.6738 4.031 0.1453 0.1453 0.4397 0 0
26 102 294 0 0 0 0 0 1.0006 0 0.9595 0.0433 0.2343 0.2855 1.5438 0.7698 0.0833 0.4445 0.5766 4.0596 -0.0765 0.0765 0.4885 0 0
26 103 261 0 0 0 0 0 1.0007 0 0.9903 0.0209 0.116 0.1586 2.0931 0.7478 0.0797 0.4973 0.6432 4.136 -0.1415 0.1415 0.5198 0 0
26 104 305 0 0 0 0 0 1.0001 0 0.979 0.1683 0.2631 0.3406 2.0728 0.7527 0.113 0.5271 0.7086 4.0944 -0.0447 0.0447 0.485 0 0
26 105 388 0 0 0 0 0 1.0006 0 0.9737 -0.0014 0.1586 0.1865 1.273 0.7959 -0.0177 0.4463 0.6086 3.997 -0.3679 0.3679 0.3809 0 0
26 106 275 0 0 0 0 0 1.0002 0 0.9644 -0.1455 0.3033 0.3913 2.3905 0.6945 -0.0222 0.5304 0.6932 4.0615 -0.1754 0.1754 0.4927 0 0
26 107 267 0 0 0 0 0 1.0005 0 0.9793 0.2108 0.3211 0.415 2.5714 0.7292 -0.0371 0.4862 0.623 4.0378 -0.0966 0.0966 0.4577 0 0
26 108 375 0 0 0 0 0 1.0007 0 0.9516 -0.1572 0.185 0.3098 1.8498 0.7791 -0.0351 0.4788 0.6085 4.2011 0.3278 0.3278 0.4697 0 0
26 109 312 0 0 0 0 0 1.0003 0 0.9219 0.1742 0.361 0.4263 1.9246 0.8002 0.0585 0.4635 0.6053 4.0623 0.0646 0.0646 0.4535 0 0
26 110 329 0 0 0 0 0 1.0006 0 0.9651 -0.1039 0.1742 0.2856 1.3435 0.7958 -0.0095 0.4728 0.6067 4.2708 0.0437 0.0437 0.4888 0 0
26 111 317 0 0 0 0 0 1.0005 0 0.9765 -0.071 0.2026 0.2393 1.5826 0.7537 -0.0503 0.4806 0.623 4.0929 0.1151 0.1151 0.4861 0 0
26 112 358 0 0 0 0 0 1.0005 0 0.9374 -0.0307 0.2408 0.3227 2.047 0.7435 0.0415 0.5312 0.6896 4.2322 0.0712 0.0712 0.5477 0 0
26 113 368 0 0 0 0 0 1.0014 0 0.9838 0.0883 0.1738 0.211 1.6209 0.7915 0.0022 0.5333 0.7076 4.0743 0.1312 0.1312 0.426 0 0
26 114 282 0 0 0 0 0 1.0007 0 0.9581 -0.0869 0.1199 0.2176 1.2435 0.8066 -0.0588 0.4233 0.5733 4.0068 0.0068 0.0068 0.4244 0 0
26 115 310 0 0 0 0 0 1.0002 0 0.9015 0.1667 0.2383 0.3369 1.1866 0.8129 0.0515 0.4623 0.5919 4.0203 -0.1329 0.1329 0.4326 0 0
26 116 282 0 0 0 0 0 1.0008 0 0.9881 -0.0859 0.1919 0.2207 2.3107 0.7047 0.0189 0.4895 0.6675 4.0018 -0.0853 0.0853 0.4621 0 0
26 117 264 0 0 0 0 0 1.0002 0 0.9621 -0.0422 0.242 0.3015 1.3917 0.8168 -0.1269 0.4726 0.5997 4.08 0.0312 0.0312 0.4516 0 0
26 118 315 0 0 0 0 0 1.0003 0 0.985 -0.1973 0.2346 0.3075 1.9209 0.6899 -0.1208 0.5394 0.7074 4.0549 -0.022 0.022 0.4796 0 0
26 119 356 0 0 0 0 0 1.0004 0 0.9235 -0.1209 0.2558 0.4026 1.7945 0.7075 0.0361 0.5229 0.6814 4.1635 0.1633 0.1633 0.4837 0 0
26 120 318 0 0 0 0 0 1.0001 0 0.9796 -0.181 0.2374 0.2795 1.8525 0.7866 -0.0335 0.4637 0.6185 4.073 0.2355 0.2355 0.4243 0 0
26 121 322 0 0 0 0 0 1.0002 0 0.9595 0.0916 0.2858 0.3323 1.608 0.761 0.0197 0.4697 0.6388 4.0472 0.0573 0.0573 0.4776 0 0
26 122 345 0 0 0 0 0 1.0001 0 0.9637 0.0917 0.3992 0.4843 2.3099 0.7195 0.0776 0.5436 0.6829 4.0125 0.0907 0.0907 0.4985 0 0
26 123 238 0 0 0 0 0 1.0004 0 0.902 -0.1834 0.3983 0.553 2.0431 0.7887 -0.0815 0.4912 0.6362 4.0163 0.0106 0.0106 0.4451 0 0
26 124 308 0 0 0 0 0 1.0006 0 0.9483 -0.0987 0.2377 0.2743 1.2881 0.7658 -0.0523 0.4745 0.6268 4.1858 0.0274 0.0274 0.4399 0 0
26 125 233 0 0 0 0 0 1.0003 0 0.964 0.0664 0.23 0.3376 1.9847 0.7927 -0.0025 0.4464 0.5647 3.9973 -0.0322 0.0322 0.4452 0 0
26 126 325 0 0 0 0 0 1.0009 0 0.9677 0.1172 0.2711 0.3923 2.3465 0.7328 0.0218 0.5005 0.6468 4.1987 0.1162 0.1162 0.4958 0 0
26 127 356 0 0 0 0 0 1.0004 0 0.9017 -0.2437 0.3916 0.6406 2.9955 0.7346 -0.043 0.481 0.6232 4.0068 0.0275 0.0275 0.4735 0 0
26 128 253 0 0 0 0 0 1.0002 0 0.9616 0.2843 0.4385 0.582 2.6708 0.6997 0.0481 0.5463 0.6915 4.1945 0.0124 0.0124 0.5289 0 0
26 129 353 0 0 0 0 0 1.0003 0 0.9787 -0.2299 0.4394 0.613 2.2316 0.7216 -0.175 0.5944 0.7549 4.0449 -0.1613 0.1613 0.4595 0 0
26 130 290 0 0 0 0 0 1.0004 0 0.9816 0.0027 0.1716 0.2069 1.6227 0.7715 0.0902 0.444 0.5791 4.0422 0.1007 0.1007 0.4557 0 0
26 131 303 0 0 0 0 0 1.0005 0 0.8647 0.0101 0.3011 0.3617 1.5684 0.7864 0.0403 0.4952 0.6462 4.0165 -0.0661 0.0661 0.442 0 0
26 132 340 0 0 0 0 0 1.0002 0 0.9673 0.1244 0.2861 0.4379 2.5762 0.7141 0.0378 0.5393 0.7119 4.1559 0.2714 0.2714 0.4558 0 0
26 133 356 0 0 0 0 0 1.0001 0 0.9787 0.0672 0.3171 0.3848 1.8867 0.7671 0.1198 0.5341 0.7092 4.0117 0.1919 0.1919 0.4301 0 0
26 134 256 0 0 0 0 0 1.0004 0 0.9608 0.0744 0.2139 0.2896 1.7122 0.8137 0.0294 0.4876 0.6304 4.0494 0.0614 0.0614 0.4259 0 0
26 135 303 0 0 0 0 0 1.0009 0 0.9579 0.1811 0.219 0.3667 1.6003 0.7818 0.0309 0.4812 0.614 4.086 -0.1387 0.1387 0.4848 0 0
26 136 308 0 0 0 0 0 1.0006 0 0.9753 -0.0691 0.2301 0.3118 1.8929 0.7961 -0.0041 0.4627 0.5783 4.0535 0.015 0.015 0.4767 0 0
26 137 309 0 0 0 0 0 1.0002 0 0.9419 -0.0966 0.2529 0.3884 2.1793 0.7275 0.0223 0.5205 0.6911 4.0441 0.0549 0.0549 0.4859 0 0
26 138 334 0 0 0 0 0 1.0002 0 0.957 -0.0314 0.2105 0.2969 1.8481 0.7537 0.0095 0.4807 0.6479 4.1229 -0.2977 0.2977 0.4343 0 0
26 139 252 0 0 0 0 0 1.0011 0 0.9478 0.0512 0.3188 0.3594 2.1037 0.7389 0.0067 0.5559 0.73 4.1209 0.1222 0.1222 0.4986 0 0
26 140 262 0 0 0 0 0 1.0008 0 0.9813 0.1687 0.2364 0.2911 1.7802 0.7496 0.0927 0.5144 0.6624 4.0547 -0.1408 0.1408 0.4317 0 0
26 141 340 0 0 0 0 0 1.0004 0 0.9854 -0.1402 0.1688 0.237 1.9194 0.8112 -0.1093 0.4389 0.5765 4.0494 -0.1287 0.1287 0.4741 0 0
26 142 315 0 0 0 0 0 1.0004 0 0.9619 0.0794 0.2184 0.3138 2.251 0.7664 0.0845 0.4732 0.6079 4.0448 -0.1713 0.1713 0.4311 0 0
26 143 248 0 0 0 0 0 1.0002 0 0.9547 -0.1884 0.2627 0.43 2.4964 0.742 -0.0419 0.5193 0.6814 4.0855 0.1798 0.1798 0.5035 0 0
26 144 304 0 0 0 0 0 1.0002 0 0.9283 -0.1083 0.323 0.3966 1.6907 0.7436 0.0696 0.4944 0.6377 3.9918 -0.1301 0.1301 0.4545 0 0
26 145 343 0 0 0 0 0 1.0001 0 0.9341 -0.0872 0.2737 0.4535 2.6803 0.7746 0.019 0.4901 0.6467 4.2593 -2e-04 2e-04 0.5174 0 0
26 146 320 0 0 0 0 0 1.0004 0 0.9327 0.1185 0.2677 0.3534 1.943 0.7377 -0.0583 0.5421 0.706 4.0988 -0.0518 0.0518 0.5135 0 0
26 147 298 0 0 0 0 0 1.0014 0 0.9676 -0.0412 0.2868 0.3634 2.3822 0.8124 -0.0367 0.4682 0.609 4.0157 -0.0483 0.0483 0.4547 0 0
26 148 292 0 0 0 0 0 1.0003 0 0.9778 -0.049 0.2209 0.2464 1.7954 0.7236 -0.055 0.5234 0.7039 4.0536 0.052 0.052 0.4549 0 0
26 149 318 0 0 0 0 0 1.0003 0 0.9812 -0.0498 0.2605 0.3358 1.8823 0.8122 -0.0806 0.496 0.6242 3.9962 -0.0698 0.0698 0.4102 0 0
26 150 292 0 0 0 0 0 1.0002 0 0.9574 -0.1071 0.2511 0.3162 1.5469 0.7636 -0.0303 0.4574 0.6013 4.103 -0.0438 0.0438 0.4728 0 0
26 151 334 0 0 0 0 0 1.0005 0 0.9573 0.0019 0.1961 0.2546 1.1857 0.7793 0.0341 0.51 0.6647 4.1347 0.0399 0.0399 0.4658 0 0
26 152 343 0 0 0 0 0 1.0007 0 0.9769 -0.1156 0.207 0.239 1.9119 0.7617 -0.0877 0.5244 0.6603 4.0353 -0.0121 0.0121 0.4254 0 0
26 153 350 0 0 0 0 0 1.0008 0 0.9686 0.0079 0.2307 0.2744 1.9278 0.7803 0.0048 0.4486 0.5985 4.083 0.0168 0.0168 0.4493 0 0
26 154 318 0 0 0 0 0 1.0008 0 0.9555 -0.0629 0.2762 0.359 1.554 0.7768 -0.0036 0.483 0.6301 4.1277 0.0087 0.0087 0.5014 0 0
26 155 318 0 0 0 0 0 1.0002 0 0.9652 -0.1491 0.2542 0.3902 2.1158 0.7891 0.0053 0.5019 0.6768 4.0192 0.0172 0.0172 0.4892 0 0
26 156 313 0 0 0 0 0 1.0003 0 0.9676 0.1698 0.2083 0.2612 1.4704 0.8095 0.1274 0.4745 0.6171 4.0725 0.0714 0.0714 0.441 0 0
26 157 258 0 0 0 0 0 1.0006 0 0.9774 0.0554 0.1858 0.244 1.4499 0.6881 0.0448 0.5235 0.6675 4.0892 5e-04 5e-04 0.472 0 0
26 158 293 0 0 0 0 0 1.0004 0 0.9706 0.0179 0.1352 0.2429 1.5939 0.7679 -0.0525 0.5047 0.6639 4.1635 -0.113 0.113 0.4568 0 0
26 159 318 0 0 0 0 0 1.0002 0 0.9671 -0.0617 0.1841 0.2214 1.484 0.7302 -0.0013 0.4672 0.6176 4.0436 0.0373 0.0373 0.4692 0 0
26 160 259 0 0 0 0 0 1.0003 0 0.9794 -0.0931 0.2075 0.2365 2.0956 0.7382 -0.1325 0.5405 0.695 4.0234 0.0486 0.0486 0.4783 0 0
26 161 266 0 0 0 0 0 1.0002 0 0.965 -0.0677 0.1673 0.2095 1.2897 0.7578 -0.0803 0.4837 0.624 4.0789 0.0053 0.0053 0.4336 0 0
26 162 299 0 0 0 0 0 1.0004 0 0.9496 0.0329 0.2682 0.304 1.7059 0.7625 0.0266 0.5025 0.6696 4.064 -0.0207 0.0207 0.4555 0 0
26 163 367 0 0 0 0 0 1.0001 0 0.9779 0.0647 0.1599 0.2086 1.4104 0.7741 0.0373 0.4874 0.6402 4.0487 -0.0988 0.0988 0.4321 0 0
26 164 320 0 0 0 0 0 1.0003 0 0.9422 0.0312 0.2449 0.3347 2.3622 0.7631 -0.0386 0.5197 0.6565 4.0279 -0.012 0.012 0.4501 0 0
26 165 362 0 0 0 0 0 1.0001 0 0.9566 -0.0661 0.2529 0.3102 1.9195 0.7527 -0.0087 0.5313 0.6938 4.0346 -0.0967 0.0967 0.4626 0 0
26 166 268 0 0 0 0 0 1.0002 0 0.9749 -0.0562 0.1805 0.2228 1.6255 0.7754 -0.0332 0.4901 0.6396 4.0302 0.1155 0.1155 0.4332 0 0
26 167 274 0 0 0 0 0 1.0012 0 0.9688 0.1807 0.2856 0.3472 2.2644 0.7151 0.0708 0.5232 0.6882 4.0718 0.1443 0.1443 0.4673 0 0
26 168 313 0 0 0 0 0 1.0002 0 0.9322 0.1771 0.3735 0.5618 2.0187 0.724 0.0688 0.5134 0.6693 4.1971 0.0394 0.0394 0.5252 0 0
26 169 356 0 0 0 0 0 1.0002 0 0.9461 -0.0937 0.1889 0.263 1.2278 0.7706 -0.0801 0.4765 0.6871 4.049 -0.1405 0.1405 0.4238 0 0
26 170 290 0 0 0 0 0 1.0002 0 0.9463 0.035 0.3306 0.4525 1.603 0.8106 0.0016 0.4904 0.6244 4.1084 -0.0497 0.0497 0.4735 0 0
26 171 298 0 0 0 0 0 1.0002 0 0.9744 0.0557 0.1979 0.2423 1.4704 0.8208 0.0531 0.4336 0.5599 4.0427 -0.1275 0.1275 0.4251 0 0
26 172 326 0 0 0 0 0 1.0008 0 0.9459 0.2508 0.3194 0.3867 1.5872 0.7708 0.0452 0.4965 0.6499 4.1078 0.0961 0.0961 0.4898 0 0
26 173 372 0 0 0 0 0 1.0007 0 0.9726 -0.0312 0.2358 0.2555 1.8154 0.7664 -0.0623 0.4803 0.6299 4.0678 0.1028 0.1028 0.4461 0 0
26 174 257 0 0 0 0 0 1.0004 0 0.9346 0.1592 0.2325 0.2701 1.5643 0.7353 0.103 0.5295 0.6899 4.0253 0.103 0.103 0.4917 0 0
26 175 350 0 0 0 0 0 1.0004 0 0.9568 0.1467 0.3136 0.5445 2.7718 0.701 -0.098 0.5599 0.721 4.0319 0.0809 0.0809 0.4793 0 0
26 176 269 0 0 0 0 0 1.0002 0 0.9853 0.147 0.2417 0.2848 1.8382 0.7826 0.0787 0.4702 0.5926 4.0572 0.0872 0.0872 0.4375 0 0
26 177 267 0 0 0 0 0 1.0016 0 0.9694 -0.0273 0.1914 0.2172 1.3683 0.8026 0.0086 0.4609 0.6057 4.0997 0.1445 0.1445 0.4711 0 0
26 178 269 0 0 0 0 0 1.001 0 0.9726 0.0055 0.2476 0.2785 2.1572 0.7989 -0.0605 0.4548 0.5886 4.0627 -0.068 0.068 0.4662 0 0
26 179 229 0 0 0 0 0 1.0009 0 0.9904 0.0292 0.2392 0.2895 2.597 0.7613 0.0951 0.5627 0.6939 4.0902 -0.1416 0.1416 0.5287 0 0
26 180 363 0 0 0 0 0 1.0003 0 0.978 0.0699 0.1856 0.2585 1.6616 0.7903 0.1188 0.4899 0.6396 4.1254 0.2977 0.2977 0.4377 0 0
26 181 298 0 0 0 0 0 1.0001 0 0.9323 -0.0284 0.2269 0.3651 1.7774 0.7979 -0.0342 0.4318 0.5439 4.146 -0.0419 0.0419 0.4607 0 0
26 182 246 0 0 0 0 0 1.001 0 0.9539 -0.1367 0.3336 0.4183 1.9359 0.7404 -0.1636 0.538 0.6892 4.0275 0.0511 0.0511 0.4448 0 0
26 183 353 0 0 0 0 0 1.0005 0 0.9724 0.0421 0.2222 0.3266 1.9497 0.7906 -0.0157 0.4923 0.6217 4.1641 -0.0142 0.0142 0.4893 0 0
26 184 339 0 0 0 0 0 1.0001 0 0.9712 -0.0732 0.1852 0.2375 1.4854 0.8141 -0.0198 0.4675 0.609 4.0984 -0.0142 0.0142 0.4345 0 0
26 185 355 0 0 0 0 0 1.0003 0 0.935 0 0.2848 0.4546 2.3818 0.7431 0.114 0.4731 0.6247 4.0778 0.0047 0.0047 0.4858 0 0
26 186 315 0 0 0 0 0 1.0005 0 0.9756 -0.0382 0.1678 0.1926 1.3391 0.7793 0.016 0.4642 0.6134 4.0634 -0.024 0.024 0.402 0 0
26 187 367 0 0 0 0 0 1.0001 0 0.9909 0.2314 0.2866 0.3442 2.1685 0.7666 0.1018 0.5274 0.6926 4.0769 0.211 0.211 0.4233 0 0
26 188 292 0 0 0 0 0 1.0002 0 0.9739 -0.0126 0.1706 0.2134 1.5074 0.7846 -0.0506 0.4507 0.6126 4.0787 0.1184 0.1184 0.4246 0 0
26 189 248 0 0 0 0 0 1.0004 0 0.9526 -0.1386 0.2983 0.4347 2.0722 0.7866 -0.0773 0.5209 0.6674 4.0873 0.1524 0.1524 0.4318 0 0
26 190 339 0 0 0 0 0 1.0002 0 0.9748 -0.0417 0.247 0.3189 1.8217 0.8076 -0.0062 0.4988 0.6345 4.0229 -0.0276 0.0276 0.411 0 0
26 191 309 0 0 0 0 0 1.0007 0 0.9523 -0.1028 0.2647 0.3456 1.6197 0.714 -0.0666 0.5578 0.721 4.1025 0.0288 0.0288 0.4455 0 0
26 192 278 0 0 0 0 0 1.0002 0 0.9711 -0.172 0.2997 0.3581 1.9933 0.6901 -0.0748 0.6051 0.7966 4.1561 -0.0325 0.0325 0.5137 0 0
26 193 267 0 0 0 0 0 1.0002 0 0.9776 -0.0959 0.2028 0.237 1.864 0.8064 -0.1243 0.4563 0.5948 4.0358 -0.0764 0.0764 0.4654 0 0
26 194 259 0 0 0 0 0 1.0002 0 0.969 -0.0117 0.248 0.2873 1.6364 0.7676 -0.0135 0.4521 0.5605 4.0979 0.0912 0.0912 0.4676 0 0
26 195 316 0 0 0 0 0 1.0007 0 0.9562 -0.1896 0.3247 0.3967 1.8652 0.7124 -0.1908 0.6097 0.7909 4.0881 0.1699 0.1699 0.4927 0 0
26 196 324 0 0 0 0 0 1.0001 0 0.9934 -0.0725 0.1286 0.1563 1.5046 0.7953 -0.0627 0.4515 0.5953 4.0041 -0.1588 0.1588 0.4195 0 0
26 197 376 0 0 0 0 0 1.0001 0 0.9441 -0.0371 0.2867 0.3389 2.4202 0.7635 -0.0133 0.4843 0.6315 4.0603 0.1485 0.1485 0.4851 0 0
26 198 362 0 0 0 0 0 1.0001 0 0.966 -0.229 0.2869 0.3334 1.6204 0.7803 -0.1155 0.5305 0.7001 4.1507 0.1481 0.1481 0.4332 0 0
26 199 323 0 0 0 0 0 1.0004 0 0.9726 0.144 0.2514 0.286 1.6197 0.7722 0.0711 0.4749 0.6378 4.0608 0.1746 0.1746 0.404 0 0
26 200 251 0 0 0 0 0 1.0004 0 0.9829 -0.0819 0.2294 0.2953 2.2387 0.7499 0.0073 0.485 0.6463 4.0456 0.0649 0.0649 0.4424 0 0
26 201 225 0 0 0 0 0 1.0003 0 0.9796 0.0366 0.197 0.249 1.6977 0.7827 -0.0074 0.4772 0.61 4.043 -0.009 0.009 0.4197 0 0
26 202 264 0 0 0 0 0 1.0004 0 0.989 -0.0461 0.1368 0.1672 1.7714 0.7638 -0.06 0.4718 0.6242 4.1034 -0.0719 0.0719 0.4804 0 0
26 203 308 0 0 0 0 0 1.0003 0 0.9802 -0.0822 0.2056 0.2534 1.7811 0.7496 -0.0686 0.4956 0.6334 4.1007 0.0621 0.0621 0.484 0 0
26 204 312 0 0 0 0 0 1.0002 0 0.9765 0.1245 0.1908 0.2263 1.3461 0.7576 0.1612 0.5108 0.6662 4.1061 0.1724 0.1724 0.4475 0 0
26 205 286 0 0 0 0 0 1.0008 0 0.9128 -0.0417 0.2007 0.2814 1.3142 0.8024 -0.023 0.4922 0.6247 4.0586 -0.0462 0.0462 0.4191 0 0
26 206 231 0 0 0 0 0 1.0004 0 0.9223 -0.0605 0.2582 0.2957 1.3101 0.7715 -0.0319 0.4572 0.5952 4.0225 0.0537 0.0537 0.4523 0 0
26 207 359 0 0 0 0 0 1.0003 0 0.9649 -0.0891 0.2494 0.2961 1.4567 0.6798 0.0143 0.5655 0.7504 4.1628 0.1382 0.1382 0.4601 0 0
26 208 294 0 0 0 0 0 1.0003 0 0.9396 0.0867 0.3391 0.466 1.7767 0.7697 -0.0706 0.5118 0.6628 4.0357 -0.0526 0.0526 0.4536 0 0
26 209 247 0 0 0 0 0 1.0004 0 0.9865 0.0413 0.1955 0.2398 2.2186 0.745 0.0688 0.5159 0.6463 4.014 -0.0249 0.0249 0.4448 0 0
26 210 276 0 0 0 0 0 1.0002 0 0.9171 0.1594 0.2707 0.3353 1.3573 0.7621 0.0714 0.5355 0.6838 4.0401 0.0465 0.0465 0.4446 0 0
26 211 330 0 0 0 0 0 1.0005 0 0.9799 0.0655 0.1641 0.2277 1.5736 0.7052 0.1277 0.4941 0.6993 4.104 0.0645 0.0645 0.4892 0 0
26 212 218 0 0 0 0 0 1.0005 0 0.9526 -0.0296 0.2252 0.3579 2.1624 0.7631 -0.0081 0.4772 0.6041 4.1309 -0.0465 0.0465 0.5035 0 0
26 213 294 0 0 0 0 0 1.0002 0 0.9735 -0.0657 0.1719 0.2114 1.7354 0.7131 -0.1059 0.4971 0.6495 4.0687 -0.0283 0.0283 0.4729 0 0
26 214 273 0 0 0 0 0 1.0003 0 0.9679 -0.0625 0.1919 0.238 1.9136 0.7746 -0.0606 0.495 0.6271 4.0163 -0.0115 0.0115 0.4429 0 0
26 215 365 0 0 0 0 0 1.0002 0 0.8296 0.1482 0.3902 0.5486 2.1385 0.7667 0.0096 0.5409 0.692 4.0206 0.2841 0.2841 0.4434 0 0
26 216 374 0 0 0 0 0 1.0005 0 0.9674 -0.2676 0.2846 0.3346 1.6311 0.6901 -0.1544 0.555 0.7327 3.9967 -0.1946 0.1946 0.4551 0 0
26 217 303 0 0 0 0 0 1.0008 0 0.9199 -0.0119 0.2564 0.4019 1.9141 0.771 7e-04 0.5102 0.6506 4.0474 -0.1253 0.1253 0.4582 0 0
26 218 275 0 0 0 0 0 1.0003 0 0.9669 0.2046 0.2748 0.4152 2.1251 0.7903 0.0268 0.4883 0.6138 4.0865 -0.1475 0.1475 0.4935 0 0
26 219 313 0 0 0 0 0 1.0002 0 0.9511 -0.0641 0.2724 0.3526 1.6821 0.7721 -0.1069 0.4893 0.6333 4.0791 0.1667 0.1667 0.4399 0 0
26 220 270 0 0 0 0 0 1.0013 0 0.9451 -0.0902 0.3643 0.4425 2.2392 0.7482 -0.0147 0.475 0.6288 4.1088 -0.0926 0.0926 0.4828 0 0
26 221 219 0 0 0 0 0 1.0006 0 0.9616 0.1403 0.2827 0.5332 2.3392 0.7554 -0.0382 0.5485 0.6904 4.0459 0.0666 0.0666 0.4545 0 0
26 222 344 0 0 0 0 0 1.0002 0 0.9685 0.0735 0.2286 0.2911 1.6145 0.7733 0.0892 0.5087 0.6503 4.0182 -0.07 0.07 0.449 0 0
26 223 295 0 0 0 0 0 1.0003 0 0.9737 0.1596 0.2166 0.2608 1.3407 0.7686 0.1116 0.495 0.6307 4.0434 0.1371 0.1371 0.4373 0 0
26 224 301 0 0 0 0 0 1.0007 0 0.9566 0.1026 0.3486 0.5141 2.5076 0.7289 0.0036 0.5223 0.6738 4.1126 -0.0297 0.0297 0.5577 0 0
26 225 348 0 0 0 0 0 1.0004 0 0.9674 -0.1884 0.245 0.2946 1.7104 0.7174 -0.0963 0.5172 0.7039 4.1207 0.0305 0.0305 0.4625 0 0
26 226 339 0 0 0 0 0 1.0005 0 0.9627 0.0274 0.2825 0.3784 1.9188 0.7206 -0.0176 0.5004 0.661 4.0353 0.0713 0.0713 0.4474 0 0
26 227 280 0 0 0 0 0 1.0003 0 0.9496 -0.0446 0.2959 0.3989 2.1277 0.6969 -0.0171 0.5263 0.6843 4.0694 0.0226 0.0226 0.4836 0 0
26 228 316 0 0 0 0 0 1.0011 0 0.9783 -0.0576 0.2169 0.3102 2.2518 0.762 -0.0572 0.5057 0.6398 3.995 -0.1436 0.1436 0.4339 0 0
26 229 255 0 0 0 0 0 1.0005 0 0.9717 0.0453 0.235 0.2839 1.696 0.8043 0.0705 0.4873 0.6117 4.069 0.0392 0.0392 0.4385 0 0
26 230 281 0 0 0 0 0 1.0004 0 0.9533 -0.0247 0.2862 0.3504 2.0369 0.728 -0.0449 0.5053 0.6359 4.0338 0.1486 0.1486 0.4417 0 0
26 231 261 0 0 0 0 0 1.0005 0 0.9928 0.0734 0.1388 0.1636 1.5646 0.7747 0.0596 0.4911 0.6347 4.0011 0.1089 0.1089 0.4173 0 0
26 232 304 0 0 0 0 0 1.0002 0 0.9839 -0.072 0.1329 0.1624 1.4031 0.7429 -0.1108 0.5208 0.6665 4.0334 0.1025 0.1025 0.4498 0 0
26 233 331 0 0 0 0 0 1.0003 0 0.9848 -0.2523 0.2763 0.3494 1.8406 0.756 -0.106 0.5095 0.6789 4.2019 0.0548 0.0548 0.5678 0 0
26 234 304 0 0 0 0 0 1.0003 0 0.9421 -0.0845 0.2363 0.2714 1.319 0.8008 -0.0444 0.4993 0.6328 4.0796 -0.1664 0.1664 0.4473 0 0
26 235 362 0 0 0 0 0 1.0012 0 0.9902 0.1301 0.1951 0.2474 2.4598 0.7706 0.1652 0.499 0.6226 4.0489 0.0241 0.0241 0.4938 0 0
26 236 356 0 0 0 0 0 1.0002 0 0.8912 -0.1165 0.2838 0.3577 1.5305 0.7516 -0.0054 0.5296 0.7111 4.0479 0.2614 0.2614 0.4546 0 0
26 237 282 0 0 0 0 0 1.0001 0 0.9842 -0.1305 0.2119 0.3089 1.9816 0.7789 -0.0325 0.4922 0.6369 4.0066 0.0996 0.0996 0.4238 0 0
26 238 259 0 0 0 0 0 1.0003 0 0.9447 -0.0776 0.3839 0.4529 1.8753 0.7611 -0.0203 0.4411 0.5802 4.0824 -0.0513 0.0513 0.4912 0 0
26 239 307 0 0 0 0 0 1.0002 0 0.9241 0.0507 0.2862 0.3451 1.6637 0.7363 0.0552 0.518 0.6573 4.0756 -0.099 0.099 0.4525 0 0
26 240 338 0 0 0 0 0 1.0003 0 0.9703 0.0081 0.2262 0.3406 2.1535 0.8264 -0.1798 0.4606 0.5922 4.1637 -0.1024 0.1024 0.4756 0 0
26 241 266 0 0 0 0 0 1.0002 0 0.9601 -0.1119 0.2122 0.3478 2.0105 0.7555 -0.0437 0.5282 0.6865 4.1335 0.0813 0.0813 0.4697 0 0
26 242 266 0 0 0 0 0 1.0016 0 0.9791 -0.1083 0.174 0.2191 1.3712 0.7916 0.0238 0.4591 0.6092 4.0611 0.1136 0.1136 0.4316 0 0
26 243 322 0 0 0 0 0 1.0005 0 0.9713 0.1696 0.2026 0.2675 1.2164 0.778 0.0734 0.4711 0.6211 4.1299 -0.1792 0.1792 0.439 0 0
26 244 327 0 0 0 0 0 1.0007 0 0.9654 -0.1381 0.1918 0.2711 1.723 0.7913 -0.0574 0.4574 0.5877 4.1367 -0.0896 0.0896 0.4892 0 0
26 245 289 0 0 0 0 0 1.0003 0 0.9183 -0.0139 0.3318 0.5122 2.2344 0.7445 0.051 0.5201 0.6627 4.1382 -0.0485 0.0485 0.494 0 0
26 246 291 0 0 0 0 0 1.0002 0 0.9666 -0.1323 0.2286 0.2871 1.6073 0.7496 -0.0965 0.4911 0.627 4.0978 0.0119 0.0119 0.4308 0 0
26 247 348 0 0 0 0 0 1.0004 0 0.8918 0.1749 0.3364 0.454 1.492 0.7532 0.1107 0.548 0.7099 4.0438 -0.1983 0.1983 0.4423 0 0
26 248 299 0 0 0 0 0 1.001 0 0.9847 0.1323 0.1608 0.2088 1.2172 0.811 0.0784 0.4743 0.6105 4.031 -0.136 0.136 0.403 0 0
26 249 279 0 0 0 0 0 1.0012 0 0.9541 0.0307 0.2439 0.319 1.4005 0.7974 0.0865 0.44 0.5824 4.0413 -0.0126 0.0126 0.4354 0 0
26 250 339 0 0 0 0 0 1.0007 0 0.9812 -0.0481 0.18 0.2385 1.9984 0.7178 -0.0218 0.5332 0.6756 4.2039 -0.0788 0.0788 0.5653 0 0
26 251 277 0 0 0 0 0 1.0009 0 0.8677 0.187 0.3372 0.4306 2.036 0.7652 0.0445 0.5139 0.6473 4.0053 0.0338 0.0338 0.4797 0 0
26 252 306 0 0 0 0 0 1.0018 0 0.9672 -0.0182 0.1645 0.2002 1.1271 0.746 0.0104 0.4747 0.6349 4.0257 -0.0475 0.0475 0.4488 0 0
26 253 244 0 0 0 0 0 1.0002 0 0.9022 0.2393 0.3936 0.471 2.2088 0.7949 0.0013 0.4959 0.6516 4.0059 -0.0321 0.0321 0.4656 0 0
26 254 271 0 0 0 0 0 1.0002 0 0.9622 -0.0068 0.2655 0.3518 1.6459 0.7863 -0.0033 0.4959 0.6513 4.0955 -0.1285 0.1285 0.4209 0 0
26 255 320 0 0 0 0 0 1.0002 0 0.9343 -0.1872 0.2887 0.3849 2.4489 0.7919 -0.1412 0.5109 0.6385 4.0452 -0.0541 0.0541 0.5179 0 0
26 256 318 0 0 0 0 0 1.0002 0 0.9671 0.0086 0.2019 0.2458 1.5778 0.781 0.0871 0.477 0.6131 4.059 -0.2022 0.2022 0.4509 0 0
26 257 268 0 0 0 0 0 1.0002 0 0.9403 0.1953 0.3522 0.4234 2.7418 0.7682 0.0421 0.4632 0.5981 3.9895 -0.0175 0.0175 0.501 0 0
26 258 301 0 0 0 0 0 1.0001 0 0.9139 -0.1177 0.3621 0.5441 2.3057 0.7083 0.0129 0.5058 0.7015 4.1601 -0.0445 0.0445 0.4967 0 0
26 259 334 0 0 0 0 0 1 0 0.967 -0.1159 0.2158 0.4325 2.4556 0.7149 -0.0812 0.5426 0.7324 4.1013 -0.0547 0.0547 0.5016 0 0
26 260 291 0 0 0 0 0 1.0007 0 0.8868 -0.1104 0.2963 0.4033 1.7642 0.747 -0.0861 0.4843 0.6184 4.0672 -0.0439 0.0439 0.4396 0 0
26 261 311 0 0 0 0 0 1.0004 0 0.9687 0.0868 0.2171 0.2371 1.8298 0.7939 0.0893 0.4725 0.6104 4.0539 -0.0422 0.0422 0.519 0 0
26 262 257 0 0 0 0 0 1.0005 0 0.967 -0.0321 0.2424 0.3194 1.9158 0.7734 -0.009 0.4779 0.6141 3.9624 -0.1597 0.1597 0.4014 0 0
26 263 282 0 0 0 0 0 1.0004 0 0.914 -0.0733 0.2537 0.3469 1.66 0.7578 -0.0083 0.4774 0.6218 4.0657 -0.025 0.025 0.517 0 0
26 264 283 0 0 0 0 0 1.0003 0 0.958 0.2644 0.2779 0.4496 2.1148 0.7806 0.1272 0.5336 0.6901 4.145 0.0332 0.0332 0.469 0 0
26 265 265 0 0 0 0 0 1.0003 0 0.9719 -0.1686 0.2706 0.4186 2.3874 0.7887 -0.1105 0.4641 0.6074 4.0904 -0.0048 0.0048 0.488 0 0
26 266 366 0 0 0 0 0 1.0008 0 0.9228 -0.1868 0.2935 0.3599 2.4752 0.6971 -0.0886 0.5625 0.7128 4.1158 0.1483 0.1483 0.5419 0 0
26 267 340 0 0 0 0 0 1.0005 0 0.9825 0.0503 0.1747 0.202 2.3235 0.7921 0.0823 0.4516 0.5628 4.0365 0.1872 0.1872 0.4355 0 0
26 268 342 0 0 0 0 0 1.0002 0 0.968 0.1393 0.315 0.5227 2.4751 0.7189 0.0332 0.485 0.6315 4.1245 0.0509 0.0509 0.5002 0 0
26 269 308 0 0 0 0 0 1.0003 0 0.9821 0.1231 0.2305 0.2614 1.7931 0.7445 0.0521 0.483 0.6519 4.022 -0.0815 0.0815 0.4682 0 0
26 270 219 0 0 0 0 0 1.0012 0 0.9358 -0.1125 0.2452 0.3261 1.3286 0.8271 -0.0132 0.4528 0.5968 4.0354 0.0477 0.0477 0.4357 0 0
26 271 252 0 0 0 0 0 1.0004 0 0.9836 1e-04 0.1776 0.2389 1.7692 0.7756 -0.0189 0.5271 0.6964 4.0459 0.1222 0.1222 0.4578 0 0
26 272 356 0 0 0 0 0 1.0002 0 0.9671 -0.1512 0.2094 0.2493 1.3168 0.7946 -0.1138 0.4993 0.6347 3.9844 0.0705 0.0705 0.4043 0 0
26 273 356 0 0 0 0 0 1.0007 0 0.9645 0.0167 0.2399 0.2898 1.2905 0.7916 0.0576 0.4902 0.6521 4.0558 0.2556 0.2556 0.3922 0 0
26 274 298 0 0 0 0 0 1.0009 0 0.9791 -0.0109 0.2471 0.3484 2.2824 0.776 0.0825 0.5196 0.6396 4.0544 0.1552 0.1552 0.4827 0 0
26 275 288 0 0 0 0 0 1.0002 0 0.9411 -0.1669 0.2377 0.4072 2.5881 0.7141 -0.104 0.4872 0.6456 4.0482 -0.0266 0.0266 0.4854 0 0
26 276 344 0 0 0 0 0 1.0003 0 0.9359 0.0321 0.4002 0.6851 2.5779 0.722 -0.0058 0.5554 0.6838 4.1231 0.1446 0.1446 0.522 0 0
26 277 260 0 0 0 0 0 1.0006 0 0.8564 0.0118 0.2934 0.3445 1.5742 0.785 -0.008 0.4606 0.604 3.9735 -0.002 0.002 0.4495 0 0
26 278 345 2478 0 0 159 109 1.1202 47 0.7462 -0.4945 0.5596 0.7948 2.711 0.6206 -0.1004 0.5823 0.7607 6.525 0.2882 0.2882 0.9627 1 1
26 279 229 0 0 0 0 0 1.0011 0 0.9276 -0.0694 0.3167 0.371 1.363 0.8026 -0.0316 0.5082 0.6597 4.0383 0.0225 0.0225 0.436 0 0
26 280 294 0 0 0 0 0 1.0002 0 0.9569 -0.0465 0.2147 0.2572 1.4043 0.8079 0.0069 0.4707 0.5763 4.0333 -0.0774 0.0774 0.4389 0 0
26 281 278 0 0 0 0 0 1.0011 0 0.9662 -0.0668 0.2266 0.2864 1.5806 0.7493 -0.0299 0.4855 0.6257 4.0724 -0.1082 0.1082 0.4702 0 0
26 282 361 0 0 0 0 0 1.0007 0 0.9605 0.0041 0.2545 0.3363 2.3545 0.7539 -0.0305 0.5023 0.6564 4.0217 0.1202 0.1202 0.444 0 0
26 283 365 0 0 0 0 0 1.0006 0 0.993 0.2642 0.2642 0.2924 1.4745 0.7324 0.1575 0.5078 0.6427 4.0892 0.0544 0.0544 0.456 0 0
26 284 268 0 0 0 0 0 1.0003 0 0.971 -0.08 0.2346 0.2914 1.913 0.7359 -0.0609 0.5069 0.6968 4.1096 0.0544 0.0544 0.4697 0 0
26 285 307 0 0 0 0 0 1.0002 0 0.9714 0.1178 0.2504 0.424 2.5746 0.7112 -0.0325 0.5323 0.7058 4.0102 0.0422 0.0422 0.444 0 0
26 286 301 0 0 0 0 0 1.0005 0 0.9833 -0.0313 0.1784 0.2042 1.6897 0.7303 -0.1091 0.4924 0.652 4.0188 0.0855 0.0855 0.4676 0 0
26 287 273 0 0 0 0 0 1.0006 0 0.9596 -0.2016 0.4062 0.5663 2.6576 0.719 -0.0125 0.5628 0.6997 4.0383 0.0331 0.0331 0.4946 0 0
26 288 304 0 0 0 0 0 1.0005 0 0.9285 -0.1709 0.2546 0.3343 1.4962 0.7564 -0.1335 0.4774 0.6313 4.0386 0.2776 0.2776 0.4617 0 0
26 289 295 0 0 0 0 0 1.0002 0 0.9431 -0.2182 0.3589 0.4391 2.0864 0.8077 -0.0785 0.4917 0.6438 4.0669 -0.0455 0.0455 0.4222 0 0
26 290 278 0 0 0 0 0 1.0006 0 0.9674 0.0852 0.2272 0.2579 2.3972 0.7531 -0.0521 0.5138 0.6674 4.0903 0.0207 0.0207 0.4453 0 0
26 291 342 0 0 0 0 0 1.0003 0 0.9405 0.0721 0.2709 0.361 1.555 0.7975 -0.0149 0.4799 0.6223 4.05 -0.0537 0.0537 0.5114 0 0
26 292 332 0 0 0 0 0 1.0004 0 0.9579 0.0323 0.2057 0.2355 1.2142 0.7272 -0.0494 0.5142 0.6813 4.0913 -0.2094 0.2094 0.4527 0 0
26 293 273 0 0 0 0 0 1.0003 0 0.9796 0.0137 0.1458 0.1763 1.3136 0.7788 0.0123 0.4791 0.6102 4.0258 0.0021 0.0021 0.4435 0 0
26 294 329 0 0 0 0 0 1.0002 0 0.9874 -0.1369 0.1547 0.1967 1.2212 0.7295 -0.0971 0.4991 0.6487 4.0247 0.0774 0.0774 0.4423 0 0
26 295 350 0 0 0 0 0 1.0002 0 0.9519 -0.1762 0.2634 0.5475 2.889 0.7616 -0.0522 0.4747 0.6109 4.0234 0.0099 0.0099 0.4425 0 0
26 296 359 0 0 0 0 0 1.0001 0 0.9428 -0.1027 0.2758 0.3268 1.3587 0.7411 -0.0576 0.5233 0.6814 4.0301 0.0196 0.0196 0.4361 0 0
26 297 275 0 0 0 0 0 1.0012 0 0.9759 -0.1624 0.2287 0.295 2.4515 0.7859 -0.1609 0.4887 0.6395 4.088 -0.0599 0.0599 0.4215 0 0
26 298 292 0 0 0 0 0 1.0009 0 0.877 -0.0987 0.3088 0.4579 1.9444 0.7611 0.0621 0.4887 0.6391 4.1349 -0.1465 0.1465 0.4828 0 0
26 299 313 0 0 0 0 0 1.0007 0 0.8673 0.0491 0.4093 0.6293 2.4925 0.8063 -0.0773 0.4814 0.6297 4.0635 0.037 0.037 0.4511 0 0
26 300 302 0 0 0 0 0 1.0002 0 0.913 0.2348 0.3084 0.3889 1.5466 0.7119 0.1048 0.5322 0.7158 4.0768 -0.0646 0.0646 0.4679 0 0
26 301 346 0 0 0 0 0 1.0002 0 0.98 -0.0818 0.1885 0.2407 1.5933 0.757 -0.0733 0.488 0.6553 4.0491 0.0051 0.0051 0.4585 0 0
26 302 330 0 0 0 0 0 1.0005 0 0.964 -0.0903 0.2448 0.3512 2.1629 0.8109 0.0425 0.438 0.5549 4.0677 -0.1502 0.1502 0.4691 0 0
26 303 349 0 0 0 0 0 1.0005 0 0.9597 0.0353 0.2359 0.3686 2.2608 0.7399 0.0379 0.5286 0.6673 4.0771 -0.1645 0.1645 0.4411 0 0
26 304 293 0 0 0 0 0 1.0007 0 0.9822 -0.0066 0.1574 0.1807 1.4858 0.7725 -0.0303 0.4923 0.628 4.2562 -0.0613 0.0613 0.4899 0 0
26 305 321 0 0 0 0 0 1.0001 0 0.9883 0.0251 0.123 0.1541 1.3484 0.7876 0.0198 0.4523 0.6043 4.0703 -0.0262 0.0262 0.453 0 0
26 306 313 0 0 0 0 0 1.001 0 0.9719 0.102 0.2212 0.2616 1.5405 0.7639 0.2504 0.5375 0.6885 4.0424 -0.1465 0.1465 0.4338 0 0
26 307 301 0 0 0 0 0 1.0003 0 0.8969 0.3578 0.4838 0.7506 2.8104 0.7106 0.0889 0.4827 0.6127 4.0402 0.0562 0.0562 0.4933 0 0
26 308 321 0 0 0 0 0 1.0001 0 0.9576 -0.033 0.172 0.2395 1.6692 0.754 -0.0307 0.487 0.6233 4.0695 0.0496 0.0496 0.4617 0 0
26 309 365 0 0 0 0 0 1.0003 0 0.9432 -0.0676 0.2417 0.3018 1.908 0.7776 0.056 0.4894 0.636 4.057 0.2587 0.2587 0.4221 0 0
26 310 309 0 0 0 0 0 1.0005 0 0.9957 0.2624 0.2624 0.2838 2.2156 0.7288 0.1787 0.5815 0.7238 4.1716 -0.0624 0.0624 0.4607 0 0
26 311 355 0 0 0 0 0 1.0009 0 0.9464 0.0532 0.1624 0.2983 1.3817 0.8214 -0.0098 0.45 0.5768 4.1478 -0.0486 0.0486 0.4491 0 0
26 312 315 0 0 0 0 0 1.0007 0 0.8962 -0.0861 0.2854 0.4239 1.5882 0.8375 -0.0085 0.4051 0.5258 3.9926 0.1249 0.1249 0.4044 0 0
26 313 332 0 0 0 0 0 1.001 0 0.9746 0.0389 0.1913 0.2683 2.0243 0.7693 0.0361 0.538 0.697 4.0273 0.0584 0.0584 0.4438 0 0
26 314 328 0 0 0 0 0 1.0002 0 0.889 -0.1722 0.2918 0.378 1.6055 0.7637 -0.0395 0.4849 0.6156 4.109 -0.0938 0.0938 0.4465 0 0
26 315 337 0 0 0 0 0 1.0002 0 0.8622 -0.067 0.2949 0.3627 1.4591 0.7961 -0.0243 0.4686 0.5973 4.0401 -0.0487 0.0487 0.4444 0 0
26 316 328 0 0 0 0 0 1.0004 0 0.9797 -0.0742 0.1876 0.2319 1.7513 0.7937 -0.0242 0.4967 0.6433 4.0886 0.2342 0.2342 0.3952 0 0
26 317 316 0 0 0 0 0 1.0007 0 0.9486 -0.1567 0.2567 0.2915 1.4791 0.8302 -0.1237 0.4597 0.5868 4.0679 -0.089 0.089 0.4491 0 0
26 318 282 0 0 0 0 0 1.0008 0 0.9793 -0.2146 0.2289 0.2977 2.1683 0.7406 -0.1174 0.4958 0.666 4.0237 0.0589 0.0589 0.4756 0 0
26 319 313 0 0 0 0 0 1.0007 0 0.9778 -0.1082 0.2166 0.3469 2.3679 0.7454 0.0052 0.4903 0.6322 4.0943 0.1306 0.1306 0.4595 0 0
26 320 353 0 0 0 0 0 1.0003 0 0.9597 -0.1666 0.2629 0.408 2.5786 0.6839 -0.1124 0.5643 0.7172 4.2499 0.322 0.322 0.5005 0 0
26 321 299 0 0 0 0 0 1.0003 0 0.9796 0.1791 0.2515 0.2877 1.7857 0.7352 0.0261 0.5369 0.7114 4.1001 0.0613 0.0613 0.5121 0 0
26 322 285 0 0 0 0 0 1.0017 0 0.9545 0.1459 0.2283 0.3941 1.7367 0.7322 0.0531 0.4859 0.6478 4.0525 0.1615 0.1615 0.4462 0 0
26 323 361 0 0 0 0 0 1.0002 0 0.9594 -0.2647 0.3608 0.432 2.3442 0.7674 -0.0905 0.5115 0.6403 4.0666 -0.057 0.057 0.4632 0 0
26 324 328 0 0 0 0 0 1.0002 0 0.9078 0.0046 0.4157 0.5817 2.5872 0.7301 0.0592 0.4997 0.6227 4.0659 -0.2145 0.2145 0.4822 0 0
26 325 330 0 0 0 0 0 1.0002 0 0.9728 0.0555 0.1855 0.2292 1.5361 0.7706 -0.0203 0.4906 0.6345 4.0254 0.2664 0.2664 0.4175 0 0
26 326 320 0 0 0 0 0 1.0002 0 0.972 0.02 0.2074 0.2321 2.0167 0.7781 0.0323 0.489 0.631 4.0353 0.1581 0.1581 0.4991 0 0
26 327 299 0 0 0 0 0 1.0003 0 0.9737 0.0875 0.201 0.2459 1.5671 0.7477 0.0103 0.4609 0.5872 4.0382 -0.0231 0.0231 0.4676 0 0
26 328 304 0 0 0 0 0 1.0004 0 0.9533 0.0348 0.2639 0.2986 1.3772 0.7529 -0.0094 0.4586 0.6329 4.0347 0.0601 0.0601 0.4439 0 0
26 329 346 0 0 0 0 0 1.0007 0 0.811 -0.3411 0.4338 0.6657 2.1484 0.7134 -0.0814 0.5495 0.7051 4.082 -0.2166 0.2166 0.501 0 0
26 330 321 0 0 0 0 0 1.0004 0 0.9558 0.122 0.2426 0.2693 2.1088 0.7144 0.0669 0.5272 0.7193 4.0805 -0.1217 0.1217 0.4957 0 0
26 331 366 0 0 0 0 0 1.0001 0 0.9563 -0.1982 0.262 0.3097 1.4488 0.8192 -0.0999 0.4601 0.5851 4.2173 -0.0885 0.0885 0.5358 0 0
26 332 307 0 0 0 0 0 1.0007 0 0.9675 -0.2537 0.2976 0.5114 2.5407 0.7229 -0.0827 0.5262 0.6969 4.0577 0.1354 0.1354 0.4895 0 0
26 333 314 0 0 0 0 0 1.001 0 0.9875 0.1387 0.1887 0.2228 1.6977 0.7825 0.0704 0.4403 0.5736 4.0026 0.2299 0.2299 0.4451 0 0
26 334 265 0 0 0 0 0 1.0008 0 0.951 0.1801 0.2868 0.383 2.2531 0.7507 0.0103 0.5472 0.7143 4.0271 -0.0943 0.0943 0.4634 0 0
26 335 296 0 0 0 0 0 1.0009 0 0.9892 0.1313 0.1574 0.2007 1.7605 0.7701 0.1086 0.5189 0.6566 4.0465 -0.0459 0.0459 0.4391 0 0
26 336 291 0 0 0 0 0 1.0006 0 0.9919 -0.0925 0.1561 0.2122 2.3595 0.7499 0.0069 0.4618 0.5807 4.1063 -0.0288 0.0288 0.501 0 0
26 337 301 0 0 0 0 0 1.0005 0 0.9587 -0.1866 0.3937 0.6251 2.5655 0.8044 0.0202 0.5141 0.6356 4.1637 0.0501 0.0501 0.4688 0 0
26 338 283 0 0 0 0 0 1.001 0 0.9754 0.0244 0.1937 0.25 1.5432 0.7991 -0.0192 0.453 0.5787 4.0834 -0.0101 0.0101 0.4425 0 0
26 339 296 0 0 0 0 0 1.0001 0 0.9221 -0.17 0.3116 0.3474 1.3483 0.7864 -0.0572 0.5032 0.6507 4.0093 -0.0641 0.0641 0.4515 0 0
26 340 227 0 0 0 0 0 1.0004 0 0.9733 0.0376 0.2357 0.2937 1.6545 0.7853 0.014 0.4704 0.6029 4.1072 -0.0931 0.0931 0.4615 0 0
26 341 309 0 0 0 0 0 1.0003 0 0.9099 -0.1349 0.3473 0.4888 1.9923 0.782 -0.0135 0.5443 0.7109 4.0393 0.0847 0.0847 0.4355 0 0
26 342 340 0 0 0 0 0 1.0005 0 0.9644 0.1212 0.2736 0.3374 1.9165 0.7443 0.0694 0.528 0.7153 4.1452 0.12 0.12 0.4769 0 0
26 343 319 0 0 0 0 0 1.0001 0 0.9347 0.0729 0.2929 0.3429 1.3274 0.7984 0.0383 0.4908 0.6336 4.0747 0.0637 0.0637 0.4306 0 0
26 344 286 0 0 0 0 0 1.0002 0 0.966 -0.214 0.29 0.3623 1.9445 0.7496 -0.2004 0.5764 0.7307 4.0399 -0.0431 0.0431 0.4485 0 0
26 345 350 0 0 0 0 0 1.0003 0 0.9575 0.1722 0.2898 0.3059 1.5402 0.7767 0.1267 0.5403 0.7088 4.1932 0.0575 0.0575 0.4737 0 0
26 346 261 0 0 0 0 0 1.0004 0 0.9593 0.0189 0.266 0.3308 1.5453 0.8468 0.0511 0.4665 0.5971 3.9765 -0.0057 0.0057 0.3915 0 0
26 347 290 0 0 0 0 0 1.0009 0 0.9815 -0.1379 0.2082 0.2604 1.8951 0.7547 -0.12 0.4952 0.6453 4.1622 0.0115 0.0115 0.5041 0 0
26 348 284 0 0 0 0 0 1.0003 0 0.9601 -0.1802 0.2409 0.2995 1.522 0.7475 -0.1964 0.5256 0.6789 4.2097 -0.0062 0.0062 0.4623 0 0
26 349 363 0 0 0 0 0 1.0002 0 0.934 -0.0967 0.2495 0.3234 1.792 0.7806 -0.0713 0.4809 0.6094 4.0567 0.1922 0.1922 0.4332 0 0
26 350 286 0 0 0 0 0 1.0003 0 0.9769 -0.1629 0.1806 0.2562 1.379 0.7959 -0.095 0.4696 0.604 3.9957 0.1801 0.1801 0.4179 0 0
26 351 363 0 0 0 0 0 1.0002 0 0.9732 -0.0711 0.2232 0.2763 2.1631 0.7485 0.0022 0.5022 0.6607 4.0659 0.1672 0.1672 0.4605 0 0
26 352 227 0 0 0 0 0 1.0011 0 0.9792 0.0782 0.2069 0.264 1.6561 0.6993 0.0446 0.4732 0.6356 4.0613 0.0981 0.0981 0.4996 0 0
26 353 306 0 0 0 0 0 1.0004 0 0.9283 -0.1688 0.3165 0.4643 2.1416 0.7685 -0.051 0.4897 0.6194 4.0173 0.1396 0.1396 0.4259 0 0
26 354 356 0 0 0 0 0 1.0007 0 0.9416 -0.2224 0.2442 0.3352 1.3674 0.7541 -0.1956 0.5043 0.6876 4.0107 0.1894 0.1894 0.4328 0 0
26 355 282 0 0 0 0 0 1.0003 0 0.965 -0.0751 0.2279 0.2528 2.1948 0.6974 -0.0198 0.5608 0.6981 4.0646 0.1276 0.1276 0.5024 0 0
26 356 357 0 0 0 0 0 1.0002 0 0.9457 -0.086 0.276 0.3437 1.6451 0.7777 -0.1177 0.4793 0.6197 4.1906 0.0969 0.0969 0.4854 0 0
26 357 336 0 0 0 0 0 1.0001 0 0.9643 0.0089 0.2268 0.3083 1.9653 0.772 0.1219 0.5142 0.6679 4.0564 -0.0374 0.0374 0.4788 0 0
26 358 336 0 0 0 0 0 1.0005 0 0.9519 0.0803 0.2114 0.266 1.4649 0.8382 0.0783 0.4277 0.542 4.0529 0.0558 0.0558 0.4395 0 0
26 359 222 0 0 0 0 0 1.0003 0 0.9608 0.0213 0.2016 0.2614 1.1927 0.7424 -0.0169 0.4905 0.6529 4.2079 0.1077 0.1077 0.4768 0 0
26 360 226 0 0 0 0 0 1.0009 0 0.9587 0.2119 0.2721 0.4018 1.4638 0.766 0.1203 0.5233 0.68 4.0887 -0.0483 0.0483 0.472 0 0
26 361 317 0 0 0 0 0 1.0006 0 0.8388 -0.3723 0.6022 1.0521 2.9766 0.7169 -0.022 0.5324 0.6781 4.1763 -0.1478 0.1478 0.4794 0 0
26 362 335 0 0 0 0 0 1.0002 0 0.9729 -0.1921 0.315 0.3348 1.6892 0.738 -0.1232 0.5144 0.6442 4.1132 -0.0549 0.0549 0.4652 0 0
26 363 343 0 0 0 0 0 1.0003 0 0.9207 -0.0065 0.2408 0.3182 1.5088 0.8164 0.0446 0.4879 0.633 4.0601 0.0297 0.0297 0.4988 0 0
26 364 333 0 0 0 0 0 1.0004 0 0.9701 -0.1274 0.2558 0.3339 1.4825 0.8126 -0.1831 0.5189 0.6686 4.2435 -0.0022 0.0022 0.478 0 0
26 365 313 0 0 0 0 0 1.0004 0 0.9556 -0.1759 0.3257 0.5018 2.1592 0.7578 0.0062 0.5092 0.6562 4.1674 0.0666 0.0666 0.4749 0 0
26 366 312 0 0 0 0 0 1.0001 0 0.9243 -0.0434 0.2877 0.3916 1.4223 0.8077 0.0169 0.4622 0.5924 4.1098 -0.0378 0.0378 0.4178 0 0
26 367 260 0 0 0 0 0 1.0007 0 0.9876 0.0821 0.1583 0.1853 1.6936 0.6717 -0.0485 0.5291 0.7128 4.1548 -0.0446 0.0446 0.4956 0 0
26 368 298 0 0 0 0 0 1.0005 0 0.9652 0.1079 0.2293 0.3165 1.7441 0.7771 0.098 0.4776 0.636 4.0213 -0.0519 0.0519 0.4427 0 0
26 369 284 0 0 0 0 0 1.0005 0 0.984 -0.0427 0.1391 0.1863 1.4099 0.7658 -0.044 0.5037 0.6563 4.0863 -0.0272 0.0272 0.4632 0 0
26 370 369 0 0 0 0 0 1.0001 0 0.9481 -0.0435 0.223 0.2945 1.6739 0.8069 0.0483 0.468 0.5843 4.0895 -0.1142 0.1142 0.4794 0 0
26 371 279 0 0 0 0 0 1.0002 0 0.9182 0.2628 0.5549 0.7374 2.3045 0.707 0.176 0.5254 0.6962 4.0302 -0.0267 0.0267 0.5017 0 0
26 372 346 0 0 0 0 0 1.0002 0 0.9376 0.0461 0.1951 0.2484 1.2665 0.8132 0.0143 0.4541 0.5972 4.0599 -0.1617 0.1617 0.4187 0 0
26 373 217 0 0 0 0 0 1.0002 0 0.9381 0.1832 0.2665 0.3678 1.7708 0.7301 0.0837 0.4777 0.6489 4.0301 -0.0426 0.0426 0.4622 0 0
26 374 307 0 0 0 0 0 1.0001 0 0.9687 0.0807 0.2382 0.2659 1.4413 0.7743 0.1001 0.5137 0.6624 4.0551 0.0526 0.0526 0.4374 0 0
26 375 346 0 0 0 0 0 1.0002 0 0.8829 0.377 0.4442 0.692 2.7893 0.7768 0.1361 0.5218 0.6643 4.182 0.2495 0.2495 0.5261 0 0
26 376 338 0 0 0 0 0 1.0001 0 0.9633 0.0144 0.2322 0.3275 1.6936 0.8065 0.0033 0.527 0.6751 4.0054 0.092 0.092 0.4009 0 0
26 377 330 0 0 0 0 0 1.0007 0 0.9723 -0.0454 0.1702 0.2352 1.5262 0.7235 -0.0189 0.5305 0.67 4.0585 -0.0405 0.0405 0.4561 0 0
26 378 312 0 0 0 0 0 1.0004 0 0.955 0.0344 0.2631 0.3529 1.6453 0.8015 -0.0151 0.4665 0.5946 4.0134 -0.0656 0.0656 0.437 0 0
26 379 300 0 0 0 0 0 1.0007 0 0.9621 -0.0354 0.2474 0.3112 1.8604 0.7925 -0.0714 0.4774 0.5962 4.0433 0.0089 0.0089 0.441 0 0
26 380 304 0 0 0 0 0 1.0005 0 0.9709 0.124 0.1926 0.2401 1.2265 0.7823 0.0912 0.4798 0.6118 4.1934 -0.029 0.029 0.5026 0 0
26 381 298 0 0 0 0 0 1.0002 0 0.9633 0.0306 0.2704 0.2972 1.5507 0.7685 -0.0737 0.4797 0.6111 4.0972 -0.0673 0.0673 0.4572 0 0
26 382 337 0 0 0 0 0 1.0005 0 0.985 0.1512 0.2187 0.2637 1.8509 0.782 0.0921 0.5244 0.6532 4.0074 0.0732 0.0732 0.44 0 0
26 383 261 0 0 0 0 0 1.0005 0 0.9586 0.0695 0.1951 0.2976 1.8527 0.7591 -0.0566 0.494 0.6488 4.1471 -0.0198 0.0198 0.4822 0 0
26 384 363 0 0 0 0 0 1.0001 0 0.9482 0.1833 0.3564 0.4288 2.2216 0.7571 -0.0246 0.4747 0.6247 3.995 0.0845 0.0845 0.454 0 0
26 385 366 0 0 0 0 0 1.0002 0 0.9653 -0.0315 0.2076 0.2575 1.522 0.7664 -0.0328 0.5351 0.6864 4.0614 -0.137 0.137 0.4522 0 0
26 386 338 0 0 0 0 0 1.0002 0 0.9519 -0.0677 0.238 0.2877 1.52 0.7562 -0.0152 0.4892 0.6339 4.0609 -0.004 0.004 0.4511 0 0
26 387 292 0 0 0 0 0 1.0004 0 0.9013 0.1245 0.4411 0.6063 2.8804 0.7101 0.0556 0.5351 0.6785 4.1539 -0.0376 0.0376 0.52 0 0
26 388 287 0 0 0 0 0 1.0012 0 0.9738 -0.103 0.2082 0.2473 1.7843 0.7093 -0.0907 0.5137 0.7037 4.0401 0.0185 0.0185 0.4461 0 0
26 389 247 0 0 0 0 0 1.0006 0 0.9312 5e-04 0.2136 0.2829 1.1495 0.7815 0.042 0.4698 0.5973 4.0456 -0.1186 0.1186 0.4356 0 0
26 390 273 0 0 0 0 0 1.0002 0 0.9458 0.1213 0.273 0.3575 1.6966 0.7479 0.0525 0.5108 0.674 4.1547 -0.0183 0.0183 0.4619 0 0
26 391 345 0 0 0 0 0 1.0005 0 0.912 -0.0978 0.2369 0.2986 1.7635 0.8001 -0.1046 0.4796 0.5924 4.0764 -0.1559 0.1559 0.4522 0 0
26 392 265 0 0 0 0 0 1.0003 0 0.9904 0.0822 0.13 0.1621 1.6772 0.7453 -0.0107 0.4846 0.6362 4.1413 -0.0715 0.0715 0.517 0 0
26 393 343 0 0 0 0 0 1.0002 0 0.9528 0.0673 0.2936 0.3556 2.1885 0.7494 -0.0041 0.4915 0.6476 4.1423 0.0734 0.0734 0.4568 0 0
26 394 322 0 0 0 0 0 1.0003 0 0.9819 0.1198 0.2845 0.3291 2.1294 0.7956 0.1075 0.4965 0.6454 3.9636 0.0891 0.0891 0.4103 0 0
26 395 263 0 0 0 0 0 1.0002 0 0.9913 -0.0888 0.1593 0.2153 2.2159 0.761 0.0301 0.4564 0.5714 4.1893 -0.0187 0.0187 0.4631 0 0
26 396 351 0 0 0 0 0 1.0019 0 0.9436 -0.0712 0.176 0.2907 1.2336 0.7799 0.0226 0.5164 0.6554 4.0808 0.1697 0.1697 0.4313 0 0
26 397 365 0 0 0 0 0 1.0003 0 0.9557 -0.1689 0.2338 0.3347 1.4726 0.794 -0.124 0.4902 0.6269 4.022 0.1806 0.1806 0.4235 0 0
26 398 323 0 0 0 0 0 1.0003 0 0.985 -0.0222 0.1703 0.2044 2.0789 0.7078 -0.0727 0.5291 0.6538 4.2435 0.0213 0.0213 0.5478 0 0
26 399 297 0 0 0 0 0 1.0003 0 0.9661 0.0688 0.3071 0.3702 1.8108 0.7134 -0.0881 0.5477 0.7012 4.0785 -0.1409 0.1409 0.4532 0 0
26 400 352 0 0 0 0 0 1.0004 0 0.9463 -0.0291 0.3016 0.3435 1.5123 0.7599 0.0259 0.5101 0.6804 4.0432 -0.1001 0.1001 0.4591 0 0
26 401 354 0 0 0 0 0 1.0008 0 0.9293 0.1974 0.3305 0.5947 2.6706 0.7738 -0.0335 0.5216 0.6891 4.0522 -0.1606 0.1606 0.4573 0 0
26 402 303 0 0 0 0 0 1.0004 0 0.9862 0.0451 0.1335 0.1654 1.4317 0.7888 0.0727 0.464 0.6083 4.1446 0.1524 0.1524 0.4615 0 0
26 403 309 0 0 0 0 0 1.0008 0 0.9819 -0.078 0.2642 0.3912 2.2258 0.7173 -0.0115 0.5423 0.7005 4.0234 0.0069 0.0069 0.4782 0 0
26 404 231 0 0 0 0 0 1.0004 0 0.9837 -0.1003 0.2029 0.2524 2.4301 0.7757 -0.018 0.4772 0.6039 4.0545 0.106 0.106 0.4958 0 0
26 405 255 0 0 0 0 0 1.0004 0 0.9483 -0.0843 0.2877 0.3396 1.7616 0.7253 -0.1033 0.5335 0.6514 4.0546 0.0234 0.0234 0.4602 0 0
26 406 305 0 0 0 0 0 1.0013 0 0.977 0.0408 0.2541 0.3277 1.9153 0.7593 0.0286 0.5146 0.701 4.0641 0.0702 0.0702 0.4685 0 0
26 407 312 0 0 0 0 0 1.0003 0 0.9616 -0.1117 0.1752 0.2368 2.1219 0.7635 -0.0253 0.4875 0.6268 4.0481 0.0131 0.0131 0.4671 0 0
26 408 309 0 0 0 0 0 1.0006 0 0.9731 -0.1332 0.2381 0.2987 2.4166 0.7762 -0.1498 0.5006 0.6342 4.0122 0.0125 0.0125 0.4315 0 0
26 409 267 0 0 0 0 0 1.0002 0 0.9093 0.3682 0.4269 0.9281 3.0075 0.7659 0.0258 0.5275 0.6425 4.072 -0.0144 0.0144 0.4932 0 0
26 410 298 0 0 0 0 0 1.0002 0 0.9005 0.0971 0.2979 0.4541 1.899 0.7073 -0.0171 0.5252 0.6988 4.0673 -0.1774 0.1774 0.4449 0 0
26 411 302 0 0 0 0 0 1.0002 0 0.9576 -0.2442 0.3007 0.4695 2.2151 0.6978 -0.1175 0.5808 0.7518 3.9824 -0.0869 0.0869 0.4614 0 0
26 412 303 0 0 0 0 0 1.0007 0 0.9493 0.0807 0.2642 0.3637 2.3287 0.7705 0.0293 0.5201 0.6729 4.1359 0.0275 0.0275 0.5206 0 0
26 413 285 0 0 0 0 0 1.0002 0 0.9912 -0.0265 0.2384 0.3075 2.3205 0.769 -0.0528 0.4256 0.5455 4.1333 -0.02 0.02 0.548 0 0
26 414 311 0 0 0 0 0 1.0003 0 0.9282 -0.1341 0.3274 0.5419 2.6022 0.7703 0.0595 0.5198 0.6787 4.0823 -0.0162 0.0162 0.4603 0 0
26 415 318 0 0 0 0 0 1.0002 0 0.979 -0.0571 0.2122 0.31 1.8817 0.8257 -0.019 0.5052 0.6311 4.0603 -0.03 0.03 0.4608 0 0
26 416 354 0 0 0 0 0 1.0008 0 0.9818 0.1587 0.1954 0.254 1.4624 0.7962 0.0994 0.4653 0.5879 4.0745 0.1768 0.1768 0.4286 0 0
26 417 368 0 0 0 0 0 1.0012 0 0.957 0.0677 0.1967 0.2817 1.8464 0.8026 0.023 0.4717 0.5918 4.1978 -0.1079 0.1079 0.5052 0 0
26 418 301 0 0 0 0 0 1.0004 0 0.975 -0.0028 0.1447 0.177 1.9559 0.7518 -0.0192 0.4856 0.661 4.1079 -0.0062 0.0062 0.5027 0 0
26 419 264 0 0 0 0 0 1.0002 0 0.9765 -0.0788 0.2534 0.3756 2.0115 0.786 0.0209 0.5108 0.6507 4.0978 -0.0028 0.0028 0.445 0 0
26 420 260 0 0 0 0 0 1.0003 0 0.9754 0.0067 0.2388 0.2982 2.2233 0.7168 -0.0507 0.503 0.6596 4.0927 -0.0037 0.0037 0.4957 0 0
26 421 247 0 0 0 0 0 1.0006 0 0.9617 0.0445 0.1763 0.2423 1.9402 0.7956 0.0165 0.4826 0.6123 4.0634 -0.0654 0.0654 0.4838 0 0
26 422 301 0 0 0 0 0 1.0007 0 0.9833 -0.2044 0.2515 0.302 2.1073 0.7451 -0.1394 0.5311 0.6819 4.1515 -0.1145 0.1145 0.4671 0 0
26 423 310 0 0 0 0 0 1.0004 0 0.929 0.0466 0.2386 0.2876 1.2828 0.775 0.1017 0.4942 0.6378 4.0558 0.0423 0.0423 0.4561 0 0
26 424 312 0 0 0 0 0 1.0001 0 0.9503 -0.0577 0.2653 0.31 1.8439 0.7643 0.0258 0.4891 0.6447 4.039 0.0131 0.0131 0.4415 0 0
26 425 336 0 0 0 0 0 1.0003 0 0.9617 -0.2499 0.2671 0.3805 1.6312 0.7332 -0.0423 0.5254 0.69 4.1526 -0.0017 0.0017 0.473 0 0
26 426 316 0 0 0 0 0 1.0002 0 0.8631 -0.1189 0.3175 0.5875 1.8834 0.7521 -0.0183 0.5131 0.6954 4.0231 -0.1263 0.1263 0.4086 0 0
26 427 253 0 0 0 0 0 1.0002 0 0.9791 -0.0665 0.1642 0.185 1.3955 0.784 -0.0557 0.5145 0.6594 4.019 -0.0509 0.0509 0.4273 0 0
26 428 229 0 0 0 0 0 1.0003 0 0.9835 -0.0099 0.1441 0.1987 1.8739 0.8417 0.0426 0.4404 0.5767 4.1715 -0.0771 0.0771 0.4659 0 0
26 429 360 0 0 0 0 0 1.0001 0 0.9298 -0.222 0.3333 0.4682 2.6467 0.729 -0.1026 0.5402 0.7039 4.0141 0.1223 0.1223 0.4857 0 0
26 430 355 0 0 0 0 0 1.0004 0 0.9389 -0.1081 0.271 0.3107 1.3845 0.766 -0.0756 0.5096 0.6231 3.999 0.0016 0.0016 0.4299 0 0
26 431 287 0 0 0 0 0 1.0008 0 0.9817 0.0604 0.2328 0.3013 2.297 0.6907 0.0441 0.5386 0.6808 4.182 0.0441 0.0441 0.5385 0 0
26 432 324 0 0 0 0 0 1.0002 0 0.9722 0.0932 0.2062 0.2315 2.1438 0.7956 0.0659 0.4672 0.6104 4.0242 -0.0984 0.0984 0.4347 0 0
26 433 301 0 0 0 0 0 1.0002 0 0.9703 0.0299 0.1899 0.2608 1.88 0.7777 0.0429 0.491 0.6481 4.1152 0.1204 0.1204 0.4302 0 0
26 434 310 0 0 0 0 0 1.0004 0 0.9646 -0.0498 0.2491 0.3827 2.5973 0.7366 0.0012 0.505 0.6278 4.0414 -0.0758 0.0758 0.4428 0 0
26 435 294 0 0 0 0 0 1.0002 0 0.9665 0.0264 0.3804 0.6291 2.7852 0.6669 -0.0603 0.5809 0.7663 4.2301 0.0577 0.0577 0.5277 0 0
26 436 286 0 0 0 0 0 1.0003 0 0.9378 0.1494 0.2933 0.4587 2.3016 0.8005 0.0305 0.5067 0.6345 4.1042 -0.1254 0.1254 0.4497 0 0
26 437 347 0 0 0 0 0 1.0001 0 0.8525 0.0399 0.4775 0.6889 2.8997 0.7493 -0.0913 0.498 0.6837 4.019 -0.1583 0.1583 0.4697 0 0
26 438 320 0 0 0 0 0 1.0003 0 0.9449 0.1474 0.3483 0.4056 2.0081 0.7346 0.1282 0.5183 0.6804 4.1028 0.2354 0.2354 0.4578 0 0
26 439 245 0 0 0 0 0 1.0004 0 0.9829 -0.0775 0.1958 0.2179 1.4512 0.7889 -0.0595 0.4915 0.6284 4.1065 -0.1775 0.1775 0.4161 0 0
26 440 344 0 0 0 0 0 1.0005 0 0.9481 -0.0306 0.2285 0.3021 1.4852 0.7594 0.0523 0.4848 0.6459 4.0108 0.0177 0.0177 0.3959 0 0
26 441 294 0 0 0 0 0 1.0008 0 0.969 -0.0062 0.2504 0.3084 1.6702 0.8088 -0.092 0.4898 0.6167 4.0909 -0.0164 0.0164 0.4575 0 0
26 442 326 0 0 0 0 0 1.0002 0 0.9828 0.0289 0.1933 0.2355 2.0611 0.737 -0.013 0.4775 0.6388 4.2004 0.2178 0.2178 0.4641 0 0
26 443 277 0 0 0 0 0 1.0004 0 0.9569 -0.0792 0.2041 0.2518 1.1922 0.7775 0.0324 0.5031 0.6474 4.0701 0.0257 0.0257 0.4866 0 0
26 444 359 0 0 0 0 0 1.0001 0 0.9612 0.137 0.2269 0.2781 1.4397 0.7691 0.1199 0.4403 0.595 4.133 -0.0199 0.0199 0.4576 0 0
26 445 302 0 0 0 0 0 1.0011 0 0.9357 0.0378 0.3015 0.3543 1.5814 0.82 0.0653 0.4305 0.554 4.0928 0.0321 0.0321 0.4318 0 0
26 446 263 0 0 0 0 0 1.0002 0 0.9699 -0.0135 0.2369 0.2884 1.5154 0.7748 0.0383 0.477 0.6235 4.023 0.0286 0.0286 0.4446 0 0
26 447 308 0 0 0 0 0 1.0004 0 0.9761 0.1165 0.1889 0.2422 2.3327 0.7723 0.0562 0.5365 0.6832 4.0338 0.1895 0.1895 0.4211 0 0
26 448 345 0 0 0 0 0 1.0006 0 0.9827 -0.0123 0.2355 0.2911 2.0647 0.7695 -0.0576 0.4498 0.5868 4.0969 0.1753 0.1753 0.5042 0 0
26 449 318 0 0 0 0 0 1.0003 0 0.9426 -0.2332 0.275 0.3845 1.6747 0.8107 -0.1863 0.4935 0.6628 4.0303 0.0804 0.0804 0.4446 0 0
26 450 356 0 0 0 0 0 1.0001 0 0.9767 0.0345 0.2141 0.3144 1.9019 0.7498 -0.0274 0.517 0.6658 4.086 0.1333 0.1333 0.4336 0 0
26 451 302 0 0 0 0 0 1.0003 0 0.9819 0.0164 0.129 0.1955 2.0082 0.7884 0.0292 0.425 0.5913 4.052 0.0388 0.0388 0.4881 0 0
26 452 344 0 0 0 0 0 1.0005 0 0.9743 0.0888 0.1805 0.2643 1.6626 0.7117 -0.0028 0.5335 0.6966 4.1009 -0.0336 0.0336 0.4618 0 0
26 453 308 0 0 0 0 0 1.0003 0 0.9898 0.0621 0.1962 0.2395 2.4947 0.705 -0.0204 0.5194 0.6394 4.0953 0.116 0.116 0.4998 0 0
26 454 318 0 0 0 0 0 1.0004 0 0.966 -0.1202 0.2034 0.2439 1.4772 0.7843 -0.0401 0.4806 0.6026 4.0541 -0.0756 0.0756 0.4479 0 0
26 455 274 0 0 0 0 0 1.0007 0 0.9577 -0.1202 0.2841 0.348 1.764 0.7637 -0.0687 0.4743 0.608 4.0678 -0.0699 0.0699 0.4456 0 0
26 456 309 0 0 0 0 0 1.0002 0 0.9435 -0.0817 0.2394 0.369 1.9807 0.7335 -0.0708 0.5015 0.6532 4.0397 -0.1743 0.1743 0.4704 0 0
26 457 247 0 0 0 0 0 1.0009 0 0.9716 0.0972 0.2475 0.2975 1.6956 0.7371 0.0974 0.4606 0.5846 4.0466 0.0048 0.0048 0.4647 0 0
26 458 303 0 0 0 0 0 1.0006 0 0.9551 0.1097 0.2777 0.3275 1.7213 0.7702 -6e-04 0.5142 0.6881 4.0885 -0.1823 0.1823 0.4159 0 0
26 459 339 0 0 0 0 0 1.0002 0 0.9289 -0.18 0.2375 0.3679 2.0942 0.7595 -0.101 0.5138 0.6536 4.026 -0.1205 0.1205 0.475 0 0
26 460 257 0 0 0 0 0 1.0003 0 0.978 -0.0053 0.2635 0.3733 2.764 0.7364 0.0691 0.5475 0.7069 4.1499 -0.0511 0.0511 0.4868 0 0
26 461 278 0 0 0 0 0 1.0002 0 0.9757 0.0175 0.2142 0.254 1.554 0.7962 0.0363 0.4717 0.6013 4.0103 0.1102 0.1102 0.4576 0 0
26 462 288 0 0 0 0 0 1.0007 0 0.9361 -0.0978 0.4474 0.5837 2.7222 0.6954 -0.0288 0.4877 0.6571 4.091 0.2108 0.2108 0.4944 0 0
26 463 271 0 0 0 0 0 1.0005 0 0.9475 0.0928 0.2034 0.253 1.3911 0.7956 0.0976 0.4348 0.5791 4.1107 0.1418 0.1418 0.4403 0 0
26 464 316 0 0 0 0 0 1.0016 0 0.9616 -0.0402 0.1898 0.2404 1.5349 0.7804 -0.0552 0.4574 0.5814 4.1129 -0.0457 0.0457 0.5176 0 0
26 465 295 0 0 0 0 0 1.0014 0 0.9629 0.0973 0.2337 0.3176 1.8975 0.7297 -0.0032 0.4581 0.6238 4.0766 0.2459 0.2459 0.4593 0 0
26 466 275 0 0 0 0 0 1.0002 0 0.9728 -0.1132 0.2382 0.3014 1.8381 0.8244 0.0236 0.4968 0.6324 4.0893 -0.02 0.02 0.446 0 0
26 467 226 0 0 0 0 0 1.0007 0 0.9605 0.0417 0.3186 0.3482 1.4175 0.8306 0.0817 0.4682 0.587 4.0358 0.0173 0.0173 0.4722 0 0
26 468 333 0 0 0 0 0 1.0001 0 0.9757 -0.1305 0.1775 0.2498 1.3005 0.7212 -0.0202 0.515 0.6743 4.0582 -0.152 0.152 0.4363 0 0
26 469 361 0 0 0 0 0 1.0006 0 0.9689 -0.1497 0.1855 0.263 1.1463 0.8249 -0.1159 0.4562 0.5763 3.9872 -0.1091 0.1091 0.4413 0 0
26 470 329 0 0 0 0 0 1.0002 0 0.9463 0.2431 0.3538 0.4474 2.5892 0.7479 0.0242 0.4697 0.6087 4.0351 0.1688 0.1688 0.4849 0 0
26 471 268 0 0 0 0 0 1.0003 0 0.9765 0.2144 0.2938 0.3361 1.8382 0.7359 0.0577 0.5513 0.6966 4.2089 0.004 0.004 0.4928 0 0
26 472 264 0 0 0 0 0 1.001 0 0.957 0.1771 0.2584 0.3101 1.6842 0.6927 0.0739 0.5649 0.7404 4.1519 -0.1023 0.1023 0.5005 0 0
26 473 323 0 0 0 0 0 1.0002 0 0.963 -0.0794 0.2504 0.2942 1.6577 0.7778 -0.0764 0.4899 0.6099 4.0907 0.1961 0.1961 0.4327 0 0
26 474 354 0 0 0 0 0 1.0001 0 0.9711 -0.1185 0.2011 0.2523 2.2246 0.7783 -0.1137 0.5248 0.6652 4.0587 -0.0131 0.0131 0.5025 0 0
26 475 343 0 0 0 0 0 1.0003 0 0.9238 0.0219 0.3472 0.5767 2.3768 0.7534 -0.0211 0.5254 0.6649 4.0945 0.1533 0.1533 0.4471 0 0
26 476 325 0 0 0 0 0 1.0001 0 0.9727 0.0377 0.1863 0.2474 1.4446 0.7161 0.1142 0.5217 0.6765 4.0017 -0.0728 0.0728 0.4213 0 0
26 477 286 0 0 0 0 0 1.0008 0 0.9811 0.0071 0.2239 0.2665 2.5473 0.778 -0.0047 0.4523 0.6141 4.0174 0.0546 0.0546 0.4652 0 0
26 478 307 0 0 0 0 0 1.0002 0 0.9808 0.1691 0.2101 0.2576 1.8501 0.791 0.0559 0.4991 0.6275 4.0125 0.08 0.08 0.4347 0 0
26 479 354 0 0 0 0 0 1.0001 0 0.9633 0.0713 0.1909 0.234 1.7835 0.7544 0.0232 0.5241 0.6521 4.0405 0.1167 0.1167 0.4676 0 0
26 480 270 0 0 0 0 0 1.0003 0 0.9443 0.1385 0.2249 0.3599 1.5624 0.7942 0.0155 0.4559 0.6094 4.0402 -0.0167 0.0167 0.4332 0 0
26 481 315 0 0 0 0 0 1.0013 0 0.9411 0.0288 0.3528 0.5637 2.1392 0.7095 -0.0148 0.5544 0.7226 4.2308 -0.0292 0.0292 0.5288 0 0
26 482 298 0 0 0 0 0 1.0008 0 0.975 -0.1579 0.2435 0.296 1.4811 0.7702 -0.0685 0.4699 0.604 4.1405 0.0157 0.0157 0.4755 0 0
26 483 242 0 0 0 0 0 1.0002 0 0.9235 0.1397 0.2544 0.3554 1.5257 0.7476 0.0881 0.5225 0.656 4.0738 0.0298 0.0298 0.4547 0 0
26 484 296 0 0 0 0 0 1.0009 0 0.8974 0.4179 0.4773 0.677 2.5144 0.768 0.104 0.518 0.6438 4.1031 0.0781 0.0781 0.5323 0 0
26 485 306 0 0 0 0 0 1.0002 0 0.9548 0.1923 0.2896 0.326 1.5288 0.7759 0.0913 0.512 0.6744 4.1331 0.1293 0.1293 0.4316 0 0
26 486 269 0 0 0 0 0 1.0005 0 0.9461 0.0324 0.2005 0.2604 1.7661 0.7597 0.0582 0.4935 0.6445 4.0931 -0.0727 0.0727 0.4681 0 0
26 487 327 0 0 0 0 0 1.0002 0 0.9371 -0.1165 0.2766 0.3317 1.5255 0.763 -0.0529 0.5038 0.6607 4.0566 0.087 0.087 0.4603 0 0
26 488 312 0 0 0 0 0 1.0003 0 0.9555 -0.0491 0.1826 0.2606 1.378 0.7763 -0.0556 0.5162 0.6635 3.9982 -0.1236 0.1236 0.4265 0 0
26 489 304 0 0 0 0 0 1.0003 0 0.9575 -0.0253 0.2272 0.3308 1.6154 0.7239 0.0226 0.5019 0.6809 4.0242 -0.0913 0.0913 0.4522 0 0
26 490 331 0 0 0 0 0 1.0007 0 0.9526 -0.0562 0.2649 0.342 1.9061 0.7365 -0.0195 0.5364 0.6888 4.1818 -0.0071 0.0071 0.481 0 0
26 491 352 0 0 0 0 0 1.0006 0 0.9849 0.0288 0.1603 0.1906 1.9022 0.7459 0.0248 0.5126 0.6383 4.0974 0.0347 0.0347 0.4437 0 0
26 492 343 0 0 0 0 0 1.0001 0 0.9519 -0.0839 0.2887 0.4752 2.202 0.6594 0.0597 0.5768 0.7482 4.0464 0.1763 0.1763 0.4852 0 0
26 493 323 0 0 0 0 0 1.0009 0 0.9652 -0.1157 0.3089 0.351 1.9283 0.6667 -0.1641 0.5724 0.7471 4.1203 -0.1393 0.1393 0.4748 0 0
26 494 311 0 0 0 0 0 1.0015 0 0.9638 -0.0785 0.2437 0.3741 2.4917 0.7577 0.0376 0.5146 0.6576 4.213 -0.1368 0.1368 0.5604 0 0
26 495 280 0 0 0 0 0 1.0003 0 0.9719 -0.1122 0.2097 0.2452 1.4653 0.7754 -0.0818 0.4655 0.6434 4.0447 -0.0208 0.0208 0.4422 0 0
26 496 358 0 0 0 0 0 1.0002 0 0.9582 -0.132 0.2764 0.3302 1.2874 0.8065 -0.0234 0.4826 0.633 4.4128 0.1451 0.1451 0.543 0 0
26 497 261 0 0 0 0 0 1.0003 0 0.96 0.0989 0.2531 0.2747 1.0571 0.8213 0.0882 0.4832 0.6237 3.9865 0.0031 0.0031 0.431 0 0
26 498 253 0 0 0 0 0 1.0006 0 0.9752 0.0332 0.3194 0.4583 2.4029 0.696 0.0382 0.5839 0.7081 4.0764 -0.0456 0.0456 0.4973 0 0
26 499 277 0 0 0 0 0 1.0009 0 0.9346 0.0107 0.217 0.3003 1.9284 0.7921 0.0268 0.4833 0.6142 3.9963 0.0019 0.0019 0.4376 0 0
26 500 369 0 0 0 0 0 1.0002 0 0.9897 -0.0043 0.1576 0.2103 1.7584 0.7617 0.0055 0.5199 0.6581 4.0181 0.0917 0.0917 0.4528 0 0
