cond r run.time ndiv nbfmi ntree nbulk ntail maxRhat nRhat beta.cor beta.bias beta.abbias beta.rmse beta.cover beta.CI theta.cor theta.bias theta.abbias theta.rmse theta.cover theta.CI attra.cor attra.bias attra.abbias attra.rmse attra.cover attra.CI lambda.bias lambda.abbias lambda.rbias lambda.rbias2 lambda.cover lambda.CI pvar.bias pvar.abbias pvar.rbias pvar.rbias2 pvar.cover pvar.CI sigma2.bias sigma2.abbias sigma2.rbias sigma2.rbias2 sigma2.cover sigma2.CI corrupt efficiency
8 1 7689 0 0 0 487 0 1.0105 0 0.9819 0.3137 0.318 0.3491 0.9167 1.0133 0.9352 0.2755 0.4287 0.537 0.918 1.8929 0.9834 0.4046 0.4046 0.4284 0.62 0.9767 -0.0112 0.0112 NA NA 1 0.2156 0.0179 0.0179 0.0179 1.0179 1 0.429 0.0146 0.0146 0.0146 1.0146 1 0.4287 0 1
8 2 7925 0 0 0 153 0 1.0066 0 0.9833 -0.1793 0.2152 0.2595 0.9583 1.012 0.927 -0.1949 0.399 0.5031 0.934 1.8493 0.9876 -0.2912 0.2912 0.3125 1 0.9771 0.066 0.066 NA NA 1 0.2266 -0.093 0.093 -0.093 0.907 1 0.3747 -0.0999 0.0999 -0.0999 0.9001 1 0.3721 0 1
8 3 9214 0 0 0 69 0 1.0142 0 0.9914 -0.4056 0.4056 0.4272 0.6667 1.0063 0.937 -0.3608 0.4643 0.5621 0.91 1.8854 0.9847 -0.399 0.399 0.4202 0.716 0.9541 0.0118 0.0118 NA NA 1 0.2115 0.0203 0.0203 0.0203 1.0203 1 0.415 0.0172 0.0172 0.0172 1.0172 1 0.414 0 1
8 4 7429 0 0 0 0 0 1.0092 0 0.9889 0.3665 0.3665 0.4024 0.75 1.0107 0.9324 0.3874 0.4814 0.5927 0.89 1.897 0.9939 0.3431 0.3431 0.352 0.948 0.9553 0.0731 0.0731 NA NA 1 0.2171 0.0247 0.0247 0.0247 1.0247 1 0.4323 0.016 0.016 0.016 1.016 1 0.4275 0 0
8 5 8368 0 0 0 0 0 1.0093 0 0.9718 0.0982 0.2039 0.2607 0.9583 1.004 0.9307 0.0911 0.3588 0.4647 0.96 1.8163 0.9917 0.1054 0.1267 0.1485 1 0.9291 -0.0563 0.0563 NA NA 1 0.2218 -0.1296 0.1296 -0.1296 0.8704 1 0.3654 -0.1352 0.1352 -0.1352 0.8648 1 0.3653 0 0
8 6 9623 0 0 0 0 0 1.0023 0 0.9784 -0.445 0.445 0.5103 0.5833 1.0071 0.9315 -0.3737 0.4721 0.5882 0.882 1.8326 0.9854 -0.4227 0.4227 0.4424 0.676 0.9213 -0.0341 0.0341 NA NA 1 0.2264 -0.1434 0.1434 -0.1434 0.8566 1 0.3536 -0.1473 0.1473 -0.1473 0.8527 1 0.35 0 0
8 7 10799 0 0 0 0 0 1.0054 0 0.9917 -0.3935 0.3935 0.4092 0.7917 0.9825 0.9369 -0.341 0.4491 0.5508 0.892 1.8408 0.9951 -0.3441 0.3441 0.3636 0.832 0.9249 -0.0822 0.0822 NA NA 1 0.2227 -0.0341 0.0341 -0.0341 0.9659 1 0.3983 -0.0439 0.0439 -0.0439 0.9561 1 0.3939 0 0
8 8 9004 0 0 0 0 0 1.0085 0 0.982 -0.5085 0.5085 0.5469 0.4583 1.0336 0.9361 -0.4799 0.5425 0.6533 0.828 1.8886 0.9915 -0.53 0.53 0.5387 0.314 0.9561 -0.0422 0.0422 NA NA 1 0.2297 -0.0532 0.0532 -0.0532 0.9468 1 0.3899 -0.058 0.058 -0.058 0.942 1 0.3877 0 0
8 9 10122 0 0 0 0 0 1.006 0 0.9843 -0.1587 0.225 0.2728 0.9583 1.0626 0.9394 -0.1667 0.3701 0.4685 0.95 1.9324 0.9772 -0.1875 0.2067 0.2404 1 0.9889 0.0195 0.0195 NA NA 1 0.2107 0.1491 0.1491 0.1491 1.1491 1 0.4671 0.1453 0.1453 0.1453 1.1453 1 0.4648 0 0
8 10 7877 0 0 0 0 0 1.006 0 0.9933 -0.0137 0.1121 0.138 1 1.0208 0.9295 -0.0262 0.3626 0.4616 0.954 1.859 0.9944 0.0306 0.0727 0.0825 1 0.9702 0.0317 0.0317 NA NA 1 0.2207 -0.0815 0.0815 -0.0815 0.9185 1 0.379 -0.0854 0.0854 -0.0854 0.9146 1 0.3765 0 0
8 11 8885 0 0 0 0 0 1.0059 0 0.9807 -0.6799 0.6799 0.7126 0.2083 1.0167 0.9177 -0.6067 0.6539 0.762 0.73 1.8352 0.9965 -0.6069 0.6069 0.614 0.084 0.9257 -0.0094 0.0094 NA NA 1 0.2312 -0.2134 0.2134 -0.2134 0.7866 0 0.3361 -0.2162 0.2162 -0.2162 0.7838 0 0.3334 0 0
8 12 6359 0 0 0 0 0 1.012 0 0.99 -0.1765 0.2532 0.3082 1 1.1478 0.9292 -0.178 0.3838 0.4869 0.938 1.9192 0.9888 -0.1339 0.1586 0.183 1 0.9833 -0.0239 0.0239 NA NA 1 0.2314 -0.0945 0.0945 -0.0945 0.9055 1 0.3851 -0.0983 0.0983 -0.0983 0.9017 1 0.3829 0 0
8 13 9202 0 0 0 0 0 1.0122 0 0.9891 -0.2535 0.2846 0.3155 0.9167 1.0381 0.933 -0.2791 0.4233 0.5333 0.946 1.9042 0.9752 -0.1967 0.2101 0.2581 0.96 0.9657 0.0495 0.0495 NA NA 1 0.2145 0.0058 0.0058 0.0058 1.0058 1 0.4213 3e-04 3e-04 3e-04 1.0003 1 0.4201 0 0
8 14 10918 0 0 0 0 0 1.0064 0 0.987 -0.3983 0.3983 0.4297 0.7083 1.0228 0.9335 -0.3765 0.4816 0.5789 0.902 1.874 0.9976 -0.3999 0.3999 0.4029 1 0.985 0.0454 0.0454 NA NA 1 0.2265 -0.0655 0.0655 -0.0655 0.9345 1 0.3844 -0.0705 0.0705 -0.0705 0.9295 1 0.3775 0 0
8 15 7824 0 0 0 320 0 1.0085 0 0.9908 0.2824 0.2824 0.3254 0.9167 1.027 0.9292 0.1984 0.3968 0.5014 0.924 1.8699 0.9669 0.255 0.2935 0.3155 0.916 0.9722 -0.0267 0.0267 NA NA 1 0.226 -0.0707 0.0707 -0.0707 0.9293 1 0.3801 -0.0744 0.0744 -0.0744 0.9256 1 0.3808 0 1
8 16 7900 0 0 0 0 0 1.0028 0 0.9846 -0.148 0.1946 0.2639 0.9583 1.062 0.9406 -0.1939 0.3719 0.4651 0.958 1.92 0.9893 -0.2426 0.2426 0.265 0.986 0.9507 -0.1251 0.1251 NA NA 0 0.218 0.1085 0.1085 0.1085 1.1085 1 0.4621 0.0876 0.0876 0.0876 1.0876 1 0.4528 0 0
8 17 9023 0 0 0 0 0 1.0055 0 0.9937 -0.2921 0.2995 0.3352 0.9167 1.0181 0.9261 -0.2728 0.4371 0.543 0.908 1.8394 0.9911 -0.3463 0.347 0.364 0.826 0.9266 -0.0068 0.0068 NA NA 1 0.2257 -0.1468 0.1468 -0.1468 0.8532 1 0.3565 -0.1497 0.1497 -0.1497 0.8503 1 0.3548 0 0
8 18 9892 0 0 0 0 0 1.0056 0 0.9916 -0.0753 0.113 0.1374 1 0.9797 0.9413 -0.0937 0.3507 0.4453 0.956 1.9181 0.9955 -0.0513 0.0851 0.1039 1 0.97 -0.0195 0.0195 NA NA 1 0.2138 0.1607 0.1607 0.1607 1.1607 1 0.4804 0.1568 0.1568 0.1568 1.1568 1 0.4756 0 0
8 19 7022 0 0 0 0 0 1.0037 0 0.9892 0.2573 0.267 0.3126 0.9167 1.0224 0.938 0.2574 0.4145 0.5126 0.936 1.8239 0.9842 0.1761 0.1883 0.2164 1 0.9345 -0.0772 0.0772 NA NA 1 0.2309 -0.2207 0.2207 -0.2207 0.7793 0 0.3252 -0.2281 0.2281 -0.2281 0.7719 0 0.3229 0 0
8 20 7593 0 0 0 0 0 1.0114 0 0.9736 -0.3665 0.3665 0.4191 0.8333 0.9805 0.9326 -0.3892 0.4705 0.5688 0.894 1.8166 0.9737 -0.423 0.423 0.4658 0.564 0.9304 0.0118 0.0118 NA NA 1 0.2212 -0.1118 0.1118 -0.1118 0.8882 1 0.3638 -0.1148 0.1148 -0.1148 0.8852 1 0.3607 0 0
8 21 7503 0 0 0 0 0 1.0034 0 0.9764 0.4694 0.4694 0.4969 0.5417 1.0099 0.9274 0.4252 0.5125 0.6241 0.844 1.8724 0.9872 0.4452 0.4452 0.4634 0.594 0.9598 0.0421 0.0421 NA NA 1 0.2253 -0.0511 0.0511 -0.0511 0.9489 1 0.4025 -0.0558 0.0558 -0.0558 0.9442 1 0.4004 0 0
8 22 11111 0 0 0 0 0 1.0081 0 0.9921 -0.1121 0.1354 0.1574 1 1.0236 0.9382 -0.0988 0.3424 0.4375 0.968 1.8418 0.9922 -0.0783 0.107 0.1327 1 0.9584 -0.0417 0.0417 NA NA 1 0.2187 -0.0556 0.0556 -0.0556 0.9444 1 0.3836 -0.0602 0.0602 -0.0602 0.9398 1 0.382 0 0
8 23 7329 0 0 0 0 0 1.0074 0 0.9864 0.4068 0.4068 0.4335 0.6667 1.0076 0.93 0.3783 0.4734 0.5793 0.9 1.8899 0.9883 0.3634 0.3653 0.3795 0.826 0.9913 0.0499 0.0499 NA NA 1 0.2239 -0.0232 0.0232 -0.0232 0.9768 1 0.3997 -0.0288 0.0288 -0.0288 0.9712 1 0.3964 0 0
8 24 7503 0 0 0 0 0 1.0076 0 0.9829 -0.2344 0.2584 0.321 0.9167 1.0105 0.9309 -0.1957 0.3808 0.4863 0.956 1.8816 0.9845 -0.2113 0.2132 0.2483 0.954 0.92 -0.0387 0.0387 NA NA 1 0.2225 0.0359 0.0359 0.0359 1.0359 1 0.4255 0.0311 0.0311 0.0311 1.0311 1 0.423 0 0
8 25 7393 0 0 0 0 0 1.0122 0 0.9925 -0.0144 0.0958 0.1154 1 1.0056 0.938 -0.012 0.3552 0.4522 0.964 1.8435 0.988 -0.0841 0.1177 0.1451 1 0.9447 -0.053 0.053 NA NA 1 0.2205 -0.0463 0.0463 -0.0463 0.9537 1 0.3921 -0.052 0.052 -0.052 0.948 1 0.3905 0 0
8 26 11200 0 0 0 0 0 1.01 0 0.9908 0.5271 0.5388 0.5674 0.4167 1.0649 0.9236 0.4951 0.5834 0.7006 0.802 1.8769 0.986 0.422 0.422 0.4479 0.694 1.0071 0.1596 0.1596 NA NA 0 0.23 -0.1114 0.1114 -0.1114 0.8886 1 0.3846 -0.1373 0.1373 -0.1373 0.8627 1 0.366 0 0
8 27 9267 0 0 0 0 0 1.0082 0 0.9833 -0.5346 0.5346 0.5632 0.4167 1.0099 0.9272 -0.5313 0.5988 0.7088 0.798 1.8588 0.9917 -0.4436 0.4436 0.4535 0.744 0.9565 0.0132 0.0132 NA NA 1 0.2249 -0.1385 0.1385 -0.1385 0.8615 1 0.3523 -0.1415 0.1415 -0.1415 0.8585 1 0.3497 0 0
8 28 8146 0 0 0 12 0 1.0206 0 0.9921 0.1869 0.19 0.2383 1 1.008 0.9366 0.1743 0.3747 0.4588 0.96 1.8198 0.9922 0.1599 0.185 0.198 1 0.938 0.019 0.019 NA NA 1 0.229 -0.1402 0.1402 -0.1402 0.8598 1 0.3604 -0.1435 0.1435 -0.1435 0.8565 1 0.358 0 1
8 29 10085 0 0 0 0 0 1.0094 0 0.9905 -0.1016 0.1582 0.1821 1 1.0213 0.934 -0.0645 0.3464 0.4321 0.97 1.8365 0.9828 -0.0281 0.1096 0.1371 1 0.9839 0.0898 0.0898 NA NA 1 0.2203 -0.1195 0.1195 -0.1195 0.8805 1 0.3521 -0.1296 0.1296 -0.1296 0.8704 1 0.3444 0 0
8 30 11252 0 0 0 0 0 1.0034 0 0.987 -0.3083 0.3083 0.3864 0.8333 1.0538 0.9217 -0.2565 0.4573 0.5599 0.918 1.8643 0.9876 -0.3446 0.3446 0.3638 0.828 0.9439 -0.0126 0.0126 NA NA 1 0.2238 -0.069 0.069 -0.069 0.931 1 0.3813 -0.0722 0.0722 -0.0722 0.9278 1 0.3789 0 0
8 31 6995 0 0 0 0 0 1.0129 0 0.9823 0.1089 0.176 0.235 0.9583 1.0196 0.9404 0.1098 0.3372 0.4267 0.972 1.8613 0.9787 0.0852 0.1838 0.2133 1 0.9365 -0.0828 0.0828 NA NA 1 0.2241 0.0123 0.0123 0.0123 1.0123 1 0.3983 0.002 0.002 0.002 1.002 1 0.3946 0 0
8 32 7391 0 0 0 0 0 1.0057 0 0.9879 0.1143 0.2199 0.2727 1 1.1038 0.9317 0.0856 0.3597 0.4489 0.964 1.9379 0.9727 0.141 0.1769 0.2163 1 0.9577 -0.0438 0.0438 NA NA 1 0.2249 -0.03 0.03 -0.03 0.97 1 0.4186 -0.0351 0.0351 -0.0351 0.9649 1 0.4184 0 0
8 33 8979 0 0 0 0 0 1.0041 0 0.9913 -0.2089 0.2588 0.302 0.9583 1.0745 0.9267 -0.2119 0.4073 0.5085 0.942 1.8666 0.9847 -0.1709 0.1716 0.2114 1 0.9141 -0.0336 0.0336 NA NA 1 0.2262 -0.2115 0.2115 -0.2115 0.7885 0 0.3452 -0.215 0.215 -0.215 0.785 0 0.3431 0 0
8 34 9345 0 0 0 0 0 1.0133 0 0.9891 -0.1656 0.1973 0.2241 1 0.9769 0.9379 -0.2356 0.3814 0.4805 0.938 1.8199 0.9884 -0.1975 0.1975 0.2256 1 0.9156 -0.0015 0.0015 NA NA 1 0.2201 -0.1326 0.1326 -0.1326 0.8674 1 0.3554 -0.1354 0.1354 -0.1354 0.8646 1 0.3552 0 0
8 35 7531 0 0 0 350 0 1.019 0 0.9652 0.3608 0.372 0.4711 0.875 1.0582 0.9334 0.352 0.46 0.5624 0.9 1.8484 0.9916 0.3467 0.3467 0.3594 0.82 0.9514 -0.0313 0.0313 NA NA 1 0.2296 -0.1799 0.1799 -0.1799 0.8201 1 0.3443 -0.1835 0.1835 -0.1835 0.8165 1 0.3431 0 1
8 36 7712 0 0 0 0 0 1.01 0 0.9833 0.2501 0.2644 0.3279 0.9583 1.0392 0.9329 0.2532 0.3987 0.4991 0.946 1.8631 0.9829 0.2903 0.2929 0.322 0.858 0.9252 -0.0698 0.0698 NA NA 1 0.2221 -0.0217 0.0217 -0.0217 0.9783 1 0.4148 -0.0297 0.0297 -0.0297 0.9703 1 0.4106 0 0
8 37 7593 0 0 0 0 0 1.0111 0 0.9872 0.5717 0.5717 0.5922 0.375 1.0205 0.9303 0.5869 0.6376 0.748 0.782 1.9488 0.9865 0.6426 0.6426 0.6593 0.222 0.9835 0.0788 0.0788 NA NA 1 0.2345 -0.0072 0.0072 -0.0072 0.9928 1 0.4123 -0.0169 0.0169 -0.0169 0.9831 1 0.4055 0 0
8 38 9165 0 0 0 0 0 1.0104 0 0.9915 0.0854 0.162 0.2096 1 1.0728 0.9286 0.0925 0.3871 0.4765 0.968 1.9691 0.9854 0.0263 0.1082 0.1236 1 1.013 0.1023 0.1023 NA NA 1 0.2237 0.0928 0.0928 0.0928 1.0928 1 0.4362 0.0777 0.0777 0.0777 1.0777 1 0.4247 0 0
8 39 7519 0 0 0 0 0 1.0081 0 0.9889 -0.0976 0.1485 0.2117 0.9583 1.0241 0.9287 -0.076 0.3655 0.4592 0.958 1.8531 0.9794 -0.0717 0.1628 0.1904 1 0.9245 -0.0423 0.0423 NA NA 1 0.2309 -0.0255 0.0255 -0.0255 0.9745 1 0.396 -0.0307 0.0307 -0.0307 0.9693 1 0.3926 0 0
8 40 11102 0 0 0 0 0 1.0092 0 0.9875 -0.2017 0.2663 0.3101 0.9583 1.0191 0.9401 -0.203 0.3836 0.4751 0.954 1.8174 0.9896 -0.2065 0.2065 0.235 1 0.9196 -0.0084 0.0084 NA NA 1 0.2215 -0.1472 0.1472 -0.1472 0.8528 1 0.3509 -0.15 0.15 -0.15 0.85 1 0.3503 0 0
8 41 7362 0 0 0 0 0 1.0084 0 0.9891 0.072 0.2181 0.3448 0.9583 1.1953 0.9262 -0.0053 0.372 0.4681 0.968 1.9308 0.9804 0.0311 0.132 0.1548 1 0.9588 -0.0393 0.0393 NA NA 1 0.2361 -0.1465 0.1465 -0.1465 0.8535 1 0.3705 -0.151 0.151 -0.151 0.849 1 0.3674 0 0
8 42 8381 0 0 0 0 0 1.0088 0 0.9874 0.364 0.364 0.4003 0.875 1.0126 0.9252 0.3651 0.4654 0.5681 0.888 1.8423 0.9866 0.4097 0.4099 0.436 0.634 0.964 0.0622 0.0622 NA NA 1 0.2171 -0.106 0.106 -0.106 0.894 1 0.3744 -0.1123 0.1123 -0.1123 0.8877 1 0.3715 0 0
8 43 9380 0 0 0 0 0 1.0092 0 0.9909 0.1038 0.1683 0.2268 1 1.0416 0.9394 0.0742 0.3589 0.453 0.954 1.869 0.9899 0.1245 0.1369 0.1683 1 0.9408 -0.0648 0.0648 NA NA 1 0.2182 -0.0944 0.0944 -0.0944 0.9056 1 0.3793 -0.101 0.101 -0.101 0.899 1 0.3796 0 0
8 44 7923 0 0 0 0 0 1.0109 0 0.9947 -0.3439 0.3439 0.3742 0.9167 1.0809 0.9288 -0.3377 0.4453 0.5514 0.926 1.9136 0.9927 -0.2575 0.2575 0.2716 1 0.9281 -0.0418 0.0418 NA NA 1 0.2359 -0.0841 0.0841 -0.0841 0.9159 1 0.3914 -0.089 0.089 -0.089 0.911 1 0.3914 0 0
8 45 7520 0 0 0 0 0 1.0044 0 0.9957 -0.2989 0.3128 0.3519 0.9167 1.1275 0.9173 -0.2964 0.4556 0.5647 0.898 1.8844 0.9735 -0.3455 0.3683 0.4017 0.666 0.9589 0.087 0.087 NA NA 1 0.2281 -0.2035 0.2035 -0.2035 0.7965 0 0.3498 -0.2123 0.2123 -0.2123 0.7877 0 0.339 0 0
8 46 8020 0 0 0 0 0 1.0047 0 0.9856 -0.0647 0.1361 0.1645 1 1.0169 0.9386 -0.0838 0.3456 0.4395 0.976 1.8825 0.9863 -0.0972 0.1122 0.1529 1 0.9846 0.0132 0.0132 NA NA 1 0.2241 0.0286 0.0286 0.0286 1.0286 1 0.4228 0.025 0.025 0.025 1.025 1 0.4221 0 0
8 47 7594 0 0 0 0 0 1.0058 0 0.986 -0.02 0.1323 0.1649 1 0.9963 0.9349 -0.0375 0.3455 0.4435 0.948 1.8448 0.9956 -0.0303 0.055 0.0727 1 0.9587 0.0303 0.0303 NA NA 1 0.2186 -0.0557 0.0557 -0.0557 0.9443 1 0.3921 -0.0595 0.0595 -0.0595 0.9405 1 0.3901 0 0
8 48 9532 0 0 0 0 0 1.0114 0 0.9878 -0.3207 0.3288 0.3608 0.9167 0.9795 0.9346 -0.3235 0.4351 0.5543 0.886 1.8433 0.9866 -0.249 0.2513 0.2748 0.952 0.9218 -0.0323 0.0323 NA NA 1 0.2221 -0.0638 0.0638 -0.0638 0.9362 1 0.3808 -0.068 0.068 -0.068 0.932 1 0.3795 0 0
8 49 7489 0 0 0 0 0 1.0126 0 0.976 -0.3929 0.3929 0.5001 0.7083 1.1075 0.9343 -0.3359 0.4392 0.5576 0.912 1.8766 0.982 -0.4354 0.4421 0.4611 0.59 0.9704 0.0674 0.0674 NA NA 1 0.2386 -0.0682 0.0682 -0.0682 0.9318 1 0.3982 -0.0759 0.0759 -0.0759 0.9241 1 0.3982 0 0
8 50 7579 0 0 0 0 0 1.0113 0 0.985 -0.5981 0.5981 0.6381 0.2083 1.067 0.9258 -0.5945 0.6422 0.7478 0.77 1.9052 0.9764 -0.6575 0.6575 0.6766 0.134 0.9582 0.0123 0.0123 NA NA 1 0.2268 -0.088 0.088 -0.088 0.912 1 0.3909 -0.0911 0.0911 -0.0911 0.9089 1 0.3918 0 0
8 51 8944 0 0 0 0 0 1.0067 0 0.9923 -0.3921 0.3979 0.4494 0.75 1.0651 0.9353 -0.363 0.4917 0.5934 0.914 1.9117 0.9927 -0.3549 0.3549 0.3653 0.894 0.9394 -0.0675 0.0675 NA NA 1 0.2329 -0.0142 0.0142 -0.0142 0.9858 1 0.3963 -0.022 0.022 -0.022 0.978 1 0.397 0 0
8 52 9439 0 0 0 0 0 1.0042 0 0.9901 0.0741 0.1561 0.2057 1 1.0352 0.9356 0.035 0.3407 0.4314 0.978 1.8966 0.9975 0.1 0.1009 0.1167 1 0.9546 -0.0349 0.0349 NA NA 1 0.2236 0.0379 0.0379 0.0379 1.0379 1 0.4227 0.0332 0.0332 0.0332 1.0332 1 0.4214 0 0
8 53 9151 0 0 0 0 0 1.0041 0 0.9604 1.0251 1.0251 1.122 0.0833 1.2073 0.9244 0.9075 0.9214 1.017 0.526 1.9395 0.9993 0.9177 0.9177 0.925 0.002 0.9498 0.1047 0.1047 NA NA 1 0.2372 -0.1633 0.1633 -0.1633 0.8367 1 0.3725 -0.1756 0.1756 -0.1756 0.8244 1 0.364 0 0
8 54 9144 0 0 0 0 0 1.0026 0 0.9832 0.2539 0.2996 0.3561 0.9167 1.0343 0.9399 0.2248 0.399 0.4927 0.942 1.8716 0.9926 0.1704 0.1704 0.1907 1 0.9433 -0.0251 0.0251 NA NA 1 0.2228 -0.0799 0.0799 -0.0799 0.9201 1 0.3874 -0.0834 0.0834 -0.0834 0.9166 1 0.3869 0 0
8 55 9119 0 0 0 0 0 1.0071 0 0.9863 -0.0691 0.1345 0.1873 0.9583 1.005 0.9348 -0.1021 0.3559 0.4519 0.958 1.8505 0.986 -0.1141 0.1328 0.1747 1 0.9146 -0.0714 0.0714 NA NA 1 0.2228 -0.0032 0.0032 -0.0032 0.9968 1 0.4192 -0.0114 0.0114 -0.0114 0.9886 1 0.4175 0 0
8 56 7386 0 0 0 36 0 1.009 0 0.9894 0.1036 0.1409 0.1742 1 0.9892 0.9408 0.0881 0.3411 0.4299 0.966 1.8717 0.9786 0.0941 0.1422 0.1745 1 0.9563 -0.0251 0.0251 NA NA 1 0.2125 0.0469 0.0469 0.0469 1.0469 1 0.4206 0.0432 0.0432 0.0432 1.0432 1 0.4187 0 1
8 57 7380 0 0 0 0 0 1.0136 0 0.9918 -0.4324 0.4324 0.4529 0.6667 1.035 0.9378 -0.4251 0.4861 0.5876 0.89 1.8947 0.9931 -0.4513 0.4513 0.4589 0.648 0.9657 -0.0859 0.0859 NA NA 1 0.2189 -0.0714 0.0714 -0.0714 0.9286 1 0.3933 -0.0812 0.0812 -0.0812 0.9188 1 0.3907 0 0
8 58 7232 0 0 0 0 0 1.0101 0 0.9797 -0.8409 0.8409 0.8917 0.0833 1.1117 0.9305 -0.772 0.7952 0.8978 0.636 1.9454 0.983 -0.7381 0.7381 0.7508 0 0.9243 -0.09 0.09 NA NA 1 0.2256 -0.0141 0.0141 -0.0141 0.9859 1 0.4155 -0.0255 0.0255 -0.0255 0.9745 1 0.4094 0 0
8 59 7598 0 0 0 230 0 1.015 0 0.9901 0.0713 0.1436 0.1885 1 1.0307 0.935 0.0702 0.3371 0.4191 0.982 1.8122 0.9897 0.1377 0.1429 0.1778 1 0.9653 0.0102 0.0102 NA NA 1 0.2268 -0.1983 0.1983 -0.1983 0.8017 0 0.3339 -0.2011 0.2011 -0.2011 0.7989 0 0.3342 0 1
8 60 7658 0 0 0 0 0 1.0049 0 0.9817 0.3576 0.3599 0.4052 0.875 1.0214 0.934 0.3179 0.4367 0.5354 0.928 1.8931 0.9864 0.3561 0.3564 0.3751 0.888 0.9837 0.0517 0.0517 NA NA 1 0.2147 0.0254 0.0254 0.0254 1.0254 1 0.4028 0.0195 0.0195 0.0195 1.0195 1 0.4022 0 0
8 61 8290 0 0 0 0 0 1.0162 0 0.9839 -0.4187 0.4425 0.4773 0.6667 1.0658 0.932 -0.4257 0.513 0.6203 0.88 1.935 0.9949 -0.4051 0.4051 0.4115 0.86 0.9686 -0.0687 0.0687 NA NA 1 0.2158 -0.0149 0.0149 -0.0149 0.9851 1 0.4142 -0.0227 0.0227 -0.0227 0.9773 1 0.4122 0 0
8 62 9433 0 0 0 0 0 1.0085 0 0.996 -0.1499 0.1501 0.1782 1 1.0232 0.9363 -0.1746 0.3693 0.4631 0.964 1.8752 0.9933 -0.1928 0.1928 0.2096 1 0.9683 0.0397 0.0397 NA NA 1 0.2136 -0.0584 0.0584 -0.0584 0.9416 1 0.3902 -0.0627 0.0627 -0.0627 0.9373 1 0.3869 0 0
8 63 7268 0 0 0 0 0 1.0032 0 0.9778 0.0078 0.2706 0.4123 0.9583 1.0989 0.9294 -0.0499 0.3788 0.4732 0.96 1.893 0.9687 -0.0878 0.1602 0.1963 1 0.9248 -0.0176 0.0176 NA NA 1 0.2281 -0.1358 0.1358 -0.1358 0.8642 1 0.3549 -0.139 0.139 -0.139 0.861 1 0.3535 0 0
8 64 8990 0 0 0 0 0 1.0052 0 0.993 -0.1005 0.1443 0.1843 1 1.0272 0.9354 -0.0554 0.3604 0.4556 0.968 1.8682 0.9844 -0.0687 0.1298 0.147 1 0.9529 -0.0624 0.0624 NA NA 1 0.2171 -0.0197 0.0197 -0.0197 0.9803 1 0.3944 -0.0265 0.0265 -0.0265 0.9735 1 0.3899 0 0
8 65 7160 0 0 0 0 0 1.0031 0 0.9915 -0.4459 0.4459 0.4629 0.625 0.9994 0.9352 -0.4234 0.5058 0.5978 0.894 1.8513 0.961 -0.3874 0.3874 0.448 0.814 0.9601 0.0276 0.0276 NA NA 1 0.225 0.0158 0.0158 0.0158 1.0158 1 0.418 0.0118 0.0118 0.0118 1.0118 1 0.4143 0 0
8 66 7336 0 0 0 35 0 1.0092 0 0.9848 0.3825 0.3825 0.4243 0.75 1.0588 0.9318 0.3803 0.4775 0.5808 0.886 1.8435 0.9974 0.3869 0.3869 0.3938 0.976 0.9821 0.014 0.014 NA NA 1 0.2264 -0.1625 0.1625 -0.1625 0.8375 1 0.3575 -0.1655 0.1655 -0.1655 0.8345 1 0.3557 0 1
8 67 10552 0 0 0 0 0 1.0089 0 0.9896 -0.2304 0.2487 0.328 0.9583 1.046 0.9226 -0.205 0.4158 0.5235 0.928 1.8877 0.994 -0.2311 0.2311 0.2544 1 0.9282 -0.0078 0.0078 NA NA 1 0.2252 -0.0382 0.0382 -0.0382 0.9618 1 0.3932 -0.0414 0.0414 -0.0414 0.9586 1 0.3933 0 0
8 68 7696 0 0 0 0 0 1.0038 0 0.9883 0.0859 0.1815 0.2393 1 1.0955 0.9319 0.0858 0.3665 0.4682 0.96 1.959 0.9786 0.0771 0.1344 0.1777 0.984 1.003 0.0507 0.0507 NA NA 1 0.224 0.0165 0.0165 0.0165 1.0165 1 0.4331 0.0106 0.0106 0.0106 1.0106 1 0.4298 0 0
8 69 10973 0 0 0 0 0 1.0058 0 0.9924 0.0811 0.1466 0.1818 1 1.0079 0.9348 0.1047 0.3665 0.4701 0.96 1.8869 0.9856 0.0104 0.0884 0.1206 1 0.9652 0.0151 0.0151 NA NA 1 0.2139 0.0071 0.0071 0.0071 1.0071 1 0.4217 0.0038 0.0038 0.0038 1.0038 1 0.4196 0 0
8 70 11353 0 0 0 0 0 1.006 0 0.9888 0.1283 0.1644 0.195 1 1.005 0.9331 0.1227 0.3489 0.4583 0.954 1.8843 0.9753 0.1473 0.1719 0.2148 1 0.9777 0.0222 0.0222 NA NA 1 0.22 0.0717 0.0717 0.0717 1.0717 1 0.4322 0.0678 0.0678 0.0678 1.0678 1 0.4299 0 0
8 71 11096 0 0 0 0 0 1.0031 0 0.9958 -0.284 0.284 0.3014 1 1.0159 0.9355 -0.2759 0.4076 0.5105 0.924 1.8533 0.9778 -0.3422 0.3437 0.3817 0.764 0.9548 -0.0448 0.0448 NA NA 1 0.2149 -0.0102 0.0102 -0.0102 0.9898 1 0.4022 -0.0153 0.0153 -0.0153 0.9847 1 0.3971 0 0
8 72 9150 0 0 0 0 0 1.0067 0 0.9899 0.0085 0.1572 0.193 1 1.0512 0.9325 -0.0452 0.3466 0.4348 0.974 1.8764 0.9817 -0.0826 0.1447 0.182 1 0.958 -0.0127 0.0127 NA NA 1 0.215 -0.0367 0.0367 -0.0367 0.9633 1 0.3857 -0.0399 0.0399 -0.0399 0.9601 1 0.3873 0 0
8 73 7514 0 0 0 0 0 1.0107 0 0.9854 -0.1496 0.2023 0.2498 1 1.0453 0.9359 -0.1526 0.3765 0.4695 0.952 1.8813 0.982 -0.1502 0.1679 0.202 1 1.0097 0.0906 0.0906 NA NA 1 0.2172 -0.0126 0.0126 -0.0126 0.9874 1 0.407 -0.0239 0.0239 -0.0239 0.9761 1 0.4014 0 0
8 74 7649 0 0 0 0 0 1.0134 0 0.9847 -0.0621 0.1709 0.2297 1 1.0079 0.9406 -0.0741 0.3454 0.4526 0.966 1.8875 0.9798 0.0075 0.1565 0.1736 1 0.9578 0.0214 0.0214 NA NA 1 0.2319 0.0048 0.0048 0.0048 1.0048 1 0.4051 9e-04 9e-04 9e-04 1.0009 1 0.4049 0 0
8 75 10948 0 0 0 0 0 1.0078 0 0.9882 0.2726 0.2891 0.3448 0.8333 1.0366 0.9318 0.2572 0.4127 0.5219 0.93 1.8862 0.9879 0.2396 0.2396 0.2708 1 0.9627 0.0052 0.0052 NA NA 1 0.2139 -0.0363 0.0363 -0.0363 0.9637 1 0.4073 -0.0393 0.0393 -0.0393 0.9607 1 0.4042 0 0
8 76 7400 0 0 0 0 0 1.0068 0 0.9861 -0.1816 0.2724 0.409 0.9583 1.1507 0.917 -0.1521 0.4076 0.5188 0.934 1.8612 0.9926 -0.0882 0.1467 0.1716 1 0.9095 -0.0045 0.0045 NA NA 1 0.2469 -0.3074 0.3074 -0.3074 0.6926 0 0.3087 -0.3102 0.3102 -0.3102 0.6898 0 0.3071 0 0
8 77 9520 0 0 0 0 0 1.0048 0 0.9831 -0.3442 0.3442 0.3809 0.875 1.0063 0.9344 -0.3363 0.4568 0.5564 0.912 1.9125 0.9884 -0.417 0.417 0.4329 0.768 0.9906 0.0346 0.0346 NA NA 1 0.2306 0.1137 0.1137 0.1137 1.1137 1 0.4517 0.1086 0.1086 0.1086 1.1086 1 0.4471 0 0
8 78 7567 0 0 0 37 0 1.0079 0 0.9836 -0.3544 0.3544 0.4011 0.7917 1.0241 0.9309 -0.3555 0.4529 0.5614 0.906 1.8874 0.981 -0.4337 0.4337 0.456 0.626 0.9649 -0.0124 0.0124 NA NA 1 0.2315 -0.1022 0.1022 -0.1022 0.8978 1 0.3741 -0.1054 0.1054 -0.1054 0.8946 1 0.3714 0 1
8 79 9133 0 0 0 0 0 1.0067 0 0.9872 -0.4357 0.4357 0.4768 0.7083 1.0056 0.9301 -0.3932 0.4994 0.6146 0.87 1.9084 0.9942 -0.4101 0.4101 0.4198 0.68 0.9199 -0.0524 0.0524 NA NA 1 0.2234 0.0648 0.0648 0.0648 1.0648 1 0.443 0.0584 0.0584 0.0584 1.0584 1 0.4429 0 0
8 80 10319 0 0 0 0 0 1.0091 0 0.9934 -0.0043 0.1109 0.1387 1 1.0063 0.9365 -0.0283 0.3422 0.438 0.968 1.9127 0.9821 -0.0491 0.1154 0.1446 1 0.9623 0.0302 0.0302 NA NA 1 0.2131 0.1152 0.1152 0.1152 1.1152 1 0.4409 0.1107 0.1107 0.1107 1.1107 1 0.44 0 0
8 81 7458 0 0 0 0 0 1.0072 0 0.9924 0.5164 0.5164 0.5643 0.5 1.0881 0.9434 0.4749 0.5592 0.6633 0.826 1.8819 0.9901 0.4884 0.4884 0.5011 0.564 0.9884 0.1085 0.1085 NA NA 1 0.2319 -0.163 0.163 -0.163 0.837 1 0.3745 -0.1759 0.1759 -0.1759 0.8241 1 0.3678 0 0
8 82 9222 0 0 0 0 0 1.0041 0 0.9865 0.4118 0.4191 0.4542 0.7083 1.0273 0.9297 0.4302 0.5237 0.6224 0.87 1.8684 0.974 0.302 0.302 0.345 0.818 0.9516 0.0531 0.0531 NA NA 1 0.223 -0.0409 0.0409 -0.0409 0.9591 1 0.3907 -0.0468 0.0468 -0.0468 0.9532 1 0.393 0 0
8 83 9509 0 0 0 0 0 1.0071 0 0.9872 -0.2263 0.268 0.3142 0.9583 1.0247 0.9226 -0.2179 0.4002 0.4972 0.94 1.8507 0.9856 -0.2157 0.223 0.2766 0.914 0.9201 -0.0491 0.0491 NA NA 1 0.2292 -0.0633 0.0633 -0.0633 0.9367 1 0.3889 -0.0688 0.0688 -0.0688 0.9312 1 0.387 0 0
8 84 7320 0 0 0 0 0 1.0096 0 0.9887 -0.1707 0.217 0.2567 1 1.0137 0.9336 -0.123 0.3537 0.454 0.956 1.8728 0.977 -0.1008 0.1466 0.1819 1 0.9376 -0.0149 0.0149 NA NA 1 0.2228 -0.0225 0.0225 -0.0225 0.9775 1 0.3961 -0.0258 0.0258 -0.0258 0.9742 1 0.3948 0 0
8 85 7832 0 0 0 431 0 1.0287 0 0.9869 -0.1073 0.1723 0.2083 1 1.0444 0.9313 -0.1375 0.3595 0.4552 0.962 1.8708 0.9948 -0.0759 0.0909 0.1048 1 1.0048 0.062 0.062 NA NA 1 0.2237 -0.0921 0.0921 -0.0921 0.9079 1 0.3857 -0.0985 0.0985 -0.0985 0.9015 1 0.3824 0 1
8 86 7253 0 0 0 0 0 1.0022 0 0.9835 0.0466 0.2358 0.3143 0.9167 1.0813 0.9313 0.0654 0.368 0.4632 0.956 1.8456 0.9896 0.1056 0.1586 0.1972 1 0.9365 -0.0161 0.0161 NA NA 1 0.2326 -0.1577 0.1577 -0.1577 0.8423 1 0.3572 -0.1609 0.1609 -0.1609 0.8391 1 0.3557 0 0
8 87 7279 0 0 0 0 0 1.0076 0 0.9874 0.0625 0.1736 0.2039 1 1.0309 0.941 0.0797 0.3414 0.4284 0.98 1.9208 0.9927 0.0628 0.0928 0.1073 1 0.9469 -0.0755 0.0755 NA NA 1 0.2273 0.1131 0.1131 0.1131 1.1131 1 0.4572 0.1031 0.1031 0.1031 1.1031 1 0.455 0 0
8 88 8297 0 0 0 0 0 1.0048 0 0.983 0.6344 0.6497 0.6867 0.25 1.0122 0.9268 0.5921 0.6504 0.7479 0.742 1.8208 0.9911 0.5542 0.5542 0.5808 0.346 0.8845 0.0051 0.0051 NA NA 1 0.22 -0.1642 0.1642 -0.1642 0.8358 1 0.3463 -0.1669 0.1669 -0.1669 0.8331 1 0.343 0 0
8 89 7502 0 0 0 0 0 1.0079 0 0.9916 -0.2388 0.2388 0.2738 1 1.0041 0.929 -0.2245 0.4051 0.4965 0.942 1.8762 0.996 -0.1834 0.1834 0.1996 1 0.9546 -0.0285 0.0285 NA NA 1 0.2203 0.0177 0.0177 0.0177 1.0177 1 0.3988 0.0137 0.0137 0.0137 1.0137 1 0.3951 0 0
8 90 9861 0 0 0 0 0 1.0129 0 0.9866 0.2399 0.2546 0.3527 0.9167 1.0984 0.9348 0.2344 0.4045 0.4936 0.95 1.8828 0.986 0.3013 0.3013 0.341 0.854 0.9968 0.0943 0.0943 NA NA 1 0.2252 -0.0771 0.0771 -0.0771 0.9229 1 0.387 -0.0886 0.0886 -0.0886 0.9114 1 0.3836 0 0
8 91 9245 0 0 0 0 0 1.0072 0 0.9861 0.4225 0.4225 0.4536 0.6667 0.9996 0.9239 0.4011 0.4956 0.5978 0.86 1.8717 0.9946 0.468 0.468 0.4789 0.348 0.9305 -0.0349 0.0349 NA NA 1 0.2294 -0.0496 0.0496 -0.0496 0.9504 1 0.3797 -0.054 0.054 -0.054 0.946 1 0.3779 0 0
8 92 10625 0 0 0 0 0 1.0047 0 0.9886 -0.3084 0.3234 0.3604 0.9167 1.031 0.9367 -0.2887 0.4347 0.5379 0.92 1.8887 0.9835 -0.3257 0.3257 0.3514 0.832 0.9574 -0.0536 0.0536 NA NA 1 0.2064 0.0594 0.0594 0.0594 1.0594 1 0.4422 0.0533 0.0533 0.0533 1.0533 1 0.442 0 0
8 93 7373 0 0 0 0 0 1.0132 0 0.9646 -0.7897 0.7897 0.8275 0.125 1.0609 0.9195 -0.7468 0.782 0.8878 0.67 1.9774 0.9887 -0.7987 0.7987 0.8058 0 1.0021 0.0215 0.0215 NA NA 1 0.2289 0.0037 0.0037 0.0037 1.0037 1 0.4219 -1e-04 1e-04 -1e-04 0.9999 1 0.4224 0 0
8 94 7594 0 0 0 21 0 1.0183 0 0.9936 -0.2135 0.2336 0.2686 0.9583 1.0361 0.9332 -0.2264 0.3989 0.4938 0.952 1.9001 0.9924 -0.2925 0.2986 0.3233 1 0.9473 -0.052 0.052 NA NA 1 0.2214 0.0625 0.0625 0.0625 1.0625 1 0.4376 0.0563 0.0563 0.0563 1.0563 1 0.4331 0 1
8 95 7779 0 0 0 0 0 1.0101 0 0.9895 -0.0776 0.1407 0.1676 1 1.0169 0.9341 -0.1158 0.3569 0.448 0.966 1.8753 0.9787 -0.0759 0.1518 0.1786 1 0.9625 -0.031 0.031 NA NA 1 0.2094 0.0474 0.0474 0.0474 1.0474 1 0.4148 0.0434 0.0434 0.0434 1.0434 1 0.4134 0 0
8 96 9450 0 0 0 0 0 1.0122 0 0.9918 -0.2577 0.2625 0.3196 1 1.0756 0.9402 -0.2262 0.4044 0.5108 0.948 1.9572 0.9953 -0.2328 0.2337 0.2593 1 1.0152 0.0681 0.0681 NA NA 1 0.2175 0.116 0.116 0.116 1.116 1 0.4602 0.1073 0.1073 0.1073 1.1073 1 0.4585 0 0
8 97 7195 0 0 0 0 0 1.008 0 0.9931 0.0744 0.1489 0.1992 1 1.065 0.9311 0.0411 0.3565 0.4506 0.97 1.8756 0.9959 0.0167 0.0542 0.0662 1 0.9386 -0.0185 0.0185 NA NA 1 0.2308 -0.159 0.159 -0.159 0.841 1 0.3643 -0.1622 0.1622 -0.1622 0.8378 1 0.36 0 0
8 98 9270 0 0 0 0 0 1.0098 0 0.9915 0.1382 0.1729 0.2039 1 1.0345 0.9299 0.0953 0.3619 0.4593 0.972 1.86 0.9925 0.0951 0.1089 0.1386 1 0.9482 -0.0352 0.0352 NA NA 1 0.2253 -0.0928 0.0928 -0.0928 0.9072 1 0.3679 -0.0969 0.0969 -0.0969 0.9031 1 0.3665 0 0
8 99 7822 0 0 0 457 0 1.0146 0 0.9945 -0.3843 0.3843 0.402 0.9167 1.0045 0.9296 -0.4235 0.499 0.6072 0.878 1.8597 0.9915 -0.3331 0.3331 0.3478 0.882 0.9615 0.0503 0.0503 NA NA 1 0.232 -0.0854 0.0854 -0.0854 0.9146 1 0.385 -0.0909 0.0909 -0.0909 0.9091 1 0.383 0 1
8 100 9355 0 0 0 0 0 1.0101 0 0.9937 0.6591 0.6591 0.6966 0.2083 1.1268 0.9214 0.6132 0.6678 0.7732 0.728 1.848 0.9924 0.5102 0.5102 0.5305 0.36 0.9466 0.0521 0.0521 NA NA 1 0.2373 -0.2669 0.2669 -0.2669 0.7331 0 0.3154 -0.2716 0.2716 -0.2716 0.7284 0 0.3109 0 0
8 101 8090 0 0 0 0 0 1.0179 0 0.9918 0.0586 0.1693 0.2071 1 1.064 0.9388 0.0645 0.3467 0.4418 0.964 1.8833 0.9838 0.0835 0.1292 0.1663 1 0.9739 0.0419 0.0419 NA NA 1 0.2204 -0.0423 0.0423 -0.0423 0.9577 1 0.3926 -0.0471 0.0471 -0.0471 0.9529 1 0.3867 0 0
8 102 7641 0 0 0 49 0 1.0082 0 0.9867 0.0888 0.1464 0.2114 0.9583 1.0073 0.9268 0.0442 0.3516 0.4514 0.96 1.8052 0.9905 0.025 0.1058 0.1273 1 0.9477 -0.0263 0.0263 NA NA 1 0.219 -0.1525 0.1525 -0.1525 0.8475 1 0.3588 -0.1558 0.1558 -0.1558 0.8442 1 0.355 0 1
8 103 7768 0 0 0 0 0 1.0061 0 0.9891 -0.3904 0.3904 0.4186 0.75 1.0215 0.9323 -0.3724 0.4589 0.5712 0.9 1.8628 0.9919 -0.3317 0.3317 0.3443 0.96 0.9531 -0.0072 0.0072 NA NA 1 0.2263 -0.0926 0.0926 -0.0926 0.9074 1 0.3735 -0.0956 0.0956 -0.0956 0.9044 1 0.3733 0 0
8 104 10252 0 0 0 0 0 1.0043 0 0.9785 -0.5908 0.5908 0.6117 0.2917 1.0208 0.9212 -0.6145 0.6633 0.7731 0.738 1.8801 0.9879 -0.5938 0.5938 0.604 0.104 0.9581 -0.1012 0.1012 NA NA 1 0.2216 -0.1064 0.1064 -0.1064 0.8936 1 0.3618 -0.1185 0.1185 -0.1185 0.8815 1 0.3602 0 0
8 105 7647 0 0 0 0 0 1.0255 0 0.9914 -0.2847 0.288 0.3261 0.9583 1.0167 0.9323 -0.2611 0.4011 0.5051 0.932 1.8334 0.9964 -0.2854 0.2854 0.2942 1 0.959 0.0861 0.0861 NA NA 1 0.2232 -0.1874 0.1874 -0.1874 0.8126 0 0.3475 -0.1962 0.1962 -0.1962 0.8038 0 0.3427 0 0
8 106 9260 0 0 0 0 0 1.0051 0 0.9923 -0.4927 0.4927 0.5134 0.625 1.0425 0.9391 -0.5047 0.5549 0.6612 0.862 1.9638 0.9869 -0.5595 0.5595 0.5748 0.232 0.9688 -0.078 0.078 NA NA 1 0.2188 0.0714 0.0714 0.0714 1.0714 1 0.445 0.0614 0.0614 0.0614 1.0614 1 0.4417 0 0
8 107 6594 0 0 0 80 0 1.0136 0 0.988 -0.4474 0.4474 0.4973 0.6667 1.0975 0.9229 -0.4252 0.5314 0.6518 0.844 1.9047 0.9865 -0.4928 0.4928 0.5069 0.592 0.9762 0.0587 0.0587 NA NA 1 0.229 -0.1748 0.1748 -0.1748 0.8252 1 0.3716 -0.1806 0.1806 -0.1806 0.8194 1 0.3661 0 1
8 108 11691 0 0 0 0 0 1.0049 0 0.991 -0.6261 0.6261 0.6526 0.2917 1.0298 0.9328 -0.5745 0.6165 0.7269 0.76 1.8636 0.9795 -0.558 0.5594 0.5773 0.256 0.9523 0.1106 0.1106 NA NA 0 0.2198 -0.1311 0.1311 -0.1311 0.8689 1 0.3627 -0.1446 0.1446 -0.1446 0.8554 1 0.3541 0 0
8 109 9582 0 0 0 0 0 1.0072 0 0.9901 -0.0156 0.184 0.2165 1 1.0389 0.9343 -0.0138 0.3576 0.4614 0.96 1.8488 0.9817 0.037 0.1276 0.1546 1 0.9475 0.0078 0.0078 NA NA 1 0.216 -0.0863 0.0863 -0.0863 0.9137 1 0.3839 -0.0891 0.0891 -0.0891 0.9109 1 0.3825 0 0
8 110 8069 0 0 0 216 0 1.0113 0 0.9916 0.061 0.1382 0.1801 1 1.0372 0.9306 0.0348 0.3819 0.4789 0.954 1.8729 0.9893 -0.0331 0.1035 0.1268 1 0.9756 -0.0072 0.0072 NA NA 1 0.2163 -0.0857 0.0857 -0.0857 0.9143 1 0.383 -0.0886 0.0886 -0.0886 0.9114 1 0.3802 0 1
8 111 7356 0 0 0 357 0 1.0167 0 0.9904 -0.2958 0.2973 0.3358 0.9167 1.0591 0.9347 -0.3424 0.4487 0.5486 0.914 1.8931 0.9911 -0.4154 0.4168 0.4263 0.616 0.977 -0.0147 0.0147 NA NA 1 0.2314 -0.0813 0.0813 -0.0813 0.9187 1 0.3828 -0.0846 0.0846 -0.0846 0.9154 1 0.384 0 1
8 112 9117 0 0 0 0 0 1.0075 0 0.9924 -0.4886 0.4886 0.5146 0.625 1.0691 0.9188 -0.4564 0.5301 0.643 0.858 1.8965 0.9848 -0.4857 0.4857 0.5045 0.492 0.9768 0.1025 0.1025 NA NA 1 0.2323 -0.1088 0.1088 -0.1088 0.8912 1 0.3682 -0.1215 0.1215 -0.1215 0.8785 1 0.3627 0 0
8 113 12938 0 0 0 0 0 1.0047 0 0.9937 -0.0562 0.0813 0.1096 1 0.9555 0.9334 -0.0747 0.3438 0.4385 0.972 1.8317 0.9932 -0.0718 0.081 0.1192 1 0.9293 0.0116 0.0116 NA NA 1 0.2239 -0.0791 0.0791 -0.0791 0.9209 1 0.3725 -0.0823 0.0823 -0.0823 0.9177 1 0.3713 0 0
8 114 7378 0 0 0 0 0 1.0051 0 0.9926 0.1315 0.1754 0.2229 0.9583 1.062 0.9329 0.1165 0.3656 0.4689 0.952 1.8764 0.9812 0.1298 0.1641 0.1886 1 0.9347 -0.0448 0.0448 NA NA 1 0.2207 -0.1497 0.1497 -0.1497 0.8503 1 0.3578 -0.1541 0.1541 -0.1541 0.8459 1 0.3565 0 0
8 115 8703 0 0 0 0 0 1.0059 0 0.98 0.3739 0.3832 0.4236 0.75 0.9814 0.9378 0.3885 0.474 0.585 0.902 1.919 0.994 0.3198 0.3198 0.3291 0.99 0.9376 -0.0333 0.0333 NA NA 1 0.2113 0.1321 0.1321 0.1321 1.1321 1 0.4599 0.1275 0.1275 0.1275 1.1275 1 0.4597 0 0
8 116 10480 0 0 0 0 0 1.011 0 0.9835 0.1765 0.2137 0.2619 0.875 0.9989 0.9326 0.1521 0.3838 0.4803 0.952 1.8804 0.9877 0.1244 0.1312 0.1672 1 0.9742 0.0412 0.0412 NA NA 1 0.2131 0.0375 0.0375 0.0375 1.0375 1 0.4268 0.0326 0.0326 0.0326 1.0326 1 0.4264 0 0
8 117 7341 0 0 0 0 0 1.0082 0 0.9827 0.4044 0.4044 0.4777 0.75 1.0621 0.9343 0.3718 0.4562 0.5662 0.89 1.8241 0.9797 0.4202 0.4202 0.4467 0.5 0.9437 0.0387 0.0387 NA NA 1 0.2351 -0.2285 0.2285 -0.2285 0.7715 0 0.3275 -0.2325 0.2325 -0.2325 0.7675 0 0.3232 0 0
8 118 10454 0 0 0 0 0 1.0192 0 0.9967 -0.1176 0.1254 0.1466 1 1.0511 0.931 -0.1394 0.3723 0.4642 0.962 1.8791 0.9923 -0.0959 0.1074 0.1392 1 0.9908 -0.0076 0.0076 NA NA 1 0.2199 -0.0176 0.0176 -0.0176 0.9824 1 0.4044 -0.0208 0.0208 -0.0208 0.9792 1 0.4032 0 0
8 119 13351 0 0 0 0 0 1.0198 0 0.9881 0.3871 0.3871 0.4336 0.7917 1.0659 0.9331 0.3663 0.4924 0.6002 0.886 1.9325 0.9895 0.3264 0.3264 0.3423 1 1.0115 0.0581 0.0581 NA NA 1 0.2193 0.0235 0.0235 0.0235 1.0235 1 0.4298 0.0168 0.0168 0.0168 1.0168 1 0.4277 0 0
8 120 9074 0 0 0 0 0 1.0089 0 0.9781 0.0057 0.2063 0.2641 0.9583 1.0378 0.9301 -0.0299 0.3668 0.457 0.96 1.9039 0.9808 0.0043 0.1217 0.1402 1 0.9627 0.0304 0.0304 NA NA 1 0.2178 0.0915 0.0915 0.0915 1.0915 1 0.4514 0.0872 0.0872 0.0872 1.0872 1 0.4463 0 0
8 121 10254 0 0 0 0 0 1.0074 0 0.987 0.6387 0.6387 0.6575 0.2917 1.0312 0.9336 0.6215 0.6555 0.7681 0.746 1.9238 0.9956 0.602 0.602 0.6063 0.004 0.9713 0.0244 0.0244 NA NA 1 0.2162 -0.0386 0.0386 -0.0386 0.9614 1 0.3978 -0.0422 0.0422 -0.0422 0.9578 1 0.3963 0 0
8 122 7880 0 0 0 0 0 1.0066 0 0.9875 -0.0156 0.1723 0.2076 1 1.0413 0.923 -0.04 0.3596 0.4509 0.96 1.8469 0.9862 -0.035 0.1103 0.1497 1 0.934 0.0134 0.0134 NA NA 1 0.2242 -0.1249 0.1249 -0.1249 0.8751 1 0.3652 -0.128 0.128 -0.128 0.872 1 0.3632 0 0
8 123 9266 0 0 0 0 0 1.0079 0 0.9936 -0.1227 0.135 0.1727 1 1.0189 0.9286 -0.1064 0.3765 0.4764 0.962 1.8889 0.9818 -0.0949 0.1253 0.1647 1 0.9817 0.0148 0.0148 NA NA 1 0.2293 0.0354 0.0354 0.0354 1.0354 1 0.4265 0.0317 0.0317 0.0317 1.0317 1 0.4222 0 0
8 124 9036 0 0 0 0 0 1.0218 0 0.9772 -0.0048 0.161 0.1905 1 1.0179 0.9277 -0.0453 0.3553 0.4559 0.952 1.8422 0.9801 -0.0644 0.1213 0.1583 1 0.9715 -0.0066 0.0066 NA NA 1 0.2221 -0.0565 0.0565 -0.0565 0.9435 1 0.3855 -0.0596 0.0596 -0.0596 0.9404 1 0.3834 0 0
8 125 6994 0 0 0 0 0 1.0145 0 0.9962 -0.2599 0.2599 0.2891 1 1.0661 0.9227 -0.2345 0.4145 0.5206 0.944 1.9299 0.966 -0.1735 0.2118 0.2624 0.936 0.9387 -0.0208 0.0208 NA NA 1 0.2217 0.0136 0.0136 0.0136 1.0136 1 0.4247 0.0099 0.0099 0.0099 1.0099 1 0.4234 0 0
8 126 10635 0 0 0 0 0 1.0035 0 0.9809 -0.4245 0.4245 0.4528 0.8333 1.0323 0.9359 -0.4279 0.506 0.6079 0.872 1.8529 0.9876 -0.4447 0.4447 0.4596 0.614 1.0024 0.1077 0.1077 NA NA 1 0.2359 -0.1552 0.1552 -0.1552 0.8448 1 0.3536 -0.1682 0.1682 -0.1682 0.8318 1 0.3492 0 0
8 127 7469 0 0 0 0 0 1.0075 0 0.9826 0.0428 0.2395 0.3476 1 1.1538 0.9229 0.0548 0.383 0.4964 0.95 1.9352 0.9852 0.1705 0.1894 0.2191 1 0.9392 0.0027 0.0027 NA NA 1 0.2277 -0.0889 0.0889 -0.0889 0.9111 1 0.3961 -0.092 0.092 -0.092 0.908 1 0.3953 0 0
8 128 7239 0 0 0 0 0 1.0115 0 0.9857 -0.0715 0.193 0.2647 0.9583 1.0745 0.9328 -0.0551 0.3589 0.449 0.966 1.908 0.9931 -0.0979 0.1167 0.1411 1 0.9317 -0.0445 0.0445 NA NA 1 0.2252 -0.0045 0.0045 -0.0045 0.9955 1 0.4015 -0.0097 0.0097 -0.0097 0.9903 1 0.4004 0 0
8 129 7665 0 0 0 0 0 1.0026 0 0.9909 0.463 0.463 0.4876 0.6667 0.9992 0.9361 0.4137 0.4941 0.5961 0.884 1.8323 0.9803 0.4272 0.4272 0.4525 0.57 0.914 0.0162 0.0162 NA NA 1 0.2296 -0.2176 0.2176 -0.2176 0.7824 0 0.3328 -0.2205 0.2205 -0.2205 0.7795 0 0.3308 0 0
8 130 7220 0 0 0 0 0 1.0051 0 0.9867 0.2149 0.2295 0.3024 0.875 1.0574 0.9333 0.1998 0.3821 0.487 0.952 1.8984 0.9727 0.2317 0.2512 0.2854 0.878 0.9265 -0.1063 0.1063 NA NA 1 0.2183 -0.0187 0.0187 -0.0187 0.9813 1 0.4064 -0.0328 0.0328 -0.0328 0.9672 1 0.4058 0 0
8 131 11505 0 0 0 0 0 1.004 0 0.992 -0.0649 0.1261 0.1583 1 1.0598 0.9394 -0.0458 0.349 0.4423 0.966 1.9131 0.995 -0.0558 0.0857 0.0963 1 0.9865 -0.0233 0.0233 NA NA 1 0.2219 -0.0024 0.0024 -0.0024 0.9976 1 0.4118 -0.0062 0.0062 -0.0062 0.9938 1 0.4104 0 0
8 132 9048 0 0 0 0 0 1.0056 0 0.9799 -0.4737 0.4737 0.5562 0.6667 1.0469 0.9261 -0.4505 0.5326 0.6468 0.848 1.8836 0.9822 -0.4381 0.4381 0.4586 0.488 0.915 -0.0154 0.0154 NA NA 1 0.2181 -0.0941 0.0941 -0.0941 0.9059 1 0.3785 -0.0972 0.0972 -0.0972 0.9028 1 0.376 0 0
8 133 7315 0 0 0 0 0 1.0188 0 0.9881 -0.5037 0.5037 0.531 0.4583 1.0173 0.9316 -0.4827 0.5514 0.6684 0.852 1.9548 0.9915 -0.5795 0.5795 0.59 0.15 0.9551 -0.0597 0.0597 NA NA 1 0.2152 0.1034 0.1034 0.1034 1.1034 1 0.4394 0.096 0.096 0.096 1.096 1 0.4361 0 0
8 134 7408 0 0 0 0 0 1.0025 0 0.9851 -0.4506 0.4506 0.4862 0.5833 0.9777 0.9348 -0.3931 0.4881 0.5954 0.88 1.7869 0.9913 -0.4711 0.4711 0.4808 0.356 0.904 0.0024 0.0024 NA NA 1 0.2269 -0.2587 0.2587 -0.2587 0.7413 0 0.3178 -0.2612 0.2612 -0.2612 0.7388 0 0.318 0 0
8 135 9393 0 0 0 0 0 1.0092 0 0.986 0.8892 0.8892 0.9116 0 1.0606 0.9172 0.8171 0.8448 0.9505 0.594 1.9909 0.9915 0.801 0.801 0.8072 0.03 0.9633 -0.0249 0.0249 NA NA 1 0.2332 0.0448 0.0448 0.0448 1.0448 1 0.4457 0.0405 0.0405 0.0405 1.0405 1 0.439 0 0
8 136 7278 0 0 0 0 0 1.0079 0 0.9938 0.3086 0.3086 0.3411 0.9167 1.0652 0.9285 0.3178 0.4244 0.5235 0.92 1.8285 0.9873 0.3485 0.3504 0.3768 0.778 0.9215 0.0175 0.0175 NA NA 1 0.2318 -0.2016 0.2016 -0.2016 0.7984 0 0.3459 -0.2047 0.2047 -0.2047 0.7953 0 0.3412 0 0
8 137 7460 0 0 0 0 0 1.0174 0 0.993 -0.0579 0.1322 0.1678 1 1.0703 0.9372 -0.0992 0.3441 0.4368 0.968 1.8895 0.9951 -0.1198 0.1205 0.1458 1 0.9623 0.0435 0.0435 NA NA 1 0.2215 -0.0853 0.0853 -0.0853 0.9147 1 0.3819 -0.09 0.09 -0.09 0.91 1 0.3823 0 0
8 138 7852 0 0 0 0 0 1.0094 0 0.9871 0.0261 0.1429 0.1695 1 0.9846 0.9377 0.0368 0.3325 0.4252 0.972 1.8589 0.9843 0.1003 0.1718 0.2066 1 0.9478 0.0594 0.0594 NA NA 1 0.2171 0.0914 0.0914 0.0914 1.0914 1 0.4567 0.084 0.084 0.084 1.084 1 0.4485 0 0
8 139 9181 0 0 0 0 0 1.0063 0 0.9878 0.4661 0.4661 0.5028 0.6667 1.0732 0.9291 0.446 0.5197 0.626 0.866 1.927 0.9868 0.4395 0.4395 0.4562 0.642 0.9788 -0.0295 0.0295 NA NA 1 0.2247 0.0403 0.0403 0.0403 1.0403 1 0.4308 0.0359 0.0359 0.0359 1.0359 1 0.4305 0 0
8 140 13013 0 0 0 0 0 1.005 0 0.9853 -0.2098 0.2173 0.2675 0.9583 0.9883 0.9304 -0.2168 0.3995 0.4889 0.946 1.7995 0.9851 -0.2422 0.244 0.2713 0.936 0.905 -0.0564 0.0564 NA NA 1 0.226 -0.1638 0.1638 -0.1638 0.8362 1 0.3405 -0.1692 0.1692 -0.1692 0.8308 1 0.342 0 0
8 141 9593 0 0 0 0 0 1.0115 0 0.9885 -0.3265 0.3265 0.376 0.9167 1.0255 0.9334 -0.287 0.426 0.5274 0.928 1.8476 0.9865 -0.266 0.266 0.2948 0.998 0.9477 -0.0404 0.0404 NA NA 1 0.2149 -0.1052 0.1052 -0.1052 0.8948 1 0.3617 -0.1094 0.1094 -0.1094 0.8906 1 0.3589 0 0
8 142 9035 0 0 0 0 0 1.0081 0 0.9884 0.3217 0.3292 0.3548 0.9583 1.0335 0.9308 0.2885 0.4321 0.5362 0.918 1.8858 0.9929 0.3235 0.3235 0.3343 1 0.9662 -0.0195 0.0195 NA NA 1 0.2178 -0.0202 0.0202 -0.0202 0.9798 1 0.4013 -0.0236 0.0236 -0.0236 0.9764 1 0.4005 0 0
8 143 7603 0 0 0 0 0 1.0132 0 0.9733 0.3696 0.3696 0.4838 0.7917 1.0271 0.931 0.2663 0.4118 0.5228 0.916 1.8401 0.979 0.3111 0.3111 0.3435 0.842 0.9436 0.038 0.038 NA NA 1 0.2343 -0.1332 0.1332 -0.1332 0.8668 1 0.366 -0.1375 0.1375 -0.1375 0.8625 1 0.3615 0 0
8 144 7428 0 0 0 114 0 1.0087 0 0.9805 0.3381 0.3538 0.4039 0.7917 1.0644 0.932 0.3308 0.4378 0.5428 0.912 1.882 0.9795 0.3593 0.3625 0.4192 0.696 0.9951 -0.0107 0.0107 NA NA 1 0.2095 -0.0335 0.0335 -0.0335 0.9665 1 0.4051 -0.0364 0.0364 -0.0364 0.9636 1 0.4041 0 1
8 145 6684 0 0 0 0 0 1.0134 0 0.9856 -0.1857 0.2344 0.2811 0.9167 1.0455 0.9219 -0.2079 0.4057 0.5095 0.944 1.9172 0.9856 -0.1613 0.1703 0.2117 0.98 0.9593 -0.0471 0.0471 NA NA 1 0.223 0.0804 0.0804 0.0804 1.0804 1 0.4457 0.0746 0.0746 0.0746 1.0746 1 0.4467 0 0
8 146 8907 0 0 0 0 0 1.0064 0 0.9935 0.2747 0.2871 0.3367 0.9167 1.0786 0.9238 0.2191 0.4109 0.5158 0.928 1.8341 0.9935 0.2056 0.2153 0.2621 0.912 0.9193 -0.0713 0.0713 NA NA 1 0.217 -0.1805 0.1805 -0.1805 0.8195 1 0.3507 -0.1873 0.1873 -0.1873 0.8127 0 0.3464 0 0
8 147 9334 0 0 0 0 0 1.0033 0 0.9928 0.0314 0.0936 0.1266 1 0.9965 0.9324 0.0238 0.3531 0.4464 0.962 1.905 0.9747 0.1387 0.1795 0.2141 1 0.9761 0.0272 0.0272 NA NA 1 0.218 0.1348 0.1348 0.1348 1.1348 1 0.4501 0.1305 0.1305 0.1305 1.1305 1 0.4499 0 0
8 148 7518 0 0 0 0 0 1.0105 0 0.9933 0.2374 0.2644 0.3008 0.9583 1.1054 0.9181 0.2543 0.4349 0.5397 0.928 1.9099 0.9828 0.2665 0.2665 0.2974 0.958 0.9581 0.0713 0.0713 NA NA 1 0.2345 -0.158 0.158 -0.158 0.842 1 0.374 -0.1653 0.1653 -0.1653 0.8347 1 0.3683 0 0
8 149 8200 0 0 0 0 0 1.003 0 0.9914 0.0222 0.1456 0.1983 1 1.0852 0.9263 -0.0082 0.3549 0.4552 0.97 1.9449 0.9952 -0.0223 0.1182 0.1361 1 1.006 0.0313 0.0313 NA NA 1 0.2219 0.1102 0.1102 0.1102 1.1102 1 0.4556 0.1056 0.1056 0.1056 1.1056 1 0.4471 0 0
8 150 10619 0 0 0 0 0 1.009 0 0.9917 0.377 0.377 0.4207 0.7917 1.0698 0.9254 0.3551 0.4808 0.5934 0.888 1.9495 0.9925 0.3444 0.3444 0.3594 0.842 0.9586 0.0221 0.0221 NA NA 1 0.2331 -0.0585 0.0585 -0.0585 0.9415 1 0.4203 -0.0624 0.0624 -0.0624 0.9376 1 0.4182 0 0
8 151 9436 0 0 0 0 0 1.0138 0 0.9869 0.0772 0.1423 0.1942 0.9583 1.0381 0.9389 0.0411 0.3365 0.4292 0.976 1.8941 0.9947 0.0014 0.0697 0.0783 1 0.9806 0.0253 0.0253 NA NA 1 0.219 0.0404 0.0404 0.0404 1.0404 1 0.4327 0.0364 0.0364 0.0364 1.0364 1 0.4317 0 0
8 152 9857 0 0 0 0 0 1.0076 0 0.987 0.1134 0.1501 0.1967 0.9583 1.0152 0.9395 0.0999 0.3429 0.4344 0.968 1.8772 0.9847 0.1976 0.2165 0.248 0.968 0.9627 -0.0086 0.0086 NA NA 1 0.2196 -0.0566 0.0566 -0.0566 0.9434 1 0.3827 -0.0596 0.0596 -0.0596 0.9404 1 0.3807 0 0
8 153 8452 0 0 0 0 0 1.0089 0 0.9934 -0.0575 0.0962 0.1324 1 1.0168 0.943 -0.0289 0.358 0.4692 0.95 1.8807 0.9864 -0.0414 0.0889 0.1523 0.982 0.9898 0.0676 0.0676 NA NA 1 0.2136 -0.0223 0.0223 -0.0223 0.9777 1 0.4007 -0.0298 0.0298 -0.0298 0.9702 1 0.398 0 0
8 154 7334 0 0 0 0 0 1.0047 0 0.9957 -0.3421 0.3421 0.3654 0.9167 1.0486 0.9249 -0.293 0.4348 0.5377 0.936 1.9212 0.99 -0.3044 0.3044 0.3217 0.98 0.9299 -0.0316 0.0316 NA NA 1 0.2213 0.041 0.041 0.041 1.041 1 0.4249 0.0367 0.0367 0.0367 1.0367 1 0.4263 0 0
8 155 7484 0 0 0 0 0 1.0061 0 0.9944 0.5692 0.5692 0.5798 0.2917 1.0346 0.9304 0.5646 0.6234 0.7281 0.792 1.9255 0.9873 0.573 0.573 0.5842 0.264 0.9828 0.0669 0.0669 NA NA 1 0.2228 0.0251 0.0251 0.0251 1.0251 1 0.4246 0.0173 0.0173 0.0173 1.0173 1 0.4186 0 0
8 156 7264 0 0 0 0 0 1.0055 0 0.9868 -0.2655 0.2655 0.363 0.9167 1.0505 0.9218 -0.2048 0.4004 0.5067 0.948 1.8814 0.9878 -0.1379 0.1793 0.2134 1 0.9079 -0.0619 0.0619 NA NA 1 0.2221 0.0394 0.0394 0.0394 1.0394 1 0.4184 0.0321 0.0321 0.0321 1.0321 1 0.4146 0 0
8 157 7455 0 0 0 0 0 1.0105 0 0.9879 0.2262 0.2568 0.3196 0.9583 1.0971 0.9294 0.2003 0.3908 0.4891 0.952 1.9194 0.9951 0.2351 0.2405 0.2738 1 0.9805 0.0077 0.0077 NA NA 1 0.2148 0.0731 0.0731 0.0731 1.0731 1 0.4357 0.0698 0.0698 0.0698 1.0698 1 0.4336 0 0
8 158 8054 0 0 0 0 0 1.0149 0 0.986 -0.0328 0.126 0.1764 0.9583 0.9695 0.934 -0.0476 0.3485 0.445 0.954 1.8482 0.9752 -0.0672 0.1347 0.1728 1 0.8882 -0.078 0.078 NA NA 1 0.2146 -0.0271 0.0271 -0.0271 0.9729 1 0.3935 -0.0359 0.0359 -0.0359 0.9641 1 0.3892 0 0
8 159 9430 0 0 0 0 0 1.009 0 0.9898 0.3145 0.3145 0.352 0.875 1.0237 0.927 0.3381 0.4659 0.5833 0.898 1.9515 0.9797 0.3307 0.3307 0.36 0.882 0.9888 -0.0149 0.0149 NA NA 1 0.2235 0.163 0.163 0.163 1.163 1 0.472 0.1589 0.1589 0.1589 1.1589 1 0.4681 0 0
8 160 9428 0 0 0 0 0 1.0058 0 0.9843 0.5269 0.5269 0.5513 0.4167 0.9934 0.9332 0.5169 0.5752 0.6866 0.798 1.8793 0.9796 0.4643 0.4643 0.4858 0.588 0.9425 -0.0114 0.0114 NA NA 1 0.2338 -0.0359 0.0359 -0.0359 0.9641 1 0.4075 -0.0394 0.0394 -0.0394 0.9606 1 0.4029 0 0
8 161 9288 0 0 0 0 0 1.0073 0 0.9827 0.1715 0.2148 0.256 0.9583 1.0242 0.9284 0.1586 0.3828 0.4843 0.944 1.9165 0.9863 0.239 0.2454 0.2665 1 0.9679 -0.0035 0.0035 NA NA 1 0.2194 0.0546 0.0546 0.0546 1.0546 1 0.4344 0.0512 0.0512 0.0512 1.0512 1 0.4314 0 0
8 162 9211 0 0 0 0 0 1.008 0 0.9832 -0.2622 0.2705 0.3353 0.875 1.0352 0.9414 -0.2188 0.3786 0.4765 0.954 1.9002 0.9762 -0.232 0.2331 0.2784 0.994 0.9906 0.0882 0.0882 NA NA 1 0.2185 0.0533 0.0533 0.0533 1.0533 1 0.4359 0.0417 0.0417 0.0417 1.0417 1 0.4292 0 0
8 163 10604 0 0 0 0 0 1.0149 0 0.9931 -0.7103 0.7103 0.727 0.1667 1.0721 0.9247 -0.6893 0.723 0.8271 0.688 1.9428 0.9757 -0.7211 0.7211 0.739 0.028 0.9562 -0.0372 0.0372 NA NA 1 0.2277 0.0629 0.0629 0.0629 1.0629 1 0.4375 0.0578 0.0578 0.0578 1.0578 1 0.4359 0 0
8 164 9177 0 0 0 0 0 1.0076 0 0.9869 0.0553 0.186 0.2553 0.9583 1.0388 0.9305 0.0308 0.3647 0.4703 0.952 1.8379 0.9886 0.0448 0.0937 0.117 1 0.9142 -0.0854 0.0854 NA NA 1 0.2261 -0.1757 0.1757 -0.1757 0.8243 1 0.3551 -0.1844 0.1844 -0.1844 0.8156 1 0.3547 0 0
8 165 10601 0 0 0 0 0 1.016 0 0.9914 -0.6269 0.6269 0.6549 0.1667 1.0423 0.9392 -0.5895 0.622 0.725 0.778 1.8868 0.9855 -0.5631 0.5631 0.5799 0.31 0.9476 -0.0158 0.0158 NA NA 1 0.2185 -0.0266 0.0266 -0.0266 0.9734 1 0.3939 -0.03 0.03 -0.03 0.97 1 0.3924 0 0
8 166 7257 0 0 0 0 0 1.0051 0 0.9918 0.0136 0.1371 0.1734 1 1.0262 0.9309 0.0112 0.3412 0.4408 0.966 1.7978 0.9842 -0.0202 0.1014 0.1461 1 0.9288 -0.0258 0.0258 NA NA 1 0.2226 -0.2358 0.2358 -0.2358 0.7642 0 0.3149 -0.2388 0.2388 -0.2388 0.7612 0 0.3129 0 0
8 167 9561 0 0 0 0 0 1.007 0 0.9914 -0.0547 0.1275 0.1607 1 0.9665 0.9433 -0.0734 0.365 0.4624 0.978 2.0079 0.9897 -0.0924 0.1124 0.1511 1 0.9851 0.0066 0.0066 NA NA 1 0.2133 0.5144 0.5144 0.5144 1.5144 0 0.6023 0.51 0.51 0.51 1.51 0 0.599 0 0
8 168 6656 0 0 0 109 0 1.0289 0 0.9911 -0.2208 0.2377 0.2722 1 1.038 0.9274 -0.2494 0.4287 0.5384 0.928 1.9487 0.9876 -0.2736 0.2736 0.298 0.97 0.969 -0.0499 0.0499 NA NA 1 0.2124 0.2092 0.2092 0.2092 1.2092 1 0.4769 0.2026 0.2026 0.2026 1.2026 1 0.4703 0 1
8 169 7831 0 0 0 0 0 1.005 0 0.9867 -0.1096 0.1812 0.2511 0.9583 1.0543 0.9326 -0.1035 0.3642 0.4687 0.95 1.8574 0.9919 -0.1529 0.1614 0.1849 1 0.9678 -0.0088 0.0088 NA NA 1 0.2244 -0.101 0.101 -0.101 0.899 1 0.3706 -0.104 0.104 -0.104 0.896 1 0.3699 0 0
8 170 8824 0 0 0 0 0 1.0062 0 0.9956 0.0012 0.1862 0.2344 1 1.0339 0.9298 -0.0124 0.3674 0.4652 0.952 1.8127 0.9627 0.0183 0.1493 0.1972 1 0.8909 -0.0813 0.0813 NA NA 1 0.229 -0.2421 0.2421 -0.2421 0.7579 0 0.3258 -0.2498 0.2498 -0.2498 0.7502 0 0.3233 0 0
8 171 11372 0 0 0 0 0 1.0141 0 0.988 -0.4835 0.4835 0.5229 0.75 1.0866 0.9211 -0.4998 0.57 0.687 0.818 1.9164 0.9799 -0.5029 0.5029 0.5223 0.488 1.0163 0.113 0.113 NA NA 0 0.2307 -0.0889 0.0889 -0.0889 0.9111 1 0.3887 -0.1039 0.1039 -0.1039 0.8961 1 0.3764 0 0
8 172 10778 0 0 0 0 0 1.0117 0 0.9907 -0.2022 0.2537 0.2834 1 1.0251 0.9304 -0.1916 0.3899 0.4917 0.942 1.8413 0.9779 -0.186 0.1962 0.25 0.9 0.9603 0.0948 0.0948 NA NA 1 0.2157 -0.0855 0.0855 -0.0855 0.9145 1 0.3881 -0.0966 0.0966 -0.0966 0.9034 1 0.3829 0 0
8 173 7446 0 0 0 0 0 1.008 0 0.9925 -0.0618 0.1609 0.2057 1 1.0594 0.9255 -0.0593 0.3588 0.4604 0.942 1.852 0.9837 -0.0254 0.1382 0.1706 1 0.9565 0.0874 0.0874 NA NA 1 0.2206 -0.1328 0.1328 -0.1328 0.8672 1 0.37 -0.1424 0.1424 -0.1424 0.8576 1 0.3645 0 0
8 174 9138 0 0 0 0 0 1.0067 0 0.9877 0.3173 0.3173 0.3959 0.8333 1.0792 0.9203 0.3275 0.4504 0.5593 0.914 1.9025 0.9759 0.299 0.2992 0.3401 0.884 0.9705 0.1039 0.1039 NA NA 1 0.2099 -0.0561 0.0561 -0.0561 0.9439 1 0.3982 -0.0691 0.0691 -0.0691 0.9309 1 0.3874 0 0
8 175 9297 0 0 0 0 0 1.006 0 0.9899 0.1114 0.1342 0.174 1 0.9855 0.9352 0.0941 0.356 0.4463 0.974 1.8367 0.9824 0.0965 0.1265 0.1687 1 0.9532 0.0217 0.0217 NA NA 1 0.2179 -0.0756 0.0756 -0.0756 0.9244 1 0.3792 -0.0789 0.0789 -0.0789 0.9211 1 0.3758 0 0
8 176 7737 0 0 0 104 0 1.013 0 0.9863 -0.6874 0.6874 0.71 0.25 1.0271 0.9268 -0.6277 0.6676 0.7748 0.74 1.9091 0.9923 -0.6436 0.6436 0.6524 0.084 0.9563 0.0468 0.0468 NA NA 1 0.2235 0.0208 0.0208 0.0208 1.0208 1 0.4133 0.0153 0.0153 0.0153 1.0153 1 0.4095 0 1
8 177 9129 0 0 0 0 0 1.0073 0 0.984 -0.2298 0.249 0.2922 0.9167 0.974 0.927 -0.2038 0.3805 0.4739 0.936 1.7828 0.99 -0.2363 0.2378 0.2712 0.932 0.8837 -0.0708 0.0708 NA NA 1 0.215 -0.1992 0.1992 -0.1992 0.8008 0 0.3275 -0.2057 0.2057 -0.2057 0.7943 0 0.324 0 0
8 178 7205 0 0 0 0 0 1.0062 0 0.9855 -0.4888 0.4888 0.5445 0.5417 1.057 0.9338 -0.4865 0.5487 0.6548 0.84 1.9147 0.9725 -0.5775 0.5775 0.6007 0.322 0.9203 -0.0855 0.0855 NA NA 1 0.2242 -0.0566 0.0566 -0.0566 0.9434 1 0.3957 -0.0666 0.0666 -0.0666 0.9334 1 0.3862 0 0
8 179 8139 0 0 0 0 0 1.0087 0 0.9926 -0.5358 0.5358 0.5534 0.5 1.0407 0.9234 -0.5061 0.5642 0.679 0.8 1.872 0.9818 -0.4149 0.4149 0.4425 0.66 0.9445 -0.0066 0.0066 NA NA 1 0.2266 -0.0576 0.0576 -0.0576 0.9424 1 0.3931 -0.0608 0.0608 -0.0608 0.9392 1 0.3902 0 0
8 180 9923 0 0 0 0 0 1.0128 0 0.9912 0.5605 0.5605 0.5787 0.4167 1.0251 0.9225 0.5002 0.5817 0.6849 0.816 1.883 0.9855 0.5369 0.5369 0.5527 0.274 0.9399 -0.0475 0.0475 NA NA 1 0.2179 -0.1118 0.1118 -0.1118 0.8882 1 0.3589 -0.1167 0.1167 -0.1167 0.8833 1 0.3588 0 0
8 181 9247 0 0 0 0 0 1.0088 0 0.9918 -0.8083 0.8083 0.8321 0.0833 1.0999 0.9269 -0.7366 0.7733 0.8719 0.666 1.9184 0.9949 -0.7958 0.7958 0.8009 0.008 0.9624 -0.0184 0.0184 NA NA 1 0.2351 -0.1117 0.1117 -0.1117 0.8883 1 0.3817 -0.1152 0.1152 -0.1152 0.8848 1 0.3803 0 0
8 182 7489 0 0 0 0 0 1.0073 0 0.9913 -0.152 0.1963 0.2228 1 1.0345 0.937 -0.2038 0.3918 0.4888 0.948 1.8467 0.9947 -0.1912 0.1912 0.2269 0.984 0.929 -0.0858 0.0858 NA NA 1 0.2199 -0.1062 0.1062 -0.1062 0.8938 1 0.368 -0.1157 0.1157 -0.1157 0.8843 1 0.363 0 0
8 183 10898 0 0 0 0 0 1.0062 0 0.9872 -0.0787 0.137 0.1629 1 0.9861 0.9319 -0.0801 0.365 0.4645 0.964 1.8609 0.985 -0.1116 0.1451 0.1725 1 0.9495 0.0021 0.0021 NA NA 1 0.2227 0.0399 0.0399 0.0399 1.0399 1 0.4242 0.0365 0.0365 0.0365 1.0365 1 0.4231 0 0
8 184 9474 0 0 0 426 0 1.017 0 0.99 -0.3961 0.3963 0.421 0.875 1.0589 0.9277 -0.4376 0.5225 0.6404 0.868 1.9425 0.9713 -0.374 0.374 0.4117 0.784 1.0428 0.0922 0.0922 NA NA 1 0.2129 0.0859 0.0859 0.0859 1.0859 1 0.4466 0.0734 0.0734 0.0734 1.0734 1 0.4402 0 1
8 185 7383 0 0 0 0 0 1.0026 0 0.9876 -0.4926 0.5143 0.5727 0.5417 1.1274 0.9119 -0.4815 0.5703 0.6832 0.816 1.8964 0.9895 -0.4621 0.4621 0.4775 0.67 0.9503 0.0376 0.0376 NA NA 1 0.2429 -0.2241 0.2241 -0.2241 0.7759 0 0.3386 -0.2284 0.2284 -0.2284 0.7716 0 0.3346 0 0
8 186 7637 0 0 0 0 0 1.0052 0 0.9919 -0.4082 0.4082 0.4451 0.875 1.1042 0.933 -0.3708 0.4604 0.5641 0.904 1.9065 0.9814 -0.4841 0.4865 0.5032 0.534 0.9618 -0.0288 0.0288 NA NA 1 0.2187 -0.0729 0.0729 -0.0729 0.9271 1 0.3886 -0.0766 0.0766 -0.0766 0.9234 1 0.3883 0 0
8 187 7387 0 0 0 0 0 1.007 0 0.9866 -0.2346 0.241 0.2946 0.9583 0.9913 0.9329 -0.2075 0.3887 0.4951 0.942 1.8401 0.9928 -0.1469 0.1569 0.17 1 0.9431 -0.0061 0.0061 NA NA 1 0.2176 -0.0899 0.0899 -0.0899 0.9101 1 0.3679 -0.0929 0.0929 -0.0929 0.9071 1 0.3669 0 0
8 188 7384 0 0 0 0 0 1.0104 0 0.9928 -0.4376 0.4594 0.508 0.6667 1.1559 0.924 -0.4237 0.52 0.6345 0.874 1.9539 0.9933 -0.4045 0.4045 0.4185 0.744 0.9985 0.0956 0.0956 NA NA 1 0.2256 -0.1013 0.1013 -0.1013 0.8987 1 0.3922 -0.1126 0.1126 -0.1126 0.8874 1 0.3838 0 0
8 189 9014 0 0 0 0 0 1.0041 0 0.9836 0.0077 0.2067 0.2756 0.9583 1.074 0.9281 0.0642 0.3746 0.4807 0.956 1.8994 0.9957 0.1081 0.112 0.1375 1 0.9779 0.0127 0.0127 NA NA 1 0.2192 -0.0445 0.0445 -0.0445 0.9555 1 0.3987 -0.0477 0.0477 -0.0477 0.9523 1 0.3969 0 0
8 190 9177 0 0 0 0 0 1.0035 0 0.9902 0.1197 0.1723 0.2314 1 1.0637 0.93 0.1176 0.372 0.4688 0.96 1.8887 0.9934 0.0411 0.0794 0.0961 1 0.9457 -0.018 0.018 NA NA 1 0.2147 -0.0309 0.0309 -0.0309 0.9691 1 0.4041 -0.0342 0.0342 -0.0342 0.9658 1 0.4048 0 0
8 191 11022 0 0 0 0 0 1.0059 0 0.983 0.4063 0.4063 0.4597 0.7083 1.0061 0.9285 0.3735 0.5025 0.6056 0.868 1.7991 0.9906 0.3743 0.3743 0.3897 0.788 0.9198 -0.0505 0.0505 NA NA 1 0.2323 -0.2445 0.2445 -0.2445 0.7555 0 0.3109 -0.2492 0.2492 -0.2492 0.7508 0 0.306 0 0
8 192 7344 0 0 0 0 0 1.0119 0 0.9903 0.334 0.334 0.3661 0.8333 1.0176 0.9297 0.326 0.4426 0.5428 0.898 1.8156 0.9809 0.2973 0.3008 0.3323 0.912 0.9229 0.022 0.022 NA NA 1 0.2213 -0.1611 0.1611 -0.1611 0.8389 1 0.3572 -0.1642 0.1642 -0.1642 0.8358 1 0.3539 0 0
8 193 7370 0 0 0 0 0 1.0084 0 0.9853 -0.1813 0.2394 0.2875 0.9167 1.0699 0.932 -0.1803 0.3948 0.4884 0.956 1.8582 0.9892 -0.1542 0.1644 0.1865 1 0.962 0.0013 0.0013 NA NA 1 0.2225 -0.1456 0.1456 -0.1456 0.8544 1 0.3634 -0.1485 0.1485 -0.1485 0.8515 1 0.3614 0 0
8 194 8948 0 0 0 0 0 1.0134 0 0.9805 -0.6724 0.6724 0.6902 0.2083 0.9714 0.9318 -0.6844 0.7194 0.8288 0.672 1.9132 0.9879 -0.7013 0.7013 0.714 0.004 0.9157 -0.0477 0.0477 NA NA 1 0.2234 -0.0511 0.0511 -0.0511 0.9489 1 0.3877 -0.0566 0.0566 -0.0566 0.9434 1 0.3841 0 0
8 195 8953 0 0 0 0 0 1.013 0 0.9846 -0.496 0.496 0.545 0.5 1.0373 0.9401 -0.4761 0.5404 0.6441 0.83 1.8448 0.9947 -0.5578 0.5578 0.5631 0.104 0.9257 -0.0352 0.0352 NA NA 1 0.2225 -0.1777 0.1777 -0.1777 0.8223 1 0.3419 -0.1814 0.1814 -0.1814 0.8186 1 0.3393 0 0
8 196 10624 0 0 0 0 0 1.0108 0 0.9887 -0.1375 0.1704 0.2005 1 1.0344 0.9385 -0.1152 0.3366 0.4213 0.974 1.864 0.99 -0.1402 0.1459 0.1759 1 0.9914 0.0346 0.0346 NA NA 1 0.2154 -0.0746 0.0746 -0.0746 0.9254 1 0.3732 -0.0785 0.0785 -0.0785 0.9215 1 0.3735 0 0
8 197 7235 0 0 0 0 0 1.0124 0 0.9895 0.3817 0.3856 0.4243 0.75 1.0544 0.9351 0.3232 0.4535 0.5587 0.912 1.867 0.9941 0.33 0.33 0.344 0.85 0.9801 0.0311 0.0311 NA NA 1 0.2295 -0.0707 0.0707 -0.0707 0.9293 1 0.3992 -0.0748 0.0748 -0.0748 0.9252 1 0.3937 0 0
8 198 8490 0 0 0 0 0 1.0123 0 0.9814 0.1279 0.1605 0.2231 0.9167 0.9853 0.9375 0.1004 0.3476 0.4453 0.96 1.8208 0.9816 0.1042 0.1472 0.1777 1 0.9354 0.0316 0.0316 NA NA 1 0.2083 -0.0512 0.0512 -0.0512 0.9488 1 0.3912 -0.0548 0.0548 -0.0548 0.9452 1 0.3914 0 0
8 199 9049 0 0 0 0 0 1.008 0 0.9761 -0.239 0.261 0.3066 0.9583 1.0271 0.9315 -0.2527 0.3981 0.5073 0.928 1.874 0.9874 -0.2185 0.2214 0.2456 1 0.9709 -0.0662 0.0662 NA NA 1 0.2202 -0.0241 0.0241 -0.0241 0.9759 1 0.4026 -0.0315 0.0315 -0.0315 0.9685 1 0.3979 0 0
8 200 9206 0 0 0 0 0 1.0188 0 0.9891 0.2292 0.2363 0.2719 0.9167 0.9933 0.935 0.2316 0.41 0.5113 0.938 1.891 0.9878 0.2118 0.2124 0.2388 1 0.9395 -0.0529 0.0529 NA NA 1 0.2178 0.0739 0.0739 0.0739 1.0739 1 0.4324 0.0676 0.0676 0.0676 1.0676 1 0.4292 0 0
