cond r run.time ndiv nbfmi ntree nbulk ntail maxRhat nRhat beta.cor beta.bias beta.abbias beta.rmse beta.cover beta.CI theta.cor theta.bias theta.abbias theta.rmse theta.cover theta.CI attra.cor attra.bias attra.abbias attra.rmse attra.cover attra.CI lambda.bias lambda.abbias lambda.rbias lambda.rbias2 lambda.cover lambda.CI pvar.bias pvar.abbias pvar.rbias pvar.rbias2 pvar.cover pvar.CI sigma2.bias sigma2.abbias sigma2.rbias sigma2.rbias2 sigma2.cover sigma2.CI corrupt efficiency
25 1 304 0 0 0 0 0 1.0071 0 0.9163 0.1618 0.3249 0.4002 1 1.8909 0.7662 0.1834 0.5779 0.7686 0.98 2.9529 0.951 0.0034 0.2122 0.2762 1 1.9241 0.1439 0.1439 NA NA 1 0.9876 -0.0356 0.0356 -0.0356 0.9644 1 1.6727 -0.1363 0.1363 -0.1363 0.8637 1 1.4249 0 0
25 2 354 0 0 0 0 0 1.005 0 0.8253 -1.0255 1.0255 1.1746 0.5 2.0578 0.7746 -0.7215 0.9123 1.0848 0.81 3.1745 0.8496 -0.8216 0.8216 0.9514 0.52 1.7587 0.0201 0.0201 NA NA 1 0.7903 0.1419 0.1419 0.1419 1.1419 1 1.7557 0.0916 0.0916 0.0916 1.0916 1 1.681 0 0
25 3 307 0 0 0 0 0 1.003 0 0.9407 -0.78 0.7927 0.9068 0.6667 2.0533 0.7354 -0.7345 0.8539 1.0439 0.81 2.7522 0.9123 -0.6517 0.6517 0.7285 0.63 1.6879 0.0034 0.0034 NA NA 1 0.9883 -0.3938 0.3938 -0.3938 0.6062 1 1.2236 -0.4335 0.4335 -0.4335 0.5665 1 1.1208 0 0
25 4 328 0 0 0 0 0 1.0046 0 0.9269 -0.388 0.4393 0.529 1 1.953 0.7768 -0.3447 0.7419 0.9606 0.92 2.9198 0.9082 -0.5295 0.5295 0.6079 0.84 1.8483 0.1154 0.1154 NA NA 1 0.9242 -0.2418 0.2418 -0.2418 0.7582 1 1.3114 -0.304 0.304 -0.304 0.696 1 1.2038 0 0
25 5 311 0 0 0 0 0 1.0041 0 0.9488 -1.2203 1.2203 1.3496 0.25 2.1515 0.8096 -0.8649 1.0978 1.2796 0.6 2.4222 0.9753 -0.8516 0.8516 0.8704 0.38 1.6201 -0.0172 0.0172 NA NA 1 0.9779 -0.6236 0.6236 -0.6236 0.3764 0 0.9066 -0.6461 0.6461 -0.6461 0.3539 0 0.8652 0 0
25 6 343 0 0 0 0 0 1.0043 0 0.9173 -0.9944 0.9944 1.0591 0.5 1.9115 0.8111 -0.9492 1.0217 1.2148 0.69 2.9287 0.9138 -0.8304 0.8304 0.879 0.56 1.6579 -0.297 0.297 NA NA 1 0.8365 -0.0803 0.0803 -0.0803 0.9197 1 1.4563 -0.2039 0.2039 -0.2039 0.7961 1 1.3294 0 0
25 7 490 0 0 0 0 0 1.0014 0 0.8563 1.1686 1.1793 1.4104 0.4167 2.1881 0.757 0.9109 1.0252 1.219 0.68 2.7404 0.9361 0.9121 0.9121 0.979 0.6 2.1854 0.51 0.51 NA NA 0 0.7925 -0.1221 0.1221 -0.1221 0.8779 1 1.7116 -0.4171 0.4171 -0.4171 0.5829 1 1.0794 0 0
25 8 329 0 0 0 0 0 1.0017 0 0.9428 0.3358 0.4575 0.4842 1 1.9551 0.7544 0.2846 0.6101 0.7993 0.94 2.6021 0.8651 0.226 0.3417 0.4206 1 1.6083 -0.2095 0.2095 NA NA 1 0.9858 -0.4872 0.4872 -0.4872 0.5128 1 0.9308 -0.5437 0.5437 -0.5437 0.4563 0 0.8588 0 0
25 9 325 0 0 0 0 0 1.0031 0 0.9748 -0.3332 0.4604 0.5009 1 2.0245 0.7569 -0.3108 0.6545 0.7998 0.93 2.543 0.8708 -0.3006 0.3341 0.4662 0.9 1.6374 0.0639 0.0639 NA NA 1 0.9129 -0.5103 0.5103 -0.5103 0.4897 1 1.0128 -0.5419 0.5419 -0.5419 0.4581 1 0.9398 0 0
25 10 296 0 0 0 0 0 1.0022 0 0.9425 -0.4481 0.6066 0.7992 0.75 1.9632 0.8145 -0.3043 0.606 0.8025 0.88 2.6557 0.9687 -0.4289 0.4289 0.4959 0.93 1.6043 -0.0613 0.0613 NA NA 1 0.8632 -0.3959 0.3959 -0.3959 0.6041 1 1.1223 -0.4275 0.4275 -0.4275 0.5725 1 1.0534 0 0
25 11 317 0 0 0 0 0 1.0053 0 0.8177 0.2621 0.4614 0.6262 0.8333 1.9208 0.8179 0.3381 0.6087 0.7817 0.95 2.7896 0.9226 0.4179 0.4466 0.502 0.86 1.7034 0.0197 0.0197 NA NA 1 0.6613 -0.2232 0.2232 -0.2232 0.7768 1 1.2551 -0.2459 0.2459 -0.2459 0.7541 1 1.2278 0 0
25 12 281 0 0 0 0 0 1.0013 0 0.924 0.1131 0.3018 0.3637 1 1.8819 0.7659 0.1358 0.5933 0.803 0.97 3.1859 0.6989 0.2086 0.5404 0.6224 0.77 1.6179 -0.0314 0.0314 NA NA 1 0.8469 0.3009 0.3009 0.3009 1.3009 1 1.8864 0.2331 0.2331 0.2331 1.2331 1 1.7875 0 0
25 13 354 0 0 0 0 0 1.0027 0 0.8589 1.041 1.041 1.1905 0.5833 2.0811 0.7522 1.043 1.0987 1.2926 0.68 3.0968 0.8407 0.8197 0.8197 0.9617 0.55 1.9074 0.2918 0.2918 NA NA 1 0.9513 0.053 0.053 0.053 1.053 1 1.8543 -0.1124 0.1124 -0.1124 0.8876 1 1.5395 0 0
25 14 258 0 0 0 0 0 1.0061 0 0.6488 0.0495 0.4634 0.6589 0.75 1.9715 0.803 -0.0317 0.553 0.7026 0.98 3.2592 0.9279 -0.0923 0.2464 0.3254 1 1.9392 0.0994 0.0994 NA NA 1 0.8876 0.0317 0.0317 0.0317 1.0317 1 1.7693 -0.0402 0.0402 -0.0402 0.9598 1 1.6224 0 0
25 15 299 0 0 0 0 0 1.0017 0 0.9156 -0.7895 0.8881 1.0334 0.8333 2.1341 0.7733 -0.539 0.7286 0.9459 0.82 2.4552 0.8955 -0.6765 0.689 0.7967 0.55 1.6634 0.2275 0.2275 NA NA 1 0.9822 -0.5286 0.5286 -0.5286 0.4714 1 1.0368 -0.5911 0.5911 -0.5911 0.4089 0 0.8752 0 0
25 16 378 0 0 0 0 0 1.0023 0 0.7853 -0.1821 0.4428 0.567 0.8333 1.9018 0.8416 -0.1705 0.6341 0.7983 0.96 2.8684 0.9911 -0.1754 0.1896 0.2236 1 1.8411 0.1693 0.1693 NA NA 1 0.8228 -0.0831 0.0831 -0.0831 0.9169 1 1.5248 -0.1606 0.1606 -0.1606 0.8394 1 1.3747 0 0
25 17 274 0 0 0 0 0 1.0027 0 0.8266 -1.4524 1.4524 1.5175 0.0833 2.1123 0.7835 -1.2483 1.3026 1.4782 0.65 3.7046 0.9453 -1.2552 1.2552 1.328 0.32 2.0258 0.1381 0.1381 NA NA 1 0.8635 0.5215 0.5215 0.5215 1.5215 1 2.4305 0.4021 0.4021 0.4021 1.4021 1 2.1815 0 0
25 18 291 0 0 0 0 0 1.002 0 0.8837 -0.064 0.3516 0.4143 1 1.8543 0.7282 0.216 0.6483 0.9227 0.9 2.7058 0.7902 0.2201 0.3781 0.4914 0.82 1.6929 0.1537 0.1537 NA NA 1 0.771 -0.2284 0.2284 -0.2284 0.7716 1 1.221 -0.2822 0.2822 -0.2822 0.7178 1 1.0975 0 0
25 19 307 0 0 0 0 0 1.0042 0 0.8626 0.1319 0.4235 0.4612 1 1.8888 0.743 0.3368 0.6649 0.9102 0.92 2.7813 0.9702 0.4144 0.4144 0.4698 1 1.8239 0.1626 0.1626 NA NA 1 0.819 -0.2335 0.2335 -0.2335 0.7665 1 1.3753 -0.2966 0.2966 -0.2966 0.7034 1 1.205 0 0
25 20 398 0 0 0 0 0 1.0041 0 0.9165 0.5331 0.6058 0.7145 0.75 1.8902 0.7994 0.4491 0.6996 0.8553 0.81 2.3638 0.9832 0.4617 0.4617 0.4868 1 1.5626 0.0098 0.0098 NA NA 1 1.0818 -0.6017 0.6017 -0.6017 0.3983 0 0.8017 -0.6331 0.6331 -0.6331 0.3669 0 0.7419 0 0
25 21 372 0 0 0 0 0 1.0088 0 0.9574 -0.3125 0.3648 0.4098 1 1.8983 0.776 -0.4597 0.6921 0.9291 0.95 3.1157 0.9184 -0.2843 0.3047 0.416 0.92 1.8121 0.0529 0.0529 NA NA 1 0.773 0.2323 0.2323 0.2323 1.2323 1 1.8443 0.1746 0.1746 0.1746 1.1746 1 1.7421 0 0
25 22 344 0 0 0 0 0 1.0022 0 0.9155 -0.3854 0.4608 0.5883 0.8333 2.0139 0.7262 -0.2346 0.665 0.8955 0.89 2.6116 0.968 -0.4669 0.4669 0.518 0.98 1.8127 0.2283 0.2283 NA NA 1 1.0182 -0.4525 0.4525 -0.4525 0.5475 1 1.1948 -0.5303 0.5303 -0.5303 0.4697 1 0.968 0 0
25 23 281 0 0 0 0 0 1.0034 0 0.9446 -0.7761 0.7761 0.8751 0.8333 1.9379 0.8283 -0.5373 0.75 0.9369 0.9 3.0707 0.932 -0.5007 0.5007 0.5625 0.82 1.6958 -0.1947 0.1947 NA NA 1 0.8707 0 0 0 1 1 1.6068 -0.0878 0.0878 -0.0878 0.9122 1 1.4946 0 0
25 24 389 0 0 0 0 0 1.0048 0 0.8757 0.7358 0.7677 1.0299 0.75 2.1817 0.7538 0.5663 0.7405 0.9236 0.8 2.537 0.9322 0.6905 0.6905 0.7608 0.64 1.8741 0.2366 0.2366 NA NA 1 1.342 -0.5566 0.5566 -0.5566 0.4434 1 1.1619 -0.6527 0.6527 -0.6527 0.3473 0 0.8781 0 0
25 25 330 0 0 0 0 0 1.0051 0 0.9118 -0.3706 0.4719 0.5824 0.9167 1.9385 0.8036 -0.3299 0.5846 0.7458 0.92 2.6133 0.9519 -0.3962 0.4495 0.5567 0.8 1.5349 -0.0736 0.0736 NA NA 1 0.8974 -0.3609 0.3609 -0.3609 0.6391 1 1.0951 -0.3988 0.3988 -0.3988 0.6012 1 1.0481 0 0
25 26 355 0 0 0 0 0 1.0015 0 0.9443 -0.5139 0.5161 0.6242 0.9167 1.9744 0.7743 -0.3178 0.6928 0.8559 0.93 3.0022 0.9714 -0.3263 0.3263 0.3879 1 1.9085 0.1884 0.1884 NA NA 1 0.8104 -0.0816 0.0816 -0.0816 0.9184 1 1.5629 -0.1658 0.1658 -0.1658 0.8342 1 1.359 0 0
25 27 324 0 0 0 0 0 1.003 0 0.82 -0.9455 0.9455 1.0987 0.5 2.0194 0.8324 -0.7839 0.9706 1.1404 0.69 2.5663 0.9461 -0.7418 0.7418 0.7955 0.49 1.5116 -0.3304 0.3304 NA NA 1 0.7701 -0.4656 0.4656 -0.4656 0.5344 1 0.95 -0.5449 0.5449 -0.5449 0.4551 0 0.8626 0 0
25 28 241 0 0 0 0 0 1.0034 0 0.9431 0.201 0.5475 0.7327 0.9167 2.066 0.796 0.1429 0.6868 0.8352 0.89 2.6262 0.9074 -0.0256 0.3169 0.3782 1 1.6165 0.082 0.082 NA NA 1 0.8765 -0.4001 0.4001 -0.4001 0.5999 1 1.1285 -0.437 0.437 -0.437 0.563 1 1.0418 0 0
25 29 222 0 0 0 0 0 1.0147 0 0.9327 0.8186 0.8186 0.9294 0.5 2.0218 0.7816 0.5524 0.7411 0.8951 0.86 2.7977 0.9713 0.4852 0.4986 0.5648 0.76 1.6007 -0.3131 0.3131 NA NA 1 0.918 -0.2461 0.2461 -0.2461 0.7539 1 1.3025 -0.3678 0.3678 -0.3678 0.6322 1 1.0952 0 0
25 30 336 0 0 0 0 0 1.006 0 0.9412 -0.2419 0.3743 0.4278 1 1.9257 0.8632 -0.4134 0.6403 0.7693 0.98 3.048 0.975 -0.5131 0.5131 0.5423 1 1.784 -0.063 0.063 NA NA 1 0.7598 -0.0239 0.0239 -0.0239 0.9761 1 1.4916 -0.0659 0.0659 -0.0659 0.9341 1 1.4436 0 0
25 31 231 0 0 0 0 0 1.004 0 0.8531 -1.394 1.394 1.5303 0.4167 2.2768 0.638 -1.2984 1.4125 1.5949 0.51 3.2501 0.8759 -1.3441 1.3441 1.4201 0.24 1.8135 -0.1757 0.1757 NA NA 1 0.999 -0.1042 0.1042 -0.1042 0.8958 1 1.7902 -0.1865 0.1865 -0.1865 0.8135 1 1.7379 0 0
25 32 412 0 0 0 0 0 1.0109 0 0.829 0.4139 0.641 0.7447 0.8333 1.9078 0.8347 0.4026 0.6397 0.8184 0.96 2.909 0.8405 0.2752 0.4247 0.5268 0.95 1.9038 0.2364 0.2364 NA NA 1 0.7028 0.1439 0.1439 0.1439 1.1439 1 1.7966 0.0297 0.0297 0.0297 1.0297 1 1.5121 0 0
25 33 238 0 0 0 0 0 1.0028 0 0.8212 0.1883 0.4236 0.5355 0.9167 1.9362 0.8272 0.1722 0.5224 0.6666 0.99 3.0296 0.9411 0.1657 0.2471 0.3025 1 1.7323 -0.054 0.054 NA NA 1 0.7477 -0.0151 0.0151 -0.0151 0.9849 1 1.595 -0.056 0.056 -0.056 0.944 1 1.5342 0 0
25 34 226 0 0 0 0 0 1.0042 0 0.9553 -0.3213 0.5681 0.7002 0.8333 2.0206 0.8023 -0.1818 0.6367 0.8393 0.88 2.7883 0.9404 -0.2801 0.3241 0.4248 0.91 1.6687 -0.0824 0.0824 NA NA 1 0.9678 -0.3745 0.3745 -0.3745 0.6255 1 1.2066 -0.4173 0.4173 -0.4173 0.5827 1 1.1463 0 0
25 35 289 0 0 0 0 0 1.0035 0 0.859 -0.7225 0.7264 0.8998 0.75 2.0752 0.7637 -0.6492 0.7705 0.9896 0.86 2.9942 0.9728 -0.7175 0.7185 0.7672 0.79 2.0025 0.2486 0.2486 NA NA 1 0.967 -0.0546 0.0546 -0.0546 0.9454 1 1.8071 -0.1941 0.1941 -0.1941 0.8059 1 1.443 0 0
25 36 215 0 0 0 0 0 1.006 0 0.9272 -0.8468 0.8468 0.9351 0.5833 2.0405 0.7391 -0.6939 0.913 1.0725 0.81 3.1349 0.8429 -0.7657 0.7657 0.9084 0.55 1.7358 0.0053 0.0053 NA NA 1 0.8264 0.0075 0.0075 0.0075 1.0075 1 1.5658 -0.0401 0.0401 -0.0401 0.9599 1 1.4859 0 0
25 37 212 0 0 0 0 0 1.0027 0 0.9363 0.5383 0.6656 0.8194 0.8333 2.1171 0.7282 0.4864 0.7622 0.9415 0.81 2.6172 0.6192 0.4913 0.6556 0.8005 0.6 1.5248 0.257 0.257 NA NA 1 0.8102 -0.3924 0.3924 -0.3924 0.6076 1 1.082 -0.4611 0.4611 -0.4611 0.5389 1 0.9859 0 0
25 38 410 0 0 0 0 0 1.004 0 0.9715 -0.1402 0.2125 0.2768 1 1.8576 0.8624 -0.2009 0.5298 0.6969 0.98 3.1366 0.9467 -0.2143 0.2998 0.3817 1 1.9123 -0.0013 0.0013 NA NA 1 0.876 0.2709 0.2709 0.2709 1.2709 1 1.9457 0.2005 0.2005 0.2005 1.2005 1 1.8003 0 0
25 39 532 0 0 0 0 0 1.0033 0 0.6467 1.1569 1.1569 1.2883 0.4167 2.0498 0.7872 1.2001 1.2443 1.4582 0.61 3.0824 0.883 1.1248 1.1248 1.2491 0.47 2.6623 0.4592 0.4592 NA NA 1 0.8474 0.0133 0.0133 0.0133 1.0133 1 2.4873 -0.3232 0.3232 -0.3232 0.6768 1 1.3349 0 0
25 40 282 0 0 0 0 0 1.0094 0 0.8249 -0.7019 0.7312 0.8962 0.75 1.9384 0.7358 -0.4971 0.7961 0.9462 0.72 2.3133 0.7993 -0.4918 0.556 0.7195 0.65 1.471 -0.0194 0.0194 NA NA 1 0.9499 -0.5793 0.5793 -0.5793 0.4207 0 0.8008 -0.6038 0.6038 -0.6038 0.3962 0 0.7614 0 0
25 41 233 0 0 0 0 0 1.0017 0 0.847 -0.4683 0.6381 0.8333 0.75 1.9954 0.8533 -0.326 0.6383 0.8007 0.94 2.6905 0.9706 -0.4524 0.4524 0.4834 1 1.5767 -0.2604 0.2604 NA NA 1 0.7888 -0.4066 0.4066 -0.4066 0.5934 1 1.0619 -0.4713 0.4713 -0.4713 0.5287 1 0.9981 0 0
25 42 196 0 0 0 0 0 1.0062 0 0.9169 -0.0478 0.4101 0.488 1 1.9514 0.7449 -0.175 0.6126 0.8113 0.9 2.716 0.8457 -0.042 0.4043 0.4691 0.92 1.4602 -0.3295 0.3295 NA NA 1 0.7748 -0.1688 0.1688 -0.1688 0.8312 1 1.2696 -0.2926 0.2926 -0.2926 0.7074 1 1.1556 0 0
25 43 280 0 0 0 0 0 1.0039 0 0.9275 -0.3149 0.392 0.4685 1 1.856 0.7808 -0.3281 0.6561 0.8249 0.87 2.4446 0.9478 -0.3041 0.3077 0.3787 0.96 1.4779 -0.5389 0.5389 NA NA 1 0.9156 -0.4966 0.4966 -0.4966 0.5034 1 0.9597 -0.6654 0.6654 -0.6654 0.3346 0 0.8487 0 0
25 44 257 0 0 0 0 0 1.004 0 0.9345 -0.4543 0.4628 0.5375 0.9167 1.8242 0.8151 -0.4008 0.5957 0.7482 0.95 3.0718 0.8606 -0.3781 0.549 0.6582 0.74 1.654 0.0943 0.0943 NA NA 1 0.6896 0.2653 0.2653 0.2653 1.2653 1 1.8192 0.211 0.211 0.211 1.211 1 1.7344 0 0
25 45 376 0 0 0 0 0 1.0093 0 0.9042 -0.1545 0.3103 0.4345 1 1.9037 0.8516 -0.0129 0.5367 0.6803 0.98 2.9054 0.9163 -0.1965 0.2598 0.3653 0.99 2.0267 0.2279 0.2279 NA NA 1 0.9383 -0.0601 0.0601 -0.0601 0.9399 1 1.7695 -0.1835 0.1835 -0.1835 0.8165 1 1.3418 0 0
25 46 344 0 0 0 0 0 1.0029 0 0.8293 -1.0611 1.0611 1.1802 0.5833 2.0229 0.7487 -0.9126 1.0445 1.2467 0.73 3.0153 0.9568 -0.7754 0.7754 0.849 0.53 1.6866 -0.0599 0.0599 NA NA 1 0.8081 -0.1057 0.1057 -0.1057 0.8943 1 1.4589 -0.1464 0.1464 -0.1464 0.8536 1 1.4103 0 0
25 47 293 0 0 0 0 0 1.0032 0 0.8327 0.7817 0.844 0.9498 0.6667 2.0305 0.759 0.6399 0.8666 0.9989 0.77 2.6088 0.823 0.616 0.6364 0.7742 0.61 1.7077 0.1425 0.1425 NA NA 1 0.9663 -0.4772 0.4772 -0.4772 0.5228 1 1.1043 -0.5238 0.5238 -0.5238 0.4762 1 1.0148 0 0
25 48 329 0 0 0 0 0 1.0084 0 0.8801 0.8966 0.8997 1.0173 0.5833 1.9061 0.7192 0.6067 0.8359 1.0309 0.79 2.6188 0.9353 0.5298 0.5406 0.6269 0.75 1.5863 -0.0928 0.0928 NA NA 1 0.9862 -0.4027 0.4027 -0.4027 0.5973 1 1.0502 -0.4466 0.4466 -0.4466 0.5534 1 1.0062 0 0
25 49 246 0 0 0 0 0 1.0025 0 0.8949 0.8427 0.8721 1.0543 0.75 2.0996 0.7314 0.5827 0.7909 0.97 0.83 2.7335 0.7589 0.5957 0.6415 0.7723 0.59 1.6829 -0.0099 0.0099 NA NA 1 0.9432 -0.3907 0.3907 -0.3907 0.6093 1 1.1533 -0.4286 0.4286 -0.4286 0.5714 1 1.0642 0 0
25 50 314 0 0 0 0 0 1.001 0 0.9159 0.2459 0.4721 0.6057 0.9167 1.9152 0.8038 0.2459 0.6403 0.8243 0.93 2.6441 0.9455 0.117 0.2236 0.2746 1 1.677 0.0492 0.0492 NA NA 1 0.8465 -0.4006 0.4006 -0.4006 0.5994 1 1.0426 -0.4311 0.4311 -0.4311 0.5689 1 0.9796 0 0
25 51 242 0 0 0 0 0 1.0016 0 0.8843 -0.3289 0.6079 0.8469 0.8333 2.0345 0.7662 -0.102 0.6257 0.7989 0.89 2.4221 0.9114 -0.377 0.4483 0.5665 0.72 1.4831 -0.0247 0.0247 NA NA 1 0.9474 -0.5663 0.5663 -0.5663 0.4337 0 0.8874 -0.5915 0.5915 -0.5915 0.4085 0 0.8384 0 0
25 52 358 0 0 0 0 0 1.0044 0 0.845 -0.2342 0.4957 0.5918 0.9167 1.8565 0.7953 -0.091 0.5619 0.7363 0.95 2.6148 0.9013 -0.1514 0.4464 0.5093 0.88 1.6591 0.2671 0.2671 NA NA 1 0.7747 -0.2968 0.2968 -0.2968 0.7032 1 1.1811 -0.3821 0.3821 -0.3821 0.6179 1 1.0132 0 0
25 53 387 1 0 0 0 0 1.004 0 0.9057 0.9819 1.0095 1.2247 0.6667 2.226 0.8185 0.7228 0.905 1.1045 0.76 2.7006 0.9624 0.7375 0.7375 0.7734 0.5 1.7704 0.0823 0.0823 NA NA 1 0.983 -0.4262 0.4262 -0.4262 0.5738 1 1.2567 -0.4723 0.4723 -0.4723 0.5277 1 1.1492 1 0
25 54 180 0 0 0 0 0 1.0017 0 0.8927 0.1134 0.6724 0.8414 0.6667 2.0602 0.7664 0.0955 0.6656 0.8551 0.86 2.4553 0.9762 0.1125 0.2947 0.3488 1 1.4666 -0.3257 0.3257 NA NA 1 0.8526 -0.5477 0.5477 -0.5477 0.4523 1 0.8869 -0.6174 0.6174 -0.6174 0.3826 0 0.7982 0 0
25 55 346 0 0 0 0 0 1.0058 0 0.8895 -0.0172 0.374 0.4156 1 1.928 0.7993 -0.1083 0.5655 0.7289 0.98 3.2191 0.9553 -0.089 0.1922 0.233 1 1.8274 -0.0778 0.0778 NA NA 1 0.7441 0.1236 0.1236 0.1236 1.1236 1 1.8295 0.0758 0.0758 0.0758 1.0758 1 1.7944 0 0
25 56 359 0 0 0 0 0 1.0051 0 0.7156 -0.0268 0.4156 0.4925 0.9167 1.8818 0.8131 -0.0892 0.5608 0.6984 0.96 3.0203 0.9259 -0.0665 0.2298 0.2756 1 1.8229 0.0821 0.0821 NA NA 1 0.8466 -0.0428 0.0428 -0.0428 0.9572 1 1.5424 -0.1023 0.1023 -0.1023 0.8977 1 1.4025 0 0
25 57 364 0 0 0 0 0 1.0019 0 0.7953 0.1564 0.3639 0.4541 1 1.923 0.7165 0.1413 0.637 0.7862 0.94 2.937 0.7997 0.3764 0.5036 0.5836 0.87 1.7443 0.0637 0.0637 NA NA 1 0.8452 -0.1608 0.1608 -0.1608 0.8392 1 1.4319 -0.205 0.205 -0.205 0.795 1 1.349 0 0
25 58 409 0 0 0 0 0 1.0046 0 0.917 -0.9982 0.9982 1.042 0.4167 1.9169 0.8216 -0.8954 0.9834 1.1449 0.73 2.9285 0.9263 -0.9225 0.9225 0.9604 0.5 1.8516 0.0339 0.0339 NA NA 1 1.0403 -0.1306 0.1306 -0.1306 0.8694 1 1.4384 -0.2035 0.2035 -0.2035 0.7965 1 1.2719 0 0
25 59 459 0 0 0 0 0 1.0029 0 0.9207 -0.7477 0.7477 0.8273 0.75 1.9489 0.7613 -0.7431 0.8569 1.0713 0.8 2.999 0.9376 -0.6409 0.6409 0.6894 0.73 1.8515 0.0555 0.0555 NA NA 1 0.7289 -0.0388 0.0388 -0.0388 0.9612 1 1.5218 -0.0764 0.0764 -0.0764 0.9236 1 1.4523 0 0
25 60 305 0 0 0 0 0 1.009 0 0.9271 0.4717 0.5242 0.5926 1 1.8789 0.7752 0.4874 0.723 0.9289 0.79 2.3399 0.8781 0.532 0.532 0.6327 0.77 1.6173 -0.0064 0.0064 NA NA 1 1.2842 -0.6159 0.6159 -0.6159 0.3841 0 0.8505 -0.6699 0.6699 -0.6699 0.3301 0 0.7208 0 0
25 61 213 0 0 0 0 0 1.0031 0 0.9309 0.034 0.6772 0.8785 0.8333 2.1828 0.7719 -0.0246 0.6386 0.8156 0.89 2.4916 0.8946 -0.134 0.427 0.4889 0.87 1.4986 -0.2018 0.2018 NA NA 1 0.963 -0.5349 0.5349 -0.5349 0.4651 1 0.9044 -0.5818 0.5818 -0.5818 0.4182 0 0.8538 0 0
25 62 426 0 0 0 0 0 1.009 0 0.9606 0.2153 0.2456 0.3511 1 1.8746 0.7836 0.1044 0.5543 0.7561 0.96 3.1132 0.945 0.079 0.2491 0.2953 1 1.9604 0.1782 0.1782 NA NA 1 0.8223 0.2553 0.2553 0.2553 1.2553 1 1.9899 0.1462 0.1462 0.1462 1.1462 1 1.7176 0 0
25 63 312 0 0 0 0 0 1.0103 0 0.786 -0.0889 0.3989 0.5116 0.9167 1.8405 0.841 -0.0265 0.4584 0.6481 0.95 2.695 0.9643 0.1035 0.2387 0.294 1 1.665 -0.0424 0.0424 NA NA 1 0.9338 -0.2756 0.2756 -0.2756 0.7244 1 1.1827 -0.3191 0.3191 -0.3191 0.6809 1 1.1181 0 0
25 64 342 0 0 0 0 0 1.0075 0 0.9269 0.0446 0.3294 0.4372 1 1.9204 0.8262 0.1076 0.5727 0.7323 0.96 2.7636 0.9468 0.0574 0.2317 0.2665 1 2.0135 0.3307 0.3307 NA NA 1 0.8346 -0.0758 0.0758 -0.0758 0.9242 1 1.598 -0.2391 0.2391 -0.2391 0.7609 1 1.2076 0 0
25 65 319 0 0 0 0 0 1.0032 0 0.923 0.1086 0.2639 0.2997 1 1.8708 0.8529 -0.1025 0.4912 0.6729 0.97 3.2927 0.9744 -0.0786 0.1212 0.1887 1 1.8524 -0.094 0.094 NA NA 1 0.6807 0.3578 0.3578 0.3578 1.3578 1 2.0042 0.3045 0.3045 0.3045 1.3045 1 1.9775 0 0
25 66 272 0 0 0 0 0 1.008 0 0.9502 -0.0622 0.2994 0.3433 1 1.9017 0.7592 -0.2681 0.6588 0.823 0.96 2.8011 0.8281 -0.1859 0.4226 0.4944 0.85 1.4977 -0.3381 0.3381 NA NA 1 0.748 -0.1185 0.1185 -0.1185 0.8815 1 1.3554 -0.2505 0.2505 -0.2505 0.7495 1 1.2349 0 0
25 67 350 0 0 0 0 0 1.0049 0 0.9328 -0.7175 0.7477 0.8264 0.75 1.8799 0.8298 -0.5912 0.7967 0.9763 0.85 2.931 0.9274 -0.5471 0.5509 0.6409 0.72 1.7211 0.0074 0.0074 NA NA 1 0.8096 0.0612 0.0612 0.0612 1.0612 1 1.5374 0.0132 0.0132 0.0132 1.0132 1 1.4401 0 0
25 68 333 0 0 0 0 0 1.0031 0 0.7025 0.2846 0.6484 0.7847 0.75 1.9303 0.8668 -0.0078 0.5682 0.7394 0.95 2.6588 0.9617 0.0386 0.1803 0.2439 1 1.6713 -0.0607 0.0607 NA NA 1 1.1416 -0.3899 0.3899 -0.3899 0.6101 1 1.1279 -0.4476 0.4476 -0.4476 0.5524 1 1.0208 0 0
25 69 230 0 0 0 0 0 1.004 0 0.9323 0.0891 0.3156 0.3917 1 1.8256 0.7557 -0.0725 0.6101 0.7851 0.95 2.8642 0.9705 -0.1428 0.3519 0.4076 1 1.5171 -0.3425 0.3425 NA NA 1 0.7224 0.0161 0.0161 0.0161 1.0161 1 1.4725 -0.1361 0.1361 -0.1361 0.8639 1 1.3832 0 0
25 70 310 0 0 0 0 0 1.0035 0 0.9669 -0.3111 0.417 0.4635 1 1.927 0.8214 -0.2463 0.5868 0.7463 0.95 2.8846 0.9281 -0.302 0.3051 0.4024 1 1.6659 -0.1805 0.1805 NA NA 1 0.8742 -0.0943 0.0943 -0.0943 0.9057 1 1.4096 -0.1692 0.1692 -0.1692 0.8308 1 1.3621 0 0
25 71 303 0 0 0 0 1 1.0056 0 0.8677 0.5142 1.0429 1.3961 0.75 2.1842 0.7547 0.1712 0.7412 0.9505 0.73 2.1903 0.975 0.138 0.3436 0.4046 1 1.4934 0.0571 0.0571 NA NA 1 1.0995 -0.7157 0.7157 -0.7157 0.2843 0 0.7395 -0.7341 0.7341 -0.7341 0.2659 0 0.6938 0 1
25 72 285 0 0 0 0 0 1.0039 0 0.859 0.261 0.5327 0.6426 0.9167 1.9579 0.8456 0.3587 0.6454 0.8068 0.94 2.7437 0.9749 0.4278 0.4393 0.519 0.85 1.5918 -0.158 0.158 NA NA 1 0.9049 -0.2888 0.2888 -0.2888 0.7112 1 1.2221 -0.3422 0.3422 -0.3422 0.6578 1 1.186 0 0
25 73 320 0 0 0 0 0 1.0027 0 0.7833 -0.3642 0.6144 0.7236 0.75 1.894 0.8182 -0.3356 0.6737 0.8385 0.9 2.5268 0.9365 -0.2681 0.3061 0.3658 1 1.7311 0.1931 0.1931 NA NA 1 0.8269 -0.4266 0.4266 -0.4266 0.5734 1 1.0385 -0.4787 0.4787 -0.4787 0.5213 1 0.9163 0 0
25 74 353 0 0 0 0 0 1.0028 0 0.9627 -1.2243 1.2243 1.2611 0.25 1.9652 0.8003 -1.0946 1.1612 1.3114 0.66 3.0396 0.8554 -1.0432 1.0432 1.1708 0.42 1.898 0.3181 0.3181 NA NA 1 0.7102 0.3303 0.3303 0.3303 1.3303 1 1.9468 0.1386 0.1386 0.1386 1.1386 1 1.6628 0 0
25 75 371 0 0 0 0 0 1.0049 0 0.9346 -0.0556 0.2467 0.3396 1 1.9414 0.8279 0.0578 0.6093 0.7733 0.97 3.1355 0.9534 0.1856 0.2864 0.3441 1 1.9067 0.1582 0.1582 NA NA 1 0.8459 0.0755 0.0755 0.0755 1.0755 1 1.7157 -0.0123 0.0123 -0.0123 0.9877 1 1.509 0 0
25 76 372 0 0 0 0 0 1.0023 0 0.9035 0.7939 0.7939 0.979 0.6667 2.0349 0.7886 0.5256 0.7598 0.913 0.84 2.5144 0.9583 0.4681 0.4749 0.5149 1 1.7093 0.0983 0.0983 NA NA 1 0.9351 -0.577 0.577 -0.577 0.423 1 0.9676 -0.6072 0.6072 -0.6072 0.3928 0 0.8704 0 0
25 77 336 0 0 0 0 0 1.0089 0 0.9406 -0.2904 0.3816 0.4632 1 1.902 0.8034 -0.3016 0.6041 0.7865 0.95 2.9455 0.9065 -0.3835 0.423 0.4909 1 1.862 0.0842 0.0842 NA NA 1 0.9178 0.0716 0.0716 0.0716 1.0716 1 1.6523 -0.0073 0.0073 -0.0073 0.9927 1 1.421 0 0
25 78 291 0 0 0 0 0 1.0017 0 0.828 -0.5568 0.5954 0.7281 0.8333 1.8952 0.7884 -0.4477 0.7019 0.8764 0.88 2.7646 0.9202 -0.3895 0.3895 0.4778 0.86 1.725 0.0598 0.0598 NA NA 1 0.8125 -0.2782 0.2782 -0.2782 0.7218 1 1.2404 -0.3149 0.3149 -0.3149 0.6851 1 1.1603 0 0
25 79 284 0 0 0 0 0 1.0013 0 0.9332 0.1106 0.241 0.304 1 1.8663 0.8118 0.0821 0.5408 0.7315 0.95 2.7428 0.9058 0.1763 0.3252 0.3562 1 1.6373 -0.1101 0.1101 NA NA 1 0.7629 -0.3544 0.3544 -0.3544 0.6456 1 1.1694 -0.3872 0.3872 -0.3872 0.6128 1 1.1354 0 0
25 80 259 0 0 0 0 0 1.0062 0 0.8778 -0.3148 0.4182 0.5614 0.9167 1.9481 0.7664 -0.3146 0.7068 0.8984 0.96 3.3975 0.676 -0.3007 0.482 0.6052 0.87 1.9495 0.1995 0.1995 NA NA 1 0.7543 0.497 0.497 0.497 1.497 1 2.2036 0.3694 0.3694 0.3694 1.3694 1 1.9477 0 0
25 81 306 0 0 0 0 0 1.0047 0 0.8743 0.5221 0.5503 0.6987 0.8333 1.9384 0.8493 0.5283 0.7171 0.8674 0.89 2.8508 0.9685 0.5581 0.5581 0.6154 0.84 1.7606 0.0905 0.0905 NA NA 1 0.8763 -0.1647 0.1647 -0.1647 0.8353 1 1.3635 -0.2195 0.2195 -0.2195 0.7805 1 1.2437 0 0
25 82 307 0 0 0 0 0 1.0044 0 0.9373 0.0589 0.223 0.3337 1 1.8997 0.7676 -0.0334 0.5821 0.7589 0.96 2.7285 0.9839 -0.0314 0.1032 0.1338 1 1.5927 -0.2513 0.2513 NA NA 1 0.9375 -0.2827 0.2827 -0.2827 0.7173 1 1.1855 -0.3677 0.3677 -0.3677 0.6323 1 1.1106 0 0
25 83 514 0 0 0 0 0 1.0055 0 0.9248 0.5868 0.6151 0.7258 0.8333 1.8628 0.7076 0.5445 0.7766 1.0127 0.79 2.2079 0.8265 0.3584 0.4493 0.5638 0.86 1.804 0.2686 0.2686 NA NA 1 1.2962 -0.6091 0.6091 -0.6091 0.3909 1 1.0135 -0.71 0.71 -0.71 0.29 0 0.6779 0 0
25 84 313 0 0 0 0 0 1.0022 0 0.9449 -0.452 0.49 0.5548 1 1.8351 0.8208 -0.186 0.5942 0.7439 0.88 2.1955 0.9594 -0.4211 0.5377 0.6555 0.64 1.5204 0.2989 0.2989 NA NA 1 0.8474 -0.5885 0.5885 -0.5885 0.4115 0 0.7642 -0.6488 0.6488 -0.6488 0.3512 0 0.6484 0 0
25 85 294 0 0 0 0 0 1.0143 0 0.906 0.1552 0.3073 0.3736 1 1.9683 0.8182 -0.1346 0.5619 0.7289 0.99 3.5774 0.9834 -0.4019 0.406 0.4269 1 2.456 0.2922 0.2922 NA NA 1 0.8461 0.6654 0.6654 0.6654 1.6654 1 3.1405 0.3868 0.3868 0.3868 1.3868 1 2.1986 0 0
25 86 245 0 0 0 0 0 1.0051 0 0.8909 0.7453 0.7627 0.8659 0.6667 2.0139 0.7571 0.771 0.9331 1.1381 0.86 3.384 0.8302 0.7721 0.7721 0.8718 0.64 1.915 0.0596 0.0596 NA NA 1 0.895 0.1188 0.1188 0.1188 1.1188 1 2.0635 0.0501 0.0501 0.0501 1.0501 1 1.8967 0 0
25 87 294 0 0 0 0 0 1.0045 0 0.8343 0.0714 0.5981 0.6953 0.9167 1.9172 0.8142 0.0922 0.5542 0.7349 0.93 2.5454 0.9158 0.0262 0.2756 0.319 1 1.5349 -0.1512 0.1512 NA NA 1 0.7072 -0.4095 0.4095 -0.4095 0.5905 1 0.9613 -0.4428 0.4428 -0.4428 0.5572 1 0.9132 0 0
25 88 383 0 0 0 0 0 1.0036 0 0.9568 0.4634 0.626 0.9141 0.8333 2.0705 0.8208 0.2962 0.5851 0.7813 0.93 2.8578 0.9269 0.2195 0.3116 0.3565 1 1.6675 -0.1571 0.1571 NA NA 1 0.8964 -0.1202 0.1202 -0.1202 0.8798 1 1.4287 -0.1883 0.1883 -0.1883 0.8117 1 1.3373 0 0
25 89 218 0 0 0 0 0 1.0059 0 0.9265 0.0584 0.2724 0.3369 1 1.886 0.7342 -0.023 0.5931 0.7638 0.96 2.8578 0.8224 -0.0725 0.377 0.4536 0.9 1.5477 -0.2806 0.2806 NA NA 1 0.8811 -0.1899 0.1899 -0.1899 0.8101 1 1.3668 -0.2969 0.2969 -0.2969 0.7031 1 1.2553 0 0
25 90 213 0 0 0 0 0 1.0037 0 0.9408 0.0405 0.2773 0.3538 1 1.9375 0.6458 0.1958 0.6258 0.8242 0.89 2.3963 0.8207 0.1557 0.3695 0.4432 0.93 1.5572 -0.0981 0.0981 NA NA 1 0.978 -0.6577 0.6577 -0.6577 0.3423 0 0.879 -0.6802 0.6802 -0.6802 0.3198 0 0.8246 0 0
25 91 326 0 0 0 0 0 1.0084 0 0.9169 -0.1888 0.363 0.4544 1 1.8662 0.8178 -0.2401 0.5576 0.719 0.94 2.5238 0.9722 -0.1758 0.2064 0.242 1 1.6523 0.02 0.02 NA NA 1 1.1072 -0.4338 0.4338 -0.4338 0.5662 1 0.9891 -0.4805 0.4805 -0.4805 0.5195 1 0.9183 0 0
25 92 231 0 0 0 0 0 1.001 0 0.9221 -0.2026 0.292 0.4081 0.9167 1.904 0.7793 -0.2447 0.5879 0.8048 0.91 3.0245 0.9768 -0.3156 0.3534 0.4247 1 1.7185 -0.0612 0.0612 NA NA 1 0.8154 -0.0744 0.0744 -0.0744 0.9256 1 1.5287 -0.1206 0.1206 -0.1206 0.8794 1 1.4231 0 0
25 93 422 0 0 0 0 0 1.0047 0 0.9427 -0.6155 0.7199 0.8419 0.8333 2.1026 0.7851 -0.3228 0.6301 0.8007 0.94 2.9892 0.943 -0.2861 0.3641 0.4502 1 1.8609 0.1622 0.1622 NA NA 1 0.9171 -0.0416 0.0416 -0.0416 0.9584 1 1.589 -0.1313 0.1313 -0.1313 0.8687 1 1.4086 0 0
25 94 329 0 0 0 0 0 1.0247 0 0.9428 0.2432 0.3041 0.3752 1 1.8695 0.847 0.2249 0.5635 0.7457 0.96 3.2149 0.9106 0.0679 0.2771 0.3018 1 2.1477 0.2218 0.2218 NA NA 1 0.8031 0.4169 0.4169 0.4169 1.4169 1 2.3324 0.2596 0.2596 0.2596 1.2596 1 1.9052 0 0
25 95 317 0 0 0 0 0 1.005 0 0.7978 0.7408 0.799 0.8892 0.75 2.0209 0.7479 0.5698 0.7837 0.9444 0.82 2.5768 0.8983 0.5361 0.5454 0.6534 0.73 1.8093 0.3208 0.3208 NA NA 1 0.7584 -0.4064 0.4064 -0.4064 0.5936 1 1.108 -0.4969 0.4969 -0.4969 0.5031 1 0.9164 0 0
25 96 261 0 0 0 0 0 1.0035 0 0.9307 -0.6652 0.6652 0.7708 0.6667 1.8655 0.7812 -0.4608 0.687 0.8806 0.81 2.7097 0.8703 -0.529 0.5619 0.6404 0.72 1.6192 -0.0714 0.0714 NA NA 1 0.7127 -0.2585 0.2585 -0.2585 0.7415 1 1.1247 -0.2864 0.2864 -0.2864 0.7136 1 1.0985 0 0
25 97 292 0 0 0 0 0 1.0019 0 0.9075 -0.1421 0.5236 0.7105 0.8333 2.006 0.8044 -0.1131 0.7284 0.9289 0.84 2.5835 0.9734 -0.1816 0.2816 0.3372 1 1.56 -0.0931 0.0931 NA NA 1 0.7508 -0.4197 0.4197 -0.4197 0.5803 1 1.0338 -0.4451 0.4451 -0.4451 0.5549 1 0.9953 0 0
25 98 333 0 0 0 0 0 1.0055 0 0.8847 -0.3066 0.5145 0.6616 0.8333 2.0586 0.8621 -0.1845 0.5865 0.7117 0.98 3.2207 0.9362 -0.3809 0.4233 0.4755 1 2.0399 0.12 0.12 NA NA 1 0.8299 0.1824 0.1824 0.1824 1.1824 1 2.1653 0.0964 0.0964 0.0964 1.0964 1 1.9069 0 0
25 99 241 0 0 0 0 0 1.0094 0 0.9327 -0.6333 0.6443 0.7332 0.6667 2.0098 0.7539 -0.4711 0.8147 0.9926 0.91 3.7026 0.9609 -0.6642 0.6642 0.6937 1 2.0488 -0.0743 0.0743 NA NA 1 0.8397 0.4543 0.4543 0.4543 1.4543 1 2.4198 0.3797 0.3797 0.3797 1.3797 1 2.2566 0 0
25 100 277 0 0 0 0 0 1.0032 0 0.9638 0.4651 0.4851 0.5947 1 2.0121 0.7545 0.2758 0.6411 0.8328 0.95 3.2976 0.7538 0.16 0.4089 0.5011 0.97 1.8617 0.0744 0.0744 NA NA 1 0.7338 0.2715 0.2715 0.2715 1.2715 1 1.9108 0.2154 0.2154 0.2154 1.2154 1 1.795 0 0
25 101 252 0 0 0 0 0 1.0122 0 0.8297 1.0036 1.0362 1.1969 0.5833 2.1606 0.7333 0.7222 0.9385 1.1017 0.51 1.8823 0.9849 0.6556 0.6556 0.7036 0.55 1.4842 -0.0106 0.0106 NA NA 1 1.4332 -0.8821 0.8821 -0.8821 0.1179 0 0.4196 -0.9003 0.9003 -0.9003 0.0997 0 0.3573 0 0
25 102 319 0 0 0 1 0 1.0069 0 0.9154 0.0883 0.3831 0.5049 1 1.8931 0.8236 0.0482 0.6365 0.8529 0.84 2.2982 0.8816 0.0129 0.4165 0.4665 1 1.5599 0.1174 0.1174 NA NA 1 1.3711 -0.5854 0.5854 -0.5854 0.4146 0 0.873 -0.6465 0.6465 -0.6465 0.3535 0 0.7676 0 1
25 103 336 0 0 0 0 0 1.002 0 0.9556 -0.4104 0.4622 0.5965 0.9167 1.9755 0.7586 -0.3722 0.6523 0.8517 0.93 2.6824 0.9747 -0.3195 0.3386 0.4048 0.91 1.5407 -0.2299 0.2299 NA NA 1 0.8697 -0.3525 0.3525 -0.3525 0.6475 1 1.0628 -0.4162 0.4162 -0.4162 0.5838 1 1.0388 0 0
25 104 231 0 0 0 0 0 1.0028 0 0.8688 -1.0534 1.0534 1.1801 0.25 2.0439 0.7685 -0.7545 0.9262 1.1133 0.71 2.653 0.931 -0.8706 0.8706 0.9415 0.44 1.5959 -0.0389 0.0389 NA NA 1 0.8689 -0.4053 0.4053 -0.4053 0.5947 1 1.1211 -0.4347 0.4347 -0.4347 0.5653 1 1.0638 0 0
25 105 232 0 0 0 0 0 1.007 0 0.8652 0.8532 0.9509 1.6011 0.8333 2.249 0.7301 0.3577 0.8454 1.0371 0.79 2.5013 0.8909 0.2861 0.5272 0.6158 0.71 1.4873 -0.176 0.176 NA NA 1 1.1574 -0.5613 0.5613 -0.5613 0.4387 1 0.9442 -0.6149 0.6149 -0.6149 0.3851 0 0.8556 0 0
25 106 281 0 0 0 0 0 1.0144 0 0.953 0.2677 0.4452 0.6031 0.9167 2.0262 0.8044 0.2705 0.6031 0.7893 0.95 3.1051 0.9071 0.3366 0.4606 0.5555 0.99 1.8987 0.2343 0.2343 NA NA 1 0.6927 0.2466 0.2466 0.2466 1.2466 1 1.989 0.1274 0.1274 0.1274 1.1274 1 1.736 0 0
25 107 270 0 0 0 0 0 1.0094 0 0.971 -0.263 0.2887 0.3433 1 1.8887 0.7238 -0.363 0.6851 0.8885 0.93 3.1598 0.9242 -0.4326 0.4866 0.6157 0.73 1.6813 -0.0149 0.0149 NA NA 1 0.8141 0.1003 0.1003 0.1003 1.1003 1 1.6897 0.0484 0.0484 0.0484 1.0484 1 1.6371 0 0
25 108 412 0 0 0 0 0 1.0021 0 0.9607 -0.0119 0.2811 0.3497 1 2.0107 0.8171 -0.1652 0.5623 0.7691 0.97 3.0898 0.9103 -0.2276 0.286 0.3758 1 2.3982 0.4053 0.4053 NA NA 1 0.7605 0.2553 0.2553 0.2553 1.2553 1 2.1673 -0.0364 0.0364 -0.0364 0.9636 1 1.4988 0 0
25 109 324 0 0 0 0 0 1.0112 0 0.8807 -0.6543 0.7875 0.9393 0.75 2.0407 0.7851 -0.5579 0.7239 0.9033 0.87 2.6052 0.9706 -0.5658 0.5659 0.6349 0.71 1.6712 0.0355 0.0355 NA NA 1 1.0024 -0.4644 0.4644 -0.4644 0.5356 1 1.1056 -0.5041 0.5041 -0.5041 0.4959 1 1.0024 0 0
25 110 291 0 0 0 0 0 1.0016 0 0.9119 -0.0246 0.3414 0.3845 1 1.889 0.7996 -0.0844 0.5655 0.7607 0.95 2.6952 0.9795 -0.0994 0.2827 0.3288 1 1.6059 -0.0436 0.0436 NA NA 1 0.8421 -0.2455 0.2455 -0.2455 0.7545 1 1.1991 -0.2826 0.2826 -0.2826 0.7174 1 1.1596 0 0
25 111 246 0 0 0 0 0 1.0099 0 0.8679 0.2567 0.4623 0.5442 0.9167 1.872 0.7022 0.2002 0.6821 0.8341 0.94 2.9128 0.8205 -0.0838 0.5015 0.5649 0.84 1.5638 0.065 0.065 NA NA 1 0.9575 -0.0512 0.0512 -0.0512 0.9488 1 1.4316 -0.1181 0.1181 -0.1181 0.8819 1 1.3412 0 0
25 112 342 0 0 0 0 0 1.0037 0 0.8888 0.8494 0.8499 1.0539 0.6667 2.0108 0.8721 0.6272 0.7217 0.8713 0.84 2.7791 0.9522 0.6272 0.6272 0.697 0.71 1.6636 -0.0495 0.0495 NA NA 1 0.8817 -0.1794 0.1794 -0.1794 0.8206 1 1.3826 -0.2245 0.2245 -0.2245 0.7755 1 1.3034 0 0
25 113 328 0 0 0 0 0 1.0037 0 0.9423 0.0619 0.3025 0.39 1 1.8427 0.8342 0.0686 0.5782 0.7664 0.92 2.7542 0.9598 -0.0298 0.2772 0.3147 1 1.7124 0.1124 0.1124 NA NA 1 0.758 -0.1762 0.1762 -0.1762 0.8238 1 1.288 -0.224 0.224 -0.224 0.776 1 1.1937 0 0
25 114 281 0 0 0 0 0 1.0026 0 0.9199 0.0199 0.4091 0.5628 0.9167 1.9717 0.7541 -6e-04 0.6174 0.8114 0.89 2.6124 0.8824 -0.0828 0.3387 0.3881 1 1.6539 0.1398 0.1398 NA NA 1 0.9425 -0.3966 0.3966 -0.3966 0.6034 1 1.0412 -0.4481 0.4481 -0.4481 0.5519 1 0.9458 0 0
25 115 368 0 0 0 0 0 1.0045 0 0.9416 -0.2929 0.6301 0.8088 0.75 2.0414 0.8223 -0.1733 0.5494 0.6882 0.94 2.4537 0.9358 -0.1223 0.3576 0.4009 1 1.9497 0.4734 0.4734 NA NA 1 0.9425 -0.3811 0.3811 -0.3811 0.6189 1 1.2618 -0.5795 0.5795 -0.5795 0.4205 0 0.8174 0 0
25 116 326 0 0 0 0 0 1.0051 0 0.9076 -0.5812 0.7035 0.9607 0.8333 2.2321 0.6543 -0.5235 0.7996 0.9719 0.66 2.1087 0.9381 -0.5828 0.5846 0.6442 0.87 1.6431 0.0737 0.0737 NA NA 1 1.2562 -0.827 0.827 -0.827 0.173 0 0.591 -0.8452 0.8452 -0.8452 0.1548 0 0.5186 0 0
25 117 322 0 0 0 0 0 1.0041 0 0.9168 0.6127 0.6127 0.7164 0.8333 1.7894 0.8151 0.4085 0.6274 0.7792 0.91 2.8812 0.9043 0.3071 0.3913 0.5107 0.84 1.7055 0.0866 0.0866 NA NA 1 0.6585 0.0937 0.0937 0.0937 1.0937 1 1.5864 0.0517 0.0517 0.0517 1.0517 1 1.5119 0 0
25 118 224 0 0 0 0 0 1.0053 0 0.9885 -0.3152 0.4239 0.4905 1 1.943 0.8299 -0.3258 0.7221 0.9004 0.92 2.7795 0.9687 -0.3129 0.3771 0.4539 1 1.6643 -0.0739 0.0739 NA NA 1 0.9336 -0.2242 0.2242 -0.2242 0.7758 1 1.2381 -0.2741 0.2741 -0.2741 0.7259 1 1.1891 0 0
25 119 232 0 0 0 0 0 1.0054 0 0.9708 -0.4522 0.524 0.6968 0.8333 2.0424 0.7871 -0.1864 0.6664 0.8431 0.87 2.4046 0.893 -0.258 0.4733 0.551 0.73 1.4978 -0.0047 0.0047 NA NA 1 1.0275 -0.5875 0.5875 -0.5875 0.4125 0 0.8684 -0.616 0.616 -0.616 0.384 0 0.823 0 0
25 120 382 0 0 0 0 0 1.0016 0 0.9062 0.2219 0.5823 0.8692 0.9167 2.1033 0.6709 0.112 0.6956 0.8749 0.88 2.3112 0.8914 0.1166 0.2787 0.3798 0.94 1.8432 0.3825 0.3825 NA NA 1 1.0904 -0.581 0.581 -0.581 0.419 1 1.0609 -0.7001 0.7001 -0.7001 0.2999 0 0.6733 0 0
25 121 155 0 0 0 0 0 1.0021 0 0.8518 0.8763 0.8763 1.0145 0.75 2.0153 0.6501 0.7597 0.9835 1.2545 0.69 2.7101 0.5092 0.7131 0.7671 0.9465 0.49 1.5301 -0.0251 0.0251 NA NA 1 1.2172 -0.4153 0.4153 -0.4153 0.5847 1 1.1643 -0.4834 0.4834 -0.4834 0.5166 1 1.0484 0 0
25 122 355 0 0 0 0 0 1.0023 0 0.8707 -0.9251 1.1008 1.3039 0.5833 2.0469 0.7645 -0.7335 0.9538 1.2067 0.62 2.1268 0.9192 -0.6018 0.6105 0.7027 0.6 1.609 0.2149 0.2149 NA NA 1 1.2078 -0.7277 0.7277 -0.7277 0.2723 0 0.7495 -0.775 0.775 -0.775 0.225 0 0.5746 0 0
25 123 367 0 0 0 0 0 1.0029 0 0.6642 -0.3461 0.6177 0.8457 0.75 1.905 0.7275 -0.2409 0.6462 0.8373 0.87 2.7391 0.8401 -0.4186 0.466 0.5679 0.81 1.6783 0.0259 0.0259 NA NA 1 0.8309 -0.3311 0.3311 -0.3311 0.6689 1 1.1215 -0.3643 0.3643 -0.3643 0.6357 1 1.0698 0 0
25 124 397 0 0 0 0 0 1.0092 0 0.9052 -0.6132 0.6132 0.6985 0.8333 1.8776 0.7568 -0.4499 0.7071 0.8835 0.87 2.5982 0.959 -0.5297 0.5297 0.5947 0.81 1.7988 0.252 0.252 NA NA 1 0.8186 -0.3748 0.3748 -0.3748 0.6252 1 1.1177 -0.4526 0.4526 -0.4526 0.5474 1 0.9256 0 0
25 125 305 0 0 0 0 0 1.0033 0 0.9074 0.1558 0.366 0.5096 1 1.9997 0.7351 0.0444 0.5775 0.7329 0.99 3.0973 0.889 0.1585 0.4819 0.5459 0.92 1.6823 0.1316 0.1316 NA NA 1 0.7953 0.1242 0.1242 0.1242 1.1242 1 1.7107 0.0544 0.0544 0.0544 1.0544 1 1.5849 0 0
25 126 348 0 0 0 0 0 1.0031 0 0.959 -0.1964 0.4898 0.5868 1 1.9877 0.6234 -0.2498 0.7511 0.9334 0.65 1.8465 0.9073 -0.2137 0.3401 0.4034 0.93 1.4644 -0.0428 0.0428 NA NA 1 1.4919 -0.873 0.873 -0.873 0.127 0 0.4089 -0.8894 0.8894 -0.8894 0.1106 0 0.3688 0 0
25 127 325 0 0 0 0 0 1.0012 0 0.7807 1.0624 1.0624 1.2593 0.5833 2.222 0.6421 0.8687 1.0285 1.2548 0.65 2.8651 0.8838 0.8176 0.8176 0.9427 0.51 1.8089 0.111 0.111 NA NA 1 1.371 -0.4224 0.4224 -0.4224 0.5776 1 1.2532 -0.5121 0.5121 -0.5121 0.4879 1 1.0724 0 0
25 128 287 0 0 0 0 0 1.0022 0 0.864 -0.8342 0.8701 1.0845 0.6667 2.1068 0.7798 -0.7272 0.8836 1.0742 0.77 2.7683 0.9315 -0.7377 0.7377 0.7903 0.55 1.6551 -0.0688 0.0688 NA NA 1 0.839 -0.3788 0.3788 -0.3788 0.6212 1 1.1298 -0.4109 0.4109 -0.4109 0.5891 1 1.0713 0 0
25 129 278 0 0 0 0 0 1.0045 0 0.9123 0.6728 0.6728 0.7452 0.8333 1.9004 0.7227 0.5162 0.77 0.9318 0.85 2.7259 0.8404 0.5595 0.6546 0.8083 0.56 1.4902 0.0762 0.0762 NA NA 1 0.7997 -0.2186 0.2186 -0.2186 0.7814 1 1.227 -0.2578 0.2578 -0.2578 0.7422 1 1.1778 0 0
25 130 420 0 0 0 0 0 1.0023 0 0.8533 -0.3068 0.4515 0.5299 1 1.8789 0.7319 -0.2535 0.6891 0.8438 0.94 2.8292 0.876 -0.2502 0.4348 0.5164 1 1.9322 0.3251 0.3251 NA NA 1 0.8861 -0.0126 0.0126 -0.0126 0.9874 1 1.8647 -0.1991 0.1991 -0.1991 0.8009 1 1.3571 0 0
25 131 420 0 0 0 0 0 1.002 0 0.8666 -1.076 1.076 1.1936 0.5 2.0214 0.6995 -0.8094 1.0167 1.1877 0.64 2.7771 0.9479 -0.8388 0.8388 0.883 0.58 1.9197 0.2687 0.2687 NA NA 1 0.9215 -0.3508 0.3508 -0.3508 0.6492 1 1.3094 -0.4473 0.4473 -0.4473 0.5527 1 1.0178 0 0
25 132 226 0 0 0 0 0 1.0039 0 0.9006 -0.87 0.8858 1.0193 0.5 2.031 0.8 -0.6125 0.8189 0.9595 0.81 2.8397 0.7854 -0.6405 0.6771 0.7941 0.6 1.6491 -0.0066 0.0066 NA NA 1 0.9734 -0.3046 0.3046 -0.3046 0.6954 1 1.2014 -0.3507 0.3507 -0.3507 0.6493 1 1.1224 0 0
25 133 301 0 0 0 0 0 1.009 0 0.9601 -0.7191 0.7191 0.7867 0.8333 2.0122 0.8335 -0.8194 0.8942 1.1211 0.84 3.3962 0.9322 -0.8827 0.8827 0.9398 0.55 1.977 0.1259 0.1259 NA NA 1 0.7021 0.6279 0.6279 0.6279 1.6279 1 2.3087 0.5433 0.5433 0.5433 1.5433 1 2.1342 0 0
25 134 247 0 0 0 0 0 1.0032 0 0.939 -0.5686 0.7067 0.9005 0.5833 2.1027 0.7686 -0.5065 0.7174 0.8976 0.9 2.8379 0.9168 -0.575 0.629 0.7825 0.6 1.63 0.1688 0.1688 NA NA 1 0.9003 -0.219 0.219 -0.219 0.781 1 1.3253 -0.2833 0.2833 -0.2833 0.7167 1 1.2292 0 0
25 135 286 0 0 0 0 0 1.0031 0 0.9336 0.1702 0.2732 0.3842 0.9167 1.7747 0.8216 0.203 0.5644 0.7692 0.93 2.594 0.9773 0.1425 0.1925 0.2154 1 1.4859 -0.34 0.34 NA NA 1 0.6399 -0.2824 0.2824 -0.2824 0.7176 1 1.0595 -0.3859 0.3859 -0.3859 0.6141 1 0.9405 0 0
25 136 222 0 0 0 0 0 1.0044 0 0.8174 1.3896 1.3896 1.4857 0.1667 2.0916 0.7186 1.017 1.1754 1.3816 0.61 3.2505 0.8959 1.0383 1.0383 1.1139 0.41 1.8545 0.0175 0.0175 NA NA 1 0.8089 0.0521 0.0521 0.0521 1.0521 1 1.7695 0.0051 0.0051 0.0051 1.0051 1 1.6815 0 0
25 137 280 0 0 0 0 0 1.004 0 0.9362 0.7286 0.7908 0.9539 0.75 2.1718 0.7215 0.6958 0.9301 1.1307 0.77 2.9053 0.7643 0.5144 0.5376 0.7079 0.72 1.6476 -0.1327 0.1327 NA NA 1 0.8773 -0.2259 0.2259 -0.2259 0.7741 1 1.3733 -0.2771 0.2771 -0.2771 0.7229 1 1.3141 0 0
25 138 297 0 0 0 0 0 1.004 0 0.8799 0.0017 0.4089 0.5735 0.9167 1.9414 0.7883 -0.0783 0.5934 0.7844 0.94 2.7096 0.9705 -0.1052 0.1598 0.2025 1 1.6687 -0.0106 0.0106 NA NA 1 0.8681 -0.3272 0.3272 -0.3272 0.6728 1 1.1238 -0.3627 0.3627 -0.3627 0.6373 1 1.0721 0 0
25 139 317 0 0 0 0 0 1.0022 0 0.9195 -0.0584 0.4014 0.5701 0.8333 1.8406 0.7291 -0.0928 0.656 0.8564 0.86 2.1628 0.9463 -0.1769 0.3947 0.4658 0.85 1.4391 0.1034 0.1034 NA NA 1 0.968 -0.6679 0.6679 -0.6679 0.3321 0 0.7135 -0.6912 0.6912 -0.6912 0.3088 0 0.6691 0 0
25 140 294 0 0 0 0 0 1.0069 0 0.944 -0.0771 0.2711 0.3099 1 1.9001 0.768 -0.1598 0.6802 0.9353 0.97 3.7077 0.9175 -0.3537 0.3874 0.5063 0.89 1.847 -0.2668 0.2668 NA NA 1 0.768 1.2777 1.2777 1.2777 2.2777 0 3.0996 1.0192 1.0192 1.0192 2.0192 1 2.8029 0 0
25 141 401 0 0 0 0 0 1.0035 0 0.904 -0.1138 0.3584 0.4282 1 1.8506 0.7798 0.0405 0.5847 0.8041 0.93 2.8676 0.8896 -0.1331 0.2871 0.3501 1 1.9463 0.2195 0.2195 NA NA 1 0.745 -0.0528 0.0528 -0.0528 0.9472 1 1.5642 -0.1417 0.1417 -0.1417 0.8583 1 1.3371 0 0
25 142 392 0 0 0 0 0 1.0094 0 0.9496 -0.5304 0.5304 0.6333 0.8333 1.8243 0.8382 -0.5055 0.6918 0.8634 0.89 2.7496 0.9361 -0.4213 0.4266 0.5227 0.89 1.6944 0.0642 0.0642 NA NA 1 0.8091 -0.0356 0.0356 -0.0356 0.9644 1 1.3738 -0.0846 0.0846 -0.0846 0.9154 1 1.2859 0 0
25 143 296 0 0 0 0 0 1.0032 0 0.9622 -0.6256 0.6611 0.7108 0.9167 1.8844 0.7926 -0.5177 0.7436 0.9291 0.82 2.5075 0.8957 -0.5415 0.5524 0.632 0.82 1.6445 0.0561 0.0561 NA NA 1 0.9813 -0.5546 0.5546 -0.5546 0.4454 1 0.9834 -0.5838 0.5838 -0.5838 0.4162 0 0.9266 0 0
25 144 432 0 0 0 0 0 1.0019 0 0.8967 -0.2091 0.436 0.5106 0.8333 1.9104 0.727 0.0099 0.6271 0.8065 0.95 2.6131 0.9404 -0.0149 0.1999 0.2409 1 1.686 -0.0452 0.0452 NA NA 1 1.1762 -0.4817 0.4817 -0.4817 0.5183 1 1.0324 -0.5303 0.5303 -0.5303 0.4697 1 0.984 0 0
25 145 258 0 0 0 0 0 1.0029 0 0.9639 -0.0166 0.56 0.7379 0.9167 2.0156 0.7846 0.0219 0.6046 0.8127 0.9 2.4409 0.964 0.1382 0.3403 0.3979 1 1.5359 -0.0615 0.0615 NA NA 1 0.9385 -0.5464 0.5464 -0.5464 0.4536 1 0.8891 -0.5732 0.5732 -0.5732 0.4268 0 0.8446 0 0
25 146 324 0 0 0 0 0 1.0041 0 0.8831 -0.4456 0.6457 0.8468 0.75 2.0113 0.8497 -0.3601 0.6442 0.7944 0.91 2.909 0.984 -0.3138 0.3138 0.3392 1 1.7618 0.0236 0.0236 NA NA 1 0.8081 -0.1012 0.1012 -0.1012 0.8988 1 1.5031 -0.1428 0.1428 -0.1428 0.8572 1 1.378 0 0
25 147 299 0 0 0 0 0 1.0057 0 0.8343 0.6722 0.7139 0.8326 0.75 2.0521 0.8091 0.7865 0.8938 1.0956 0.84 3.3594 0.8732 0.8087 0.8087 0.8924 0.6 2.0123 0.1735 0.1735 NA NA 1 0.748 0.3419 0.3419 0.3419 1.3419 1 2.166 0.2443 0.2443 0.2443 1.2443 1 1.9547 0 0
25 148 297 0 0 0 0 0 1.0058 0 0.8695 -0.6314 0.6762 0.9227 0.6667 1.9506 0.7719 -0.3208 0.6602 0.8023 0.9 2.6307 0.7216 -0.4436 0.5719 0.6666 0.76 1.6761 0.1162 0.1162 NA NA 1 1.0329 -0.379 0.379 -0.379 0.621 1 1.1325 -0.4364 0.4364 -0.4364 0.5636 1 1.0066 0 0
25 149 205 0 0 0 0 0 1.0026 0 0.8098 -0.276 0.764 0.9418 0.6667 2.0797 0.7572 -0.26 0.7038 0.8976 0.82 2.3236 0.9356 -0.2535 0.4367 0.5143 0.74 1.3617 -0.3911 0.3911 NA NA 1 1.1897 -0.5552 0.5552 -0.5552 0.4448 1 0.8965 -0.6667 0.6667 -0.6667 0.3333 0 0.7685 0 0
25 150 377 0 0 0 0 0 1.0059 0 0.9483 -0.5199 0.5199 0.6032 1 1.9646 0.7791 -0.571 0.755 0.9357 0.86 3.194 0.9264 -0.6318 0.6318 0.6875 1 2.0519 0.2247 0.2247 NA NA 1 0.8289 0.1141 0.1141 0.1141 1.1141 1 1.9124 -0.0105 0.0105 -0.0105 0.9895 1 1.5415 0 0
25 151 315 0 0 0 0 0 1.0031 0 0.8584 -0.3479 0.453 0.5701 0.8333 1.8649 0.8451 -0.34 0.6617 0.8176 0.87 2.5841 0.9721 -0.219 0.2355 0.2771 1 1.5455 -0.2388 0.2388 NA NA 1 0.8864 -0.4 0.4 -0.4 0.6 1 1.0382 -0.4632 0.4632 -0.4632 0.5368 1 0.9876 0 0
25 152 329 0 0 0 0 0 1.005 0 0.7931 -0.0755 0.4128 0.4472 1 1.8742 0.8615 -0.1643 0.5209 0.6546 1 3.2628 0.8323 -0.0627 0.363 0.41 1 1.7734 -0.1766 0.1766 NA NA 1 0.7495 0.459 0.459 0.459 1.459 1 2.1205 0.3578 0.3578 0.3578 1.3578 1 2.064 0 0
25 153 269 0 0 0 0 0 1.0045 0 0.8847 -0.3841 0.4416 0.5841 0.9167 1.9504 0.801 -0.3867 0.6383 0.8354 0.91 3.0093 0.9775 -0.3045 0.3179 0.3719 1 1.7706 -0.0117 0.0117 NA NA 1 0.8064 -0.0156 0.0156 -0.0156 0.9844 1 1.5172 -0.0609 0.0609 -0.0609 0.9391 1 1.4477 0 0
25 154 303 0 0 0 0 0 1.0049 0 0.9586 0.4461 0.474 0.6069 0.9167 1.9665 0.759 0.3543 0.7111 0.8897 0.93 3.1946 0.8012 0.3457 0.4628 0.5759 0.76 1.7174 -0.0285 0.0285 NA NA 1 0.8499 0.2521 0.2521 0.2521 1.2521 1 1.7905 0.1891 0.1891 0.1891 1.1891 1 1.6992 0 0
25 155 228 0 0 0 0 0 1.0029 0 0.9207 1.0463 1.0463 1.1094 0.4167 2.1229 0.7096 1.0467 1.1183 1.3521 0.79 3.7898 0.5782 1.0485 1.0485 1.1982 0.57 1.9306 1e-04 1e-04 NA NA 1 1.0485 0.5295 0.5295 0.5295 1.5295 1 2.5621 0.4085 0.4085 0.4085 1.4085 1 2.3662 0 0
25 156 378 1 0 0 0 0 1.0049 0 0.8578 1.0707 1.0897 1.3808 0.3333 2.2269 0.7795 0.865 0.979 1.1413 0.67 2.675 0.9415 0.7837 0.7837 0.872 0.63 2.0045 0.4681 0.4681 NA NA 0 0.6981 -0.2178 0.2178 -0.2178 0.7822 1 1.5424 -0.4309 0.4309 -0.4309 0.5691 1 1.0759 1 0
25 157 521 0 0 0 0 0 1.004 0 0.9004 0.1206 0.3484 0.4361 1 1.9392 0.7875 0.0773 0.6063 0.775 0.98 2.9564 0.9681 0.0652 0.2274 0.2728 1 2.0157 0.3159 0.3159 NA NA 1 0.7923 -6e-04 6e-04 -6e-04 0.9994 1 1.8273 -0.1606 0.1606 -0.1606 0.8394 1 1.4057 0 0
25 158 270 0 0 0 0 0 1.0066 0 0.863 -0.088 0.4627 0.5819 0.9167 1.9777 0.7685 -0.0924 0.5946 0.732 0.93 2.7369 0.8789 -0.1747 0.4922 0.5591 0.93 1.6899 0.2578 0.2578 NA NA 1 0.8533 -0.1778 0.1778 -0.1778 0.8222 1 1.3316 -0.2839 0.2839 -0.2839 0.7161 1 1.1384 0 0
25 159 349 0 0 0 0 0 1.0021 0 0.8115 0.3033 0.4427 0.5216 1 1.9499 0.8406 0.1661 0.5067 0.6674 1 3.0309 0.9154 0.2662 0.3559 0.4077 1 1.7381 -0.1018 0.1018 NA NA 1 0.8631 -0.1216 0.1216 -0.1216 0.8784 1 1.4576 -0.1755 0.1755 -0.1755 0.8245 1 1.374 0 0
25 160 274 0 0 0 0 0 1.0052 0 0.9402 0.7715 0.7943 0.9751 0.5833 2.1406 0.8249 0.4443 0.7504 0.9022 0.84 2.6938 0.9648 0.427 0.4342 0.4809 1 1.7207 0.0484 0.0484 NA NA 1 1.0902 -0.4126 0.4126 -0.4126 0.5874 1 1.1051 -0.4634 0.4634 -0.4634 0.5366 1 1.0102 0 0
25 161 223 0 0 0 0 0 1.0017 0 0.9413 -1.0939 1.0939 1.2264 0.5 2.2495 0.6749 -0.8793 1.0112 1.2419 0.75 3.3425 0.7914 -0.9611 0.9611 1.1013 0.41 1.646 -0.1196 0.1196 NA NA 1 0.9027 0.1269 0.1269 0.1269 1.1269 1 1.8887 0.0491 0.0491 0.0491 1.0491 1 1.8056 0 0
25 162 270 0 0 0 0 0 1.0071 0 0.8813 -1.089 1.089 1.2049 0.5 2.0555 0.7692 -0.5983 0.7844 0.9495 0.71 2.32 0.9092 -0.8216 0.8216 0.9401 0.43 1.5051 -0.055 0.055 NA NA 1 1.0125 -0.6567 0.6567 -0.6567 0.3433 0 0.7928 -0.6794 0.6794 -0.6794 0.3206 0 0.7475 0 0
25 163 257 0 0 0 0 0 1.008 0 0.8574 -0.0592 0.3916 0.5068 0.9167 1.9244 0.8331 -0.0612 0.5496 0.6842 0.94 2.7855 0.9521 -0.1244 0.3958 0.4585 0.95 1.5793 -0.1007 0.1007 NA NA 1 0.7517 -0.1217 0.1217 -0.1217 0.8783 1 1.2883 -0.1641 0.1641 -0.1641 0.8359 1 1.2579 0 0
25 164 315 0 0 0 0 0 1.0126 0 0.9292 0.6686 0.6686 0.7694 0.75 1.9412 0.7651 0.7268 0.8601 1.0353 0.8 3.1924 0.886 0.7106 0.7106 0.8084 0.68 1.8298 -0.0484 0.0484 NA NA 1 0.657 0.3173 0.3173 0.3173 1.3173 1 1.9419 0.2758 0.2758 0.2758 1.2758 1 1.8911 0 0
25 165 273 0 0 0 0 0 1.005 0 0.7086 -1.2757 1.2757 1.3768 0.25 2.11 0.6899 -1.3151 1.3681 1.5604 0.6 3.4002 0.7846 -1.1135 1.1135 1.2478 0.44 2.1364 0.4056 0.4056 NA NA 0 0.7269 0.397 0.397 0.397 1.397 1 2.4621 0.0856 0.0856 0.0856 1.0856 1 1.7651 0 0
25 166 269 0 0 0 0 0 1.0023 0 0.8839 0.2943 0.5641 0.7221 0.8333 1.9851 0.8131 0.1635 0.7108 0.9197 0.92 2.8894 0.9493 0.1232 0.2481 0.3134 1 1.7241 -0.0522 0.0522 NA NA 1 0.8435 -0.2081 0.2081 -0.2081 0.7919 1 1.3793 -0.2501 0.2501 -0.2501 0.7499 1 1.3038 0 0
25 167 327 0 0 0 0 0 1.0032 0 0.8885 -0.51 0.51 0.6157 0.9167 1.8902 0.7328 -0.3306 0.6799 0.8958 0.9 2.952 0.8724 -0.2421 0.3849 0.4483 1 1.6738 -0.0714 0.0714 NA NA 1 0.9179 -0.1677 0.1677 -0.1677 0.8323 1 1.3678 -0.2191 0.2191 -0.2191 0.7809 1 1.3035 0 0
25 168 328 0 0 0 0 0 1.0019 0 0.9329 0.0664 0.2282 0.2948 1 1.8667 0.7846 0.0034 0.6072 0.8149 0.94 2.9097 0.9417 0.1431 0.2329 0.2785 1 1.593 -0.3611 0.3611 NA NA 1 0.9736 -0.0165 0.0165 -0.0165 0.9835 1 1.6063 -0.2125 0.2125 -0.2125 0.7875 1 1.4179 0 0
25 169 234 0 0 0 0 0 1.0031 0 0.8769 0.275 0.9269 1.2549 0.6667 2.1201 0.7497 -0.029 0.8039 0.9813 0.72 1.9369 0.8968 0.0638 0.3937 0.4516 0.9 1.3647 -0.5386 0.5386 NA NA 1 0.9296 -0.8124 0.8124 -0.8124 0.1876 0 0.5294 -0.8768 0.8768 -0.8768 0.1232 0 0.3897 0 0
25 170 538 0 0 0 0 0 1.0024 0 0.944 -1.4429 1.4429 1.5035 0.0833 2.1455 0.7744 -1.4665 1.4832 1.6974 0.54 3.4232 0.9317 -1.4275 1.4275 1.4587 0.12 2.083 0.1524 0.1524 NA NA 1 0.8064 0.3035 0.3035 0.3035 1.3035 1 2.1189 0.2029 0.2029 0.2029 1.2029 1 1.9055 0 0
25 171 280 0 0 0 0 0 1.0017 0 0.8659 0.6146 0.6309 0.7676 0.8333 1.9437 0.811 0.372 0.7174 0.8814 0.91 2.8355 0.9153 0.4152 0.4157 0.521 0.8 1.7284 0.0368 0.0368 NA NA 1 0.882 -0.255 0.255 -0.255 0.745 1 1.3258 -0.2982 0.2982 -0.2982 0.7018 1 1.2439 0 0
25 172 331 0 0 0 0 0 1.0096 0 0.9542 0.4279 0.5529 0.5721 1 1.9064 0.7657 0.385 0.6867 0.9156 0.91 3.0615 0.9441 0.438 0.442 0.5268 0.85 1.7304 -0.1025 0.1025 NA NA 1 0.6854 0.0636 0.0636 0.0636 1.0636 1 1.6447 0.0175 0.0175 0.0175 1.0175 1 1.5556 0 0
25 173 331 0 0 0 0 0 1.0033 0 0.9102 0.4397 0.4397 0.6082 0.8333 1.9018 0.7901 0.313 0.6582 0.8334 0.92 2.6787 0.7562 0.4208 0.4917 0.6266 0.73 1.6787 0.0719 0.0719 NA NA 1 0.8441 -0.2803 0.2803 -0.2803 0.7197 1 1.2272 -0.3222 0.3222 -0.3222 0.6778 1 1.1361 0 0
25 174 390 0 0 0 0 0 1.0036 0 0.9159 0.7541 0.7541 0.8823 0.6667 1.9288 0.82 0.6798 0.8214 0.9848 0.82 2.7955 0.8737 0.4226 0.4642 0.5565 0.81 1.7186 0.0254 0.0254 NA NA 1 0.7285 -0.1478 0.1478 -0.1478 0.8522 1 1.292 -0.1812 0.1812 -0.1812 0.8188 1 1.2264 0 0
25 175 390 0 0 0 0 0 1.005 0 0.9384 0.0567 0.2532 0.3328 1 1.8775 0.8756 -0.113 0.5052 0.6605 0.98 3.383 0.9717 -0.2129 0.2638 0.3111 1 1.9226 0.0474 0.0474 NA NA 1 0.8007 0.613 0.613 0.613 1.613 1 2.3905 0.5342 0.5342 0.5342 1.5342 1 2.2022 0 0
25 176 240 0 0 0 0 0 1.0049 0 0.8461 -0.757 0.9463 1.0831 0.6667 2.126 0.7645 -0.529 0.807 0.9722 0.8 2.6024 0.8958 -0.6268 0.6383 0.7276 0.56 1.6177 -0.0392 0.0392 NA NA 1 1.0131 -0.4587 0.4587 -0.4587 0.5413 1 1.0531 -0.4945 0.4945 -0.4945 0.5055 1 0.9959 0 0
25 177 312 0 0 0 0 0 1.0022 0 0.9184 0.8355 0.8423 0.9891 0.75 2.0261 0.8055 0.8068 0.9062 1.1411 0.74 2.595 0.9406 0.6314 0.6314 0.6809 0.75 1.7669 0.1545 0.1545 NA NA 1 0.9978 -0.4519 0.4519 -0.4519 0.5481 1 1.1282 -0.5075 0.5075 -0.5075 0.4925 1 0.983 0 0
25 178 289 0 0 0 0 0 1.0079 0 0.9285 -0.1503 0.3379 0.4149 0.9167 1.9311 0.8317 -0.233 0.6137 0.7597 0.95 2.9333 0.9705 -0.2229 0.275 0.3094 1 1.7013 -0.1447 0.1447 NA NA 1 0.8086 -0.1704 0.1704 -0.1704 0.8296 1 1.3743 -0.2227 0.2227 -0.2227 0.7773 1 1.3275 0 0
25 179 372 0 0 0 0 0 1.0068 0 0.946 0.4779 0.5585 0.7691 0.8333 2.0108 0.8344 0.4844 0.7107 0.8786 0.85 2.7353 0.8984 0.3452 0.3565 0.4643 0.86 1.7711 0.139 0.139 NA NA 1 0.9363 -0.2793 0.2793 -0.2793 0.7207 1 1.2669 -0.3419 0.3419 -0.3419 0.6581 1 1.1017 0 0
25 180 200 0 0 0 0 0 1.0055 0 0.8493 1.2326 1.2326 1.3184 0.4167 2.131 0.7553 1.3842 1.4282 1.5965 0.57 3.6053 0.871 1.138 1.138 1.264 0.34 1.7674 -0.1058 0.1058 NA NA 1 0.8525 0.3466 0.3466 0.3466 1.3466 1 2.0455 0.2663 0.2663 0.2663 1.2663 1 1.961 0 0
25 181 314 0 0 0 0 0 1.0028 0 0.6833 0.8407 0.863 1.0236 0.5 2.0148 0.7866 0.6632 0.781 0.9579 0.8 2.7676 0.8237 0.7332 0.7332 0.8433 0.63 1.7968 0.1363 0.1363 NA NA 1 0.8816 -0.2914 0.2914 -0.2914 0.7086 1 1.3071 -0.3499 0.3499 -0.3499 0.6501 1 1.116 0 0
25 182 302 0 0 0 0 0 1.0028 0 0.9109 -0.4113 0.4944 0.5618 0.9167 1.8731 0.8891 -0.4358 0.5724 0.7226 0.92 2.9083 0.9282 -0.4563 0.4563 0.5267 0.92 1.6542 -0.2224 0.2224 NA NA 1 1.0385 -0.0948 0.0948 -0.0948 0.9052 1 1.4712 -0.2097 0.2097 -0.2097 0.7903 1 1.3394 0 0
25 183 322 0 0 0 0 0 1.005 0 0.8965 0.6586 0.7123 0.8296 0.6667 1.9767 0.7763 0.6646 0.8563 1.0485 0.81 2.8446 0.8957 0.6296 0.6296 0.7075 0.79 1.9032 0.233 0.233 NA NA 1 0.8934 -0.1334 0.1334 -0.1334 0.8666 1 1.4545 -0.2366 0.2366 -0.2366 0.7634 1 1.2241 0 0
25 184 409 0 0 0 0 0 1.007 0 0.8969 -0.6625 0.722 0.9142 0.8333 2.0176 0.8492 -0.4915 0.6612 0.8303 0.9 2.6308 0.9818 -0.5455 0.5455 0.5644 1 2.0488 0.3187 0.3187 NA NA 1 0.9445 -0.3302 0.3302 -0.3302 0.6698 1 1.4241 -0.46 0.46 -0.46 0.54 1 1.0411 0 0
25 185 263 0 0 0 0 0 1.0052 0 0.9134 0.0902 0.3016 0.3633 1 1.9009 0.7832 -0.0011 0.6115 0.8156 0.94 2.6964 0.9197 0.1221 0.2858 0.3523 0.97 1.5382 -0.1574 0.1574 NA NA 1 0.8632 -0.269 0.269 -0.269 0.731 1 1.2014 -0.3219 0.3219 -0.3219 0.6781 1 1.1515 0 0
25 186 387 0 0 0 0 0 1.0013 0 0.9658 0.3125 0.5221 0.6628 0.9167 2.0272 0.848 0.3515 0.7012 0.8922 0.88 2.7462 0.9294 0.3197 0.3567 0.4605 0.94 1.6263 -0.1038 0.1038 NA NA 1 1.0012 -0.3241 0.3241 -0.3241 0.6759 1 1.2185 -0.3735 0.3735 -0.3735 0.6265 1 1.1671 0 0
25 187 300 0 0 0 0 0 1.0021 0 0.9246 -0.5146 0.5839 0.7433 0.8333 1.9588 0.8069 -0.508 0.755 0.9446 0.81 2.7158 0.9223 -0.4181 0.4212 0.5026 0.84 1.6445 -0.02 0.02 NA NA 1 0.8996 -0.3261 0.3261 -0.3261 0.6739 1 1.2097 -0.3656 0.3656 -0.3656 0.6344 1 1.1141 0 0
25 188 269 0 0 0 0 0 1.0086 0 0.9492 -0.9981 0.9981 1.0406 0.6667 2.0374 0.7629 -0.813 0.954 1.1085 0.8 3.2439 0.9395 -0.8432 0.8432 0.9007 0.52 1.7657 -0.1856 0.1856 NA NA 1 0.8467 0.0873 0.0873 0.0873 1.0873 1 1.6436 -0.0055 0.0055 -0.0055 0.9945 1 1.5153 0 0
25 189 385 0 0 0 0 0 1.0034 0 0.8696 -0.0852 0.3544 0.4166 1 1.8526 0.8175 -0.0882 0.5331 0.7109 0.98 3.0216 0.9667 -0.0606 0.1731 0.2171 1 1.7607 -0.0712 0.0712 NA NA 1 0.8564 0.0965 0.0965 0.0965 1.0965 1 1.6479 0.0367 0.0367 0.0367 1.0367 1 1.5653 0 0
25 190 303 0 0 0 0 0 1.003 0 0.9297 0.2972 0.4136 0.4574 1 1.9318 0.7745 0.3539 0.6876 0.9043 0.95 3.2201 0.9228 0.1634 0.2968 0.3538 1 2.1349 0.2066 0.2066 NA NA 1 0.7422 0.2626 0.2626 0.2626 1.2626 1 1.984 0.1503 0.1503 0.1503 1.1503 1 1.7323 0 0
25 191 431 0 0 0 0 0 1.0053 0 0.8736 -0.0119 0.2818 0.3493 1 1.8612 0.8018 -0.1113 0.6096 0.7864 0.99 3.4066 0.9527 -0.2136 0.2144 0.3063 1 2.0266 0.0516 0.0516 NA NA 1 0.9138 0.5499 0.5499 0.5499 1.5499 1 2.2565 0.4485 0.4485 0.4485 1.4485 1 2.0532 0 0
25 192 397 0 0 0 0 0 1.0024 0 0.8901 -0.9032 0.9032 0.9919 0.5 1.925 0.7284 -0.9243 1.0319 1.2163 0.73 3.0268 0.9288 -0.877 0.877 0.9234 0.57 1.9268 0.1882 0.1882 NA NA 1 0.8268 0.043 0.043 0.043 1.043 1 1.6759 -0.0551 0.0551 -0.0551 0.9449 1 1.4422 0 0
25 193 210 0 0 0 0 0 1.0036 0 0.9236 0.1308 0.478 0.5724 1 1.9448 0.7077 0.0985 0.6781 0.902 0.88 2.4313 0.8031 0.1547 0.3847 0.4556 0.94 1.4485 -0.2985 0.2985 NA NA 1 0.9972 -0.5334 0.5334 -0.5334 0.4666 0 0.8379 -0.6065 0.6065 -0.6065 0.3935 0 0.7735 0 0
25 194 308 0 0 0 0 0 1.0086 0 0.8589 -0.2411 0.376 0.4818 0.9167 1.8345 0.8255 -0.3141 0.5052 0.6945 0.96 3.0256 0.9003 -0.1549 0.375 0.4475 1 1.7996 0.0789 0.0789 NA NA 1 0.8214 0.1854 0.1854 0.1854 1.1854 1 1.6966 0.1206 0.1206 0.1206 1.1206 1 1.5921 0 0
25 195 226 0 0 0 0 0 1.0027 0 0.9034 -0.1848 0.5374 0.8436 0.8333 2.1409 0.8088 -0.1299 0.702 0.8876 0.87 2.6627 0.934 0.0087 0.3117 0.3678 1 1.5969 -0.1342 0.1342 NA NA 1 1.1925 -0.432 0.432 -0.432 0.568 1 1.0617 -0.4968 0.4968 -0.4968 0.5032 1 1.0046 0 0
25 196 504 0 0 0 0 0 1.0026 0 0.944 0.472 0.541 0.6605 0.9167 1.9898 0.7822 0.4339 0.7762 0.952 0.86 2.6856 0.9229 0.4406 0.4567 0.5246 1 2.1321 0.4085 0.4085 NA NA 1 1.0199 -0.181 0.181 -0.181 0.819 1 1.7374 -0.4102 0.4102 -0.4102 0.5898 1 1.1041 0 0
25 197 233 0 0 0 0 0 1.0012 0 0.8545 0.5755 0.8041 1.1614 0.75 2.1866 0.6997 0.4417 0.8396 1.0452 0.63 2.0265 0.9036 0.3067 0.5785 0.6752 0.63 1.3637 -0.0286 0.0286 NA NA 1 1.1441 -0.7904 0.7904 -0.7904 0.2096 0 0.5605 -0.8043 0.8043 -0.8043 0.1957 0 0.5364 0 0
25 198 341 0 0 0 0 0 1.0049 0 0.942 0.1472 0.4653 0.5289 1 2.0372 0.836 0.1147 0.4984 0.6381 0.98 3.0231 0.891 0.1182 0.4126 0.4661 1 1.7561 0.0857 0.0857 NA NA 1 0.8247 0.1225 0.1225 0.1225 1.1225 1 1.7344 0.058 0.058 0.058 1.058 1 1.6052 0 0
25 199 266 0 0 0 0 0 1.0021 0 0.824 0.7204 0.8316 1.1902 0.75 2.1703 0.7374 0.3778 0.7709 0.9993 0.78 2.4059 0.9161 0.4633 0.5011 0.5962 0.71 1.524 -0.1965 0.1965 NA NA 1 1.0221 -0.5967 0.5967 -0.5967 0.4033 0 0.886 -0.6398 0.6398 -0.6398 0.3602 0 0.8053 0 0
25 200 277 0 0 0 0 0 1.0056 0 0.9299 -0.1233 0.3137 0.3725 1 1.767 0.8175 0.0336 0.5136 0.6709 0.99 2.9114 0.8053 0.0995 0.4597 0.5379 0.94 1.6011 -0.1361 0.1361 NA NA 1 0.7326 0.2169 0.2169 0.2169 1.2169 1 1.7476 0.1502 0.1502 0.1502 1.1502 1 1.6679 0 0
