cond r run.time ndiv nbfmi ntree nbulk ntail maxRhat nRhat beta.cor beta.bias beta.abbias beta.rmse beta.cover beta.CI theta.cor theta.bias theta.abbias theta.rmse theta.cover theta.CI attra.cor attra.bias attra.abbias attra.rmse attra.cover attra.CI lambda.bias lambda.abbias lambda.rbias lambda.rbias2 lambda.cover lambda.CI pvar.bias pvar.abbias pvar.rbias pvar.rbias2 pvar.cover pvar.CI sigma2.bias sigma2.abbias sigma2.rbias sigma2.rbias2 sigma2.cover sigma2.CI corrupt efficiency
2 1 1025 0 0 0 0 0 1.01 0 0.9635 -0.639 0.639 0.6711 0.75 1.4746 0.9051 -0.6222 0.684 0.8137 0.88 2.53 0.996 -0.537 0.537 0.5409 1 1.4378 -0.0175 0.0175 NA NA 1 0.4429 0.0529 0.0529 0.0529 1.0529 1 0.9667 0.0393 0.0393 0.0393 1.0393 1 0.9505 0 0
2 2 1280 0 0 0 0 0 1.0055 0 0.9632 0.2113 0.4616 0.6947 0.8333 1.685 0.8777 0.128 0.5093 0.6546 0.93 2.3132 0.9815 0.1614 0.2098 0.2303 1 1.3871 0.0947 0.0947 NA NA 1 0.5158 -0.4479 0.4479 -0.4479 0.5521 0 0.6386 -0.4623 0.4623 -0.4623 0.5377 0 0.6243 0 0
2 3 990 0 0 0 0 0 1.0031 0 0.9709 -0.7526 0.7526 0.7865 0.5833 1.4741 0.8814 -0.6751 0.7811 0.9169 0.8 2.3929 0.9786 -0.6443 0.6443 0.6679 0.625 1.3653 -0.0885 0.0885 NA NA 1 0.4232 -0.2029 0.2029 -0.2029 0.7971 1 0.7423 -0.2182 0.2182 -0.2182 0.7818 1 0.7364 0 0
2 4 946 0 0 0 0 0 1.005 0 0.9823 -0.5142 0.5142 0.5428 0.8333 1.4268 0.8766 -0.4414 0.5773 0.7075 0.93 2.4106 0.9091 -0.3262 0.3751 0.4469 0.885 1.3677 -0.0184 0.0184 NA NA 1 0.4077 -0.0525 0.0525 -0.0525 0.9475 1 0.8449 -0.0631 0.0631 -0.0631 0.9369 1 0.8362 0 0
2 5 1013 0 0 0 0 0 1.0049 0 0.9754 -0.3261 0.3442 0.4038 1 1.4831 0.8865 -0.276 0.4982 0.6274 0.915 2.3272 0.9491 -0.3111 0.3111 0.3826 0.87 1.3547 -0.1193 0.1193 NA NA 1 0.4338 -0.2971 0.2971 -0.2971 0.7029 1 0.6697 -0.3156 0.3156 -0.3156 0.6844 1 0.6638 0 0
2 6 1015 0 0 0 0 0 1.0035 0 0.9782 0.6471 0.6471 0.6932 0.6667 1.5471 0.8842 0.4861 0.6564 0.7998 0.865 2.5326 0.9857 0.5295 0.5295 0.5467 0.88 1.4121 -0.126 0.126 NA NA 1 0.3961 0.0071 0.0071 0.0071 1.0071 1 0.9753 -0.0197 0.0197 -0.0197 0.9803 1 0.935 0 0
2 7 1381 0 0 0 0 0 1.0023 0 0.9876 -0.0284 0.1791 0.1973 1 1.5058 0.8781 -0.0731 0.4618 0.5956 0.955 2.4482 0.9744 -0.0102 0.1191 0.1596 1 1.4695 0.1659 0.1659 NA NA 1 0.4521 -0.1182 0.1182 -0.1182 0.8818 1 0.8563 -0.1551 0.1551 -0.1551 0.8449 1 0.8159 0 0
2 8 875 0 0 0 0 0 1.0029 0 0.9443 -0.4845 0.4963 0.59 0.6667 1.5255 0.8763 -0.4235 0.5736 0.7034 0.91 2.4732 0.9627 -0.5233 0.5233 0.5682 0.775 1.3994 -0.0861 0.0861 NA NA 1 0.4418 -0.047 0.047 -0.047 0.953 1 0.8703 -0.0661 0.0661 -0.0661 0.9339 1 0.8636 0 0
2 9 1135 0 0 0 0 0 1.003 0 0.9757 0.1258 0.2223 0.2653 1 1.5002 0.8931 0.1619 0.5078 0.6238 0.98 2.6057 0.9482 0.0375 0.1773 0.2367 1 1.4189 -0.1404 0.1404 NA NA 1 0.3738 0.2821 0.2821 0.2821 1.2821 1 1.1507 0.2453 0.2453 0.2453 1.2453 1 1.1436 0 0
2 10 1410 0 0 0 0 0 1.0017 0 0.991 0.3473 0.3668 0.4018 1 1.503 0.9068 0.2992 0.5076 0.6255 0.965 2.4577 0.9478 0.1057 0.2309 0.2723 1 1.422 0.0421 0.0421 NA NA 1 0.4246 -0.1229 0.1229 -0.1229 0.8771 1 0.8119 -0.1347 0.1347 -0.1347 0.8653 1 0.8058 0 0
2 11 908 0 0 0 0 0 1.0039 0 0.9366 0.06 0.2889 0.3905 0.9167 1.4539 0.8833 0.0164 0.4635 0.5934 0.965 2.6093 0.9635 -0.0501 0.1647 0.1983 1 1.4338 -0.0548 0.0548 NA NA 1 0.3678 0.2876 0.2876 0.2876 1.2876 1 1.0925 0.2721 0.2721 0.2721 1.2721 1 1.0878 0 0
2 12 1108 0 0 0 0 0 1.0027 0 0.9766 -0.1663 0.2438 0.277 1 1.4357 0.8877 -0.2475 0.5532 0.6742 0.95 2.5393 0.9171 -0.3367 0.3826 0.4447 0.85 1.3729 -0.2137 0.2137 NA NA 0 0.3993 0.1702 0.1702 0.1702 1.1702 1 1.0559 0.1041 0.1041 0.1041 1.1041 1 0.9921 0 0
2 13 1379 0 0 0 0 0 1.0033 0 0.9865 -0.9516 0.9516 0.9692 0.25 1.6125 0.8932 -0.9453 0.978 1.0965 0.705 2.5928 0.9415 -1.0243 1.0243 1.0529 0.035 1.4888 0.0823 0.0823 NA NA 1 0.4315 -0.0533 0.0533 -0.0533 0.9467 1 0.9115 -0.0716 0.0716 -0.0716 0.9284 1 0.886 0 0
2 14 1122 0 0 0 0 0 1.0094 0 0.9604 -0.4642 0.4647 0.5128 0.8333 1.469 0.8944 -0.4556 0.6192 0.7566 0.915 2.5811 0.9606 -0.399 0.4173 0.4552 1 1.5629 0.1549 0.1549 NA NA 1 0.3812 0.2251 0.2251 0.2251 1.2251 1 1.1013 0.1824 0.1824 0.1824 1.1824 1 1.0443 0 0
2 15 1080 0 0 0 0 0 1.0053 0 0.9758 0.5179 0.5179 0.6074 0.9167 1.5701 0.8917 0.4876 0.62 0.7436 0.91 2.423 0.9831 0.4424 0.4424 0.4692 0.84 1.396 0.036 0.036 NA NA 1 0.4559 -0.1648 0.1648 -0.1648 0.8352 1 0.8379 -0.1773 0.1773 -0.1773 0.8227 1 0.8292 0 0
2 16 1109 0 0 0 0 0 1.0045 0 0.9694 0.2672 0.2711 0.3371 1 1.4704 0.8814 0.2164 0.5081 0.639 0.945 2.5499 0.9391 0.2662 0.2944 0.3673 0.925 1.4037 -0.1204 0.1204 NA NA 1 0.3788 0.1798 0.1798 0.1798 1.1798 1 1.0915 0.1511 0.1511 0.1511 1.1511 1 1.07 0 0
2 17 953 0 0 0 0 0 1.0059 0 0.9576 0.6181 0.6181 0.6955 0.75 1.5646 0.8451 0.5343 0.6801 0.8184 0.8 2.3222 0.9504 0.5611 0.5611 0.6092 0.63 1.348 0.0206 0.0206 NA NA 1 0.4605 -0.3365 0.3365 -0.3365 0.6635 1 0.6984 -0.3459 0.3459 -0.3459 0.6541 1 0.6861 0 0
2 18 881 0 0 0 0 0 1.0031 0 0.9633 -0.7867 0.7867 0.8762 0.5833 1.5749 0.8898 -0.6551 0.7434 0.8861 0.8 2.3955 0.9825 -0.577 0.577 0.628 0.545 1.3033 -0.1925 0.1925 NA NA 1 0.4123 -0.2156 0.2156 -0.2156 0.7844 1 0.7709 -0.2533 0.2533 -0.2533 0.7467 1 0.7416 0 0
2 19 1290 0 0 0 0 0 1.0041 0 0.9777 0.5161 0.5161 0.5633 0.8333 1.5447 0.884 0.5027 0.6162 0.7534 0.91 2.5667 0.9809 0.3743 0.3743 0.3995 1 1.5078 0.15 0.15 NA NA 1 0.3978 0.1595 0.1595 0.1595 1.1595 1 1.0801 0.1199 0.1199 0.1199 1.1199 1 1.0387 0 0
2 20 1232 0 0 0 0 0 1.0029 0 0.9839 -0.8436 0.8436 0.8665 0.5 1.5866 0.8924 -0.9523 0.9776 1.1189 0.76 2.8184 0.9612 -0.956 0.956 0.9796 0.225 1.537 0.0397 0.0397 NA NA 1 0.395 0.5316 0.5316 0.5316 1.5316 1 1.379 0.5127 0.5127 0.5127 1.5127 1 1.3597 0 0
2 21 1194 0 0 0 0 0 1.0034 0 0.9004 -0.4538 0.4618 0.6035 0.75 1.4661 0.8889 -0.3543 0.6036 0.7624 0.84 2.2047 0.9678 -0.4699 0.4699 0.5052 0.795 1.3123 -0.0602 0.0602 NA NA 1 0.4988 -0.4682 0.4682 -0.4682 0.5318 0 0.5704 -0.4785 0.4785 -0.4785 0.5215 0 0.5678 0 0
2 22 883 0 0 0 0 0 1.0023 0 0.9567 -0.0629 0.2363 0.3271 1 1.4908 0.8739 -0.0526 0.4673 0.576 0.97 2.2767 0.7555 -0.0812 0.3824 0.4736 0.76 1.3729 0.1456 0.1456 NA NA 1 0.4143 -0.2405 0.2405 -0.2405 0.7595 1 0.6946 -0.2656 0.2656 -0.2656 0.7344 1 0.6796 0 0
2 23 1057 0 0 0 0 0 1.0059 0 0.9814 -0.0102 0.1964 0.2378 1 1.5261 0.8932 0.0273 0.4639 0.5801 0.955 2.3301 0.9731 0.2024 0.2026 0.2699 0.98 1.346 -0.0575 0.0575 NA NA 1 0.4444 -0.2764 0.2764 -0.2764 0.7236 1 0.7257 -0.288 0.288 -0.288 0.712 1 0.713 0 0
2 24 1403 0 0 0 0 0 1.0021 0 0.9844 0.2307 0.2707 0.3486 1 1.5123 0.889 0.3015 0.4923 0.6464 0.92 2.3681 0.9536 0.3084 0.3426 0.4216 1 1.4732 0.1731 0.1731 NA NA 1 0.4115 -0.1799 0.1799 -0.1799 0.8201 1 0.7576 -0.2147 0.2147 -0.2147 0.7853 1 0.7233 0 0
2 25 1157 0 0 0 0 0 1.0103 0 0.9716 -0.0278 0.2109 0.2425 1 1.4815 0.8982 -0.0091 0.4415 0.5566 0.965 2.4351 0.9396 -0.0637 0.1927 0.2637 1 1.4702 0.1126 0.1126 NA NA 1 0.4165 -0.0012 0.0012 -0.0012 0.9988 1 0.9244 -0.0258 0.0258 -0.0258 0.9742 1 0.89 0 0
2 26 1282 0 0 0 0 0 1.0099 0 0.9723 0.4701 0.4701 0.5136 0.9167 1.5086 0.8819 0.4446 0.6064 0.7459 0.895 2.4338 0.9755 0.4716 0.4777 0.4984 0.915 1.4107 -0.1026 0.1026 NA NA 1 0.4458 -0.1736 0.1736 -0.1736 0.8264 1 0.7778 -0.1928 0.1928 -0.1928 0.8072 1 0.7748 0 0
2 27 1230 0 0 0 0 0 1.0041 0 0.9245 0.9872 0.9872 1.0511 0.25 1.5559 0.8687 0.9273 0.9771 1.1127 0.66 2.5948 0.9553 0.9071 0.9071 0.9309 0.265 1.5157 0.1932 0.1932 NA NA 1 0.4485 -0.0349 0.0349 -0.0349 0.9651 1 0.9713 -0.0854 0.0854 -0.0854 0.9146 1 0.9122 0 0
2 28 992 0 0 0 0 0 1.0014 0 0.9679 0.7202 0.7202 0.7754 0.4167 1.5963 0.8744 0.6563 0.7486 0.889 0.815 2.4943 0.9579 0.7458 0.7487 0.7846 0.395 1.377 -0.1241 0.1241 NA NA 1 0.437 -0.1222 0.1222 -0.1222 0.8778 1 0.8449 -0.1468 0.1468 -0.1468 0.8532 1 0.8258 0 0
2 29 1054 0 0 0 0 0 1.006 0 0.9353 -1.1714 1.1714 1.2035 0.0833 1.5489 0.8663 -1.0877 1.1388 1.265 0.525 2.6429 0.9627 -1.104 1.104 1.1206 0.01 1.542 0.1103 0.1103 NA NA 1 0.4429 0.0169 0.0169 0.0169 1.0169 1 0.9619 -0.0087 0.0087 -0.0087 0.9913 1 0.9458 0 0
2 30 987 0 0 0 0 0 1.0045 0 0.9899 0.3711 0.3884 0.4844 1 1.6082 0.9037 0.3166 0.5522 0.6825 0.94 2.4083 0.9823 0.3488 0.3498 0.4124 0.965 1.3745 -0.0589 0.0589 NA NA 1 0.4583 -0.2141 0.2141 -0.2141 0.7859 1 0.7653 -0.2276 0.2276 -0.2276 0.7724 1 0.7603 0 0
2 31 1016 0 0 0 0 0 1.003 0 0.972 -0.5099 0.5099 0.5818 0.75 1.539 0.9137 -0.4634 0.5598 0.6994 0.925 2.5474 0.9734 -0.5113 0.5113 0.5404 0.89 1.4914 0.1209 0.1209 NA NA 1 0.4074 0.0979 0.0979 0.0979 1.0979 1 1.0407 0.0696 0.0696 0.0696 1.0696 1 1.009 0 0
2 32 1290 0 0 0 0 0 1.0045 0 0.965 -0.4968 0.4968 0.5858 0.8333 1.5117 0.8774 -0.5357 0.6708 0.822 0.905 2.6745 0.9596 -0.4745 0.4745 0.5148 0.88 1.4577 -0.0507 0.0507 NA NA 1 0.3946 0.3856 0.3856 0.3856 1.3856 1 1.2309 0.3681 0.3681 0.3681 1.3681 1 1.2072 0 0
2 33 866 0 0 0 0 0 1.0022 0 0.9297 0.4785 0.4951 0.5656 0.8333 1.5092 0.9086 0.4304 0.5538 0.6714 0.94 2.5559 0.9883 0.4198 0.4198 0.4339 1 1.4984 0.0918 0.0918 NA NA 1 0.4009 0.1308 0.1308 0.1308 1.1308 1 1.0507 0.1084 0.1084 0.1084 1.1084 1 1.0193 0 0
2 34 1008 0 0 0 0 0 1.0038 0 0.9629 0.371 0.4548 0.5276 0.9167 1.6043 0.8924 0.3193 0.5012 0.633 0.96 2.497 0.9568 0.3335 0.3417 0.3923 0.97 1.3873 -0.1146 0.1146 NA NA 1 0.4317 -0.0582 0.0582 -0.0582 0.9418 1 0.8866 -0.0818 0.0818 -0.0818 0.9182 1 0.8798 0 0
2 35 1268 0 0 0 0 0 1.0041 0 0.9528 0.3943 0.4253 0.4717 0.9167 1.5189 0.8913 0.4399 0.5715 0.7092 0.925 2.5264 0.9704 0.5256 0.5284 0.5527 0.855 1.4869 0.0768 0.0768 NA NA 1 0.4208 0.015 0.015 0.015 1.015 1 0.935 -0.0031 0.0031 -0.0031 0.9969 1 0.9243 0 0
2 36 1370 0 0 0 0 0 1.0032 0 0.9707 0.5945 0.5945 0.6353 0.75 1.5205 0.8862 0.6267 0.7156 0.8601 0.865 2.6067 0.966 0.6873 0.6873 0.7126 0.62 1.4971 0.0681 0.0681 NA NA 1 0.3984 0.1322 0.1322 0.1322 1.1322 1 1.0497 0.1148 0.1148 0.1148 1.1148 1 1.0389 0 0
2 37 1118 0 0 0 0 0 1.0015 0 0.9278 0.3397 0.3414 0.4351 0.9167 1.4284 0.9005 0.2236 0.4729 0.5934 0.94 2.4233 0.9593 0.2171 0.2465 0.3079 1 1.401 0.013 0.013 NA NA 1 0.4498 -0.0905 0.0905 -0.0905 0.9095 1 0.8484 -0.1026 0.1026 -0.1026 0.8974 1 0.8313 0 0
2 38 1053 0 0 0 0 0 1.0025 0 0.9663 -0.3907 0.3935 0.498 0.9167 1.471 0.9005 -0.3637 0.561 0.6818 0.935 2.319 0.9774 -0.3836 0.3841 0.4288 0.975 1.3987 0.0611 0.0611 NA NA 1 0.4444 -0.2589 0.2589 -0.2589 0.7411 1 0.697 -0.2714 0.2714 -0.2714 0.7286 1 0.6874 0 0
2 39 1057 0 0 0 0 0 1.0055 0 0.9671 0.2812 0.3161 0.39 0.9167 1.5367 0.8703 0.3097 0.5501 0.6646 0.945 2.5131 0.9613 0.3632 0.3876 0.4232 1 1.37 -0.1278 0.1278 NA NA 1 0.4024 0.0971 0.0971 0.0971 1.0971 1 0.9845 0.068 0.068 0.068 1.068 1 0.9713 0 0
2 40 967 0 0 0 0 0 1.0047 0 0.9775 -0.5473 0.5473 0.6308 0.75 1.548 0.8757 -0.4709 0.6396 0.7754 0.875 2.3671 0.9603 -0.5672 0.5672 0.6073 0.64 1.3698 -0.0222 0.0222 NA NA 1 0.4624 -0.2819 0.2819 -0.2819 0.7181 1 0.7203 -0.2922 0.2922 -0.2922 0.7078 1 0.7107 0 0
2 41 819 0 0 0 0 0 1.0056 0 0.9645 0.2197 0.3053 0.3349 1 1.4564 0.8899 0.1597 0.4454 0.5705 0.95 2.2652 0.9674 0.1422 0.2821 0.3498 0.965 1.3016 -0.1233 0.1233 NA NA 1 0.4416 -0.2803 0.2803 -0.2803 0.7197 1 0.6982 -0.3002 0.3002 -0.3002 0.6998 1 0.6799 0 0
2 42 791 0 0 0 0 0 1.0031 0 0.9874 -0.1851 0.1851 0.2342 1 1.4732 0.8914 -0.1625 0.4866 0.6136 0.96 2.4936 0.9373 -0.173 0.2732 0.3226 1 1.3729 -0.1308 0.1308 NA NA 1 0.376 0.147 0.147 0.147 1.147 1 0.986 0.1167 0.1167 0.1167 1.1167 1 0.9791 0 0
2 43 829 0 0 0 0 0 1.0017 0 0.9694 -0.3549 0.3608 0.4805 0.8333 1.5245 0.8876 -0.3686 0.5511 0.6687 0.94 2.4724 0.9799 -0.4104 0.4212 0.4444 1 1.3832 -0.0267 0.0267 NA NA 1 0.4123 -0.0761 0.0761 -0.0761 0.9239 1 0.8533 -0.0871 0.0871 -0.0871 0.9129 1 0.851 0 0
2 44 1048 0 0 0 0 0 1.0026 0 0.9561 -0.1512 0.2525 0.3119 1 1.439 0.8882 -0.1258 0.4578 0.5721 0.97 2.5432 0.9598 -0.2105 0.2773 0.2929 1 1.4112 -0.0117 0.0117 NA NA 1 0.4197 0.21 0.21 0.21 1.21 1 1.0506 0.1958 0.1958 0.1958 1.1958 1 1.0347 0 0
2 45 1166 0 0 0 0 0 1.0044 0 0.9529 -1.0112 1.0112 1.0551 0.25 1.6331 0.8692 -1.102 1.1119 1.2456 0.62 2.7589 0.9601 -1.1139 1.1139 1.1317 0.03 1.501 -0.05 0.05 NA NA 1 0.4253 0.1972 0.1972 0.1972 1.1972 1 1.1516 0.1797 0.1797 0.1797 1.1797 1 1.1352 0 0
2 46 1354 0 0 0 0 0 1.0036 0 0.9749 -0.0835 0.2008 0.2395 1 1.4558 0.883 0.0026 0.4429 0.5442 0.985 2.5118 0.9289 -0.0809 0.2662 0.3044 1 1.4613 0.0909 0.0909 NA NA 1 0.3958 0.1623 0.1623 0.1623 1.1623 1 0.9984 0.1399 0.1399 0.1399 1.1399 1 0.9828 0 0
2 47 1386 0 0 0 0 0 1.0037 0 0.9825 -0.7926 0.7926 0.8072 0.3333 1.4786 0.919 -0.8086 0.8451 0.9562 0.85 2.691 0.9937 -0.6541 0.6541 0.6668 0.765 1.5079 -0.0149 0.0149 NA NA 1 0.4017 0.3426 0.3426 0.3426 1.3426 1 1.1998 0.328 0.328 0.328 1.328 1 1.1961 0 0
2 48 1123 0 0 0 0 0 1.0044 0 0.9351 0.7842 0.7842 0.8317 0.5 1.5078 0.8552 0.7582 0.8572 0.9796 0.725 2.4073 0.9764 0.8104 0.8104 0.8252 0.22 1.4314 0.0874 0.0874 NA NA 1 0.5084 -0.3355 0.3355 -0.3355 0.6645 1 0.6968 -0.3518 0.3518 -0.3518 0.6482 1 0.677 0 0
2 49 1044 0 0 0 0 0 1.0038 0 0.9859 0.1505 0.221 0.2471 1 1.5321 0.8696 0.1924 0.4965 0.6307 0.96 2.4453 0.9827 0.2433 0.247 0.2922 1 1.4462 0.1247 0.1247 NA NA 1 0.4607 -0.0504 0.0504 -0.0504 0.9496 1 0.8914 -0.079 0.079 -0.079 0.921 1 0.8532 0 0
2 50 1074 0 0 0 0 0 1.0048 0 0.9311 0.1949 0.3196 0.4584 0.9167 1.5544 0.8687 0.1343 0.466 0.6083 0.925 2.2493 0.9745 0.2304 0.2911 0.3455 1 1.3179 -0.0669 0.0669 NA NA 1 0.4933 -0.3998 0.3998 -0.3998 0.6002 0 0.6347 -0.412 0.412 -0.412 0.588 0 0.6264 0 0
2 51 855 0 0 0 0 0 1.0056 0 0.9699 0.0741 0.1856 0.2304 1 1.4949 0.8956 0.0279 0.3994 0.5166 0.98 2.4728 0.9487 -0.0749 0.1773 0.2384 1 1.4145 -0.0521 0.0521 NA NA 1 0.4132 0.0273 0.0273 0.0273 1.0273 1 0.9371 0.0134 0.0134 0.0134 1.0134 1 0.9325 0 0
2 52 1379 0 0 0 0 0 1.0029 0 0.9691 0.8445 0.8445 0.8691 0.3333 1.5107 0.8935 0.888 0.9148 1.0495 0.73 2.5941 0.9752 0.8553 0.8553 0.8738 0.1 1.4658 0.0366 0.0366 NA NA 1 0.4187 -0.031 0.031 -0.031 0.969 1 0.941 -0.044 0.044 -0.044 0.956 1 0.9273 0 0
2 53 1044 0 0 0 0 0 1.0044 0 0.9468 -0.7402 0.7402 0.8134 0.5833 1.4986 0.8937 -0.6634 0.7923 0.9091 0.805 2.3816 0.9645 -0.6333 0.6333 0.6631 0.56 1.4074 0.1052 0.1052 NA NA 1 0.4368 -0.2065 0.2065 -0.2065 0.7935 1 0.7813 -0.2257 0.2257 -0.2257 0.7743 1 0.7635 0 0
2 54 844 0 0 0 0 0 1.0049 0 0.9542 -0.3775 0.4739 0.5358 1 1.5873 0.8738 -0.4012 0.5376 0.677 0.94 2.3938 0.9384 -0.2981 0.3456 0.3861 0.97 1.3847 -0.0598 0.0598 NA NA 1 0.5211 -0.2976 0.2976 -0.2976 0.7024 1 0.7127 -0.3119 0.3119 -0.3119 0.6881 1 0.7057 0 0
2 55 817 0 0 0 0 0 1.0026 0 0.9422 -0.4529 0.5307 0.6149 0.8333 1.4738 0.8871 -0.2907 0.5197 0.6505 0.885 2.1252 0.9455 -0.2704 0.3407 0.4121 0.815 1.2479 -0.1437 0.1437 NA NA 1 0.4729 -0.504 0.504 -0.504 0.496 0 0.523 -0.5213 0.5213 -0.5213 0.4787 0 0.5154 0 0
2 56 1382 0 0 0 0 0 1.0053 0 0.9783 0.6449 0.6449 0.6825 0.5833 1.5141 0.865 0.639 0.7449 0.8812 0.82 2.4622 0.9817 0.6282 0.6282 0.6435 0.73 1.5026 0.2134 0.2134 NA NA 1 0.4285 -0.0937 0.0937 -0.0937 0.9063 1 0.9085 -0.1478 0.1478 -0.1478 0.8522 1 0.8255 0 0
2 57 1420 0 0 0 0 0 1.0019 0 0.9586 0.4387 0.4867 0.5801 0.9167 1.5742 0.8823 0.3878 0.5689 0.7109 0.905 2.6302 0.9634 0.2491 0.2491 0.3162 1 1.4695 0.0157 0.0157 NA NA 1 0.4159 0.1964 0.1964 0.1964 1.1964 1 1.0748 0.1824 0.1824 0.1824 1.1824 1 1.0582 0 0
2 58 843 0 0 0 0 0 1.0059 0 0.927 -0.1439 0.3069 0.3526 1 1.4624 0.883 -0.133 0.4743 0.5992 0.955 2.3633 0.9531 -0.1779 0.2466 0.3034 0.98 1.3923 -0.0326 0.0326 NA NA 1 0.4195 -0.1303 0.1303 -0.1303 0.8697 1 0.8014 -0.1412 0.1412 -0.1412 0.8588 1 0.7919 0 0
2 59 1272 0 0 0 0 0 1.0041 0 0.9727 -0.235 0.2852 0.404 0.9167 1.4874 0.9013 -0.2073 0.4741 0.5956 0.945 2.3258 0.9342 -0.1218 0.2344 0.3088 0.96 1.3005 -0.0868 0.0868 NA NA 1 0.4121 -0.2162 0.2162 -0.2162 0.7838 1 0.7412 -0.231 0.231 -0.231 0.769 1 0.7378 0 0
2 60 1016 0 0 0 0 0 1.0037 0 0.9443 -1.0123 1.0123 1.0516 0.3333 1.6009 0.8856 -0.9672 1.0065 1.125 0.635 2.4752 0.9747 -1.0375 1.0375 1.055 0 1.3901 0.0119 0.0119 NA NA 1 0.4339 -0.208 0.208 -0.208 0.792 1 0.8115 -0.2183 0.2183 -0.2183 0.7817 1 0.8147 0 0
2 61 1048 0 0 0 0 0 1.0027 0 0.8082 1.0908 1.0912 1.1829 0.1667 1.6088 0.8832 1.0597 1.0863 1.2178 0.605 2.6779 0.977 1.1192 1.1192 1.1305 0.04 1.4969 0.0723 0.0723 NA NA 1 0.455 -0.0475 0.0475 -0.0475 0.9525 1 0.9442 -0.0667 0.0667 -0.0667 0.9333 1 0.9207 0 0
2 62 806 0 0 0 0 0 1.0074 0 0.9857 1.422 1.422 1.4366 0 1.7104 0.8396 1.3778 1.4106 1.5554 0.445 2.8395 0.9579 1.3043 1.3043 1.3206 0.06 1.6124 0.1248 0.1248 NA NA 1 0.4641 0.2006 0.2006 0.2006 1.2006 1 1.1838 0.1643 0.1643 0.1643 1.1643 1 1.1489 0 0
2 63 1120 0 0 0 0 0 1.0027 0 0.9529 0.3692 0.4124 0.4837 1 1.552 0.8896 0.3608 0.5151 0.6605 0.925 2.5066 0.9815 0.3852 0.3853 0.4193 1 1.5385 0.2366 0.2366 NA NA 0 0.3827 0.1318 0.1318 0.1318 1.1318 1 1.018 0.0563 0.0563 0.0563 1.0563 1 0.9518 0 0
2 64 1047 0 0 0 0 0 1.0021 0 0.9216 0.5666 0.5666 0.6827 0.75 1.5208 0.8721 0.4289 0.5791 0.7053 0.915 2.3496 0.9744 0.4321 0.4321 0.4889 0.84 1.4319 0.2014 0.2014 NA NA 1 0.4309 -0.2154 0.2154 -0.2154 0.7846 1 0.7518 -0.2578 0.2578 -0.2578 0.7422 1 0.7145 0 0
2 65 1164 0 0 0 0 0 1.0034 0 0.9743 -0.1495 0.2325 0.3412 1 1.5394 0.9038 -0.078 0.409 0.5224 0.965 2.4988 0.9402 -0.1084 0.1914 0.2642 1 1.3801 -0.0628 0.0628 NA NA 1 0.431 -0.0177 0.0177 -0.0177 0.9823 1 0.9081 -0.0336 0.0336 -0.0336 0.9664 1 0.9018 0 0
2 66 1271 0 0 0 0 0 1.0122 0 0.887 0.5631 0.5777 0.6471 0.5833 1.4903 0.8825 0.596 0.6833 0.8141 0.87 2.5049 0.9743 0.4754 0.4754 0.5422 0.775 1.4139 -0.0117 0.0117 NA NA 1 0.3997 0.0627 0.0627 0.0627 1.0627 1 0.9633 0.0511 0.0511 0.0511 1.0511 1 0.9551 0 0
2 67 1197 0 0 0 0 0 1.0035 0 0.9707 0.0451 0.2627 0.3358 0.9167 1.5212 0.8805 0.0923 0.498 0.6217 0.97 2.5267 0.9917 0.1653 0.2178 0.2733 1 1.3818 -0.0147 0.0147 NA NA 1 0.3736 0.2065 0.2065 0.2065 1.2065 1 1.0954 0.1948 0.1948 0.1948 1.1948 1 1.0744 0 0
2 68 999 0 0 0 0 0 1.0043 0 0.9892 0.2179 0.3459 0.4163 1 1.4565 0.9002 0.2169 0.4914 0.6225 0.95 2.2311 0.9668 0.1583 0.2292 0.2742 1 1.3336 0.0337 0.0337 NA NA 1 0.427 -0.3573 0.3573 -0.3573 0.6427 1 0.6327 -0.366 0.366 -0.366 0.634 0 0.6284 0 0
2 69 986 0 0 0 0 0 1.0036 0 0.9674 0.0913 0.2868 0.3892 0.9167 1.5928 0.86 -0.0195 0.4855 0.6162 0.93 2.2951 0.9651 -0.0167 0.1928 0.242 1 1.3317 -0.2031 0.2031 NA NA 1 0.4737 -0.3548 0.3548 -0.3548 0.6452 1 0.6447 -0.3904 0.3904 -0.3904 0.6096 0 0.6185 0 0
2 70 818 0 0 0 0 0 1.0082 0 0.967 0.4258 0.6084 0.8381 0.6667 1.783 0.8471 0.2186 0.6499 0.8311 0.815 2.1563 0.9452 0.1621 0.31 0.367 1 1.3296 0.1352 0.1352 NA NA 1 0.6763 -0.6198 0.6198 -0.6198 0.3802 0 0.5382 -0.6378 0.6378 -0.6378 0.3622 0 0.5137 0 0
2 71 1366 0 0 0 0 0 1.005 0 0.9837 -0.7099 0.7099 0.7513 0.5833 1.5648 0.863 -0.6875 0.7876 0.958 0.765 2.3965 0.9692 -0.6862 0.6862 0.7147 0.49 1.3597 -0.0833 0.0833 NA NA 1 0.4435 -0.2772 0.2772 -0.2772 0.7228 1 0.7078 -0.2913 0.2913 -0.2913 0.7087 1 0.6983 0 0
2 72 1173 0 0 0 0 0 1.006 0 0.9242 0.5771 0.5771 0.6678 0.5833 1.5101 0.8812 0.5236 0.6582 0.7988 0.875 2.4669 0.9887 0.5156 0.5156 0.5266 1 1.4371 0.0495 0.0495 NA NA 1 0.4267 -0.129 0.129 -0.129 0.871 1 0.847 -0.142 0.142 -0.142 0.858 1 0.8324 0 0
2 73 1322 0 0 0 0 0 1.0031 0 0.9864 0.0293 0.2393 0.3011 1 1.5261 0.8778 0.0721 0.406 0.5504 0.965 2.2822 0.9713 0.0129 0.2419 0.2767 1 1.4136 0.2378 0.2378 NA NA 0 0.4568 -0.3124 0.3124 -0.3124 0.6876 1 0.7125 -0.3614 0.3614 -0.3614 0.6386 1 0.664 0 0
2 74 1217 0 0 0 0 0 1.0021 0 0.9825 -0.1358 0.2485 0.289 1 1.5221 0.9046 -0.1337 0.4102 0.5271 0.98 2.4399 0.9429 -0.1498 0.22 0.2809 1 1.3435 -0.1537 0.1537 NA NA 1 0.4768 -0.1227 0.1227 -0.1227 0.8773 1 0.8485 -0.1558 0.1558 -0.1558 0.8442 1 0.8383 0 0
2 75 1247 0 0 0 0 0 1.0099 0 0.9739 0.1296 0.1961 0.2363 1 1.4957 0.8932 0.1276 0.4487 0.5957 0.96 2.4726 0.9796 0.1103 0.1505 0.1967 1 1.4456 0.025 0.025 NA NA 1 0.4506 -0.0791 0.0791 -0.0791 0.9209 1 0.8544 -0.092 0.092 -0.092 0.908 1 0.8348 0 0
2 76 879 0 0 0 0 0 1.0026 0 0.9809 -0.9426 0.9426 1.021 0.25 1.7162 0.8383 -0.8147 0.9208 1.0722 0.62 2.206 0.929 -0.8035 0.8045 0.8676 0.385 1.3722 0.0757 0.0757 NA NA 1 0.7299 -0.6122 0.6122 -0.6122 0.3878 0 0.5249 -0.6272 0.6272 -0.6272 0.3728 0 0.5193 0 0
2 77 1007 0 0 0 0 0 1.004 0 0.9911 0.4268 0.4268 0.4853 0.9167 1.6387 0.8646 0.4127 0.6072 0.7464 0.92 2.667 0.9854 0.4021 0.4159 0.4518 1 1.4757 -0.0031 0.0031 NA NA 1 0.4119 0.263 0.263 0.263 1.263 1 1.1265 0.2491 0.2491 0.2491 1.2491 1 1.1072 0 0
2 78 1073 0 0 0 0 0 1.0018 0 0.9416 -0.1736 0.3007 0.3745 1 1.4346 0.898 -0.1569 0.4412 0.5593 0.97 2.4435 0.9698 -0.1176 0.1572 0.2109 1 1.348 -0.0922 0.0922 NA NA 1 0.4251 -0.0438 0.0438 -0.0438 0.9562 1 0.8514 -0.0631 0.0631 -0.0631 0.9369 1 0.8392 0 0
2 79 1182 0 0 0 0 0 1.0017 0 0.9792 0.0813 0.1528 0.206 1 1.4454 0.9105 0.0099 0.4333 0.5621 0.95 2.2105 0.9743 0.1061 0.1692 0.2052 1 1.3273 0.0411 0.0411 NA NA 1 0.4461 -0.3965 0.3965 -0.3965 0.6035 0 0.6258 -0.4054 0.4054 -0.4054 0.5946 0 0.611 0 0
2 80 1003 0 0 0 0 0 1.005 0 0.981 -0.7941 0.7941 0.8253 0.5 1.5187 0.8577 -0.6978 0.7799 0.9144 0.73 2.219 0.9562 -0.7397 0.7397 0.7805 0.315 1.2903 -0.2192 0.2192 NA NA 1 0.4996 -0.4818 0.4818 -0.4818 0.5182 0 0.5786 -0.5143 0.5143 -0.5143 0.4857 0 0.565 0 0
2 81 994 0 0 0 0 0 1.0039 0 0.9565 1.4137 1.4137 1.4472 0.0833 1.772 0.8764 1.3271 1.3427 1.4752 0.425 2.581 0.9718 1.3128 1.3128 1.3256 0.005 1.4555 0.0042 0.0042 NA NA 1 0.5174 -0.3203 0.3203 -0.3203 0.6797 1 0.787 -0.3324 0.3324 -0.3324 0.6676 1 0.7832 0 0
2 82 1153 0 0 0 0 0 1.0045 0 0.9756 -0.0721 0.1827 0.2182 1 1.4265 0.8852 -0.0625 0.4457 0.556 0.985 2.3003 0.9792 0.0435 0.1657 0.1919 1 1.3038 -0.1264 0.1264 NA NA 1 0.4574 -0.2495 0.2495 -0.2495 0.7505 1 0.7114 -0.2713 0.2713 -0.2713 0.7287 1 0.7013 0 0
2 83 1240 0 0 0 0 0 1.0036 0 0.9361 1.1177 1.1177 1.1528 0.0833 1.5511 0.8948 0.9282 0.9914 1.1206 0.615 2.6273 0.9848 0.9784 0.9784 0.9881 0.05 1.4618 0.0119 0.0119 NA NA 1 0.4466 -0.0891 0.0891 -0.0891 0.9109 1 0.8904 -0.101 0.101 -0.101 0.899 1 0.879 0 0
2 84 1107 0 0 0 0 0 1.005 0 0.9777 -0.4624 0.4796 0.5364 0.9167 1.505 0.8741 -0.4023 0.6296 0.769 0.875 2.3592 0.9663 -0.3402 0.3402 0.3975 1 1.384 0.0195 0.0195 NA NA 1 0.4703 -0.2684 0.2684 -0.2684 0.7316 1 0.7357 -0.2794 0.2794 -0.2794 0.7206 1 0.721 0 0
2 85 1315 0 0 0 0 0 1.0046 0 0.9838 -0.5011 0.5135 0.5541 0.9167 1.5465 0.8833 -0.4337 0.6095 0.7501 0.92 2.5252 0.9732 -0.488 0.488 0.5154 0.97 1.4841 0.0762 0.0762 NA NA 1 0.4124 0.0062 0.0062 0.0062 1.0062 1 0.9612 -0.011 0.011 -0.011 0.989 1 0.9373 0 0
2 86 1025 0 0 0 0 0 1.0085 0 0.9854 -0.6723 0.6723 0.7054 0.6667 1.5345 0.8928 -0.6225 0.6938 0.8347 0.89 2.5986 0.9904 -0.5878 0.5878 0.5959 0.92 1.4443 -0.0209 0.0209 NA NA 1 0.4435 0.1037 0.1037 0.1037 1.1037 1 1.0335 0.089 0.089 0.089 1.089 1 1.0207 0 0
2 87 1221 0 0 0 0 0 1.0032 0 0.9796 -0.5611 0.5611 0.5981 0.8333 1.4761 0.8939 -0.5713 0.6738 0.8128 0.895 2.5963 0.9739 -0.5976 0.5976 0.6191 0.785 1.5477 0.1729 0.1729 NA NA 1 0.405 0.2103 0.2103 0.2103 1.2103 1 1.105 0.1601 0.1601 0.1601 1.1601 1 1.0401 0 0
2 88 808 0 0 0 0 0 1.0053 0 0.9653 -0.3473 0.3613 0.4329 0.75 1.4198 0.8862 -0.325 0.5121 0.6362 0.96 2.5172 0.9909 -0.4216 0.4216 0.4373 1 1.3975 -0.0091 0.0091 NA NA 1 0.4025 0.134 0.134 0.134 1.134 1 0.9781 0.1218 0.1218 0.1218 1.1218 1 0.9743 0 0
2 89 1170 0 0 0 0 0 1.0033 0 0.9448 -0.5378 0.5378 0.64 0.75 1.5098 0.8768 -0.5021 0.6449 0.7939 0.83 2.1918 0.9862 -0.4546 0.4546 0.4744 0.985 1.277 -0.2401 0.2401 NA NA 1 0.5035 -0.4765 0.4765 -0.4765 0.5235 0 0.5848 -0.5149 0.5149 -0.5149 0.4851 0 0.5668 0 0
2 90 1290 0 0 0 0 0 1.0013 0 0.9868 -0.5105 0.5105 0.5362 0.8333 1.4949 0.8664 -0.528 0.6594 0.8068 0.86 2.4571 0.9449 -0.5283 0.5283 0.5795 0.78 1.3165 -0.3045 0.3045 NA NA 0 0.4203 0.0223 0.0223 0.0223 1.0223 1 1.0087 -0.0844 0.0844 -0.0844 0.9156 1 0.9256 0 0
2 91 840 0 0 0 0 0 1.0042 0 0.9683 0.1875 0.2992 0.3486 1 1.4825 0.8652 0.091 0.496 0.6333 0.93 2.3968 0.9699 0.0655 0.1432 0.1844 1 1.3244 -0.1606 0.1606 NA NA 1 0.4169 -0.1655 0.1655 -0.1655 0.8345 1 0.796 -0.1961 0.1961 -0.1961 0.8039 1 0.7843 0 0
2 92 1211 0 0 0 0 0 1.0055 0 0.9751 -0.276 0.294 0.3435 1 1.4337 0.8863 -0.2876 0.5266 0.6516 0.945 2.5776 0.9864 -0.3226 0.3226 0.3477 1 1.4777 0.0538 0.0538 NA NA 1 0.417 0.2053 0.2053 0.2053 1.2053 1 1.0471 0.188 0.188 0.188 1.188 1 1.0274 0 0
2 93 1127 0 0 0 0 0 1.0025 0 0.9833 -0.5367 0.5367 0.5603 0.8333 1.4769 0.852 -0.5433 0.6467 0.7917 0.86 2.3702 0.9513 -0.733 0.733 0.7845 0.445 1.3303 -0.1441 0.1441 NA NA 1 0.4527 -0.2322 0.2322 -0.2322 0.7678 1 0.7422 -0.2583 0.2583 -0.2583 0.7417 1 0.7385 0 0
2 94 845 0 0 0 0 0 1.0029 0 0.9704 -0.3096 0.3113 0.373 1 1.4467 0.8781 -0.2882 0.5223 0.6576 0.945 2.44 0.9656 -0.3427 0.3732 0.4106 1 1.4112 0.0107 0.0107 NA NA 1 0.4343 -0.0301 0.0301 -0.0301 0.9699 1 0.8642 -0.0423 0.0423 -0.0423 0.9577 1 0.8549 0 0
2 95 1065 0 0 0 0 0 1.0056 0 0.8639 1.1472 1.1472 1.2219 0.1667 1.5645 0.8581 1.0273 1.0661 1.2074 0.585 2.4883 0.9511 0.983 0.983 1.008 0.05 1.4239 0.0915 0.0915 NA NA 1 0.4487 -0.264 0.264 -0.264 0.736 1 0.7548 -0.28 0.28 -0.28 0.72 1 0.7397 0 0
2 96 1204 0 0 0 0 0 1.0054 0 0.9774 0.5088 0.5088 0.5748 0.9167 1.5731 0.9012 0.4888 0.6219 0.7415 0.925 2.6347 0.9321 0.4455 0.4781 0.5278 0.87 1.53 0.0942 0.0942 NA NA 1 0.4166 0.1954 0.1954 0.1954 1.1954 1 1.089 0.1704 0.1704 0.1704 1.1704 1 1.0761 0 0
2 97 1462 0 0 0 0 0 1.0029 0 0.9569 0.1129 0.1726 0.2472 1 1.4948 0.889 0.1031 0.5021 0.6487 0.945 2.3294 0.9491 0.0829 0.1807 0.2458 1 1.4234 0.0854 0.0854 NA NA 1 0.4257 -0.2638 0.2638 -0.2638 0.7362 1 0.711 -0.2782 0.2782 -0.2782 0.7218 1 0.6979 0 0
2 98 750 0 0 0 0 0 1.0039 0 0.9456 0.8886 0.8886 0.9288 0.3333 1.5873 0.8389 0.8922 0.9508 1.0886 0.67 2.6178 0.8935 1.0062 1.0062 1.0706 0.255 1.398 -0.1014 0.1014 NA NA 1 0.4617 -0.0355 0.0355 -0.0355 0.9645 1 0.9366 -0.0584 0.0584 -0.0584 0.9416 1 0.9292 0 0
2 99 1156 0 0 0 0 0 1.0041 0 0.9626 -0.5276 0.5276 0.6004 0.75 1.491 0.8796 -0.3895 0.5612 0.6756 0.945 2.4649 0.9801 -0.4073 0.4073 0.458 0.82 1.3407 -0.0884 0.0884 NA NA 1 0.3942 0.0807 0.0807 0.0807 1.0807 1 0.9857 0.0613 0.0613 0.0613 1.0613 1 0.9726 0 0
2 100 842 0 0 0 0 0 1.0091 0 0.9756 0.7424 0.7424 0.781 0.5 1.5517 0.8831 0.6509 0.7415 0.8624 0.855 2.5544 0.9629 0.5478 0.5478 0.5916 0.735 1.3801 -0.1247 0.1247 NA NA 1 0.4055 0.0135 0.0135 0.0135 1.0135 1 0.963 -0.013 0.013 -0.013 0.987 1 0.9398 0 0
2 101 1081 0 0 0 0 0 1.0024 0 0.9726 -0.0227 0.1337 0.1921 1 1.4239 0.8957 0.0378 0.4023 0.5163 0.97 2.2665 0.9634 0.0602 0.1631 0.1989 1 1.3292 -0.0177 0.0177 NA NA 1 0.4173 -0.3461 0.3461 -0.3461 0.6539 1 0.6471 -0.3539 0.3539 -0.3539 0.6461 1 0.6387 0 0
2 102 1264 0 0 0 0 0 1.006 0 0.9618 -0.4497 0.4554 0.5204 0.8333 1.493 0.8922 -0.3848 0.5423 0.6956 0.945 2.6056 0.9565 -0.4164 0.4164 0.4657 0.965 1.4701 -3e-04 3e-04 NA NA 1 0.39 0.2721 0.2721 0.2721 1.2721 1 1.1296 0.2592 0.2592 0.2592 1.2592 1 1.113 0 0
2 103 837 0 0 0 0 0 1.0059 0 0.9117 0.4044 0.4551 0.5223 0.9167 1.5061 0.8762 0.3516 0.5251 0.6572 0.935 2.61 0.9617 0.4122 0.4122 0.4925 0.915 1.4826 0.0701 0.0701 NA NA 1 0.4016 0.3062 0.3062 0.3062 1.3062 1 1.1382 0.2854 0.2854 0.2854 1.2854 1 1.1265 0 0
2 104 1019 0 0 0 0 0 1.0139 0 0.961 0.1818 0.272 0.3166 1 1.477 0.8985 0.1389 0.4092 0.5289 0.965 2.4286 0.9639 0.1977 0.2294 0.2812 1 1.3926 0.0133 0.0133 NA NA 1 0.4248 -0.1099 0.1099 -0.1099 0.8901 1 0.8229 -0.1208 0.1208 -0.1208 0.8792 1 0.8158 0 0
2 105 981 0 0 0 0 0 1.0039 0 0.9677 -0.2539 0.2804 0.3402 0.9167 1.4669 0.8806 -0.2332 0.482 0.6121 0.955 2.4645 0.9784 -0.2695 0.2697 0.3319 1 1.4285 0.014 0.014 NA NA 1 0.4096 0.0124 0.0124 0.0124 1.0124 1 0.898 9e-04 9e-04 9e-04 1.0009 1 0.8844 0 0
2 106 1151 0 0 0 0 0 1.0025 0 0.9336 0.8249 0.8249 0.8885 0.5 1.5343 0.8447 0.7684 0.8631 1.0056 0.74 2.5215 0.959 0.8438 0.8438 0.8694 0.365 1.4545 0.1142 0.1142 NA NA 1 0.4493 -0.1045 0.1045 -0.1045 0.8955 1 0.8762 -0.1288 0.1288 -0.1288 0.8712 1 0.8369 0 0
2 107 963 0 0 0 0 0 1.0049 0 0.95 -0.441 0.5101 0.5889 0.6667 1.4966 0.8907 -0.4399 0.5731 0.7013 0.915 2.4082 0.9377 -0.3896 0.3945 0.4814 0.75 1.3685 -0.0066 0.0066 NA NA 1 0.4203 -0.101 0.101 -0.101 0.899 1 0.8687 -0.1114 0.1114 -0.1114 0.8886 1 0.8595 0 0
2 108 1264 0 0 0 0 0 1.003 0 0.9584 -0.0372 0.1974 0.2411 1 1.4489 0.8755 -0.0211 0.474 0.5935 0.965 2.4518 0.9612 -0.0688 0.1732 0.2126 1 1.4314 0.0913 0.0913 NA NA 1 0.4184 0.0102 0.0102 0.0102 1.0102 1 0.9266 -0.0105 0.0105 -0.0105 0.9895 1 0.9055 0 0
2 109 1081 0 0 0 0 0 1.0021 0 0.9918 0.0406 0.118 0.1428 1 1.4848 0.8774 0.0482 0.435 0.5668 0.96 2.4017 0.9694 0.0959 0.1658 0.2066 1 1.5042 0.216 0.216 NA NA 1 0.431 -0.0672 0.0672 -0.0672 0.9328 1 0.8897 -0.1236 0.1236 -0.1236 0.8764 1 0.8336 0 0
2 110 805 0 0 0 0 0 1.0026 0 0.9848 -0.5886 0.5886 0.6307 0.9167 1.5113 0.8529 -0.4658 0.6704 0.8194 0.835 2.3558 0.9546 -0.4665 0.4717 0.5366 0.64 1.3477 -0.0558 0.0558 NA NA 1 0.4344 -0.1963 0.1963 -0.1963 0.8037 1 0.7603 -0.2088 0.2088 -0.2088 0.7912 1 0.7474 0 0
2 111 1184 0 0 0 0 0 1.0044 0 0.9895 -0.1287 0.2099 0.2601 1 1.4941 0.8838 -0.1222 0.4826 0.613 0.935 2.3849 0.9359 -0.0963 0.2283 0.2695 1 1.3882 -0.0111 0.0111 NA NA 1 0.4206 -0.1203 0.1203 -0.1203 0.8797 1 0.8227 -0.1308 0.1308 -0.1308 0.8692 1 0.8105 0 0
2 112 827 0 0 0 0 0 1.0031 0 0.913 -0.8952 0.8952 0.944 0.3333 1.5026 0.8802 -0.9008 0.9423 1.0765 0.7 2.6369 0.9614 -0.9572 0.9572 0.9768 0.13 1.4445 -0.0667 0.0667 NA NA 1 0.4313 0.0885 0.0885 0.0885 1.0885 1 1.021 0.0703 0.0703 0.0703 1.0703 1 1.0005 0 0
2 113 945 0 0 0 0 0 1.0057 0 0.9657 -1.1475 1.1475 1.2236 0 1.692 0.8732 -1.0438 1.083 1.209 0.555 2.4593 0.9883 -1.0608 1.0608 1.0685 0.02 1.5066 0.2008 0.2008 NA NA 1 0.4823 -0.3212 0.3212 -0.3212 0.6788 1 0.7451 -0.3608 0.3608 -0.3608 0.6392 1 0.6887 0 0
2 114 1001 0 0 0 0 0 1.0077 0 0.9522 0.2348 0.3067 0.3609 1 1.423 0.8805 0.1618 0.4585 0.5768 0.96 2.2934 0.9393 0.0813 0.2467 0.3062 1 1.4287 0.2153 0.2153 NA NA 1 0.4321 -0.1614 0.1614 -0.1614 0.8386 1 0.8259 -0.2113 0.2113 -0.2113 0.7887 1 0.7762 0 0
2 115 871 0 0 0 0 0 1.0103 0 0.9691 0.3043 0.327 0.3913 1 1.4828 0.8778 0.2889 0.501 0.6578 0.91 2.3191 0.9809 0.2671 0.2866 0.3218 1 1.3711 -0.0274 0.0274 NA NA 1 0.4855 -0.3164 0.3164 -0.3164 0.6836 1 0.6608 -0.3272 0.3272 -0.3272 0.6728 1 0.6601 0 0
2 116 918 0 0 0 0 0 1.0042 0 0.979 -0.4648 0.4648 0.5256 0.8333 1.4853 0.8987 -0.462 0.5965 0.7413 0.85 2.282 0.9233 -0.3622 0.366 0.4773 0.855 1.3552 0.0109 0.0109 NA NA 1 0.4559 -0.3075 0.3075 -0.3075 0.6925 1 0.6829 -0.317 0.317 -0.317 0.683 1 0.6684 0 0
2 117 811 0 0 0 0 0 1.0058 0 0.9678 -0.971 0.971 1.0278 0.4167 1.5891 0.8333 -0.9039 0.9695 1.1272 0.64 2.3914 0.9717 -0.9018 0.9018 0.9173 0.01 1.3441 -0.1378 0.1378 NA NA 1 0.4671 -0.3289 0.3289 -0.3289 0.6711 1 0.6909 -0.3505 0.3505 -0.3505 0.6495 1 0.688 0 0
2 118 1185 0 0 0 0 0 1.0048 0 0.9662 1.0886 1.0886 1.1133 0.0833 1.552 0.8576 1.0644 1.0944 1.2402 0.635 2.6473 0.907 0.9475 0.9475 0.997 0.305 1.4934 0.0881 0.0881 NA NA 1 0.4439 0.0251 0.0251 0.0251 1.0251 1 1.0279 0.0032 0.0032 0.0032 1.0032 1 1.0061 0 0
2 119 1068 0 0 0 0 0 1.0017 0 0.9483 -0.9325 0.9325 0.9768 0.25 1.5456 0.8771 -1.0338 1.0607 1.197 0.685 2.816 0.9602 -1.0402 1.0402 1.0589 0.1 1.536 0.0112 0.0112 NA NA 1 0.4189 0.4059 0.4059 0.4059 1.4059 1 1.2999 0.3895 0.3895 0.3895 1.3895 1 1.2888 0 0
2 120 864 0 0 0 0 0 1.0018 0 0.9679 0.1158 0.2635 0.2936 1 1.4943 0.8739 0.0465 0.4757 0.6304 0.945 2.4702 0.9506 0.0057 0.2098 0.2567 1 1.3609 -0.1025 0.1025 NA NA 1 0.3796 0.03 0.03 0.03 1.03 1 0.9334 0.0096 0.0096 0.0096 1.0096 1 0.9227 0 0
2 121 1142 0 0 0 0 0 1.0018 0 0.9911 0.6759 0.6759 0.7099 0.6667 1.5166 0.8719 0.6707 0.751 0.9004 0.815 2.5627 0.9112 0.7266 0.7266 0.7859 0.545 1.4939 0.1502 0.1502 NA NA 1 0.4352 0.0975 0.0975 0.0975 1.0975 1 1.064 0.0574 0.0574 0.0574 1.0574 1 1.0057 0 0
2 122 977 0 0 0 0 0 1.0031 0 0.9777 0.1992 0.2658 0.3285 1 1.5084 0.8958 0.1287 0.4609 0.5765 0.97 2.3564 0.984 0.1475 0.1891 0.2354 1 1.4048 0.0846 0.0846 NA NA 1 0.4372 -0.1439 0.1439 -0.1439 0.8561 1 0.8404 -0.1607 0.1607 -0.1607 0.8393 1 0.8207 0 0
2 123 1133 0 0 0 0 0 1.0027 0 0.9737 -0.1983 0.2487 0.2876 1 1.4932 0.9065 -0.2979 0.5096 0.6231 0.97 2.5724 0.959 -0.4315 0.4315 0.4805 0.875 1.4447 -0.0483 0.0483 NA NA 1 0.4235 0.1423 0.1423 0.1423 1.1423 1 1.0402 0.1263 0.1263 0.1263 1.1263 1 1.0241 0 0
2 124 1023 0 0 0 0 0 1.006 0 0.9741 -0.19 0.3015 0.3826 1 1.4521 0.8751 -0.1317 0.4486 0.5722 0.94 2.2893 0.9303 -0.0436 0.2782 0.3167 1 1.3375 -0.0658 0.0658 NA NA 1 0.4305 -0.2635 0.2635 -0.2635 0.7365 1 0.7151 -0.2753 0.2753 -0.2753 0.7247 1 0.7128 0 0
2 125 811 0 0 0 0 0 1.0037 0 0.972 -0.7924 0.7924 0.815 0.4167 1.4947 0.8715 -0.7986 0.8365 0.9727 0.79 2.5998 0.9716 -0.8073 0.8073 0.8383 0.33 1.4563 0.0816 0.0816 NA NA 1 0.3798 0.1826 0.1826 0.1826 1.1826 1 1.0422 0.1626 0.1626 0.1626 1.1626 1 1.0094 0 0
2 126 1311 0 0 0 0 0 1.006 0 0.9715 0.0812 0.2388 0.2679 1 1.4951 0.8882 0.0734 0.4718 0.5741 0.985 2.452 0.928 -0.0703 0.2171 0.2739 1 1.4197 0.0237 0.0237 NA NA 1 0.4154 -0.0154 0.0154 -0.0154 0.9846 1 0.9183 -0.0274 0.0274 -0.0274 0.9726 1 0.8962 0 0
2 127 1011 0 0 0 0 0 1.0017 0 0.8789 0.5745 0.5901 0.7594 0.6667 1.4812 0.8949 0.4902 0.6521 0.7826 0.825 2.2984 0.9718 0.4576 0.4576 0.491 0.8 1.3003 -0.0251 0.0251 NA NA 1 0.4581 -0.3129 0.3129 -0.3129 0.6871 1 0.6782 -0.3229 0.3229 -0.3229 0.6771 1 0.6697 0 0
2 128 937 0 0 0 0 0 1.0014 0 0.943 1.0956 1.0956 1.1331 0.25 1.6099 0.8673 1.0108 1.0295 1.1804 0.615 2.643 0.9693 0.9641 0.9641 0.9977 0.26 1.4931 0.0938 0.0938 NA NA 1 0.4367 0.0576 0.0576 0.0576 1.0576 1 1.0359 0.0346 0.0346 0.0346 1.0346 1 1.0214 0 0
2 129 1261 0 0 0 0 0 1.0049 0 0.9634 0.6673 0.6673 0.7146 0.75 1.5324 0.8714 0.6348 0.7221 0.8418 0.825 2.3899 0.9553 0.651 0.6533 0.6997 0.515 1.3962 -0.0234 0.0234 NA NA 1 0.4388 -0.2363 0.2363 -0.2363 0.7637 1 0.7294 -0.2463 0.2463 -0.2463 0.7537 1 0.7215 0 0
2 130 1354 0 0 0 0 0 1.0013 0 0.9541 -0.0873 0.2099 0.2757 1 1.4483 0.8881 -0.0256 0.4425 0.5673 0.965 2.4038 0.9249 0.0541 0.2219 0.2753 1 1.3961 0.0547 0.0547 NA NA 1 0.4326 -0.0846 0.0846 -0.0846 0.9154 1 0.8995 -0.0992 0.0992 -0.0992 0.9008 1 0.8814 0 0
2 131 1204 0 0 0 0 0 1.0045 0 0.9636 0.2471 0.3218 0.416 0.9167 1.5324 0.869 0.2886 0.5087 0.6394 0.95 2.4235 0.96 0.3117 0.3532 0.3916 0.96 1.3836 -0.0064 0.0064 NA NA 1 0.4125 -0.114 0.114 -0.114 0.886 1 0.849 -0.1243 0.1243 -0.1243 0.8757 1 0.8375 0 0
2 132 1011 0 0 0 0 0 1.0047 0 0.9761 -0.2732 0.2828 0.3366 1 1.5269 0.8744 -0.2218 0.5185 0.631 0.945 2.4757 0.9581 -0.1472 0.1793 0.2638 1 1.4564 0.0466 0.0466 NA NA 1 0.4422 -0.0334 0.0334 -0.0334 0.9666 1 0.9114 -0.048 0.048 -0.048 0.952 1 0.8997 0 0
2 133 1033 0 0 0 0 0 1.0027 0 0.9787 0.4278 0.4278 0.4957 1 1.5177 0.8712 0.3117 0.5394 0.6648 0.925 2.3809 0.9425 0.2047 0.2948 0.3387 1 1.3218 -0.2127 0.2127 NA NA 1 0.4174 -0.1865 0.1865 -0.1865 0.8135 1 0.7802 -0.2323 0.2323 -0.2323 0.7677 1 0.7361 0 0
2 134 1154 0 0 0 0 0 1.0054 0 0.9861 -0.27 0.27 0.3052 1 1.447 0.8791 -0.2179 0.5048 0.6338 0.935 2.4783 0.9842 -0.231 0.2589 0.3034 1 1.5992 0.2753 0.2753 NA NA 0 0.4038 0.2131 0.2131 0.2131 1.2131 1 1.0853 0.105 0.105 0.105 1.105 1 0.9729 0 0
2 135 1132 0 0 0 0 0 1.0053 0 0.9701 0.3169 0.3467 0.3913 1 1.4429 0.8889 0.1825 0.4459 0.5908 0.95 2.4264 0.9813 0.2336 0.2356 0.2888 1 1.3512 -0.1046 0.1046 NA NA 1 0.403 -0.019 0.019 -0.019 0.981 1 0.8702 -0.04 0.04 -0.04 0.96 1 0.8711 0 0
2 136 990 0 0 0 0 0 1.0067 0 0.9848 0.743 0.743 0.7615 0.5 1.5194 0.8681 0.7338 0.8118 0.9393 0.82 2.5175 0.9819 0.6458 0.6458 0.6795 0.535 1.4017 0.0131 0.0131 NA NA 1 0.4267 -0.0412 0.0412 -0.0412 0.9588 1 0.8966 -0.0526 0.0526 -0.0526 0.9474 1 0.8871 0 0
2 137 1091 0 0 0 0 0 1.0022 0 0.9923 -0.0034 0.1652 0.2057 1 1.5042 0.903 -0.0278 0.4167 0.5351 0.97 2.3961 0.9887 -0.0405 0.0987 0.1227 1 1.3878 -0.1209 0.1209 NA NA 1 0.4325 -0.2072 0.2072 -0.2072 0.7928 1 0.7473 -0.2282 0.2282 -0.2282 0.7718 1 0.73 0 0
2 138 1109 0 0 0 0 0 1.0043 0 0.9773 1.1641 1.1641 1.2079 0.0833 1.6652 0.858 1.0161 1.0605 1.2045 0.615 2.5951 0.9723 0.8809 0.8809 0.8967 0.24 1.4346 -0.0805 0.0805 NA NA 1 0.4854 -0.0984 0.0984 -0.0984 0.9016 1 0.9106 -0.1174 0.1174 -0.1174 0.8826 1 0.8948 0 0
2 139 1228 0 0 0 0 0 1.0073 0 0.974 -0.2677 0.2997 0.3318 1 1.489 0.8682 -0.2783 0.5384 0.6632 0.945 2.3836 0.9518 -0.3336 0.3563 0.4195 0.935 1.472 0.1945 0.1945 NA NA 1 0.4288 -0.1438 0.1438 -0.1438 0.8562 1 0.8185 -0.1877 0.1877 -0.1877 0.8123 1 0.7771 0 0
2 140 1300 0 0 0 0 0 1.0031 0 0.9744 -0.4369 0.4511 0.4935 0.8333 1.5146 0.8782 -0.5004 0.6557 0.7901 0.905 2.6425 0.9903 -0.6404 0.6404 0.6485 0.88 1.5449 0.0747 0.0747 NA NA 1 0.4164 0.2268 0.2268 0.2268 1.2268 1 1.0319 0.2056 0.2056 0.2056 1.2056 1 1.0113 0 0
2 141 987 0 0 0 0 0 1.0037 0 0.9802 0.4369 0.4369 0.4681 1 1.4646 0.8757 0.3969 0.5822 0.7147 0.9 2.4683 0.9472 0.4752 0.4841 0.5279 0.905 1.3883 -0.1106 0.1106 NA NA 1 0.4229 -0.0481 0.0481 -0.0481 0.9519 1 0.8536 -0.0706 0.0706 -0.0706 0.9294 1 0.8549 0 0
2 142 1334 0 0 0 0 0 1.0034 0 0.979 0.0951 0.1572 0.2414 1 1.5274 0.8949 0.0168 0.4513 0.5671 0.98 2.5524 0.9887 -0.0491 0.1057 0.1231 1 1.4406 -0.0473 0.0473 NA NA 1 0.4267 0.0918 0.0918 0.0918 1.0918 1 1.0276 0.0761 0.0761 0.0761 1.0761 1 1.0122 0 0
2 143 1180 0 0 0 0 0 1.0064 0 0.9297 -0.1422 0.2246 0.2801 1 1.4789 0.8874 -0.1637 0.4649 0.5867 0.955 2.5357 0.9357 -0.0747 0.2449 0.2912 1 1.5091 0.0971 0.0971 NA NA 1 0.3852 0.3 0.3 0.3 1.3 1 1.1372 0.2744 0.2744 0.2744 1.2744 1 1.1185 0 0
2 144 1326 0 0 0 0 0 1.0066 0 0.9706 0.1978 0.3263 0.4259 0.9167 1.5177 0.8956 0.1298 0.4802 0.6069 0.95 2.3171 0.9181 -0.0399 0.2481 0.2989 1 1.3688 0.114 0.114 NA NA 1 0.4139 -0.2489 0.2489 -0.2489 0.7511 1 0.7528 -0.2674 0.2674 -0.2674 0.7326 1 0.7345 0 0
2 145 1358 0 0 0 0 0 1.0027 0 0.9911 0.2387 0.2387 0.2692 1 1.4591 0.8879 0.21 0.4859 0.6066 0.96 2.551 0.9411 0.1223 0.1888 0.2686 1 1.4607 0.0041 0.0041 NA NA 1 0.3873 0.1845 0.1845 0.1845 1.1845 1 1.0531 0.1727 0.1727 0.1727 1.1727 1 1.0404 0 0
2 146 1183 0 0 0 0 0 1.0038 0 0.9776 -0.2495 0.2691 0.3133 1 1.4237 0.8904 -0.2662 0.4937 0.6203 0.955 2.3075 0.9798 -0.2305 0.2436 0.2733 1 1.3514 -0.0041 0.0041 NA NA 1 0.4567 -0.2511 0.2511 -0.2511 0.7489 1 0.718 -0.2616 0.2616 -0.2616 0.7384 1 0.7108 0 0
2 147 1010 0 0 0 0 0 1.0054 0 0.9875 -0.402 0.4141 0.5377 0.9167 1.5895 0.8668 -0.3002 0.5844 0.7192 0.905 2.3463 0.9494 -0.1758 0.2639 0.3157 1 1.3073 -0.0606 0.0606 NA NA 1 0.4666 -0.3257 0.3257 -0.3257 0.6743 1 0.7004 -0.3376 0.3376 -0.3376 0.6624 1 0.6822 0 0
2 148 1293 0 0 0 0 0 1.0034 0 0.8834 -1.1109 1.1109 1.1564 0.0833 1.5176 0.8836 -1.165 1.1885 1.3093 0.575 2.7367 0.9583 -1.141 1.141 1.1656 0.04 1.5908 0.1416 0.1416 NA NA 1 0.4265 0.1606 0.1606 0.1606 1.1606 1 1.1276 0.1225 0.1225 0.1225 1.1225 1 1.0922 0 0
2 149 601 0 0 0 0 0 1.0028 0 0.9665 -0.2218 0.4052 0.5405 0.9167 1.6146 0.821 -0.141 0.5121 0.6471 0.885 2.2463 0.9509 -0.2338 0.3264 0.3941 0.84 1.2358 -0.2054 0.2054 NA NA 1 0.4903 -0.4408 0.4408 -0.4408 0.5592 0 0.6358 -0.4722 0.4722 -0.4722 0.5278 0 0.6281 0 0
2 150 1023 0 0 0 0 0 1.0022 0 0.9543 0.1708 0.2916 0.3737 1 1.5488 0.8758 0.2196 0.5095 0.6218 0.96 2.4275 0.9781 0.2037 0.2274 0.2994 1 1.3981 -0.054 0.054 NA NA 1 0.4042 -0.0762 0.0762 -0.0762 0.9238 1 0.8552 -0.0892 0.0892 -0.0892 0.9108 1 0.8415 0 0
2 151 1168 0 0 0 0 0 1.0116 0 0.9677 0.4567 0.4567 0.5198 0.9167 1.4901 0.9102 0.3766 0.5654 0.6955 0.955 2.5635 0.9719 0.4788 0.4816 0.507 0.955 1.4675 0.077 0.077 NA NA 1 0.4216 0.0925 0.0925 0.0925 1.0925 1 1.0208 0.0726 0.0726 0.0726 1.0726 1 0.9981 0 0
2 152 819 0 0 0 0 0 1.0047 0 0.966 -0.0697 0.3455 0.5515 0.8333 1.7325 0.8724 -0.1421 0.4998 0.6214 0.975 2.5882 0.9519 -0.0752 0.2767 0.3131 1 1.4369 0.0443 0.0443 NA NA 1 0.4205 0.0611 0.0611 0.0611 1.0611 1 1.0367 0.0467 0.0467 0.0467 1.0467 1 1.0146 0 0
2 153 1244 0 0 0 0 0 1.0047 0 0.951 0.0299 0.2176 0.2821 1 1.44 0.8964 0.0196 0.441 0.5668 0.97 2.4567 0.9792 -0.1092 0.1848 0.2085 1 1.4128 0.0108 0.0108 NA NA 1 0.4194 0.0113 0.0113 0.0113 1.0113 1 0.8979 -5e-04 5e-04 -5e-04 0.9995 1 0.8898 0 0
2 154 963 0 0 0 0 0 1.0028 0 0.985 0.1215 0.2605 0.3628 0.9167 1.6458 0.8577 0.0477 0.468 0.6004 0.945 2.2828 0.9713 0.0208 0.1963 0.2268 1 1.4058 0.1692 0.1692 NA NA 1 0.5039 -0.4597 0.4597 -0.4597 0.5403 0 0.6115 -0.4843 0.4843 -0.4843 0.5157 0 0.5841 0 0
2 155 1372 0 0 0 0 0 1.002 0 0.9317 0.5745 0.5745 0.6491 0.75 1.4939 0.8777 0.5646 0.6851 0.8118 0.885 2.45 0.9646 0.3978 0.4117 0.493 0.785 1.4515 0.1446 0.1446 NA NA 1 0.3707 0.0396 0.0396 0.0396 1.0396 1 0.942 0.0076 0.0076 0.0076 1.0076 1 0.9115 0 0
2 156 1008 0 0 0 0 0 1.0109 0 0.9122 -0.4924 0.5 0.5702 0.6667 1.4775 0.9124 -0.4376 0.5917 0.7276 0.92 2.5165 0.9236 -0.4956 0.504 0.572 0.705 1.4585 0.0683 0.0683 NA NA 1 0.4046 0.1583 0.1583 0.1583 1.1583 1 1.0532 0.1394 0.1394 0.1394 1.1394 1 1.0328 0 0
2 157 982 0 0 0 0 0 1.0031 0 0.9342 0.6875 0.6875 0.8489 0.6667 1.6423 0.8601 0.6201 0.7403 0.8816 0.79 2.4612 0.9702 0.6261 0.6261 0.6519 0.64 1.4336 0.1141 0.1141 NA NA 1 0.438 -0.2302 0.2302 -0.2302 0.7698 1 0.7742 -0.2501 0.2501 -0.2501 0.7499 1 0.7576 0 0
2 158 1028 0 0 0 0 0 1.0025 0 0.9735 -0.2297 0.268 0.3872 0.9167 1.5305 0.8826 -0.2093 0.4729 0.601 0.955 2.4609 0.9587 -0.1784 0.2331 0.2836 1 1.3527 -0.1167 0.1167 NA NA 1 0.4129 -0.039 0.039 -0.039 0.961 1 0.8805 -0.0627 0.0627 -0.0627 0.9373 1 0.8607 0 0
2 159 1090 0 0 0 0 0 1.0035 0 0.9779 0.454 0.454 0.5233 0.8333 1.4972 0.8739 0.4222 0.5787 0.7392 0.93 2.7096 0.9323 0.4487 0.4611 0.5252 0.825 1.4745 0.0178 0.0178 NA NA 1 0.3845 0.5155 0.5155 0.5155 1.5155 1 1.3367 0.4995 0.4995 0.4995 1.4995 1 1.3152 0 0
2 160 927 0 0 0 0 0 1.0049 0 0.9644 -0.1607 0.2787 0.3392 1 1.4739 0.8969 -0.1624 0.484 0.6114 0.95 2.4522 0.9684 -0.1614 0.1793 0.2391 1 1.3987 0.008 0.008 NA NA 1 0.4017 -0.0261 0.0261 -0.0261 0.9739 1 0.8935 -0.037 0.037 -0.037 0.963 1 0.8705 0 0
2 161 1177 0 0 0 0 0 1.0058 0 0.9474 0.3603 0.3684 0.4983 0.8333 1.5256 0.8664 0.2581 0.5386 0.6504 0.95 2.435 0.9952 0.2539 0.2587 0.3123 1 1.4222 0.119 0.119 NA NA 1 0.4277 -0.0539 0.0539 -0.0539 0.9461 1 0.8788 -0.0796 0.0796 -0.0796 0.9204 1 0.8464 0 0
2 162 1279 0 0 0 0 0 1.0013 0 0.9513 0.3298 0.4228 0.6108 0.9167 1.5656 0.8597 0.2264 0.5523 0.6914 0.865 2.0341 0.969 0.3053 0.3263 0.3879 0.935 1.2703 -0.0943 0.0943 NA NA 1 0.6497 -0.6518 0.6518 -0.6518 0.3482 0 0.4255 -0.6634 0.6634 -0.6634 0.3366 0 0.4241 0 0
2 163 1240 0 0 0 0 0 1.0026 0 0.9503 -0.3386 0.3719 0.4613 0.9167 1.4789 0.8825 -0.3253 0.5284 0.6593 0.935 2.347 0.9581 -0.2086 0.2367 0.3018 1 1.4473 0.1765 0.1765 NA NA 1 0.3962 -0.1421 0.1421 -0.1421 0.8579 1 0.8028 -0.1792 0.1792 -0.1792 0.8208 1 0.7477 0 0
2 164 1269 0 0 0 0 0 1.0011 0 0.9559 -0.188 0.3182 0.3589 1 1.4943 0.8816 -0.2268 0.4894 0.6373 0.95 2.537 0.9452 -0.2611 0.3006 0.3485 1 1.5139 0.1221 0.1221 NA NA 1 0.4466 0.1092 0.1092 0.1092 1.1092 1 1.0312 0.0777 0.0777 0.0777 1.0777 1 1.002 0 0
2 165 959 0 0 0 0 0 1.0043 0 0.9849 0.3377 0.3377 0.3733 1 1.483 0.8726 0.3175 0.5387 0.686 0.93 2.5891 0.9639 0.3014 0.3053 0.3722 0.925 1.4782 0.0266 0.0266 NA NA 1 0.3708 0.2539 0.2539 0.2539 1.2539 1 1.1308 0.2412 0.2412 0.2412 1.2412 1 1.1193 0 0
2 166 852 0 0 0 0 0 1.0038 0 0.9371 -0.386 0.4147 0.6244 0.8333 1.5635 0.9005 -0.382 0.5232 0.6612 0.945 2.5261 0.9851 -0.3506 0.3506 0.3712 1 1.3896 -0.0391 0.0391 NA NA 1 0.405 -0.017 0.017 -0.017 0.983 1 0.9428 -0.0292 0.0292 -0.0292 0.9708 1 0.934 0 0
2 167 1088 0 0 0 0 0 1.0024 0 0.9767 -0.9138 0.9138 0.932 0.1667 1.5399 0.8883 -0.9951 1.0436 1.1847 0.655 2.7461 0.964 -0.9069 0.9069 0.9734 0.43 1.5359 -0.0064 0.0064 NA NA 1 0.4485 0.1343 0.1343 0.1343 1.1343 1 1.0489 0.1201 0.1201 0.1201 1.1201 1 1.0396 0 0
2 168 1281 0 0 0 0 0 1.0016 0 0.9463 0.438 0.4708 0.5261 0.9167 1.5027 0.8801 0.3638 0.5303 0.664 0.91 2.3784 0.9293 0.4271 0.4271 0.5022 0.9 1.3908 -0.0941 0.0941 NA NA 1 0.4242 -0.2441 0.2441 -0.2441 0.7559 1 0.7361 -0.2595 0.2595 -0.2595 0.7405 1 0.7328 0 0
2 169 1031 0 0 0 0 0 1.0015 0 0.9616 -0.1715 0.2883 0.3803 0.9167 1.4893 0.8503 -0.2024 0.4983 0.6176 0.945 2.2723 0.9595 -0.1659 0.3009 0.3584 0.92 1.3254 0.0312 0.0312 NA NA 1 0.4398 -0.3432 0.3432 -0.3432 0.6568 1 0.6588 -0.3522 0.3522 -0.3522 0.6478 1 0.6505 0 0
2 170 1219 0 0 0 0 0 1.0037 0 0.94 -0.7803 0.7803 0.8188 0.3333 1.4667 0.8915 -0.6973 0.7626 0.8965 0.82 2.4888 0.9662 -0.7001 0.7001 0.7236 0.5 1.4366 0.0223 0.0223 NA NA 1 0.485 -0.092 0.092 -0.092 0.908 1 0.8998 -0.1064 0.1064 -0.1064 0.8936 1 0.8875 0 0
2 171 862 0 0 0 0 0 1.0057 0 0.9668 -0.3385 0.397 0.4708 0.8333 1.4408 0.9065 -0.2809 0.5195 0.6484 0.945 2.3579 0.9636 -0.296 0.318 0.3512 1 1.3827 0.027 0.027 NA NA 1 0.441 -0.2046 0.2046 -0.2046 0.7954 1 0.7705 -0.2159 0.2159 -0.2159 0.7841 1 0.7553 0 0
2 172 808 0 0 0 0 0 1.0054 0 0.9331 -0.2964 0.4379 0.5597 0.9167 1.6188 0.8784 -0.3182 0.5046 0.6279 0.95 2.4489 0.9469 -0.2193 0.2841 0.3289 1 1.4918 0.1773 0.1773 NA NA 1 0.456 -0.1424 0.1424 -0.1424 0.8576 1 0.8213 -0.1812 0.1812 -0.1812 0.8188 1 0.797 0 0
2 173 930 0 0 0 0 0 1.0025 0 0.9807 0.2863 0.343 0.4122 1 1.5563 0.8862 0.2629 0.5502 0.6657 0.955 2.36 0.9412 0.239 0.2998 0.3736 0.935 1.3736 -0.0111 0.0111 NA NA 1 0.4621 -0.251 0.251 -0.251 0.749 1 0.7196 -0.2613 0.2613 -0.2613 0.7387 1 0.7167 0 0
2 174 1630 0 0 0 0 0 1.0038 0 0.939 -0.1284 0.27 0.3206 1 1.4447 0.8948 -0.0774 0.4779 0.6147 0.96 2.5245 0.9761 -0.2325 0.2434 0.289 1 1.4575 0.0479 0.0479 NA NA 1 0.4232 0.0933 0.0933 0.0933 1.0933 1 1.018 0.0776 0.0776 0.0776 1.0776 1 0.9984 0 0
2 175 841 0 0 0 0 0 1.006 0 0.9841 -0.0342 0.2396 0.2922 1 1.5637 0.8988 0.0958 0.4703 0.6102 0.965 2.5194 0.9322 0.0602 0.2283 0.27 1 1.4503 0.0443 0.0443 NA NA 1 0.4194 0.0067 0.0067 0.0067 1.0067 1 0.9316 -0.0072 0.0072 -0.0072 0.9928 1 0.9134 0 0
2 176 992 0 0 0 0 0 1.0063 0 0.9775 0.3675 0.3739 0.4366 0.9167 1.4681 0.8753 0.264 0.5025 0.6544 0.93 2.4448 0.9725 0.2943 0.3212 0.347 1 1.3663 -0.0731 0.0731 NA NA 1 0.4322 -0.0494 0.0494 -0.0494 0.9506 1 0.855 -0.0661 0.0661 -0.0661 0.9339 1 0.8464 0 0
2 177 1034 0 0 0 0 0 1.0023 0 0.9747 0.7291 0.7291 0.815 0.5 1.6017 0.8726 0.5601 0.6842 0.8418 0.81 2.3135 0.9775 0.6059 0.6059 0.6437 0.595 1.3633 0.0102 0.0102 NA NA 1 0.5351 -0.3782 0.3782 -0.3782 0.6218 0 0.6514 -0.3893 0.3893 -0.3893 0.6107 0 0.6366 0 0
2 178 1147 0 0 0 0 0 1.0024 0 0.9792 -0.4473 0.4473 0.4897 0.9167 1.509 0.8973 -0.4012 0.5399 0.67 0.935 2.5379 0.9659 -0.5209 0.5209 0.587 0.695 1.4566 0.0476 0.0476 NA NA 1 0.3914 0.1354 0.1354 0.1354 1.1354 1 1.0089 0.1214 0.1214 0.1214 1.1214 1 0.988 0 0
2 179 1094 0 0 0 0 0 1.0037 0 0.9824 -6e-04 0.1551 0.2071 1 1.4634 0.8812 -0.0351 0.4523 0.5948 0.965 2.3866 0.9814 -0.101 0.1443 0.1862 1 1.3445 -0.1499 0.1499 NA NA 1 0.433 -0.2091 0.2091 -0.2091 0.7909 1 0.7664 -0.236 0.236 -0.236 0.764 1 0.7516 0 0
2 180 1017 0 0 0 0 0 1.0023 0 0.9164 0.6666 0.7236 1.0417 0.6667 1.8176 0.8516 0.4042 0.5987 0.7409 0.865 2.2144 0.9602 0.4723 0.4723 0.5275 0.735 1.3448 0.0519 0.0519 NA NA 1 0.5248 -0.5641 0.5641 -0.5641 0.4359 0 0.56 -0.573 0.573 -0.573 0.427 0 0.5489 0 0
2 181 963 0 0 0 0 0 1.0045 0 0.9625 -0.2093 0.3499 0.4161 1 1.536 0.8825 -0.1912 0.4778 0.5831 0.965 2.4431 0.982 -0.2467 0.2594 0.2893 1 1.3658 -0.1117 0.1117 NA NA 1 0.4184 -0.0962 0.0962 -0.0962 0.9038 1 0.8361 -0.1177 0.1177 -0.1177 0.8823 1 0.825 0 0
2 182 840 0 0 0 0 0 1.0008 0 0.9378 -1.4319 1.4319 1.4699 0 1.6673 0.8349 -1.158 1.2018 1.3577 0.44 2.3668 0.9682 -1.1874 1.1874 1.2083 0.06 1.4302 -0.0087 0.0087 NA NA 1 0.5126 -0.4787 0.4787 -0.4787 0.5213 0 0.604 -0.4876 0.4876 -0.4876 0.5124 0 0.5907 0 0
2 183 1055 0 0 0 0 0 1.0053 0 0.9543 -0.4312 0.4999 0.5408 0.9167 1.5537 0.8761 -0.4569 0.5982 0.7445 0.895 2.5299 0.9891 -0.5687 0.5687 0.5806 0.82 1.4134 -0.0693 0.0693 NA NA 1 0.4155 -0.0478 0.0478 -0.0478 0.9522 1 0.8809 -0.063 0.063 -0.063 0.937 1 0.879 0 0
2 184 1074 0 0 0 0 0 1.0027 0 0.9794 -0.0178 0.1578 0.2115 1 1.5061 0.8971 -0.0311 0.4086 0.5293 0.97 2.3815 0.9698 -0.0455 0.1496 0.1848 1 1.3878 0.0424 0.0424 NA NA 1 0.4288 -0.195 0.195 -0.195 0.805 1 0.7548 -0.2063 0.2063 -0.2063 0.7937 1 0.7458 0 0
2 185 1162 0 0 0 0 0 1.0021 0 0.9514 -0.312 0.3726 0.4312 1 1.4733 0.8747 -0.3477 0.5387 0.6724 0.9 2.3805 0.9863 -0.2786 0.2962 0.3237 1 1.4048 0.0088 0.0088 NA NA 1 0.4261 -0.1604 0.1604 -0.1604 0.8396 1 0.797 -0.1706 0.1706 -0.1706 0.8294 1 0.7929 0 0
2 186 1231 0 0 0 0 0 1.0033 0 0.9689 0.0943 0.1841 0.2436 1 1.4513 0.8938 0.051 0.4315 0.5434 0.97 2.393 0.9372 -0.0327 0.2154 0.2518 1 1.414 0.051 0.051 NA NA 1 0.4167 -0.0981 0.0981 -0.0981 0.9019 1 0.8116 -0.111 0.111 -0.111 0.889 1 0.8044 0 0
2 187 828 0 0 0 0 0 1.0019 0 0.9854 -0.1173 0.1746 0.2027 1 1.4204 0.8742 -0.1232 0.4622 0.5809 0.96 2.4591 0.977 -0.0219 0.1401 0.1652 1 1.3336 -0.1514 0.1514 NA NA 1 0.4006 0.1068 0.1068 0.1068 1.1068 1 0.9768 0.0707 0.0707 0.0707 1.0707 1 0.9621 0 0
2 188 816 0 0 0 0 0 1.0043 0 0.9904 -0.6062 0.6062 0.6245 0.9167 1.4617 0.879 -0.535 0.6442 0.7994 0.895 2.5239 0.9215 -0.5329 0.5458 0.6366 0.615 1.4079 -0.017 0.017 NA NA 1 0.4013 0.1353 0.1353 0.1353 1.1353 1 0.9689 0.1229 0.1229 0.1229 1.1229 1 0.9574 0 0
2 189 1071 0 0 0 0 0 1.0102 0 0.9733 0.1544 0.2389 0.2626 1 1.4554 0.8902 0.2206 0.4527 0.5732 0.96 2.4581 0.9167 0.1927 0.302 0.3423 1 1.4046 0.0178 0.0178 NA NA 1 0.4182 -0.0015 0.0015 -0.0015 0.9985 1 0.9481 -0.0136 0.0136 -0.0136 0.9864 1 0.9357 0 0
2 190 1230 0 0 0 0 0 1.0034 0 0.9544 0.4664 0.4664 0.5193 0.9167 1.5034 0.8619 0.4435 0.6479 0.7883 0.925 2.6388 0.9728 0.4529 0.4529 0.4916 0.89 1.5247 0.0394 0.0394 NA NA 1 0.4117 0.3028 0.3028 0.3028 1.3028 1 1.1857 0.2861 0.2861 0.2861 1.2861 1 1.163 0 0
2 191 872 0 0 0 0 0 1.0037 0 0.9587 -0.0404 0.209 0.2561 1 1.4693 0.899 -0.0985 0.4289 0.5626 0.965 2.5468 0.974 -0.1227 0.1637 0.206 1 1.4293 0.0099 0.0099 NA NA 1 0.4024 0.1654 0.1654 0.1654 1.1654 1 1.0629 0.1528 0.1528 0.1528 1.1528 1 1.0498 0 0
2 192 810 0 0 0 0 0 1.0053 0 0.976 -0.4525 0.4613 0.5162 0.9167 1.5028 0.8659 -0.429 0.6068 0.7382 0.86 2.2578 0.9724 -0.4226 0.4226 0.5034 0.72 1.2861 -0.1933 0.1933 NA NA 1 0.4012 -0.3245 0.3245 -0.3245 0.6755 1 0.6623 -0.3568 0.3568 -0.3568 0.6432 1 0.6418 0 0
2 193 1258 0 0 0 0 0 1.0023 0 0.9473 0.2533 0.3126 0.3748 0.9167 1.4742 0.9155 0.2064 0.4355 0.551 0.98 2.586 0.984 0.2427 0.2502 0.2801 1 1.5421 0.1346 0.1346 NA NA 1 0.4068 0.2176 0.2176 0.2176 1.2176 1 1.1043 0.1809 0.1809 0.1809 1.1809 1 1.0604 0 0
2 194 1255 0 0 0 0 0 1.0044 0 0.9763 -0.6025 0.6025 0.6419 0.75 1.5356 0.9061 -0.535 0.6495 0.8019 0.85 2.451 0.9797 -0.635 0.635 0.6507 0.605 1.4358 0.0544 0.0544 NA NA 1 0.4705 -0.1668 0.1668 -0.1668 0.8332 1 0.8317 -0.1817 0.1817 -0.1817 0.8183 1 0.8123 0 0
2 195 1064 0 0 0 0 0 1.0036 0 0.9708 -0.4828 0.4828 0.5254 0.8333 1.4603 0.8901 -0.4819 0.609 0.7277 0.92 2.4914 0.9797 -0.4549 0.4549 0.4891 0.88 1.392 -0.0658 0.0658 NA NA 1 0.3945 0.0679 0.0679 0.0679 1.0679 1 0.9728 0.0525 0.0525 0.0525 1.0525 1 0.9583 0 0
2 196 999 0 0 0 0 0 1.0041 0 0.9867 -0.8002 0.8002 0.8149 0.6667 1.5636 0.8782 -0.714 0.7782 0.904 0.76 2.3991 0.9917 -0.726 0.726 0.7332 0.37 1.3702 -0.0852 0.0852 NA NA 1 0.4401 -0.286 0.286 -0.286 0.714 1 0.7312 -0.2999 0.2999 -0.2999 0.7001 1 0.7293 0 0
2 197 873 0 0 0 0 0 1.0026 0 0.9467 -1.225 1.225 1.2625 0 1.5475 0.8767 -1.09 1.1549 1.2763 0.53 2.4721 0.9762 -1.0831 1.0831 1.0987 0.025 1.365 -0.0978 0.0978 NA NA 1 0.4555 -0.2611 0.2611 -0.2611 0.7389 1 0.7637 -0.278 0.278 -0.278 0.722 1 0.7623 0 0
2 198 1058 0 0 0 0 0 1.0025 0 0.8911 0.9758 0.9758 1.047 0.1667 1.552 0.9023 0.9084 0.9347 1.0569 0.785 2.7334 0.9318 0.8657 0.8657 0.9047 0.265 1.5369 0.0246 0.0246 NA NA 1 0.4385 0.2936 0.2936 0.2936 1.2936 1 1.2199 0.2764 0.2764 0.2764 1.2764 1 1.1991 0 0
2 199 856 0 0 0 0 0 1.0055 0 0.9815 0.1865 0.2619 0.3188 1 1.5062 0.9044 0.14 0.475 0.6214 0.95 2.4349 0.9636 0.1287 0.1798 0.2471 1 1.3922 0.0061 0.0061 NA NA 1 0.4065 -0.0259 0.0259 -0.0259 0.9741 1 0.9366 -0.0366 0.0366 -0.0366 0.9634 1 0.9196 0 0
2 200 1119 0 0 0 0 0 1.0024 0 0.9714 -0.4564 0.4668 0.534 0.8333 1.4902 0.9012 -0.4154 0.5899 0.7016 0.92 2.3965 0.9757 -0.4506 0.4599 0.532 0.765 1.3982 0.1084 0.1084 NA NA 1 0.454 -0.1361 0.1361 -0.1361 0.8639 1 0.809 -0.1584 0.1584 -0.1584 0.8416 1 0.7895 0 0
