cond r run.time ndiv nbfmi ntree nbulk ntail maxRhat nRhat beta.cor beta.bias beta.abbias beta.rmse beta.CI theta.cor theta.bias theta.abbias theta.rmse theta.CI lambda.bias lambda.abbias lambda.CI corrupt efficiency
5 1 225 0 0 0 0 0 1.0004 0 0.9304 0.3191 0.3971 0.6095 2.8696 0.9286 0.1626 0.3581 0.4387 2.4248 -8e-04 8e-04 0.5094 0 0
5 2 285 0 0 0 0 0 1.0014 0 0.9202 0.0885 0.3687 0.5052 2.592 0.8862 0.0141 0.3622 0.4574 2.473 -0.1724 0.1724 0.5303 0 0
5 3 320 0 0 0 0 0 1.0005 0 0.9313 -0.0455 0.3981 0.6092 2.8143 0.9188 -0.1433 0.3464 0.4216 2.0676 0.0219 0.0219 0.5071 0 0
5 4 281 0 0 0 0 0 1.0005 0 0.8953 0.2006 0.3564 0.4895 2.2648 0.9346 0.1817 0.3336 0.4059 2.4141 0.0849 0.0849 0.4928 0 0
5 5 291 0 0 0 0 0 1.0004 0 0.8869 -0.0855 0.2525 0.3948 1.9811 0.9073 -0.048 0.3356 0.4175 2.4264 0.0228 0.0228 0.4836 0 0
5 6 277 0 0 0 0 0 1.0006 0 0.903 -0.104 0.3819 0.5229 2.3194 0.9177 -0.1129 0.3486 0.4292 2.1308 -0.0929 0.0929 0.507 0 0
5 7 282 0 0 0 0 0 1.0011 0 0.9355 -0.0203 0.2883 0.3623 2.562 0.9018 -0.0871 0.3251 0.407 2.1664 0.0538 0.0538 0.4977 0 0
5 8 247 0 0 0 0 0 1.0005 0 0.9661 -0.1296 0.2555 0.3196 2.2419 0.9171 -0.1475 0.3478 0.4249 2.3372 0.068 0.068 0.4923 0 0
5 9 306 0 0 0 0 0 1.0008 0 0.9475 0.3563 0.3679 0.4816 2.3543 0.9018 0.3107 0.3999 0.521 2.391 0.0031 0.0031 0.4899 0 0
5 10 305 0 0 0 0 0 1.0004 0 0.9321 0.187 0.3059 0.3821 1.9369 0.9303 0.1746 0.3375 0.4524 2.3854 -0.2144 0.2144 0.4528 0 0
5 11 287 0 0 0 0 0 1.0008 0 0.9625 0.0792 0.2553 0.3304 2.5659 0.9018 0.139 0.3575 0.4416 2.3159 0.0118 0.0118 0.5177 0 0
5 12 336 0 0 0 0 0 1.0002 0 0.9544 0.1453 0.3124 0.4217 2.3342 0.891 0.1613 0.378 0.4678 2.3781 0.1871 0.1871 0.4904 0 0
5 13 365 0 0 0 0 0 1.0003 0 0.9306 0.1492 0.4099 0.57 3.0865 0.916 -0.0047 0.3404 0.4231 2.4482 0.2919 0.2919 0.5059 0 0
5 14 382 0 0 0 0 0 1.0005 0 0.933 0.2528 0.4358 0.6486 2.8067 0.8875 0.1296 0.3463 0.4438 1.9905 0.0036 0.0036 0.5622 0 0
5 15 345 0 0 0 0 0 1.0012 0 0.8872 0.2371 0.4093 0.5117 2.5476 0.9084 0.1583 0.3584 0.4516 2.4435 0.0501 0.0501 0.4964 0 0
5 16 336 0 0 0 0 0 1.0005 0 0.9526 -0.0877 0.232 0.2942 2.1702 0.8982 -0.116 0.3493 0.4226 2.0889 0.0755 0.0755 0.5054 0 0
5 17 304 0 0 0 0 0 1.0033 0 0.9111 -0.0724 0.4043 0.5136 2.4955 0.9018 -0.057 0.3525 0.4291 2.3704 -0.1286 0.1286 0.5112 0 0
5 18 368 0 0 0 0 0 1.0003 0 0.9163 0.0648 0.3285 0.4307 2.1537 0.9227 0.0536 0.3021 0.375 2.2837 0.0721 0.0721 0.5033 0 0
5 19 226 0 0 0 0 0 1.0014 0 0.9713 0.056 0.2078 0.2636 2.525 0.8786 0.1083 0.3986 0.5276 2.2269 0.0032 0.0032 0.4951 0 0
5 20 351 0 0 0 0 0 1.0015 0 0.9305 0.0214 0.3458 0.4572 2.2305 0.9318 -0.0393 0.314 0.39 2.0628 0.1476 0.1476 0.4965 0 0
5 21 345 0 0 0 0 0 1.0004 0 0.9538 -0.0143 0.3255 0.3899 2.5032 0.9177 -0.0379 0.3527 0.442 2.2896 0.0585 0.0585 0.49 0 0
5 22 269 0 0 0 0 0 1.0007 0 0.9553 0.066 0.3003 0.3678 2.269 0.9027 0.1117 0.3538 0.4601 2.2253 -0.0325 0.0325 0.5163 0 0
5 23 358 0 0 0 0 0 1.001 0 0.9413 0.1097 0.4114 0.6038 2.5722 0.9052 -0.0043 0.4079 0.5039 2.4117 0.0909 0.0909 0.5083 0 0
5 24 364 0 0 0 0 0 1.0001 0 0.9718 -0.2577 0.3336 0.4003 2.4738 0.9115 -0.0873 0.3488 0.4519 2.3621 0.0096 0.0096 0.5136 0 0
5 25 340 0 0 0 0 0 1.0002 0 0.8803 -0.1278 0.2809 0.3824 1.9784 0.8825 -0.0154 0.347 0.4493 2.4958 -0.0947 0.0947 0.5002 0 0
5 26 224 0 0 0 0 0 1.0005 0 0.9591 0.2742 0.3619 0.5387 2.8706 0.8977 0.175 0.3513 0.4542 1.9825 -0.0363 0.0363 0.5625 0 0
5 27 300 0 0 0 0 0 1.0009 0 0.9456 -0.071 0.2699 0.3192 2.1257 0.8875 -0.0938 0.3265 0.4205 2.1187 -0.148 0.148 0.4985 0 0
5 28 348 0 0 0 0 0 1.0011 0 0.9225 -0.1316 0.2909 0.3996 2.2513 0.8957 -0.0612 0.3535 0.4406 2.3863 0.0033 0.0033 0.4984 0 0
5 29 310 0 0 0 0 0 1.0006 0 0.9219 -0.0558 0.4195 0.517 2.8735 0.8858 -0.0034 0.3154 0.3984 2.2846 0.1238 0.1238 0.5069 0 0
5 30 286 0 0 0 0 0 1.0011 0 0.9306 0.1832 0.3414 0.4176 2.0575 0.8788 0.0985 0.3733 0.4538 2.0159 0.0628 0.0628 0.4889 0 0
5 31 314 0 0 0 0 0 1.0005 0 0.9346 -0.2156 0.3282 0.5598 2.7415 0.895 -0.0936 0.3488 0.4243 2.2792 -0.0722 0.0722 0.4891 0 0
5 32 302 0 0 0 0 0 1.0014 0 0.9516 0.0486 0.2573 0.3286 2.3091 0.883 0.0139 0.2795 0.362 2.105 0.0549 0.0549 0.5955 0 0
5 33 290 0 0 0 0 0 1.0002 0 0.9062 0.0208 0.3165 0.503 2.4645 0.9129 0.0124 0.3044 0.3826 2.2509 0.0202 0.0202 0.5144 0 0
5 34 318 0 0 0 0 0 1.0004 0 0.9425 -0.0169 0.3301 0.4161 1.9879 0.9281 -0.0484 0.3104 0.4192 2.1605 0.1134 0.1134 0.4732 0 0
5 35 351 0 0 0 0 0 1.0005 0 0.913 0.1503 0.2949 0.3998 2.0151 0.9163 0.0867 0.3555 0.4374 2.5101 0.2485 0.2485 0.471 0 0
5 36 385 0 0 0 0 0 1.0007 0 0.9437 -0.1914 0.3185 0.4057 2.0866 0.9176 -0.1399 0.3635 0.4438 2.3199 -0.1575 0.1575 0.4794 0 0
5 37 380 0 0 0 0 0 1.0002 0 0.9371 0.2975 0.3929 0.5547 2.8122 0.8914 0.1298 0.3437 0.4608 2.4213 -0.148 0.148 0.5604 0 0
5 38 299 0 0 0 0 0 1.0005 0 0.9192 -0.2272 0.3694 0.5344 2.3706 0.8961 -0.1176 0.3753 0.4649 2.3543 0.1175 0.1175 0.5266 0 0
5 39 317 0 0 0 0 0 1.001 0 0.9648 -0.111 0.3044 0.3838 2.6639 0.8947 -0.104 0.3328 0.4243 2.1852 0.1511 0.1511 0.5093 0 0
5 40 312 0 0 0 0 0 1.0003 0 0.9617 -0.1429 0.2741 0.3616 2.4476 0.9208 -0.0677 0.3543 0.4366 2.1643 -0.0202 0.0202 0.4828 0 0
5 41 327 68 0 0 0 0 1.0009 0 0.9362 0.506 0.5111 0.6305 2.8078 0.8587 0.2888 0.4578 0.5688 2.6338 0.2061 0.2061 0.6544 1 0
5 42 268 0 0 0 0 0 1.0003 0 0.9258 0.1205 0.2973 0.4053 1.9446 0.9073 0.08 0.3562 0.4837 2.3812 0.0794 0.0794 0.4732 0 0
5 43 388 2 0 0 0 0 1.001 0 0.9257 0.1423 0.3231 0.3867 2.5007 0.8756 0.1184 0.3279 0.413 2.2513 0.2455 0.2455 0.5797 1 0
5 44 249 0 0 0 0 0 1.0004 0 0.926 0.2868 0.4299 0.7267 2.7814 0.9286 0.0688 0.3271 0.4075 2.2245 0.0155 0.0155 0.5076 0 0
5 45 333 0 0 0 0 0 1.0007 0 0.9444 0.2597 0.354 0.4371 2.1635 0.8874 0.1029 0.35 0.4627 2.2119 -0.0574 0.0574 0.5266 0 0
5 46 378 0 0 0 0 0 1.0005 0 0.932 0.1147 0.3058 0.3942 2.3239 0.9014 0.0505 0.3318 0.4256 2.3757 -0.1249 0.1249 0.4881 0 0
5 47 307 0 0 0 0 0 1.0004 0 0.9652 -0.1886 0.274 0.3441 2.5153 0.8885 -0.0188 0.3706 0.4437 2.4725 0.0126 0.0126 0.5658 0 0
5 48 298 0 0 0 0 0 1.0013 0 0.9369 -0.0487 0.3353 0.3825 2.2222 0.917 -0.0402 0.3077 0.3971 2.1893 -0.0418 0.0418 0.5055 0 0
5 49 232 0 0 0 0 0 1.0003 0 0.9347 -0.0206 0.3326 0.3853 1.9328 0.9016 -0.1067 0.295 0.3973 2.1512 -0.0908 0.0908 0.4882 0 0
5 50 341 0 0 0 0 0 1.0007 0 0.9146 -0.1188 0.2553 0.3622 1.8465 0.8955 -0.0971 0.3698 0.4598 2.4251 -0.095 0.095 0.4853 0 0
5 51 310 0 0 0 0 0 1.0005 0 0.9456 0.0352 0.3497 0.4118 2.7329 0.9102 0.1948 0.3959 0.4881 2.171 0.0254 0.0254 0.5155 0 0
5 52 302 0 0 0 0 0 1.0003 0 0.9386 0.1876 0.3578 0.44 2.2887 0.8984 0.1146 0.3468 0.4367 2.3026 -0.1398 0.1398 0.4828 0 0
5 53 333 0 0 0 0 0 1.0004 0 0.933 0.0104 0.371 0.4812 2.2357 0.9131 -0.0211 0.4035 0.4783 2.1458 -0.0862 0.0862 0.491 0 0
5 54 236 0 0 0 0 0 1.0008 0 0.949 0.0537 0.3165 0.4245 2.5042 0.889 0.0176 0.3487 0.4399 2.0809 0.0018 0.0018 0.4922 0 0
5 55 251 0 0 0 0 0 1.0006 0 0.9704 0.0546 0.2454 0.3191 2.5113 0.9206 0.0388 0.335 0.4378 2.2097 0.0468 0.0468 0.4943 0 0
5 56 281 0 0 0 0 0 1.0006 0 0.9397 -0.1118 0.3265 0.3978 2.211 0.9022 -0.0978 0.3728 0.4513 2.3929 0.0896 0.0896 0.5193 0 0
5 57 303 0 0 0 0 0 1.0009 0 0.9515 0.1603 0.3113 0.4291 2.5061 0.8868 0.0117 0.3687 0.4599 2.39 -0.0398 0.0398 0.5432 0 0
5 58 311 0 0 0 0 0 1.0003 0 0.9159 -0.103 0.2768 0.3327 1.8882 0.9103 0.0212 0.3895 0.4804 2.467 0.0067 0.0067 0.5007 0 0
5 59 276 0 0 0 0 0 1.0006 0 0.8657 0.125 0.399 0.5521 2.7819 0.9112 0.0552 0.3431 0.4167 2.4841 -0.0823 0.0823 0.529 0 0
5 60 289 0 0 0 0 0 1.0002 0 0.9547 -0.0398 0.2959 0.3998 2.8548 0.8849 0.0234 0.3317 0.4329 2.0406 -0.1129 0.1129 0.5013 0 0
5 61 313 0 0 0 0 0 1.0002 0 0.9204 0.1199 0.3074 0.4461 2.8633 0.9013 0.1008 0.314 0.4051 2.3896 -0.0045 0.0045 0.5226 0 0
5 62 335 0 0 0 0 0 1.0005 0 0.943 -0.1836 0.2735 0.4448 2.6237 0.8675 -0.0935 0.3854 0.5047 2.3653 0.0816 0.0816 0.5257 0 0
5 63 276 0 0 0 0 0 1.0004 0 0.9297 -0.0969 0.4023 0.5925 2.963 0.8927 0.0776 0.3644 0.4903 2.3315 -0.0169 0.0169 0.5089 0 0
5 64 285 0 0 0 0 0 1.0009 0 0.955 0.3356 0.4275 0.7104 2.8538 0.8744 0.0942 0.3796 0.465 2.2897 0.1274 0.1274 0.51 0 0
5 65 265 0 0 0 0 0 1.0002 0 0.9655 0.1473 0.2917 0.3604 2.3093 0.8956 0.1157 0.3551 0.4711 2.1496 -0.0225 0.0225 0.5382 0 0
5 66 383 0 0 0 0 0 1.0002 0 0.9421 0.1227 0.282 0.3572 1.9534 0.9147 0.1695 0.365 0.4338 2.2687 -0.0963 0.0963 0.4956 0 0
5 67 334 0 0 0 0 0 1.0014 0 0.9237 0.3746 0.4924 0.6406 2.7719 0.8986 0.2029 0.3999 0.4981 2.505 0.1715 0.1715 0.5293 0 0
5 68 364 0 0 0 0 0 1.0002 0 0.8822 0.181 0.3219 0.4782 2.3744 0.8933 0.1261 0.3873 0.4926 2.4424 0.0427 0.0427 0.5261 0 0
5 69 234 0 0 0 0 0 1.0003 0 0.9215 0.1682 0.3241 0.4058 2.2426 0.898 0.1226 0.3516 0.454 2.2926 -0.0537 0.0537 0.506 0 0
5 70 371 0 0 0 0 0 1.0005 0 0.905 0.0963 0.3315 0.4044 1.8154 0.9259 0.1013 0.3262 0.4164 2.291 0.1398 0.1398 0.5138 0 0
5 71 325 0 0 0 0 0 1.0005 0 0.8878 0.1136 0.3369 0.4104 2.0962 0.941 0.0322 0.3023 0.4099 2.4116 0.0786 0.0786 0.4717 0 0
5 72 312 0 0 0 0 0 1.0002 0 0.9455 -0.1453 0.245 0.2947 1.7141 0.9215 -0.1558 0.3121 0.3924 2.3376 -0.1421 0.1421 0.512 0 0
5 73 241 0 0 0 0 0 1.0004 0 0.9488 -0.1755 0.4039 0.5186 2.5981 0.9122 -0.1193 0.384 0.4715 2.3461 0.2234 0.2234 0.4626 0 0
5 74 300 0 0 0 0 0 1.0019 0 0.9695 0.1658 0.2998 0.4058 2.4252 0.9089 0.0313 0.369 0.4605 2.3972 0.0953 0.0953 0.5324 0 0
5 75 347 0 0 0 0 0 1.0007 0 0.9046 0.0356 0.283 0.3607 2.0478 0.8727 0.0222 0.3536 0.4485 2.4853 0.1207 0.1207 0.5595 0 0
5 76 274 0 0 0 0 0 1.0006 0 0.9144 0.0701 0.3252 0.3885 2.1743 0.9145 0.0228 0.3425 0.4131 2.2398 0.016 0.016 0.524 0 0
5 77 259 0 0 0 0 0 1.0013 0 0.9178 0.3223 0.4323 0.5899 2.7531 0.9233 0.1429 0.3493 0.4305 2.3871 0.0119 0.0119 0.5346 0 0
5 78 344 0 0 0 0 0 1.0009 0 0.966 -0.0055 0.2587 0.3462 2.5485 0.8863 0.0921 0.3869 0.4915 1.9614 0.2214 0.2214 0.5246 0 0
5 79 273 0 0 0 0 0 1.0009 0 0.9384 -0.036 0.328 0.3909 2.4108 0.8851 -0.1335 0.369 0.4807 2.4138 0.1837 0.1837 0.4818 0 0
5 80 321 0 0 0 0 0 1.0011 0 0.9408 -0.189 0.311 0.3836 1.9165 0.8545 -0.1406 0.3606 0.468 2.0911 -0.0616 0.0616 0.5226 0 0
5 81 332 0 0 0 0 0 1.0002 0 0.9201 0.4641 0.5192 0.687 2.8313 0.8915 0.3788 0.481 0.5663 2.3845 0.1979 0.1979 0.5573 0 0
5 82 389 0 0 0 0 0 1.0004 0 0.9052 -0.2069 0.4085 0.6214 2.59 0.8895 -0.0549 0.3494 0.4243 2.4572 0.3026 0.3026 0.5172 0 0
5 83 295 0 0 0 0 0 1.0009 0 0.9277 -0.2179 0.4 0.5613 2.9632 0.904 -0.1417 0.3474 0.4575 1.9791 0.2156 0.2156 0.5001 0 0
5 84 316 0 0 0 0 0 1.0004 0 0.9416 0.0489 0.2898 0.3801 2.39 0.9142 0.0166 0.2913 0.3628 2.2535 0.0198 0.0198 0.5103 0 0
5 85 295 0 0 0 0 0 1.0012 0 0.9623 0.1462 0.2856 0.349 2.6675 0.9013 0.1063 0.3668 0.4598 2.3548 -0.2099 0.2099 0.4887 0 0
5 86 261 0 0 0 0 0 1.0008 0 0.947 0.0462 0.2674 0.3271 2.3793 0.9012 -0.0302 0.3066 0.3814 2.0008 0.0108 0.0108 0.5403 0 0
5 87 291 0 0 0 0 0 1.0006 0 0.9354 -0.0507 0.3234 0.3905 2.7886 0.9173 -0.0707 0.3082 0.4067 2.155 0.0208 0.0208 0.5267 0 0
5 88 318 0 0 0 0 0 1.0002 0 0.9587 -0.1232 0.3143 0.3778 2.4502 0.8714 -0.1294 0.3642 0.4615 2.2358 -0.1889 0.1889 0.5311 0 0
5 89 237 0 0 0 0 0 1.0005 0 0.9347 -9e-04 0.262 0.3427 1.7584 0.89 -0.0065 0.3484 0.4411 2.3128 -0.0527 0.0527 0.5141 0 0
5 90 374 0 0 0 0 0 1.0005 0 0.963 0.0468 0.2686 0.3382 2.5617 0.8921 0.1259 0.3484 0.4416 2.1257 -0.0044 0.0044 0.506 0 0
5 91 324 0 0 0 0 0 1.0005 0 0.9011 0.3271 0.4594 0.9038 3.1251 0.9137 0.0627 0.3334 0.4206 2.3008 0.1104 0.1104 0.4985 0 0
5 92 232 0 0 0 0 0 1.0007 0 0.9465 -0.05 0.3424 0.4254 2.6515 0.8827 0.0177 0.3336 0.424 2.1351 -0.0208 0.0208 0.4803 0 0
5 93 239 0 0 0 0 0 1.0002 0 0.9414 -0.0417 0.2928 0.3561 2.0103 0.9089 -0.0989 0.3336 0.4303 2.3425 -0.0019 0.0019 0.4976 0 0
5 94 288 0 0 0 0 0 1.0006 0 0.8839 0.0679 0.3014 0.363 1.6651 0.9387 0.078 0.3214 0.4101 2.3486 -0.082 0.082 0.4448 0 0
5 95 298 0 0 0 0 0 1.0003 0 0.921 -0.1621 0.3555 0.4447 2.1336 0.9291 -0.1896 0.3322 0.4223 2.3714 -0.1263 0.1263 0.4729 0 0
5 96 309 0 0 0 0 0 1.0001 0 0.8881 -0.2874 0.4545 0.6147 2.4628 0.8923 -0.1462 0.3472 0.4176 2.2331 0.027 0.027 0.5574 0 0
5 97 259 0 0 0 0 0 1.0033 0 0.9322 -0.0035 0.3735 0.4302 2.2442 0.9172 -0.0135 0.3815 0.4943 2.3643 0.0089 0.0089 0.4856 0 0
5 98 396 0 0 0 0 0 1.0002 0 0.8009 -0.0863 0.3959 0.5146 2.2127 0.8974 -0.0548 0.3281 0.4209 2.4771 0.2031 0.2031 0.5546 0 0
5 99 306 0 0 0 0 0 1.0003 0 0.9272 0.1411 0.2876 0.3584 1.8935 0.9323 0.1858 0.3426 0.4511 2.5129 0.1604 0.1604 0.4404 0 0
5 100 349 0 0 0 0 0 1.0004 0 0.8745 -0.2658 0.4344 0.6357 2.3381 0.8978 -0.0831 0.4199 0.5406 2.4955 -0.2218 0.2218 0.4596 0 0
5 101 298 0 0 0 0 0 1.0006 0 0.9284 0.1045 0.3477 0.4207 2.151 0.9288 0.0767 0.2837 0.3629 2.2956 0.0041 0.0041 0.5112 0 0
5 102 236 0 0 0 0 0 1.0007 0 0.9417 -0.0385 0.2875 0.3853 2.0453 0.9129 -0.003 0.3618 0.4631 2.3579 -0.0785 0.0785 0.4962 0 0
5 103 341 0 0 0 0 0 1.0002 0 0.8777 0.1061 0.4452 0.5777 2.8036 0.8884 0.0282 0.3973 0.4803 2.3447 -0.1246 0.1246 0.5175 0 0
5 104 283 0 0 0 0 0 1.0006 0 0.9681 0.0685 0.3071 0.3729 2.2691 0.91 0.0871 0.342 0.4133 2.3255 0.0664 0.0664 0.5108 0 0
5 105 309 0 0 0 0 0 1.0004 0 0.9527 0.1064 0.2762 0.3196 2.2121 0.8996 0.1262 0.3678 0.4539 2.151 -0.0673 0.0673 0.5039 0 0
5 106 228 0 0 0 0 0 1.003 0 0.9638 -0.081 0.2908 0.3588 2.597 0.8867 -0.064 0.3714 0.4559 2.0216 0.0461 0.0461 0.5601 0 0
5 107 251 0 0 0 0 0 1.0005 0 0.9326 0.1066 0.3191 0.4625 2.7444 0.9192 0.0631 0.3529 0.4475 2.2983 -0.0709 0.0709 0.4945 0 0
5 108 281 0 0 0 0 0 1.0003 0 0.8726 0.123 0.4163 0.5193 2.8669 0.883 0.0998 0.3487 0.4448 2.4941 -0.0968 0.0968 0.5303 0 0
5 109 219 0 0 0 0 0 1.0008 0 0.9692 -0.0147 0.2502 0.3404 2.5606 0.8883 -0.0923 0.3451 0.4385 2.374 -0.0877 0.0877 0.5195 0 0
5 110 327 1 0 0 0 0 1.0002 0 0.9118 0.0298 0.423 0.5753 3.0596 0.8689 0.0341 0.3288 0.423 2.1858 0.1683 0.1683 0.5537 1 0
5 111 299 0 0 0 0 0 1.0005 0 0.9293 -0.1265 0.307 0.5167 2.9795 0.9064 0.0637 0.3288 0.4152 2.414 -0.0422 0.0422 0.5233 0 0
5 112 285 0 0 0 0 0 1.0007 0 0.9661 -0.1546 0.3055 0.3836 2.6206 0.9029 -0.097 0.3421 0.449 2.1833 0.1559 0.1559 0.522 0 0
5 113 325 0 0 0 0 0 1.0005 0 0.9306 -0.0322 0.3271 0.4319 2.1918 0.9045 0.0633 0.3481 0.4374 2.4106 -0.1622 0.1622 0.4802 0 0
5 114 335 0 0 0 0 0 1.0003 0 0.9291 -0.0518 0.3561 0.424 2.1536 0.8884 0.0095 0.3314 0.4162 2.1406 0.0732 0.0732 0.5092 0 0
5 115 274 0 0 0 0 0 1.0005 0 0.93 0.0569 0.2746 0.3842 1.8855 0.9077 0.065 0.3534 0.4243 2.2923 -0.0351 0.0351 0.4875 0 0
5 116 273 0 0 0 0 0 1.0002 0 0.9463 -0.0121 0.341 0.4093 2.7925 0.9095 0.0207 0.3163 0.4027 2.2003 -0.1107 0.1107 0.5058 0 0
5 117 306 0 0 0 0 0 1.0005 0 0.9602 -0.0012 0.2439 0.3261 2.7745 0.8749 0.0072 0.3792 0.4639 2.472 -0.224 0.224 0.525 0 0
5 118 310 0 0 0 0 0 1.0008 0 0.9413 0.039 0.2745 0.3284 1.8865 0.9185 0.0051 0.3031 0.3949 2.2934 -0.068 0.068 0.4763 0 0
5 119 263 0 0 0 0 0 1.0011 0 0.9491 -0.1766 0.2928 0.4142 2.2992 0.8743 -0.0713 0.3633 0.4474 2.163 -0.0397 0.0397 0.54 0 0
5 120 237 0 0 0 0 0 1.0009 0 0.9489 0.2229 0.3392 0.4624 2.7481 0.8856 0.1368 0.3593 0.4426 2.3617 0.0873 0.0873 0.4997 0 0
5 121 342 0 0 0 0 0 1.0007 0 0.9412 -0.0544 0.3362 0.4335 2.6405 0.9168 -0.1072 0.3471 0.4419 2.3221 0.0563 0.0563 0.4718 0 0
5 122 308 0 0 0 0 0 1.0005 0 0.9772 0.0526 0.1771 0.293 2.6077 0.8835 -0.0245 0.3574 0.4562 2.3739 -0.036 0.036 0.5308 0 0
5 123 273 0 0 0 0 0 1.0007 0 0.931 -0.0916 0.3285 0.4159 1.9319 0.9098 -0.044 0.3475 0.4416 2.2482 -0.0869 0.0869 0.5022 0 0
5 124 389 0 0 0 0 0 1.0002 0 0.9185 -0.1577 0.3204 0.4693 2.5136 0.9062 -0.0283 0.3384 0.4305 2.3134 0.0567 0.0567 0.5549 0 0
5 125 276 0 0 0 0 0 1.0002 0 0.9661 0.0354 0.3791 0.4703 2.8228 0.8825 0.0661 0.3848 0.4729 2.0683 0.0142 0.0142 0.5016 0 0
5 126 306 0 0 0 0 0 1.0019 0 0.9346 0.1443 0.3767 0.5512 2.7072 0.9087 0.0759 0.3362 0.4353 1.9899 -0.1035 0.1035 0.5219 0 0
5 127 219 0 0 0 0 0 1.0009 0 0.9468 -0.0445 0.3442 0.4829 2.2898 0.9029 -0.0628 0.3697 0.4772 2.1285 0.0477 0.0477 0.4983 0 0
5 128 259 0 0 0 0 0 1.0003 0 0.9457 -0.0715 0.2759 0.4054 2.8609 0.8773 -0.0029 0.3541 0.4319 2.4025 -0.0843 0.0843 0.5445 0 0
5 129 339 0 0 0 0 0 1.0002 0 0.9512 0.0843 0.2853 0.351 2.3057 0.8862 0.0182 0.3408 0.4308 2.1787 0.0208 0.0208 0.5254 0 0
5 130 336 0 0 0 0 0 1.001 0 0.8672 -0.2541 0.4549 0.7056 3.0348 0.8719 -0.0429 0.3764 0.4705 2.4778 0.0566 0.0566 0.5471 0 0
5 131 286 0 0 0 0 0 1.0007 0 0.9483 -0.0256 0.2646 0.3327 2.2824 0.9141 0.0646 0.3157 0.3903 1.9408 -0.0319 0.0319 0.5063 0 0
5 132 258 0 0 0 0 0 1.0003 0 0.9268 0.1199 0.3842 0.6398 2.9994 0.9033 0.0237 0.3482 0.4263 2.1402 -0.0252 0.0252 0.5721 0 0
5 133 358 0 0 0 0 0 1.0002 0 0.9451 0.2988 0.3166 0.4528 2.2374 0.9048 0.2393 0.3959 0.4801 2.3916 -0.0776 0.0776 0.5066 0 0
5 134 330 0 0 0 0 0 1.0002 0 0.9075 -0.2114 0.3826 0.4535 2.1747 0.8972 -0.1506 0.4085 0.4923 2.4487 -0.0142 0.0142 0.5267 0 0
5 135 346 0 0 0 0 0 1.0003 0 0.9082 0.008 0.3104 0.384 2.2681 0.894 -0.043 0.3659 0.4826 2.41 -0.0106 0.0106 0.4869 0 0
5 136 280 0 0 0 0 0 1.0005 0 0.951 -0.0203 0.3479 0.4132 2.276 0.921 0.0173 0.3113 0.4038 2.0868 0.1341 0.1341 0.5022 0 0
5 137 224 0 0 0 0 0 1.0002 0 0.9104 -0.1291 0.3581 0.5552 2.7815 0.887 7e-04 0.3855 0.4811 2.3603 -0.0726 0.0726 0.5246 0 0
5 138 341 0 0 0 0 0 1.0002 0 0.9415 -0.0603 0.2752 0.3408 2.5067 0.9068 -0.0529 0.3411 0.4186 2.4383 0.0615 0.0615 0.5035 0 0
5 139 393 0 0 0 0 0 1.0012 0 0.9609 0.1681 0.3189 0.4083 2.7027 0.8777 0.0456 0.3704 0.4529 2.1872 0.2461 0.2461 0.5134 0 0
5 140 299 0 0 0 0 0 1.0007 0 0.9599 -0.0815 0.3873 0.49 2.6236 0.9173 0.0219 0.3898 0.4846 2.3966 0.0088 0.0088 0.4862 0 0
5 141 268 0 0 0 0 0 1.0006 0 0.9587 0.1628 0.3017 0.393 2.315 0.8901 0.1115 0.4032 0.5082 2.114 0.0377 0.0377 0.4788 0 0
5 142 279 0 0 0 0 0 1.0008 0 0.9253 -6e-04 0.2784 0.3682 1.7097 0.9129 -0.0263 0.3429 0.4556 2.1775 -0.2011 0.2011 0.4806 0 0
5 143 275 0 0 0 0 0 1.0022 0 0.9306 -0.0942 0.2517 0.3331 1.9779 0.9234 -0.0792 0.3383 0.4309 2.2247 0.0834 0.0834 0.4753 0 0
5 144 313 0 0 0 0 0 1.0003 0 0.8867 0.0758 0.3531 0.4655 1.8553 0.9234 0.0708 0.3585 0.4737 2.2787 0.0687 0.0687 0.4769 0 0
5 145 319 0 0 0 0 0 1.0005 0 0.9767 -0.1222 0.2569 0.3327 2.6235 0.9001 -0.1478 0.3894 0.4826 2.3579 -0.1906 0.1906 0.5325 0 0
5 146 312 0 0 0 0 0 1.0005 0 0.9098 -0.1098 0.3523 0.413 1.9522 0.9436 -0.1236 0.3373 0.3936 2.3117 0.0645 0.0645 0.4404 0 0
5 147 387 0 0 0 0 0 1.0003 0 0.917 -0.1503 0.5447 0.8046 2.886 0.8852 -0.0953 0.4005 0.4938 2.195 0.1952 0.1952 0.4948 0 0
5 148 331 0 0 0 0 0 1.0002 0 0.8989 0.1206 0.454 0.6394 2.9048 0.9086 0.0485 0.3697 0.453 2.3009 -0.0589 0.0589 0.5056 0 0
5 149 291 0 0 0 0 0 1.0007 0 0.9537 0.024 0.2134 0.2995 2.2045 0.9075 -0.0224 0.3151 0.4041 2.3257 0.1457 0.1457 0.5201 0 0
5 150 310 0 0 0 0 0 1.0003 0 0.9089 0.0934 0.3173 0.3981 2.3297 0.9187 -0.0091 0.3741 0.4637 2.399 -0.1668 0.1668 0.5082 0 0
5 151 312 0 0 0 0 0 1.0002 0 0.9392 0.2461 0.4035 0.6163 2.7344 0.8753 0.1476 0.3999 0.5182 2.0649 0.0562 0.0562 0.4982 0 0
5 152 272 0 0 0 0 0 1.0012 0 0.9657 0.0118 0.2667 0.3652 2.8817 0.8935 0.002 0.339 0.4286 2.0155 0 0 0.5145 0 0
5 153 353 0 0 0 0 0 1.0003 0 0.9845 0.0067 0.1371 0.1765 2.066 0.9194 0.0062 0.3144 0.395 2.1688 -0.0245 0.0245 0.4896 0 0
5 154 314 0 0 0 0 0 1.0007 0 0.92 0.0768 0.3885 0.4873 2.3142 0.8991 0.075 0.3886 0.466 2.3008 -0.0369 0.0369 0.4964 0 0
5 155 296 0 0 0 0 0 1.0015 0 0.9573 0.0373 0.2282 0.3002 2.4572 0.9031 0.0693 0.3173 0.4151 2.3263 -0.0435 0.0435 0.4804 0 0
5 156 319 0 0 0 0 0 1.0002 0 0.9602 0.1944 0.2608 0.32 1.833 0.8899 0.1215 0.3292 0.4224 2.1249 0.0657 0.0657 0.5223 0 0
5 157 384 148 0 0 0 0 1.0005 0 0.8795 0.3713 0.4744 0.7922 3.1318 0.8985 0.1512 0.3859 0.4568 2.6699 0.2946 0.2946 0.6565 1 0
5 158 296 0 0 0 0 0 1.0002 0 0.9273 -0.0179 0.3024 0.4117 2.4211 0.8707 0.0228 0.3812 0.4676 2.1679 -0.0128 0.0128 0.5628 0 0
5 159 310 0 0 0 0 0 1.0007 0 0.9165 -0.2603 0.4074 0.5718 2.6168 0.8639 -0.234 0.42 0.5223 2.0867 -0.0457 0.0457 0.5629 0 0
5 160 335 0 0 0 0 0 1.0002 0 0.8835 -0.1315 0.3307 0.429 1.9055 0.9192 -0.1491 0.3454 0.4536 2.4062 0.1161 0.1161 0.4884 0 0
5 161 332 0 0 0 0 0 1.0003 0 0.8931 -0.1403 0.3793 0.5408 2.9603 0.9009 -0.0513 0.3179 0.3897 2.4677 0.0656 0.0656 0.5119 0 0
5 162 251 0 0 0 0 0 1.0009 0 0.9291 -0.0212 0.3 0.403 2.6479 0.9076 -0.0914 0.3195 0.4149 2.3727 0.0124 0.0124 0.5058 0 0
5 163 228 0 0 0 0 0 1.0006 0 0.9598 -0.0327 0.2938 0.3632 2.3387 0.893 0.0026 0.3463 0.4461 2.141 0.0417 0.0417 0.5165 0 0
5 164 333 0 0 0 0 0 1.0001 0 0.946 0.217 0.294 0.3714 1.8124 0.9245 0.1187 0.3233 0.4153 2.3686 -0.1475 0.1475 0.4745 0 0
5 165 332 0 0 0 0 0 1.0011 0 0.9107 -0.4044 0.4731 0.7449 3.2407 0.8707 -0.1688 0.4056 0.5082 2.395 0.1713 0.1713 0.5717 0 0
5 166 282 0 0 0 0 0 1.0009 0 0.9564 -0.0863 0.2925 0.3937 2.4579 0.9308 0.0025 0.2679 0.3525 2.2205 0.0816 0.0816 0.485 0 0
5 167 311 0 0 0 0 0 1.0003 0 0.9666 -0.1786 0.2795 0.3791 2.496 0.8901 -0.17 0.3592 0.4586 2.2603 -0.1555 0.1555 0.5098 0 0
5 168 287 0 0 0 0 0 1.0003 0 0.9027 0.1749 0.4445 0.534 2.2228 0.9007 0.1626 0.3927 0.502 2.2602 0.1194 0.1194 0.497 0 0
5 169 262 0 0 0 0 0 1.0005 0 0.9572 0.0597 0.2851 0.4179 2.1523 0.9216 0.0573 0.3194 0.4052 2.2857 -0.1369 0.1369 0.4835 0 0
5 170 330 0 0 0 0 0 1.0003 0 0.9585 -0.2596 0.3347 0.4061 2.09 0.9024 -0.1596 0.3753 0.4673 2.3758 0.077 0.077 0.4903 0 0
5 171 309 0 0 0 0 0 1.0004 0 0.9066 0.1212 0.2779 0.3756 1.9223 0.92 0.0846 0.3305 0.4117 2.4684 -0.0509 0.0509 0.4735 0 0
5 172 265 0 0 0 0 0 1.0006 0 0.9592 -0.1547 0.2568 0.3298 2.2578 0.9153 -0.1445 0.3628 0.4476 2.3542 8e-04 8e-04 0.5092 0 0
5 173 325 0 0 0 0 0 1.0002 0 0.9581 -0.0063 0.3334 0.4637 2.4402 0.9135 -0.009 0.3754 0.4632 2.1334 0.099 0.099 0.5063 0 0
5 174 359 0 0 0 0 0 1.0001 0 0.9617 0.0121 0.2503 0.349 2.3963 0.9308 -0.0818 0.3205 0.391 2.1247 0.0744 0.0744 0.5338 0 0
5 175 238 0 0 0 0 0 1.0007 0 0.938 -0.1809 0.31 0.4762 2.942 0.8926 -0.1395 0.3392 0.436 2.3718 -0.1038 0.1038 0.519 0 0
5 176 317 0 0 0 0 0 1.0008 0 0.9442 0.2436 0.4216 0.6167 2.7369 0.8693 0.1602 0.4371 0.5284 2.103 0.0205 0.0205 0.5257 0 0
5 177 301 0 0 0 0 0 1.0003 0 0.946 -0.0967 0.3629 0.5666 2.9109 0.8937 -0.0061 0.3384 0.4165 2.1601 -0.2182 0.2182 0.5159 0 0
5 178 362 0 0 0 0 0 1.0004 0 0.9714 -0.1459 0.2225 0.2739 2.346 0.9208 -0.0774 0.3236 0.4112 2.42 0.1952 0.1952 0.507 0 0
5 179 345 0 0 0 0 0 1.0003 0 0.9441 0.0501 0.3044 0.4565 2.534 0.8986 0.0359 0.3472 0.4245 2.1021 0.0476 0.0476 0.5053 0 0
5 180 229 0 0 0 0 0 1.0021 0 0.9382 -0.2659 0.4091 0.5243 2.8578 0.9113 -0.1392 0.3455 0.4311 2.196 -0.1478 0.1478 0.5568 0 0
5 181 334 0 0 0 0 0 1.0002 0 0.9048 -0.1287 0.3668 0.4372 2.2155 0.9302 -0.1396 0.3293 0.4088 2.288 -0.0515 0.0515 0.492 0 0
5 182 317 0 0 0 0 0 1.0002 0 0.9291 -0.1842 0.3105 0.3945 2.2862 0.8609 -0.1005 0.3672 0.4557 2.3185 0.0545 0.0545 0.5272 0 0
5 183 382 0 0 0 0 0 1.0005 0 0.9296 -0.0164 0.4077 0.5457 2.6609 0.9162 -0.0327 0.357 0.4381 2.2676 0.1903 0.1903 0.5347 0 0
5 184 260 0 0 0 0 0 1.0002 0 0.9666 0.276 0.3559 0.4147 2.7287 0.9099 0.2043 0.3814 0.4772 2.169 -0.0467 0.0467 0.5039 0 0
5 185 327 0 0 0 0 0 1.0001 0 0.9428 -0.1712 0.3146 0.3964 2.3399 0.9075 -0.166 0.3401 0.436 2.0938 -0.0774 0.0774 0.527 0 0
5 186 292 0 0 0 0 0 1.0011 0 0.9386 0.0497 0.2773 0.346 1.9212 0.9073 0.0268 0.3329 0.4249 2.1278 0.0414 0.0414 0.4951 0 0
5 187 271 0 0 0 0 0 1.0004 0 0.8769 0.0648 0.3233 0.4244 1.8445 0.9153 0.0979 0.3482 0.4718 2.4271 0.161 0.161 0.4445 0 0
5 188 377 0 0 0 0 0 1.0016 0 0.9535 -0.1016 0.3144 0.4162 2.7136 0.8735 -0.1879 0.4264 0.5187 2.2541 0.3118 0.3118 0.4938 0 0
5 189 279 0 0 0 0 0 1.001 0 0.9455 -0.1025 0.2947 0.3537 2.1161 0.9014 -0.1408 0.3175 0.3992 2.3263 -0.0682 0.0682 0.4839 0 0
5 190 331 0 0 0 0 0 1.0003 0 0.9438 -0.0777 0.2677 0.3502 1.9449 0.9369 -0.005 0.3324 0.4344 2.3842 0.0129 0.0129 0.4915 0 0
5 191 312 0 0 0 0 0 1.0006 0 0.9546 0.1005 0.2253 0.2693 1.7558 0.927 0.1004 0.3211 0.4024 2.4534 0.1962 0.1962 0.4545 0 0
5 192 335 0 0 0 0 0 1.0003 0 0.9395 -0.1775 0.3126 0.3831 2.3543 0.8919 -0.1327 0.3366 0.4064 2.0894 -0.0803 0.0803 0.5515 0 0
5 193 240 0 0 0 0 0 1.0007 0 0.9227 -0.1976 0.3273 0.6098 2.9358 0.9111 -0.0616 0.3639 0.4426 2.158 -0.0478 0.0478 0.515 0 0
5 194 374 0 0 0 0 0 1.0005 0 0.939 0.0017 0.2814 0.3356 2.5363 0.8799 0.0444 0.3645 0.4769 2.4357 -0.1208 0.1208 0.5054 0 0
5 195 235 0 0 0 0 0 1.0004 0 0.8888 -0.254 0.4682 0.7833 3.1623 0.8886 -0.088 0.3957 0.4823 2.1379 0.0521 0.0521 0.5802 0 0
5 196 310 0 0 0 0 0 1.0011 0 0.9395 -0.0197 0.2484 0.3146 1.9371 0.9152 -0.0265 0.3429 0.4064 2.1714 -0.0068 0.0068 0.4999 0 0
5 197 353 0 0 0 0 0 1.0005 0 0.933 -0.1161 0.3345 0.4049 1.8572 0.911 -0.1569 0.3481 0.442 2.2446 -0.1256 0.1256 0.5274 0 0
5 198 315 0 0 0 0 0 1.0004 0 0.9537 -0.1896 0.2989 0.4683 2.5324 0.9004 -0.1707 0.4105 0.5153 2.2591 0.0393 0.0393 0.5048 0 0
5 199 308 0 0 0 0 0 1.0004 0 0.8829 -0.0393 0.3611 0.4832 2.0727 0.9137 0.003 0.3124 0.4077 2.2865 -0.03 0.03 0.4841 0 0
5 200 330 0 0 0 0 0 1.0008 0 0.9492 0.1378 0.3084 0.4923 2.801 0.9245 0.0557 0.3005 0.3825 2.3718 0.0166 0.0166 0.5217 0 0
5 201 277 0 0 0 0 0 1.0008 0 0.9556 0.0366 0.3458 0.4782 2.7454 0.9045 0.1012 0.3106 0.3955 2.0271 0.0244 0.0244 0.5775 0 0
5 202 390 3 0 0 0 0 1.0003 0 0.8992 -0.4122 0.522 0.7189 2.9558 0.8895 -0.2386 0.3911 0.5024 2.4698 0.1932 0.1932 0.5903 1 0
5 203 341 0 0 0 0 0 1.0006 0 0.9404 0.1574 0.3417 0.4742 2.3435 0.924 0.1574 0.3129 0.3804 2.2993 0.1368 0.1368 0.5569 0 0
5 204 361 0 0 0 0 0 1.0003 0 0.9359 0.1778 0.3435 0.4216 2.2368 0.9098 0.113 0.3839 0.48 2.4077 0.2897 0.2897 0.4408 0 0
5 205 369 0 0 0 0 0 1.0003 0 0.8901 0.2335 0.37 0.591 2.643 0.8777 0.1189 0.3793 0.4515 2.3961 0.1758 0.1758 0.5502 0 0
5 206 235 0 0 0 0 0 1.0006 0 0.9664 0.1018 0.2479 0.319 2.1728 0.902 0.0439 0.3326 0.4196 2.1922 -0.1103 0.1103 0.5015 0 0
5 207 303 0 0 0 0 0 1.001 0 0.902 0.3532 0.43 0.5522 2.4977 0.9185 0.2626 0.3777 0.4776 2.4922 0.0865 0.0865 0.5186 0 0
5 208 342 0 0 0 0 0 1.0002 0 0.9239 -0.0495 0.2821 0.3626 1.9622 0.8534 -0.079 0.3556 0.4367 2.1908 0.2097 0.2097 0.5446 0 0
5 209 278 0 0 0 0 0 1.0002 0 0.9394 0.1318 0.2841 0.3745 2.1676 0.9223 0.1029 0.3376 0.399 2.3877 -0.0886 0.0886 0.4923 0 0
5 210 250 0 0 0 0 0 1.0004 0 0.9156 0.0531 0.4501 0.6626 2.9244 0.9004 -0.0018 0.3282 0.4241 1.9657 -0.078 0.078 0.5345 0 0
5 211 226 0 0 0 0 0 1.0003 0 0.9572 0.0849 0.2608 0.3231 2.1161 0.9116 0.0923 0.321 0.4198 2.1333 0.1042 0.1042 0.4967 0 0
5 212 309 0 0 0 0 0 1.0004 0 0.9195 0.1599 0.2738 0.3926 1.9563 0.9405 0.0757 0.3373 0.4068 2.4416 -0.145 0.145 0.4801 0 0
5 213 277 0 0 0 0 0 1.0012 0 0.9127 0.0468 0.3543 0.474 2.6845 0.912 0.067 0.3611 0.4675 2.1612 0.0323 0.0323 0.4906 0 0
5 214 284 0 0 0 0 0 1.0006 0 0.9321 -0.188 0.3305 0.4159 2.5674 0.9202 -0.0795 0.3533 0.4451 2.2355 -0.0188 0.0188 0.4846 0 0
5 215 296 0 0 0 0 0 1.0002 0 0.9497 0.1877 0.334 0.4181 2.3832 0.9072 0.1541 0.339 0.4223 2.3832 -0.0606 0.0606 0.5528 0 0
5 216 260 0 0 0 0 0 1.0004 0 0.9179 0.0578 0.286 0.353 1.9433 0.926 0.0403 0.3176 0.3923 2.4146 0.146 0.146 0.4751 0 0
5 217 297 0 0 0 0 0 1.0003 0 0.9368 -0.068 0.2979 0.3499 2.1953 0.9311 -0.1259 0.3526 0.445 2.3449 -0.008 0.008 0.5128 0 0
5 218 349 0 0 0 0 0 1.0011 0 0.9296 0.0911 0.2704 0.3394 1.842 0.9323 0.1717 0.3633 0.4511 2.3463 -0.0253 0.0253 0.4359 0 0
5 219 290 0 0 0 0 0 1.0005 0 0.9621 0.0116 0.2274 0.2903 2.0074 0.8991 -0.0533 0.352 0.4438 1.9734 -0.0797 0.0797 0.5312 0 0
5 220 302 0 0 0 0 0 1.0001 0 0.9652 0.1283 0.2353 0.3331 2.3527 0.9276 0.0363 0.331 0.4092 2.1107 -0.1605 0.1605 0.4493 0 0
5 221 293 0 0 0 0 0 1.0003 0 0.9393 -0.2232 0.311 0.3815 1.8541 0.9413 -0.2033 0.3357 0.4063 2.3893 -0.0344 0.0344 0.4763 0 0
5 222 285 0 0 0 0 0 1.0006 0 0.9427 0.2595 0.3631 0.4413 2.3714 0.9004 0.2174 0.3763 0.4693 2.3649 0.0235 0.0235 0.5395 0 0
5 223 312 0 0 0 0 0 1.0009 0 0.9658 0.1101 0.2708 0.3494 2.3826 0.8938 0.0256 0.324 0.4005 2.237 -0.064 0.064 0.5176 0 0
5 224 284 0 0 0 0 0 1.0002 0 0.9514 -0.253 0.278 0.3826 1.7834 0.9324 -0.1701 0.3265 0.4102 2.3867 -0.1655 0.1655 0.441 0 0
5 225 361 0 0 0 0 0 1.0002 0 0.9546 -0.0571 0.3047 0.3837 2.3938 0.8911 -0.0377 0.3526 0.4431 2.2853 0.2102 0.2102 0.4979 0 0
5 226 347 0 0 0 0 0 1.0006 0 0.9444 0.249 0.3545 0.4621 2.4344 0.9299 0.1677 0.3226 0.4257 2.6472 0.1908 0.1908 0.5086 0 0
5 227 328 0 0 0 0 0 1.0003 0 0.9537 -0.1044 0.2109 0.3117 2.1561 0.9147 -0.0888 0.3191 0.392 2.2911 0.138 0.138 0.5048 0 0
5 228 295 0 0 0 0 0 1.0015 0 0.9241 -0.0455 0.5136 0.7302 3.1348 0.879 -0.1971 0.3951 0.5011 1.9435 0.0125 0.0125 0.5296 0 0
5 229 356 0 0 0 0 0 1.0001 0 0.9528 -0.0709 0.3608 0.46 2.8002 0.9091 -0.2303 0.3832 0.4887 2.1702 0.0105 0.0105 0.4857 0 0
5 230 226 0 0 0 0 0 1.0011 0 0.9159 0.0505 0.2614 0.3279 1.8546 0.9124 0.0461 0.3632 0.446 2.3574 -0.0084 0.0084 0.4657 0 0
5 231 254 0 0 0 0 0 1.001 0 0.9552 0.0837 0.2733 0.3726 2.724 0.8871 0.0101 0.327 0.404 2.366 -0.1291 0.1291 0.5279 0 0
5 232 290 0 0 0 0 0 1.0012 0 0.9586 -0.0252 0.2273 0.2737 1.9108 0.9173 -0.0378 0.3038 0.388 2.3723 -0.1151 0.1151 0.4825 0 0
5 233 272 0 0 0 0 0 1.0012 0 0.9703 0.0378 0.2208 0.2721 1.8345 0.9214 0.0133 0.3049 0.3892 2.3381 -0.0262 0.0262 0.4912 0 0
5 234 296 0 0 0 0 0 1.0008 0 0.9332 0.175 0.3429 0.4276 2.3097 0.9157 0.1181 0.3255 0.4088 2.3523 0.0412 0.0412 0.4845 0 0
5 235 374 0 0 0 0 0 1.0001 0 0.9257 -0.1416 0.4765 0.6718 3.0237 0.8945 -0.2031 0.424 0.5375 2.1897 0.0753 0.0753 0.4953 0 0
5 236 291 0 0 0 0 0 1.0003 0 0.9355 -0.0749 0.2743 0.3526 1.8041 0.9301 -0.0616 0.3316 0.41 2.2958 -0.009 0.009 0.4729 0 0
5 237 261 0 0 0 0 0 1.0015 0 0.9159 0.2799 0.4017 0.4945 2.01 0.9171 0.1781 0.3876 0.4679 2.439 0.0344 0.0344 0.4996 0 0
5 238 300 0 0 0 0 0 1.0004 0 0.9053 -0.0148 0.3474 0.4611 2.0525 0.9065 0.012 0.3435 0.4349 2.3364 0.0104 0.0104 0.5149 0 0
5 239 366 0 0 0 0 0 1.0008 0 0.8239 -0.0168 0.3955 0.4979 2.4793 0.9047 -0.0354 0.3135 0.4094 2.5141 0.0799 0.0799 0.5128 0 0
5 240 316 0 0 0 0 0 1.0005 0 0.9297 -0.2382 0.3625 0.4799 2.2913 0.9004 -0.1182 0.367 0.4419 2.3603 0.0555 0.0555 0.5055 0 0
5 241 266 0 0 0 0 0 1.0015 0 0.9044 0.127 0.3499 0.4988 2.5583 0.9179 0.0256 0.3133 0.4044 2.491 0.1325 0.1325 0.5424 0 0
5 242 310 0 0 0 0 0 1.0005 0 0.9463 0.1429 0.3296 0.4202 2.295 0.9215 0.1591 0.341 0.4201 2.2978 0.186 0.186 0.4981 0 0
5 243 286 0 0 0 0 0 1.001 0 0.9254 0.1651 0.3285 0.4326 2.3277 0.9082 0.0608 0.3451 0.4312 2.3431 -0.1551 0.1551 0.5112 0 0
5 244 311 0 0 0 0 0 1.0005 0 0.9244 0.1091 0.2911 0.4056 2.0788 0.9238 0.0767 0.38 0.4954 2.3269 -0.0737 0.0737 0.4648 0 0
5 245 329 0 0 0 0 0 1.0002 0 0.9001 0.0056 0.3704 0.4281 2.1739 0.9139 -0.0181 0.2893 0.3462 2.1306 0.1736 0.1736 0.5082 0 0
5 246 252 0 0 0 0 0 1.0004 0 0.9664 -0.0863 0.3188 0.4672 2.7244 0.9058 -0.0807 0.3937 0.4712 2.1045 -0.084 0.084 0.4863 0 0
5 247 372 0 0 0 0 0 1.0007 0 0.9555 -0.09 0.2061 0.2739 1.7764 0.9096 -0.1089 0.3423 0.4251 2.3485 -0.321 0.321 0.468 0 0
5 248 345 0 0 0 0 0 1.0003 0 0.9309 -0.2076 0.3683 0.517 2.6854 0.9158 -0.0867 0.3287 0.4217 2.3023 -0.0138 0.0138 0.5249 0 0
5 249 347 0 0 0 0 0 1.001 0 0.8944 0.0608 0.3509 0.4398 2.1864 0.8974 -0.0252 0.3619 0.4351 2.4226 0.0303 0.0303 0.516 0 0
5 250 347 68 0 0 0 0 1.0002 0 0.7501 0.4102 0.5793 0.7248 2.8606 0.8588 0.2592 0.429 0.5363 2.6708 0.0807 0.0807 0.788 1 0
5 251 342 0 0 0 0 0 1.0002 0 0.9707 0.2204 0.2909 0.3626 2.4817 0.8881 0.2089 0.3676 0.428 2.0341 0.1989 0.1989 0.5517 0 0
5 252 263 0 0 0 0 0 1.0026 0 0.9205 0.2499 0.4204 0.6724 3.0795 0.8899 0.093 0.3785 0.476 2.1921 0.0288 0.0288 0.533 0 0
5 253 223 0 0 0 0 0 1.0011 0 0.9388 0.2289 0.3156 0.3934 1.9467 0.9207 0.1446 0.3313 0.4256 2.3418 -0.0127 0.0127 0.4803 0 0
5 254 316 0 0 0 0 0 1.0007 0 0.9053 -0.1039 0.5052 0.6961 2.925 0.916 0.0087 0.2931 0.3567 1.8284 -0.1544 0.1544 0.6096 0 0
5 255 223 0 0 0 0 0 1.0003 0 0.9563 -0.1457 0.2941 0.3672 2.4629 0.8896 -0.0742 0.4181 0.515 2.4 -0.0213 0.0213 0.4843 0 0
5 256 288 0 0 0 0 0 1.0004 0 0.9558 0.2285 0.3944 0.5339 2.3547 0.8907 0.1699 0.4137 0.5278 2.1235 -0.1278 0.1278 0.5081 0 0
5 257 322 0 0 0 0 0 1.0004 0 0.9197 0.347 0.5868 0.7288 2.6012 0.8743 0.1763 0.3816 0.4989 2.2546 -0.0463 0.0463 0.5781 0 0
5 258 309 0 0 0 0 0 1.0005 0 0.9504 0.1299 0.3242 0.462 2.9588 0.8718 0.023 0.3854 0.4827 2.2533 0.0616 0.0616 0.5178 0 0
5 259 338 0 0 0 0 0 1.0003 0 0.959 -0.1531 0.396 0.5057 2.7865 0.9107 -0.141 0.3683 0.4565 2.2978 -0.1867 0.1867 0.5015 0 0
5 260 327 0 0 0 0 0 1.0007 0 0.8912 -0.2777 0.4056 0.5743 2.4152 0.8948 -0.174 0.3658 0.4739 2.4853 -0.1492 0.1492 0.5194 0 0
5 261 395 0 0 0 0 0 1.0003 0 0.9539 -0.1019 0.2565 0.3297 2.13 0.9045 0.0127 0.3619 0.4585 2.4393 0.0692 0.0692 0.4772 0 0
5 262 312 0 0 0 0 0 1.0005 0 0.9565 0.0731 0.2154 0.2982 2.2075 0.8902 0.0533 0.35 0.4464 2.2682 0.0469 0.0469 0.5049 0 0
5 263 287 0 0 0 0 0 1.0006 0 0.9185 0.1571 0.3491 0.4271 2.0994 0.9176 0.2145 0.3721 0.4678 2.253 0.1147 0.1147 0.4774 0 0
5 264 273 0 0 0 0 0 1.0005 0 0.9706 -0.1786 0.2581 0.3138 2.3287 0.9034 -0.1554 0.3604 0.4372 2.3996 -0.0343 0.0343 0.4996 0 0
5 265 278 0 0 0 0 0 1.0003 0 0.9489 -0.0085 0.335 0.4017 2.4231 0.9135 -0.0451 0.3445 0.4173 2.3508 -0.143 0.143 0.5025 0 0
5 266 308 0 0 0 0 0 1.0005 0 0.899 -0.1639 0.3321 0.4086 2.1639 0.8891 -0.1076 0.3565 0.4522 2.3946 -0.0708 0.0708 0.5265 0 0
5 267 320 0 0 0 0 0 1.0011 0 0.8466 0.0659 0.3727 0.4395 1.8551 0.9021 0.0412 0.3207 0.4222 2.3874 -0.0197 0.0197 0.5345 0 0
5 268 388 1 0 0 0 0 1.0002 0 0.9218 0.0644 0.3498 0.5293 2.8711 0.8505 -0.0446 0.3195 0.396 2.1428 0.1559 0.1559 0.654 1 0
5 269 333 0 0 0 0 0 1.0003 0 0.9628 -0.1906 0.3756 0.4863 3.0004 0.8954 -0.0938 0.3574 0.4545 2.3843 0.1887 0.1887 0.5597 0 0
5 270 377 0 0 0 0 0 1.0005 0 0.8889 -0.2311 0.4138 0.4958 2.1252 0.9001 -0.2255 0.4177 0.5206 2.4575 -0.3311 0.3311 0.4391 0 0
5 271 294 0 0 0 0 0 1.0004 0 0.9123 -0.0672 0.3603 0.4161 1.968 0.8943 -0.0105 0.3774 0.4772 2.2981 0.0371 0.0371 0.4867 0 0
5 272 261 0 0 0 0 0 1.0013 0 0.9614 -0.0049 0.282 0.3462 2.3136 0.8998 -0.006 0.3286 0.4188 2.0885 0.0794 0.0794 0.5096 0 0
5 273 348 0 0 0 0 0 1.0002 0 0.8936 -0.0582 0.4344 0.6081 2.4736 0.9281 -0.0087 0.3684 0.4586 2.3888 -0.1811 0.1811 0.5082 0 0
5 274 368 0 0 0 0 0 1.0002 0 0.9502 -0.1129 0.3325 0.479 2.55 0.8863 0.0051 0.4199 0.5099 2.2579 0.0886 0.0886 0.4989 0 0
5 275 342 0 0 0 0 0 1.0002 0 0.9287 -0.3256 0.4366 0.5804 3.0451 0.874 -0.2566 0.4367 0.5216 2.3983 0.0091 0.0091 0.5729 0 0
5 276 320 0 0 0 0 0 1.0002 0 0.9074 0.1392 0.3125 0.3713 1.8626 0.9281 0.0668 0.3299 0.4063 2.3147 0.022 0.022 0.4688 0 0
5 277 339 2 0 0 0 0 1.0003 0 0.9184 0.0342 0.4633 0.5935 2.939 0.8774 0.1575 0.3751 0.4659 2.1748 0.2117 0.2117 0.5777 1 0
5 278 291 0 0 0 0 0 1.0003 0 0.9511 0.1852 0.3093 0.3848 2.1877 0.9217 0.164 0.3052 0.39 2.1206 0.0245 0.0245 0.5212 0 0
5 279 277 0 0 0 0 0 1.0008 0 0.9128 -0.1041 0.2713 0.3539 1.7748 0.9233 -0.1329 0.3385 0.4432 2.4502 -0.0755 0.0755 0.4703 0 0
5 280 322 0 0 0 0 0 1.0002 0 0.9349 0.1468 0.2945 0.4487 2.5543 0.9224 0.1309 0.3489 0.4282 2.3859 0.1194 0.1194 0.4983 0 0
5 281 255 0 0 0 0 0 1.0004 0 0.929 -0.1502 0.2881 0.4714 2.4542 0.9334 -0.0952 0.2895 0.3604 2.2982 0.0912 0.0912 0.5077 0 0
5 282 266 0 0 0 0 0 1.0004 0 0.9268 0.1808 0.3593 0.4011 1.8591 0.916 0.167 0.3466 0.4385 2.2826 -0.0379 0.0379 0.5045 0 0
5 283 363 0 0 0 0 0 1.0002 0 0.9646 -0.0979 0.3668 0.4627 2.3508 0.9276 0.0484 0.3164 0.4023 2.0878 0.1764 0.1764 0.5275 0 0
5 284 242 0 0 0 0 0 1.0007 0 0.9477 0.0326 0.2928 0.3617 1.9794 0.9113 0.0509 0.344 0.426 2.4718 -0.0526 0.0526 0.5121 0 0
5 285 264 0 0 0 0 0 1.0008 0 0.9318 -0.1176 0.32 0.408 2.3577 0.9151 -0.1557 0.3386 0.4152 2.3135 0.1145 0.1145 0.5159 0 0
5 286 282 0 0 0 0 0 1.0005 0 0.9597 0.2148 0.3563 0.4591 2.751 0.9263 0.1525 0.3396 0.4137 2.494 -0.1318 0.1318 0.516 0 0
5 287 283 0 0 0 0 0 1.0003 0 0.9583 -0.0328 0.3888 0.5271 2.4561 0.9209 0.0151 0.3419 0.4323 2.3833 -0.0211 0.0211 0.4866 0 0
5 288 326 0 0 0 0 0 1.0002 0 0.9042 0.1993 0.3486 0.4572 2.3626 0.9014 0.1044 0.3432 0.4354 2.4077 -0.0016 0.0016 0.5155 0 0
5 289 294 0 0 0 0 0 1.0003 0 0.9154 -0.3893 0.4925 0.7921 2.7544 0.8896 -0.2024 0.3868 0.5029 2.2152 0.1283 0.1283 0.5233 0 0
5 290 370 0 0 0 0 0 1.0001 0 0.9745 0.0921 0.242 0.3055 2.4182 0.8787 0.1088 0.382 0.467 2.2543 -0.3198 0.3198 0.4886 0 0
5 291 271 0 0 0 0 0 1.0018 0 0.9261 -0.076 0.2857 0.3688 1.9537 0.9129 -0.1229 0.3342 0.4058 2.1759 0.0776 0.0776 0.497 0 0
5 292 276 0 0 0 0 0 1.0006 0 0.9405 -0.0357 0.2872 0.412 2.5237 0.8998 -0.0404 0.3569 0.449 2.1649 0.0373 0.0373 0.5048 0 0
5 293 320 0 0 0 0 0 1.0002 0 0.9489 -0.076 0.2188 0.2971 1.9378 0.9235 -0.1209 0.3349 0.4324 2.2883 0.2242 0.2242 0.4534 0 0
5 294 253 0 0 0 0 0 1.0003 0 0.926 0.1167 0.3154 0.3982 2.0793 0.9151 0.051 0.3242 0.4077 2.3582 -0.0941 0.0941 0.4936 0 0
5 295 272 0 0 0 0 0 1.0006 0 0.921 0.0336 0.4562 0.6485 2.724 0.8919 0.0558 0.3602 0.4358 1.984 -0.1104 0.1104 0.5485 0 0
5 296 390 0 0 0 0 0 1.0004 0 0.9382 0.1693 0.4369 0.6972 2.8614 0.9115 0.0934 0.3191 0.4326 2.0989 0.1567 0.1567 0.5325 0 0
5 297 263 0 0 0 0 0 1.0003 0 0.9576 0.0131 0.3007 0.5199 2.7324 0.8939 -0.0413 0.3965 0.4752 2.0308 -0.0903 0.0903 0.5099 0 0
5 298 327 0 0 0 0 0 1.0003 0 0.8933 0.1079 0.3386 0.5715 3.0828 0.8853 -0.0357 0.3791 0.4688 2.1872 -0.2159 0.2159 0.5632 0 0
5 299 281 0 0 0 0 0 1.0007 0 0.9499 0.1056 0.2378 0.3456 2.9078 0.8678 0.1533 0.3634 0.4579 2.4842 -0.1713 0.1713 0.5179 0 0
5 300 337 0 0 0 0 0 1.0003 0 0.9736 -0.0016 0.2041 0.2378 1.9263 0.8851 0.0061 0.3515 0.4685 2.1907 -0.0462 0.0462 0.5175 0 0
5 301 306 0 0 0 0 0 1.0002 0 0.9449 -0.0022 0.2699 0.3815 2.5697 0.8883 0.0377 0.3384 0.426 1.9937 0.0872 0.0872 0.5285 0 0
5 302 266 0 0 0 0 0 1.0003 0 0.9444 0.0465 0.2653 0.3228 1.7193 0.9198 0.0245 0.3008 0.3869 2.2891 -0.1176 0.1176 0.4638 0 0
5 303 330 0 0 0 0 0 1.0003 0 0.9611 -0.0994 0.2543 0.2939 1.9071 0.9458 -0.1652 0.3442 0.4406 2.3163 -0.0296 0.0296 0.4587 0 0
5 304 275 0 0 0 0 0 1.0013 0 0.9626 0.1888 0.275 0.4061 2.9038 0.9093 0.0984 0.3697 0.4616 2.229 0.0788 0.0788 0.5195 0 0
5 305 222 0 0 0 0 0 1.0007 0 0.9164 0.0414 0.434 0.6914 3.0243 0.9319 0.1528 0.3474 0.4203 2.2026 -0.0609 0.0609 0.5018 0 0
5 306 244 0 0 0 0 0 1.0007 0 0.9517 0.0474 0.2483 0.3008 2.1596 0.9318 0.1187 0.3099 0.3831 2.4474 -0.0513 0.0513 0.4965 0 0
5 307 298 0 0 0 0 0 1.0004 0 0.9283 -0.1867 0.292 0.4508 2.4342 0.8801 -0.1625 0.3637 0.4818 2.3702 0.0168 0.0168 0.4973 0 0
5 308 327 0 0 0 0 0 1.0004 0 0.9375 0.0291 0.3086 0.3751 2.1037 0.914 0.0673 0.3213 0.4064 2.3453 0.1317 0.1317 0.5136 0 0
5 309 238 0 0 0 0 0 1.0003 0 0.9655 0.0494 0.2785 0.3483 2.2483 0.8965 -0.0344 0.3428 0.4304 2.1516 -0.0249 0.0249 0.5021 0 0
5 310 283 0 0 0 0 0 1.0005 0 0.9291 -7e-04 0.3544 0.437 1.8215 0.9371 0.0275 0.3323 0.4232 2.318 0.0728 0.0728 0.4604 0 0
5 311 278 0 0 0 0 0 1.0003 0 0.9291 -0.2072 0.3942 0.5776 2.8673 0.8698 -0.035 0.3832 0.4738 2.083 -0.0272 0.0272 0.5373 0 0
5 312 315 0 0 0 0 0 1.0004 0 0.9404 -0.403 0.4458 0.549 2.3942 0.9367 -0.3332 0.407 0.5031 2.1773 -0.1221 0.1221 0.475 0 0
5 313 1217 0 0 0 0 0 1.0003 0 0.9349 -0.1865 0.2871 0.3907 2.5048 0.8976 -0.0994 0.3685 0.4643 2.5289 -0.1635 0.1635 0.5163 0 0
5 314 300 0 0 0 0 0 1.0011 0 0.9134 -0.3397 0.3985 0.6677 3.0055 0.8925 -0.1899 0.3765 0.4654 2.3411 0.1977 0.1977 0.5521 0 0
5 315 355 0 0 0 0 0 1.0002 0 0.9665 -0.0766 0.2658 0.372 2.1296 0.9161 0.059 0.3646 0.4408 2.211 -0.1607 0.1607 0.5185 0 0
5 316 297 0 0 0 0 0 1.0009 0 0.929 0.0484 0.3161 0.4123 2.269 0.8834 0.0633 0.3358 0.4265 2.2777 -0.0795 0.0795 0.5444 0 0
5 317 376 0 0 0 0 0 1.0002 0 0.9478 0.1516 0.2777 0.3701 2.3964 0.8958 0.1095 0.3458 0.4383 2.4462 0.045 0.045 0.5076 0 0
5 318 328 0 0 0 0 0 1.0005 0 0.95 0.1993 0.3776 0.4544 2.3693 0.9208 0.1112 0.3071 0.3893 2.3293 0.2765 0.2765 0.5031 0 0
5 319 375 0 0 0 0 0 1.0002 0 0.9365 0.0809 0.3199 0.4008 2.3112 0.9119 -0.0011 0.3355 0.4044 2.3556 -0.0126 0.0126 0.5147 0 0
5 320 324 0 0 0 0 0 1.0009 0 0.9446 0.2034 0.3937 0.5634 2.3494 0.936 0.1645 0.3399 0.4501 2.1014 -0.0753 0.0753 0.523 0 0
5 321 322 0 0 0 0 0 1.0007 0 0.9476 -0.0626 0.238 0.3271 2.1079 0.934 0.0482 0.3144 0.3843 2.3583 -0.0093 0.0093 0.4686 0 0
5 322 331 0 0 0 0 0 1.0007 0 0.9508 -0.0384 0.3276 0.4158 2.4007 0.8913 0.0014 0.3658 0.4392 2.2469 0.0046 0.0046 0.5042 0 0
5 323 324 0 0 0 0 0 1.0003 0 0.9445 0.0054 0.3182 0.4201 2.8209 0.8676 -0.0045 0.3915 0.494 2.1144 -0.0695 0.0695 0.4909 0 0
5 324 271 0 0 0 0 0 1.0003 0 0.9626 -0.1883 0.2815 0.3296 2.4917 0.9142 -0.0961 0.313 0.3949 2.2378 0.0411 0.0411 0.5043 0 0
5 325 346 0 0 0 0 0 1.0003 0 0.9561 0.027 0.2217 0.283 2.227 0.9241 0.0173 0.2839 0.3581 2.4243 0.1221 0.1221 0.5318 0 0
5 326 224 0 0 0 0 0 1.0009 0 0.8995 0.0177 0.3431 0.5125 2.7244 0.8932 0.1097 0.3596 0.4466 2.2788 -0.1158 0.1158 0.5055 0 0
5 327 283 0 0 0 0 0 1.0004 0 0.9382 -0.324 0.4363 0.5824 2.6789 0.9206 -0.2251 0.4266 0.5338 2.3183 -0.1104 0.1104 0.5118 0 0
5 328 341 0 0 0 0 0 1.0001 0 0.9433 0.2183 0.4506 0.6161 2.4096 0.919 0.0883 0.3566 0.4412 2.2638 -0.1749 0.1749 0.4968 0 0
5 329 340 0 0 0 0 0 1.0002 0 0.9455 -0.0339 0.3018 0.4006 2.5083 0.9148 0.0433 0.3657 0.4624 2.3734 0.2033 0.2033 0.4564 0 0
5 330 397 0 0 0 0 0 1.0003 0 0.9195 -0.2763 0.4662 0.5887 2.4948 0.9314 -0.1333 0.3266 0.4091 2.335 0.28 0.28 0.4882 0 0
5 331 378 0 0 0 0 0 1.0004 0 0.9384 -0.13 0.3286 0.3951 2.207 0.9081 -0.0614 0.3773 0.4756 2.3461 -0.0729 0.0729 0.4755 0 0
5 332 397 0 0 0 0 0 1.0002 0 0.9165 0.0589 0.3819 0.5187 2.5623 0.9095 -0.0712 0.3219 0.4294 2.0804 0.1962 0.1962 0.5061 0 0
5 333 298 0 0 0 0 0 1.0003 0 0.9261 -0.0404 0.3048 0.3865 1.9353 0.8969 -0.0236 0.3829 0.4643 2.2929 -0.042 0.042 0.5255 0 0
5 334 356 0 0 0 0 0 1.0008 0 0.9065 0.3251 0.4187 0.5189 2.7058 0.8593 0.2853 0.4249 0.5339 2.4633 0.0653 0.0653 0.552 0 0
5 335 325 0 0 0 0 0 1.0004 0 0.9241 0.0317 0.3751 0.5419 2.9954 0.8932 -0.0046 0.3427 0.4034 2.1216 -0.083 0.083 0.5363 0 0
5 336 273 0 0 0 0 0 1.0002 0 0.97 -0.1658 0.2505 0.2891 2.1451 0.9124 -0.1758 0.3304 0.4265 2.0815 -0.0632 0.0632 0.517 0 0
5 337 288 0 0 0 0 0 1.0003 0 0.9513 -0.0893 0.2262 0.2877 2.0885 0.8403 -0.0145 0.3972 0.5134 2.2283 0.0167 0.0167 0.5405 0 0
5 338 311 0 0 0 0 0 1.0006 0 0.9268 -0.1588 0.3128 0.413 2.2012 0.9173 -0.1164 0.367 0.4521 2.4371 0.123 0.123 0.4704 0 0
5 339 260 0 0 0 0 0 1.0005 0 0.9243 0.0191 0.4016 0.519 2.542 0.9005 0.049 0.3794 0.4715 2.3 0.0156 0.0156 0.5117 0 0
5 340 333 0 0 0 0 0 1.0005 0 0.8774 0.2442 0.3682 0.5532 3.0177 0.8811 0.1227 0.4049 0.5214 2.4469 0.0046 0.0046 0.5208 0 0
5 341 374 0 0 0 0 0 1.0005 0 0.9525 0.0361 0.2778 0.3549 2.5735 0.9048 0.0102 0.3246 0.4066 2.3934 0.0659 0.0659 0.5132 0 0
5 342 320 0 0 0 0 0 1.0005 0 0.9403 0.3201 0.3568 0.5248 2.3445 0.874 0.0806 0.4397 0.5526 2.4084 -0.1104 0.1104 0.5091 0 0
5 343 291 0 0 0 0 0 1.0004 0 0.8907 0.3057 0.4433 0.7859 3.1542 0.8936 0.1393 0.3278 0.4086 2.2371 0.0934 0.0934 0.5029 0 0
5 344 306 0 0 0 0 0 1.0001 0 0.921 0.1745 0.4998 0.6891 2.7924 0.8801 0.1414 0.3873 0.4728 2.1749 0.0813 0.0813 0.5743 0 0
5 345 308 0 0 0 0 0 1.0007 0 0.9241 0.0143 0.2591 0.3396 2.0131 0.9122 0.0924 0.3009 0.389 2.2121 -0.1921 0.1921 0.4786 0 0
5 346 279 0 0 0 0 0 1.0011 0 0.9601 -0.0616 0.237 0.3019 2.276 0.9021 -0.0439 0.3388 0.4323 2.3257 0.0774 0.0774 0.5121 0 0
5 347 290 0 0 0 0 0 1.0004 0 0.9315 -0.2777 0.5196 0.7641 3.0306 0.9048 -0.0357 0.4092 0.5175 2.0497 0.0304 0.0304 0.5422 0 0
5 348 306 0 0 0 0 0 1.0003 0 0.9657 0.0702 0.2319 0.3195 2.3476 0.8977 0.0852 0.3446 0.449 2.5453 0.0302 0.0302 0.5407 0 0
5 349 321 0 0 0 0 0 1.0014 0 0.9599 0.1059 0.2453 0.2961 1.9662 0.9016 0.1355 0.3718 0.4869 2.1769 -0.3015 0.3015 0.4756 0 0
5 350 351 0 0 0 0 0 1.0004 0 0.9689 0.0189 0.2892 0.4101 2.5292 0.9148 1e-04 0.3036 0.396 2.2092 0.0883 0.0883 0.5213 0 0
5 351 238 0 0 0 0 0 1.0003 0 0.8727 -0.1194 0.3372 0.4164 2.0788 0.9263 -0.106 0.3047 0.3759 2.4128 -0.1014 0.1014 0.4903 0 0
5 352 295 0 0 0 0 0 1.0003 0 0.9291 0.1573 0.2697 0.337 1.7612 0.9207 0.1086 0.3146 0.4281 2.6784 -0.2434 0.2434 0.4862 0 0
5 353 269 0 0 0 0 0 1.0004 0 0.9689 0.2392 0.3849 0.4814 2.6827 0.9025 0.0791 0.4059 0.5042 2.295 0.0956 0.0956 0.4958 0 0
5 354 385 0 0 0 0 0 1.0002 0 0.9431 -0.1757 0.2866 0.3959 2.1538 0.895 -0.1142 0.3658 0.4461 2.3485 0.1038 0.1038 0.5082 0 0
5 355 286 0 0 0 0 0 1.0002 0 0.9491 0.1952 0.4163 0.5716 2.8779 0.8898 0.1987 0.3853 0.4766 2.0268 -0.167 0.167 0.5115 0 0
5 356 291 0 0 0 0 0 1.0005 0 0.93 0.0944 0.3602 0.4376 2.8037 0.9007 0.0768 0.3344 0.4231 2.3268 -0.2039 0.2039 0.4661 0 0
5 357 315 0 0 0 0 0 1.0004 0 0.9459 -0.1291 0.28 0.336 1.8718 0.9166 -0.1197 0.3792 0.4736 2.3619 -0.0553 0.0553 0.4626 0 0
5 358 327 0 0 0 0 0 1.0006 0 0.9382 -0.251 0.398 0.5275 2.2316 0.9155 -0.1643 0.3631 0.462 2.1471 0.173 0.173 0.5002 0 0
5 359 306 0 0 0 0 0 1.0005 0 0.9507 -0.1475 0.2807 0.3781 2.1625 0.9237 -0.1741 0.3942 0.4736 2.1436 -0.0519 0.0519 0.509 0 0
5 360 262 0 0 0 0 0 1.0001 0 0.9689 -0.0283 0.372 0.4777 2.6043 0.8974 0.0102 0.3325 0.4444 2.2171 -0.1908 0.1908 0.5191 0 0
5 361 288 0 0 0 0 0 1.0009 0 0.8994 0.0137 0.326 0.4112 2.0086 0.9075 0.0102 0.2942 0.3811 2.0907 0.0041 0.0041 0.5097 0 0
5 362 338 0 0 0 0 0 1.0006 0 0.9571 0.0232 0.3839 0.4469 2.3871 0.9265 0.0254 0.3232 0.3988 2.0713 0.157 0.157 0.5013 0 0
5 363 240 0 0 0 0 0 1.0008 0 0.9659 0.0813 0.2955 0.375 2.5737 0.8973 0.0751 0.3649 0.4644 2.2112 -0.0191 0.0191 0.5003 0 0
5 364 278 0 0 0 0 0 1.0007 0 0.9338 -0.0964 0.3594 0.497 2.5878 0.8981 -0.0519 0.3808 0.4622 2.2372 -0.0072 0.0072 0.4894 0 0
5 365 284 0 0 0 0 0 1.0004 0 0.9385 -0.0936 0.4078 0.5674 2.999 0.9053 -0.1487 0.3374 0.4008 2.2219 0.0283 0.0283 0.5448 0 0
5 366 256 0 0 0 0 0 1.0006 0 0.9516 -0.1797 0.2794 0.3775 2.4488 0.8919 -0.0769 0.3479 0.4284 2.4706 0.0166 0.0166 0.5438 0 0
5 367 293 0 0 0 0 0 1.0011 0 0.9379 -0.0713 0.3368 0.4208 2.3075 0.9167 -0.0334 0.3464 0.441 2.1609 0.1358 0.1358 0.4746 0 0
5 368 363 0 0 0 0 0 1.0002 0 0.9449 -0.1266 0.2793 0.35 1.8056 0.9116 -0.075 0.3241 0.4145 2.1526 0.1072 0.1072 0.4821 0 0
5 369 262 1 0 0 0 0 1.0013 0 0.881 -0.3013 0.4135 0.6585 3.0723 0.8887 -0.0965 0.3817 0.5059 2.5359 0.1172 0.1172 0.5533 1 0
5 370 277 0 0 0 0 0 1.0009 0 0.949 0.1293 0.305 0.3834 2.3753 0.8894 0.1135 0.3439 0.4452 2.4342 0.0453 0.0453 0.528 0 0
5 371 276 0 0 0 0 0 1.0006 0 0.9579 -0.0192 0.1697 0.2383 1.6491 0.9214 -0.0019 0.3283 0.413 2.3347 -0.0701 0.0701 0.4616 0 0
5 372 306 0 0 0 0 0 1.0004 0 0.9729 0.1272 0.2436 0.3041 2.5684 0.9248 0.1364 0.3264 0.4328 2.3091 0.0796 0.0796 0.4915 0 0
5 373 307 0 0 0 0 0 1.0017 0 0.967 -0.0082 0.2105 0.2598 2.5256 0.9269 0.0686 0.2932 0.3839 2.386 -0.0188 0.0188 0.5086 0 0
5 374 285 0 0 0 0 0 1.0003 0 0.942 0.0435 0.2972 0.35 1.9061 0.9018 0.058 0.328 0.4133 2.1624 -0.2429 0.2429 0.4894 0 0
5 375 288 0 0 0 0 0 1.0003 0 0.9513 -0.1264 0.3213 0.4266 2.7572 0.8953 -0.081 0.3468 0.434 2.0611 0.048 0.048 0.4912 0 0
5 376 279 0 0 0 0 0 1.0003 0 0.9307 -0.1771 0.3172 0.3761 1.9588 0.9194 -0.1916 0.3855 0.4933 2.3538 -0.1176 0.1176 0.4578 0 0
5 377 286 0 0 0 0 0 1.0008 0 0.9172 -0.1482 0.3434 0.4456 2.7918 0.9345 -0.0313 0.3197 0.3862 2.3848 0.168 0.168 0.5105 0 0
5 378 334 0 0 0 0 0 1.0006 0 0.9507 -0.2002 0.2571 0.3309 1.7585 0.9296 -0.108 0.3162 0.4122 2.3529 0.1721 0.1721 0.4557 0 0
5 379 367 0 0 0 0 0 1.0002 0 0.9373 -0.0104 0.326 0.3871 2.061 0.9489 -0.0744 0.2698 0.3557 2.4033 0.0303 0.0303 0.4802 0 0
5 380 371 0 0 0 0 0 1.0001 0 0.9114 -0.1696 0.3809 0.4709 2.322 0.9292 -0.1522 0.3369 0.4139 2.3518 0.0867 0.0867 0.477 0 0
5 381 271 0 0 0 0 0 1.0011 0 0.9467 0.0277 0.3231 0.4784 2.7799 0.9098 -0.0432 0.3358 0.4227 2.2081 0.0545 0.0545 0.5418 0 0
5 382 377 0 0 0 0 0 1.0005 0 0.9081 -0.236 0.3457 0.516 2.5746 0.9146 -0.1105 0.3097 0.3824 2.436 0.0285 0.0285 0.5016 0 0
5 383 311 0 0 0 0 0 1.0003 0 0.932 0.2535 0.3261 0.4108 1.6717 0.9189 0.2375 0.3969 0.5067 2.328 -0.2005 0.2005 0.4372 0 0
5 384 291 0 0 0 0 0 1.0005 0 0.9206 -0.0542 0.3425 0.4019 2.156 0.8889 -0.0815 0.3432 0.4606 2.3696 -0.0596 0.0596 0.5182 0 0
5 385 272 0 0 0 0 0 1.0003 0 0.9226 -0.3122 0.4442 0.6278 2.7917 0.9056 -0.1918 0.3522 0.4514 2.4299 -0.0324 0.0324 0.529 0 0
5 386 290 0 0 0 0 0 1.0002 0 0.9561 0.1027 0.3884 0.4965 2.8458 0.9071 0.0596 0.3301 0.4028 2.091 -0.1388 0.1388 0.5104 0 0
5 387 281 0 0 0 0 0 1.0006 0 0.95 0.0244 0.2204 0.2847 1.5838 0.9086 0.064 0.3199 0.3917 2.3309 -0.0714 0.0714 0.5007 0 0
5 388 364 0 0 0 0 0 1.0003 0 0.9302 -0.0131 0.4528 0.6972 2.9039 0.9194 0.0228 0.3178 0.3987 2.0867 0.2328 0.2328 0.4822 0 0
5 389 347 0 0 0 0 0 1.0004 0 0.9552 0.0229 0.2936 0.3806 2.7718 0.8972 -0.0089 0.3508 0.4298 2.397 0.2546 0.2546 0.5084 0 0
5 390 299 0 0 0 0 0 1.0005 0 0.9246 0.037 0.2855 0.3737 2.1589 0.93 0.0778 0.2957 0.3639 2.3411 -0.1598 0.1598 0.4827 0 0
5 391 321 0 0 0 0 0 1.0003 0 0.9326 -0.1374 0.4586 0.7529 2.7889 0.8365 -0.0019 0.3958 0.4894 1.9533 -0.1649 0.1649 0.5803 0 0
5 392 296 0 0 0 0 0 1.001 0 0.9147 -0.0542 0.4143 0.5475 2.6468 0.8914 0.0078 0.3592 0.4441 1.9873 -0.07 0.07 0.5128 0 0
5 393 367 0 0 0 0 0 1.0002 0 0.9162 0.1628 0.4358 0.5398 2.4315 0.8893 0.0982 0.4077 0.5122 2.3336 -0.138 0.138 0.5227 0 0
5 394 294 0 0 0 0 0 1.0004 0 0.953 -0.0558 0.3049 0.3989 2.1815 0.9085 0.037 0.375 0.4738 2.2297 0.1506 0.1506 0.4921 0 0
5 395 254 0 0 0 0 0 1.0007 0 0.9614 -0.178 0.3513 0.4377 2.7149 0.9163 -0.0936 0.3457 0.4239 2.1277 -0.0321 0.0321 0.5025 0 0
5 396 272 0 0 0 0 0 1.0005 0 0.8866 -0.1654 0.3863 0.4606 1.9491 0.9372 -0.1376 0.3452 0.4526 2.3866 -0.0737 0.0737 0.4655 0 0
5 397 366 0 0 0 0 0 1.0008 0 0.9354 -0.0063 0.3581 0.4883 2.7546 0.8845 0.0692 0.3431 0.425 2.358 -0.1023 0.1023 0.5585 0 0
5 398 299 0 0 0 0 0 1.0003 0 0.9094 0.0541 0.3901 0.5152 2.8142 0.9146 0.1956 0.3616 0.4535 2.4384 0.1001 0.1001 0.5248 0 0
5 399 333 0 0 0 0 0 1.0014 0 0.9077 -0.1995 0.4213 0.5885 2.7822 0.9311 -0.0921 0.3543 0.438 2.555 0.1877 0.1877 0.4529 0 0
5 400 360 0 0 0 0 0 1.0006 0 0.9233 -0.0626 0.3561 0.4651 2.1004 0.9236 0.0095 0.3316 0.4365 2.3779 -0.0177 0.0177 0.4578 0 0
5 401 310 0 0 0 0 0 1.0008 0 0.9233 0.1903 0.3425 0.4706 2.9178 0.8994 0.0405 0.3456 0.4533 2.3859 0.0114 0.0114 0.5492 0 0
5 402 331 0 0 0 0 0 1.0004 0 0.9298 -0.0422 0.2575 0.3335 1.7652 0.9523 -0.0033 0.2577 0.3279 2.3084 -0.0528 0.0528 0.4815 0 0
5 403 338 0 0 0 0 0 1.0002 0 0.9429 0.0596 0.2869 0.4045 2.9043 0.8913 -0.0173 0.3294 0.42 2.1571 0.1294 0.1294 0.4948 0 0
5 404 275 0 0 0 0 0 1.001 0 0.9198 -0.2905 0.457 0.6654 2.862 0.9089 -0.1296 0.3513 0.414 2.1971 -0.0235 0.0235 0.536 0 0
5 405 279 0 0 0 0 0 1.0004 0 0.9327 -0.0571 0.3841 0.5495 2.9252 0.9251 0.0034 0.3047 0.4341 2.2532 -0.0253 0.0253 0.5426 0 0
5 406 333 0 0 0 0 0 1.0006 0 0.9562 0.0201 0.3398 0.4555 2.5425 0.8967 -0.0567 0.3955 0.4882 2.2442 0.1428 0.1428 0.471 0 0
5 407 341 0 0 0 0 0 1.0006 0 0.9214 -0.0621 0.3498 0.4274 2.1925 0.92 0.0238 0.3334 0.4236 2.5423 0.2259 0.2259 0.4984 0 0
5 408 244 0 0 0 0 0 1.0002 0 0.9251 0.0414 0.2796 0.3738 1.9082 0.8984 0.0113 0.3681 0.4367 2.3371 0.0674 0.0674 0.4997 0 0
5 409 306 0 0 0 0 0 1.0008 0 0.8429 0.1982 0.4712 0.5441 2.1936 0.8975 0.0993 0.3728 0.4831 2.4829 0.1379 0.1379 0.5321 0 0
5 410 285 0 0 0 0 0 1.0006 0 0.8909 -0.1733 0.4505 0.6595 2.9796 0.91 -0.168 0.3459 0.4405 2.3304 -0.087 0.087 0.5225 0 0
5 411 263 0 0 0 0 0 1.0008 0 0.9244 -0.0869 0.3515 0.428 2.2917 0.9114 -0.1077 0.3365 0.4447 2.1434 -0.1076 0.1076 0.4934 0 0
5 412 314 0 0 0 0 0 1.0004 0 0.9404 0.1604 0.3052 0.4434 2.1692 0.9135 0.0636 0.3874 0.4856 2.3709 -0.1181 0.1181 0.506 0 0
5 413 283 0 0 0 0 0 1.0003 0 0.9005 0.0253 0.5313 0.8164 3.2293 0.8804 0.0749 0.3574 0.4439 1.9701 0.1576 0.1576 0.5758 0 0
5 414 236 0 0 0 0 0 1.0003 0 0.92 0.1172 0.3947 0.6692 2.8227 0.9175 0.041 0.325 0.4047 2.1683 -0.1087 0.1087 0.5185 0 0
5 415 272 0 0 0 0 0 1.0004 0 0.9297 0.1537 0.4426 0.63 2.5199 0.9228 0.0798 0.3437 0.4318 2.3137 -0.0962 0.0962 0.5081 0 0
5 416 389 18 0 0 0 0 1.0017 0 0.8338 -0.4033 0.4629 0.6478 2.7196 0.858 -0.1901 0.3918 0.4974 2.6948 0.0869 0.0869 0.6664 1 0
5 417 296 0 0 0 0 0 1.0002 0 0.9474 -0.0368 0.3467 0.4332 2.3286 0.9026 -0.0404 0.3652 0.4487 2.3598 0.1194 0.1194 0.5112 0 0
5 418 244 0 0 0 0 0 1.0013 0 0.9439 0.1095 0.363 0.4779 2.6981 0.9059 0.0305 0.3154 0.4559 2.1831 0.0461 0.0461 0.5024 0 0
5 419 267 0 0 0 0 0 1.0002 0 0.9475 -0.0738 0.3061 0.3929 2.6526 0.8948 -0.0167 0.316 0.3923 1.9689 -0.0853 0.0853 0.5164 0 0
5 420 358 0 0 0 0 0 1.0004 0 0.9109 0.2586 0.3986 0.505 2.3399 0.8906 0.2399 0.3919 0.4941 2.302 0.0109 0.0109 0.4895 0 0
5 421 341 0 0 0 0 0 1.0006 0 0.8962 0.3873 0.4136 0.5273 1.6763 0.9115 0.3095 0.4459 0.5464 2.3895 0.0975 0.0975 0.5134 0 0
5 422 331 0 0 0 0 0 1.0005 0 0.9465 0.0188 0.2669 0.3698 2.2859 0.9175 -0.0094 0.3377 0.425 2.3179 -0.0013 0.0013 0.5203 0 0
5 423 298 0 0 0 0 0 1.0007 0 0.9301 -0.1219 0.3831 0.5539 2.6213 0.9015 -0.0238 0.3279 0.4019 2.2091 0.0157 0.0157 0.5311 0 0
5 424 327 0 0 0 0 0 1.0002 0 0.8827 0.006 0.3976 0.5954 2.8332 0.8999 -0.1704 0.3763 0.4749 2.4278 0.1032 0.1032 0.5397 0 0
5 425 287 0 0 0 0 0 1.0017 0 0.9523 -0.0956 0.334 0.4636 2.6926 0.8574 -0.1075 0.3898 0.5006 1.9288 0.1833 0.1833 0.5678 0 0
5 426 246 0 0 0 0 0 1.0008 0 0.9602 0.1796 0.2944 0.37 2.3706 0.9106 0.106 0.3426 0.4402 2.3935 -0.0383 0.0383 0.508 0 0
5 427 315 0 0 0 0 0 1.0002 0 0.9364 0.19 0.4273 0.6162 3.1156 0.8855 -1e-04 0.3333 0.3965 2.2572 -0.1327 0.1327 0.5541 0 0
5 428 378 4 0 0 0 0 1.0005 0 0.8985 0.3 0.5267 0.6984 2.8909 0.885 0.1533 0.3502 0.4496 2.3689 0.1932 0.1932 0.5904 1 0
5 429 239 0 0 0 0 0 1.0008 0 0.8971 -0.1914 0.3743 0.6014 2.8072 0.8822 -0.0463 0.3416 0.4413 2.1674 0.0028 0.0028 0.5382 0 0
5 430 317 0 0 0 0 0 1.0003 0 0.943 -0.0988 0.2812 0.366 2.3622 0.8993 -0.0798 0.3344 0.4113 2.1564 0.1037 0.1037 0.4912 0 0
5 431 323 0 0 0 0 0 1.0007 0 0.9518 -0.1077 0.3432 0.4067 2.1828 0.8897 -0.0891 0.384 0.4664 2.2586 0.0614 0.0614 0.4896 0 0
5 432 339 0 0 0 0 0 1.0003 0 0.9606 -0.0505 0.2507 0.2983 2.2316 0.8811 0.0555 0.3833 0.466 2.3262 0.1383 0.1383 0.4768 0 0
5 433 279 0 0 0 0 0 1.0007 0 0.9582 -0.1962 0.284 0.3533 2.6371 0.8883 -0.1598 0.3447 0.4213 2.1806 0.1175 0.1175 0.5406 0 0
5 434 271 0 0 0 0 0 1.0009 0 0.9496 0.394 0.4139 0.4928 2.2713 0.8658 0.2359 0.4303 0.5269 2.4787 0.0972 0.0972 0.5398 0 0
5 435 363 0 0 0 0 0 1.0002 0 0.9541 0.0483 0.2921 0.4086 2.4762 0.9216 0.028 0.3504 0.4474 2.3237 0.0134 0.0134 0.4929 0 0
5 436 321 0 0 0 0 0 1.0005 0 0.9032 0.0104 0.4027 0.5102 2.1944 0.8943 0.0551 0.4039 0.5038 2.0483 -0.0648 0.0648 0.4764 0 0
5 437 237 0 0 0 0 0 1.001 0 0.921 0.16 0.3628 0.4329 2.654 0.9165 0.1909 0.3689 0.4416 2.3694 0.0603 0.0603 0.5363 0 0
5 438 364 0 0 0 0 0 1.0003 0 0.9684 0.0818 0.193 0.2648 1.8165 0.877 -0.0073 0.389 0.4771 2.0225 0.2003 0.2003 0.4739 0 0
5 439 365 0 0 0 0 0 1.0007 0 0.9619 -0.1614 0.2502 0.3514 2.2241 0.8629 -0.1386 0.3691 0.4729 2.2466 0.0672 0.0672 0.5776 0 0
5 440 339 0 0 0 0 0 1.0004 0 0.9664 0.0454 0.2457 0.2848 2.289 0.911 0.0894 0.3035 0.3946 2.0545 -0.2531 0.2531 0.4829 0 0
5 441 253 0 0 0 0 0 1.0017 0 0.9453 -0.1018 0.3174 0.403 2.5592 0.9251 0.0089 0.3077 0.3859 2.1331 0.0983 0.0983 0.5235 0 0
5 442 223 0 0 0 0 0 1.0008 0 0.8487 0.4363 0.5187 0.8097 3.0044 0.8724 0.2056 0.4064 0.4921 2.5203 0.0135 0.0135 0.6113 0 0
5 443 290 0 0 0 0 0 1.0002 0 0.9258 0.2136 0.3754 0.5568 2.6669 0.9106 0.108 0.3608 0.4547 2.2466 0.1787 0.1787 0.5064 0 0
5 444 383 0 0 0 0 0 1.0003 0 0.9236 -0.0159 0.2858 0.4261 2.1988 0.902 0.0432 0.3419 0.4224 2.3168 -0.1854 0.1854 0.4852 0 0
5 445 256 0 0 0 0 0 1.0008 0 0.9557 -0.0937 0.2793 0.3675 2.045 0.9221 -0.1149 0.3539 0.4595 2.1614 -0.133 0.133 0.4766 0 0
5 446 223 0 0 0 0 0 1.0003 0 0.9582 0.1545 0.2929 0.4124 2.5753 0.9011 0.1807 0.357 0.4395 2.1378 0.0275 0.0275 0.5304 0 0
5 447 331 0 0 0 0 0 1.0002 0 0.9002 -0.2946 0.4061 0.5611 2.5231 0.9151 -0.2326 0.3812 0.466 2.5921 0.1083 0.1083 0.4928 0 0
5 448 328 0 0 0 0 0 1.0005 0 0.9592 0.1744 0.384 0.4886 2.5309 0.9038 0.0626 0.3709 0.4643 2.2596 0.0644 0.0644 0.4746 0 0
5 449 257 0 0 0 0 0 1.0012 0 0.9592 0.151 0.2725 0.315 2.4855 0.906 0.1653 0.3427 0.4412 2.4469 0.1341 0.1341 0.4828 0 0
5 450 2748 3096 1 5904 125 125 4.1648 123 0.9117 0.2357 0.6027 0.7237 4.4682 0.7281 0.3007 0.6268 0.7682 8.4194 0.1348 0.1348 1.2866 1 1
5 451 360 9000 1 0 124 126 21.7822 118 0.821 0.1328 0.6538 0.8348 4.0329 0.241 -0.1556 1.2791 1.7061 16.2284 0.2493 0.2493 1.3638 1 1
5 452 292 0 0 0 0 0 1.0006 0 0.9692 0.01 0.2291 0.2639 2.571 0.9053 -0.0604 0.3244 0.4174 2.3936 0.0085 0.0085 0.4915 0 0
5 453 251 0 0 0 0 0 1.0014 0 0.9709 -0.077 0.2421 0.3122 2.1777 0.9087 -0.0143 0.3448 0.4414 2.2985 0.0658 0.0658 0.4739 0 0
5 454 234 0 0 0 0 0 1.0006 0 0.9037 -0.0734 0.3536 0.4963 2.4451 0.9028 -0.0045 0.333 0.4112 2.3023 0.0196 0.0196 0.5372 0 0
5 455 342 0 0 0 0 0 1.0004 0 0.9274 0.2091 0.3092 0.3621 1.7369 0.9118 0.0908 0.3463 0.4396 2.388 0.1723 0.1723 0.4831 0 0
5 456 239 0 0 0 0 0 1.0005 0 0.9487 0.2175 0.2886 0.3969 2.0644 0.9206 0.0568 0.3438 0.4318 2.4288 -0.0809 0.0809 0.4932 0 0
5 457 311 0 0 0 0 0 1.0007 0 0.9374 -0.1351 0.2899 0.3755 2.8895 0.8898 -0.0363 0.3251 0.409 2.4412 -0.0251 0.0251 0.5553 0 0
5 458 416 0 0 0 0 0 1.0002 0 0.918 0.2915 0.3977 0.6558 2.5402 0.8909 0.1899 0.4406 0.5484 2.2303 0.2069 0.2069 0.5128 0 0
5 459 350 0 0 0 0 0 1.0004 0 0.9622 -0.1506 0.2675 0.3441 2.3731 0.8734 -0.109 0.377 0.4768 2.3516 -0.1928 0.1928 0.5105 0 0
5 460 273 0 0 0 0 0 1.0004 0 0.9585 -0.1137 0.3312 0.4384 2.3522 0.9163 -0.026 0.3291 0.4048 2.1612 0.0767 0.0767 0.5137 0 0
5 461 293 0 0 0 0 0 1.0005 0 0.9388 0.2835 0.4903 0.6424 2.5962 0.8754 0.1816 0.3992 0.5137 2.2539 0.0908 0.0908 0.5535 0 0
5 462 313 0 0 0 0 0 1.0004 0 0.9103 -0.1393 0.2987 0.3901 2.2679 0.9219 -0.0967 0.3311 0.4191 2.52 0.0964 0.0964 0.4906 0 0
5 463 334 0 0 0 0 0 1.0002 0 0.9295 0.2789 0.364 0.4679 2.6568 0.8776 0.213 0.3925 0.4603 2.2021 -0.1273 0.1273 0.5596 0 0
5 464 305 0 0 0 0 0 1.0003 0 0.9492 -0.25 0.4243 0.5597 2.6448 0.912 -0.2005 0.4045 0.5058 2.1438 0.1538 0.1538 0.5443 0 0
5 465 365 0 0 0 0 0 1.0004 0 0.9061 -0.1051 0.271 0.4278 2.4852 0.8997 -0.0712 0.3239 0.4078 2.4488 0.0471 0.0471 0.546 0 0
5 466 321 0 0 0 0 0 1.0009 0 0.9319 0.2937 0.392 0.5194 2.6223 0.8816 0.1354 0.4046 0.5098 2.2822 0.1376 0.1376 0.5378 0 0
5 467 232 0 0 0 0 0 1.0005 0 0.9389 0.1214 0.3954 0.4691 2.6015 0.8626 0.0675 0.4059 0.5228 2.3291 0.0062 0.0062 0.4913 0 0
5 468 275 0 0 0 0 0 1.0013 0 0.9671 0.0188 0.2422 0.3171 2.0301 0.9083 0.0074 0.3277 0.4106 2.2818 -0.1003 0.1003 0.5024 0 0
5 469 325 0 0 0 0 0 1.0008 0 0.955 -0.1039 0.2802 0.3999 2.7257 0.8732 -0.0795 0.3627 0.4389 2.0532 -0.1478 0.1478 0.5064 0 0
5 470 328 0 0 0 0 0 1.0012 0 0.9337 -0.1118 0.3435 0.4146 2.3539 0.9055 -0.1583 0.3551 0.4431 2.2815 -0.1887 0.1887 0.4934 0 0
5 471 239 0 0 0 0 0 1.0003 0 0.9547 0.0146 0.328 0.4598 2.6335 0.9103 0.0481 0.3352 0.4177 1.9915 0.1018 0.1018 0.5175 0 0
5 472 338 0 0 0 0 0 1.0004 0 0.9118 0.07 0.3883 0.4743 1.9921 0.921 0.0643 0.3164 0.4146 2.3232 0.0453 0.0453 0.494 0 0
5 473 301 0 0 0 0 0 1.0007 0 0.9431 0.1984 0.2878 0.4398 2.5502 0.8783 0.0894 0.338 0.413 2.2254 -0.0886 0.0886 0.5261 0 0
5 474 234 0 0 0 0 0 1.0015 0 0.9782 -0.0342 0.1979 0.2308 2.4619 0.8943 -0.0525 0.3296 0.4269 2.1988 -0.155 0.155 0.5098 0 0
5 475 335 0 0 0 0 0 1.0005 0 0.9422 0.116 0.3361 0.4684 2.2466 0.8956 0.0504 0.3652 0.4487 2.0262 -0.1783 0.1783 0.5349 0 0
5 476 334 0 0 0 0 0 1.0004 0 0.9687 0.1903 0.2751 0.328 1.818 0.8991 0.109 0.3483 0.4486 2.1486 -0.0474 0.0474 0.471 0 0
5 477 334 0 0 0 0 0 1.0012 0 0.9264 -0.0808 0.2781 0.376 2.0239 0.9144 -0.0347 0.3262 0.4298 2.3492 0.1159 0.1159 0.5165 0 0
5 478 223 0 0 0 0 0 1.0012 0 0.921 0.1411 0.4978 0.7745 2.9936 0.8893 -0.0842 0.4455 0.5465 2.3334 -0.043 0.043 0.5763 0 0
5 479 385 0 0 0 0 0 1.0005 0 0.971 0.0726 0.1982 0.2658 2.3014 0.934 0.0164 0.2851 0.3574 2.1451 0.1287 0.1287 0.474 0 0
5 480 263 0 0 0 0 0 1.0008 0 0.9354 -0.1468 0.4602 0.642 2.7958 0.8955 -0.0386 0.3333 0.4334 2.1561 0.0408 0.0408 0.5543 0 0
5 481 294 0 0 0 0 0 1.0005 0 0.9138 0.0077 0.2703 0.3106 1.8916 0.9277 -0.044 0.2864 0.359 2.4599 0.006 0.006 0.5039 0 0
5 482 344 0 0 0 0 0 1.0009 0 0.95 0.0634 0.2352 0.2911 2.2772 0.873 0.0306 0.345 0.4394 2.3761 -0.0553 0.0553 0.5112 0 0
5 483 290 0 0 0 0 0 1.0003 0 0.9229 -0.3771 0.5163 0.7587 2.8123 0.8572 -0.2373 0.4402 0.5416 2.1991 -0.0955 0.0955 0.556 0 0
5 484 332 0 0 0 0 0 1.0004 0 0.9329 -0.0034 0.4514 0.6351 2.7074 0.8942 0.1532 0.4234 0.5402 2.0904 -0.0775 0.0775 0.5305 0 0
5 485 330 0 0 0 0 0 1.0004 0 0.9481 -0.261 0.3925 0.5783 2.9179 0.8722 -0.2163 0.394 0.4923 2.1616 0.0901 0.0901 0.5585 0 0
5 486 296 0 0 0 0 0 1.0002 0 0.9789 -0.0095 0.1798 0.2234 2.3186 0.9067 -0.0115 0.2789 0.3419 2.1461 -0.0629 0.0629 0.5176 0 0
5 487 340 0 0 0 0 0 1.0004 0 0.876 0.373 0.4595 0.6586 3.0663 0.8601 0.2071 0.435 0.5395 2.4621 -0.0355 0.0355 0.5274 0 0
5 488 324 0 0 0 0 0 1.0005 0 0.9478 0.0822 0.3061 0.4329 2.2638 0.8939 0.036 0.3647 0.4507 2.0544 0.1042 0.1042 0.4995 0 0
5 489 288 0 0 0 0 0 1.0008 0 0.895 0.1661 0.4502 0.6522 2.648 0.9071 0.0667 0.3541 0.4312 2.0584 0.0963 0.0963 0.516 0 0
5 490 348 0 0 0 0 0 1.0007 0 0.9246 0.1328 0.2919 0.3629 2.0917 0.8935 0.0717 0.3354 0.4368 2.3547 0.1764 0.1764 0.5232 0 0
5 491 274 0 0 0 0 0 1.0007 0 0.9522 -0.1084 0.2652 0.3328 2.473 0.8652 -0.0601 0.3847 0.4719 2.1987 -0.142 0.142 0.5353 0 0
5 492 292 0 0 0 0 0 1.0005 0 0.9349 0.1314 0.4436 0.5928 2.7384 0.8889 0.0538 0.3498 0.4357 2.0827 -0.0121 0.0121 0.5646 0 0
5 493 325 0 0 0 0 0 1.0002 0 0.9154 0.0361 0.302 0.3928 2.2152 0.913 0.0151 0.3146 0.3844 2.1446 -0.0237 0.0237 0.5377 0 0
5 494 433 9042 0 4 121 126 21.1863 115 0.8426 -0.5864 0.7469 1.0002 4.7496 0.2448 -0.9852 1.1737 1.6485 14.3529 0.4869 0.4869 1.0628 1 1
5 495 333 0 0 0 0 0 1.0007 0 0.9224 0.0578 0.3704 0.5531 2.9423 0.8771 0.1414 0.3685 0.4615 1.9513 -0.0507 0.0507 0.5353 0 0
5 496 276 0 0 0 0 0 1.0003 0 0.8892 0.0111 0.4239 0.5166 2.0422 0.8986 0.0825 0.3353 0.4387 2.4906 -0.19 0.19 0.5033 0 0
5 497 258 0 0 0 0 0 1.0012 0 0.9364 -0.1363 0.3759 0.4528 2.524 0.8958 -0.0299 0.3359 0.4233 2.11 0.0509 0.0509 0.5241 0 0
5 498 302 0 0 0 0 0 1.0004 0 0.9503 0.0432 0.3481 0.548 2.6098 0.9244 0.0205 0.2839 0.3493 2.1439 0.1381 0.1381 0.4896 0 0
5 499 328 0 0 0 0 0 1.0002 0 0.9208 -0.2229 0.365 0.5393 2.8096 0.8852 -0.0699 0.4052 0.5123 2.4179 -0.0821 0.0821 0.5237 0 0
5 500 255 0 0 0 0 0 1.0002 0 0.9595 0.0786 0.3051 0.4185 2.6987 0.8956 0.0729 0.3359 0.4258 2.0986 -0.034 0.034 0.5068 0 0
