cond r run.time ndiv nbfmi ntree nbulk ntail maxRhat nRhat beta.cor beta.bias beta.abbias beta.rmse beta.cover beta.CI theta.cor theta.bias theta.abbias theta.rmse theta.cover theta.CI attra.cor attra.bias attra.abbias attra.rmse attra.cover attra.CI lambda.bias lambda.abbias lambda.rbias lambda.rbias2 lambda.cover lambda.CI pvar.bias pvar.abbias pvar.rbias pvar.rbias2 pvar.cover pvar.CI sigma2.bias sigma2.abbias sigma2.rbias sigma2.rbias2 sigma2.cover sigma2.CI corrupt efficiency
22 1 5078 0 0 0 0 0 1.0046 0 0.9772 -0.1003 0.2289 0.2877 0.9583 1.3292 0.9672 -0.0551 0.381 0.4946 0.95 2.0754 0.9728 -0.2076 0.3247 0.3905 1 1.6689 -0.0627 0.0627 -0.1253 0.8747 1 0.3614 -0.1042 0.1042 -0.0782 0.9218 1 0.9977 -0.0264 0.0264 -0.0264 0.9736 1 0.6721 0 0
22 2 5313 0 0 0 0 0 1.0032 0 0.9789 -0.5935 0.6157 0.7045 0.5833 1.3887 0.9582 -0.537 0.6688 0.7839 0.755 2.0637 0.9769 -0.6355 0.6362 0.7054 0.655 1.7182 -0.0128 0.0128 -0.0257 0.9743 1 0.3348 -0.1343 0.1343 -0.1007 0.8993 1 0.9874 -0.1036 0.1036 -0.1036 0.8964 1 0.6649 0 0
22 3 5831 0 0 0 0 0 1.0069 0 0.9778 -0.1796 0.3043 0.3918 0.9583 1.3521 0.9705 -0.1235 0.4072 0.5328 0.93 2.0865 0.9707 -0.2506 0.3268 0.424 0.965 1.8066 0.0042 0.0042 0.0084 1.0084 1 0.3176 0.0382 0.0382 0.0286 1.0286 1 1.0914 0.0026 0.0026 0.0026 1.0026 1 0.6933 0 0
22 4 5274 0 0 0 0 0 1.004 0 0.9636 -0.3996 0.4106 0.4643 0.7917 1.3097 0.9626 -0.5173 0.5813 0.7098 0.875 2.0959 0.9878 -0.5892 0.5913 0.6291 0.86 1.7471 0.0176 0.0176 0.0352 1.0352 1 0.3215 -0.1487 0.1487 -0.1115 0.8885 1 1.0232 -0.1523 0.1523 -0.1523 0.8477 1 0.6042 0 0
22 5 4553 0 0 0 0 0 1.0058 0 0.9613 0.5249 0.5249 0.5644 0.7083 1.2855 0.9582 0.5634 0.6139 0.7353 0.825 2.0241 0.9868 0.3769 0.4562 0.5297 0.8 1.5342 -0.1081 0.1081 -0.2162 0.7838 1 0.3417 -0.2298 0.2298 -0.1723 0.8277 1 0.8861 -0.0807 0.0807 -0.0807 0.9193 1 0.6703 0 0
22 6 3077 0 0 0 0 0 1.0088 0 0.9664 0.5185 0.5466 0.6609 0.7083 1.35 0.9579 0.4667 0.5954 0.7176 0.81 1.9245 0.9779 0.528 0.5632 0.6168 0.665 1.4629 -0.0789 0.0789 -0.1578 0.8422 1 0.366 -0.5322 0.5322 -0.3992 0.6008 0 0.6749 -0.3534 0.3534 -0.3534 0.6466 0 0.4948 0 0
22 7 5186 0 0 0 0 0 1.0049 0 0.9742 -0.1702 0.2366 0.3213 0.9583 1.3358 0.9612 -0.114 0.3985 0.504 0.98 2.1035 0.9826 -0.1858 0.2912 0.3348 1 1.7251 -0.062 0.062 -0.1239 0.8761 1 0.3482 0.0523 0.0523 0.0392 1.0392 1 1.097 0.0985 0.0985 0.0985 1.0985 1 0.7805 0 0
22 8 5583 0 0 0 0 0 1.0052 0 0.9689 0.1105 0.2731 0.3433 0.9583 1.3312 0.96 0.118 0.4593 0.5887 0.92 2.0079 0.9651 0.0344 0.3167 0.3833 1 1.6923 -0.0241 0.0241 -0.0483 0.9517 1 0.355 -0.2128 0.2128 -0.1596 0.8404 1 0.977 -0.1527 0.1527 -0.1527 0.8473 1 0.642 0 0
22 9 4552 0 0 0 0 0 1.0063 0 0.9723 -0.621 0.621 0.6617 0.5 1.2977 0.9557 -0.5999 0.6771 0.8087 0.765 2.0704 0.9901 -0.4347 0.4347 0.5009 1 1.6345 -0.0324 0.0324 -0.0649 0.9351 1 0.3864 -0.3593 0.3593 -0.2695 0.7305 1 0.8222 -0.2563 0.2563 -0.2563 0.7437 1 0.5768 0 0
22 10 4213 0 0 0 0 0 1.0022 0 0.9492 0.0222 0.3148 0.3917 0.9583 1.3168 0.9576 0.0544 0.4088 0.5446 0.92 1.9432 0.9538 0.0128 0.3962 0.4555 0.87 1.435 -0.1378 0.1378 -0.2757 0.7243 1 0.3676 -0.4118 0.4118 -0.3088 0.6912 1 0.7146 -0.2115 0.2115 -0.2115 0.7885 1 0.5678 0 0
22 11 4081 0 0 0 0 0 1.0044 0 0.9719 0.2345 0.3091 0.38 0.9583 1.3091 0.9636 0.2231 0.4357 0.5688 0.93 2.0535 0.9861 0.0078 0.2017 0.2357 1 1.4833 -0.1538 0.1538 -0.3077 0.6923 1 0.3763 -0.3306 0.3306 -0.2479 0.7521 1 0.7876 -0.1317 0.1317 -0.1317 0.8683 1 0.6334 0 0
22 12 5514 0 0 0 0 0 1.0035 0 0.9717 -0.6539 0.6539 0.7223 0.4167 1.3352 0.9593 -0.5809 0.6686 0.7839 0.775 1.9817 0.9731 -0.5191 0.5299 0.6389 0.805 1.806 0.0573 0.0573 0.1147 1.1147 1 0.3301 -0.2084 0.2084 -0.1563 0.8437 1 1.0015 -0.2454 0.2454 -0.2454 0.7546 1 0.5817 0 0
22 13 6554 0 0 0 0 0 1.0077 0 0.9601 0.0853 0.3009 0.3412 0.9583 1.3232 0.9597 0.0863 0.4196 0.5939 0.94 2.0589 0.9465 0.2801 0.3215 0.5356 0.87 1.7803 0.0106 0.0106 0.0212 1.0212 1 0.318 -0.0991 0.0991 -0.0743 0.9257 1 0.9867 -0.1062 0.1062 -0.1062 0.8938 1 0.6127 0 0
22 14 5410 0 0 0 0 0 1.0049 0 0.9842 -0.6816 0.6821 0.752 0.4167 1.3699 0.9625 -0.6036 0.6578 0.7862 0.755 1.942 0.9827 -0.6709 0.6709 0.7383 0.715 1.7695 0.0815 0.0815 0.1631 1.1631 1 0.3489 -0.3565 0.3565 -0.2674 0.7326 1 0.9429 -0.3753 0.3753 -0.3753 0.6247 0 0.5029 0 0
22 15 4962 0 0 0 0 0 1.004 0 0.9777 -0.024 0.2636 0.3498 0.9583 1.3572 0.962 -0.0288 0.4739 0.6042 0.92 1.9178 0.9973 -0.0893 0.22 0.2465 1 1.8347 0.0791 0.0791 0.1581 1.1581 1 0.3439 -0.251 0.251 -0.1883 0.8117 1 1.0106 -0.3038 0.3038 -0.3038 0.6962 1 0.5475 0 0
22 16 3808 0 0 0 0 0 1.0026 0 0.9788 -0.5918 0.5937 0.6851 0.625 1.3796 0.9594 -0.603 0.7024 0.8204 0.785 2.0921 0.993 -0.5273 0.5273 0.5842 0.895 1.7669 -0.0152 0.0152 -0.0305 0.9695 1 0.3235 0.0677 0.0677 0.0508 1.0508 1 1.1044 0.0514 0.0514 0.0514 1.0514 1 0.7151 0 0
22 17 6284 0 0 0 0 0 1.0024 0 0.9663 0.4416 0.4597 0.5036 0.8333 1.2897 0.9531 0.3776 0.5377 0.6838 0.84 1.9551 0.9791 0.4502 0.5029 0.5975 0.82 1.8855 0.0988 0.0988 0.1976 1.1976 1 0.3177 -0.1518 0.1518 -0.1138 0.8862 1 1.1434 -0.2681 0.2681 -0.2681 0.7319 1 0.5433 0 0
22 18 5251 0 0 0 0 0 1.0027 0 0.9458 0.2856 0.3383 0.4364 0.875 1.2897 0.9572 0.2666 0.4387 0.5501 0.94 2.0076 0.973 0.4565 0.501 0.6007 0.815 1.9418 0.0877 0.0877 0.1754 1.1754 1 0.2987 0.0556 0.0556 0.0417 1.0417 1 1.2072 -0.115 0.115 -0.115 0.885 1 0.6406 0 0
22 19 6259 0 0 0 0 0 1.0021 0 0.9721 -0.0259 0.312 0.3662 0.9583 1.3068 0.9633 -0.0029 0.3867 0.5652 0.945 1.9447 0.962 -0.0249 0.3279 0.4037 0.935 1.5994 -0.0297 0.0297 -0.0593 0.9407 1 0.3574 -0.3705 0.3705 -0.2779 0.7221 1 0.7985 -0.2665 0.2665 -0.2665 0.7335 1 0.5282 0 0
22 20 4342 0 0 0 0 0 1.0063 0 0.975 -0.0291 0.3957 0.4851 0.8333 1.3412 0.963 -0.0463 0.4684 0.5944 0.915 1.8912 0.9368 -0.0741 0.4473 0.5506 0.785 1.4715 -0.0617 0.0617 -0.1234 0.8766 1 0.3376 -0.4228 0.4228 -0.3171 0.6829 0 0.7116 -0.2763 0.2763 -0.2763 0.7237 1 0.5242 0 0
22 21 5009 0 0 0 0 0 1.0028 0 0.9692 0.0497 0.2075 0.2444 1 1.3224 0.963 0.0401 0.3743 0.4837 0.98 2.1584 0.9798 0.2919 0.3062 0.4183 1 1.9856 0.0303 0.0303 0.0606 1.0606 1 0.317 0.3088 0.3088 0.2316 1.2316 1 1.4469 0.1518 0.1518 0.1518 1.1518 1 0.8105 0 0
22 22 5383 0 0 0 0 0 1.004 0 0.9778 0.0874 0.2264 0.282 1 1.3319 0.96 0.0581 0.3657 0.466 0.965 2.0349 0.989 0.0756 0.3095 0.3537 1 1.7154 -0.0361 0.0361 -0.0722 0.9278 1 0.3359 0.0527 0.0527 0.0395 1.0395 1 1.1036 0.067 0.067 0.067 1.067 1 0.7419 0 0
22 23 4119 0 0 0 0 0 1.0099 0 0.9767 -0.0781 0.2241 0.2862 0.9583 1.3083 0.9631 -0.0735 0.3766 0.4754 0.98 2.085 0.9861 -0.0913 0.2366 0.2741 1 1.6541 -0.0765 0.0765 -0.153 0.847 1 0.3364 -0.0528 0.0528 -0.0396 0.9604 1 1.0064 0.0339 0.0339 0.0339 1.0339 1 0.7253 0 0
22 24 4440 0 0 0 0 0 1.0051 0 0.9373 -0.1238 0.3069 0.3711 0.9167 1.3169 0.9638 -0.0887 0.4104 0.5109 0.965 2.0777 0.9585 -0.0578 0.3624 0.4202 1 1.6992 -0.0359 0.0359 -0.0717 0.9283 1 0.3306 -0.0399 0.0399 -0.0299 0.9701 1 1.0293 -0.0032 0.0032 -0.0032 0.9968 1 0.7035 0 0
22 25 6369 0 0 0 0 0 1.0064 0 0.9829 -0.7221 0.7221 0.7647 0.4167 1.3878 0.957 -0.7527 0.7879 0.9144 0.695 2.0779 0.9648 -0.7909 0.7949 0.8772 0.71 2.2519 0.1472 0.1472 0.2945 1.2945 1 0.3106 0.2043 0.2043 0.1532 1.1532 1 1.6066 -0.143 0.143 -0.143 0.857 1 0.6565 0 0
22 26 3600 0 0 0 0 0 1.0067 0 0.9813 0.218 0.2933 0.357 0.9583 1.3104 0.9604 0.1974 0.4267 0.5401 0.93 1.9879 0.9727 -0.0796 0.2992 0.3463 1 1.6227 -0.0293 0.0293 -0.0586 0.9414 1 0.3335 -0.259 0.259 -0.1943 0.8057 1 0.8985 -0.1795 0.1795 -0.1795 0.8205 1 0.6036 0 0
22 27 5062 0 0 0 0 0 1.002 0 0.9553 0.4487 0.4757 0.5864 0.75 1.3292 0.9651 0.372 0.5483 0.6607 0.875 1.9452 0.9797 0.2672 0.3788 0.4608 0.885 1.8577 0.095 0.095 0.1901 1.1901 1 0.2897 -0.1682 0.1682 -0.1261 0.8739 1 1.0171 -0.2661 0.2661 -0.2661 0.7339 1 0.5276 0 0
22 28 5615 0 0 0 0 0 1.0019 0 0.9742 -0.643 0.643 0.7171 0.5417 1.3834 0.9681 -0.6845 0.7454 0.8682 0.77 2.1913 0.9846 -0.6202 0.6202 0.6923 1 2.1656 0.0978 0.0978 0.1956 1.1956 1 0.3164 0.1514 0.1514 0.1135 1.1135 1 1.4399 -0.0776 0.0776 -0.0776 0.9224 1 0.6972 0 0
22 29 5343 0 0 0 0 0 1.0021 0 0.9522 -0.4668 0.4886 0.5664 0.6667 1.2823 0.9613 -0.3675 0.538 0.6633 0.855 1.9786 0.9886 -0.2815 0.3636 0.4305 1 2.0172 0.1235 0.1235 0.2471 1.2471 1 0.3136 -0.018 0.018 -0.0135 0.9865 1 1.217 -0.2236 0.2236 -0.2236 0.7764 1 0.5485 0 0
22 30 3216 0 0 0 0 0 1.0029 0 0.9688 0.2343 0.291 0.3806 0.9167 1.3309 0.9609 0.1978 0.4206 0.5303 0.945 2.0341 0.9798 0.3468 0.3898 0.4523 0.83 1.4291 -0.1794 0.1794 -0.3588 0.6412 1 0.3616 -0.2986 0.2986 -0.224 0.776 1 0.7568 -0.0837 0.0837 -0.0837 0.9163 1 0.6314 0 0
22 31 5762 0 0 0 0 0 1.0069 0 0.9797 -0.5375 0.5375 0.5741 0.7083 1.322 0.9649 -0.5007 0.5827 0.6864 0.84 2.0679 0.9772 -0.6121 0.6121 0.7073 0.815 2.044 0.0937 0.0937 0.1873 1.1873 1 0.334 0.0453 0.0453 0.034 1.034 1 1.3765 -0.1402 0.1402 -0.1402 0.8598 1 0.6605 0 0
22 32 4897 0 0 0 0 0 1.0023 0 0.978 -0.4656 0.4674 0.5187 0.7917 1.2853 0.9632 -0.479 0.5541 0.6621 0.865 2.1168 0.9669 -0.4277 0.5427 0.5901 0.88 1.7712 -0.0386 0.0386 -0.0773 0.9227 1 0.326 0.1702 0.1702 0.1277 1.1277 1 1.1942 0.1628 0.1628 0.1628 1.1628 1 0.8136 0 0
22 33 5459 0 0 0 0 0 1.0038 0 0.968 -0.0095 0.2879 0.4092 0.8333 1.3675 0.9725 -0.0459 0.3913 0.5082 0.96 2.0869 0.9798 -0.0553 0.2035 0.2893 1 2.2823 0.126 0.126 0.252 1.252 1 0.3285 0.3049 0.3049 0.2287 1.2287 1 1.734 -0.0471 0.0471 -0.0471 0.9529 1 0.718 0 0
22 34 3312 0 0 0 0 0 1.0033 0 0.976 -0.0342 0.2168 0.2616 1 1.2989 0.9519 -0.0358 0.3803 0.4896 0.955 1.9826 0.9473 0.2261 0.4956 0.5946 0.795 1.6301 -0.0353 0.0353 -0.0706 0.9294 1 0.3148 -0.0305 0.0305 -0.0228 0.9772 1 0.992 0.0056 0.0056 0.0056 1.0056 1 0.716 0 0
22 35 4587 0 0 0 0 0 1.0075 0 0.9525 -0.4213 0.4568 0.5142 0.8333 1.3182 0.965 -0.3815 0.537 0.652 0.855 2.0375 0.9751 -0.2975 0.3405 0.4339 1 1.9036 0.0655 0.0655 0.131 1.131 1 0.3373 -0.1612 0.1612 -0.1209 0.8791 1 1.12 -0.2285 0.2285 -0.2285 0.7715 1 0.5663 0 0
22 36 5544 0 0 0 0 0 1.0027 0 0.955 0.052 0.2686 0.3444 0.875 1.3133 0.9669 0.0922 0.4085 0.4994 0.97 2.1052 0.9921 0.0079 0.1455 0.178 1 2.0531 0.0816 0.0816 0.1631 1.1631 1 0.3105 0.1391 0.1391 0.1043 1.1043 1 1.3742 -0.0532 0.0532 -0.0532 0.9468 1 0.6908 0 0
22 37 4436 0 0 0 0 0 1.0053 0 0.9804 0.3522 0.3749 0.4381 0.875 1.333 0.9582 0.3212 0.5172 0.6587 0.905 2.0577 0.9553 0.3534 0.385 0.5508 0.88 1.5537 -0.1127 0.1127 -0.2254 0.7746 1 0.3392 -0.282 0.282 -0.2115 0.7885 1 0.8313 -0.1201 0.1201 -0.1201 0.8799 1 0.628 0 0
22 38 5683 0 0 0 0 0 1.003 0 0.967 -0.1272 0.282 0.3273 0.9583 1.3192 0.9594 -0.1338 0.4352 0.5831 0.93 1.9499 0.9706 0.0139 0.29 0.3471 1 1.5451 -0.0427 0.0427 -0.0853 0.9147 1 0.3364 -0.4274 0.4274 -0.3206 0.6794 0 0.7163 -0.2953 0.2953 -0.2953 0.7047 1 0.5335 0 0
22 39 5892 0 0 0 0 0 1.0046 0 0.9592 -0.2741 0.3296 0.3797 1 1.3357 0.9547 -0.2766 0.4707 0.6022 0.93 2.18 0.9872 -0.0856 0.3745 0.4257 1 2.4137 0.1063 0.1063 0.2126 1.2126 1 0.32 0.7338 0.7338 0.5503 1.5503 1 2.0861 0.257 0.257 0.257 1.257 1 0.8528 0 0
22 40 6222 0 0 0 0 0 1.0025 0 0.9818 -0.3611 0.3611 0.4281 0.875 1.2989 0.9617 -0.2741 0.4516 0.5496 0.94 2.0519 0.9668 -0.172 0.3029 0.4259 0.915 1.7868 -0.01 0.01 -0.02 0.98 1 0.3272 0.0325 0.0325 0.0244 1.0244 1 1.1274 0.018 0.018 0.018 1.018 1 0.7291 0 0
22 41 4514 0 0 0 0 0 1.0074 0 0.9741 -0.0816 0.2588 0.3167 1 1.2909 0.9564 0.0044 0.4146 0.5351 0.935 1.897 0.9583 -0.1628 0.4705 0.5411 0.89 1.9912 0.1224 0.1224 0.2448 1.2448 1 0.3164 -0.0757 0.0757 -0.0568 0.9432 1 1.249 -0.2589 0.2589 -0.2589 0.7411 1 0.541 0 0
22 42 4664 0 0 0 0 0 1.0024 0 0.9654 -0.2654 0.3538 0.4724 0.8333 1.3425 0.9627 -0.2133 0.4647 0.592 0.915 1.9152 0.968 -0.3405 0.4535 0.5216 0.955 1.6969 0.0445 0.0445 0.089 1.089 1 0.3181 -0.3616 0.3616 -0.2712 0.7288 1 0.8402 -0.3322 0.3322 -0.3322 0.6678 0 0.5052 0 0
22 43 4815 0 0 0 0 0 1.0061 0 0.9265 0.277 0.3494 0.4261 0.875 1.2938 0.9607 0.2655 0.4748 0.5928 0.93 2.1358 0.9646 0.5708 0.5945 0.6825 0.645 1.682 -0.049 0.049 -0.098 0.902 1 0.3429 -0.1247 0.1247 -0.0935 0.9065 1 1.0003 -0.0562 0.0562 -0.0562 0.9438 1 0.6702 0 0
22 44 4275 0 0 0 0 0 1.0074 0 0.9472 0.1522 0.3693 0.4456 0.9167 1.3165 0.9654 0.0513 0.4264 0.5563 0.94 1.946 0.9798 0.2574 0.3322 0.397 0.89 1.4715 -0.0776 0.0776 -0.1552 0.8448 1 0.3806 -0.5023 0.5023 -0.3767 0.6233 0 0.6771 -0.3307 0.3307 -0.3307 0.6693 0 0.4954 0 0
22 45 4094 0 0 0 0 0 1.0045 0 0.922 -0.1658 0.316 0.398 0.9167 1.2758 0.956 -0.1817 0.4394 0.5597 0.94 1.9933 0.9848 -0.1486 0.3251 0.3764 1 1.6183 -0.0414 0.0414 -0.0829 0.9171 1 0.3271 -0.192 0.192 -0.144 0.856 1 0.8636 -0.1143 0.1143 -0.1143 0.8857 1 0.6081 0 0
22 46 6363 0 0 0 0 0 1.0032 0 0.9793 0.6207 0.6681 0.712 0.6667 1.4618 0.9608 0.6077 0.698 0.8337 0.78 2.1934 0.9621 0.6997 0.6997 0.8214 0.76 1.9722 0.051 0.051 0.1019 1.1019 1 0.3103 0.1354 0.1354 0.1016 1.1016 1 1.2878 -0.0012 0.0012 -0.0012 0.9988 1 0.7295 0 0
22 47 5424 0 0 0 0 0 1.0069 0 0.9535 -0.1284 0.2548 0.357 0.9583 1.3346 0.9645 -0.1017 0.4691 0.6186 0.95 2.1371 0.9893 -0.3248 0.3358 0.3928 1 1.7176 -0.0537 0.0537 -0.1075 0.8925 1 0.3519 -0.0082 0.0082 -0.0061 0.9939 1 1.0574 0.0412 0.0412 0.0412 1.0412 1 0.7505 0 0
22 48 4501 0 0 0 0 0 1.0059 0 0.962 -0.3274 0.3491 0.4227 0.875 1.3017 0.9587 -0.2914 0.4465 0.5817 0.95 2.0818 0.9637 -0.6115 0.6115 0.7285 0.725 1.7355 -0.0206 0.0206 -0.0412 0.9588 1 0.321 -0.0568 0.0568 -0.0426 0.9574 1 1.0557 -0.0356 0.0356 -0.0356 0.9644 1 0.6959 0 0
22 49 4832 0 0 0 0 0 1.009 0 0.9793 0.1008 0.2891 0.3394 0.9583 1.3084 0.9615 0.067 0.4603 0.6104 0.92 1.9281 0.9712 -0.0395 0.3095 0.3612 1 1.5928 0.0141 0.0141 0.0282 1.0282 1 0.3456 -0.4116 0.4116 -0.3087 0.6913 1 0.8095 -0.337 0.337 -0.337 0.663 0 0.5167 0 0
22 50 4834 0 0 0 0 0 1.0041 0 0.9756 -0.5168 0.5543 0.5925 0.6667 1.3233 0.9433 -0.5615 0.6698 0.7857 0.76 1.9595 0.9926 -0.4383 0.5304 0.634 0.96 2.1081 0.1358 0.1358 0.2717 1.2717 1 0.3224 0.125 0.125 0.0937 1.0937 1 1.533 -0.1736 0.1736 -0.1736 0.8264 1 0.6109 0 0
22 51 4923 0 0 0 0 0 1.0066 0 0.973 -0.2637 0.2862 0.3403 0.9583 1.2822 0.9605 -0.2436 0.4361 0.5759 0.95 2.1466 0.9714 -0.192 0.2657 0.3918 0.955 1.7983 -0.0379 0.0379 -0.0758 0.9242 1 0.3644 0.0897 0.0897 0.0672 1.0672 1 1.1715 0.0955 0.0955 0.0955 1.0955 1 0.7721 0 0
22 52 5437 0 0 0 0 0 1.0019 0 0.9467 -0.289 0.3012 0.383 0.875 1.2748 0.9595 -0.322 0.4432 0.5561 0.955 1.9934 0.968 -0.3558 0.5541 0.6023 0.89 1.7515 0.009 0.009 0.018 1.018 1 0.3299 -0.062 0.062 -0.0465 0.9535 1 1.0636 -0.0776 0.0776 -0.0776 0.9224 1 0.6694 0 0
22 53 3581 1 0 0 0 0 1.0048 0 0.9666 0.2573 0.2929 0.3843 0.8333 1.3013 0.9699 0.2429 0.39 0.4892 0.96 2 0.9618 0.3224 0.5171 0.6389 0.805 1.7627 0.0105 0.0105 0.0211 1.0211 1 0.2988 0.0227 0.0227 0.0171 1.0171 1 1.0856 -0.0183 0.0183 -0.0183 0.9817 1 0.6583 1 0
22 54 5912 0 0 0 0 0 1.0072 0 0.9634 0.4209 0.4306 0.4951 0.75 1.34 0.9637 0.4996 0.5801 0.7342 0.86 2.1897 0.987 0.5445 0.5445 0.6019 1 2.5153 0.169 0.169 0.3381 1.3381 0 0.2991 0.411 0.411 0.3083 1.3083 1 1.8843 -0.081 0.081 -0.081 0.919 1 0.7138 0 0
22 55 5329 0 0 0 0 0 1.006 0 0.9837 0.3172 0.3426 0.3984 0.9167 1.2967 0.955 0.2587 0.5396 0.6561 0.89 1.9788 0.9943 0.2402 0.2402 0.2868 1 1.6253 -0.0108 0.0108 -0.0217 0.9783 1 0.3569 -0.3635 0.3635 -0.2726 0.7274 1 0.8263 -0.2793 0.2793 -0.2793 0.7207 1 0.5489 0 0
22 56 4516 0 0 0 0 0 1.0029 0 0.9559 -0.5531 0.5531 0.6159 0.6667 1.3137 0.9566 -0.5088 0.6187 0.7833 0.825 2.1068 0.9751 -0.4416 0.4591 0.5979 0.845 1.7134 -0.011 0.011 -0.022 0.978 1 0.3604 -0.2816 0.2816 -0.2112 0.7888 1 0.8997 -0.2196 0.2196 -0.2196 0.7804 1 0.5959 0 0
22 57 3787 0 0 0 0 0 1.0053 0 0.9496 -0.3303 0.4379 0.5284 0.7917 1.33 0.9642 -0.285 0.4959 0.6252 0.9 1.9969 0.9868 -0.4678 0.4678 0.5249 0.785 1.4351 -0.1304 0.1304 -0.2608 0.7392 1 0.3524 -0.4518 0.4518 -0.3388 0.6612 0 0.6761 -0.2498 0.2498 -0.2498 0.7502 1 0.553 0 0
22 58 4394 0 0 0 0 0 1.0045 0 0.9288 -1.1584 1.1584 1.1987 0.0417 1.3558 0.9478 -1.0681 1.1141 1.2352 0.415 2.1701 0.9891 -1.075 1.075 1.1357 0.36 1.9929 0.086 0.086 0.172 1.172 1 0.3372 0.0224 0.0224 0.0168 1.0168 1 1.3361 -0.1415 0.1415 -0.1415 0.8585 1 0.6511 0 0
22 59 5377 0 0 0 0 0 1.0047 0 0.9186 0.2595 0.3325 0.4271 0.8333 1.3226 0.9549 0.2135 0.4526 0.5879 0.935 2.1959 0.9563 0.3131 0.4686 0.5267 1 1.7715 -0.0722 0.0722 -0.1444 0.8556 1 0.3297 0.2493 0.2493 0.1869 1.1869 1 1.2268 0.2712 0.2712 0.2712 1.2712 1 0.8879 0 0
22 60 4978 0 0 0 0 0 1.0021 0 0.973 -0.2637 0.3161 0.3683 0.9167 1.2871 0.9641 -0.2363 0.4373 0.5624 0.93 1.9437 0.9542 -0.2053 0.422 0.4705 0.92 1.6187 0.007 0.007 0.014 1.014 1 0.3281 -0.3773 0.3773 -0.283 0.717 1 0.8255 -0.3052 0.3052 -0.3052 0.6948 0 0.5289 0 0
22 61 5994 0 0 0 0 0 1.0054 0 0.9468 0.286 0.3788 0.4426 0.8333 1.2869 0.9556 0.2765 0.4667 0.5921 0.935 2.0297 0.9675 0.0947 0.3101 0.3963 1 1.7188 -0.0148 0.0148 -0.0296 0.9704 1 0.3195 -0.0818 0.0818 -0.0613 0.9387 1 0.9686 -0.0618 0.0618 -0.0618 0.9382 1 0.6203 0 0
22 62 5060 0 0 0 0 0 1.0034 0 0.9797 -0.1677 0.2324 0.2934 0.9167 1.3239 0.9573 -0.2119 0.4143 0.5176 0.96 1.9998 0.9572 -0.3705 0.5154 0.6081 0.66 1.4381 -0.1506 0.1506 -0.3013 0.6987 1 0.3317 -0.2591 0.2591 -0.1943 0.8057 1 0.7685 -0.0684 0.0684 -0.0684 0.9316 1 0.644 0 0
22 63 3779 0 0 0 0 0 1.0068 0 0.9334 0.1353 0.4442 0.5471 0.7917 1.3371 0.9647 0.0809 0.4825 0.6066 0.9 1.9597 0.9978 -0.0626 0.1369 0.1621 1 1.3995 -0.1469 0.1469 -0.2938 0.7062 1 0.3742 -0.5017 0.5017 -0.3763 0.6237 0 0.6313 -0.283 0.283 -0.283 0.717 1 0.5158 0 0
22 64 3204 0 0 0 0 0 1.0062 0 0.9619 -0.5099 0.5102 0.5799 0.7083 1.2756 0.9538 -0.3976 0.5312 0.6506 0.875 2.0076 0.9755 -0.344 0.4152 0.4769 0.785 1.3886 -0.1982 0.1982 -0.3964 0.6036 0 0.3534 -0.382 0.382 -0.2865 0.7135 1 0.6963 -0.1462 0.1462 -0.1462 0.8538 1 0.5999 0 0
22 65 5505 0 0 0 0 0 1.0022 0 0.9588 -0.1031 0.3525 0.4178 0.9167 1.3606 0.9601 -0.1482 0.4288 0.5328 0.94 1.9848 0.9622 0.111 0.3274 0.414 1 1.7588 0.0415 0.0415 0.083 1.083 1 0.3205 -0.1993 0.1993 -0.1495 0.8505 1 0.9772 -0.2177 0.2177 -0.2177 0.7823 1 0.5795 0 0
22 66 4631 0 0 0 0 0 1.003 0 0.9788 0.4009 0.4335 0.5018 0.75 1.3215 0.9572 0.3968 0.5262 0.6543 0.86 1.8685 0.9918 0.285 0.3625 0.4373 0.92 1.588 0.039 0.039 0.0779 1.0779 1 0.3346 -0.4519 0.4519 -0.3389 0.6611 1 0.7704 -0.3898 0.3898 -0.3898 0.6102 0 0.4655 0 0
22 67 5244 0 0 0 0 0 1.0032 0 0.9663 0.3098 0.3302 0.3858 0.9167 1.3178 0.9604 0.3041 0.4594 0.6044 0.915 1.9922 0.9666 0.194 0.3767 0.4587 0.86 1.5611 -0.0639 0.0639 -0.1278 0.8722 1 0.3357 -0.303 0.303 -0.2273 0.7727 1 0.8379 -0.1798 0.1798 -0.1798 0.8202 1 0.5922 0 0
22 68 4602 0 0 0 0 0 1.0046 0 0.9755 -0.4107 0.4219 0.4754 0.8333 1.3104 0.9471 -0.4058 0.5598 0.6936 0.885 2.1186 0.9783 -0.6226 0.6226 0.6994 0.725 1.803 3e-04 3e-04 6e-04 1.0006 1 0.3139 0.0687 0.0687 0.0515 1.0515 1 1.1162 0.0313 0.0313 0.0313 1.0313 1 0.7167 0 0
22 69 4871 0 0 0 0 0 1.0034 0 0.9661 -0.7484 0.7484 0.799 0.375 1.3331 0.9557 -0.6673 0.7569 0.8698 0.76 2.1782 0.9836 -0.6579 0.6579 0.7076 0.72 1.6951 -0.0801 0.0801 -0.1602 0.8398 1 0.354 0.0396 0.0396 0.0297 1.0297 1 1.08 0.1103 0.1103 0.1103 1.1103 1 0.8109 0 0
22 70 6808 0 0 0 0 0 1.0014 0 0.9839 -0.4244 0.4441 0.5109 0.7917 1.3168 0.9649 -0.4042 0.5779 0.7445 0.875 2.0515 0.972 -0.3824 0.4354 0.508 0.915 1.8273 0.0527 0.0527 0.1053 1.1053 1 0.3183 -0.0517 0.0517 -0.0388 0.9612 1 1.1134 -0.131 0.131 -0.131 0.869 1 0.6466 0 0
22 71 4463 0 0 0 0 0 1.0039 0 0.9698 0.373 0.3949 0.4599 0.875 1.3266 0.9593 0.2901 0.4826 0.5989 0.885 1.9815 0.9812 0.5377 0.5388 0.6223 0.725 1.7411 0.0439 0.0439 0.0878 1.0878 1 0.3288 -0.2491 0.2491 -0.1868 0.8132 1 0.9844 -0.2561 0.2561 -0.2561 0.7439 1 0.5571 0 0
22 72 6869 0 0 0 0 0 1.0029 0 0.9586 -0.4398 0.4398 0.5571 0.875 1.3231 0.9652 -0.3911 0.5082 0.6294 0.885 2.0319 0.9803 -0.4531 0.4959 0.5401 1 2.0107 0.1031 0.1031 0.2062 1.2062 1 0.3046 0.0222 0.0222 0.0166 1.0166 1 1.2664 -0.1645 0.1645 -0.1645 0.8355 1 0.6206 0 0
22 73 4728 0 0 0 0 0 1.0046 0 0.9646 -0.1099 0.2698 0.337 0.9167 1.3352 0.9565 -0.1466 0.4389 0.5659 0.95 2.0558 0.9583 -0.2788 0.4038 0.5045 0.88 1.6872 -0.0461 0.0461 -0.0922 0.9078 1 0.3466 -0.1277 0.1277 -0.0958 0.9042 1 0.9509 -0.0611 0.0611 -0.0611 0.9389 1 0.6538 0 0
22 74 3955 0 0 0 0 0 1.0047 0 0.9682 -0.33 0.3611 0.4338 0.9583 1.364 0.9622 -0.3616 0.5136 0.6202 0.925 2.2017 0.9864 -0.6608 0.6608 0.7004 0.805 1.7916 -0.0426 0.0426 -0.0852 0.9148 1 0.3374 0.1407 0.1407 0.1056 1.1056 1 1.1517 0.1443 0.1443 0.1443 1.1443 1 0.7847 0 0
22 75 4373 0 0 0 0 0 1.0027 0 0.9707 0.5826 0.6506 0.7712 0.5 1.3742 0.9632 0.5052 0.6741 0.8104 0.76 1.9575 0.9809 0.3995 0.4444 0.5614 0.8 1.7571 0.0345 0.0345 0.0691 1.0691 1 0.3278 -0.1732 0.1732 -0.1299 0.8701 1 1.0029 -0.1914 0.1914 -0.1914 0.8086 1 0.5859 0 0
22 76 4057 0 0 0 0 0 1.0044 0 0.9525 -0.9084 0.9084 0.9623 0.125 1.3184 0.9544 -0.8624 0.8889 1.0065 0.6 2.0978 0.9811 -0.974 0.974 1.0724 0.495 1.998 0.0922 0.0922 0.1844 1.1844 1 0.322 0.193 0.193 0.1447 1.1447 1 1.3791 -0.0388 0.0388 -0.0388 0.9612 1 0.7018 0 0
22 77 4872 0 0 0 0 0 1.0018 0 0.964 -0.4927 0.4931 0.5701 0.7083 1.3107 0.9552 -0.5203 0.6361 0.7688 0.845 2.078 0.9845 -0.4431 0.4597 0.5117 0.96 1.7457 -0.0069 0.0069 -0.0139 0.9861 1 0.3431 -0.1149 0.1149 -0.0861 0.9139 1 1.0373 -0.0982 0.0982 -0.0982 0.9018 1 0.6555 0 0
22 78 5072 0 0 0 0 0 1.0042 0 0.9669 0.0956 0.2074 0.2515 1 1.3031 0.9663 0.0124 0.3895 0.4817 0.98 2.0812 0.9475 0.0631 0.3912 0.4664 1 1.7951 0.0294 0.0294 0.0588 1.0588 1 0.3303 -0.1179 0.1179 -0.0884 0.9116 1 1.0704 -0.1472 0.1472 -0.1472 0.8528 1 0.6021 0 0
22 79 4772 0 0 0 0 0 1.003 0 0.9769 -0.0319 0.2729 0.3792 0.9167 1.3538 0.9701 -0.1019 0.3895 0.5134 0.955 1.9946 0.9525 -0.0642 0.3436 0.4402 0.98 1.7438 0.0394 0.0394 0.0787 1.0787 1 0.3171 -0.2804 0.2804 -0.2103 0.7897 1 0.9175 -0.2707 0.2707 -0.2707 0.7293 1 0.5448 0 0
22 80 4864 0 0 0 0 0 1.0024 0 0.9701 0.1277 0.2992 0.3729 0.9167 1.3211 0.9597 0.1682 0.4466 0.5504 0.95 2.0514 0.9671 -0.0414 0.3272 0.3809 1 1.9499 0.048 0.048 0.0961 1.0961 1 0.3295 0.1195 0.1195 0.0896 1.0896 1 1.3204 -0.0106 0.0106 -0.0106 0.9894 1 0.736 0 0
22 81 3408 0 0 0 0 0 1.0052 0 0.9831 0.0847 0.2517 0.344 0.9167 1.32 0.9682 0.0217 0.4204 0.5464 0.945 1.969 0.9208 0.0962 0.4338 0.5612 0.83 1.4516 -0.105 0.105 -0.2099 0.7901 1 0.3594 -0.4287 0.4287 -0.3215 0.6785 0 0.6961 -0.2483 0.2483 -0.2483 0.7517 1 0.551 0 0
22 82 6073 0 0 0 0 0 1.0074 0 0.9422 0.3358 0.3765 0.4453 0.875 1.3113 0.9719 0.3627 0.4711 0.5925 0.925 2.2681 0.9399 0.4241 0.5387 0.6649 0.78 1.8806 -0.0224 0.0224 -0.0447 0.9553 1 0.3294 0.2417 0.2417 0.1813 1.1813 1 1.2779 0.1918 0.1918 0.1918 1.1918 1 0.8314 0 0
22 83 5730 0 0 0 0 0 1.0037 0 0.9884 0.2069 0.2456 0.3027 1 1.2991 0.9638 0.2634 0.4513 0.5839 0.925 1.9626 0.9713 -0.2589 0.3483 0.4804 0.93 1.8781 0.0659 0.0659 0.1318 1.1318 1 0.3184 -0.1188 0.1188 -0.0891 0.9109 1 1.1215 -0.1977 0.1977 -0.1977 0.8023 1 0.5871 0 0
22 84 5325 0 0 0 0 0 1.0035 0 0.9613 -0.2198 0.2527 0.3059 1 1.2723 0.9551 -0.2743 0.4569 0.5936 0.93 2.1365 0.9664 -0.1928 0.3714 0.471 0.945 2.029 0.0462 0.0462 0.0924 1.0924 1 0.3257 0.4474 0.4474 0.3355 1.3355 1 1.5743 0.2155 0.2155 0.2155 1.2155 1 0.8206 0 0
22 85 4555 0 0 0 0 0 1.0017 0 0.9464 -0.6608 0.6608 0.7367 0.4583 1.3081 0.95 -0.6537 0.7091 0.844 0.745 1.9935 0.9271 -0.5106 0.6261 0.7486 0.655 1.6039 -0.0345 0.0345 -0.069 0.931 1 0.3224 -0.226 0.226 -0.1695 0.8305 1 0.857 -0.1474 0.1474 -0.1474 0.8526 1 0.5938 0 0
22 86 5881 0 0 0 0 0 1.0063 0 0.9595 0.1535 0.2487 0.299 1 1.3085 0.9644 0.1945 0.4077 0.5221 0.965 2.1412 0.9979 0.2386 0.2546 0.3086 1 2.2633 0.1135 0.1135 0.227 1.227 1 0.3255 0.4801 0.4801 0.3601 1.3601 1 1.7799 0.0866 0.0866 0.0866 1.0866 1 0.7606 0 0
22 87 3694 0 0 0 0 0 1.0026 0 0.9794 0.1537 0.2654 0.3161 1 1.2707 0.9523 0.1931 0.4461 0.5674 0.9 1.91 0.9627 0.3748 0.458 0.5736 0.68 1.4148 -0.0928 0.0928 -0.1856 0.8144 1 0.3878 -0.4917 0.4917 -0.3687 0.6313 0 0.681 -0.3113 0.3113 -0.3113 0.6887 0 0.505 0 0
22 88 3895 0 0 0 0 0 1.0034 0 0.9664 0.0112 0.2142 0.2676 1 1.2775 0.9637 0.001 0.3638 0.4864 0.95 1.9402 0.9753 0.341 0.4231 0.5175 0.875 1.5858 -0.0422 0.0422 -0.0844 0.9156 1 0.361 -0.3078 0.3078 -0.2308 0.7692 1 0.8376 -0.2066 0.2066 -0.2066 0.7934 1 0.5712 0 0
22 89 5401 0 0 0 0 0 1.0049 0 0.9703 -0.123 0.2294 0.333 0.9167 1.2965 0.9598 -0.0809 0.3893 0.5086 0.945 1.9504 0.9588 -0.2441 0.4093 0.5303 0.785 1.7824 0.0418 0.0418 0.0836 1.0836 1 0.3191 -0.1143 0.1143 -0.0857 0.9143 1 1.0636 -0.1611 0.1611 -0.1611 0.8389 1 0.5982 0 0
22 90 4363 0 0 0 0 0 1.0073 0 0.9843 -0.0578 0.1893 0.2338 1 1.3159 0.9602 -0.0811 0.4188 0.5187 0.96 2.1027 0.9826 -0.0565 0.2369 0.2691 1 1.7424 -0.0635 0.0635 -0.127 0.873 1 0.3329 0.0426 0.0426 0.0319 1.0319 1 1.0699 0.0939 0.0939 0.0939 1.0939 1 0.7711 0 0
22 91 5634 0 0 0 0 0 1.0047 0 0.9827 0.6733 0.6846 0.7467 0.5 1.38 0.9599 0.5734 0.6378 0.7609 0.78 1.884 0.9739 0.3812 0.4893 0.6092 0.835 1.9011 0.1281 0.1281 0.2562 1.2562 1 0.3005 -0.1887 0.1887 -0.1415 0.8585 1 1.1531 -0.3319 0.3319 -0.3319 0.6681 0 0.49 0 0
22 92 5633 0 0 0 0 0 1.0015 0 0.9636 -0.5885 0.5885 0.6462 0.625 1.3583 0.9678 -0.6528 0.7109 0.8319 0.81 2.3208 0.9905 -1.009 1.009 1.0357 0.79 2.4081 0.1166 0.1166 0.2332 1.2332 1 0.341 0.5286 0.5286 0.3965 1.3965 1 1.9972 0.1013 0.1013 0.1013 1.1013 1 0.7912 0 0
22 93 4717 0 0 0 0 0 1.0047 0 0.9544 -0.8689 0.8689 0.937 0.3333 1.3218 0.9607 -0.8388 0.8798 0.9867 0.595 2.1334 0.9719 -0.7397 0.7434 0.8203 0.57 1.639 -0.0954 0.0954 -0.1907 0.8093 1 0.3448 0.0164 0.0164 0.0123 1.0123 1 1.0575 0.1098 0.1098 0.1098 1.1098 1 0.778 0 0
22 94 5246 0 0 0 0 0 1.004 0 0.9517 -0.1855 0.2631 0.3145 0.9583 1.3025 0.9707 -0.2051 0.4152 0.5184 0.98 2.1775 0.9743 -0.2828 0.4301 0.4634 1 1.7777 -0.0167 0.0167 -0.0333 0.9667 1 0.3404 -0.0269 0.0269 -0.0202 0.9798 1 1.0935 -0.0214 0.0214 -0.0214 0.9786 1 0.675 0 0
22 95 5154 0 0 0 0 0 1.0036 0 0.9586 -0.9266 0.9266 0.9776 0.1667 1.3029 0.9556 -0.8853 0.9051 1.0241 0.6 2.087 0.9704 -0.79 0.79 0.8614 0.68 1.8299 0.0252 0.0252 0.0503 1.0503 1 0.3648 -0.1188 0.1188 -0.0891 0.9109 1 1.116 -0.144 0.144 -0.144 0.856 1 0.6649 0 0
22 96 5227 0 0 0 0 0 1.0061 0 0.9683 -0.5494 0.5606 0.6142 0.6667 1.3205 0.9564 -0.4753 0.6059 0.7262 0.87 2.0879 0.9755 -0.5569 0.5569 0.6616 0.81 1.7041 -0.0504 0.0504 -0.1007 0.8993 1 0.3489 -0.0149 0.0149 -0.0112 0.9888 1 1.009 0.0318 0.0318 0.0318 1.0318 1 0.7059 0 0
22 97 5337 0 0 0 0 0 1.0041 0 0.9332 -0.1947 0.3621 0.4488 0.8333 1.3175 0.9695 -0.1741 0.3934 0.502 0.95 1.9811 0.9749 -0.2347 0.3943 0.4491 1 1.889 0.0815 0.0815 0.1629 1.1629 1 0.3166 -0.0878 0.0878 -0.0658 0.9342 1 1.1331 -0.1996 0.1996 -0.1996 0.8004 1 0.5866 0 0
22 98 3603 0 0 0 0 0 1.0057 0 0.9865 0.3283 0.3413 0.3882 0.875 1.2951 0.9606 0.2933 0.448 0.5721 0.915 1.8707 0.9727 0.2975 0.3852 0.4727 0.76 1.3548 -0.115 0.115 -0.23 0.77 1 0.3697 -0.6526 0.6526 -0.4894 0.5106 0 0.5241 -0.4294 0.4294 -0.4294 0.5706 0 0.4226 0 0
22 99 5169 0 0 0 0 0 1.0038 0 0.9299 0.2825 0.3282 0.4188 0.9167 1.2819 0.9595 0.3434 0.4701 0.6098 0.94 2.1424 0.937 0.2976 0.4391 0.6141 0.78 1.6638 -0.1319 0.1319 -0.2638 0.7362 1 0.3518 0.2323 0.2323 0.1742 1.1742 1 1.1816 0.3332 0.3332 0.3332 1.3332 1 0.8977 0 0
22 100 7826 0 0 0 0 0 1.0015 0 0.9411 -0.0138 0.2853 0.3546 0.9583 1.3529 0.9734 0.0803 0.3837 0.491 0.99 2.2628 0.9572 -0.1023 0.4183 0.5094 1 2.0849 0.032 0.032 0.0639 1.0639 1 0.3389 0.2768 0.2768 0.2076 1.2076 1 1.4935 0.1228 0.1228 0.1228 1.1228 1 0.86 0 0
22 101 5163 0 0 0 0 0 1.0046 0 0.9479 0.4318 0.445 0.5088 0.875 1.2915 0.9636 0.375 0.48 0.5883 0.915 2.0098 0.9898 0.4131 0.4976 0.5798 0.825 1.6978 -0.0107 0.0107 -0.0214 0.9786 1 0.3225 -0.0876 0.0876 -0.0657 0.9343 1 1.0485 -0.0717 0.0717 -0.0717 0.9283 1 0.6728 0 0
22 102 5096 0 0 0 0 0 1.0031 0 0.9525 -0.6631 0.6631 0.753 0.5417 1.3338 0.9683 -0.6308 0.6723 0.7823 0.805 2.1408 0.9875 -0.4968 0.5043 0.5812 0.955 1.938 0.0262 0.0262 0.0523 1.0523 1 0.322 0.3242 0.3242 0.2432 1.2432 1 1.3784 0.1733 0.1733 0.1733 1.1733 1 0.8476 0 0
22 103 5797 0 0 0 0 0 1.0032 0 0.975 -0.5369 0.5565 0.6013 0.625 1.3326 0.9607 -0.5351 0.6328 0.7673 0.815 2.0142 0.9864 -0.5915 0.6013 0.6366 0.885 1.9253 0.0949 0.0949 0.1899 1.1899 1 0.3213 -0.2057 0.2057 -0.1542 0.8458 1 1.073 -0.2948 0.2948 -0.2948 0.7052 1 0.5502 0 0
22 104 5600 0 0 0 0 0 1.0024 0 0.973 0.222 0.3054 0.3912 0.9167 1.3036 0.9617 0.1101 0.4811 0.6396 0.915 1.9139 0.9689 0.1598 0.3245 0.39 1 1.7374 0.076 0.076 0.1521 1.1521 1 0.3371 -0.355 0.355 -0.2663 0.7337 1 0.8886 -0.3649 0.3649 -0.3649 0.6351 0 0.4904 0 0
22 105 5236 0 0 0 0 0 1.0064 0 0.9681 0.0215 0.2241 0.2827 1 1.3193 0.9659 0.0291 0.4084 0.5413 0.965 2.1801 0.9837 -0.16 0.3231 0.365 1 1.9815 0.0399 0.0399 0.0799 1.0799 1 0.3306 0.1047 0.1047 0.0785 1.0785 1 1.3034 -0.0103 0.0103 -0.0103 0.9897 1 0.7259 0 0
22 106 6326 0 0 0 0 0 1.0017 0 0.961 -0.8221 0.8221 0.8873 0.25 1.3277 0.9578 -0.8075 0.8406 0.9663 0.66 2.0388 0.9867 -0.5284 0.5297 0.6013 0.87 1.8756 0.0609 0.0609 0.1218 1.1218 1 0.3106 -0.0265 0.0265 -0.0199 0.9801 1 1.1436 -0.1272 0.1272 -0.1272 0.8728 1 0.605 0 0
22 107 5690 0 0 0 0 0 1.0015 0 0.9553 0.1864 0.3442 0.3942 0.9167 1.3166 0.9586 0.0797 0.4322 0.5914 0.94 1.9445 0.9674 0.196 0.426 0.4574 1 1.7529 0.0446 0.0446 0.0892 1.0892 1 0.3357 -0.2147 0.2147 -0.1611 0.8389 1 0.9721 -0.2337 0.2337 -0.2337 0.7663 1 0.5798 0 0
22 108 3869 0 0 0 0 0 1.0072 0 0.9598 -0.4205 0.4434 0.4778 0.8333 1.3093 0.96 -0.4803 0.5588 0.6878 0.865 2.1524 0.9881 -0.5205 0.5205 0.5651 0.86 1.6305 -0.0885 0.0885 -0.177 0.823 1 0.3425 -0.1387 0.1387 -0.104 0.896 1 0.921 -0.0226 0.0226 -0.0226 0.9774 1 0.7043 0 0
22 109 4283 0 0 0 0 0 1.0056 0 0.9725 0.0529 0.2058 0.2756 1 1.2983 0.9613 0.0759 0.3794 0.4957 0.96 1.9237 0.977 0.0748 0.3133 0.3875 0.91 1.6561 0.0071 0.0071 0.0142 1.0142 1 0.3366 -0.272 0.272 -0.204 0.796 1 0.9264 -0.2292 0.2292 -0.2292 0.7708 1 0.5808 0 0
22 110 4867 0 0 0 0 0 1.0105 0 0.9409 -0.4512 0.456 0.5746 0.6667 1.3391 0.9626 -0.4197 0.5607 0.7225 0.88 2.0967 0.9458 -0.47 0.5161 0.6571 0.825 1.9905 0.0763 0.0763 0.1526 1.1526 1 0.3227 -0.002 0.002 -0.0015 0.9985 1 1.266 -0.1372 0.1372 -0.1372 0.8628 1 0.656 0 0
22 111 4584 0 0 0 0 0 1.0025 0 0.9636 0.343 0.424 0.5095 0.8333 1.3438 0.9656 0.2271 0.473 0.5932 0.915 2.0445 0.9822 0.3786 0.3941 0.4627 1 1.6007 -0.0462 0.0462 -0.0925 0.9075 1 0.3487 -0.3167 0.3167 -0.2375 0.7625 1 0.8248 -0.2075 0.2075 -0.2075 0.7925 1 0.6042 0 0
22 112 3913 0 0 0 0 0 1.0066 0 0.9858 -0.5615 0.5615 0.6121 0.5833 1.3118 0.9614 -0.5336 0.5969 0.7165 0.805 2.0637 0.9817 -0.7035 0.7035 0.7908 0.595 1.6129 -0.0573 0.0573 -0.1147 0.8853 1 0.3341 -0.0805 0.0805 -0.0603 0.9397 1 0.9867 -0.0097 0.0097 -0.0097 0.9903 1 0.7163 0 0
22 113 3480 0 0 0 0 0 1.0062 0 0.9626 -0.0078 0.2115 0.2719 0.9583 1.3023 0.9655 0.0031 0.3829 0.497 0.98 2.1674 0.9812 0.222 0.3454 0.4201 0.865 1.4165 -0.2504 0.2504 -0.5008 0.4992 0 0.3642 -0.3018 0.3018 -0.2264 0.7736 1 0.7537 -0.0442 0.0442 -0.0442 0.9558 1 0.6821 0 0
22 114 4078 0 0 0 0 0 1.0031 0 0.976 -0.0574 0.3015 0.386 1 1.3419 0.9531 -0.035 0.4422 0.558 0.935 1.8801 0.9852 -0.1669 0.3353 0.4202 0.895 1.6077 0.0216 0.0216 0.0433 1.0433 1 0.3412 -0.4344 0.4344 -0.3258 0.6742 1 0.7618 -0.3604 0.3604 -0.3604 0.6396 0 0.4867 0 0
22 115 3308 0 0 0 0 0 1.007 0 0.9619 0.3321 0.3827 0.4546 0.875 1.3205 0.9663 0.2756 0.4201 0.5409 0.96 2.1284 0.9818 0.2457 0.3087 0.3933 0.98 1.8276 -0.0123 0.0123 -0.0245 0.9755 1 0.314 0.1982 0.1982 0.1487 1.1487 1 1.2172 0.1451 0.1451 0.1451 1.1451 1 0.748 0 0
22 116 5563 0 0 0 0 0 1.0029 0 0.9693 0.3148 0.3777 0.4858 0.8333 1.3402 0.9603 0.2302 0.4646 0.6009 0.94 2.0392 0.9727 0.2554 0.3744 0.4289 1 1.7484 0.0071 0.0071 0.0142 1.0142 1 0.3266 -0.0633 0.0633 -0.0475 0.9525 1 1.0638 -0.0763 0.0763 -0.0763 0.9237 1 0.6742 0 0
22 117 4651 0 0 0 0 0 1.0037 0 0.9817 -0.5145 0.5368 0.5808 0.75 1.3275 0.9647 -0.4962 0.5766 0.6979 0.825 2.095 0.968 -0.4505 0.4903 0.5831 0.825 1.6514 -0.0414 0.0414 -0.0829 0.9171 1 0.3215 -0.1906 0.1906 -0.143 0.857 1 0.937 -0.1125 0.1125 -0.1125 0.8875 1 0.6555 0 0
22 118 4472 0 0 0 0 0 1.002 0 0.9698 0.0212 0.2972 0.3726 1 1.3504 0.9657 0.0029 0.4474 0.5763 0.93 1.98 0.9943 -0.0814 0.1344 0.1976 1 1.4724 -0.0874 0.0874 -0.1748 0.8252 1 0.3665 -0.4841 0.4841 -0.363 0.637 0 0.6789 -0.3079 0.3079 -0.3079 0.6921 0 0.5169 0 0
22 119 5979 0 0 0 0 0 1.0013 0 0.9723 -0.0848 0.2508 0.3276 0.9167 1.3313 0.9628 -0.0736 0.4348 0.5714 0.935 1.8663 0.9739 -0.081 0.2793 0.3462 1 1.53 0.023 0.023 0.046 1.046 1 0.3543 -0.6832 0.6832 -0.5124 0.4876 0 0.6069 -0.5396 0.5396 -0.5396 0.4604 0 0.3916 0 0
22 120 3467 0 0 0 0 0 1.0095 0 0.9854 0.2099 0.2749 0.3392 0.9583 1.2946 0.9597 0.2258 0.4349 0.5442 0.925 1.9909 0.9236 0.2159 0.5908 0.6779 0.83 1.8363 0.0311 0.0311 0.0622 1.0622 1 0.3036 0.1329 0.1329 0.0997 1.0997 1 1.2587 0.0297 0.0297 0.0297 1.0297 1 0.7295 0 0
22 121 4817 0 0 0 0 0 1.0056 0 0.9799 -0.057 0.2437 0.2821 1 1.3088 0.9534 -0.0409 0.4083 0.5098 0.935 1.858 0.9744 -0.0796 0.3252 0.3809 1 1.5823 0.0244 0.0244 0.0489 1.0489 1 0.3454 -0.478 0.478 -0.3585 0.6415 0 0.7235 -0.3951 0.3951 -0.3951 0.6049 0 0.4494 0 0
22 122 4166 0 0 0 0 0 1.0056 0 0.982 -0.2683 0.2995 0.3375 0.9583 1.3403 0.9672 -0.2156 0.4068 0.5204 0.96 2.1634 0.9853 -0.2521 0.2994 0.3621 1 1.8513 0.001 0.001 0.0021 1.0021 1 0.3301 0.0445 0.0445 0.0334 1.0334 1 1.1768 0.0067 0.0067 0.0067 1.0067 1 0.7602 0 0
22 123 4464 0 0 0 0 0 1.0047 0 0.9759 0.0415 0.2192 0.2624 1 1.3009 0.9679 0.0323 0.3653 0.4736 0.975 2.0449 0.9091 0.0493 0.4984 0.5927 0.845 1.6124 -0.0678 0.0678 -0.1355 0.8645 1 0.3541 -0.1877 0.1877 -0.1408 0.8592 1 0.914 -0.0862 0.0862 -0.0862 0.9138 1 0.659 0 0
22 124 5414 0 0 0 0 0 1.0031 0 0.9683 -0.1199 0.2529 0.2988 1 1.3049 0.965 -0.1121 0.3817 0.4866 0.96 1.9412 0.9448 -0.1331 0.4925 0.6094 0.88 2.1277 0.1402 0.1402 0.2803 1.2803 1 0.2962 0.1532 0.1532 0.1149 1.1149 1 1.5217 -0.1558 0.1558 -0.1558 0.8442 1 0.6119 0 0
22 125 4495 0 0 0 0 0 1.0062 0 0.9831 -0.67 0.67 0.7589 0.5833 1.4301 0.9535 -0.6632 0.7281 0.8599 0.76 2.1615 0.9671 -0.9188 0.919 1.0144 0.395 1.7651 -0.0406 0.0406 -0.0812 0.9188 1 0.3356 0.082 0.082 0.0615 1.0615 1 1.1118 0.097 0.097 0.097 1.097 1 0.787 0 0
22 126 3226 0 0 0 0 0 1.0081 0 0.9784 0.0723 0.2998 0.3652 1 1.3795 0.9598 -0.0215 0.4112 0.5256 0.97 1.9769 0.9876 0.0298 0.3242 0.3971 0.965 1.4929 -0.1181 0.1181 -0.2363 0.7637 1 0.3508 -0.2579 0.2579 -0.1934 0.8066 1 0.8196 -0.0952 0.0952 -0.0952 0.9048 1 0.6395 0 0
22 127 7800 0 0 0 0 0 1.0041 0 0.9595 -0.4974 0.5113 0.5774 0.6667 1.3259 0.9682 -0.4585 0.5547 0.6763 0.875 2.1902 0.9779 -0.3158 0.3703 0.4343 1 2.2647 0.0948 0.0948 0.1896 1.1896 1 0.3187 0.5187 0.5187 0.3891 1.3891 1 1.7827 0.156 0.156 0.156 1.156 1 0.8368 0 0
22 128 4625 0 0 0 0 0 1.0023 0 0.9304 0.5465 0.558 0.6223 0.625 1.3155 0.9637 0.5639 0.6267 0.757 0.87 2.1439 0.9783 0.4585 0.4679 0.5485 0.95 1.7783 0.0182 0.0182 0.0365 1.0365 1 0.3148 -0.1227 0.1227 -0.092 0.908 1 1.0283 -0.1317 0.1317 -0.1317 0.8683 1 0.6487 0 0
22 129 5582 0 0 0 0 0 1.0048 0 0.9805 0.3152 0.3152 0.3611 0.9583 1.2794 0.9613 0.286 0.436 0.5444 0.92 2.0159 0.9767 0.3031 0.3627 0.46 0.975 1.7456 0.0077 0.0077 0.0153 1.0153 1 0.3533 -0.1395 0.1395 -0.1046 0.8954 1 1.0341 -0.1367 0.1367 -0.1367 0.8633 1 0.6184 0 0
22 130 4302 0 0 0 0 0 1.0026 0 0.9551 -0.7322 0.7546 0.8529 0.4167 1.3769 0.9561 -0.657 0.761 0.8929 0.67 1.9444 0.9559 -0.7833 0.7996 0.9338 0.49 1.5877 0.0046 0.0046 0.0092 1.0092 1 0.3442 -0.3651 0.3651 -0.2739 0.7261 1 0.7815 -0.2933 0.2933 -0.2933 0.7067 1 0.5354 0 0
22 131 5453 0 0 0 0 0 1.0019 0 0.9606 -0.2973 0.3533 0.4208 0.875 1.3166 0.9588 -0.3146 0.5072 0.6229 0.9 2.0316 0.9662 -0.4394 0.4503 0.5762 0.87 1.9801 0.0958 0.0958 0.1917 1.1917 1 0.34 -0.0147 0.0147 -0.011 0.989 1 1.255 -0.1791 0.1791 -0.1791 0.8209 1 0.6082 0 0
22 132 6014 0 0 0 0 0 1.0041 0 0.9718 -0.2483 0.2902 0.3742 0.875 1.294 0.9696 -0.2506 0.4286 0.5344 0.92 1.9596 0.9809 -0.3688 0.4083 0.4625 0.99 1.7998 0.0843 0.0843 0.1686 1.1686 1 0.3304 -0.2757 0.2757 -0.2068 0.7932 1 1.0506 -0.3259 0.3259 -0.3259 0.6741 0 0.5232 0 0
22 133 5019 0 0 0 0 0 1.0057 0 0.9598 0.2728 0.3659 0.4733 0.7917 1.3308 0.9604 0.2655 0.5083 0.6696 0.89 1.9176 0.9494 0.0347 0.3151 0.4455 0.83 1.4679 -0.049 0.049 -0.098 0.902 1 0.3758 -0.5302 0.5302 -0.3976 0.6024 0 0.6761 -0.374 0.374 -0.374 0.626 0 0.4902 0 0
22 134 4748 0 0 0 0 0 1.0024 0 0.9706 -0.7865 0.7865 0.8413 0.25 1.3346 0.9558 -0.7504 0.8049 0.9164 0.67 2.0755 0.987 -0.7808 0.7808 0.8175 0.555 1.7031 -0.0039 0.0039 -0.0077 0.9923 1 0.3437 -0.237 0.237 -0.1778 0.8222 1 0.9809 -0.1913 0.1913 -0.1913 0.8087 1 0.6469 0 0
22 135 5190 0 0 0 0 0 1.0047 0 0.9665 -0.1851 0.3451 0.4333 0.9167 1.3327 0.9513 -0.0904 0.4777 0.6608 0.88 1.8239 0.9728 -0.2991 0.3879 0.4833 0.86 1.4966 -8e-04 8e-04 -0.0015 0.9985 1 0.3687 -0.6155 0.6155 -0.4616 0.5384 0 0.6496 -0.4751 0.4751 -0.4751 0.5249 0 0.4022 0 0
22 136 3683 0 0 0 0 0 1.0067 0 0.9464 0.2662 0.3163 0.3774 0.9167 1.27 0.9658 0.2945 0.4194 0.532 0.945 2.0219 0.9514 0.1068 0.3531 0.4654 0.915 1.5727 -0.1041 0.1041 -0.2082 0.7918 1 0.3523 -0.2335 0.2335 -0.1751 0.8249 1 0.8113 -0.0868 0.0868 -0.0868 0.9132 1 0.6272 0 0
22 137 4766 0 0 0 0 0 1.0038 0 0.9748 0.3478 0.3776 0.4366 0.875 1.3538 0.9694 0.3424 0.4594 0.6018 0.895 2.1273 0.9845 0.1416 0.2289 0.3333 1 1.7938 0.0137 0.0137 0.0275 1.0275 1 0.3264 -0.1136 0.1136 -0.0852 0.9148 1 1.0394 -0.1217 0.1217 -0.1217 0.8783 1 0.6429 0 0
22 138 6794 0 0 0 0 0 1.0093 0 0.9764 -0.2657 0.3205 0.4037 0.875 1.3134 0.9623 -0.298 0.4643 0.6029 0.92 1.9767 0.9833 -0.2734 0.3691 0.4553 0.96 2.09 0.1124 0.1124 0.2248 1.2248 1 0.326 0.0684 0.0684 0.0513 1.0513 1 1.4021 -0.1582 0.1582 -0.1582 0.8418 1 0.6157 0 0
22 139 5480 0 0 0 0 0 1.0024 0 0.9657 1.163 1.163 1.1884 0.0417 1.322 0.9622 1.1152 1.1432 1.2382 0.43 2.2257 0.9637 1.0664 1.0664 1.1316 0.37 2.0502 0.0659 0.0659 0.1317 1.1317 1 0.3178 0.1522 0.1522 0.1141 1.1141 1 1.3937 -0.0184 0.0184 -0.0184 0.9816 1 0.7201 0 0
22 140 5194 0 0 0 0 0 1.0033 0 0.9645 -0.4126 0.4519 0.4988 0.875 1.3215 0.9634 -0.3677 0.511 0.6329 0.91 2.1772 0.9723 -0.2919 0.3658 0.4539 0.945 1.732 -0.0769 0.0769 -0.1538 0.8462 1 0.3378 0.057 0.057 0.0428 1.0428 1 1.0967 0.1228 0.1228 0.1228 1.1228 1 0.8102 0 0
22 141 5130 0 0 0 0 0 1.0023 0 0.9723 0.231 0.3247 0.4009 0.9583 1.3325 0.9605 0.2114 0.4719 0.5893 0.915 1.9917 0.9474 0.3166 0.4347 0.5632 0.78 1.5858 -0.0509 0.0509 -0.1019 0.8981 1 0.3494 -0.2828 0.2828 -0.2121 0.7879 1 0.8661 -0.1772 0.1772 -0.1772 0.8228 1 0.6072 0 0
22 142 4481 0 0 0 0 0 1.0052 0 0.927 -0.1632 0.3048 0.3719 0.9583 1.2979 0.9473 -0.2622 0.5056 0.6495 0.925 2.1303 0.9367 -0.5111 0.5737 0.7166 0.77 1.7145 -0.0272 0.0272 -0.0544 0.9456 1 0.3259 -0.0871 0.0871 -0.0653 0.9347 1 0.9936 -0.0496 0.0496 -0.0496 0.9504 1 0.6928 0 0
22 143 3239 0 0 0 0 0 1.004 0 0.9731 -0.2418 0.2448 0.3068 0.9583 1.3132 0.9597 -0.2515 0.4817 0.6085 0.95 2.159 0.9648 -0.153 0.3967 0.4705 1 1.6578 -0.0593 0.0593 -0.1187 0.8813 1 0.3544 -0.2185 0.2185 -0.1639 0.8361 1 0.8655 -0.1174 0.1174 -0.1174 0.8826 1 0.6672 0 0
22 144 5666 0 0 0 0 0 1.0021 0 0.9649 -0.0981 0.2275 0.2836 0.9583 1.3259 0.9725 -0.0777 0.4173 0.5253 0.975 2.0873 0.9885 -0.18 0.2237 0.291 1 1.8401 0.0417 0.0417 0.0834 1.0834 1 0.3286 -0.1668 0.1668 -0.1251 0.8749 1 1.0823 -0.1981 0.1981 -0.1981 0.8019 1 0.5946 0 0
22 145 4647 0 0 0 0 0 1.0062 0 0.9646 -0.118 0.3069 0.372 0.9583 1.324 0.9694 -0.1263 0.4046 0.5123 0.955 1.9578 0.9858 -0.0679 0.2052 0.2512 1 1.5572 -0.0282 0.0282 -0.0565 0.9435 1 0.3609 -0.4655 0.4655 -0.3491 0.6509 0 0.7541 -0.3398 0.3398 -0.3398 0.6602 0 0.5218 0 0
22 146 4061 0 0 0 0 0 1.0043 0 0.976 -0.5728 0.5861 0.6904 0.6667 1.3253 0.961 -0.4269 0.6076 0.7276 0.84 1.9746 0.9898 -0.4875 0.4875 0.5528 0.91 1.7075 0.016 0.016 0.0319 1.0319 1 0.3306 -0.2456 0.2456 -0.1842 0.8158 1 0.941 -0.2203 0.2203 -0.2203 0.7797 1 0.5779 0 0
22 147 4963 0 0 0 0 0 1.0046 0 0.9702 -0.7288 0.7288 0.7795 0.2917 1.3284 0.9543 -0.6731 0.7108 0.8535 0.76 2.0914 0.9659 -0.5034 0.5722 0.6502 0.89 1.9085 0.0143 0.0143 0.0285 1.0285 1 0.3324 0.1481 0.1481 0.1111 1.1111 1 1.2777 0.0637 0.0637 0.0637 1.0637 1 0.7545 0 0
22 148 5494 0 0 0 0 0 1.0027 0 0.9709 0.105 0.3009 0.3911 0.9583 1.3628 0.9665 0.0479 0.4017 0.5031 0.955 1.9676 0.983 0.0486 0.2281 0.2651 1 1.8437 0.0731 0.0731 0.1463 1.1463 1 0.3379 -0.2621 0.2621 -0.1966 0.8034 1 1.0186 -0.3051 0.3051 -0.3051 0.6949 1 0.5482 0 0
22 149 4797 0 0 0 0 0 1.0059 0 0.9851 -0.2231 0.245 0.3121 0.9583 1.2773 0.9644 -0.2138 0.4218 0.519 0.97 1.9861 0.9628 -0.0013 0.4329 0.5298 0.89 1.8194 0.0223 0.0223 0.0446 1.0446 1 0.3151 0.1299 0.1299 0.0974 1.0974 1 1.2058 0.0416 0.0416 0.0416 1.0416 1 0.7136 0 0
22 150 4822 0 0 0 0 0 1.0038 0 0.9727 0.5915 0.5915 0.6439 0.5833 1.3555 0.9665 0.5341 0.6101 0.7432 0.83 2.2975 0.9597 0.4073 0.5587 0.6409 0.99 1.9166 -0.0516 0.0516 -0.1032 0.8968 1 0.3613 0.266 0.266 0.1995 1.1995 1 1.3513 0.249 0.249 0.249 1.249 1 0.8767 0 0
22 151 4842 0 0 0 0 0 1.0054 0 0.9716 -0.6178 0.6178 0.6821 0.625 1.3154 0.9593 -0.5573 0.6469 0.7829 0.8 2.0509 0.9833 -0.6406 0.6406 0.7325 0.86 2.3455 0.1576 0.1576 0.3151 1.3151 0 0.318 0.2765 0.2765 0.2074 1.2074 1 1.789 -0.1312 0.1312 -0.1312 0.8688 1 0.6639 0 0
22 152 4607 0 0 0 0 0 1.0031 0 0.957 0.5114 0.6097 0.6756 0.5833 1.3375 0.9677 0.417 0.5749 0.7126 0.795 1.8696 0.9749 0.227 0.3577 0.4241 1 1.6411 0.0458 0.0458 0.0916 1.0916 1 0.3572 -0.4714 0.4714 -0.3535 0.6465 1 0.7901 -0.4121 0.4121 -0.4121 0.5879 0 0.472 0 0
22 153 4403 0 0 0 0 0 1.0028 0 0.98 -0.0423 0.2277 0.2878 1 1.3252 0.9674 -0.0297 0.3687 0.4682 0.99 1.9622 0.9821 0.0728 0.3748 0.4367 1 1.6549 -0.0125 0.0125 -0.0249 0.9751 1 0.3175 -0.1445 0.1445 -0.1084 0.8916 1 0.9563 -0.1108 0.1108 -0.1108 0.8892 1 0.6301 0 0
22 154 4448 0 0 0 0 0 1.0045 0 0.9742 0.3336 0.3626 0.4089 0.9167 1.2821 0.9656 0.2858 0.4302 0.535 0.94 2.105 0.9788 0.198 0.3415 0.4001 1 1.677 -0.0823 0.0823 -0.1647 0.8353 1 0.3444 0.1275 0.1275 0.0956 1.0956 1 1.1217 0.1841 0.1841 0.1841 1.1841 1 0.7874 0 0
22 155 6836 0 0 0 0 0 1.004 0 0.9791 -0.2883 0.3224 0.438 0.875 1.3551 0.9589 -0.2114 0.4154 0.5244 0.91 1.8335 0.9687 -0.3829 0.5122 0.6622 0.77 1.6937 0.0659 0.0659 0.1318 1.1318 1 0.351 -0.4518 0.4518 -0.3389 0.6611 1 0.8823 -0.4218 0.4218 -0.4218 0.5782 0 0.457 0 0
22 156 3835 0 0 0 0 0 1.0057 0 0.9791 0.2299 0.2665 0.308 0.9583 1.301 0.9578 0.2202 0.4323 0.5672 0.945 2.0875 0.9935 0.0336 0.1369 0.182 1 1.5921 -0.0962 0.0962 -0.1924 0.8076 1 0.3577 -0.0612 0.0612 -0.0459 0.9541 1 0.9683 0.0479 0.0479 0.0479 1.0479 1 0.7403 0 0
22 157 5667 0 0 0 0 0 1.0026 0 0.951 -0.3359 0.3532 0.425 0.9167 1.3247 0.9595 -0.3042 0.4776 0.5917 0.93 2.1133 0.9857 -0.5029 0.5261 0.6135 0.84 1.8402 -0.0069 0.0069 -0.0138 0.9862 1 0.3364 0.104 0.104 0.078 1.078 1 1.2308 0.0618 0.0618 0.0618 1.0618 1 0.7539 0 0
22 158 4688 0 0 0 0 0 1.0032 0 0.9613 0.137 0.2687 0.3428 0.9167 1.268 0.9524 0.1073 0.4508 0.58 0.94 1.9615 0.9797 0.3075 0.3965 0.481 0.845 1.4665 -0.1021 0.1021 -0.2042 0.7958 1 0.3513 -0.3393 0.3393 -0.2545 0.7455 1 0.7816 -0.1764 0.1764 -0.1764 0.8236 1 0.5934 0 0
22 159 6190 0 0 0 0 0 1.0032 0 0.9244 0.3313 0.3773 0.4549 0.8333 1.283 0.9554 0.4093 0.5118 0.6308 0.895 1.9392 0.9859 0.4383 0.4608 0.5871 0.89 2.1685 0.1652 0.1652 0.3305 1.3305 0 0.3142 -0.0328 0.0328 -0.0246 0.9754 1 1.4604 -0.3127 0.3127 -0.3127 0.6873 0 0.5124 0 0
22 160 4278 0 0 0 0 0 1.0033 0 0.9641 0.4296 0.4487 0.521 0.7917 1.334 0.9551 0.4665 0.6077 0.7342 0.885 2.1669 0.9934 0.4942 0.4942 0.5361 1 1.798 -0.0206 0.0206 -0.0412 0.9588 1 0.3526 -0.0449 0.0449 -0.0336 0.9664 1 1.096 -0.0291 0.0291 -0.0291 0.9709 1 0.7088 0 0
22 161 3529 0 0 0 0 0 1.0057 0 0.9699 -0.4648 0.4665 0.5232 0.8333 1.292 0.9632 -0.436 0.5335 0.655 0.855 2.099 0.9488 -0.4212 0.5328 0.6265 0.735 1.7151 -0.0513 0.0513 -0.1026 0.8974 1 0.337 0.1302 0.1302 0.0977 1.0977 1 1.1516 0.148 0.148 0.148 1.148 1 0.8033 0 0
22 162 5818 0 0 0 0 0 1.0039 0 0.9448 -0.2694 0.3652 0.4882 0.9167 1.3083 0.9619 -0.2214 0.434 0.5703 0.935 2.0232 0.9636 -0.4027 0.4499 0.5697 1 2.2005 0.1369 0.1369 0.2739 1.2739 1 0.2972 0.2568 0.2568 0.1926 1.1926 1 1.5612 -0.0898 0.0898 -0.0898 0.9102 1 0.6737 0 0
22 163 4552 0 0 0 0 0 1.0048 0 0.9803 0.2246 0.3929 0.4936 0.9583 1.4273 0.9688 0.1414 0.4544 0.5857 0.935 2.061 0.9727 0.2271 0.3124 0.3993 1 1.7487 -0.0066 0.0066 -0.0131 0.9869 1 0.3444 -0.1473 0.1473 -0.1104 0.8896 1 1.012 -0.1237 0.1237 -0.1237 0.8763 1 0.6354 0 0
22 164 4013 0 0 0 0 0 1.0025 0 0.9792 -0.7136 0.7149 0.8127 0.4583 1.3752 0.9598 -0.5901 0.6572 0.7782 0.745 1.9121 0.9794 -0.6028 0.6388 0.7178 0.555 1.4401 -0.0818 0.0818 -0.1636 0.8364 1 0.379 -0.5168 0.5168 -0.3876 0.6124 0 0.6719 -0.3388 0.3388 -0.3388 0.6612 0 0.511 0 0
22 165 5148 0 0 0 0 0 1.0066 0 0.9775 -0.5339 0.5339 0.6018 0.6667 1.3314 0.9668 -0.542 0.6023 0.7299 0.85 2.1494 0.9447 -0.4042 0.469 0.6186 0.84 1.7931 -0.0226 0.0226 -0.0453 0.9547 1 0.3486 0.0847 0.0847 0.0635 1.0635 1 1.1951 0.0711 0.0711 0.0711 1.0711 1 0.7754 0 0
22 166 3981 0 0 0 0 0 1.0045 0 0.9708 0.7993 0.7993 0.851 0.2917 1.3657 0.9596 0.7977 0.8236 0.9425 0.675 2.2009 0.9821 0.8697 0.8697 0.9262 0.565 1.7952 -0.0327 0.0327 -0.0655 0.9345 1 0.3274 0.1279 0.1279 0.0959 1.0959 1 1.1691 0.1209 0.1209 0.1209 1.1209 1 0.8059 0 0
22 167 4899 0 0 0 0 0 1.0025 0 0.9529 -0.6358 0.6418 0.7208 0.4583 1.3117 0.9519 -0.644 0.7342 0.8436 0.67 1.982 0.9616 -0.6954 0.706 0.8607 0.6 1.8274 0.0626 0.0626 0.1251 1.1251 1 0.3174 -0.0994 0.0994 -0.0746 0.9254 1 1.0877 -0.1784 0.1784 -0.1784 0.8216 1 0.601 0 0
22 168 5273 0 0 0 0 0 1.0029 0 0.9291 -0.9465 0.9465 1.0029 0.2917 1.3443 0.9587 -0.8646 0.9104 1.0154 0.585 2.1212 0.9599 -0.6797 0.7076 0.7918 0.75 1.8619 0.0237 0.0237 0.0473 1.0473 1 0.3496 0.0229 0.0229 0.0171 1.0171 1 1.2247 -0.0445 0.0445 -0.0445 0.9555 1 0.6915 0 0
22 169 6831 0 0 0 0 0 1.0056 0 0.9715 -0.0858 0.2743 0.3353 0.9583 1.3536 0.9692 -0.0921 0.392 0.5027 0.985 2.1029 0.941 -0.1866 0.4295 0.5177 1 2.2286 0.1125 0.1125 0.225 1.225 1 0.3046 0.481 0.481 0.3608 1.3608 1 1.7384 0.0957 0.0957 0.0957 1.0957 1 0.7688 0 0
22 170 5575 0 0 0 0 0 1.0029 0 0.9707 -0.017 0.265 0.3444 0.9583 1.3561 0.9649 -0.0272 0.4305 0.5631 0.95 1.9159 0.9454 0.0613 0.3847 0.4744 0.955 1.9042 0.1203 0.1203 0.2407 1.2407 1 0.3071 -0.229 0.229 -0.1717 0.8283 1 1.0592 -0.3433 0.3433 -0.3433 0.6567 0 0.4932 0 0
22 171 5320 0 0 0 0 0 1.0063 0 0.9519 0.5496 0.5601 0.7072 0.7083 1.3675 0.9641 0.4115 0.5722 0.6939 0.815 1.8981 0.9523 0.4435 0.5286 0.619 0.73 1.4554 -0.0457 0.0457 -0.0914 0.9086 1 0.3675 -0.5878 0.5878 -0.4408 0.5592 0 0.6308 -0.4195 0.4195 -0.4195 0.5805 0 0.4614 0 0
22 172 6311 0 0 0 0 0 1.0031 0 0.9475 -0.3558 0.3779 0.4788 0.8333 1.3047 0.9593 -0.4208 0.5811 0.7119 0.87 1.9919 0.9805 -0.3758 0.4287 0.488 1 2.3666 0.1802 0.1802 0.3604 1.3604 0 0.3285 0.1066 0.1066 0.08 1.08 1 1.7709 -0.273 0.273 -0.273 0.727 1 0.5657 0 0
22 173 4509 0 0 0 0 0 1.0058 0 0.978 0.0131 0.231 0.2941 1 1.3206 0.9571 -0.0327 0.4148 0.5638 0.91 1.9223 0.9347 0.0168 0.4543 0.5119 0.86 1.6912 0.0441 0.0441 0.0881 1.0881 1 0.3342 -0.3388 0.3388 -0.2541 0.7459 1 0.8984 -0.3178 0.3178 -0.3178 0.6822 0 0.5125 0 0
22 174 4398 0 0 0 0 0 1.0026 0 0.9605 -0.281 0.334 0.4124 0.9167 1.303 0.9528 -0.3125 0.4537 0.5785 0.92 2.0097 0.9931 -0.2582 0.3559 0.4516 0.85 1.5378 -0.1384 0.1384 -0.2768 0.7232 1 0.3505 -0.1087 0.1087 -0.0815 0.9185 1 0.9232 0.0481 0.0481 0.0481 1.0481 1 0.7229 0 0
22 175 5389 0 0 0 0 0 1.0046 0 0.9769 0.4993 0.5026 0.5545 0.7917 1.33 0.9544 0.5091 0.6444 0.7684 0.81 2.1456 0.9822 0.6497 0.6497 0.7027 0.735 1.7467 -0.0169 0.0169 -0.0337 0.9663 1 0.3333 -0.0572 0.0572 -0.0429 0.9571 1 1.08 -0.0424 0.0424 -0.0424 0.9576 1 0.6904 0 0
22 176 4585 0 0 0 0 0 1.0119 0 0.9652 0.2644 0.3637 0.4612 0.9167 1.352 0.9513 0.1466 0.4523 0.5976 0.905 1.9715 0.985 0.3408 0.3601 0.4437 0.89 1.5388 -0.075 0.075 -0.1499 0.8501 1 0.3849 -0.3892 0.3892 -0.2919 0.7081 1 0.8157 -0.2432 0.2432 -0.2432 0.7568 1 0.5736 0 0
22 177 5363 0 0 0 0 0 1.0046 0 0.9798 0.5637 0.5637 0.6091 0.625 1.314 0.9658 0.5102 0.5939 0.7094 0.86 2.0607 0.9652 0.4449 0.4625 0.5849 0.835 1.7061 -0.022 0.022 -0.0439 0.9561 1 0.3588 -0.2169 0.2169 -0.1627 0.8373 1 0.8972 -0.1577 0.1577 -0.1577 0.8423 1 0.603 0 0
22 178 3917 0 0 0 0 0 1.0092 0 0.9486 -0.7983 0.7983 0.8903 0.375 1.3567 0.9519 -0.7277 0.8258 0.9535 0.675 2.0995 0.9893 -0.8567 0.8567 0.8813 0.525 1.7322 0.0124 0.0124 0.0249 1.0249 1 0.3411 -0.2179 0.2179 -0.1634 0.8366 1 0.9827 -0.1978 0.1978 -0.1978 0.8022 1 0.5944 0 0
22 179 5508 0 0 0 0 0 1.0041 0 0.9472 1.2275 1.2275 1.2743 0.0417 1.4034 0.9506 1.3075 1.3251 1.4185 0.335 2.365 0.9948 1.2596 1.2596 1.2771 0.22 2.0509 0.0303 0.0303 0.0605 1.0605 1 0.3454 0.4006 0.4006 0.3005 1.3005 1 1.5682 0.2107 0.2107 0.2107 1.2107 1 0.8673 0 0
22 180 3792 0 0 0 0 0 1.011 0 0.9699 0.3218 0.3462 0.3999 0.9583 1.3442 0.9674 0.3142 0.4556 0.5576 0.925 2.1089 0.9752 0.6149 0.6149 0.6943 0.61 1.466 -0.1746 0.1746 -0.3491 0.6509 1 0.3968 -0.3843 0.3843 -0.2882 0.7118 1 0.7627 -0.165 0.165 -0.165 0.835 1 0.6327 0 0
22 181 3884 0 0 0 0 0 1.0128 0 0.9677 -0.0662 0.2046 0.238 1 1.304 0.9566 -0.0967 0.4235 0.5482 0.965 2.1296 0.9734 -0.2409 0.2894 0.4035 1 1.6957 -0.0556 0.0556 -0.1112 0.8888 1 0.3286 -0.0389 0.0389 -0.0292 0.9708 1 1.0006 0.0219 0.0219 0.0219 1.0219 1 0.7037 0 0
22 182 5328 0 0 0 0 0 1.0045 0 0.9655 0.388 0.4164 0.4926 0.8333 1.306 0.9647 0.3234 0.4781 0.5824 0.92 1.987 0.9701 0.2919 0.4083 0.4769 0.86 1.5982 -0.0478 0.0478 -0.0955 0.9045 1 0.3394 -0.2272 0.2272 -0.1704 0.8296 1 0.8863 -0.1359 0.1359 -0.1359 0.8641 1 0.6196 0 0
22 183 4718 0 0 0 0 0 1.0055 0 0.9536 0.5466 0.5625 0.625 0.625 1.3158 0.9604 0.5124 0.6146 0.7361 0.83 2.1036 0.9822 0.5367 0.5375 0.6147 0.78 1.6013 -0.0928 0.0928 -0.1857 0.8143 1 0.3596 -0.1492 0.1492 -0.1119 0.8881 1 0.9588 -0.03 0.03 -0.03 0.97 1 0.6936 0 0
22 184 5025 0 0 0 0 0 1.0039 0 0.976 -0.6669 0.6669 0.7217 0.5417 1.3579 0.9603 -0.6032 0.6783 0.8008 0.77 2.1331 0.9765 -0.5479 0.5595 0.6268 0.9 1.9365 0.0373 0.0373 0.0747 1.0747 1 0.3081 0.1356 0.1356 0.1017 1.1017 1 1.2131 0.0222 0.0222 0.0222 1.0222 1 0.734 0 0
22 185 5439 0 0 0 0 0 1.0042 0 0.9855 0.1951 0.281 0.3648 0.9167 1.3156 0.9598 0.1462 0.4213 0.5557 0.92 1.8068 0.9465 0.2763 0.5547 0.7026 0.815 1.8367 0.1339 0.1339 0.2679 1.2679 1 0.3338 -0.3308 0.3308 -0.2481 0.7519 1 0.9735 -0.4237 0.4237 -0.4237 0.5763 0 0.4449 0 0
22 186 4996 0 0 0 0 0 1.006 0 0.962 0.0765 0.2491 0.3185 0.9583 1.2948 0.9594 -0.0175 0.3893 0.5035 0.955 2.0271 0.9738 0.1424 0.3679 0.4237 1 1.7715 0.0161 0.0161 0.0322 1.0322 1 0.3125 0.0135 0.0135 0.0101 1.0101 1 1.0671 -0.0309 0.0309 -0.0309 0.9691 1 0.6914 0 0
22 187 5188 0 0 0 0 0 1.0054 0 0.9631 -0.3242 0.4014 0.4572 0.875 1.2912 0.966 -0.2817 0.4685 0.5673 0.895 1.8953 0.9746 -0.3298 0.4761 0.538 0.815 1.4938 -0.0505 0.0505 -0.101 0.899 1 0.3658 -0.4273 0.4273 -0.3205 0.6795 1 0.7462 -0.2916 0.2916 -0.2916 0.7084 1 0.525 0 0
22 188 3797 0 0 0 0 0 1.0053 0 0.9577 -0.0923 0.2191 0.2814 0.9583 1.2701 0.9534 -0.0818 0.3866 0.4947 0.935 1.9439 0.9841 -0.299 0.4929 0.593 0.71 1.4817 -0.108 0.108 -0.216 0.784 1 0.363 -0.2526 0.2526 -0.1894 0.8106 1 0.7721 -0.1006 0.1006 -0.1006 0.8994 1 0.6036 0 0
22 189 4035 0 0 0 0 0 1.0059 0 0.9702 0.0847 0.4122 0.5367 0.875 1.4764 0.9531 0.0358 0.4422 0.5487 0.91 1.8561 0.9939 -0.106 0.3809 0.4387 0.95 1.5055 0.0102 0.0102 0.0204 1.0204 1 0.3587 -0.5854 0.5854 -0.439 0.561 0 0.65 -0.4587 0.4587 -0.4587 0.5413 0 0.4475 0 0
22 190 4457 0 0 0 0 0 1.0034 0 0.9621 0.237 0.3567 0.4408 0.875 1.34 0.9578 0.2308 0.4524 0.577 0.915 1.9257 0.9816 0.1999 0.3462 0.4283 0.88 1.5725 -0.0441 0.0441 -0.0881 0.9119 1 0.3647 -0.3224 0.3224 -0.2418 0.7582 1 0.8461 -0.2163 0.2163 -0.2163 0.7837 1 0.5576 0 0
22 191 5212 0 0 0 0 0 1.0026 0 0.959 0.0634 0.2418 0.3146 0.9167 1.2804 0.9641 -0.0553 0.361 0.4766 0.96 2.0582 0.9868 -0.0106 0.3006 0.355 1 1.8987 0.0156 0.0156 0.0312 1.0312 1 0.3215 0.2065 0.2065 0.1549 1.1549 1 1.2651 0.1058 0.1058 0.1058 1.1058 1 0.7672 0 0
22 192 5667 0 0 0 0 0 1.0047 0 0.9607 -0.2956 0.3453 0.4029 0.875 1.3109 0.9663 -0.2741 0.4418 0.5721 0.94 2.1644 0.9886 -0.1586 0.2459 0.2823 1 1.9699 0.0443 0.0443 0.0886 1.0886 1 0.3172 0.1442 0.1442 0.1082 1.1082 1 1.2337 0.0159 0.0159 0.0159 1.0159 1 0.7489 0 0
22 193 4975 0 0 0 0 0 1.0026 0 0.9688 0.0136 0.2135 0.2663 1 1.3038 0.9559 0.0269 0.3993 0.525 0.965 2.0118 0.9661 -0.0487 0.2955 0.3744 1 1.693 -0.0168 0.0168 -0.0336 0.9664 1 0.3309 -0.2008 0.2008 -0.1506 0.8494 1 0.9519 -0.1496 0.1496 -0.1496 0.8504 1 0.6272 0 0
22 194 5189 0 0 0 0 0 1.0043 0 0.9511 0.2329 0.3499 0.4029 0.875 1.2633 0.9624 0.2579 0.4508 0.5753 0.935 1.9973 0.9644 0.1486 0.3693 0.4213 0.945 1.5922 -0.0512 0.0512 -0.1024 0.8976 1 0.329 -0.2374 0.2374 -0.1781 0.8219 1 0.8985 -0.1414 0.1414 -0.1414 0.8586 1 0.6032 0 0
22 195 4685 0 0 0 0 0 1.0015 0 0.9787 0.2583 0.3392 0.4442 0.9167 1.3777 0.9647 0.1913 0.441 0.5724 0.95 2.045 0.9946 0.3129 0.3129 0.3464 1 1.6685 -0.0207 0.0207 -0.0413 0.9587 1 0.3278 -0.2454 0.2454 -0.1841 0.8159 1 0.9056 -0.1773 0.1773 -0.1773 0.8227 1 0.6277 0 0
22 196 5054 0 0 0 0 0 1.0025 0 0.9699 0.2761 0.325 0.3736 0.9167 1.3161 0.9587 0.3249 0.5117 0.6477 0.92 2.1447 0.973 0.4452 0.4995 0.5572 1 1.8808 0.0312 0.0312 0.0624 1.0624 1 0.3256 0.0749 0.0749 0.0561 1.0561 1 1.2074 -0.0129 0.0129 -0.0129 0.9871 1 0.7319 0 0
22 197 5117 0 0 0 0 0 1.0036 0 0.9786 0.1358 0.1975 0.2516 1 1.3195 0.9631 0.1343 0.4063 0.5187 0.95 2.0973 0.9776 0.269 0.2754 0.4013 1 1.8731 0.0448 0.0448 0.0897 1.0897 1 0.3117 -0.0175 0.0175 -0.0131 0.9869 1 1.169 -0.0959 0.0959 -0.0959 0.9041 1 0.677 0 0
22 198 5294 0 0 0 0 0 1.0036 0 0.9625 -0.1251 0.1807 0.2447 1 1.2886 0.9528 -0.0629 0.407 0.5221 0.975 2.0263 0.996 -0.3821 0.4032 0.4906 1 1.8985 0.064 0.064 0.1279 1.1279 1 0.3179 0.0569 0.0569 0.0427 1.0427 1 1.1856 -0.075 0.075 -0.075 0.925 1 0.7003 0 0
22 199 5053 0 0 0 0 0 1.0043 0 0.9702 0.6032 0.6422 0.6943 0.5 1.3588 0.9635 0.6087 0.6919 0.8124 0.795 2.1552 0.9953 0.6972 0.6972 0.7107 0.87 1.8339 0.0061 0.0061 0.0122 1.0122 1 0.3294 0.0601 0.0601 0.0451 1.0451 1 1.1919 0.014 0.014 0.014 1.014 1 0.742 0 0
22 200 3935 0 0 0 0 0 1.0043 0 0.9749 -0.2965 0.3096 0.4056 0.875 1.2864 0.9599 -0.3008 0.4447 0.5569 0.93 1.9667 0.9707 -0.1081 0.4069 0.5129 0.905 1.6404 -0.0481 0.0481 -0.0961 0.9039 1 0.3404 -0.0722 0.0722 -0.0541 0.9459 1 0.991 -0.0144 0.0144 -0.0144 0.9856 1 0.6838 0 0
