cond r run.time ndiv nbfmi ntree nbulk ntail maxRhat nRhat alpha.cor alpha.bias alpha.abbias alpha.rmse alpha.CI beta.cor beta.bias beta.abbias beta.rmse beta.CI theta.cor theta.bias theta.abbias theta.rmse theta.CI lambda.bias lambda.abbias lambda.CI corrupt efficiency
17 1 379 440 0 0 0 0 1.0014 0 0.8037 -0.2445 0.2445 0.2494 1.6981 0.9824 0.614 1.3339 1.5107 17.151 0.6779 -0.0678 0.6474 0.8235 4.295 -0.2839 0.2839 1.3038 1 0
17 2 293 148 0 0 0 0 1.001 0 -0.9485 -0.2585 0.5218 0.5362 2.6716 0.9686 -0.9507 1.0258 1.4471 14.2842 0.7037 -0.3748 0.6748 0.8521 4.1163 -0.2111 0.2111 0.9602 1 0
17 3 292 7 0 0 0 0 1.0008 0 0.9246 -0.1917 0.2913 0.3126 1.6059 0.9757 0.1107 0.3749 0.4769 6.7441 0.7585 0.1944 0.6403 0.8188 3.8541 -0.1415 0.1415 0.7503 1 0
17 4 293 26 0 0 0 0 1.001 0 0.4809 0.165 0.3708 0.423 2.5791 0.9632 -0.018 0.3252 0.4435 5.214 0.7438 0.0272 0.6006 0.7543 3.5691 -0.068 0.068 0.6848 1 0
17 5 306 95 0 0 0 0 1.0003 0 0.4769 0.0613 0.3124 0.3807 2.1994 0.9931 0.5818 0.5818 0.644 6.6877 0.7673 0.3866 0.7031 0.8573 3.644 0.0821 0.0821 0.5295 1 0
17 6 292 9 0 0 0 0 1.0006 0 0.8014 0.0613 0.1253 0.1301 1.7478 0.9781 0.1774 0.2695 0.3117 4.4122 0.7891 0.1499 0.654 0.7949 3.5508 -0.0599 0.0599 0.6779 1 0
17 7 317 296 0 0 0 0 1.0005 0 0.6747 0.0566 0.2508 0.2576 2.7381 0.9154 0.0906 0.4648 0.5879 7.0527 0.6734 -0.1286 0.7236 0.9086 4.1568 -0.2005 0.2005 1.0835 1 0
17 8 334 19 0 0 0 0 1.0004 0 0.856 -0.2435 0.2435 0.2756 1.3546 0.9835 0.1342 0.3376 0.3878 5.499 0.7901 0.0921 0.5875 0.7097 3.7412 0.1155 0.1155 0.5207 1 0
17 9 268 3 0 0 0 0 1.0022 0 0.8192 0.0846 0.2519 0.2524 2.3286 0.9296 0.4128 0.5113 0.6816 8.1969 0.6515 0.2972 0.8124 1.0073 3.9658 -0.1072 0.1072 0.7324 1 0
17 10 311 243 0 0 0 0 1.0007 0 -0.7367 -0.3406 0.4269 0.4872 1.5101 0.9061 0.2117 0.9063 1.0346 9.7463 0.7198 0.4279 0.6433 0.8259 4.6417 0.0203 0.0203 0.7778 1 0
17 11 296 73 0 0 0 0 1.0006 0 0.3911 0.0131 0.358 0.3858 3.0634 0.9368 -0.0495 0.4636 0.5934 5.295 0.7724 0.0014 0.4825 0.6214 3.7235 -0.1008 0.1008 0.8327 1 0
17 12 299 67 0 0 0 0 1.0005 0 0.9769 -0.1076 0.1076 0.1434 1.8 0.973 -0.2498 0.4088 0.5136 6.3008 0.8632 -0.1622 0.6036 0.7579 3.9508 0.1259 0.1259 0.5403 1 0
17 13 306 0 0 0 0 0 1.0003 0 0.8998 0.1557 0.2725 0.3443 2.2212 0.9764 0.048 0.1996 0.2389 2.5571 0.7845 0.092 0.5861 0.7657 3.2399 0.044 0.044 0.4728 0 0
17 14 295 9 0 0 0 0 1.0008 0 0.9789 -0.0488 0.2975 0.3052 2.4099 0.9682 -0.4199 0.6942 1.1387 14.4585 0.7706 -0.2081 0.6248 0.7475 3.6602 -0.0458 0.0458 0.6457 1 0
17 15 332 9 0 0 0 0 1.0002 0 -0.6829 0.2229 0.4184 0.5686 2.3733 0.9694 0.094 0.2835 0.3446 5.1672 0.7561 -0.0296 0.6103 0.7563 3.4197 0.0701 0.0701 0.539 1 0
17 16 289 0 0 0 0 0 1.0004 0 0.6917 0.5396 0.5396 0.6008 2.1714 0.9668 -0.128 0.4625 0.5581 1.8118 0.8104 0.1813 0.651 0.7839 2.9715 -0.0279 0.0279 0.4885 0 0
17 17 296 9 0 0 0 0 1.0005 0 -0.9909 0.0458 0.25 0.2873 2.0257 0.943 0.3044 0.3891 0.4725 3.6978 0.7087 0.1791 0.6402 0.8062 3.2416 -0.1495 0.1495 0.6909 1 0
17 18 286 0 0 0 0 0 1.0007 0 0.8698 0.2037 0.3523 0.3642 1.939 0.9861 -0.2088 0.2088 0.2552 1.4973 0.7811 -0.2266 0.6086 0.7757 2.9598 -0.2379 0.2379 0.6251 0 0
17 19 509 4038 0 0 0 20 1.0186 8 0.256 -0.23 0.2925 0.3272 2.0964 0.963 0.3851 1.1942 1.5266 16.0059 0.7311 -0.4065 0.6916 0.9107 7.7785 0.1548 0.1548 0.8043 1 1
17 20 809 2150 0 0 0 0 1.0041 0 0.9483 -0.3685 0.3685 0.3765 2.0759 0.9863 -0.04 0.6441 0.7694 10.9732 0.7412 0.3655 0.5634 0.7265 5.9261 0.0874 0.0874 0.8222 1 0
17 21 298 3 0 0 0 0 1.0007 0 -0.8009 0.0309 0.3894 0.4402 2.0891 0.9898 -0.138 0.2113 0.3081 7.0479 0.8011 -0.0437 0.576 0.7459 3.3627 0.0763 0.0763 0.4741 1 0
17 22 393 62 0 0 0 0 1.0003 0 0.0211 0.1789 0.3444 0.4639 2.6522 0.9413 -0.0711 0.2907 0.3417 3.8147 0.777 -0.0844 0.6248 0.7846 3.7593 0.039 0.039 0.597 1 0
17 23 308 28 0 0 0 0 1.0003 0 -0.2427 -0.5139 0.7819 0.8593 1.9901 0.9454 -0.6508 0.8442 0.9577 6.3263 0.7807 -0.2505 0.5412 0.6521 3.567 0.0709 0.0709 0.5882 1 0
17 24 296 1 0 0 0 0 1.0003 0 0.9999 0.2477 0.2841 0.3333 2.0672 0.9835 -0.2227 0.2358 0.2762 2.3457 0.8899 -0.2393 0.5003 0.6142 3.4244 -0.0023 0.0023 0.5186 1 0
17 25 387 278 0 0 0 0 1.0007 0 0.9899 -0.0794 0.1593 0.1907 1.7956 0.9367 0.161 0.5856 0.7145 9.0495 0.7896 0.5302 0.6997 0.847 4.0058 0.1157 0.1157 0.5731 1 0
17 26 293 0 0 0 0 0 1.0004 0 0.7303 -0.084 0.1029 0.1623 1.7412 0.9866 -0.1529 0.2992 0.3467 4.0962 0.7324 -0.0561 0.5535 0.7013 3.5045 -0.1114 0.1114 0.5845 0 0
17 27 289 25 0 0 0 0 1.0027 0 -0.9431 0.3351 0.6975 0.9235 4.6105 0.8887 -0.2594 0.7169 1.0103 13.6909 0.6054 -0.0169 0.7076 0.874 3.5163 -0.1405 0.1405 0.7574 1 0
17 28 293 46 0 0 0 0 1.0008 0 -0.2402 -0.0078 0.3655 0.386 1.9693 0.9916 0.8239 0.8239 0.8444 6.1813 0.8075 0.6841 0.7932 0.9558 3.5205 -0.0237 0.0237 0.662 1 0
17 29 304 1 0 0 0 0 1.0009 0 -0.7835 0.0031 0.4254 0.4657 2.6138 0.9189 -0.0402 0.4482 0.5651 5.2153 0.6795 0.0346 0.6013 0.7597 3.4641 -0.2171 0.2171 0.6738 1 0
17 30 742 1210 0 0 0 0 1.0011 0 0.1435 -0.4131 0.4131 0.4289 1.1587 0.9593 -0.04 0.7131 0.829 7.4543 0.7166 0.5376 0.8278 1.0379 5.0678 0.2248 0.2248 0.6443 1 0
17 31 299 100 0 0 0 0 1.0006 0 0.7844 -0.3433 0.3433 0.4906 1.8067 0.9683 0.1106 0.484 0.63 10.5632 0.7688 -0.191 0.6463 0.8107 3.702 -0.1765 0.1765 0.9192 1 0
17 32 287 14 0 0 0 0 1.001 0 -0.5988 0.1803 0.6638 0.7505 2.5397 0.9664 0.2321 0.3801 0.4676 4.0669 0.6825 -0.1233 0.6046 0.7733 3.2233 -0.2274 0.2274 0.746 1 0
17 33 300 19 0 0 0 0 1.0003 0 -0.3365 0.087 0.3541 0.4374 2.0717 0.9612 -0.1522 0.3129 0.3581 3.3669 0.7823 -0.1223 0.5349 0.6826 3.3655 -0.0018 0.0018 0.583 1 0
17 34 305 2 0 0 0 0 1.0012 0 0.7605 0.0203 0.1303 0.148 2.261 0.9922 -0.0074 0.1701 0.1874 2.3231 0.8099 -0.0646 0.5746 0.7496 3.6415 0.0627 0.0627 0.5224 1 0
17 35 441 250 0 0 0 0 1.0006 0 0.6016 -0.101 0.101 0.1587 1.4265 0.9902 0.3251 0.3375 0.4149 4.4082 0.8105 0.4249 0.6507 0.8245 4.2531 0.1602 0.1602 0.5375 1 0
17 36 280 233 0 0 0 0 1.0004 0 -0.9777 -0.2465 0.3826 0.496 1.8071 0.9805 0.8496 1.7873 2.619 27.2323 0.5039 -0.232 0.8071 1.0341 4.3082 -0.3868 0.3868 1.2976 1 0
17 37 311 165 0 0 0 0 1.0004 0 -0.8388 -0.4553 0.4553 0.5335 1.1495 0.9843 -0.2295 0.6802 1.0467 10.5859 0.7984 0.0341 0.5483 0.6931 4.2479 0.1614 0.1614 0.5312 1 0
17 38 291 10 0 0 0 0 1.002 0 0.4147 0.1561 0.2158 0.3013 2.2572 0.9674 -0.5235 0.5369 0.6248 4.5577 0.6043 -0.1866 0.7547 0.9292 3.8153 -0.6912 0.6912 1.0635 1 0
17 39 295 0 0 0 0 0 1.0002 0 0.2646 0.4164 0.4164 0.4863 1.9429 0.9939 0.076 0.1423 0.1722 1.7984 0.814 -0.0122 0.5512 0.7084 3.1447 -0.0593 0.0593 0.5215 0 0
17 40 284 151 0 0 0 0 1.0005 0 -0.2203 -0.0382 0.1853 0.2193 2.2919 0.9615 0.7121 0.7688 1.039 14.1365 0.5642 -0.0216 0.6513 0.8376 4.0382 -0.4463 0.4463 1.1707 1 0
17 41 308 40 0 0 0 0 1.0005 0 -0.8678 0.0017 0.2038 0.2233 1.5539 0.9925 0.2557 0.2557 0.312 3.5129 0.7693 0.0797 0.6156 0.7624 3.9814 0.1441 0.1441 0.4961 1 0
17 42 335 22 0 0 0 0 1.0015 0 0.9189 -0.2526 0.2526 0.2864 1.9448 0.9401 -0.0166 0.412 0.5627 4.9807 0.8204 0.0794 0.5135 0.628 3.5826 0.0154 0.0154 0.6405 1 0
17 43 267 0 0 0 0 0 1.0007 0 0.5617 0.4089 0.4089 0.5354 2.7972 0.9728 0.1588 0.1967 0.2487 3.0632 0.6712 0.0445 0.6252 0.8171 3.3524 -0.2901 0.2901 0.7158 0 0
17 44 299 52 0 0 0 0 1.0004 0 0.3199 0.0158 0.243 0.2638 1.7013 0.9717 -0.2963 0.4225 0.496 6.7446 0.7864 -0.2206 0.5939 0.7561 3.477 -0.0941 0.0941 0.7525 1 0
17 45 299 10 0 0 0 0 1.0003 0 0.9594 0.1962 0.1962 0.2043 1.8844 0.9737 0.3335 0.3375 0.399 2.5718 0.7761 0.199 0.588 0.7547 3.7098 -0.0446 0.0446 0.5886 1 0
17 46 262 43 0 0 0 0 1.0008 0 -0.9175 0.0666 0.2269 0.2272 2.0955 0.9786 -0.7182 0.7182 0.8466 9.341 0.6561 -0.3117 0.6638 0.8282 3.6871 -0.2264 0.2264 0.8398 1 0
17 47 310 8 0 0 0 0 1.0008 0 0.7664 -0.1726 0.2552 0.2777 2.1326 0.9905 0.0829 0.1969 0.2565 5.267 0.7979 0.0556 0.5288 0.6948 3.4924 0.0207 0.0207 0.5897 1 0
17 48 386 90 0 0 0 0 1.0009 0 -0.697 -0.0332 0.1099 0.1351 1.0648 0.9707 -0.3004 0.345 0.3966 2.712 0.7754 -0.2393 0.716 0.9251 4.0984 0.2495 0.2495 0.3697 1 0
17 49 298 13 0 0 0 0 1.0005 0 0.1197 -0.145 0.4195 0.498 1.8967 0.9421 0.1057 0.3749 0.5487 4.915 0.8328 0.0907 0.4502 0.5888 3.4101 -0.124 0.124 0.6757 1 0
17 50 300 18 0 0 0 0 1.0008 0 0.9735 -0.1722 0.1722 0.1887 1.8215 0.9799 -0.0457 0.2949 0.3767 4.5584 0.7643 -0.0207 0.612 0.7848 3.722 -0.0571 0.0571 0.7018 1 0
17 51 306 30 0 0 0 0 1.0002 0 0.5863 -0.1426 0.1426 0.198 1.2376 0.9951 -0.0885 0.3683 0.4239 4.3347 0.7239 -0.2632 0.6628 0.8551 3.8275 0.1742 0.1742 0.4404 1 0
17 52 364 28 0 0 0 0 1.0006 0 0.7265 0.0087 0.2482 0.2708 1.7456 0.9652 -0.0695 0.2058 0.2785 3.5095 0.8292 -0.0082 0.5617 0.6765 3.7803 0.1469 0.1469 0.4817 1 0
17 53 299 26 0 0 0 0 1.0011 0 0.8751 -0.2116 0.2116 0.255 1.6122 0.9799 -0.2889 0.5175 0.6458 5.83 0.6617 -0.2405 0.6497 0.8114 3.9799 0.0605 0.0605 0.6614 1 0
17 54 289 4 0 0 0 0 1.0018 0 -0.9843 0.2225 0.5526 0.703 3.8261 0.9485 0.1245 0.3654 0.3968 5.0755 0.7085 -0.0676 0.6725 0.819 3.6697 -0.2535 0.2535 0.7873 1 0
17 55 296 10 0 0 0 0 1.0001 0 -0.4554 0.4239 0.4239 0.506 2.0283 0.9274 -0.5336 0.5336 0.714 1.9786 0.7789 -0.1346 0.7336 0.9163 3.2141 -0.0205 0.0205 0.5554 1 0
17 56 542 1129 0 0 0 0 1.0019 0 0.5733 -0.2636 0.2636 0.316 1.7602 0.9419 0.3527 0.5297 0.7824 6.8386 0.7956 -0.166 0.6627 0.8124 5.8991 0.2352 0.2352 0.551 1 0
17 57 452 522 0 0 0 0 1.0017 0 -0.5044 -0.1318 0.2404 0.2575 1.7489 0.9919 -0.0588 0.2273 0.2721 6.0534 0.7899 0.2007 0.5495 0.6872 4.7031 0.0665 0.0665 0.737 1 0
17 58 298 23 0 0 0 0 1.0004 0 0.7761 0.1028 0.3483 0.384 2.0639 0.9757 -0.1145 0.1939 0.2576 3.5845 0.8553 -0.0306 0.477 0.6173 3.2068 -0.0371 0.0371 0.6238 1 0
17 59 315 32 0 0 0 0 1.0008 0 0.6418 -0.2047 0.2376 0.3781 1.2849 0.9663 0.0678 0.3035 0.4238 3.3761 0.7797 0.0209 0.5792 0.7228 3.8593 0.1196 0.1196 0.5336 1 0
17 60 491 506 0 0 0 0 1.0009 0 -0.634 -0.3532 0.3532 0.5046 1.257 0.9547 -0.3383 0.461 0.7406 5.4101 0.752 -0.6244 0.779 0.9617 4.7349 0.2043 0.2043 0.5318 1 0
17 61 291 31 0 0 0 0 1.0003 0 -0.9964 -0.1936 0.4102 0.4556 2.2131 0.9667 -0.4669 0.8645 1.4761 16.0642 0.734 -0.1474 0.6316 0.7756 3.6996 -0.1007 0.1007 0.788 1 0
17 62 297 3 0 0 0 0 1.0004 0 -0.297 0.1944 0.4253 0.4402 2.0865 0.9533 0.0964 0.3339 0.4505 3.4809 0.7826 0.107 0.6597 0.8177 3.412 -0.0061 0.0061 0.522 1 0
17 63 308 10 0 0 0 0 1.0004 0 0.6084 -0.1791 0.3682 0.4781 1.4743 0.9874 -0.2203 0.2794 0.3432 4.2104 0.8169 -0.1145 0.5351 0.6831 3.2586 0.0713 0.0713 0.4847 1 0
17 64 400 352 0 0 0 0 1.0008 0 0.0871 -0.4078 0.4078 0.5027 1.5617 0.9917 -0.221 0.4173 0.4803 7.8407 0.7857 -0.3776 0.6764 0.8204 4.5308 0.1212 0.1212 0.5946 1 0
17 65 372 57 0 0 0 0 1.0007 0 0.479 0.26 0.3463 0.5277 2.7453 0.9388 0.3109 0.5023 0.5704 6.2896 0.7225 0.0072 0.7154 0.899 4.0183 0.1066 0.1066 0.5563 1 0
17 66 276 5 0 0 0 0 1.0016 0 -0.8781 0.3307 0.4331 0.5161 3.5877 0.9351 -0.0232 0.3847 0.4651 6.9258 0.5775 -0.0431 0.6425 0.8386 3.5974 -0.5179 0.5179 0.9139 1 0
17 67 379 82 0 0 0 0 1.0005 0 0.9983 -0.0856 0.1629 0.1764 1.8876 0.956 -0.3864 0.428 0.6771 7.178 0.8233 -0.3317 0.6506 0.8119 4.2045 0.1227 0.1227 0.6262 1 0
17 68 302 36 0 0 0 0 1.0005 0 -0.182 -0.1781 0.2699 0.2956 1.8106 0.9906 0.1203 0.2737 0.31 3.6098 0.7921 0.231 0.5757 0.7142 3.3875 -0.1984 0.1984 0.8688 1 0
17 69 312 39 0 0 0 0 1.0011 0 0.9245 -0.122 0.1549 0.1845 2.07 0.9754 -0.5291 0.612 0.6722 8.2937 0.811 -0.2516 0.5659 0.7065 3.7557 -0.0711 0.0711 0.7101 1 0
17 70 291 24 0 0 0 0 1.0006 0 0.0268 -0.2921 0.3819 0.425 1.5851 0.9631 -0.1536 0.3974 0.4706 4.1537 0.7584 -0.0946 0.5984 0.7304 3.6688 -0.0297 0.0297 0.6686 1 0
17 71 298 235 0 0 0 0 1.0005 0 0.1938 -0.1122 0.3847 0.4026 2.0394 0.9738 0.2459 0.5447 0.6948 8.725 0.6143 0.0815 0.7028 0.8746 4.2151 -0.0248 0.0248 0.7706 1 0
17 72 296 5 0 0 0 0 1.0002 0 0.4418 0.2309 0.3226 0.3525 1.8255 0.9782 -0.2201 0.2686 0.3268 3.4839 0.803 -0.1032 0.5827 0.7217 3.2758 0.0186 0.0186 0.5446 1 0
17 73 315 237 0 0 0 0 1.0007 0 0.3184 -0.1458 0.1458 0.2149 1.6586 0.9782 -0.266 0.5288 0.6301 4.6765 0.7923 0.1026 0.5542 0.6994 4.0824 0.0109 0.0109 0.764 1 0
17 74 295 103 0 0 0 0 1.0005 0 0.2325 -0.0087 0.1387 0.1536 2.0107 0.9891 0.3331 0.3331 0.3774 4.2043 0.787 0.143 0.6171 0.7809 3.633 -2e-04 2e-04 0.7002 1 0
17 75 334 479 0 0 0 0 1.0008 0 -0.645 -0.2304 0.2304 0.2891 1.7623 0.9754 0.0511 0.4749 0.6438 7.4347 0.8288 -0.0709 0.5015 0.6216 4.8595 0.0784 0.0784 0.8026 1 0
17 76 425 192 0 0 0 0 1.0006 0 0.8581 -0.3021 0.3021 0.3218 1.4299 0.9845 -0.5445 0.5537 0.6327 3.9683 0.8143 -0.6948 0.8316 1.0066 4.2376 0.2047 0.2047 0.4943 1 0
17 77 289 106 0 0 0 0 1.0014 0 0.9308 -0.2212 0.2212 0.2658 2.3237 0.9425 0.2294 0.4735 0.6777 8.0348 0.7078 0.1685 0.6713 0.8805 3.9199 -0.0354 0.0354 0.7777 1 0
17 78 281 6 0 0 0 0 1.0005 0 0.8224 0.0691 0.0691 0.0896 1.6558 0.9875 0.1692 0.183 0.24 2.704 0.6892 0.1515 0.7716 0.9614 3.5966 -0.0311 0.0311 0.5782 1 0
17 79 303 82 0 0 0 0 1.0014 0 0.2162 -0.0964 0.2794 0.3234 2.647 0.9044 -0.2513 0.8321 1.2447 10.3724 0.6954 -0.1296 0.6089 0.7592 4.2139 -0.0814 0.0814 0.8901 1 0
17 80 347 144 0 0 0 0 1.001 0 0.6966 -0.3047 0.3055 0.4629 2.1313 0.8912 0.298 0.8381 1.0438 6.9821 0.6963 0.3681 0.6826 0.8774 4.0039 0.152 0.152 0.5377 1 0
17 81 344 50 0 0 0 0 1.0007 0 0.0212 -0.0827 0.2629 0.264 1.7976 0.9828 0.0811 0.3967 0.5497 9.2492 0.6608 0.0363 0.684 0.8499 3.9144 0.0018 0.0018 0.7058 1 0
17 82 283 4 0 0 0 0 1.0019 0 0.9006 0.3396 0.4566 0.5409 3.1195 0.8978 0.4623 0.5018 0.8476 12.8613 0.5918 0.0194 0.7724 0.9683 3.6922 -0.367 0.367 0.8335 1 0
17 83 272 6 0 0 0 0 1.0006 0 0.7142 0.0084 0.106 0.1099 1.6989 0.9654 -0.1095 0.2942 0.3549 3.7719 0.6835 -0.127 0.5872 0.7395 3.4915 -0.1484 0.1484 0.7115 1 0
17 84 331 117 0 0 0 0 1.0011 0 0.4614 -0.1502 0.2078 0.2274 2.3913 0.9925 0.0895 0.4719 0.6409 10.6919 0.636 -0.0142 0.5769 0.7429 4.2508 -0.1619 0.1619 0.9897 1 0
17 85 297 8 0 0 0 0 1.0017 0 0.9952 -0.062 0.0866 0.13 2.0011 0.9943 0.4459 0.4459 0.5646 4.7076 0.7481 0.4968 0.6943 0.8763 3.7953 -0.1978 0.1978 0.8279 1 0
17 86 274 6 0 0 0 0 1.0012 0 -0.2914 0.4645 0.6894 0.9052 4.3933 0.9295 -0.5994 0.693 0.8152 9.1899 0.5417 -0.2757 0.6722 0.8912 3.3057 -0.5411 0.5411 0.8299 1 0
17 87 394 833 0 0 0 0 1.0025 0 0.914 0.2677 0.2677 0.2975 1.9302 0.9624 -0.4991 0.4991 0.5858 2.9843 0.8209 -0.3233 0.6572 0.8091 4.2016 0.1444 0.1444 0.589 1 0
17 88 288 7 0 0 0 0 1.0007 0 -0.9974 0.1926 0.6789 0.8122 3.8803 0.9734 -0.0948 1.1254 1.5162 14.5196 0.5321 0.1717 0.7268 0.8986 3.7506 -0.5005 0.5005 0.9819 1 0
17 89 296 20 0 0 0 0 1.0007 0 -0.0747 0.0879 0.3499 0.4101 2.4591 0.8731 -0.0324 0.4001 0.5086 3.5432 0.799 0.1049 0.5609 0.7149 3.3986 -0.009 0.009 0.5565 1 0
17 90 608 218 0 0 0 0 1.0009 0 -0.2659 -0.4053 0.4053 0.4151 1.5139 0.9932 -0.6367 1.3037 1.698 18.4252 0.6958 -0.0487 0.5765 0.7372 4.6593 -0.1316 0.1316 1.1224 1 0
17 91 296 34 0 0 0 0 1.0006 0 0.9655 -0.0893 0.1242 0.1431 1.7612 0.9596 0.1784 0.4054 0.4297 4.5641 0.7913 0.4276 0.6441 0.8001 3.6291 -0.0086 0.0086 0.6117 1 0
17 92 465 180 0 0 0 0 1.0006 0 0.6452 -0.1833 0.3732 0.3924 1.8974 0.9671 0.6824 0.735 0.8462 6.5639 0.6911 0.4888 0.7942 1.002 4.1044 0.1973 0.1973 0.4594 1 0
17 93 288 0 0 0 0 0 1.0011 0 0.9429 0.2375 0.3286 0.4934 2.7048 0.9664 -0.1336 0.3621 0.4853 10.1797 0.7284 0.2255 0.6534 0.8028 3.3575 -0.1777 0.1777 0.6161 0 0
17 94 382 321 0 0 0 0 1.0024 0 0.9846 -0.1238 0.263 0.3464 1.8112 0.9829 0.2823 0.3252 0.3615 4.7035 0.7926 0.2421 0.5928 0.7473 4.6356 0.0899 0.0899 0.6272 1 0
17 95 296 66 0 0 0 0 1.0004 0 0.4913 0.198 0.2904 0.4272 2.2319 0.8982 0.1053 0.42 0.5482 8.0547 0.7041 0.1017 0.6619 0.8132 3.4924 -0.0531 0.0531 0.7038 1 0
17 96 505 594 0 0 0 0 1.0013 0 0.5792 -0.1761 0.3358 0.3429 2.293 0.89 0.0445 0.7714 1.128 14.6315 0.7355 0.0276 0.6485 0.7942 4.5404 -0.1183 0.1183 0.9936 1 0
17 97 363 6 0 0 0 0 1.0003 0 0.7318 0.2535 0.3295 0.3798 1.7634 0.9463 -0.3055 0.3663 0.4653 3.1424 0.7967 -0.3378 0.7074 0.8936 3.4023 0.1002 0.1002 0.4645 1 0
17 98 301 102 0 0 0 0 1.0013 0 0.8989 0.1191 0.1547 0.1801 1.9148 0.9789 0.2212 0.2844 0.3247 5.3181 0.6865 0.2257 0.6596 0.8231 3.8494 -0.0673 0.0673 0.8166 1 0
17 99 287 1 0 0 0 0 1.0008 0 -0.8478 0.1541 0.4257 0.5459 2.4082 0.9426 -0.0979 0.2758 0.2989 2.5484 0.8442 -0.0986 0.4993 0.6437 3.2958 -0.0866 0.0866 0.6088 1 0
17 100 281 0 0 0 0 0 1.0003 0 0.0841 -0.0045 0.3655 0.4034 2.035 0.9673 0.0436 0.2989 0.3842 5.1555 0.7277 -0.3299 0.7017 0.8409 3.4228 -0.3374 0.3374 0.8275 0 0
17 101 453 2156 0 0 1 5 1.0086 0 0.9433 -0.1839 0.1839 0.2159 1.7805 0.9609 0.3616 0.7149 0.7817 9.3224 0.7862 0.6224 0.8188 0.964 4.731 0.184 0.184 0.6589 1 1
17 102 291 21 0 0 0 0 1.0024 0 -0.2816 -0.0758 0.1133 0.1661 2.3024 0.974 0.2112 0.258 0.4109 6.5708 0.7884 0.0739 0.503 0.6474 3.7959 -0.1493 0.1493 0.7235 1 0
17 103 273 10 0 0 0 0 1.001 0 -0.4956 0.0158 0.1344 0.1538 2.834 0.972 0.0996 0.3272 0.3745 5.2987 0.7003 0.1557 0.605 0.7497 3.89 -0.2005 0.2005 0.8559 1 0
17 104 292 4 0 0 0 0 1.0004 0 0.0449 0.0845 0.2028 0.2077 1.891 0.9793 0.1978 0.2865 0.3174 3.8969 0.7764 0.2051 0.5979 0.7565 3.5367 -0.0477 0.0477 0.5966 1 0
17 105 288 3 0 0 0 0 1.0007 0 0.8865 0.3245 0.483 0.5521 2.2226 0.9155 -0.3169 0.493 0.7753 10.2484 0.795 -0.1226 0.572 0.735 3.1296 0.0042 0.0042 0.4974 1 0
17 106 280 1 0 0 0 0 1.0007 0 -0.7636 0.1208 0.4426 0.5263 3.3519 0.945 -0.0511 0.3777 0.4255 3.6369 0.7695 -0.0767 0.5236 0.6678 3.6549 -0.2431 0.2431 0.7391 1 0
17 107 290 25 0 0 0 0 1.0009 0 0.8901 -0.0418 0.0724 0.0784 2.3498 0.9438 0.4389 0.5391 0.6443 5.1223 0.755 0.2529 0.6646 0.8251 3.8122 -0.0119 0.0119 0.6641 1 0
17 108 317 341 0 0 0 0 1.0005 0 0.6869 -0.3186 0.3186 0.4117 1.2917 0.977 0.3214 0.3572 0.4495 4.0153 0.7703 0.5281 0.7473 0.9719 4.6821 0.1912 0.1912 0.5096 1 0
17 109 341 30 0 0 0 0 1.0008 0 -0.412 0.0686 0.2403 0.2417 1.6464 0.9718 -0.2777 0.3407 0.4003 2.62 0.7796 -0.3076 0.5635 0.7282 3.406 -0.0058 0.0058 0.5899 1 0
17 110 641 391 0 0 0 0 1.0026 0 0.7267 -0.0489 0.1396 0.1746 1.459 0.9836 0.3601 0.3673 0.4092 3.3451 0.7539 0.2051 0.7247 0.9178 3.9773 0.1722 0.1722 0.55 1 0
17 111 662 572 0 0 0 0 1.0022 0 0.958 -0.0222 0.2512 0.2792 1.8759 0.9642 -0.9491 0.9491 1.341 10.7533 0.7682 -0.5748 0.7561 0.9534 5.1728 0.2116 0.2116 0.6153 1 0
17 112 293 3 0 0 0 0 1.0002 0 0.9856 0.2044 0.2044 0.2109 2.0587 0.9851 0.0138 0.1081 0.1527 2.7679 0.7413 0.0951 0.6032 0.7634 3.3317 -0.225 0.225 0.7762 1 0
17 113 286 1 0 0 0 0 1.001 0 0.9482 0.5461 0.5461 0.6578 2.4167 0.9705 -0.1621 0.2377 0.2706 3.2229 0.825 0.0307 0.6234 0.7814 3.1535 0.0045 0.0045 0.502 1 0
17 114 299 294 0 0 0 0 1.0015 0 0.9685 -0.0883 0.0883 0.1033 2.4034 0.9398 -0.0439 0.5862 0.7612 8.1284 0.6806 0.0871 0.66 0.8177 4.5732 -0.3475 0.3475 1.4618 1 0
17 115 292 0 0 0 0 0 1.0008 0 -0.9932 0.3361 0.531 0.5712 1.7937 0.9792 -8e-04 0.1979 0.2458 3.0117 0.6901 0.1719 0.6553 0.8031 3.2321 -0.1594 0.1594 0.5902 0 0
17 116 1124 473 0 0 0 0 1.0016 0 0.954 0.2395 0.3746 0.4755 3.7328 0.9626 1.3461 1.3461 1.3831 3.0025 0.7766 1.2438 1.263 1.4738 4.3046 0.361 0.361 0.3166 1 0
17 117 284 6 0 0 0 0 1.0003 0 0.9369 -0.0056 0.0895 0.1031 1.9715 0.9649 0.2953 0.3789 0.4814 6.9422 0.7582 0.1849 0.6088 0.7927 3.7779 -0.0282 0.0282 0.5615 1 0
17 118 919 3551 0 0 64 80 1.0872 76 -0.3919 -0.1992 0.2259 0.2776 1.6458 0.9395 -0.3415 0.648 0.7149 13.6966 0.6962 -0.6662 0.8922 1.1162 7.228 0.2513 0.2513 0.6393 1 1
17 119 375 113 0 0 0 0 1.0003 0 0.9717 -0.3054 0.3054 0.3136 1.561 0.9642 0.0482 0.3614 0.4462 4.5209 0.8439 -0.1218 0.5198 0.6473 4.2829 0.2021 0.2021 0.4675 1 0
17 120 288 1 0 0 0 0 1.0009 0 0.2602 0.6021 0.6212 0.9386 3.4544 0.9775 -0.1598 0.2106 0.274 2.536 0.7493 -0.1941 0.6252 0.7787 2.9706 -0.1294 0.1294 0.5476 1 0
17 121 296 34 0 0 0 0 1.0005 0 0.1836 0.027 0.1429 0.1496 1.6371 0.9823 -0.0061 0.2872 0.393 5.0723 0.6161 0.0677 0.5631 0.7339 3.8097 -0.0303 0.0303 0.6698 1 0
17 122 354 137 0 0 0 0 1.0012 0 -0.9307 -0.2686 0.5197 0.53 2.6038 0.9627 0.3016 1.0074 1.5459 16.767 0.7916 -0.1232 0.5389 0.6671 4.1639 -0.0186 0.0186 0.7537 1 0
17 123 318 152 0 0 0 0 1.0023 0 0.9994 0.0328 0.125 0.1332 1.6577 0.9932 -0.7156 0.7156 0.7492 4.6816 0.8136 -0.721 0.8841 1.0389 3.7149 0.0474 0.0474 0.595 1 0
17 124 292 4 0 0 0 0 1.0004 0 -0.197 -0.0968 0.2621 0.2624 2.0358 0.9868 0.0346 0.2464 0.3416 7.1161 0.7881 0.0318 0.6058 0.7397 3.4753 -0.0576 0.0576 0.5861 1 0
17 125 291 23 0 0 0 0 1.0004 0 0.8072 -0.2007 0.2007 0.2178 1.9311 0.9558 0.0428 0.8021 1.0735 12.1557 0.5514 -0.0929 0.6731 0.8444 4.2631 -0.593 0.593 1.197 1 0
17 126 287 88 0 0 0 0 1.0055 0 -0.3859 0.0122 0.2287 0.2502 4.3735 0.9734 -0.1802 0.6996 0.9685 14.3211 0.6571 0.1374 0.6168 0.8016 3.9077 -0.2427 0.2427 1.0807 1 0
17 127 271 0 0 0 0 0 1.0008 0 -0.1388 0.1137 0.3081 0.3603 2.0335 0.9638 -0.4673 0.4689 0.5818 4.9501 0.7423 -0.2351 0.5503 0.7043 3.4662 -0.1837 0.1837 0.6245 0 0
17 128 569 1033 0 0 0 0 1.0006 0 0.986 -0.2183 0.2183 0.225 1.5365 0.9898 -0.291 0.8145 1.022 7.7741 0.7451 -0.067 0.6935 0.8649 5.5303 0.2466 0.2466 0.5242 1 0
17 129 293 1 0 0 0 0 1.0004 0 0.1543 -0.0825 0.4421 0.5026 2.1931 0.954 -0.2233 0.3496 0.5248 6.533 0.8002 -0.2349 0.5578 0.7158 3.4742 -0.1138 0.1138 0.5967 1 0
17 130 333 744 0 0 0 0 1.0009 0 0.3085 -0.2885 0.2885 0.3826 1.668 0.9564 -0.2965 0.5524 0.8009 10.258 0.8221 0.1071 0.5157 0.6675 4.7849 0.0823 0.0823 0.7144 1 0
17 131 291 1 0 0 0 0 1.0005 0 0.476 -0.0923 0.1889 0.257 1.8846 0.9439 0.1575 0.4191 0.6054 7.3663 0.8017 0.1711 0.5679 0.6978 3.5001 -0.0814 0.0814 0.5825 1 0
17 132 502 226 0 0 0 0 1.0005 0 0.9972 0.2098 0.2098 0.2165 1.8912 0.9694 0.165 0.2358 0.3264 3.7622 0.7672 0.1442 0.6609 0.8298 4.2824 0.0482 0.0482 0.7251 1 0
17 133 263 295 0 0 0 0 1.001 0 0.9053 -0.184 0.184 0.2115 1.8708 0.9901 0.3705 0.6565 0.9544 16.3019 0.6906 -0.0504 0.6725 0.8209 4.0445 -0.3679 0.3679 1.2478 1 0
17 134 338 3938 0 0 26 23 1.0324 64 -0.0215 -0.3717 0.3717 0.4465 2.4868 0.9811 -1.0828 1.7932 2.234 25.2653 0.6738 0.2892 0.7392 0.8821 6.5764 -0.1543 0.1543 1.3022 1 1
17 135 360 192 0 0 0 0 1.0012 0 0.9994 -0.3077 0.3077 0.347 1.2538 0.9793 0.1202 0.3973 0.4776 3.8976 0.7847 -0.1968 0.6584 0.8096 4.1146 0.2387 0.2387 0.3946 1 0
17 136 295 156 0 0 0 0 1.001 0 0.7355 -0.1506 0.187 0.2572 2.0935 0.9868 0.1973 0.4861 0.5856 12.0951 0.6911 0.3115 0.6587 0.8337 4.038 -0.3093 0.3093 1.0139 1 0
17 137 454 2885 0 0 0 0 1.0025 0 0.5976 -0.2464 0.294 0.3987 1.4636 0.98 0.1698 0.507 0.7015 9.4178 0.6968 -0.0806 0.6713 0.8484 5.8326 0.2131 0.2131 0.6655 1 0
17 138 307 74 0 0 0 0 1.0003 0 -0.1531 -0.1223 0.3502 0.3705 1.4846 0.975 -0.26 0.3605 0.4464 3.379 0.7221 -0.1028 0.671 0.8294 3.9342 0.1917 0.1917 0.4432 1 0
17 139 365 1005 0 0 0 0 1.0014 0 -0.4976 0.0423 0.2977 0.3396 2.4501 0.7628 0.4172 0.8651 1.0181 7.6371 0.6245 0.3674 0.7232 0.895 5.1676 -0.0164 0.0164 0.9692 1 0
17 140 290 52 0 0 0 0 1.0002 0 0.9983 -0.0047 0.0998 0.1106 1.7036 0.9859 0.4921 0.4921 0.7185 9.6496 0.6723 0.3477 0.7256 0.9006 3.9374 -0.0832 0.0832 0.7329 1 0
17 141 389 204 0 0 0 0 1.0004 0 -0.9917 -0.4123 0.4123 0.4903 1.4579 0.9908 -0.1951 0.4493 0.5972 5.7691 0.8023 -0.3061 0.5581 0.6839 3.9501 0.0207 0.0207 0.6919 1 0
17 142 336 31 0 0 0 0 1.0002 0 0.8986 -0.0992 0.1394 0.1586 1.5385 0.9855 -0.0343 0.2195 0.3124 4.1709 0.7875 -0.0395 0.5125 0.634 3.4971 0.045 0.045 0.5657 1 0
17 143 297 12 0 0 0 0 1.0002 0 0.5925 0.0318 0.1699 0.174 1.7703 0.9895 -0.1878 0.288 0.3557 3.9911 0.8504 -0.1719 0.5654 0.7228 3.3532 0.0264 0.0264 0.5186 1 0
17 144 277 2 0 0 0 0 1.0004 0 0.9619 0.076 0.076 0.0994 1.8035 0.9935 0.2167 0.2252 0.2478 2.9751 0.7903 0.2219 0.5592 0.7132 3.6074 -0.2593 0.2593 0.8023 1 0
17 145 416 126 0 0 0 0 1.0004 0 0.9024 -0.1191 0.1196 0.1753 1.9627 0.9796 -0.0415 0.3012 0.3984 5.9743 0.8098 0.0091 0.5166 0.6418 3.8671 0.0186 0.0186 0.753 1 0
17 146 309 38 0 0 0 0 1.0006 0 0.9887 0.1293 0.1293 0.1615 1.4632 0.9921 -0.578 0.578 0.5978 1.8443 0.8509 -0.4164 0.7087 0.8959 3.4455 0.1583 0.1583 0.4391 1 0
17 147 302 2 0 0 0 0 1.0005 0 -0.4945 0.0857 0.3261 0.3362 1.6761 0.9941 -0.1471 0.1939 0.2141 3.729 0.7718 -0.0063 0.5763 0.7339 3.2236 -0.061 0.061 0.5746 1 0
17 148 344 66 0 0 0 0 1.0005 0 0.2669 0.1114 0.2514 0.2534 2.1622 0.9518 -0.1019 0.3223 0.3856 5.6166 0.7189 -0.0214 0.6124 0.8089 4.0716 -0.0149 0.0149 0.7755 1 0
17 149 491 796 0 0 0 0 1.0016 0 -0.9697 0.0947 0.486 0.6042 2.4764 0.7875 -0.3578 0.7096 0.8654 5.3915 0.7601 -0.4111 0.7015 0.8624 4.3433 0.1325 0.1325 0.5991 1 0
17 150 272 2 0 0 0 0 1.0017 0 0.5353 0.4034 0.4816 0.6217 3.236 0.9712 0.0049 0.2856 0.3744 10.8426 0.5344 -0.0029 0.8696 1.0766 3.2969 -0.6361 0.6361 0.7253 1 0
17 151 302 11 0 0 0 0 1.0004 0 -0.6643 -0.0628 0.196 0.2392 1.5784 0.9915 -0.0336 0.1648 0.201 4.5801 0.8328 -0.2302 0.5791 0.7275 3.3411 0.0552 0.0552 0.5327 1 0
17 152 293 2 0 0 0 0 1.0006 0 0.9585 0.0546 0.2551 0.2638 1.827 0.9814 -0.7051 0.7051 0.8008 6.2136 0.8012 -0.3857 0.5872 0.7255 3.3158 -0.0454 0.0454 0.5611 1 0
17 153 288 4 0 0 0 0 1.0004 0 -0.1066 0.0947 0.3686 0.3699 1.7849 0.9932 0.6137 0.6137 0.7312 9.3064 0.6605 0.221 0.6808 0.8229 3.3381 -0.1295 0.1295 0.645 1 0
17 154 379 188 0 0 0 0 1.0008 0 -0.7976 0.0966 0.3257 0.336 2.0952 0.9845 -0.0331 0.1915 0.2408 7.9162 0.7528 0.1165 0.6968 0.8749 3.7957 -0.0573 0.0573 0.816 1 0
17 155 294 348 0 0 0 0 1.0009 0 -0.0333 -0.5037 0.5037 0.5106 1.3954 0.9893 -0.5457 2.1823 2.6218 25.1748 0.6867 -0.1171 0.6293 0.7626 4.3853 -0.3464 0.3464 1.3915 1 0
17 156 293 4 0 0 0 0 1.0002 0 -0.1118 0.0248 0.1285 0.1538 1.8105 0.9988 -0.0955 0.0955 0.1102 2.322 0.8281 -0.1058 0.5544 0.6873 3.1684 -0.0488 0.0488 0.5752 1 0
17 157 291 18 0 0 0 0 1.0005 0 0.3453 -0.0522 0.3088 0.3282 2.0496 0.957 -0.4902 0.5208 0.6255 5.3043 0.8315 -0.1245 0.5032 0.6521 3.3872 -0.1418 0.1418 0.762 1 0
17 158 388 79 0 0 0 0 1.0004 0 1 0.1595 0.2135 0.2334 1.7173 0.9807 0.3295 0.3643 0.385 2.3355 0.7852 0.479 0.6948 0.8323 3.477 0.0478 0.0478 0.5816 1 0
17 159 296 32 0 0 0 0 1.0002 0 0.9279 0.1172 0.1172 0.1504 1.6675 0.9801 0.0984 0.2927 0.3519 3.9313 0.796 -0.0257 0.5479 0.684 3.6301 -0.0147 0.0147 0.6082 1 0
17 160 324 29 0 0 0 0 1.0023 0 -0.8675 -0.065 0.3604 0.3659 2.8222 0.9704 -0.0528 0.4897 0.6673 8.4925 0.4878 -0.0147 0.6204 0.7935 4.3726 -0.1398 0.1398 0.9283 1 0
17 161 294 4 0 0 0 0 1.0002 0 0.0426 0.0084 0.0899 0.0928 1.7838 0.9896 0.2573 0.2668 0.2991 2.625 0.8444 0.1551 0.5022 0.6745 3.3784 -0.0674 0.0674 0.579 1 0
17 162 285 5 0 0 0 0 1.0008 0 -0.7267 -0.0208 0.3075 0.3513 2.8272 0.9285 0.487 0.6106 0.8247 9.4535 0.5436 0.1631 0.649 0.8085 3.5356 -0.6776 0.6776 0.8257 1 0
17 163 310 238 0 0 0 0 1.0008 0 -0.6431 -0.1791 0.3519 0.4719 2.4104 0.8799 -0.4169 0.6097 0.8401 8.5717 0.6822 0.1969 0.6105 0.7449 4.0564 -0.0248 0.0248 0.7473 1 0
17 164 296 3 0 0 0 0 1.0005 0 -0.2181 0.2702 0.3234 0.3788 1.8223 0.9874 0.0072 0.1738 0.2364 1.9759 0.8132 -0.0664 0.5037 0.671 3.2329 -0.0165 0.0165 0.5315 1 0
17 165 283 141 0 0 0 0 1.0004 0 -0.7048 -0.1762 0.376 0.3803 2.6689 0.9527 0.7128 0.8093 1.0432 13.1605 0.6069 0.0629 0.7109 0.8672 4.018 -0.1501 0.1501 0.9463 1 0
17 166 285 2 0 0 0 0 1.0007 0 0.6528 0.2667 0.496 0.5231 2.2009 0.962 1.3408 1.3408 1.9332 19.2787 0.7176 0.0912 0.716 0.8988 3.2408 -0.0953 0.0953 0.6175 1 0
17 167 295 6 0 0 0 0 1.0006 0 0.9985 -0.0281 0.0313 0.0479 1.8348 0.9738 -0.3928 0.4487 0.6117 6.3543 0.7401 -0.0377 0.6201 0.7865 3.8448 -0.0648 0.0648 0.6662 1 0
17 168 253 1 0 0 0 0 1.0005 0 0.7565 0.0629 0.2405 0.2852 2.3201 0.9794 -0.2929 0.5185 0.793 18.6509 0.6989 -0.0628 0.8027 1.0075 3.5891 -0.4194 0.4194 0.8344 1 0
17 169 315 734 0 0 0 0 1.0061 0 0.8669 -0.1792 0.2149 0.2546 2.1041 0.9659 0.5425 0.6404 0.9449 10.4516 0.5996 -0.0555 0.6553 0.8333 4.1218 -0.0535 0.0535 0.8726 1 0
17 170 294 14 0 0 0 0 1.0005 0 0.9338 -0.1236 0.2025 0.2886 1.9476 0.9124 -0.1432 0.4054 0.6534 6.2759 0.7958 -0.3029 0.6453 0.7864 3.7124 0.0243 0.0243 0.5624 1 0
17 171 838 2031 0 0 30 30 1.0351 30 0.5786 -0.1128 0.2695 0.3499 2.0769 0.9583 -2.633 2.633 4.1583 36.5789 0.637 -0.8316 0.948 1.1185 5.599 0.2412 0.2412 0.6116 1 1
17 172 1352 1439 0 0 0 0 1.0007 0 0.4061 0.0744 0.5082 0.5572 4.5844 0.9507 3.1828 3.1828 4.3668 34.6135 0.6428 1.4779 1.5411 1.7468 5.852 0.2916 0.2916 0.6155 1 0
17 173 293 4 0 0 0 0 1.0001 0 0.9601 -0.0479 0.049 0.0607 1.6951 0.9911 0.3485 0.3791 0.4093 3.8415 0.8331 0.1782 0.5315 0.6849 3.3086 -0.0577 0.0577 0.581 1 0
17 174 310 74 0 0 0 0 1.0009 0 -0.5888 -0.0937 0.2274 0.2355 2.5841 0.983 -0.0976 0.2748 0.5251 12.3539 0.6215 -0.1288 0.5894 0.7871 3.9956 -0.2009 0.2009 0.9247 1 0
17 175 270 10 0 0 0 0 1.0005 0 0.9982 -0.0209 0.1636 0.1879 2.1069 0.8902 -0.6332 0.8569 1.0187 9.5204 0.6395 -0.2039 0.6893 0.8592 3.7724 -0.1878 0.1878 0.8342 1 0
17 176 301 263 0 0 0 0 1.0023 0 0.7494 -0.2125 0.2125 0.2731 2.2376 0.9678 -0.2633 0.8746 1.2157 14.4427 0.6742 0.051 0.5889 0.7135 4.169 -0.0838 0.0838 0.8673 1 0
17 177 303 164 0 0 0 0 1.0012 0 0.8902 -0.2171 0.2171 0.2382 1.7817 0.9559 -0.3275 0.4676 0.5505 7.7772 0.7571 0.049 0.5946 0.7482 3.9719 -0.065 0.065 0.7839 1 0
17 178 369 1045 0 0 0 0 1.0014 0 -0.9292 -0.1793 0.2361 0.2809 2.2658 0.9647 -0.8011 1.4084 1.9732 22.8989 0.7036 0.1403 0.6727 0.8079 5.0955 -0.2917 0.2917 1.3902 1 0
17 179 293 38 0 0 0 0 1.0004 0 0.9263 -0.3896 0.3896 0.435 1.5641 0.9961 0.1054 0.4697 0.5682 6.3387 0.7565 0.251 0.6288 0.7559 3.705 -0.1344 0.1344 0.7771 1 0
17 180 288 16 0 0 0 0 1.0003 0 0.9586 -0.2509 0.2509 0.2748 1.822 0.9781 0.3216 0.5318 0.7672 8.8796 0.6679 0.0929 0.5722 0.7258 3.7274 -0.2346 0.2346 0.8878 1 0
17 181 288 25 0 0 0 0 1.0004 0 -0.9246 -0.0294 0.1676 0.1919 1.7471 0.9772 -0.0052 0.3626 0.4747 6.7598 0.7252 -0.1358 0.5946 0.7371 3.8291 -0.1434 0.1434 0.9506 1 0
17 182 306 4 0 0 0 0 1.0008 0 0.8066 -0.045 0.2402 0.2459 1.649 0.9846 0.1879 0.2291 0.2822 4.1614 0.8644 0.1959 0.6031 0.7501 3.2065 0.0602 0.0602 0.497 1 0
17 183 297 55 0 0 0 0 1.0006 0 0.9627 -0.1312 0.2035 0.2167 1.5964 0.992 0.2201 0.3356 0.4252 4.3543 0.7469 0.0374 0.5962 0.8106 3.9879 0.0037 0.0037 0.6805 1 0
17 184 288 70 0 0 0 0 1.0004 0 -0.9971 -0.1772 0.432 0.5503 1.906 0.9834 -0.9246 0.9246 1.0912 10.6385 0.8022 -0.2671 0.637 0.7735 3.9779 -0.1324 0.1324 0.8436 1 0
17 185 282 0 0 0 0 0 1.001 0 0.8221 0.3954 0.3954 0.4794 2.442 0.9697 0.2177 0.2782 0.2971 1.8835 0.8079 0.2341 0.5316 0.6648 3.0341 -0.0394 0.0394 0.4995 0 0
17 186 291 30 0 0 0 0 1.0006 0 0.3286 -0.05 0.2096 0.2495 1.8652 0.9643 -0.3658 0.4222 0.6322 9.1238 0.6242 -0.2625 0.6591 0.8331 3.8863 -0.0166 0.0166 0.6526 1 0
17 187 292 0 0 0 0 0 1.0004 0 0.2584 0.0247 0.1156 0.127 1.74 0.9898 0.2717 0.2717 0.3146 2.4153 0.7859 0.1871 0.5688 0.7154 3.3948 -0.08 0.08 0.5868 0 0
17 188 388 83 0 0 0 0 1.0009 0 0.9631 -0.1943 0.1943 0.2153 2.1337 0.984 -0.3075 0.3662 0.3854 5.4079 0.7847 -0.5759 0.6847 0.8629 3.6555 0.0729 0.0729 0.5169 1 0
17 189 306 1047 0 0 0 18 1.0161 1 -0.4404 0.1025 0.3951 0.4715 2.4745 0.8773 -0.4475 0.8871 0.9542 11.0567 0.6898 -0.4776 0.7744 0.9942 4.4046 -0.1285 0.1285 1.2807 1 1
17 190 295 80 0 0 0 0 1.0019 0 -0.7639 -0.1475 0.241 0.262 2.7854 0.9672 -0.0221 0.5654 0.7301 10.9076 0.6642 -0.0167 0.6208 0.8109 4.0471 -0.322 0.322 1.1783 1 0
17 191 285 1 0 0 0 0 1.0011 0 0.7031 0.2104 0.2104 0.3135 2.79 0.9555 -0.0647 0.2623 0.283 3.1909 0.7215 -0.0834 0.5883 0.7286 3.2764 -0.2791 0.2791 0.7341 1 0
17 192 607 584 0 0 0 0 1.0004 0 0.3951 -0.1664 0.1664 0.2025 1.2171 0.938 -0.4254 0.607 0.6808 4.3002 0.7833 -0.5383 0.8102 1.0062 4.7806 0.3057 0.3057 0.3849 1 0
17 193 285 2 0 0 0 0 1.0002 0 -0.9806 0.0457 0.2565 0.3105 1.9796 0.967 -0.1546 0.2282 0.3427 3.7404 0.7654 -0.0572 0.5656 0.7408 3.0883 -0.1242 0.1242 0.6046 1 0
17 194 286 5 0 0 0 0 1.0012 0 -0.8977 0.0085 0.2747 0.2954 2.745 0.9843 0.2221 0.603 0.7757 8.5386 0.5543 0.0449 0.7083 0.8876 3.7862 -0.294 0.294 0.986 1 0
17 195 291 6 0 0 0 0 1.0006 0 -0.7365 -0.0771 0.3427 0.3587 2.627 0.9164 -0.3714 0.5452 0.875 9.7285 0.638 0.0879 0.6308 0.8038 3.6352 -0.1622 0.1622 0.8087 1 0
17 196 292 26 0 0 0 0 1.0003 0 -0.9293 -0.3347 0.5119 0.6012 2.5415 0.9175 1.1089 1.3902 2.1456 21.8867 0.4912 0.1219 0.6474 0.8371 3.9858 -0.3251 0.3251 0.9841 1 0
17 197 306 119 0 0 0 0 1.0006 0 -0.6484 -0.1371 0.3246 0.3412 1.6892 0.9882 -0.1742 0.5575 0.6449 10.2637 0.6491 -0.0177 0.6919 0.8449 4.1664 -0.001 0.001 0.7816 1 0
17 198 304 1078 0 0 0 0 1.0013 0 -0.7751 -0.3576 0.3649 0.4542 1.7152 0.9019 0.3632 0.9006 1.1767 8.7781 0.6794 -0.0848 0.6155 0.7781 4.4324 0.0277 0.0277 0.8565 1 0
17 199 291 52 0 0 0 0 1.0006 0 0.8742 -0.2176 0.2976 0.3512 1.837 0.9971 -0.4535 0.6554 0.8919 15.809 0.7619 0.002 0.5767 0.7574 4.1611 -0.1981 0.1981 0.9425 1 0
17 200 274 35 0 0 0 0 1.0006 0 0.362 0.0082 0.1163 0.1265 2.1728 0.982 -0.547 0.626 0.8138 8.5586 0.6038 -0.4388 0.754 0.9598 3.8715 -0.253 0.253 0.8856 1 0
17 201 287 25 0 0 0 0 1.001 0 0.9392 -0.2606 0.2606 0.2648 2.2388 0.9971 -0.1138 0.6087 0.7871 11.6128 0.7483 0.0248 0.6065 0.8001 4.1032 -0.0394 0.0394 0.6752 1 0
17 202 289 22 0 0 0 0 1.0017 0 0.5078 -0.1985 0.1985 0.2247 1.7973 0.9955 0.2446 1.0389 1.2483 12.1331 0.6676 0.236 0.6388 0.8198 4.0243 -0.3926 0.3926 1.0399 1 0
17 203 300 78 0 0 0 0 1.0005 0 0.5396 -0.0677 0.141 0.189 2.0057 0.9854 0.0065 0.3849 0.4912 9.1731 0.6992 -0.1018 0.5972 0.7599 3.966 -0.0911 0.0911 0.8788 1 0
17 204 278 20 0 0 0 0 1.0007 0 -0.2015 0.1777 0.3755 0.4063 2.5405 0.9336 0.2292 0.3072 0.3915 3.137 0.6949 0.1742 0.6231 0.7965 3.6278 -0.1443 0.1443 0.7935 1 0
17 205 293 13 0 0 0 0 1.0002 0 0.9237 -0.1416 0.1416 0.1606 1.5049 0.9912 -0.0518 0.2546 0.3053 6.6462 0.7625 -0.3846 0.6572 0.8291 3.7611 0.0041 0.0041 0.5813 1 0
17 206 309 597 0 0 0 0 1.0013 0 -0.9778 -0.1811 0.1811 0.2956 1.6201 0.9951 0.1023 0.6044 0.6955 11.0586 0.6294 -0.0546 0.6731 0.8185 4.4149 -0.0163 0.0163 0.7747 1 0
17 207 305 305 0 0 0 0 1.0007 0 -0.3107 -0.0511 0.3744 0.4178 1.892 0.961 0.1478 0.3822 0.4726 5.1519 0.7157 0.2187 0.6667 0.8355 4.052 0.0718 0.0718 0.6927 1 0
17 208 300 4 0 0 0 0 1.0002 0 0.1691 0.1842 0.2836 0.3046 1.7828 0.9573 -0.2882 0.3078 0.4047 1.7843 0.7873 -0.1801 0.598 0.7442 3.3816 0.0833 0.0833 0.4577 1 0
17 209 294 36 0 0 0 0 1.0007 0 0.4293 3e-04 0.1388 0.1654 1.6737 0.9762 -0.0384 0.301 0.3498 4.8934 0.784 0.1545 0.5945 0.7458 3.6359 -0.0172 0.0172 0.6729 1 0
17 210 297 70 0 0 0 0 1.0004 0 0.9339 -0.0622 0.0934 0.1314 1.3559 0.9719 0.2675 0.3071 0.3747 5.0704 0.7756 0.3479 0.7032 0.8796 3.9247 0.1477 0.1477 0.4943 1 0
17 211 773 272 0 0 0 0 1.0007 0 0.2423 -0.1057 0.1518 0.1671 1.4984 0.9792 0.2196 0.303 0.429 2.9662 0.7904 0.4628 0.661 0.8295 3.9763 0.1881 0.1881 0.4941 1 0
17 212 290 1 0 0 0 0 1.0005 0 -0.9159 0.178 0.3481 0.3918 2.0257 0.9464 -0.2068 0.3028 0.3537 2.5558 0.7852 -0.1511 0.5716 0.7223 3.178 -0.1431 0.1431 0.6037 1 0
17 213 292 605 0 0 0 0 1.0028 0 -0.4155 0.106 0.38 0.4325 2.8835 0.9767 0.0677 0.2601 0.3591 6.288 0.7227 -0.1173 0.5481 0.7212 3.7411 -0.1662 0.1662 0.8856 1 0
17 214 277 3 0 0 0 0 1.0006 0 0.663 0.3799 0.3799 0.4103 2.1216 0.9831 0.6598 0.6598 0.6901 3.1915 0.6914 0.3573 0.6658 0.865 3.213 -0.3218 0.3218 0.6927 1 0
17 215 490 659 0 0 0 0 1.0015 0 0.1205 -0.1098 0.2035 0.2811 1.4685 0.9816 -0.6041 0.6494 0.7049 3.3947 0.8442 -0.5502 0.7102 0.8533 4.0745 0.2703 0.2703 0.3764 1 0
17 216 291 5 0 0 0 0 1.0006 0 0.0097 0.2333 0.4828 0.6461 2.6761 0.9469 0.924 0.9699 1.3379 15.9299 0.7835 0.0298 0.6556 0.7993 3.3979 0.0147 0.0147 0.5486 1 0
17 217 311 3 0 0 0 0 1.0005 0 0.0772 0.1531 0.2044 0.3117 1.62 0.9832 0.3334 0.3334 0.3776 2.2615 0.7388 0.1546 0.6948 0.8508 3.2501 0.0241 0.0241 0.5015 1 0
17 218 299 1 0 0 0 0 1.0004 0 0.984 0.114 0.2003 0.2805 2.3306 0.9932 0.1031 0.1764 0.2361 2.4123 0.8314 0.1964 0.5578 0.6807 3.0326 0.0278 0.0278 0.4403 1 0
17 219 294 21 0 0 0 0 1.0025 0 -0.9361 -0.0115 0.5733 0.6127 4.4369 0.9331 0.2977 1.15 1.5918 15.3775 0.5593 -0.1057 0.6281 0.7663 3.7929 -0.0964 0.0964 0.7017 1 0
17 220 293 38 0 0 0 0 1.0003 0 0.26 -0.1029 0.3346 0.3411 2.4216 0.9712 0.5975 0.732 0.9824 9.6508 0.7235 0.1465 0.5818 0.7703 3.957 -0.1077 0.1077 0.8293 1 0
17 221 300 28 0 0 0 0 1.0008 0 -0.8808 0.1293 0.3936 0.3982 1.8501 0.9507 0.3607 0.4491 0.5125 4.0485 0.7291 0.1656 0.6214 0.7832 3.8342 0.1107 0.1107 0.5072 1 0
17 222 594 1387 0 0 0 0 1.0011 0 0.9318 -0.3968 0.3968 0.4426 1.4508 0.9786 -0.3603 0.6618 0.8817 10.6661 0.7861 0.2908 0.6317 0.7897 5.349 0.1361 0.1361 0.8515 1 0
17 223 279 9 0 0 0 0 1.0007 0 0.4806 0.1381 0.2204 0.259 2.5212 0.9875 0.3067 0.3808 0.5069 6.6879 0.6132 0.4592 0.7827 0.9701 3.8062 -0.3654 0.3654 1.0541 1 0
17 224 305 47 0 0 0 0 1.0003 0 0.6925 -0.372 0.372 0.4032 1.4323 0.9856 -0.3962 0.6661 0.7465 7.791 0.7722 -0.3976 0.6423 0.8083 3.7732 0.0485 0.0485 0.6581 1 0
17 225 293 50 0 0 0 0 1.0007 0 0.8431 -0.3257 0.3257 0.3866 1.9348 0.93 -0.4896 0.6853 1.1419 14.7789 0.7716 -0.096 0.571 0.7279 4.0444 -0.0733 0.0733 0.8483 1 0
17 226 410 1399 0 0 68 84 1.0416 67 -0.9173 -0.2869 0.6939 0.6965 3.0063 0.9417 1.4415 2.6225 3.5298 32.2451 0.4813 -0.0985 0.7035 0.8647 6.7435 -0.0122 0.0122 1.0691 1 1
17 227 410 790 0 0 0 0 1.0006 0 0.9566 -0.1939 0.1939 0.2344 1.6346 0.9741 0.4693 0.5156 0.6076 7.8844 0.8096 0.7104 0.8781 1.0442 4.8899 0.0449 0.0449 0.8949 1 0
17 228 291 1 0 0 0 0 1.0003 0 0.7879 0.0031 0.2275 0.2438 1.7808 0.9822 0.7198 0.7223 1.077 13.8622 0.7708 0.17 0.6059 0.7158 3.36 -0.1224 0.1224 0.6256 1 0
17 229 295 0 0 0 0 0 1.0009 0 -0.9112 0.0269 0.3045 0.3466 3.0471 0.9101 0.3327 0.6787 0.8296 9.2313 0.6223 0.1145 0.635 0.7737 3.8674 -0.3931 0.3931 0.8457 0 0
17 230 283 0 0 0 0 0 1.001 0 0.989 0.0375 0.1312 0.1314 1.5669 0.9912 0.1441 0.1886 0.2272 3.3087 0.7719 0.2584 0.5711 0.7052 3.3365 -0.2289 0.2289 0.6831 0 0
17 231 358 2 0 0 0 0 1.0009 0 0.5307 0.1531 0.2504 0.3524 2.5917 0.9627 -0.2189 0.2966 0.3625 2.4312 0.7939 -0.3162 0.6213 0.7999 3.3692 -0.0473 0.0473 0.5706 1 0
17 232 283 76 0 0 0 0 1.0018 0 0.0556 -0.0712 0.3268 0.3444 2.8957 0.8651 0.1382 0.9218 1.0825 12.2378 0.709 0.2169 0.6559 0.8132 4.2496 -0.2295 0.2295 0.9753 1 0
17 233 306 10 0 0 0 0 1.0009 0 0.7138 -0.0313 0.1496 0.1738 1.6968 0.9883 -0.0237 0.3589 0.4194 9.3807 0.6962 0.0717 0.742 0.9124 3.8243 -0.2313 0.2313 0.8923 1 0
17 234 299 28 0 0 0 0 1.0002 0 0.7005 -0.0664 0.2399 0.2982 2.2933 0.9943 -0.2102 0.2472 0.3036 4.594 0.8519 -0.2166 0.5511 0.6865 3.5317 0.0618 0.0618 0.5556 1 0
17 235 556 684 0 0 0 0 1.0015 0 0.9901 -0.1073 0.1073 0.1177 1.8389 0.9428 -0.0499 0.4268 0.5798 8.9559 0.7646 0.4797 0.7066 0.8631 4.2732 0.1011 0.1011 0.7219 1 0
17 236 371 603 0 0 0 0 1.0041 0 0.2113 0.1883 0.4178 0.5516 3.4516 0.9723 -0.1779 0.4457 0.4884 7.9935 0.6621 -0.3532 0.7648 0.9663 4.0973 -0.0113 0.0113 0.8234 1 0
17 237 321 386 0 0 0 0 1.0003 0 -0.8728 -0.2888 0.4486 0.4778 1.4678 0.9604 0.2123 0.5499 0.8409 7.7241 0.7412 -0.2412 0.6419 0.801 4.7073 0.1529 0.1529 0.6276 1 0
17 238 297 22 0 0 0 0 1.0008 0 0.6846 -0.0681 0.0775 0.1212 1.5206 0.9882 -0.0847 0.2366 0.2741 3.8527 0.7947 -0.0047 0.5767 0.7461 3.6985 0.0965 0.0965 0.5237 1 0
17 239 382 6 0 0 0 0 1.0002 0 0.7507 -0.3173 0.3173 0.3857 1.5785 0.9704 -0.1101 0.3249 0.3868 2.7547 0.8594 -0.2015 0.484 0.6177 3.3992 0.1081 0.1081 0.433 1 0
17 240 288 192 0 0 0 0 1.001 0 -0.3868 -0.1994 0.3546 0.3655 2.3726 0.9544 0.3705 0.7709 1.0304 11.1294 0.6547 -0.0822 0.6673 0.8867 4.0458 -0.2357 0.2357 1.1188 1 0
17 241 363 395 0 0 0 0 1.0012 0 -0.8658 0.0011 0.315 0.3822 2.0376 0.9905 -0.3731 0.3731 0.4119 4.8166 0.6023 -0.5329 0.8211 1 4.6057 0.0903 0.0903 0.6454 1 0
17 242 299 1 0 0 0 0 1.0003 0 -0.4121 0.0768 0.6973 0.8258 3.0736 0.9526 0.4506 0.5719 0.7171 5.0379 0.7662 0.1242 0.6077 0.7653 3.5372 -0.0104 0.0104 0.5445 1 0
17 243 369 57 0 0 0 0 1.0003 0 0.5852 0.0592 0.2099 0.2123 1.5944 0.9727 0.0487 0.2612 0.2781 3.0461 0.8068 0.202 0.5496 0.7042 3.9124 0.0385 0.0385 0.6102 1 0
17 244 278 0 0 0 0 0 1.0003 0 -0.4507 0.3274 0.3552 0.4188 2.0975 0.9714 -0.1421 0.2711 0.3176 3.5164 0.7337 -0.127 0.6488 0.8535 3.1373 -0.4474 0.4474 0.6799 0 0
17 245 292 60 0 0 0 0 1.0006 0 0.4062 -0.3773 0.3773 0.4295 2.1519 0.9365 0.6267 0.7909 1.2666 16.2746 0.6934 -0.075 0.6838 0.8438 3.9897 -0.6076 0.6076 1.1242 1 0
17 246 294 21 0 0 0 0 1.0012 0 0.6407 -0.1289 0.1755 0.1941 1.7492 0.9841 0.0337 0.3077 0.4433 8.2371 0.7898 -0.0791 0.5571 0.6921 3.5552 -0.1854 0.1854 0.8066 1 0
17 247 377 148 0 0 0 0 1.0014 0 -0.9881 -0.043 0.7344 0.7652 3.9627 0.884 0.6942 1.6138 1.9877 18.1098 0.5959 -0.1951 0.7527 0.9033 4.0545 0.0044 0.0044 0.7749 1 0
17 248 305 71 0 0 0 0 1.0003 0 -0.8169 0.0328 0.2075 0.2209 1.5423 0.9702 0.0997 0.2971 0.3733 3.5486 0.825 0.0471 0.5474 0.6681 3.6326 0.0724 0.0724 0.5528 1 0
17 249 292 42 0 0 0 0 1.0009 0 0.0362 -0.0073 0.2585 0.2745 1.8856 0.9354 -0.0445 0.3854 0.4489 6.3944 0.8035 0.1598 0.5718 0.684 3.7114 -0.0103 0.0103 0.6189 1 0
17 250 428 3026 0 0 0 4 1.0068 0 0.6765 0.01 0.1169 0.123 1.7752 0.9668 -0.0813 0.2761 0.3456 5.6278 0.6981 -0.2528 0.6676 0.8938 5.2841 0.049 0.049 0.9388 1 1
17 251 276 12 0 0 0 0 1.0008 0 0.9444 0.2814 0.3188 0.4468 2.4345 0.9343 -0.0585 0.3235 0.3999 5.8946 0.7061 -0.1634 0.6338 0.8363 3.5076 -0.1325 0.1325 0.6525 1 0
17 252 295 60 0 0 0 0 1.0002 0 0.506 0.0423 0.4988 0.5224 2.1465 0.9669 -0.4216 0.4427 0.5041 2.6767 0.7899 -0.4352 0.7313 0.898 3.422 -0.0359 0.0359 0.6468 1 0
17 253 552 1680 0 0 0 16 1.0044 0 0.5422 -0.0753 0.2176 0.2686 2.3449 0.9735 -0.4699 0.526 0.5681 5.0321 0.7163 -0.7106 0.8948 1.0812 4.4454 0.1355 0.1355 0.7446 1 1
17 254 1674 3976 0 0 0 0 1.006 0 0.9999 -0.3828 0.3828 0.3942 1.2896 0.9941 0.1262 0.7789 0.9537 9.4548 0.5881 1.3351 1.4049 1.6395 6.8848 0.3458 0.3458 0.5822 1 0
17 255 270 66 0 0 0 0 1.0008 0 0.7001 -0.1105 0.2119 0.2162 2.3716 0.9823 0.3306 0.5413 0.6326 6.9335 0.7064 0.0631 0.5801 0.7262 3.9447 -0.0854 0.0854 0.7872 1 0
17 256 293 137 0 0 0 0 1.0012 0 0.6048 -0.194 0.2013 0.243 1.8832 0.9466 -0.1804 0.8838 1.0597 12.1426 0.6483 -0.3092 0.6671 0.8269 4.2241 -0.1984 0.1984 1.15 1 0
17 257 287 21 0 0 0 0 1.001 0 0.5934 0.1775 0.1775 0.2163 2.24 0.9865 0.0291 0.196 0.2193 6.0293 0.6022 0.1203 0.6656 0.863 3.5299 -0.5262 0.5262 1.0608 1 0
17 258 295 6 0 0 0 0 1.0011 0 -0.256 0.0622 0.3243 0.3303 2.1828 0.9867 -0.2563 0.2973 0.3565 6.3696 0.8093 -0.1521 0.5533 0.6973 3.6655 -0.077 0.077 0.7153 1 0
17 259 298 154 0 0 0 0 1.0003 0 0.845 -0.0482 0.1542 0.1901 1.6493 0.9731 -0.1871 0.4098 0.4648 6.1256 0.7651 -0.3641 0.6167 0.8075 3.7412 -0.063 0.063 0.7675 1 0
17 260 288 5 0 0 0 0 1.0004 0 -0.723 -0.0164 0.2095 0.2287 2.3057 0.9897 0.0978 0.1689 0.2013 3.8042 0.7389 0.0449 0.5894 0.7357 3.6751 -0.1352 0.1352 0.7067 1 0
17 261 354 57 0 0 0 0 1.0008 0 -0.7317 0.297 0.5118 0.7127 3.3885 0.9625 0.0201 0.3145 0.4055 5.6459 0.6155 -0.017 0.6881 0.8435 3.407 -0.0838 0.0838 0.7285 1 0
17 262 312 29 0 0 0 0 1.0006 0 -0.9778 -0.1732 0.2459 0.2695 1.3487 0.9864 -0.184 0.2816 0.3479 2.6504 0.8105 -0.1562 0.6046 0.7274 3.5684 0.0587 0.0587 0.5792 1 0
17 263 267 19 0 0 0 0 1.0004 0 -0.0331 -0.1072 0.3745 0.3752 2.3966 0.9606 0.3479 0.4424 0.5821 10.0914 0.708 0.0755 0.6789 0.8444 3.615 -0.2768 0.2768 0.8385 1 0
17 264 293 41 0 0 0 0 1.0006 0 0.0237 -0.015 0.2719 0.303 2.1187 0.9503 -0.3468 0.5151 0.6089 7.0918 0.7828 -0.1113 0.4898 0.6376 3.9796 -0.1349 0.1349 0.7877 1 0
17 265 300 167 0 0 0 0 1.0011 0 -0.8859 0.0146 0.3022 0.3294 1.9173 0.9335 0.019 0.3625 0.5375 4.7691 0.7105 0.05 0.6362 0.7971 4.2728 -0.0326 0.0326 0.822 1 0
17 266 306 79 0 0 0 0 1.0011 0 0.4344 -0.0593 0.1948 0.2448 2.0469 0.8919 -0.0104 0.5172 0.7763 6.702 0.6887 0.1124 0.6573 0.8165 4.0713 0.0284 0.0284 0.7213 1 0
17 267 290 71 0 0 0 0 1.0007 0 -0.9999 -0.1066 0.3494 0.422 2.5283 0.9495 -0.2266 0.6153 0.9844 13.3645 0.7333 0.3847 0.6921 0.9104 4.0965 -0.0185 0.0185 0.7704 1 0
17 268 416 276 0 0 0 0 1.0003 0 0.9629 -0.1173 0.1173 0.1338 1.5521 0.9575 -0.2551 0.4194 0.4705 3.3818 0.7929 -0.2618 0.6408 0.8082 3.8766 0.2414 0.2414 0.3989 1 0
17 269 324 245 0 0 0 0 1.0018 0 1 -0.2227 0.2227 0.2489 1.433 0.995 -0.1403 0.3015 0.3751 3.5252 0.8382 0.2012 0.5541 0.6938 3.7495 0.1445 0.1445 0.5219 1 0
17 270 287 20 0 0 0 0 1.0004 0 0.3844 -0.2401 0.3409 0.369 2.12 0.9457 0.0302 0.8914 1.3402 15.2423 0.7507 -0.1903 0.5197 0.6725 3.9796 -0.1574 0.1574 0.9063 1 0
17 271 299 16 0 0 0 0 1.0015 0 0.9588 0.0636 0.2108 0.2118 2.1812 0.9488 -0.4964 0.4964 0.6444 7.5727 0.8377 -0.2693 0.5645 0.6889 3.424 0.0335 0.0335 0.6093 1 0
17 272 382 110 0 0 0 0 1.0004 0 0.8144 -0.1264 0.2059 0.2752 1.3623 0.9495 0.2691 0.349 0.4381 2.8052 0.79 0.0364 0.5821 0.7126 3.7541 0.122 0.122 0.5692 1 0
17 273 295 1 0 0 0 0 1.0008 0 0.9876 -0.1584 0.1584 0.1771 2.0393 0.9166 0.0129 0.5317 0.6808 7.0464 0.6868 0.0759 0.6208 0.7998 3.5507 -0.2206 0.2206 0.7396 1 0
17 274 299 143 0 0 0 0 1.0007 0 0.7016 0.1141 0.2125 0.2898 1.8001 0.9898 -0.1394 0.183 0.2007 3.6336 0.7784 -0.1388 0.617 0.7545 3.7852 0.0851 0.0851 0.5609 1 0
17 275 373 1487 0 0 0 0 1.0008 0 0.1219 -0.0022 0.3063 0.3261 2.6304 0.98 0.4117 0.5912 0.6748 12.9577 0.7252 0.1563 0.6263 0.7916 4.3427 -0.0151 0.0151 0.9046 1 0
17 276 261 7 0 0 0 0 1.0036 0 -0.9744 -0.1632 0.4188 0.421 3.0821 0.9505 -0.9974 1.3859 1.7632 20.5154 0.56 0.1093 0.6291 0.8134 4.0458 -0.4027 0.4027 1.0502 1 0
17 277 270 0 0 0 0 0 1.0003 0 0.3182 0.5154 0.6365 0.807 2.6571 0.9034 -0.1443 0.4168 0.5161 5.947 0.7328 -0.1545 0.711 0.9028 2.9621 -0.4068 0.4068 0.6611 0 0
17 278 294 2 0 0 0 0 1.0007 0 0.8245 0.0954 0.1652 0.1755 1.8601 0.9641 0.3564 0.3841 0.4724 3.5357 0.7378 0.4738 0.7351 0.8791 3.6669 -0.0716 0.0716 0.6449 1 0
17 279 297 21 0 0 0 0 1.0006 0 -0.93 -0.075 0.2746 0.2786 1.95 0.9876 -0.1665 0.2467 0.3698 6.5193 0.7806 0.078 0.57 0.7148 3.6205 0.0129 0.0129 0.6224 1 0
17 280 300 28 0 0 0 0 1.0018 0 0.9601 -0.0111 0.0402 0.0481 1.482 0.9833 0.1265 0.2242 0.2659 3.7801 0.7517 -0.0361 0.5906 0.752 4.0549 -0.0299 0.0299 0.7165 1 0
17 281 290 0 0 0 0 0 1.0004 0 -0.2599 0.0212 0.2537 0.2786 1.7507 0.9805 -0.2237 0.2636 0.3127 2.5757 0.7555 -0.0863 0.568 0.746 3.3577 -0.2632 0.2632 0.6533 0 0
17 282 281 0 0 0 0 0 1.0012 0 -0.6001 0.3734 0.4991 0.7614 3.5633 0.9782 0.0342 0.2293 0.283 3.6203 0.6764 0.1162 0.7412 0.9183 3.1492 -0.3991 0.3991 0.6841 0 0
17 283 292 75 0 0 0 0 1.0006 0 0.294 -0.3373 0.3381 0.5008 2.1791 0.95 0.4655 0.489 0.6358 4.6842 0.8131 0.1656 0.5803 0.7129 3.901 -0.0675 0.0675 0.7189 1 0
17 284 301 107 0 0 0 0 1.001 0 -0.1724 -0.0502 0.3438 0.3898 1.9492 0.9725 -0.4651 0.571 0.7173 9.9007 0.8193 -0.0692 0.6382 0.8223 3.7133 0.0635 0.0635 0.5903 1 0
17 285 302 2 0 0 0 0 1.0001 0 0.9974 -0.0962 0.1003 0.1205 1.6368 0.9738 0.2276 0.2606 0.3582 2.5058 0.8399 0.1072 0.5163 0.6662 3.1809 0.0529 0.0529 0.4755 1 0
17 286 339 547 0 0 0 0 1.0069 0 0.9867 -0.2335 0.256 0.3065 1.8485 0.9799 0.5631 1.0595 1.2478 11.6868 0.6127 0.314 0.6392 0.8039 4.7197 -0.2642 0.2642 1.2913 1 0
17 287 300 161 0 0 0 0 1.0005 0 0.8363 0.2304 0.2646 0.3418 2.621 0.9658 -0.6404 0.6404 0.6925 5.2328 0.7325 -0.4212 0.6923 0.8487 3.8046 -0.1691 0.1691 0.9271 1 0
17 288 338 112 0 0 0 0 1.0013 0 0.2907 -0.2633 0.3139 0.4305 1.6335 0.9957 0.2094 0.6074 0.822 9.7666 0.7511 -0.1251 0.5902 0.749 4.3058 -0.2486 0.2486 1.2034 1 0
17 289 294 56 0 0 0 0 1.0005 0 0.6175 -0.0362 0.1238 0.1241 1.7756 0.9913 -0.1151 0.3678 0.445 7.6682 0.7139 -0.2857 0.6117 0.7706 3.9883 -0.1594 0.1594 0.8389 1 0
17 290 294 25 0 0 0 0 1.0006 0 0.7892 -0.082 0.1342 0.1897 1.5359 0.9783 0.1762 0.2794 0.3287 4.782 0.8192 0.3077 0.5663 0.6579 3.9136 0.0162 0.0162 0.6044 1 0
17 291 375 61 0 0 0 0 1.0004 0 0.8095 -0.3635 0.3635 0.4243 1.1564 0.9832 0.2408 0.4272 0.5707 3.4197 0.854 0.0654 0.5289 0.6557 3.648 0.2137 0.2137 0.4221 1 0
17 292 738 644 0 0 0 0 1.0072 0 0.8285 -0.3686 0.3686 0.3941 1.3916 0.9265 0.6778 0.7612 0.8995 3.8267 0.767 0.7615 0.8706 1.0855 4.2737 0.2765 0.2765 0.4199 1 0
17 293 327 443 0 0 0 0 1.0003 0 0.5559 -0.2921 0.3434 0.4449 1.4833 0.9784 0.1383 0.4315 0.5336 6.6562 0.6903 0.0861 0.6949 0.8625 4.4907 0.1666 0.1666 0.5789 1 0
17 294 292 0 0 0 0 0 1.0003 0 0.388 -0.3774 0.3774 0.4588 1.6346 0.9622 0.897 0.9887 1.415 13.6964 0.7524 0.3993 0.5972 0.7313 3.4279 -0.2564 0.2564 0.7956 0 0
17 295 292 45 0 0 0 0 1.0012 0 0.977 0.0191 0.1166 0.143 2.1511 0.9779 0.3795 0.3882 0.4477 3.6563 0.7452 0.1979 0.5827 0.7517 3.7205 -0.0891 0.0891 0.7004 1 0
17 296 486 578 0 0 0 0 1.0022 0 0.7553 -0.1995 0.2002 0.2974 2.2442 0.9316 -0.0541 0.4389 0.6621 8.398 0.7568 0.2963 0.606 0.7595 4.3882 0.1271 0.1271 0.659 1 0
17 297 315 92 0 0 0 0 1.0005 0 -0.1844 -0.1293 0.2618 0.2681 2.1493 0.9875 -0.7389 0.8181 0.9939 10.5367 0.7255 -0.2071 0.6463 0.8051 3.9861 0.0569 0.0569 0.7154 1 0
17 298 284 29 0 0 0 0 1.0015 0 0.7891 -0.0243 0.178 0.1835 2.1546 0.9795 0.2003 0.2786 0.3212 5.3217 0.7058 0.0393 0.6207 0.7649 3.6981 -0.1001 0.1001 0.7145 1 0
17 299 288 4 0 0 0 0 1.001 0 -0.2538 0.0198 0.2584 0.2678 2.1855 0.9965 0.1537 0.194 0.218 5.3593 0.8002 0.3193 0.6448 0.7913 3.5709 -0.1954 0.1954 0.7393 1 0
17 300 386 82 0 0 0 0 1.0004 0 0.6435 -0.0598 0.2409 0.283 1.6696 0.9304 -0.0384 0.391 0.608 6.6178 0.7132 -0.0705 0.6933 0.8797 3.6492 0.0801 0.0801 0.5346 1 0
17 301 283 1 0 0 0 0 1.0002 0 0.8189 0.3977 0.3977 0.4433 2.8985 0.9734 -0.2129 0.2515 0.3002 2.617 0.7776 -0.0916 0.6136 0.7818 3.2236 -0.1724 0.1724 0.6459 1 0
17 302 326 264 0 0 0 0 1.0005 0 0.1959 -0.2642 0.2688 0.3935 1.8048 0.967 0.2595 1.0224 1.1823 11.01 0.6897 0.3417 0.6791 0.8693 4.1653 -0.0202 0.0202 0.7849 1 0
17 303 334 11 0 0 0 0 1.001 0 0.9215 -0.1236 0.1661 0.2229 1.6224 0.9585 -0.4173 0.4771 0.9502 11.8931 0.766 0.0703 0.5429 0.6783 3.7522 0.0685 0.0685 0.5383 1 0
17 304 289 7 0 0 0 0 1.0005 0 -0.893 -0.0443 0.4212 0.5083 1.9551 0.9755 -0.1541 0.3562 0.3921 5.6853 0.7868 0.0302 0.6391 0.7626 3.3767 -0.1182 0.1182 0.6002 1 0
17 305 1194 1492 0 0 0 0 1.0005 0 0.6769 -0.0646 0.2553 0.2686 2.1453 0.8793 -0.8701 1.0799 1.1382 10.4343 0.6376 -1.4784 1.5279 1.7928 5.5991 0.3767 0.3767 0.2998 1 0
17 306 314 88 0 0 0 0 1.0006 0 -0.9267 -0.244 0.4021 0.4273 1.6724 0.9732 -0.204 0.5432 0.6213 4.7498 0.7681 -0.4546 0.7078 0.8763 4.1504 0.1674 0.1674 0.5156 1 0
17 307 325 46 0 0 0 0 1.0002 0 -0.1723 -0.0822 0.3814 0.4543 2.5616 0.9459 0.0664 0.6167 0.7076 7.2372 0.8143 0.2505 0.5649 0.685 3.7849 -0.0292 0.0292 0.6457 1 0
17 308 298 15 0 0 0 0 1.0002 0 0.7986 -0.1577 0.1577 0.1956 1.5269 0.9952 0.146 0.4045 0.4837 5.4729 0.7691 0.0998 0.6034 0.7548 4.0214 -0.1231 0.1231 0.7935 1 0
17 309 279 6 0 0 0 0 1.002 0 0.7215 0.0948 0.1065 0.1384 2.1418 0.9585 0.0999 0.4093 0.5296 8.5102 0.5932 -0.3063 0.8417 1.0231 3.9439 -0.6083 0.6083 1.0764 1 0
17 310 369 19 0 0 0 0 1.0006 0 -0.7896 -0.136 0.3966 0.4905 2.45 0.9531 0.67 0.8025 1.5104 18.5828 0.7732 -0.0775 0.5039 0.6291 3.6983 -0.2771 0.2771 0.8937 1 0
17 311 277 4 0 0 0 0 1.0007 0 0.8435 0.0351 0.1794 0.2159 2.2055 0.9844 -0.0897 0.244 0.3481 7.4683 0.6109 0.1584 0.5805 0.766 3.605 -0.159 0.159 0.6908 1 0
17 312 292 16 0 0 0 0 1.0006 0 0.5096 0.0492 0.4435 0.4979 2.85 0.8117 -0.5976 0.9351 1.3232 12.448 0.6457 -0.1549 0.6677 0.846 3.546 -0.0852 0.0852 0.6986 1 0
17 313 257 14736 0 0 117 117 1.996 116 0.9999 -0.4706 0.4706 0.472 2.0117 0.8321 2.3045 3.3516 5.2424 67.136 0.6604 1.7908 1.7962 2.0137 10.9283 0.0445 0.0445 1.5941 1 1
17 314 798 1460 0 0 0 0 1.0013 0 0.9902 -0.2985 0.2985 0.3019 1.4695 0.9894 -0.8236 0.8387 0.9338 4.7264 0.7197 -1.2582 1.3298 1.5038 5.7132 0.3417 0.3417 0.3683 1 0
17 315 332 100 0 0 0 0 1.0007 0 -0.972 0.0195 0.2674 0.2863 1.8022 0.9788 0.0515 0.197 0.2245 2.6787 0.7652 -0.033 0.5647 0.6946 4.1064 0.0071 0.0071 0.6641 1 0
17 316 377 83 0 0 0 0 1.0006 0 -0.5006 0.0226 0.2787 0.2931 1.8252 0.9812 0.2185 0.2717 0.3295 3.2851 0.7648 0.1773 0.6993 0.9077 3.8232 0.0135 0.0135 0.7403 1 0
17 317 311 492 0 0 0 0 1.0004 0 -0.9992 -0.1375 0.1375 0.1994 1.124 0.9849 0.1269 0.4339 0.5587 5.6836 0.702 0.1798 0.8124 0.9822 4.752 0.2364 0.2364 0.4839 1 0
17 318 301 191 0 0 0 0 1.0006 0 0.8082 -0.0319 0.1511 0.1836 1.6149 0.9878 0.0754 0.2076 0.26 5.4679 0.7997 0.2192 0.5083 0.6539 3.7171 -0.0111 0.0111 0.6568 1 0
17 319 601 3376 0 0 55 57 1.0464 54 -0.7454 -0.0678 0.3627 0.3672 2.5693 0.9871 0.3404 0.446 0.5078 8.5249 0.7419 0.6831 0.8574 1.0697 5.476 0.198 0.198 0.7012 1 1
17 320 305 146 0 0 0 0 1.0015 0 0.0967 0.1421 0.2554 0.3549 3.1494 0.997 0.5438 0.5438 0.5628 6.1046 0.6848 0.3675 0.7409 0.9423 3.779 -0.0309 0.0309 0.7508 1 0
17 321 304 21 0 0 0 0 1.0004 0 0.999 -0.1049 0.1454 0.1585 1.7938 0.9697 -0.2953 0.5187 0.7736 7.3445 0.8304 -0.0689 0.547 0.6768 3.8307 0.1312 0.1312 0.5332 1 0
17 322 316 42 0 0 0 0 1.0006 0 -0.9666 -0.0623 0.3945 0.4099 1.9178 0.9195 -0.305 0.5697 0.8578 6.2868 0.7821 -0.1547 0.6031 0.7774 4.0565 0.1577 0.1577 0.4892 1 0
17 323 265 5 0 0 0 0 1.001 0 0.5405 0.3068 0.3068 0.4068 2.5355 0.9821 0.4826 0.4826 0.5204 4.7003 0.7105 0.3676 0.717 0.8674 3.28 -0.254 0.254 0.7174 1 0
17 324 278 27 0 0 0 0 1.0017 0 -0.9184 -0.0739 0.4056 0.4195 3.2509 0.926 0.2005 0.7611 0.9211 10.6039 0.6418 0.1728 0.6955 0.8538 3.7928 -0.1496 0.1496 0.7905 1 0
17 325 288 10 0 0 0 0 1.0008 0 -0.8116 0.1876 0.5823 0.5867 2.344 0.8561 0.1236 0.7015 0.9366 9.5563 0.5975 0.167 0.627 0.8298 3.6315 -0.3911 0.3911 1.0001 1 0
17 326 299 4 0 0 0 0 1.0005 0 0.9381 -0.1712 0.1712 0.1883 1.5834 0.9829 -0.0997 0.184 0.2324 2.439 0.8021 -0.1584 0.5227 0.6657 3.5752 -0.0036 0.0036 0.5703 1 0
17 327 379 78 0 0 0 0 1.0007 0 0.9633 -0.0086 0.131 0.1376 2.0058 0.9627 -0.46 0.5167 0.6163 7.9627 0.7871 -0.4249 0.6343 0.7718 3.6377 -0.0653 0.0653 0.695 1 0
17 328 281 0 0 0 0 0 1.0006 0 0.7963 0.0108 0.2425 0.2614 1.8671 0.988 -0.32 0.32 0.355 2.0365 0.7814 -0.2376 0.5548 0.7088 3.1797 -0.1925 0.1925 0.6632 0 0
17 329 292 39 0 0 0 0 1.0006 0 0.7957 -0.0434 0.1837 0.2152 1.8088 0.9791 0.1632 0.2178 0.3234 7.2238 0.6841 0.0809 0.6759 0.8313 3.9246 -0.0638 0.0638 0.727 1 0
17 330 544 160 0 0 0 0 1.0011 0 0.4838 -0.0787 0.2642 0.284 2.5057 0.9899 -0.8435 1.0919 1.651 20.0799 0.7196 -0.1473 0.6185 0.7851 4.2478 -0.0343 0.0343 0.8093 1 0
17 331 299 118 0 0 0 0 1.0007 0 -0.349 0.0265 0.4058 0.4547 2.05 0.9343 -0.1504 0.4506 0.6228 6.8725 0.7091 0.1501 0.7524 0.9436 4.0168 0.1023 0.1023 0.5701 1 0
17 332 764 3204 0 0 0 0 1.0047 0 0.9828 -0.3385 0.3385 0.3422 2.2269 0.9134 0.8005 0.949 1.2322 14.209 0.7299 -0.4791 0.7386 0.9283 7.7659 0.217 0.217 0.7786 1 0
17 333 393 214 0 0 0 0 1.0009 0 0.9829 0.035 0.1884 0.2181 2.2819 0.9748 -0.2436 0.3779 0.4508 6.7994 0.8085 -0.2585 0.6383 0.7758 4.1296 0.1333 0.1333 0.5672 1 0
17 334 307 142 0 0 0 0 1.0008 0 0.8488 0.0134 0.1022 0.1046 2.371 0.9823 -0.2514 0.2836 0.4038 6.8518 0.7355 0.0293 0.6116 0.7395 3.6527 -0.1462 0.1462 0.8487 1 0
17 335 280 954 0 0 0 0 1.0062 0 0.2508 -0.265 0.2752 0.3431 2.1672 0.9857 -0.2123 1.2244 1.5211 18.4581 0.6357 0.0751 0.6932 0.8499 4.672 -0.1708 0.1708 1.1401 1 0
17 336 494 552 0 0 0 0 1.001 0 0.6212 -0.298 0.3074 0.3711 1.3264 0.9614 0.7161 0.7467 1.1851 12.7041 0.8115 0.4847 0.7025 0.8729 5.1582 0.2374 0.2374 0.507 1 0
17 337 426 276 0 0 0 0 1.0019 0 -0.9721 -0.1196 0.2649 0.3238 2.5398 0.9122 -0.0232 0.496 0.7084 8.193 0.7306 0.3711 0.6621 0.8552 4.459 0.0336 0.0336 0.899 1 0
17 338 472 236 0 0 0 0 1.0022 0 -0.3394 -0.3478 0.3478 0.4225 2.0685 0.9769 0.3982 1.2444 1.6509 18.7618 0.7061 0.0449 0.6582 0.8113 4.8557 -0.0674 0.0674 1.1011 1 0
17 339 339 274 0 0 0 0 1.0011 0 -0.5114 -0.4291 0.6581 0.7121 2.2248 0.9882 -1.0562 1.0819 1.412 11.761 0.8102 -0.4937 0.6469 0.7957 4.0712 0.0339 0.0339 0.6986 1 0
17 340 297 7 0 0 0 0 1.0002 0 0.9775 -0.147 0.147 0.1688 1.6104 0.9731 0.0276 0.2807 0.3642 5.8417 0.7719 -0.1692 0.6287 0.8072 3.829 0.0804 0.0804 0.5416 1 0
17 341 279 4 0 0 0 0 1.0007 0 -0.9451 0.0166 0.3875 0.4228 2.4481 0.8923 0.4483 0.7027 1.196 15.6285 0.6695 0.0671 0.606 0.7403 3.9311 -0.4114 0.4114 0.8811 1 0
17 342 295 273 0 0 0 0 1.0011 0 -0.5689 0.1131 0.4208 0.43 2.0696 0.9182 -0.1005 0.4776 0.5542 7.4223 0.713 -0.1445 0.5883 0.7648 3.9464 0.0182 0.0182 0.6755 1 0
17 343 297 49 0 0 0 0 1.0003 0 0.9416 -0.0275 0.2401 0.2659 1.8653 0.8903 0.3854 0.5869 0.7974 6.6216 0.7188 0.1712 0.6552 0.8282 3.7397 0.0096 0.0096 0.6649 1 0
17 344 408 890 0 0 0 0 1.0017 0 -0.5795 -0.0869 0.1461 0.2053 2.1217 0.9885 0.1434 0.3267 0.3932 7.7784 0.7113 0.3134 0.7022 0.8443 4.3603 -0.0183 0.0183 0.8565 1 0
17 345 405 29 0 0 0 0 1.0006 0 -0.6373 0.0331 0.3925 0.4336 1.8844 0.9691 0.7552 0.7552 0.86 7.3795 0.8179 0.4693 0.6884 0.8453 3.6635 0.0711 0.0711 0.5626 1 0
17 346 276 6 0 0 0 0 1.001 0 0.2952 0.0815 0.2304 0.2898 3.4627 0.9653 -0.0872 0.2922 0.4696 10.6218 0.6031 -0.196 0.7395 0.9591 3.8099 -0.2928 0.2928 0.9108 1 0
17 347 588 2460 0 0 0 0 1.0057 0 0.9215 -0.5722 0.5722 0.5978 1.3199 0.9909 0.5226 0.8187 1.0241 8.6742 0.755 0.8316 0.9162 1.1176 5.4856 0.1872 0.1872 0.8106 1 0
17 348 296 11 0 0 0 0 1.0006 0 0.1022 0.0459 0.3834 0.4256 2.0018 0.9569 -0.2611 0.4564 0.5197 5.8023 0.7005 -0.0893 0.5879 0.7404 4.0487 -0.0176 0.0176 0.6661 1 0
17 349 453 160 0 0 0 0 1.0005 0 -0.9465 0.1244 0.2729 0.2753 1.5968 0.9395 0.2398 0.3807 0.4632 2.9432 0.7768 0.3882 0.6078 0.804 3.8543 0.1285 0.1285 0.5479 1 0
17 350 360 139 0 0 0 0 1.0002 0 0.5621 0.1667 0.3007 0.3161 2.1459 0.9606 -0.332 0.4069 0.4512 4.555 0.7907 -0.345 0.7273 0.8872 4.0261 -0.0033 0.0033 0.699 1 0
17 351 393 106 0 0 0 0 1.0005 0 0.9866 -0.1618 0.1618 0.1892 1.7674 0.9919 -0.2681 0.3163 0.4243 3.1891 0.8128 -0.2202 0.5649 0.6784 3.9147 0.1718 0.1718 0.4785 1 0
17 352 301 32 0 0 0 0 1.0006 0 0.9129 0.0932 0.2007 0.2663 2.1828 0.9613 0.2347 0.3423 0.455 6.3359 0.8065 -0.0526 0.5489 0.6883 3.5576 0.0424 0.0424 0.5811 1 0
17 353 402 645 0 0 0 0 1.0025 0 0.998 -0.3127 0.3127 0.313 1.8461 0.9898 0.4415 0.5525 0.6869 7.0371 0.7442 -0.0794 0.4953 0.6443 4.6308 0.0841 0.0841 0.716 1 0
17 354 289 2 0 0 0 0 1.0002 0 0.9233 -0.0897 0.4484 0.4963 2.4053 0.9671 -1.0424 1.217 1.9635 20.0804 0.7401 -0.0547 0.5781 0.7136 3.405 -0.0094 0.0094 0.5539 1 0
17 355 512 289 0 0 0 0 1.0004 0 0.8623 -0.1359 0.1954 0.2182 1.6744 0.957 0.1979 0.5043 0.5829 5.7265 0.7907 0.3147 0.6259 0.7857 4.3744 0.1793 0.1793 0.5712 1 0
17 356 297 23 0 0 0 0 1.0006 0 0.9979 -0.1262 0.1262 0.1436 1.4125 0.9753 0.1198 0.2047 0.2491 3.3769 0.8621 0.18 0.5326 0.6634 3.5436 0.0823 0.0823 0.5226 1 0
17 357 351 42 0 0 0 0 1.0007 0 0.8378 -0.002 0.19 0.2079 1.9077 0.9479 0.8559 0.8559 1.04 10.0257 0.7299 0.2744 0.6578 0.8406 3.7146 -0.0767 0.0767 0.7379 1 0
17 358 303 9 0 0 0 0 1.0003 0 0.1255 -0.0084 0.3192 0.3492 2.1657 0.9635 -0.263 0.3831 0.4921 4.5574 0.8631 -0.0429 0.5167 0.6183 3.534 0.0964 0.0964 0.4587 1 0
17 359 273 3 0 0 0 0 1.0009 0 -0.5911 0.1576 0.3672 0.4095 2.2997 0.9783 -0.1158 0.3032 0.3674 8.1316 0.6707 0.1936 0.6684 0.8564 3.3479 -0.3571 0.3571 0.7292 1 0
17 360 321 231 0 0 0 0 1.0008 0 -0.797 -0.0568 0.253 0.2945 1.4724 0.9698 -0.1677 0.4038 0.4689 5.5337 0.7588 -0.2443 0.6313 0.8221 4.3559 0.0871 0.0871 0.6884 1 0
17 361 279 8 0 0 0 0 1.0012 0 0.8971 0.3008 0.4537 0.4916 3.6964 0.8977 0.3631 0.5636 0.7986 10.4982 0.7423 -0.0143 0.6762 0.8442 3.3341 -0.1966 0.1966 0.7131 1 0
17 362 310 289 0 0 0 0 1.0007 0 0.9966 -0.365 0.365 0.4072 1.9862 0.9862 -0.2765 0.5178 0.601 4.7365 0.8449 0.0051 0.4934 0.6389 4.4347 -0.1341 0.1341 1.0398 1 0
17 363 275 10 0 0 0 0 1.001 0 0.2825 -0.1974 0.1974 0.2279 1.9191 0.9866 -0.0745 0.3073 0.3714 6.9362 0.7561 -0.2238 0.5669 0.7 3.8323 -0.1488 0.1488 0.7241 1 0
17 364 345 61 0 0 0 0 1.0005 0 0.9888 -0.1821 0.2061 0.3058 1.5064 0.9865 -0.079 0.2026 0.2369 3.1868 0.8222 0.0807 0.5718 0.725 4.1144 0.0935 0.0935 0.555 1 0
17 365 669 387 0 0 0 0 1.0011 0 0.3214 -0.1717 0.2838 0.3429 1.4828 0.9532 -0.2157 0.551 0.7273 6.9983 0.6632 0.1969 0.7354 0.9384 4.6163 0.2303 0.2303 0.4768 1 0
17 366 279 0 0 0 0 0 1.0018 0 0.3954 0.4108 0.5325 0.5892 2.2014 0.8778 -0.0765 0.4782 0.5903 6.8906 0.6922 0.2006 0.7256 0.8904 3.39 -0.2145 0.2145 0.7033 0 0
17 367 286 1 0 0 0 0 1.0004 0 0.4456 0.1449 0.2227 0.298 2.4406 0.9781 0.3294 0.3954 0.4603 3.777 0.6991 0.3153 0.7507 0.9131 3.3935 -0.1554 0.1554 0.6885 1 0
17 368 327 12 0 0 0 0 1.0002 0 -0.2518 0.3165 0.5698 0.6285 1.9267 0.9735 -0.1424 0.2276 0.2714 1.6141 0.8503 -0.2954 0.6224 0.7821 3.3917 0.1233 0.1233 0.4306 1 0
17 369 307 395 0 0 0 0 1.001 0 0.2768 -0.4059 0.4059 0.4469 1.8867 0.9672 0.3821 0.7143 0.8484 9.8638 0.7319 0.1551 0.5764 0.7406 4.9148 0.0329 0.0329 0.7703 1 0
17 370 1798 6107 0 0 0 0 1.0011 0 0.9357 -0.07 0.5586 0.5978 3.5502 0.6619 -2.0522 2.3263 2.8089 13.5824 0.4789 -2.2297 2.2437 2.5134 6.3737 0.4348 0.4348 0.1628 1 0
17 371 299 3 0 0 0 0 1.0003 0 0.9631 0.3758 0.5077 0.5608 2.6781 0.9526 0.4319 0.5078 0.6293 4.4529 0.8527 0.1502 0.6031 0.7528 3.4208 0.0952 0.0952 0.435 1 0
17 372 394 5336 0 0 78 66 1.0727 83 0.9814 -0.4199 0.4199 0.4873 1.2753 0.9814 -0.1828 0.692 0.8685 9.8858 0.6541 0.6869 0.8922 1.0833 6.4988 0.1844 0.1844 0.7958 1 1
17 373 583 534 0 0 0 0 1.0006 0 0.69 -0.0855 0.2163 0.2218 1.8102 0.9739 0.2646 0.3436 0.3902 4.7219 0.6568 0.2687 0.7835 0.9659 4.7032 0.2128 0.2128 0.5192 1 0
17 374 299 72 0 0 0 0 1.0013 0 0.959 -0.1909 0.2162 0.2533 2.09 0.9706 -0.6574 0.8824 1.2464 13.8205 0.7364 -0.1812 0.6313 0.7636 3.8483 -0.1428 0.1428 0.8397 1 0
17 375 366 2875 0 0 0 22 1.0138 6 0.3472 -0.3223 0.3223 0.3724 2.3004 0.9792 -0.2897 0.351 0.4642 10.0093 0.7337 0.1161 0.6412 0.8008 4.5478 0.024 0.024 0.8353 1 1
17 376 3069 2931 0 0 0 0 1.0018 0 0.6691 -0.5494 0.5494 0.5947 1.1708 0.9853 -0.3439 1.3293 1.5912 19.481 0.5951 0.8766 1.0574 1.2492 7.5133 0.1859 0.1859 1.0133 1 0
17 377 346 16 0 0 0 0 1.0007 0 0.9951 -0.0118 0.133 0.156 1.9605 0.9914 -0.0893 0.2004 0.2798 7.8899 0.8219 -0.0336 0.5575 0.6826 3.6303 0.0572 0.0572 0.5718 1 0
17 378 1214 1392 0 0 0 0 1.0044 0 0.3808 -0.0373 0.2431 0.2736 1.837 0.9068 0.4603 0.7221 0.823 9.008 0.6723 0.586 0.7804 0.9727 5.2512 0.1616 0.1616 0.9238 1 0
17 379 304 20 0 0 0 0 1.0008 0 0.7965 -0.0526 0.2423 0.2452 2.1398 0.9692 0.1419 0.4084 0.5061 4.1165 0.7221 0.1888 0.6042 0.741 3.7148 0.0099 0.0099 0.5848 1 0
17 380 291 18 0 0 0 0 1.0005 0 -0.3464 -0.0364 0.1214 0.1475 1.7734 0.9865 -0.5064 0.5064 0.5814 4.6188 0.8139 -0.3602 0.6357 0.8131 3.7851 0.0443 0.0443 0.5987 1 0
17 381 295 0 0 0 0 0 1.0023 0 -0.951 -0.2013 0.6703 0.7113 2.5042 0.9608 0.8082 1.2241 1.7546 15.7728 0.6607 0.2157 0.6086 0.8084 3.8442 -0.0925 0.0925 0.6081 0 0
17 382 393 617 0 0 0 0 1.0067 0 0.999 -0.3648 0.3648 0.3895 1.9183 0.9966 -0.3672 0.6954 0.9228 10.2923 0.7448 0.2393 0.6036 0.7164 4.8728 2e-04 2e-04 0.927 1 0
17 383 298 27 0 0 0 0 1.0003 0 0.3332 0.1741 0.2718 0.3116 1.7513 0.9059 -0.0143 0.4943 0.5752 6.5367 0.7261 -0.0234 0.5906 0.7432 3.7425 0.0223 0.0223 0.6123 1 0
17 384 408 881 0 0 0 0 1.0053 0 0.1509 -0.3705 0.4047 0.5478 1.8079 0.9824 -0.5029 0.6041 1.0601 13.0152 0.7577 -0.4099 0.7411 0.9096 4.7632 0.1245 0.1245 0.6516 1 0
17 385 296 128 0 0 0 0 1.0008 0 -0.9998 -0.3093 0.5325 0.5506 2.2422 0.9844 -0.2662 0.9576 1.2092 11.7153 0.7133 -0.4126 0.6252 0.817 3.8532 -0.0159 0.0159 0.6998 1 0
17 386 289 3 0 0 0 0 1.0008 0 0.1426 0.1089 0.3662 0.446 3.0544 0.929 0.4245 0.6306 0.9265 11.1328 0.6557 0.1633 0.666 0.8517 3.5641 -0.0924 0.0924 0.6017 1 0
17 387 301 4 0 0 0 0 1.0008 0 0.9896 0.2495 0.3419 0.5155 3.0216 0.8969 0.2055 0.3993 0.5123 4.0354 0.75 0.0386 0.5919 0.7676 3.8047 0.0737 0.0737 0.4907 1 0
17 388 294 164 0 0 0 0 1.0019 0 0.8509 0.0261 0.245 0.3004 2.9994 0.9416 0.2307 0.6436 0.8042 12.8865 0.6202 0.395 0.8027 0.9739 4.3293 -0.0816 0.0816 0.9647 1 0
17 389 297 72 0 0 0 0 1.0006 0 0.2797 0.2733 0.2733 0.4186 2.0084 0.9876 0.2208 0.2669 0.293 2.3475 0.8097 0.1749 0.5382 0.6502 3.2374 -0.03 0.03 0.562 1 0
17 390 355 80 0 0 0 0 1.0079 0 0.6013 -0.3557 0.3557 0.3957 2.3368 0.9822 -0.3295 0.969 1.2045 11.0479 0.7401 -0.1959 0.6207 0.818 4.3873 -0.0602 0.0602 0.9074 1 0
17 391 282 414 0 0 0 21 1.0125 3 -0.9809 -0.2175 0.4797 0.576 2.4561 0.9624 0.9559 1.6483 2.3836 24.6515 0.496 -0.0862 0.7464 0.9177 4.0315 -0.2943 0.2943 1.0903 1 1
17 392 297 31 0 0 0 0 1.0009 0 0.8998 -0.2429 0.2429 0.3353 1.8509 0.8926 0.5242 0.9331 1.769 20.3521 0.5952 -0.1076 0.6071 0.7494 3.7322 -0.0729 0.0729 0.7782 1 0
17 393 271 0 0 0 0 0 1.0013 0 0.8182 0.0274 0.1653 0.1773 1.8952 0.9611 -0.0428 0.2829 0.3152 3.2067 0.7696 -0.0719 0.4513 0.6328 3.2447 -0.18 0.18 0.6263 0 0
17 394 294 29 0 0 0 0 1.0007 0 0.9999 -0.1965 0.2176 0.2615 2.1915 0.9939 -0.3669 0.6935 1.0348 17.06 0.8208 0.1411 0.4853 0.6289 4.0466 -0.1398 0.1398 0.8566 1 0
17 395 468 486 0 0 0 0 1.0002 0 0.8694 -0.2402 0.2402 0.2818 1.4626 0.9888 -0.0018 0.364 0.4709 4.8807 0.7863 -0.1236 0.7187 0.8706 4.3447 0.2776 0.2776 0.4164 1 0
17 396 302 67 0 0 0 0 1.0003 0 0.3111 -0.0969 0.2436 0.2443 1.7352 0.9937 0.1583 0.3061 0.3951 6.1182 0.7439 0.1189 0.5954 0.7438 3.8118 0.0566 0.0566 0.5761 1 0
17 397 363 234 0 0 0 0 1.0006 0 0.8481 -0.0926 0.2188 0.227 1.9661 0.9262 -0.0731 0.5111 0.6653 6.9108 0.7324 -0.0958 0.6237 0.7652 4.1926 0.0654 0.0654 0.6898 1 0
17 398 288 9 0 0 0 0 1.0004 0 -0.6698 -0.5555 0.5607 0.7368 1.7789 0.9432 1.3905 1.47 2.1993 17.2162 0.7502 0.2861 0.5799 0.7184 3.7143 -0.0109 0.0109 0.5724 1 0
17 399 352 379 0 0 0 0 1.0011 0 0.0924 0.1187 0.5069 0.5136 2.5023 0.894 0.36 0.7076 0.9659 11.0416 0.8377 0.2108 0.601 0.7618 4.1763 0.1037 0.1037 0.6061 1 0
17 400 296 17 0 0 0 0 1.0006 0 0.9543 0.3221 0.3221 0.4818 2.6012 0.8858 0.4632 0.467 0.6242 3.8332 0.7847 0.3166 0.5819 0.7385 3.1713 -0.1589 0.1589 0.6912 1 0
17 401 259 17 0 0 0 0 1.0009 0 0.984 0.1743 0.2547 0.2934 2.1844 0.9889 0.1517 0.1892 0.2447 6.619 0.7562 0.0696 0.6161 0.7563 3.1273 -0.1467 0.1467 0.6589 1 0
17 402 383 9 0 0 0 0 1.0006 0 0.8613 0.1563 0.3206 0.3751 2.309 0.9533 -0.5619 0.5619 0.6812 5.6649 0.7615 -0.3028 0.6906 0.8771 3.783 0.1372 0.1372 0.4535 1 0
17 403 292 19 0 0 0 0 1.0003 0 0.9518 0.4791 0.4791 0.5388 2.5092 0.9836 0.3833 0.4012 0.4957 1.8394 0.8629 0.3239 0.6554 0.8309 3.3677 0.0301 0.0301 0.5423 1 0
17 404 517 195 0 0 0 0 1.0004 0 0.7158 -0.0977 0.2051 0.2203 1.6239 0.9837 -0.923 0.923 0.9579 3.5346 0.7977 -0.7602 0.8714 1.0336 4.1203 0.1839 0.1839 0.501 1 0
17 405 292 233 0 0 0 0 1.0026 0 -0.3086 -0.1506 0.3422 0.4426 2.9058 0.9372 0.8778 0.9286 1.4431 15.561 0.5241 0.1909 0.6958 0.8781 4.5518 -0.0298 0.0298 0.8255 1 0
17 406 285 0 0 0 0 0 1.0008 0 -0.997 0.2591 0.6784 0.7344 2.7488 0.8952 -0.5162 0.7045 0.8831 7.8635 0.6116 -0.1761 0.6778 0.8633 3.3397 -0.538 0.538 0.7115 0 0
17 407 758 897 0 0 0 0 1.0012 0 0.9631 0 0.0385 0.0419 1.5641 0.9891 -1.0873 1.0873 1.1008 3.7396 0.7701 -1.1121 1.1493 1.3611 4.2699 0.3024 0.3024 0.3495 1 0
17 408 289 6 0 0 0 0 1.0007 0 -0.977 0.3052 0.3052 0.3359 2.222 0.9453 -0.1024 0.3161 0.3983 2.5893 0.7365 -0.092 0.5794 0.7398 3.4402 -0.1212 0.1212 0.6467 1 0
17 409 373 237 0 0 0 0 1.001 0 0.937 -0.3431 0.3431 0.3554 1.4046 0.9952 -0.0973 0.6682 0.8257 10.5427 0.7491 -0.0938 0.5934 0.7449 4.337 0.0961 0.0961 0.6329 1 0
17 410 458 434 0 0 0 0 1.0008 0 0.9156 0.0358 0.1168 0.1465 2.0853 0.9753 -0.0143 0.3293 0.3838 7.7345 0.7547 -0.0166 0.6608 0.8521 5.0416 0.1568 0.1568 0.6123 1 0
17 411 299 815 0 0 0 0 1.0004 0 0.9799 -0.1597 0.1597 0.1613 1.5608 0.9761 0.512 0.5736 0.7021 6.5631 0.7666 0.1347 0.5725 0.7522 4.0598 -0.1058 0.1058 1.0108 1 0
17 412 287 2 0 0 0 0 1.001 0 0.9536 0.2195 0.3821 0.3948 2.5548 0.9491 0.3889 0.4734 0.6202 8.7496 0.6944 0.2417 0.6773 0.8129 3.2751 -0.2086 0.2086 0.7085 1 0
17 413 363 19 0 0 0 0 1.0004 0 -0.9954 0.2798 0.2798 0.3446 1.7206 0.9627 0.1165 0.2607 0.3115 2.5664 0.6783 0.0445 0.6268 0.7679 3.6056 0.0604 0.0604 0.5395 1 0
17 414 300 22 0 0 0 0 1.0006 0 0.093 -0.3023 0.3023 0.3827 1.8714 0.9392 -0.1141 0.9048 1.1443 10.7436 0.731 -0.1763 0.6287 0.8012 4.01 -0.2853 0.2853 1.0546 1 0
17 415 298 10 0 0 0 0 1.0008 0 0.9335 -0.0917 0.1516 0.1863 1.4645 0.9918 -0.2493 0.2631 0.3168 3.572 0.7926 -0.0566 0.593 0.8114 3.5038 0.0264 0.0264 0.5389 1 0
17 416 283 0 0 0 0 0 1.001 0 0.0437 0.0254 0.1861 0.2079 2.018 0.9758 -0.0917 0.2155 0.2582 3.4552 0.7786 -0.1329 0.5431 0.6477 3.1793 -0.2686 0.2686 0.5959 0 0
17 417 303 102 0 0 0 0 1.0003 0 -0.5909 -0.3447 0.3553 0.555 1.5694 0.9766 0.0219 0.5203 0.6856 7.8621 0.6971 0.4872 0.6683 0.8345 4.097 -0.0504 0.0504 0.7754 1 0
17 418 297 21 0 0 0 0 1.0007 0 0.7932 0.06 0.1225 0.1315 1.6593 0.9923 -0.0396 0.1418 0.1822 2.9823 0.7838 -0.1048 0.534 0.6884 3.538 -0.0061 0.0061 0.5741 1 0
17 419 351 863 0 0 0 0 1.007 0 -0.3334 -0.1408 0.4933 0.4961 3.1695 0.9347 0.8531 1.4137 2.0412 24.1581 0.5568 -0.4062 0.7224 0.9415 5.0731 -0.2637 0.2637 1.299 1 0
17 420 289 26 0 0 0 0 1.002 0 -0.0083 -0.1135 0.1708 0.1812 2.4559 0.9908 -0.4683 0.818 0.9924 10.9949 0.5847 -0.4373 0.7097 0.9186 4.0308 -0.3345 0.3345 1.0209 1 0
17 421 290 155 0 0 0 0 1.0032 0 0.9575 0.3724 0.4068 0.5021 2.7846 0.9434 0.0105 0.2013 0.2667 3.7294 0.7696 -0.1905 0.7578 0.9556 3.5399 -0.0247 0.0247 0.6574 1 0
17 422 305 20 0 0 0 0 1.0007 0 0.7837 0.0315 0.1684 0.2061 1.7787 0.9857 -0.0802 0.1636 0.2038 2.2352 0.8834 -0.1989 0.5155 0.6771 3.3202 0.0905 0.0905 0.4543 1 0
17 423 303 3 0 0 0 0 1.0005 0 0.9993 0.1757 0.1757 0.2158 1.5195 0.9603 0.2913 0.3179 0.4144 1.937 0.8386 0.314 0.6307 0.7837 3.2445 0.0105 0.0105 0.5169 1 0
17 424 304 37 0 0 0 0 1.0005 0 0.6073 -0.2898 0.3069 0.3667 1.4307 0.9117 0.0284 0.5848 0.9361 8.229 0.7561 -0.1015 0.5595 0.7065 3.8473 0.0589 0.0589 0.6042 1 0
17 425 468 75 0 0 0 0 1.0012 0 0.9307 -0.1804 0.1892 0.2437 1.4397 0.9559 -0.4069 0.4711 0.7209 8.0397 0.7843 -0.2148 0.6126 0.7568 3.9469 0.1224 0.1224 0.5892 1 0
17 426 302 46 0 0 0 0 1.0007 0 -0.8505 0.0128 0.3951 0.422 1.6833 0.9372 -0.6436 0.6849 0.8007 4.7971 0.7939 -0.44 0.6787 0.9053 3.8075 0.1369 0.1369 0.4629 1 0
17 427 318 37 0 0 0 0 1.0003 0 0.5764 -0.0667 0.1432 0.1501 1.3861 0.9878 0.275 0.3455 0.4019 5.305 0.8117 0.3089 0.6388 0.8095 3.6526 0.1647 0.1647 0.4359 1 0
17 428 291 21 0 0 0 0 1.0008 0 0.4135 -0.1803 0.2581 0.302 2.1801 0.9283 0.1529 0.6694 1.0216 11.441 0.743 0.0554 0.5345 0.6691 3.8609 -0.2603 0.2603 0.9458 1 0
17 429 294 34 0 0 0 0 1.0017 0 0.0715 -0.2343 0.3817 0.4495 1.768 0.9752 -0.3008 0.6324 0.8068 10.135 0.8066 -0.2579 0.6611 0.8449 4.0845 -0.0501 0.0501 0.769 1 0
17 430 403 81 0 0 0 0 1.0011 0 0.7547 0.06 0.3245 0.3717 2.4074 0.9211 0.4544 0.6217 0.7953 8.1346 0.7251 0.0326 0.6227 0.7957 3.9392 -0.0608 0.0608 0.8219 1 0
17 431 527 576 0 0 0 0 1.001 0 0.9151 -0.2811 0.2811 0.3336 1.8118 0.9696 0.2431 0.7019 0.9355 9.763 0.656 -0.2225 0.7617 0.9455 5.3609 0.208 0.208 0.5666 1 0
17 432 286 3 0 0 0 0 1.0006 0 0.986 0.0887 0.3935 0.3963 2.1864 0.9207 0.4347 0.6086 1.1711 17.403 0.6476 -0.1481 0.6432 0.8198 3.6007 -0.2225 0.2225 0.7946 1 0
17 433 299 1 0 0 0 0 1.0007 0 -0.2074 0.1429 0.5467 0.6011 3.01 0.9093 -0.1134 0.4378 0.7092 9.75 0.6278 0.2206 0.6415 0.7944 3.3409 -0.1245 0.1245 0.6203 1 0
17 434 284 1 0 0 0 0 1.0005 0 0.9875 0.1982 0.1982 0.2123 1.5085 0.9859 -0.0758 0.1953 0.2148 2.6248 0.7515 -0.0357 0.6908 0.8219 3.5891 -0.047 0.047 0.593 1 0
17 435 568 371 0 0 0 0 1.0002 0 0.6488 -0.2665 0.2665 0.2759 1.4032 0.9838 0.2935 0.465 0.5749 4.5149 0.8328 0.2723 0.6028 0.7679 4.8713 0.1849 0.1849 0.5813 1 0
17 436 295 17 0 0 0 0 1.0004 0 0.0325 0.0819 0.2515 0.3016 1.7697 0.9791 0.11 0.2308 0.2564 3.9507 0.7439 0.2264 0.6601 0.8399 3.9473 0.0759 0.0759 0.5666 1 0
17 437 294 105 0 0 0 0 1.0008 0 0.9665 -0.2272 0.3668 0.3877 2.5614 0.9829 -0.6086 1.2497 1.8443 23.2261 0.7501 0.2404 0.6621 0.7947 3.9825 -0.0858 0.0858 0.8072 1 0
17 438 304 84 0 0 0 0 1.0013 0 0.998 -0.1554 0.2166 0.2571 1.8261 0.9536 -0.2002 0.4371 0.6534 6.7348 0.769 -0.1138 0.5464 0.7177 4.1143 -0.0097 0.0097 0.7616 1 0
17 439 278 1 0 0 0 0 1.0004 0 0.2178 0.0762 0.271 0.3336 2.5403 0.989 0.5899 0.5899 0.758 10.5386 0.4726 0.4032 0.8269 1.0401 3.4335 -0.5291 0.5291 0.8397 1 0
17 440 982 1015 0 0 0 0 1.002 0 -0.0129 -0.0486 0.3369 0.3746 2.7162 0.9437 0.697 0.8688 1.6353 22.6331 0.5758 0.373 0.8387 1.0004 5.9848 0.071 0.071 0.9895 1 0
17 441 305 19 0 0 0 0 1.0003 0 -0.0127 -0.2808 0.39 0.4783 1.4292 0.9352 0.4281 0.619 0.9945 8.0787 0.7765 0.2 0.5409 0.6713 3.6578 0.035 0.035 0.5739 1 0
17 442 369 50 0 0 0 0 1.0001 0 -0.839 -0.1353 0.2616 0.3524 1.5277 0.9839 -0.3453 0.495 0.5955 4.3548 0.7535 -0.118 0.5956 0.7406 3.8646 0.1096 0.1096 0.5472 1 0
17 443 524 405 0 0 0 0 1.0007 0 0.9812 -0.1223 0.1901 0.2013 1.4174 0.9807 0.2276 0.5243 0.5772 3.7942 0.8559 0.6942 0.831 0.9894 4.3528 0.2975 0.2975 0.3608 1 0
17 444 343 294 0 0 0 0 1.0012 0 0.1012 -0.1853 0.3313 0.3424 1.7005 0.9542 -0.2795 0.4661 0.7885 10.0411 0.7161 0.207 0.6328 0.7932 3.9176 0.0142 0.0142 0.7098 1 0
17 445 290 13 0 0 0 0 1.0006 0 0.7285 -0.1639 0.268 0.287 1.9281 0.9803 0.4143 0.5118 0.7234 11.1184 0.7173 0.1351 0.5344 0.6864 3.6971 -0.233 0.233 0.803 1 0
17 446 316 21 0 0 0 0 1.0006 0 -0.4044 -0.0148 0.3534 0.4016 2.3286 0.925 -0.0808 0.6035 0.8006 9.5734 0.6771 -0.1852 0.699 0.9039 3.8338 -0.1316 0.1316 0.7954 1 0
17 447 301 85 0 0 0 0 1.0009 0 -0.8865 -0.2474 0.5632 0.5889 1.9736 0.9701 -0.4267 1.1561 1.6605 14.2338 0.7737 0.1756 0.6892 0.8514 3.9791 0.1021 0.1021 0.6045 1 0
17 448 288 3 0 0 0 0 1.0002 0 0.5686 0.0433 0.1944 0.2403 2.0134 0.9729 -0.2507 0.3518 0.4212 4.9557 0.8547 -0.1855 0.5565 0.6929 3.2338 -0.1198 0.1198 0.5945 1 0
17 449 292 13 0 0 0 0 1.0015 0 -0.1913 0.1515 0.4871 0.5287 3.1558 0.9319 -0.485 0.7221 1.0098 11.7305 0.6581 -0.0131 0.722 0.9114 3.7059 -0.1446 0.1446 0.7854 1 0
17 450 561 220 0 0 0 0 1.0008 0 0.9824 -0.1051 0.1051 0.1246 1.8452 0.9759 0.4891 0.5384 0.5646 3.2337 0.8286 0.5995 0.7446 0.9144 4.0357 0.2091 0.2091 0.4698 1 0
17 451 483 464 0 0 0 0 1.0011 0 0.4517 0.33 0.33 0.4416 2.2375 0.9879 0.5664 0.5664 0.6374 2.7716 0.8035 0.4348 0.692 0.8609 4.0708 0.178 0.178 0.4848 1 0
17 452 305 4 0 0 0 0 1.0003 0 -0.4038 -0.0473 0.5347 0.5679 3.0002 0.9227 0.3403 0.7319 1.0445 7.8824 0.5468 0.3028 0.8039 0.9772 3.7674 -0.1079 0.1079 0.7319 1 0
17 453 414 20 0 0 0 0 1.0003 0 -0.1346 0.0408 0.3006 0.3201 1.7586 0.9875 0.3299 0.3299 0.3919 3.174 0.8506 0.1513 0.5235 0.6996 3.7912 0.1015 0.1015 0.5027 1 0
17 454 753 756 0 0 0 0 1.0003 0 0.9905 -0.2624 0.2624 0.2945 1.4447 0.9879 -0.6283 0.6699 0.8963 6.0404 0.7158 -0.9016 0.9949 1.211 5.4956 0.2484 0.2484 0.4996 1 0
17 455 311 179 0 0 0 0 1.0007 0 0.8462 -0.4112 0.4112 0.4308 1.7018 0.989 0.1394 0.2822 0.3044 4.2048 0.8299 0.3395 0.5406 0.7008 3.9014 0.0812 0.0812 0.5901 1 0
17 456 914 351 0 0 0 0 1.0007 0 0.7624 -0.1476 0.2287 0.2409 1.4589 0.9614 -0.8853 0.8853 0.9323 3.852 0.7968 -1.0602 1.111 1.2922 4.7715 0.2736 0.2736 0.4468 1 0
17 457 303 210 0 0 0 0 1.0004 0 0.951 -0.285 0.285 0.3248 1.7002 0.8621 0.3761 0.7495 0.8101 6.809 0.8468 0.4328 0.6118 0.7718 4.1349 0.1077 0.1077 0.6029 1 0
17 458 315 21 0 0 0 0 1.0006 0 0.1531 -0.1058 0.3505 0.4025 1.6395 0.9175 -0.1807 0.5527 0.6543 5.2637 0.7958 -0.066 0.612 0.7494 3.7319 0.0447 0.0447 0.5558 1 0
17 459 423 913 0 0 0 0 1.0082 0 0.4095 -0.4442 0.4442 0.478 2.107 0.9855 0.2555 0.9345 1.2686 14.2611 0.7554 -0.2159 0.5325 0.6484 4.9397 -0.1042 0.1042 1.0672 1 0
17 460 390 961 0 0 0 0 1.0019 0 0.2422 -0.3414 0.3414 0.4037 1.7515 0.9454 -0.0507 0.6226 0.8363 9.3286 0.7142 -0.0198 0.5468 0.6815 4.9819 -0.0225 0.0225 0.898 1 0
17 461 304 33 0 0 0 0 1.0007 0 0.9606 -0.0054 0.1012 0.1098 1.5916 0.993 0.34 0.34 0.3622 3.1199 0.837 0.4596 0.619 0.7824 3.8638 0.1048 0.1048 0.4818 1 0
17 462 378 44 0 0 0 0 1.0008 0 -0.418 0.1482 0.2105 0.2859 2.1274 0.9408 -0.3331 0.417 0.5356 2.5633 0.7853 -0.43 0.7017 0.8874 3.4756 -4e-04 4e-04 0.614 1 0
17 463 302 51 0 0 0 0 1.0009 0 0.9637 -0.2674 0.2674 0.3234 1.6958 0.9576 0.2249 0.7124 0.8544 7.2404 0.7115 0.0158 0.7206 0.8906 4.125 -0.1472 0.1472 0.9715 1 0
17 464 376 264 0 0 0 0 1.0004 0 -0.5221 0.1636 0.2342 0.3278 2.0107 0.9641 -0.0408 0.3139 0.3899 6.1932 0.747 0.1341 0.6025 0.75 3.9726 0.0699 0.0699 0.6267 1 0
17 465 299 7 0 0 0 0 1.0005 0 0.4477 -0.0756 0.1196 0.1712 1.9807 0.9848 0.0283 0.2324 0.3215 3.2701 0.736 0.232 0.5775 0.7061 3.8903 -0.0052 0.0052 0.5814 1 0
17 466 264 32 0 0 0 0 1.0012 0 0.5078 -0.1045 0.235 0.2628 2.0974 0.9685 0.3694 0.6207 0.9187 12.2135 0.6282 0.1031 0.6841 0.8325 3.7357 -0.335 0.335 0.9677 1 0
17 467 299 14 0 0 0 0 1.0007 0 0.8324 -0.0217 0.125 0.1269 1.9107 0.9945 -0.2517 0.2517 0.3009 5.0514 0.8335 -0.1972 0.4856 0.6173 3.5075 -0.0552 0.0552 0.6282 1 0
17 468 314 46 0 0 0 0 1.0004 0 0.9948 -0.0456 0.0456 0.0564 1.5691 0.96 -0.1428 0.2558 0.3339 2.9201 0.8468 -0.4205 0.6277 0.7772 3.6656 0.1286 0.1286 0.5058 1 0
17 469 340 1074 0 0 0 0 1.0043 0 0.9943 -0.0935 0.0935 0.0951 1.8074 0.976 0.1849 0.5183 0.6109 8.7666 0.7606 0.0184 0.6454 0.8575 4.9364 -0.1279 0.1279 1.0577 1 0
17 470 362 9097 0 0 117 117 17.5724 115 0.1226 -0.1927 0.3544 0.3635 2.1774 0.7781 2.0952 2.4488 3.0705 14.5121 0.3317 1.0138 1.4571 1.8828 17.1417 0.262 0.262 0.6296 1 1
17 471 289 1 0 0 0 0 1.0005 0 -0.0089 0.0089 0.5334 0.5859 4.1545 0.9804 0.2988 0.4142 0.5638 9.6663 0.7054 0.1573 0.6225 0.7951 3.6984 -0.2301 0.2301 0.7971 1 0
17 472 379 88 0 0 0 0 1.0006 0 0.6879 0.4142 0.5202 0.5901 2.3601 0.9511 -0.7322 0.7322 0.7983 2.5074 0.7609 -0.4361 0.6812 0.8425 3.6631 0.0887 0.0887 0.5324 1 0
17 473 299 66 0 0 0 0 1.0004 0 -0.311 -0.1139 0.3187 0.3747 2.1378 0.9438 0.1339 0.4317 0.5158 4.6574 0.7795 0.0177 0.5921 0.768 4.1531 0.1015 0.1015 0.5457 1 0
17 474 295 5 0 0 0 0 1.0002 0 -0.8465 0.0879 0.6442 0.6921 2.6774 0.9062 0.1065 0.4659 0.5841 6.4906 0.6651 0.0042 0.7366 0.9185 3.3876 -0.2361 0.2361 0.7557 1 0
17 475 293 9 0 0 0 0 1.0004 0 -0.5216 0.2804 0.5239 0.6208 2.4602 0.9145 -0.2014 0.4071 0.4603 3.9032 0.6854 0.0755 0.6482 0.8062 3.3123 -0.0303 0.0303 0.5709 1 0
17 476 292 9 0 0 0 0 1.0008 0 0.7704 -0.1369 0.2656 0.2728 1.9827 0.9725 -0.443 0.4733 0.7495 11.4272 0.7974 -0.2173 0.589 0.7349 3.4738 -0.1909 0.1909 0.7284 1 0
17 477 297 14 0 0 0 0 1.0004 0 0.9315 -0.207 0.2771 0.306 1.7559 0.9548 -0.4364 0.8391 1.4021 15.4324 0.6385 -0.0493 0.5553 0.6949 3.8075 -0.0317 0.0317 0.7201 1 0
17 478 284 32 0 0 0 0 1.0006 0 0.7609 -0.1406 0.1406 0.2217 2.4351 0.938 0.5537 0.6432 0.9922 12.0919 0.5807 0.1272 0.5815 0.7483 3.9146 -0.3313 0.3313 1.0208 1 0
17 479 440 111 0 0 0 0 1.0004 0 0.3096 -0.3094 0.3094 0.3549 1.2839 0.9686 -0.4336 0.5348 0.6576 4.0955 0.8079 -0.4005 0.6566 0.8192 3.9113 0.1778 0.1778 0.5078 1 0
17 480 291 89 0 0 0 0 1.0013 0 0.7155 0.1201 0.1398 0.1627 2.6675 0.987 -0.321 0.3328 0.3643 6.1423 0.6745 -0.168 0.6931 0.8525 4.1108 -0.1066 0.1066 0.844 1 0
17 481 288 6 0 0 0 0 1.0007 0 -0.8326 -0.1101 0.2085 0.2457 1.5621 0.9804 -0.1628 0.3591 0.4315 4.2187 0.7669 -0.2263 0.5479 0.7035 3.4815 0.0112 0.0112 0.517 1 0
17 482 290 12 0 0 0 0 1.0006 0 -0.9883 -0.1245 0.4526 0.5048 2.1685 0.933 -0.5754 0.6835 1.0427 13.209 0.6813 0.2918 0.6632 0.8379 3.7091 -0.0942 0.0942 0.6977 1 0
17 483 1120 561 0 0 0 0 1.0006 0 -0.1262 -0.2159 0.2835 0.4089 1.5869 0.9803 0.976 0.976 1.0223 4.1994 0.7177 1.0933 1.1233 1.305 4.5713 0.2164 0.2164 0.6022 1 0
17 484 304 9 0 0 0 0 1.0002 0 0.971 0.0922 0.4701 0.5392 2.0821 0.9814 0.0851 0.3824 0.4204 5.8883 0.6604 0.3238 0.8049 1.0075 3.335 0.0979 0.0979 0.4639 1 0
17 485 436 342 0 0 0 0 1.0015 0 -0.9195 0.0146 0.42 0.4972 2.6611 0.9585 1.5055 1.6823 2.8322 29.1002 0.5645 -0.0362 0.7854 1.0185 4.3513 0.0381 0.0381 0.8095 1 0
17 486 269 11 0 0 0 0 1.0007 0 -0.5892 0.4514 0.543 0.784 3.2584 0.9866 0.4695 0.4695 0.5047 2.6541 0.8075 0.3148 0.5353 0.7035 3.12 -0.1944 0.1944 0.6476 1 0
17 487 313 180 0 0 0 0 1.0006 0 0.9841 -0.0883 0.1717 0.2293 1.6555 0.9833 0.102 0.2475 0.3298 5.948 0.8177 -0.1148 0.5942 0.7502 3.7008 0.1489 0.1489 0.4894 1 0
17 488 301 74 0 0 0 0 1.0005 0 0.9932 -0.1939 0.212 0.3125 2.0684 0.8839 0.0287 0.4774 0.6545 5.8252 0.7965 0.1569 0.5959 0.7582 4.026 0.0883 0.0883 0.5712 1 0
17 489 445 524 0 0 0 0 1.0014 0 0.8649 -0.2088 0.2088 0.2362 1.5244 0.9931 -0.1 0.2999 0.3583 5.0854 0.7258 0.288 0.6434 0.8114 4.316 0.1005 0.1005 0.6802 1 0
17 490 364 57 0 0 0 0 1.0003 0 0.9156 -0.0702 0.0834 0.1004 1.5133 0.9932 -0.2001 0.206 0.2354 2.5282 0.8376 0.062 0.5298 0.6532 3.7234 0.147 0.147 0.4968 1 0
17 491 300 528 0 0 0 0 1.0006 0 0.5587 -0.2883 0.2883 0.2919 1.6056 0.9957 -0.3075 0.9143 1.1223 12.8883 0.6743 -0.1052 0.6361 0.79 4.4442 -0.0762 0.0762 0.9779 1 0
17 492 394 308 0 0 0 0 1.0012 0 0.8659 -0.0629 0.1231 0.1503 1.7021 0.9782 0.4058 0.6148 0.7738 10.5411 0.6368 0.2819 0.7289 0.8888 4.2186 -0.2263 0.2263 1.0619 1 0
17 493 387 40 0 0 0 0 1.0006 0 0.5801 -0.0929 0.2514 0.3017 1.3708 0.9854 -0.1361 0.2196 0.2469 2.7376 0.7744 -0.1386 0.5482 0.6942 3.9408 0.1152 0.1152 0.5467 1 0
17 494 296 2 0 0 0 0 1.001 0 0.4668 0.1556 0.3723 0.3836 2.0366 0.9672 -0.2161 0.3327 0.4893 6.4472 0.8037 -0.0846 0.664 0.7918 3.1065 -0.062 0.062 0.5972 1 0
17 495 289 8 0 0 0 0 1.0005 0 -0.1957 -0.1029 0.2588 0.2645 1.8745 0.9612 0.0917 0.4492 0.5498 5.6983 0.7421 0.2326 0.6115 0.7752 3.579 -0.1564 0.1564 0.7325 1 0
17 496 297 202 0 0 0 0 1.0011 0 -0.9855 -0.2457 0.3214 0.3738 2.0721 0.9953 -0.0737 0.3077 0.401 7.9022 0.7644 0.1492 0.6121 0.7572 4.0302 0.0523 0.0523 0.672 1 0
17 497 285 78 0 0 0 0 1.0004 0 -0.1142 -0.1141 0.4132 0.4338 1.8759 0.9938 -0.077 0.4805 0.6005 13.8304 0.6987 0.2927 0.6281 0.7819 3.6208 -0.0766 0.0766 0.6486 1 0
17 498 278 2 0 0 0 0 1.0003 0 0.7052 -0.0167 0.2018 0.2274 2.1921 0.9424 0.2114 0.3539 0.4026 4.3243 0.8016 0.3092 0.6287 0.8081 3.5633 -0.2163 0.2163 0.7441 1 0
17 499 2341 1931 0 0 0 0 1.0012 0 0.5821 -0.0417 0.1921 0.2046 2.031 0.9605 0.8762 0.9365 1.0207 7.4828 0.6383 1.1351 1.2675 1.462 5.7123 0.2779 0.2779 0.6501 1 0
17 500 305 4 0 0 0 0 1.0016 0 0.4317 0.2393 0.4397 0.6039 2.4466 0.9636 -0.04 0.2588 0.3254 3.1822 0.801 0.0701 0.5544 0.6916 3.3637 0.0523 0.0523 0.4483 1 0
