cond r run.time ndiv nbfmi ntree nbulk ntail maxRhat nRhat alpha.cor alpha.bias alpha.abbias alpha.rmse alpha.CI beta.cor beta.bias beta.abbias beta.rmse beta.CI theta.cor theta.bias theta.abbias theta.rmse theta.CI lambda.bias lambda.abbias lambda.CI corrupt efficiency
27 1 845 0 0 0 0 0 1.0023 0 0.618 -0.0059 0.2223 0.2341 2.122 0.981 -0.1893 0.6381 0.7961 9.7461 0.5034 0.0353 0.6961 0.8768 4.1961 -0.0116 0.0116 0.6411 0 0
27 2 1261 0 0 0 0 0 1.0048 0 -0.7242 0.101 0.7881 0.956 3.9216 0.9185 -0.9095 1.0452 1.7247 12.9083 0.4394 -0.0272 0.7212 0.9253 4.1101 -0.1949 0.1949 0.5189 0 0
27 3 833 0 0 0 0 0 1.0014 0 -0.4756 -0.1657 0.1657 0.1999 1.1839 0.9909 0.1648 0.2115 0.2417 1.9297 0.6256 0.065 0.6034 0.76 4.1538 -0.1619 0.1619 0.5436 0 0
27 4 888 0 0 0 0 0 1.0017 0 0.5709 -0.0449 0.1144 0.1444 1.7116 0.976 0.2493 0.3127 0.5236 6.8835 0.5431 0.0845 0.6779 0.8609 4.2804 0.1244 0.1244 0.6455 0 0
27 5 856 0 0 0 0 0 1.0007 0 0.5863 0.0726 0.0972 0.1126 1.2612 0.9946 0.015 0.101 0.1239 1.7608 0.6899 0.0223 0.6113 0.7741 4.0514 -0.0526 0.0526 0.4261 0 0
27 6 830 0 0 0 0 0 1.0007 0 -0.4143 0.069 0.2438 0.2779 1.418 0.9872 -0.0805 0.2022 0.2433 2.3403 0.6232 -0.0159 0.6171 0.7952 4.1316 0.0581 0.0581 0.5952 0 0
27 7 843 0 0 0 0 0 1.0004 0 0.7624 -0.1729 0.1729 0.2106 1.2273 0.9482 -0.1279 0.4066 0.5136 4.257 0.544 0.047 0.6572 0.8433 4.0748 -0.1728 0.1728 0.5578 0 0
27 8 866 0 0 0 0 0 1.0006 0 0.9706 0.1057 0.1057 0.1195 1.4018 0.9805 0.2435 0.2737 0.3559 2.4719 0.6474 0.1318 0.6947 0.8555 4.2249 -0.1023 0.1023 0.5615 0 0
27 9 880 0 0 0 0 0 1.0013 0 0.046 0.0455 0.3091 0.3576 2.3136 0.9384 -0.4751 0.6112 1.0531 11.0066 0.4773 0.027 0.6981 0.8742 4.2002 0.0298 0.0298 0.693 0 0
27 10 882 0 0 0 0 0 1.0009 0 -0.9564 -0.0037 0.2669 0.2903 1.4266 0.9764 -0.1764 0.2789 0.4057 4.036 0.5438 0.0865 0.6568 0.8418 4.1558 0.0101 0.0101 0.5462 0 0
27 11 891 0 0 0 0 0 1.0039 0 0.9997 0.0918 0.1259 0.1376 1.6204 0.979 -0.058 0.1747 0.2472 3.3877 0.6599 0.0365 0.6082 0.7742 4.0611 0.1679 0.1679 0.4342 0 0
27 12 846 0 0 0 0 0 1.0013 0 0.3309 0.0363 0.172 0.2139 1.5412 0.9804 -0.0362 0.1582 0.2189 2.2038 0.6833 0.0103 0.6131 0.7932 4.0779 0.2106 0.2106 0.4447 0 0
27 13 846 0 0 0 0 0 1.0006 0 0.7197 -0.2019 0.4321 0.4736 1.3014 0.9843 0.0983 0.282 0.4166 5.0033 0.6945 -0.0769 0.5628 0.7209 4.141 0.03 0.03 0.489 0 0
27 14 860 0 0 0 0 0 1.0003 0 0.9953 0.1105 0.1105 0.12 1.363 0.9974 -0.2916 0.2916 0.3152 3.5059 0.5018 -0.0934 0.7073 0.8875 4.1752 -0.2614 0.2614 0.5232 0 0
27 15 844 0 0 0 0 0 1.0022 0 -0.2517 -0.0286 0.1198 0.125 1.7553 0.9864 -0.0623 0.2592 0.3405 3.855 0.5232 -0.038 0.6662 0.8425 4.0903 -0.0522 0.0522 0.6654 0 0
27 16 893 0 0 0 0 0 1.0012 0 -0.1047 -0.0402 0.4441 0.4651 1.6579 0.9383 -0.1221 0.4724 0.5609 3.8299 0.6302 0.0053 0.605 0.7681 4.0601 -0.1749 0.1749 0.4775 0 0
27 17 830 0 0 0 0 0 1.0008 0 0.9091 -0.0925 0.0925 0.1197 1.6366 0.9923 0.2918 0.3597 0.4825 5.3468 0.5873 0.102 0.6231 0.7997 4.1708 0.0601 0.0601 0.684 0 0
27 18 825 3 0 0 0 0 1.0005 0 0.9608 -0.1774 0.21 0.2488 1.3211 0.9771 1.0353 1.104 1.2867 12.8934 0.4981 0.0087 0.6677 0.834 4.1988 -0.0328 0.0328 0.9977 1 0
27 19 846 0 0 0 0 0 1.0011 0 -0.1352 -0.1327 0.2505 0.3327 1.394 0.9385 -0.0021 0.4974 0.6621 6.1044 0.5908 0.1361 0.6315 0.7795 4.1801 0.0713 0.0713 0.6786 0 0
27 20 825 0 0 0 0 0 1.0006 0 0.8397 0.0307 0.2064 0.2108 1.5477 0.9665 -0.1026 0.2459 0.3417 2.8695 0.6089 0.0267 0.6094 0.7531 4.2009 -0.0462 0.0462 0.5229 0 0
27 21 860 0 0 0 0 0 1.0008 0 0.8899 0.1414 0.3493 0.3503 1.4928 0.9635 0.0804 0.2099 0.3305 2.2151 0.6187 0.0745 0.596 0.7749 4.1045 -0.2042 0.2042 0.4712 0 0
27 22 858 0 0 0 0 0 1.0007 0 0.5595 0.3038 0.3038 0.3395 1.5953 0.9902 0.0412 0.2184 0.2623 2.8111 0.6027 0.0969 0.6846 0.8459 4.1161 -0.1032 0.1032 0.5236 0 0
27 23 885 0 0 0 0 0 1.0005 0 0.8487 -0.0458 0.0891 0.1207 1.2545 0.9889 -0.212 0.2309 0.3926 4.2643 0.5994 -0.0772 0.6441 0.8006 4.069 -0.0094 0.0094 0.5562 0 0
27 24 850 0 0 0 0 0 1.0018 0 0.959 -0.0163 0.2213 0.2461 1.5887 0.9738 0.276 0.3101 0.405 3.0528 0.6775 0.1609 0.6465 0.8205 4.0668 -0.0519 0.0519 0.471 0 0
27 25 854 0 0 0 0 0 1.002 0 -0.5831 0.0227 0.2289 0.2783 1.7319 0.9706 0.1519 0.3826 0.4452 5.2532 0.5448 -0.0828 0.6893 0.8593 4.1314 -0.0267 0.0267 0.5564 0 0
27 26 817 0 0 0 0 0 1.0003 0 0.9748 -0.2019 0.2019 0.2175 1.1936 0.9952 0.0612 0.1386 0.2043 3.6363 0.6277 -0.0348 0.6492 0.8027 4.3825 -0.0998 0.0998 0.6766 0 0
27 27 816 0 0 0 0 0 1.0007 0 -0.5737 -0.2857 0.3927 0.4446 1.7247 0.9723 -1.2528 1.311 2.0963 16.2174 0.6023 0.011 0.6072 0.7769 4.0683 0.0332 0.0332 0.6185 0 0
27 28 864 0 0 0 0 0 1.0012 0 0.0297 -0.2313 0.2313 0.3379 1.7366 0.9777 -0.1084 0.506 0.6749 5.5647 0.5165 0.0333 0.6379 0.801 4.3235 0.0026 0.0026 0.8209 0 0
27 29 859 0 0 0 0 0 1.0011 0 -0.5555 0.2573 0.2708 0.3713 1.4767 0.9405 -0.237 0.3164 0.5032 1.9283 0.5959 -0.0112 0.679 0.8581 4.0918 -0.0024 0.0024 0.6141 0 0
27 30 858 0 0 0 0 0 1.0014 0 -0.8476 0.0966 0.2902 0.319 1.5119 0.9669 -0.1369 0.2872 0.4057 3.4168 0.6294 0.0195 0.6169 0.785 4.1117 -0.0385 0.0385 0.4925 0 0
27 31 835 0 0 0 0 0 1.0003 0 -0.9285 0.0106 0.363 0.3833 1.1812 0.9769 -0.0436 0.2134 0.2976 2.4872 0.6069 0.1167 0.6071 0.784 4.1813 0.1848 0.1848 0.4528 0 0
27 32 862 0 0 0 0 0 1.0004 0 0.9846 -0.0121 0.1159 0.1426 1.4153 0.9839 0.0861 0.1706 0.2615 2.0375 0.6983 0.053 0.5462 0.7039 4.1188 -0.084 0.084 0.5042 0 0
27 33 889 0 0 0 0 0 1.0005 0 0.9995 -0.0028 0.0146 0.016 1.3976 0.9992 0.137 0.137 0.1505 2.994 0.6441 0.0502 0.639 0.8094 4.1719 -0.2299 0.2299 0.5548 0 0
27 34 867 0 0 0 0 0 1.0005 0 0.9896 0.0162 0.0848 0.0859 1.4792 0.9838 -0.0991 0.1478 0.2186 2.1531 0.6475 -0.041 0.6128 0.7812 4.105 -0.0087 0.0087 0.4683 0 0
27 35 868 0 0 0 0 0 1.0003 0 0.8229 -0.2027 0.2027 0.244 1.2194 0.9899 -0.0619 0.1993 0.2557 3.7529 0.684 0.0745 0.5816 0.7344 4.1788 0.1154 0.1154 0.5955 0 0
27 36 893 0 0 0 0 0 1.0008 0 0.5422 -0.1266 0.1652 0.2151 1.9188 0.9856 0.5544 0.6078 0.8145 7.9968 0.5879 0.0194 0.6579 0.8554 4.0983 -0.0537 0.0537 0.6106 0 0
27 37 881 0 0 0 0 0 1.0006 0 0.2173 0.077 0.2386 0.2507 1.3472 0.9739 0.2119 0.2559 0.3909 3.4958 0.6875 0.0121 0.584 0.7495 4.0921 0.1497 0.1497 0.4803 0 0
27 38 866 0 0 0 0 0 1.0017 0 -0.7884 0.1038 0.2034 0.2332 2.2099 0.9818 -0.0941 0.1928 0.2935 3.9702 0.5514 -0.0436 0.6861 0.8694 4.1718 0.1421 0.1421 0.6471 0 0
27 39 866 0 0 0 0 0 1.0062 0 0.943 -0.0195 0.1511 0.1692 1.6994 0.9615 -0.0267 0.3389 0.4406 4.4279 0.4661 0.0481 0.7183 0.8946 4.3221 0.0339 0.0339 0.8085 0 0
27 40 849 0 0 0 0 0 1.0013 0 0.5677 -0.2088 0.3668 0.4013 1.4446 0.9869 0.0938 0.236 0.3246 3.1713 0.6609 -0.002 0.5563 0.7086 4.0878 -0.072 0.072 0.513 0 0
27 41 854 0 0 0 0 0 1.0008 0 0.9407 0.0942 0.1368 0.1735 1.2035 0.9972 -0.0018 0.0905 0.1115 1.9106 0.677 0.0148 0.5873 0.7441 4.0648 0.1429 0.1429 0.4372 0 0
27 42 857 0 0 0 0 0 1.001 0 0.7606 -0.1216 0.1372 0.1724 1.3281 0.9963 0.1671 0.3335 0.4235 4.4959 0.5852 -0.0157 0.613 0.7621 4.0654 0.1726 0.1726 0.5423 0 0
27 43 840 0 0 0 0 0 1.0014 0 0.5582 0.0612 0.2908 0.2969 1.3347 0.9757 0.0359 0.1622 0.1803 1.3423 0.655 0.0114 0.5632 0.7156 4.0577 0.0805 0.0805 0.4679 0 0
27 44 864 0 0 0 0 0 1.003 0 -0.8478 0.0145 0.349 0.3841 1.736 0.9342 0.235 0.3592 0.6782 6.5151 0.598 -0.0333 0.618 0.7997 4.1797 -0.1434 0.1434 0.5485 0 0
27 45 821 0 0 0 0 0 1.0018 0 0.5787 -0.2177 0.272 0.3242 1.3668 0.9933 0.2839 0.424 0.5604 4.6382 0.5641 0.0292 0.6153 0.7782 4.2356 -0.2589 0.2589 0.5952 0 0
27 46 895 0 0 0 0 0 1.0024 0 0.7264 -0.0522 0.2139 0.2262 1.8707 0.9813 -0.0607 0.2695 0.3549 4.1204 0.5795 0.0375 0.6373 0.8143 4.1534 0.1354 0.1354 0.6833 0 0
27 47 853 0 0 0 0 0 1.0005 0 0.9131 0.2521 0.2521 0.2904 1.2188 0.9883 -0.3063 0.3483 0.3755 1.0781 0.6948 -0.0969 0.6141 0.792 4.1146 -0.0255 0.0255 0.416 0 0
27 48 873 12 0 0 0 0 1.0014 0 -0.5922 -0.2344 0.2344 0.2363 1.2839 0.9906 -0.3634 1.3521 1.6199 13.9276 0.4744 -0.0224 0.6727 0.8393 4.3419 0.089 0.089 1.0883 1 0
27 49 859 0 0 0 0 0 1.0024 0 0.3897 -0.1033 0.1453 0.164 1.5918 0.9964 -0.0827 0.2091 0.3075 4.0296 0.6114 -2e-04 0.621 0.7796 4.1608 -0.0547 0.0547 0.6583 0 0
27 50 873 0 0 0 0 0 1.001 0 0.1195 -0.3514 0.3727 0.5161 1.5633 0.9906 0.1863 0.5291 0.7845 4.4671 0.6293 0.0293 0.593 0.7549 4.1151 0.0387 0.0387 0.5586 0 0
27 51 856 0 0 0 0 0 1.0003 0 0.9997 -0.0067 0.1473 0.1596 1.185 0.9906 0.0961 0.1317 0.1623 1.177 0.7466 0.009 0.5057 0.6549 4.1038 0.1056 0.1056 0.4337 0 0
27 52 873 0 0 0 0 0 1.0014 0 -0.4262 0.018 0.37 0.409 2.1264 0.9532 0.114 0.3036 0.3616 2.3946 0.5822 0.069 0.6166 0.7601 4.0685 -0.0085 0.0085 0.5615 0 0
27 53 863 0 0 0 0 0 1.0024 0 0.1981 -0.1298 0.3088 0.3559 1.2782 0.9502 0.1784 0.3597 0.5915 6.6601 0.5551 -0.0642 0.6163 0.7878 4.1024 -0.0581 0.0581 0.5305 0 0
27 54 848 0 0 0 0 0 1.0033 0 0.8216 0.2656 0.3328 0.5202 2.6229 0.9843 0.0646 0.1764 0.2351 3.6172 0.5757 0.0137 0.6501 0.8191 4.0662 -0.1692 0.1692 0.4491 0 0
27 55 869 0 0 0 0 0 1.0038 0 0.042 -0.3638 0.4817 0.6107 2.1411 0.9833 -0.3468 1.2851 1.7501 13.827 0.5944 0.0223 0.6087 0.7691 4.0813 -0.0552 0.0552 0.5947 0 0
27 56 859 0 0 0 0 0 1.0002 0 0.9606 0.0472 0.1316 0.132 1.404 0.9885 -0.0396 0.1781 0.2076 2.6249 0.5883 -0.004 0.636 0.8031 4.2266 0.2484 0.2484 0.5033 0 0
27 57 839 0 0 0 0 0 1.0016 0 -0.461 -0.1336 0.1496 0.2192 1.3785 0.9934 0.1447 0.2227 0.2964 2.7634 0.5932 0.065 0.6235 0.8124 4.1423 0.0448 0.0448 0.6138 0 0
27 58 864 0 0 0 0 0 1.0011 0 0.4651 0.076 0.1747 0.2013 1.626 0.9807 0.0861 0.144 0.1991 2.5681 0.5808 0.0626 0.6592 0.8026 4.1077 0.0694 0.0694 0.5361 0 0
27 59 846 0 0 0 0 0 1.0011 0 0.6466 -0.1259 0.2563 0.2873 1.7402 0.9851 0.1356 0.383 0.5142 6.2034 0.6306 0.0706 0.6035 0.7722 4.0255 -0.1019 0.1019 0.5639 0 0
27 60 851 0 0 0 0 0 1.0008 0 0.3152 -0.0041 0.1767 0.1938 1.6202 0.9889 0.1252 0.1821 0.2972 4.5447 0.6461 -0.0717 0.5991 0.7703 4.1579 -0.1715 0.1715 0.5524 0 0
27 61 835 0 0 0 0 0 1.0009 0 0.7503 0.042 0.2801 0.2904 1.1984 0.9897 -0.1351 0.1448 0.2348 1.6304 0.6617 -0.0163 0.6128 0.7667 4.0973 0.0799 0.0799 0.4619 0 0
27 62 882 0 0 0 0 0 1.0004 0 0.4316 0.0876 0.1192 0.1776 1.2255 0.9949 0.1489 0.1563 0.1997 2.1706 0.6788 0.0649 0.5587 0.7002 4.0184 -0.0228 0.0228 0.4112 0 0
27 63 854 0 0 0 0 0 1.0004 0 -0.8478 0.0775 0.2289 0.2823 1.4366 0.9967 0.0321 0.1157 0.1288 2.5687 0.6036 0.0587 0.6292 0.8019 4.0336 -0.1346 0.1346 0.4735 0 0
27 64 864 0 0 0 0 0 1.0004 0 -0.689 -0.0879 0.3431 0.3443 1.9287 0.9905 -0.0035 0.3514 0.3977 4.285 0.6188 0.0089 0.652 0.8136 4.1294 -0.0029 0.0029 0.5573 0 0
27 65 851 0 0 0 0 0 1.0006 0 0.5084 0.1736 0.291 0.4105 2.0732 0.9807 0.0939 0.2364 0.2653 4.038 0.5883 0.055 0.6054 0.7642 4.0159 0.0207 0.0207 0.4621 0 0
27 66 835 0 0 0 0 0 1.001 0 -0.9914 0.042 0.2873 0.2955 1.2866 0.9723 0.104 0.2331 0.3123 2.5552 0.6353 -0.0625 0.6452 0.8151 4.1059 0.208 0.208 0.5372 0 0
27 67 910 0 0 0 0 0 1.0005 0 0.899 -0.1009 0.1562 0.1685 1.2047 0.9835 -0.0248 0.2191 0.2605 1.9565 0.6807 -0.064 0.58 0.7485 4.1611 0.2986 0.2986 0.4829 0 0
27 68 844 0 0 0 0 0 1.0013 0 0.3504 0.0316 0.3524 0.3667 1.8373 0.8404 -0.0553 0.526 0.8115 7.6387 0.5799 0.0326 0.652 0.8207 4.1022 -0.0188 0.0188 0.5531 0 0
27 69 846 0 0 0 0 0 1.0004 0 -0.5524 0.1451 0.4506 0.5363 2.236 0.9831 -0.3109 0.3867 0.5003 4.6224 0.6322 -0.0233 0.6175 0.774 4.0377 0.0337 0.0337 0.3927 0 0
27 70 820 0 0 0 0 0 1.0007 0 0.3259 -0.3051 0.3051 0.3646 1.4912 0.9859 -0.2118 0.6597 0.9175 7.467 0.6017 -0.0435 0.6463 0.8291 4.1232 -0.0764 0.0764 0.7029 0 0
27 71 847 0 0 0 0 0 1.0019 0 -0.9671 -0.072 0.3093 0.3624 1.3434 0.9573 -0.12 0.2362 0.4201 4.2945 0.546 0.0149 0.6369 0.8045 4.3181 -0.156 0.156 0.6753 0 0
27 72 890 0 0 0 0 0 1.0011 0 0.9819 0.0891 0.1413 0.1651 1.5023 0.9713 0.065 0.2203 0.2571 2.0985 0.596 0.0428 0.6816 0.8426 4.0711 0.0118 0.0118 0.5352 0 0
27 73 860 0 0 0 0 0 1.0009 0 -0.9744 -0.2624 0.3294 0.5142 1.3734 0.9157 -0.3573 0.4933 0.8493 6.8241 0.6055 -0.0616 0.6679 0.8386 4.3966 -0.1787 0.1787 0.8258 0 0
27 74 870 0 0 0 0 0 1.0003 0 0.7095 0.2262 0.2383 0.357 1.5919 0.9918 0.0609 0.1728 0.1978 2.0505 0.6575 0.0453 0.6269 0.7728 4.0472 0.1229 0.1229 0.4044 0 0
27 75 862 0 0 0 0 0 1.0007 0 0.0366 0.1237 0.3155 0.3609 1.7834 0.9855 0.0074 0.1569 0.1951 2.1617 0.6432 0.0474 0.6788 0.83 4.2418 0.0545 0.0545 0.5027 0 0
27 76 860 0 0 0 0 0 1.0032 0 -0.0402 -0.0723 0.2829 0.3159 1.7229 0.972 0.0227 0.4829 0.5492 4.1311 0.5213 0.0868 0.6553 0.8131 4.0814 0.1706 0.1706 0.5665 0 0
27 77 848 0 0 0 0 0 1.0009 0 0.7311 0.0843 0.2106 0.2678 2.129 0.9867 0.0143 0.1342 0.1573 3.0947 0.6651 -0.003 0.5784 0.7525 4.1788 0.089 0.089 0.5018 0 0
27 78 880 0 0 0 0 0 1.0011 0 0.9655 -0.0376 0.0376 0.0473 1.3141 0.9914 0.0739 0.1492 0.1853 3.2768 0.6084 0.1148 0.6875 0.8679 4.1236 0.0527 0.0527 0.6175 0 0
27 79 875 0 0 0 0 0 1.0006 0 -0.4119 0.0186 0.1862 0.2048 1.1136 0.989 0.0544 0.1451 0.2098 1.7292 0.5997 0.1108 0.615 0.786 4.0948 -0.1793 0.1793 0.4302 0 0
27 80 876 0 0 0 0 0 1.0018 0 0.2597 -0.1403 0.2706 0.2998 1.5322 0.9904 -0.0403 0.2201 0.2965 2.4583 0.652 0.0071 0.6233 0.7717 4.1099 0.1538 0.1538 0.4752 0 0
27 81 859 0 0 0 0 0 1.0006 0 0.9627 0.1891 0.1891 0.2006 1.3606 0.9975 -0.0511 0.1187 0.1386 0.9949 0.6887 -0.0246 0.5759 0.75 4.0179 -0.0559 0.0559 0.3938 0 0
27 82 819 0 0 0 0 0 1.0023 0 -0.7073 -0.1217 0.2131 0.2608 1.6356 0.9747 -0.2013 0.296 0.3952 3.8262 0.5408 -0.0301 0.6427 0.8065 4.2122 0.215 0.215 0.6613 0 0
27 83 838 0 0 0 0 0 1.0017 0 -0.8017 -0.11 0.2497 0.2583 2.3947 0.9816 0.3207 0.4696 0.6556 5.8633 0.5768 -0.0368 0.6416 0.8252 4.1789 0.0422 0.0422 0.7219 0 0
27 84 866 0 0 0 0 0 1.0014 0 0.9446 0.1171 0.1259 0.1602 1.4743 0.993 0.1361 0.1367 0.1773 1.3087 0.656 0.0343 0.6208 0.7771 4.0608 -0.0499 0.0499 0.4152 0 0
27 85 863 0 0 0 0 0 1.0009 0 0.3504 0.1345 0.1345 0.1563 1.6619 0.9969 -0.1236 0.1293 0.1508 1.7627 0.6427 0.0391 0.6151 0.7877 4.1527 -0.035 0.035 0.5364 0 0
27 86 864 0 0 0 0 0 1.0004 0 0.9921 -0.055 0.076 0.0958 1.4392 0.9943 -0.0187 0.1058 0.1237 1.8285 0.6769 0.0344 0.564 0.7429 4.0884 -0.1297 0.1297 0.4308 0 0
27 87 858 0 0 0 0 0 1.0043 0 0.4076 0.1727 0.3449 0.4611 2.2672 0.9272 -0.0201 0.3256 0.4234 4.6677 0.5566 0.0126 0.6195 0.773 4.118 -0.075 0.075 0.4988 0 0
27 88 893 0 0 0 0 0 1.0005 0 0.9683 -0.0775 0.0775 0.1019 1.1869 0.9954 -0.0597 0.1205 0.1753 2.0507 0.6687 0.024 0.5959 0.7649 4.0371 1e-04 1e-04 0.4165 0 0
27 89 850 0 0 0 0 0 1.0033 0 0.9226 -0.1817 0.2179 0.2482 1.7847 0.9938 0.3998 0.7136 0.9497 9.3001 0.5483 -0.0465 0.6874 0.8654 4.1123 -0.0628 0.0628 0.7223 0 0
27 90 847 0 0 0 0 0 1.001 0 0.9473 0.0402 0.1637 0.1847 2.0068 0.9843 0.0943 0.1712 0.2614 3.9908 0.5916 -0.0655 0.6516 0.7974 4.0937 -0.0217 0.0217 0.597 0 0
27 91 908 0 0 0 0 0 1.0016 0 0.507 -0.1887 0.6361 0.6745 2.0325 0.8922 0.5069 0.7128 1.1989 10.812 0.7006 0.0092 0.5516 0.7029 4.0362 -0.1484 0.1484 0.432 0 0
27 92 885 0 0 0 0 0 1.0004 0 0.9971 -0.1705 0.1705 0.2181 1.3 0.9955 -0.2438 0.2823 0.3757 4.2035 0.6026 -0.0306 0.6398 0.7995 4.2879 0.2307 0.2307 0.666 0 0
27 93 900 0 0 0 0 0 1.0004 0 0.9564 -0.1588 0.1588 0.1723 1.2349 0.9981 -0.093 0.1348 0.1804 2.5025 0.6687 0.0348 0.5662 0.7075 4.071 0.062 0.062 0.4979 0 0
27 94 857 0 0 0 0 0 1.0007 0 0.434 -0.1449 0.354 0.3768 1.5199 0.9245 -0.8715 1.0455 1.6781 15.8695 0.6259 0.083 0.6607 0.8177 4.1045 0.0869 0.0869 0.6519 0 0
27 95 891 0 0 0 0 0 1.0005 0 0.992 0.1005 0.1005 0.1048 1.2989 0.9952 -0.0728 0.1341 0.1563 1.7564 0.6058 -0.0316 0.6447 0.8087 4.0588 0.0121 0.0121 0.5328 0 0
27 96 847 0 0 0 0 0 1.0009 0 0.8785 -0.0305 0.1102 0.126 1.3638 0.9913 -0.2556 0.296 0.4851 8.4512 0.5371 -0.0248 0.6447 0.8087 4.1494 -0.1772 0.1772 0.6414 0 0
27 97 841 0 0 0 0 0 1.0007 0 0.2458 0.0702 0.2695 0.2741 1.7579 0.9614 0.2307 0.3247 0.4532 5.2417 0.6087 -0.0753 0.6139 0.8012 4.1718 0.0411 0.0411 0.6107 0 0
27 98 841 0 0 0 0 0 1.0006 0 0.0476 0.0965 0.1891 0.2584 1.8647 0.9739 -0.2873 0.3466 0.4321 5.3146 0.4877 -0.0501 0.7053 0.8674 4.1517 -0.0417 0.0417 0.7034 0 0
27 99 882 0 0 0 0 0 1.0025 0 0.4046 0.106 0.3973 0.4016 2.0035 0.7534 0.7329 1.031 1.6917 14.7386 0.4936 0.0742 0.6751 0.8719 4.1239 0.1824 0.1824 0.5552 0 0
27 100 853 0 0 0 0 0 1.003 0 -0.9993 -0.0256 0.2956 0.3165 2.6175 0.9854 -0.2237 0.4129 0.6865 5.6308 0.5374 -0.0634 0.674 0.8481 4.136 0.3021 0.3021 0.4563 0 0
27 101 916 0 0 0 0 0 1.0005 0 0.449 0.0169 0.3082 0.3372 1.4337 0.9814 0.0508 0.2045 0.2575 2.8056 0.6267 0.0967 0.6183 0.7795 4.16 0.0058 0.0058 0.4873 0 0
27 102 835 0 0 0 0 0 1.0027 0 0.4772 -0.2607 0.2911 0.3423 1.7634 0.9875 -0.6642 0.6925 0.9722 7.9104 0.5897 0.1361 0.6281 0.8075 4.1614 -0.0487 0.0487 0.6823 0 0
27 103 870 0 0 0 0 0 1.0006 0 -0.9796 0.0805 0.3799 0.4304 1.5677 0.9775 -0.4036 0.4051 0.5896 4.539 0.5601 -0.0831 0.6582 0.8311 4.0394 -0.0813 0.0813 0.4623 0 0
27 104 861 0 0 0 0 0 1.0011 0 0.9832 0.0308 0.1707 0.1817 1.9242 0.9809 0.0392 0.2079 0.2897 3.4578 0.591 -0.0728 0.64 0.8198 4.1334 -0.0059 0.0059 0.5048 0 0
27 105 833 0 0 0 0 0 1.0024 0 -0.9703 -0.1124 0.459 0.4736 2.1198 0.9565 0.6895 0.7918 1.1381 10.4725 0.4979 -0.0257 0.6985 0.8904 4.13 0.1787 0.1787 0.5995 0 0
27 106 847 0 0 0 0 0 1.0028 0 0.1145 -0.0392 0.4335 0.4491 1.8596 0.923 0.3068 0.9338 1.5814 15.113 0.4476 -0.0626 0.7063 0.8803 4.2505 -0.3364 0.3364 0.4924 0 0
27 107 877 0 0 0 0 0 1.0008 0 0.9105 0.1517 0.2344 0.2555 1.4742 0.9757 -0.0981 0.2111 0.2537 2.4767 0.6511 -0.0748 0.6088 0.7991 4.0873 0.1411 0.1411 0.464 0 0
27 108 853 0 0 0 0 0 1.0027 0 0.6362 -0.3064 0.3064 0.3366 1.5958 0.9872 0.4883 0.5035 0.7103 5.8753 0.5597 -0.0633 0.5888 0.7685 4.2726 0.3017 0.3017 0.5857 0 0
27 109 860 0 0 0 0 0 1.0026 0 -0.9123 0.2156 0.4603 0.4681 1.8573 0.9435 0.3958 0.5336 0.8359 7.3768 0.5116 -0.0424 0.7152 0.9145 4.0915 -0.0425 0.0425 0.5046 0 0
27 110 863 0 0 0 0 0 1.0005 0 0.9999 0.0412 0.085 0.1019 1.4679 0.9856 -0.0112 0.1197 0.1664 2.0713 0.6778 0.0211 0.619 0.7718 4.0509 0.0194 0.0194 0.4162 0 0
27 111 890 0 0 0 0 0 1.0018 0 -0.9791 -0.2201 0.2227 0.3177 1.7415 0.9556 0.2358 0.7313 1.0222 8.6028 0.5757 0.0436 0.6292 0.8049 4.105 0.0607 0.0607 0.6889 0 0
27 112 848 0 0 0 0 0 1.0003 0 -0.6191 -0.2756 0.3913 0.4824 1.5894 0.7728 1.1318 1.189 1.9007 17.6064 0.4589 -0.1252 0.6941 0.8759 4.1836 0.1627 0.1627 0.8407 0 0
27 113 872 0 0 0 0 0 1.0008 0 0.8958 0.2047 0.2047 0.2824 1.6553 0.9875 0.0538 0.1691 0.1954 1.8313 0.6471 -0.0345 0.6314 0.8066 4.1793 -0.0149 0.0149 0.4585 0 0
27 114 885 0 0 0 0 0 1.0006 0 0.83 -0.0579 0.1406 0.172 1.4189 0.996 0.136 0.1509 0.2178 2.2423 0.7005 0.046 0.5604 0.7284 4.0195 -0.0703 0.0703 0.4365 0 0
27 115 818 0 0 0 0 0 1.0014 0 -0.2081 0.034 0.3346 0.3689 2.757 0.9858 -0.0203 0.2618 0.307 3.9899 0.6302 0.0586 0.6446 0.806 4.1055 -0.053 0.053 0.6341 0 0
27 116 842 0 0 0 0 0 1.0031 0 -0.7875 -0.2995 0.2995 0.3104 1.5331 0.9958 -0.3935 0.8882 1.0372 10.6351 0.5495 0.0298 0.6517 0.8102 4.3118 -0.0152 0.0152 0.9561 0 0
27 117 866 0 0 0 0 0 1.0025 0 0.7371 -0.2346 0.3779 0.3961 1.8266 0.956 0.5849 0.6265 1.0793 8.6712 0.7404 -0.0127 0.5381 0.6878 4.1231 0.0502 0.0502 0.5109 0 0
27 118 860 0 0 0 0 0 1.0011 0 -0.5792 0.0823 0.222 0.2477 2.0965 0.9879 0.0211 0.3125 0.3442 4.9397 0.5744 0.0115 0.6651 0.8434 4.1473 -0.0162 0.0162 0.6782 0 0
27 119 859 0 0 0 0 0 1.0006 0 0.9393 -0.0404 0.0995 0.1066 1.2016 0.9961 -0.0292 0.0959 0.1292 2.3922 0.6834 -0.0448 0.5683 0.7362 4.0982 -0.056 0.056 0.4929 0 0
27 120 858 0 0 0 0 0 1.0009 0 0.7725 -0.0154 0.0519 0.0564 1.266 0.9642 0.064 0.2937 0.3403 4.2485 0.591 -0.001 0.6086 0.7707 4.2321 0.0224 0.0224 0.6325 0 0
27 121 854 0 0 0 0 0 1.0005 0 0.0791 0.1162 0.3976 0.5011 1.5414 0.9642 0.1673 0.2136 0.3262 1.5873 0.6305 0.1104 0.6398 0.8343 4.1332 0.0585 0.0585 0.4505 0 0
27 122 849 0 0 0 0 0 1.0027 0 0.9999 0.1097 0.1875 0.2217 1.752 0.9861 0.1075 0.152 0.2237 3.1401 0.5842 0.0094 0.6455 0.8162 4.0675 -0.0224 0.0224 0.5068 0 0
27 123 843 0 0 0 0 0 1.0009 0 0.9287 0.0128 0.1593 0.174 1.5267 0.9963 -0.1804 0.3164 0.4404 6.2924 0.54 0.0398 0.722 0.8994 4.1658 -0.283 0.283 0.5707 0 0
27 124 855 0 0 0 0 0 1.0012 0 0.9851 -0.2368 0.2368 0.3241 1.3415 0.9927 -0.0023 0.1338 0.2067 2.8127 0.6909 0.0736 0.5746 0.7265 4.2351 -0.0306 0.0306 0.6601 0 0
27 125 829 102 0 0 0 0 1.0017 0 0.0594 -0.4901 0.4901 0.5241 1.3223 0.9882 -1.4601 2.0872 2.4995 19.0151 0.5477 0.075 0.6875 0.8555 4.9935 -0.0528 0.0528 1.3166 1 0
27 126 858 0 0 0 0 0 1.0007 0 -0.9961 -0.0675 0.3413 0.3938 1.325 0.9692 -0.0961 0.1925 0.2902 2.8746 0.6238 0.0524 0.591 0.7689 4.0448 -0.0305 0.0305 0.4984 0 0
27 127 890 0 0 0 0 0 1.0008 0 0.9839 -0.1327 0.1327 0.138 1.2296 0.9929 -0.2441 0.3222 0.4267 4.4837 0.6407 -0.0768 0.6538 0.8158 4.0997 -0.1112 0.1112 0.6533 0 0
27 128 868 0 0 0 0 0 1.0057 0 -0.374 -0.1138 0.2722 0.2758 1.8067 0.9649 -0.0889 0.3852 0.4965 4.5244 0.5572 -0.0348 0.6298 0.8025 4.1894 -0.0713 0.0713 0.7553 0 0
27 129 831 0 0 0 0 0 1.0007 0 0.2049 -0.0071 0.1208 0.1358 1.1742 0.9956 0.0851 0.1611 0.1889 3.2999 0.6795 -0.041 0.6261 0.7854 4.1943 -0.1134 0.1134 0.6018 0 0
27 130 852 0 0 0 0 0 1.0027 0 0.9497 -0.2215 0.2215 0.2667 1.8118 0.9883 -0.3711 0.3892 0.4735 3.9451 0.6678 -0.1288 0.6063 0.7685 4.1036 -0.1685 0.1685 0.5803 0 0
27 131 869 0 0 0 0 0 1.0004 0 0.3922 -0.1964 0.1964 0.2975 1.3031 0.954 -0.2731 0.3373 0.5998 4.7958 0.6152 0.0811 0.6185 0.7873 4.2221 0.302 0.302 0.5108 0 0
27 132 841 0 0 0 0 0 1.0016 0 0.9999 -0.197 0.197 0.2135 1.8126 0.9363 0.4785 0.562 1.0034 9.6112 0.5976 0.1112 0.6037 0.7594 4.1891 -0.0727 0.0727 0.5677 0 0
27 133 839 0 0 0 0 0 1.0033 0 -0.0223 0.0526 0.24 0.2907 2.1433 0.9591 -0.2029 0.4311 0.5224 7.0412 0.5107 -0.0472 0.6846 0.8731 4.077 -0.0235 0.0235 0.6853 0 0
27 134 862 0 0 0 0 0 1.0016 0 0.8581 0.1534 0.1701 0.2076 1.7138 0.9967 0.0645 0.1444 0.1593 2.4425 0.6226 0.0054 0.6508 0.8114 4.0713 0.2023 0.2023 0.4611 0 0
27 135 909 0 0 0 0 0 1.0009 0 0.8416 -0.166 0.166 0.1949 1.2946 0.9956 -0.0875 0.2738 0.3483 3.8266 0.6023 0.0593 0.6498 0.8091 4.3326 0.2957 0.2957 0.6059 0 0
27 136 844 0 0 0 0 0 1.0007 0 0.9713 -0.1953 0.1953 0.2053 1.4233 0.9897 0.4166 0.656 0.8758 8.6927 0.5552 -0.1097 0.6563 0.8311 4.1009 0.0262 0.0262 0.6252 0 0
27 137 862 0 0 0 0 0 1.0048 0 -0.9176 0.0272 0.378 0.3948 1.5309 0.96 0.2689 0.3433 0.5394 4.9611 0.5421 -0.0594 0.6588 0.8129 4.0305 0.1298 0.1298 0.4385 0 0
27 138 833 46 0 0 0 0 1.0013 0 0.7312 -0.2582 0.2582 0.2808 1.5689 0.991 -0.8015 1.3238 1.9636 20.2035 0.4146 -0.0253 0.7204 0.8893 4.6256 0.3484 0.3484 0.882 1 0
27 139 881 0 0 0 0 0 1.0002 0 -0.6149 -0.0783 0.1865 0.2133 1.2296 0.9805 0.0721 0.2724 0.3418 2.9988 0.5565 0.0594 0.6643 0.8407 4.1367 0.2439 0.2439 0.4957 0 0
27 140 840 0 0 0 0 0 1.0023 0 0.5468 0.1677 0.448 0.5607 2.3402 0.9848 -0.0221 0.2745 0.3753 4.7598 0.544 -0.0249 0.6576 0.8731 4.2081 -0.3119 0.3119 0.435 0 0
27 141 887 0 0 0 0 0 1.001 0 -0.9941 -0.048 0.1616 0.1944 1.6246 0.9894 0.0042 0.1873 0.2501 3.1416 0.6244 -6e-04 0.6126 0.7963 4.1345 -0.0425 0.0425 0.6211 0 0
27 142 884 0 0 0 0 0 1.0002 0 0.5299 -0.1188 0.1789 0.2306 1.587 0.9894 -0.0894 0.3387 0.5147 4.6076 0.6564 -0.0061 0.6165 0.8038 4.1075 -0.0263 0.0263 0.5814 0 0
27 143 865 0 0 0 0 0 1.0025 0 -0.6284 -0.0518 0.3526 0.4168 1.4093 0.9567 -0.1669 0.2953 0.4743 3.8014 0.6447 -0.0463 0.606 0.7668 4.1527 0.0224 0.0224 0.5395 0 0
27 144 850 0 0 0 0 0 1.0019 0 -0.8535 0.1299 0.3264 0.4186 2.4643 0.9527 0.1855 0.2788 0.362 2.9433 0.5667 0.0514 0.7002 0.8764 4.1357 -0.0183 0.0183 0.7444 0 0
27 145 833 0 0 0 0 0 1.0024 0 -0.6015 -0.0748 0.3021 0.306 1.9399 0.9951 -0.0769 0.3228 0.3735 4.5644 0.6528 -0.0154 0.6256 0.774 4.0762 -0.1507 0.1507 0.5504 0 0
27 146 836 0 0 0 0 0 1.0009 0 1 0.2049 0.2049 0.2052 1.5489 0.9966 0.1766 0.2481 0.3293 2.6598 0.5926 -0.0804 0.6647 0.8417 4.0026 -0.0056 0.0056 0.4446 0 0
27 147 831 0 0 0 0 0 1.0012 0 0.9968 -0.2932 0.2932 0.2935 1.259 0.9945 0.5743 0.9349 1.1412 8.8612 0.6103 -0.0079 0.618 0.7795 4.4008 0.0932 0.0932 0.9731 0 0
27 148 829 0 0 0 0 0 1.0015 0 0.1822 -0.1922 0.2436 0.3788 1.6628 0.8719 -0.159 0.4409 0.6047 5.6804 0.6013 0.0806 0.6233 0.7948 4.2144 0.1561 0.1561 0.7277 0 0
27 149 854 0 0 0 0 0 1.0007 0 0.5631 -0.2114 0.227 0.2943 1.9118 0.9867 0.0419 0.4401 0.6281 5.3946 0.6437 -0.0022 0.6378 0.8017 4.2025 -0.0735 0.0735 0.6755 0 0
27 150 851 0 0 0 0 0 1.0025 0 -0.9998 -0.0211 0.1344 0.1573 1.5229 0.9831 0.0909 0.2686 0.3647 4.1733 0.5412 -0.002 0.7002 0.8827 4.2958 -0.2999 0.2999 0.5492 0 0
27 151 872 0 0 0 0 0 1.0005 0 -0.5562 -0.1035 0.2649 0.3388 1.222 0.9961 -0.0223 0.1505 0.1696 2.6687 0.6991 0.0795 0.589 0.7299 4.0801 -0.0055 0.0055 0.4444 0 0
27 152 878 0 0 0 0 0 1.0013 0 0.9787 0.0275 0.1398 0.1605 1.4408 0.9956 0.0412 0.1198 0.1447 2.4609 0.641 -0.0041 0.6357 0.7994 4.1182 -0.0884 0.0884 0.4581 0 0
27 153 836 0 0 0 0 0 1.0023 0 -0.5697 -0.3398 0.4488 0.4958 2.4403 0.9894 0.3263 0.9279 1.3006 11.0202 0.5972 0.0375 0.6166 0.7983 4.152 0.0092 0.0092 0.6844 0 0
27 154 850 0 0 0 0 0 1.0041 0 -0.2466 0.1165 0.4117 0.4167 1.8467 0.9468 -0.2381 0.3369 0.5665 6.6146 0.5428 0.0929 0.6498 0.8321 4.2327 0.2964 0.2964 0.5151 0 0
27 155 859 0 0 0 0 0 1.0009 0 -0.4356 0.0704 0.1945 0.2085 1.4615 0.9961 -0.1676 0.1676 0.1977 2.6949 0.6288 -0.0441 0.6323 0.7994 4.0617 0.0153 0.0153 0.4887 0 0
27 156 886 0 0 0 0 0 1.001 0 -0.9209 0.0895 0.5002 0.5069 1.3093 0.9589 0.0397 0.3025 0.3879 1.7212 0.628 -0.0277 0.5805 0.763 4.0806 0.0583 0.0583 0.461 0 0
27 157 809 0 0 0 0 0 1.0018 0 0.8892 -0.0786 0.3123 0.3136 2.4241 0.9945 -0.4177 0.4431 0.5355 6.2791 0.547 -0.0019 0.6615 0.8327 4.1169 0.0553 0.0553 0.6023 0 0
27 158 827 0 0 0 0 0 1.0003 0 1 -0.0781 0.1032 0.1581 1.2819 0.9899 -0.4509 0.5609 0.9431 11.3434 0.5888 -0.0627 0.6449 0.8261 4.1371 0.0235 0.0235 0.6561 0 0
27 159 874 0 0 0 0 0 1.0006 0 0.9073 -0.0247 0.1522 0.1869 1.5198 0.9773 0.3401 0.3518 0.4565 2.889 0.7107 0.1356 0.5588 0.7243 4.0437 0.0564 0.0564 0.397 0 0
27 160 836 0 0 0 0 0 1.0009 0 0.0435 -0.0888 0.1729 0.2307 1.1126 0.9867 -0.1322 0.2645 0.3026 2.1037 0.6489 -0.0017 0.6078 0.7873 4.0694 -0.1096 0.1096 0.461 0 0
27 161 860 0 0 0 0 0 1.0006 0 -0.9736 0.0387 0.2002 0.2302 1.5325 0.988 0.0034 0.1092 0.1333 2.0146 0.6311 0.01 0.6567 0.8143 4.1307 0.138 0.138 0.5289 0 0
27 162 859 0 0 0 0 0 1.0006 0 -0.8407 -0.116 0.2215 0.3005 1.4025 0.9285 0.2773 0.4281 0.6948 5.5351 0.5762 -0.0018 0.6318 0.8182 4.0789 -0.139 0.139 0.5473 0 0
27 163 896 0 0 0 0 0 1.0007 0 0.9875 -0.0485 0.0631 0.0921 1.2911 0.9968 0.0134 0.0818 0.1004 1.9394 0.6565 0.0043 0.5932 0.754 4.0088 0.0783 0.0783 0.4017 0 0
27 164 838 0 0 0 0 0 1.0023 0 0.8406 -0.187 0.2419 0.2756 1.5285 0.9618 -1.3368 1.5599 2.6634 23.2274 0.5187 -0.0476 0.6392 0.7953 4.2307 0.2172 0.2172 0.658 0 0
27 165 875 0 0 0 0 0 1.0011 0 0.622 0.0139 0.2211 0.2314 1.3335 0.9807 0.1415 0.2368 0.2873 2.2565 0.6103 0.044 0.6683 0.8432 4.1531 0.1072 0.1072 0.4892 0 0
27 166 865 0 0 0 0 0 1.0009 0 0.9606 -0.141 0.1449 0.2003 1.3951 0.994 0.056 0.132 0.1712 1.7735 0.6802 -0.0606 0.5793 0.7511 4.0849 -0.1266 0.1266 0.4576 0 0
27 167 846 0 0 0 0 0 1.001 0 -0.6984 0.1363 0.2922 0.3644 1.6146 0.9786 -0.1046 0.1851 0.2341 1.8099 0.6503 -0.0542 0.5957 0.7667 4.0258 -0.0075 0.0075 0.4421 0 0
27 168 845 0 0 0 0 0 1.002 0 -0.0247 0.0595 0.5684 0.6572 2.4358 0.9543 0.2891 0.4677 0.6422 5.3271 0.4956 -0.0324 0.6557 0.8288 4.102 -0.1127 0.1127 0.5032 0 0
27 169 862 0 0 0 0 0 1.0014 0 0.9786 -0.1207 0.1207 0.2068 1.4886 0.9308 0.32 0.3296 0.695 6.2796 0.6663 -0.014 0.5929 0.7404 4.0867 0.2347 0.2347 0.4785 0 0
27 170 830 1 0 0 0 0 1.0013 0 0.9021 -0.0777 0.1046 0.1405 1.3773 0.9893 0.1602 0.1945 0.2627 4.5909 0.5863 -0.0566 0.663 0.8265 4.4923 -0.1613 0.1613 0.8128 1 0
27 171 839 0 0 0 0 0 1.0032 0 -0.1497 -0.2716 0.2716 0.3497 1.554 0.9985 -0.0963 0.3949 0.5115 5.9168 0.5713 0.0337 0.6664 0.8121 4.276 0.1002 0.1002 0.7652 0 0
27 172 836 0 0 0 0 0 1.0005 0 0.6078 0.0743 0.1619 0.1707 1.4419 0.9857 0.1116 0.1705 0.2401 2.3545 0.5885 0.101 0.6528 0.8219 4.0555 0.0089 0.0089 0.5098 0 0
27 173 879 0 0 0 0 0 1.0018 0 -0.2879 -0.1559 0.192 0.2187 1.6347 0.9917 0.0293 0.2774 0.3558 4.1971 0.5766 0.0213 0.6328 0.7975 4.4068 -0.0971 0.0971 0.835 0 0
27 174 848 0 0 0 0 0 1.0024 0 -0.6695 -0.1641 0.2634 0.2826 1.5578 0.9915 0.1362 0.3404 0.4785 4.8196 0.611 -0.0944 0.6164 0.7924 4.0579 -0.0294 0.0294 0.5263 0 0
27 175 874 0 0 0 0 0 1.0016 0 -0.9872 -0.0995 0.1162 0.1873 1.1344 0.995 0.0407 0.1585 0.2375 3.97 0.6791 0.0386 0.6332 0.7929 4.2656 -0.0436 0.0436 0.6838 0 0
27 176 844 0 0 0 0 0 1.001 0 -0.1469 0.0567 0.2807 0.3268 1.9214 0.9822 -0.2466 0.2745 0.3741 5.0533 0.4908 -0.0252 0.6623 0.8452 4.1497 -0.1213 0.1213 0.5258 0 0
27 177 840 0 0 0 0 0 1.0012 0 0.2941 -0.291 0.291 0.3459 1.3282 0.996 -0.498 0.8381 1.1708 10.319 0.6438 -0.0054 0.5881 0.7504 4.1447 0.1355 0.1355 0.5788 0 0
27 178 847 0 0 0 0 0 1.0007 0 0.1645 -0.064 0.3379 0.4059 1.6086 0.9398 0.0349 0.2998 0.3948 3.4199 0.5981 0.1986 0.6405 0.8132 4.1813 0.0437 0.0437 0.6755 0 0
27 179 1045 0 0 0 0 0 1.0027 0 0.2537 -0.1782 0.4927 0.515 2.3885 0.9856 -0.8867 1.0907 1.6156 16.43 0.5985 -0.0449 0.5877 0.7495 4.2251 0.1294 0.1294 0.607 0 0
27 180 847 0 0 0 0 0 1.0005 0 0.9996 0.1481 0.1481 0.1757 1.5378 0.9967 -0.1197 0.1387 0.175 4.557 0.5873 -0.0172 0.669 0.8557 4.1445 0.0479 0.0479 0.4696 0 0
27 181 847 0 0 0 0 0 1.0008 0 -0.448 -0.2425 0.2425 0.2838 1.1098 0.97 -0.093 0.2648 0.3372 2.6813 0.6778 0.0767 0.6019 0.737 4.1265 0.1584 0.1584 0.5385 0 0
27 182 837 0 0 0 0 0 1.0003 0 -0.2081 0.1818 0.2471 0.3742 1.5771 0.9913 -0.0656 0.1449 0.2133 2.7876 0.6287 -0.0547 0.6182 0.7831 4.0628 0.2118 0.2118 0.4227 0 0
27 183 852 0 0 0 0 0 1.0007 0 0.2574 -0.1045 0.3604 0.3758 1.2531 0.9929 -0.0751 0.205 0.2473 2.8212 0.6671 0.0325 0.6078 0.7706 4.1605 -0.0569 0.0569 0.4513 0 0
27 184 875 0 0 0 0 0 1.0024 0 0.7681 0.0223 0.1811 0.2065 1.3838 0.9816 0.1006 0.193 0.2276 1.7729 0.6706 0.0702 0.562 0.7267 4.106 0.0533 0.0533 0.4947 0 0
27 185 830 0 0 0 0 0 1.0013 0 0.9226 -0.0095 0.0753 0.0838 1.522 0.9916 0.0431 0.1129 0.1554 2.7532 0.609 -0.0449 0.6291 0.7761 4.295 -0.0661 0.0661 0.7191 0 0
27 186 857 0 0 0 0 0 1.0006 0 0.928 -0.0529 0.1329 0.1513 1.4037 0.9715 -0.0875 0.2274 0.3795 4.4373 0.5445 0.0254 0.6536 0.8386 4.0529 -0.0267 0.0267 0.6334 0 0
27 187 855 0 0 0 0 0 1.0017 0 -0.3211 -0.131 0.2903 0.3181 1.4658 0.983 0.1302 0.265 0.3763 4.105 0.5993 -0.0758 0.6078 0.7731 4.3326 0.1807 0.1807 0.5876 0 0
27 188 837 0 0 0 0 0 1.0042 0 -0.9511 0.1796 0.4666 0.5853 3.013 0.9641 0.4883 0.5905 0.9224 8.0683 0.5447 0.0839 0.6844 0.8659 4.0658 0.0305 0.0305 0.5072 0 0
27 189 877 0 0 0 0 0 1.0008 0 0.9966 0.1144 0.1144 0.1204 1.3474 0.9973 0.0421 0.0991 0.1193 2.7185 0.673 0.0934 0.6123 0.7592 4.1586 -0.1204 0.1204 0.4864 0 0
27 190 857 0 0 0 0 0 1.0004 0 -0.783 -0.2058 0.2058 0.2907 1.7269 0.9918 0.2584 0.7587 1.0198 11.2165 0.5281 -0.057 0.6727 0.8609 4.3997 0.1524 0.1524 0.8028 0 0
27 191 886 0 0 0 0 0 1.001 0 -0.0499 -0.2463 0.2463 0.3061 1.4973 0.9707 0.4783 0.6165 0.9941 9.2972 0.621 -0.0452 0.5985 0.7537 4.108 0.03 0.03 0.6396 0 0
27 192 875 0 0 0 0 0 1.002 0 0.913 0.0925 0.3261 0.3272 2.0071 0.9818 0.0716 0.1823 0.3112 5.4906 0.6381 -0.0152 0.6226 0.7827 4.0774 -0.106 0.106 0.4809 0 0
27 193 840 0 0 0 0 0 1.0012 0 0.5038 -0.2012 0.3416 0.4305 1.5106 0.9906 -0.1197 0.3575 0.4782 5.0922 0.566 0.055 0.601 0.7618 4.1038 -0.2273 0.2273 0.4639 0 0
27 194 845 0 0 0 0 0 1.0033 0 -0.324 0.0441 0.417 0.4873 2.4183 0.9738 -0.039 0.3095 0.3732 5.5245 0.55 -0.0151 0.6561 0.8503 4.23 0.1459 0.1459 0.6286 0 0
27 195 857 0 0 0 0 0 1.0007 0 0.9935 -0.1986 0.2078 0.3367 1.0995 0.9865 -0.053 0.1899 0.2648 3.1292 0.646 0.0021 0.5817 0.7434 4.1821 -0.0554 0.0554 0.5975 0 0
27 196 889 0 0 0 0 0 1.0016 0 -0.5074 0.0565 0.2892 0.3164 1.3837 0.9784 0.066 0.2113 0.2549 1.908 0.6611 0.0121 0.5889 0.7355 4.0433 -0.0423 0.0423 0.4542 0 0
27 197 906 0 0 0 0 0 1.0021 0 0.9019 0.0869 0.3358 0.344 2.2393 0.8932 -0.2997 0.3857 0.7486 7.9502 0.5882 0.0495 0.6134 0.7658 4.0372 0.0075 0.0075 0.5464 0 0
27 198 921 0 0 0 0 0 1.0012 0 0.7364 -0.0217 0.1305 0.1547 1.6712 0.9938 -0.2533 0.2891 0.4116 5.7746 0.5119 -0.0825 0.7028 0.866 4.1983 0.1518 0.1518 0.6781 0 0
27 199 875 0 0 0 0 0 1.0008 0 0.9013 -0.0794 0.2494 0.2496 1.1275 0.9945 -0.0941 0.1379 0.1797 2.1654 0.6234 -0.0037 0.5868 0.7572 4.054 -0.0792 0.0792 0.4841 0 0
27 200 851 0 0 0 0 0 1.0007 0 0.9925 -0.0527 0.0683 0.0754 1.3698 0.9986 -0.0068 0.0602 0.0818 1.9864 0.6937 0.0515 0.5923 0.763 4.1396 0.0191 0.0191 0.5642 0 0
27 201 849 1 0 0 0 0 1.0044 0 -0.4863 -0.2031 0.2391 0.3385 1.5637 0.9793 0.2212 0.6527 0.7948 7.717 0.4427 0.0016 0.6806 0.8432 4.493 0.2382 0.2382 0.9247 1 0
27 202 854 0 0 0 0 0 1.0019 0 -0.9539 0.2045 0.4403 0.5839 2.6897 0.9631 -0.2222 0.3305 0.4182 3.2081 0.5353 -0.0473 0.7074 0.8854 4.157 -0.2236 0.2236 0.5477 0 0
27 203 843 0 0 0 0 0 1.0018 0 -0.9232 -0.0423 0.3019 0.3495 1.5735 0.9566 0.2499 0.3318 0.5219 5.3229 0.5788 0.0102 0.6325 0.7897 4.236 -0.0543 0.0543 0.7241 0 0
27 204 860 0 0 0 0 0 1.0027 0 0.1795 0.0808 0.1911 0.2449 1.9398 0.9936 0.2867 0.3696 0.4289 7.631 0.5255 0.0502 0.7357 0.8962 4.0621 0.1427 0.1427 0.5931 0 0
27 205 836 0 0 0 0 0 1.0011 0 -0.8151 -0.1395 0.1995 0.2145 1.5101 0.9942 -0.4649 0.5674 0.7355 8.3614 0.5805 -0.0276 0.6294 0.8029 4.1612 -0.0534 0.0534 0.8117 0 0
27 206 866 0 0 0 0 0 1.0004 0 0.9292 0.0915 0.2201 0.2262 1.2968 0.9726 0.0089 0.2301 0.2719 2.3281 0.6188 -0.0201 0.6098 0.7734 4.1032 -0.1926 0.1926 0.4565 0 0
27 207 875 0 0 0 0 0 1.0012 0 1 0.0625 0.0625 0.0647 1.2069 0.9957 -0.0348 0.1141 0.1267 1.6815 0.6749 0.018 0.601 0.7432 4.0734 -0.0712 0.0712 0.452 0 0
27 208 886 0 0 0 0 0 1.0007 0 0.6698 -0.0786 0.1312 0.1871 1.2725 0.9972 -0.0611 0.1349 0.1806 1.9297 0.6567 0.0674 0.5744 0.7184 4.1412 0.1018 0.1018 0.5908 0 0
27 209 865 0 0 0 0 0 1.0021 0 -0.4129 -0.1175 0.238 0.2424 1.7351 0.9883 -0.1912 0.3942 0.5495 5.4081 0.6055 0.0366 0.6001 0.7855 4.1156 -0.0233 0.0233 0.6088 0 0
27 210 871 0 0 0 0 0 1.0009 0 0.9402 -0.1159 0.1159 0.1423 1.3685 0.9881 0.1176 0.1697 0.2941 3.037 0.6953 -0.0422 0.589 0.7292 4.1142 -0.0806 0.0806 0.5043 0 0
27 211 840 0 0 0 0 0 1.0004 0 0.6628 0.0217 0.1961 0.2171 1.3839 0.9815 -0.1123 0.2016 0.2497 2.6315 0.6719 0.0692 0.6275 0.7821 4.1419 -0.1809 0.1809 0.4881 0 0
27 212 850 0 0 0 0 0 1.0016 0 0.2916 -0.1714 0.1714 0.2194 1.2036 0.9912 0.0939 0.2046 0.2493 2.9103 0.6552 -0.0093 0.5521 0.6962 4.094 -0.052 0.052 0.5426 0 0
27 213 829 0 0 0 0 0 1.0005 0 0.4591 0.2785 0.2785 0.3063 1.1874 0.9912 0.2279 0.2424 0.2814 1.02 0.7381 0.0586 0.5937 0.756 4.0401 0.0928 0.0928 0.3928 0 0
27 214 839 0 0 0 0 0 1.0014 0 -0.8759 -0.1956 0.5403 0.5899 1.8831 0.9273 1.9144 2.018 3.2547 25.1238 0.5936 0.0127 0.642 0.8078 4.0906 0.105 0.105 0.5231 0 0
27 215 855 0 0 0 0 0 1.0009 0 0.9862 1e-04 0.15 0.1591 1.6559 0.9826 0.3304 0.3606 0.4977 4.6791 0.5907 0.0408 0.6689 0.8225 4.1424 0.0387 0.0387 0.5113 0 0
27 216 856 0 0 0 0 0 1.0005 0 0.7453 -0.2426 0.2426 0.2585 1.3411 0.9941 -0.1817 0.4701 0.6124 7.6584 0.5916 0.0858 0.652 0.8449 4.214 -0.0857 0.0857 0.6691 0 0
27 217 818 0 0 0 0 0 1.0008 0 0.3081 0.0338 0.2314 0.278 2.4097 0.9931 0.2241 0.365 0.5039 7.0422 0.624 -0.038 0.6349 0.8118 4.0646 -0.0147 0.0147 0.4539 0 0
27 218 854 0 0 0 0 0 1.0015 0 0.7016 -0.1225 0.2306 0.2984 1.4263 0.9912 -0.051 0.1722 0.2262 3.0809 0.6498 0.0988 0.6092 0.7802 4.1407 -0.1909 0.1909 0.4609 0 0
27 219 855 0 0 0 0 0 1.0021 0 0.2126 -0.0897 0.2427 0.2445 1.9081 0.9828 -0.1343 0.3349 0.4712 5.427 0.5991 -0.024 0.6268 0.7852 4.0949 -0.0081 0.0081 0.6156 0 0
27 220 871 78 0 0 0 0 1.0014 0 0.2856 -0.1394 0.1394 0.1559 1.2591 0.9837 -0.4227 0.4687 0.5805 6.5692 0.5069 0.0112 0.6821 0.8718 4.6073 0.3008 0.3008 0.987 1 0
27 221 875 0 0 0 0 0 1.0011 0 0.6199 0.1451 0.1451 0.1711 1.1081 0.9984 -0.2102 0.2134 0.2512 2.0836 0.5805 0.0204 0.6551 0.8206 4.1779 -0.16 0.16 0.5769 0 0
27 222 862 0 0 0 0 0 1.0008 0 0.6031 -0.0824 0.1501 0.1809 1.6979 0.9835 0.124 0.3146 0.4881 5.4478 0.6689 -0.0851 0.6387 0.7991 4.0797 0.1368 0.1368 0.5434 0 0
27 223 842 0 0 0 0 0 1.0009 0 0.9678 0.2553 0.2693 0.33 1.3659 0.995 -0.0945 0.1342 0.1479 1.1731 0.6794 -1e-04 0.6053 0.776 4.036 -0.1022 0.1022 0.4472 0 0
27 224 858 0 0 0 0 0 1.0006 0 -0.4079 -0.1487 0.4443 0.448 1.3873 0.8597 0.278 0.6692 0.7909 6.2388 0.5737 0.0374 0.6281 0.7753 4.2259 -0.2749 0.2749 0.5883 0 0
27 225 868 0 0 0 0 0 1.0007 0 0.4723 -0.096 0.1879 0.2126 1.2489 0.9791 -0.0189 0.1672 0.2192 2.0132 0.6662 0.0178 0.5603 0.7055 4.0328 -0.0185 0.0185 0.5008 0 0
27 226 892 0 0 0 0 0 1.0037 0 -0.9575 0.0392 0.3784 0.4659 2.158 0.9412 -0.3021 0.3683 0.6681 5.5719 0.5175 -0.0911 0.6755 0.8543 4.1107 -0.0018 0.0018 0.5461 0 0
27 227 832 0 0 0 0 0 1.0018 0 0.78 -0.1173 0.1173 0.1353 1.3929 0.9965 -0.227 0.3929 0.5436 6.7409 0.5373 -0.0431 0.6742 0.8325 4.2781 -0.0154 0.0154 0.7271 0 0
27 228 5099 15000 0 0 366 366 1.7132 365 0.6001 -0.8391 0.8391 0.8499 0.9503 0.933 -0.6469 1.5018 1.8816 10.8097 0.2327 -4.6868 4.6868 4.8881 13.27 0.9543 0.9543 0.112 1 1
27 229 867 0 0 0 0 0 1.0012 0 -0.0103 -0.1054 0.1701 0.179 1.2044 0.9837 0.1858 0.3575 0.4929 4.1644 0.6018 -0.0986 0.6419 0.8255 4.529 0.3045 0.3045 0.6872 0 0
27 230 807 0 0 0 0 0 1.0006 0 -0.0991 0.0785 0.4954 0.518 1.8654 0.8578 1.2067 1.3174 2.3717 18.5191 0.5444 0.0665 0.6522 0.8385 4.1093 0.098 0.098 0.552 0 0
27 231 848 0 0 0 0 0 1.0008 0 -0.4825 -0.3882 0.3882 0.5617 1.3407 0.9914 0.2986 0.5218 0.8476 6.1633 0.6136 0.0849 0.6094 0.7682 4.2601 0.1149 0.1149 0.6934 0 0
27 232 844 0 0 0 0 0 1.0011 0 0.9208 0.1682 0.3869 0.3897 1.7671 0.9764 -0.2262 0.2909 0.4642 4.7275 0.6307 0.0349 0.6332 0.818 4.1035 -0.1064 0.1064 0.4277 0 0
27 233 833 0 0 0 0 0 1.0003 0 -0.3707 -0.1109 0.1775 0.1945 1.3576 0.9956 -0.1593 0.2069 0.3011 4.3351 0.5099 0.0677 0.7037 0.8936 4.252 0.3267 0.3267 0.5687 0 0
27 234 850 0 0 0 0 0 1.0006 0 0.8779 0.0025 0.0904 0.1018 1.465 0.9836 -0.2237 0.2529 0.3089 1.9738 0.6427 -0.0357 0.5976 0.7705 4.0805 -0.0629 0.0629 0.467 0 0
27 235 807 0 0 0 0 0 1.0026 0 0.5614 -0.0862 0.2531 0.2905 1.3449 0.9915 -0.0124 0.221 0.2754 4.3535 0.6247 -0.0122 0.6211 0.7808 4.1326 0.0672 0.0672 0.5532 0 0
27 236 879 0 0 0 0 0 1.0003 0 0.8105 -0.1657 0.2176 0.2977 1.5527 0.9955 -0.0012 0.1933 0.2646 2.5672 0.7217 0.0174 0.5624 0.708 4.0683 0.0997 0.0997 0.4035 0 0
27 237 797 0 0 0 0 0 1.0015 0 0.9607 -0.0032 0.0498 0.0588 1.4632 0.9898 0.0379 0.1549 0.1892 4.6244 0.5672 -0.006 0.6039 0.7852 4.1286 0.0949 0.0949 0.6087 0 0
27 238 866 0 0 0 0 0 1.0016 0 -0.5289 -0.077 0.2318 0.2913 1.3378 0.9806 0.2581 0.3141 0.5213 5.6969 0.5821 -0.0027 0.6938 0.8696 4.1009 -0.0881 0.0881 0.6294 0 0
27 239 872 0 0 0 0 0 1.0005 0 -0.7601 -0.045 0.1927 0.2258 1.33 0.9838 0.1151 0.1835 0.2236 1.661 0.689 0.0089 0.5898 0.7552 4.0418 0.1065 0.1065 0.4618 0 0
27 240 862 0 0 0 0 0 1.0006 0 0.8631 -0.1016 0.1382 0.1772 1.2938 0.99 0.0799 0.2008 0.3241 3.8856 0.5638 0.0188 0.6289 0.792 4.089 0.1574 0.1574 0.5623 0 0
27 241 841 0 0 0 0 0 1.0004 0 0.767 -0.084 0.1705 0.2129 1.6477 0.9764 -0.0631 0.2093 0.3238 3.5659 0.535 0.0392 0.6968 0.8973 4.19 0.3406 0.3406 0.5039 0 0
27 242 856 0 0 0 0 0 1.0004 0 0.3378 -0.0936 0.3012 0.304 1.7118 0.9875 -0.1348 0.3486 0.4214 3.6522 0.6727 -0.0792 0.6182 0.7757 4.1135 0.0879 0.0879 0.5459 0 0
27 243 842 0 0 0 0 0 1.0007 0 -0.0011 -0.1562 0.3561 0.4608 1.8017 0.9122 0.1748 0.2967 0.5183 4.0389 0.6208 0.0371 0.6297 0.8068 4.0567 0.0507 0.0507 0.5663 0 0
27 244 848 0 0 0 0 0 1.0012 0 -0.4233 0.0185 0.1838 0.2116 1.4066 0.9742 -0.0421 0.1884 0.3099 4.8374 0.5128 0.0547 0.6717 0.8261 4.1999 -0.0144 0.0144 0.7955 0 0
27 245 880 0 0 0 0 0 1.0007 0 -0.2035 -0.0384 0.2118 0.2629 1.2042 0.9828 0.0245 0.1614 0.1991 1.5929 0.6777 -0.0142 0.585 0.7249 4.0367 -0.0114 0.0114 0.5048 0 0
27 246 824 0 0 0 0 0 1.0018 0 0.1037 -0.0558 0.332 0.3371 1.6357 0.9558 0.3543 0.4114 0.625 7.9308 0.545 0.0393 0.6675 0.8524 4.1846 -0.2141 0.2141 0.5949 0 0
27 247 881 0 0 0 0 0 1.0007 0 0.7035 -0.0815 0.1099 0.1299 1.3312 0.9994 -0.2258 0.4157 0.493 5.5464 0.5895 -0.0704 0.6513 0.8187 4.161 0.0267 0.0267 0.6738 0 0
27 248 862 0 0 0 0 0 1.0005 0 0.7252 -0.0939 0.1459 0.1923 1.4567 0.9935 0.046 0.1711 0.2641 3.5202 0.561 -0.0662 0.6494 0.8044 4.0406 0.0451 0.0451 0.5581 0 0
27 249 846 0 0 0 0 0 1.0037 0 0.5528 -0.0663 0.1669 0.1692 2.2445 0.9948 -0.0962 0.2107 0.2847 3.715 0.5782 0.0479 0.6645 0.8243 4.136 0.0719 0.0719 0.5709 0 0
27 250 859 0 0 0 0 0 1.0011 0 -0.0921 0.0333 0.2306 0.2358 1.4477 0.9885 -0.2226 0.2823 0.3421 3.7201 0.5732 0.029 0.6482 0.8109 4.1739 0.0345 0.0345 0.6465 0 0
27 251 854 0 0 0 0 0 1.0033 0 0.3898 -0.0273 0.2551 0.2828 1.7338 0.9298 0.1391 0.4866 0.63 6.7281 0.5441 0.0793 0.6704 0.8478 4.1688 0.0554 0.0554 0.6215 0 0
27 252 880 0 0 0 0 0 1.0021 0 -0.0304 -0.0413 0.2057 0.2078 2.2797 0.9887 0.1221 0.215 0.294 5.004 0.5978 -0.0516 0.6253 0.7817 4.1209 0.1664 0.1664 0.7203 0 0
27 253 834 0 0 0 0 0 1.0003 0 0.9045 -0.1471 0.1987 0.254 1.1715 0.9933 0.0586 0.273 0.388 3.6615 0.6398 -0.0027 0.5877 0.7504 4.1354 0.1029 0.1029 0.5546 0 0
27 254 848 0 0 0 0 0 1.0006 0 0.9875 -0.1694 0.1694 0.2006 1.1883 0.9784 0.1292 0.2308 0.2936 2.8678 0.7208 -0.0228 0.5822 0.7556 4.149 -0.0395 0.0395 0.4579 0 0
27 255 829 0 0 0 0 0 1.0006 0 0.771 0.0976 0.1751 0.2298 1.8001 0.9856 -0.0644 0.2009 0.2753 3.7932 0.5521 -0.0226 0.6308 0.7855 4.0836 0.0384 0.0384 0.5133 0 0
27 256 901 0 0 0 0 0 1.0012 0 0.8761 -0.0348 0.1171 0.1427 1.2466 0.9852 0.0996 0.1982 0.3087 2.8687 0.672 0.0415 0.5371 0.6845 4.0783 0.0724 0.0724 0.4883 0 0
27 257 848 0 0 0 0 0 1.0022 0 -0.3484 0.0394 0.24 0.2685 1.6841 0.9778 -0.1089 0.3 0.3695 5.046 0.4524 0.0549 0.7299 0.9358 4.1368 0.1228 0.1228 0.6012 0 0
27 258 871 0 0 0 0 0 1.0026 0 0.9952 -0.016 0.3065 0.3209 2.8893 0.9683 -0.0012 0.5883 0.7747 7.2822 0.5254 -0.033 0.673 0.8376 4.2395 -0.2244 0.2244 0.6179 0 0
27 259 895 0 0 0 0 0 1.0018 0 0.9291 -0.1282 0.1893 0.2786 1.3535 0.995 -0.1197 0.1837 0.2541 2.4458 0.6392 -0.0067 0.627 0.7824 4.0244 -0.002 0.002 0.542 0 0
27 260 901 0 0 0 0 0 1.0005 0 0.5598 -0.1541 0.2345 0.2504 1.1504 0.9817 0.011 0.2013 0.2365 1.6535 0.6512 -0.0084 0.542 0.6925 4.0843 0.11 0.11 0.4473 0 0
27 261 873 0 0 0 0 0 1.0021 0 0.9123 0.2236 0.2236 0.2604 1.6675 0.9851 -0.1679 0.1944 0.2584 1.6529 0.6719 -0.1045 0.601 0.7643 4.1583 0.0441 0.0441 0.5306 0 0
27 262 834 0 0 0 0 0 1.0007 0 0.6065 -0.085 0.216 0.2782 1.3819 0.9928 -0.2432 0.2432 0.3025 2.3389 0.6486 -0.0253 0.6454 0.8162 4.1425 -0.2289 0.2289 0.4163 0 0
27 263 874 0 0 0 0 0 1.0007 0 0.993 0.0262 0.0851 0.0856 1.1781 0.9917 -0.0194 0.1166 0.1391 1.2179 0.6886 0.0013 0.5652 0.7387 4.0508 -0.0212 0.0212 0.437 0 0
27 264 859 0 0 0 0 0 1.0005 0 0.5038 -0.1534 0.2653 0.281 1.5204 0.9923 -0.062 0.3225 0.4553 3.6687 0.6697 -0.061 0.5853 0.7524 4.1149 0.2139 0.2139 0.5417 0 0
27 265 841 0 0 0 0 0 1.0005 0 0.5449 -0.2841 0.5215 0.6577 1.2627 0.9878 0.0326 0.1442 0.1959 1.8927 0.7413 -0.0157 0.5186 0.6612 4.0405 -0.1794 0.1794 0.395 0 0
27 266 877 0 0 0 0 0 1.0022 0 0.3328 0.146 0.3564 0.4603 2.185 0.9731 -0.2046 0.3327 0.3804 2.7402 0.5882 -0.0093 0.6705 0.8387 4.0639 -0.0724 0.0724 0.4678 0 0
27 267 847 0 0 0 0 0 1.0012 0 0.9604 0.1268 0.1892 0.2252 1.6303 0.9672 -0.0055 0.2193 0.2517 3.0227 0.5913 0.0314 0.6471 0.8322 4.1871 0.0563 0.0563 0.5012 0 0
27 268 840 7 0 0 0 0 1.0021 0 0.9917 -0.2832 0.2832 0.3274 1.2629 0.9961 0.3065 0.9973 1.2152 13.4634 0.5252 -0.0214 0.6821 0.8716 4.3043 0.1692 0.1692 0.9409 1 0
27 269 881 0 0 0 0 0 1.0004 0 0.9868 0.0135 0.1779 0.1908 1.2457 0.9812 -0.0982 0.1817 0.2664 3.6633 0.6601 -0.087 0.5947 0.7715 4.104 -0.006 0.006 0.4924 0 0
27 270 848 0 0 0 0 0 1.0012 0 0.9197 0.0283 0.0781 0.0795 1.4408 0.9981 -0.0507 0.0763 0.0857 1.8897 0.6083 -0.0763 0.6311 0.8089 4.0264 -0.0788 0.0788 0.438 0 0
27 271 1054 11 0 0 0 0 1.0018 0 -0.8367 -0.3066 0.4204 0.4564 1.9418 0.9709 1.2852 1.593 2.2362 20.6645 0.4519 -0.0122 0.6923 0.8656 4.625 0.2745 0.2745 1.032 1 0
27 272 882 0 0 0 0 0 1.0004 0 0.8616 -0.0441 0.1334 0.1382 1.4674 0.9866 -0.0664 0.1844 0.2434 3.0846 0.6086 -0.0205 0.7042 0.8904 4.1428 -0.0339 0.0339 0.5154 0 0
27 273 839 10 0 0 0 0 1.0012 0 0.1761 -0.1758 0.2421 0.3256 1.7317 0.9733 0.5505 0.8434 1.1731 12.3141 0.505 -0.0051 0.7012 0.8798 4.6094 0.0718 0.0718 1.0832 1 0
27 274 833 0 0 0 0 0 1.0009 0 0.9093 0.034 0.0822 0.1012 1.4468 0.9939 -0.0489 0.1942 0.2284 4.6169 0.532 0.0155 0.7108 0.8949 4.2094 0.202 0.202 0.6172 0 0
27 275 829 0 0 0 0 0 1.0012 0 0.7897 0.0197 0.1314 0.1541 1.5659 0.9794 -0.3318 0.3598 0.4558 3.6738 0.5833 -0.0332 0.6609 0.8108 4.1162 -0.06 0.06 0.58 0 0
27 276 802 0 0 0 0 0 1.001 0 -0.0052 -0.0428 0.1389 0.1428 1.7323 0.9946 -0.0766 0.3041 0.409 4.7265 0.5389 0.0025 0.6666 0.861 4.1109 -0.103 0.103 0.5763 0 0
27 277 851 0 0 0 0 0 1.0003 0 -0.469 -0.0922 0.1805 0.2261 1.0967 0.9848 0.1308 0.3136 0.3886 3.1353 0.5607 0.1219 0.6744 0.8373 4.2431 0.3046 0.3046 0.4877 0 0
27 278 843 0 0 0 0 0 1.0022 0 0.9554 -0.1344 0.1344 0.1483 1.6634 0.9738 0.1411 0.3278 0.5623 8.6146 0.614 -0.089 0.6437 0.8181 4.1568 -0.0729 0.0729 0.71 0 0
27 279 882 0 0 0 0 0 1.0003 0 0.9905 -0.237 0.3198 0.3574 1.4162 0.9946 0.134 0.2116 0.2836 2.4809 0.741 -0.0242 0.5166 0.6607 4.008 -0.057 0.057 0.3851 0 0
27 280 877 0 0 0 0 0 1.0004 0 0.8945 0.0415 0.097 0.1259 1.0565 0.9958 -0.0142 0.0746 0.1039 1.1293 0.6723 0.0142 0.5537 0.7474 4.0773 -0.1533 0.1533 0.3494 0 0
27 281 883 0 0 0 0 0 1.0006 0 0.9284 -0.0308 0.1193 0.121 1.2889 0.9851 0.0785 0.1806 0.2086 3.1647 0.5827 0.1291 0.6424 0.8026 4.2142 0.125 0.125 0.5584 0 0
27 282 823 0 0 0 0 0 1.0013 0 -0.4652 -0.2667 0.3554 0.3901 1.9811 0.9882 0.072 0.7862 1.0359 8.2855 0.5631 -0.0246 0.6484 0.8408 4.446 0.2441 0.2441 0.8042 0 0
27 283 843 0 0 0 0 0 1.0007 0 0.9519 0.0056 0.2541 0.2962 1.6826 0.9613 0.1244 0.2489 0.3521 2.5905 0.6292 0.0273 0.5816 0.7685 4.1375 0.051 0.051 0.472 0 0
27 284 854 0 0 0 0 0 1.0011 0 0.3106 -0.0597 0.1724 0.203 1.2815 0.9939 0.2138 0.2384 0.2896 3.8842 0.6277 0.037 0.6376 0.7949 4.1993 0.2218 0.2218 0.6276 0 0
27 285 882 0 0 0 0 0 1.0004 0 0.7756 0.0105 0.2355 0.2555 1.1894 0.9881 -0.0139 0.1412 0.1747 2.0772 0.7073 0.0672 0.5402 0.6989 4.092 0.1911 0.1911 0.4357 0 0
27 286 871 0 0 0 0 0 1.0024 0 -0.855 0.0154 0.1356 0.1579 1.9849 0.9906 0.082 0.2897 0.316 4.0597 0.5396 0.0416 0.678 0.8547 4.2269 -5e-04 5e-04 0.6751 0 0
27 287 862 0 0 0 0 0 1.002 0 0.9682 -0.1121 0.1121 0.1568 1.4126 0.9912 0.0788 0.176 0.2689 2.1864 0.7418 0.0252 0.4928 0.6315 4.05 -0.1461 0.1461 0.485 0 0
27 288 876 0 0 0 0 0 1.001 0 0.9992 -0.0358 0.092 0.0959 1.6371 0.9937 -0.0203 0.1004 0.1284 1.4798 0.6918 -0.0723 0.5882 0.751 4.0921 -0.1457 0.1457 0.406 0 0
27 289 852 0 0 0 0 0 1.0015 0 -0.8679 -0.1856 0.4649 0.4749 1.6023 0.948 -0.2069 0.3813 0.5178 3.688 0.5628 0.0549 0.6704 0.8503 4.0925 0.2462 0.2462 0.4782 0 0
27 290 850 0 0 0 0 0 1.0005 0 0.764 -0.2342 0.2342 0.2722 1.0583 0.9933 -0.1931 0.3251 0.4915 4.5776 0.5796 -0.0911 0.6407 0.8046 4.0768 0.0833 0.0833 0.4811 0 0
27 291 825 0 0 0 0 0 1.0009 0 0.9935 0.0185 0.1149 0.131 1.8649 0.9926 0.1233 0.1817 0.2033 2.4237 0.617 0.0072 0.6386 0.8109 4.1388 -0.0633 0.0633 0.465 0 0
27 292 880 0 0 0 0 0 1.0009 0 0.9963 -0.1889 0.1889 0.2085 1.3283 0.9916 -0.1369 0.634 0.8389 8.7745 0.4971 -0.0535 0.6469 0.8336 4.0957 -0.138 0.138 0.6843 0 0
27 293 843 0 0 0 0 0 1.0017 0 -0.8231 0.0493 0.2649 0.3288 1.6401 0.9842 -0.3215 0.4171 0.5845 5.9355 0.6174 -0.0121 0.6107 0.7658 4.1259 -0.111 0.111 0.5011 0 0
27 294 856 0 0 0 0 0 1.0009 0 0.9079 -0.048 0.0916 0.096 1.3414 0.9915 0.1127 0.1539 0.2027 2.7447 0.6798 0.0436 0.6344 0.8036 4.1021 0.112 0.112 0.4887 0 0
27 295 827 0 0 0 0 0 1.0005 0 0.999 0.0728 0.1532 0.2018 1.7916 0.99 -0.0762 0.1882 0.2797 3.4068 0.6281 -0.0148 0.5882 0.7508 4.1354 0.0335 0.0335 0.579 0 0
27 296 855 0 0 0 0 0 1.0005 0 0.8326 0.1223 0.1758 0.2181 1.2854 0.9829 0.3003 0.3637 0.3956 3.0201 0.5816 0.0382 0.6566 0.8223 4.1579 -0.0392 0.0392 0.5504 0 0
27 297 825 1 0 0 0 0 1.0005 0 -0.8854 -0.1888 0.1888 0.2011 1.2852 0.9949 0.5297 1.0002 1.2634 12.7449 0.4582 0.0221 0.6823 0.8719 4.5286 -0.3014 0.3014 0.9005 1 0
27 298 1073 0 0 0 0 0 1.002 0 -0.2571 -0.1341 0.1341 0.2135 1.9496 0.9978 -0.4712 0.6741 0.8511 9.754 0.5432 -0.0194 0.6841 0.8551 4.1796 0.0261 0.0261 0.8847 0 0
27 299 852 0 0 0 0 0 1.0007 0 0.3057 0.0092 0.2423 0.2827 1.413 0.9909 -0.2104 0.2117 0.2611 1.9819 0.6732 -0.0455 0.603 0.7706 4.0737 -0.056 0.056 0.4618 0 0
27 300 904 0 0 0 0 0 1.0009 0 0.1601 0.1174 0.2743 0.3488 1.9642 0.9867 -0.033 0.1967 0.2601 2.1826 0.5903 0.0294 0.6481 0.8174 4.0111 -0.0483 0.0483 0.4435 0 0
27 301 872 0 0 0 0 0 1.0009 0 0.8812 -0.0034 0.2893 0.3295 1.8626 0.9965 -0.1437 0.212 0.2818 3.9277 0.6348 -0.0025 0.5856 0.7564 4.0088 -0.008 0.008 0.4526 0 0
27 302 871 0 0 0 0 0 1.0011 0 -0.1508 0.0368 0.3252 0.3717 2.2216 0.9518 0.1441 0.3622 0.4381 3.784 0.5025 0.0049 0.713 0.889 4.2162 -0.3111 0.3111 0.6094 0 0
27 303 866 0 0 0 0 0 1.0009 0 0.3873 -0.3018 0.3018 0.3402 1.4418 0.978 0.3775 0.6037 0.9192 7.4084 0.6514 0.0385 0.617 0.7769 4.0717 -0.2042 0.2042 0.5317 0 0
27 304 864 0 0 0 0 0 1.0005 0 -0.8141 -0.1505 0.2891 0.3394 1.5398 0.9829 -0.2547 0.2641 0.3705 4.3665 0.5735 -0.0188 0.6477 0.8116 4.2166 0.2043 0.2043 0.6339 0 0
27 305 844 0 0 0 0 0 1.0011 0 0.057 -0.0683 0.3088 0.3115 1.5161 0.991 -0.3027 0.3789 0.5518 5.8014 0.6465 -0.018 0.6335 0.785 4.0782 0.1979 0.1979 0.4971 0 0
27 306 834 0 0 0 0 0 1.001 0 0.8675 0.2231 0.2231 0.2525 1.7086 0.9933 0.0757 0.1134 0.1548 1.6423 0.596 0.0849 0.6159 0.7914 4.0518 -0.0527 0.0527 0.4623 0 0
27 307 965 0 0 0 0 0 1.0006 0 0.5073 -0.395 0.395 0.4473 1.9395 0.9896 -1.3085 1.4276 1.8551 14.432 0.5623 0.065 0.6382 0.8172 4.1743 0.0362 0.0362 0.7799 0 0
27 308 863 0 0 0 0 0 1.0014 0 0.7922 -0.1136 0.219 0.2232 1.4294 0.9696 -0.0115 0.3191 0.3658 3.7675 0.6289 -0.0096 0.6132 0.7733 4.1526 0.0979 0.0979 0.6667 0 0
27 309 855 0 0 0 0 0 1.0042 0 -0.6285 -0.3121 0.3898 0.5462 1.9524 0.9829 -0.3773 1.0403 1.3917 13.8151 0.5075 0.0418 0.6126 0.7934 4.0685 -0.017 0.017 0.7521 0 0
27 310 853 1 0 0 0 0 1.0019 0 -0.9909 -0.2178 0.2178 0.2709 1.5115 0.9863 -0.2343 0.5632 0.7307 6.9505 0.5154 -0.034 0.6458 0.8262 4.2754 0.1593 0.1593 0.8927 1 0
27 311 859 0 0 0 0 0 1.0015 0 0.9953 -0.0425 0.1053 0.1388 1.3673 0.9716 0.1148 0.2694 0.4159 5.5272 0.6559 -0.0575 0.5993 0.7629 4.1562 -6e-04 6e-04 0.4804 0 0
27 312 850 0 0 0 0 0 1.0027 0 -0.0971 -0.3061 0.3611 0.5173 1.8623 0.9798 -0.0159 0.6008 0.9003 8.4113 0.5329 -0.0064 0.664 0.8526 4.1144 -0.1508 0.1508 0.6143 0 0
27 313 823 0 0 0 0 0 1.0008 0 0.8983 0.0385 0.3077 0.376 2.185 0.8433 0.2017 0.5372 0.7124 5.1004 0.5573 -0.1084 0.6494 0.8466 4.2289 0.2756 0.2756 0.5529 0 0
27 314 846 0 0 0 0 0 1.002 0 0.9972 0.2315 0.2315 0.2352 1.8041 0.9937 0.0174 0.197 0.2217 1.4015 0.7622 -0.0361 0.6066 0.7705 4.0196 -0.0368 0.0368 0.3792 0 0
27 315 856 0 0 0 0 0 1.0004 0 0.9942 -0.1672 0.1672 0.1831 1.0578 0.9909 0.1831 0.3005 0.3859 3.4779 0.6492 0.029 0.5946 0.7641 4.0851 -0.0643 0.0643 0.5685 0 0
27 316 891 0 0 0 0 0 1.0004 0 0.1424 0.2327 0.2327 0.3292 1.1912 0.9741 0.3579 0.3579 0.4467 1.7816 0.598 0.1347 0.6507 0.8001 4.1068 -0.0674 0.0674 0.4538 0 0
27 317 873 0 0 0 0 0 1.0009 0 0.6748 -0.2898 0.3304 0.4282 1.3694 0.9764 -0.2024 0.5232 0.7814 8.5456 0.6261 0.0093 0.6127 0.7817 4.1233 -0.0175 0.0175 0.6139 0 0
27 318 846 1 0 0 0 0 1.0006 0 0.5512 -0.1085 0.275 0.28 1.4671 0.941 0.2629 0.4729 0.6743 6.559 0.5392 -1e-04 0.6361 0.8137 4.4855 -0.1417 0.1417 0.8257 1 0
27 319 844 0 0 0 0 0 1.0024 0 0.9183 -0.0167 0.1213 0.126 1.4013 0.9973 -0.0407 0.1249 0.1532 3.5159 0.5902 -0.0467 0.641 0.8266 4.1643 0.1906 0.1906 0.573 0 0
27 320 836 0 0 0 0 0 1.0045 0 0.8828 -0.0527 0.3948 0.4109 2.354 0.9301 0.3143 0.5006 0.6709 6.7046 0.5004 -0.0022 0.6825 0.842 4.2192 0.316 0.316 0.594 0 0
27 321 852 0 0 0 0 0 1.0005 0 0.9578 0.0651 0.1015 0.1206 1.2718 0.9764 -0.1022 0.2284 0.2672 2.2109 0.6482 0.0114 0.5866 0.7446 4.0451 0.0042 0.0042 0.4809 0 0
27 322 857 0 0 0 0 0 1.0018 0 -0.0861 -0.2004 0.2667 0.2928 1.7473 0.992 -0.1162 0.559 0.7533 6.9521 0.4887 -0.0185 0.7151 0.893 4.4545 -0.3256 0.3256 0.7847 0 0
27 323 843 0 0 0 0 0 1.0015 0 0.7955 -0.0996 0.1819 0.2025 1.9497 0.9873 0.085 0.4604 0.618 7.5699 0.6061 -0.0156 0.5986 0.779 4.1826 -0.0802 0.0802 0.6739 0 0
27 324 894 0 0 0 0 0 1.0005 0 -0.5773 -0.1097 0.3028 0.3873 1.2008 0.9897 0.188 0.219 0.2453 1.9081 0.7014 0.0597 0.5749 0.718 4.0302 -0.0269 0.0269 0.4333 0 0
27 325 877 0 0 0 0 0 1.0006 0 0.4306 -0.1623 0.1623 0.2099 1.3487 0.988 -0.0412 0.1534 0.2194 3.0394 0.6621 0.0534 0.5916 0.7526 4.1503 0.2777 0.2777 0.5501 0 0
27 326 831 0 0 0 0 0 1.0024 0 0.5023 -0.335 0.3721 0.4521 1.7184 0.9677 0.775 0.775 0.9987 7.3256 0.5816 0.1124 0.6398 0.8546 4.2331 -0.2769 0.2769 0.5339 0 0
27 327 886 0 0 0 0 0 1.001 0 0.8406 -0.1046 0.1199 0.16 1.3075 0.9869 0.0923 0.2865 0.3742 3.1787 0.6527 -0.0118 0.5911 0.7372 4.1056 0.088 0.088 0.5522 0 0
27 328 869 0 0 0 0 0 1.0014 0 -0.9926 -0.1412 0.2564 0.2951 1.2761 0.9799 -0.0419 0.3469 0.5016 5.1543 0.5904 0.0839 0.6374 0.7982 4.1369 0.1617 0.1617 0.5397 0 0
27 329 826 0 0 0 0 0 1.0019 0 0.9448 -0.0617 0.1888 0.2169 1.4928 0.9729 -0.0858 0.2301 0.2882 3.164 0.6734 0.0512 0.5842 0.7335 4.1006 0.0222 0.0222 0.5282 0 0
27 330 872 0 0 0 0 0 1.0011 0 0.5166 -0.0044 0.2245 0.2388 1.6496 0.9392 -0.0492 0.2517 0.3298 2.4453 0.5771 0.0316 0.6603 0.8224 4.0766 0.0846 0.0846 0.5098 0 0
27 331 834 0 0 0 0 0 1.0019 0 -0.9853 -0.3191 0.6342 0.6759 1.9554 0.9506 0.6583 0.8518 1.1334 8.9234 0.6076 -0.0862 0.6435 0.8137 4.1826 0.0821 0.0821 0.663 0 0
27 332 866 0 0 0 0 0 1.0005 0 0.9998 -0.1938 0.214 0.2637 1.0459 0.9933 0.0666 0.167 0.2065 1.6338 0.7352 0.1158 0.5373 0.6748 4.278 -0.1806 0.1806 0.4966 0 0
27 333 834 0 0 0 0 0 1.0009 0 0.4309 0.1131 0.301 0.3649 1.5179 0.966 -0.0582 0.2362 0.323 2.3041 0.6408 -0.028 0.6068 0.7769 4.0275 -0.1169 0.1169 0.4613 0 0
27 334 842 0 0 0 0 0 1.0002 0 0.8175 -0.0961 0.2798 0.2831 1.3306 0.9923 0.2654 0.2654 0.4172 3.3656 0.6632 0.0869 0.5898 0.7492 4.0909 0.1781 0.1781 0.4176 0 0
27 335 840 0 0 0 0 0 1.0022 0 0.3511 0.0441 0.231 0.2644 1.8073 0.9766 0.1988 0.2278 0.2867 2.2598 0.6379 0.0446 0.6077 0.7629 4.1031 0.107 0.107 0.5484 0 0
27 336 851 0 0 0 0 0 1.0003 0 0.9805 0.0366 0.0558 0.0624 1.2257 0.9889 0.1527 0.1616 0.2187 1.5072 0.6678 0.0456 0.6247 0.7826 4.0326 -0.1677 0.1677 0.4275 0 0
27 337 862 0 0 0 0 0 1.001 0 0.3034 -0.0669 0.1414 0.1873 1.2118 0.9882 -0.3054 0.3067 0.5475 5.139 0.6387 -0.0501 0.5547 0.7033 4.0668 0.0226 0.0226 0.5568 0 0
27 338 853 0 0 0 0 0 1.0009 0 0.8445 0.0051 0.1543 0.1681 1.2507 0.9941 0.0801 0.1317 0.1571 2.9437 0.7039 -0.0571 0.5845 0.7199 4.132 -0.1854 0.1854 0.4183 0 0
27 339 885 0 0 0 0 0 1.0005 0 0.7256 -0.0458 0.3896 0.4353 1.2025 0.9828 0.076 0.1485 0.1908 1.025 0.748 -0.0142 0.5245 0.682 4.0278 -0.0941 0.0941 0.3825 0 0
27 340 961 0 0 0 0 0 1.0019 0 0.4322 -0.197 0.2913 0.3952 1.8588 0.9942 -0.0481 0.5118 0.6295 7.6944 0.5946 -0.0376 0.6255 0.7918 4.3261 -0.0123 0.0123 0.7654 0 0
27 341 867 0 0 0 0 0 1.0002 0 0.0662 -0.1731 0.2769 0.2971 1.3918 0.99 -0.2539 0.3643 0.4739 3.2075 0.6669 -0.0155 0.5735 0.7478 4.0771 0.0334 0.0334 0.5552 0 0
27 342 857 1 0 0 0 0 1.0039 0 0.9995 -0.225 0.225 0.2332 1.8823 0.9778 0.3042 0.7456 0.9873 9.9987 0.5844 -0.0189 0.6259 0.7905 4.3301 -0.2039 0.2039 0.9126 1 0
27 343 859 0 0 0 0 0 1.0011 0 -0.5292 0.0791 0.2829 0.3551 1.6227 0.993 -0.0817 0.2444 0.3108 5.4016 0.5522 0.0353 0.6791 0.8545 4.0788 0.1757 0.1757 0.4809 0 0
27 344 839 0 0 0 0 0 1.0004 0 0.8027 0.0334 0.1627 0.1874 1.3517 0.9969 -0.2366 0.2366 0.2787 4.652 0.5764 0.0098 0.6313 0.7964 4.1418 0.0707 0.0707 0.5543 0 0
27 345 879 0 0 0 0 0 1.0013 0 0.5194 0.134 0.1355 0.1928 1.2805 0.9963 -0.0097 0.1667 0.193 1.8384 0.6052 0.0829 0.6777 0.8379 4.1014 0.2439 0.2439 0.4922 0 0
27 346 822 0 0 0 0 0 1.0007 0 0.9993 0.3286 0.3286 0.333 1.2958 0.9944 -0.147 0.2544 0.2751 1.053 0.6566 -0.086 0.6558 0.8281 4.0701 -0.113 0.113 0.4336 0 0
27 347 859 0 0 0 0 0 1.0012 0 0.0403 -0.1591 0.2265 0.2866 1.6116 0.9846 -0.413 0.4284 0.6508 5.5555 0.6457 -0.0273 0.5996 0.7519 4.1014 0.1395 0.1395 0.5324 0 0
27 348 812 0 0 0 0 0 1.0005 0 0.6967 0.1518 0.2949 0.326 1.3895 0.975 -0.2561 0.2823 0.3389 2.1679 0.6784 -0.0251 0.5839 0.7419 4.0518 0.2195 0.2195 0.4268 0 0
27 349 897 0 0 0 0 0 1.0012 0 -0.6819 -0.0532 0.4869 0.5014 2.0528 0.9817 0.0822 0.4272 0.5215 3.2247 0.6069 4e-04 0.6166 0.7737 4.0303 -0.0866 0.0866 0.3997 0 0
27 350 872 1 0 0 0 0 1.0005 0 -0.558 -0.1378 0.2758 0.2805 1.5062 0.9293 -0.2293 0.477 0.6451 6.977 0.5777 0.0419 0.6213 0.7967 4.2171 -0.0641 0.0641 0.7918 1 0
27 351 827 0 0 0 0 0 1.0006 0 -0.5908 -0.1179 0.1815 0.2081 1.4077 0.9651 0.1622 0.3027 0.4081 4.9166 0.5691 -0.0059 0.652 0.8334 4.2168 -0.1908 0.1908 0.7236 0 0
27 352 860 0 0 0 0 0 1.0011 0 0.6454 -0.1348 0.3275 0.3696 1.8536 0.9582 0.2227 0.4443 0.6097 6.2233 0.7022 -0.0071 0.6232 0.7804 4.0368 -0.0743 0.0743 0.543 0 0
27 353 842 0 0 0 0 0 1.0012 0 0.4032 0.2034 0.3482 0.3992 2.2979 0.973 0.2666 0.2941 0.4177 4.2985 0.6025 0.0803 0.6699 0.8341 4.1472 -0.0329 0.0329 0.5405 0 0
27 354 837 0 0 0 0 0 1.0025 0 -0.5699 -0.3079 0.6893 0.7219 1.9617 0.9856 0.022 0.5461 0.6895 4.6572 0.6684 0.0377 0.5697 0.7407 4.0892 -0.1545 0.1545 0.5471 0 0
27 355 879 0 0 0 0 0 1.0011 0 0.9493 -0.0691 0.0743 0.1243 1.6426 0.9891 0.0053 0.2593 0.336 4.5004 0.6409 -0.0225 0.6387 0.8005 4.0974 -0.1762 0.1762 0.5142 0 0
27 356 842 0 0 0 0 0 1.0022 0 -0.0643 -0.1432 0.2046 0.2494 1.3479 0.9951 -0.082 0.1977 0.2796 3.2382 0.6246 0.0093 0.628 0.7741 4.0794 -0.1246 0.1246 0.557 0 0
27 357 853 0 0 0 0 0 1.0016 0 0.9787 -0.014 0.1525 0.1631 2.1602 0.9947 -0.195 0.2472 0.3434 4.9895 0.6169 8e-04 0.6367 0.7966 4.0676 -0.0212 0.0212 0.5662 0 0
27 358 846 0 0 0 0 0 1.0006 0 0.0801 0.0238 0.1794 0.2071 1.3278 0.9956 0.1208 0.1304 0.2104 3.5695 0.6145 0.0256 0.5839 0.7479 4.0458 -0.0674 0.0674 0.4763 0 0
27 359 883 0 0 0 0 0 1.0011 0 0.6696 -0.2021 0.2216 0.3397 1.2657 0.9934 0.0558 0.214 0.2605 3.417 0.7108 0.0173 0.5213 0.6739 4.046 0.0182 0.0182 0.5177 0 0
27 360 853 0 0 0 0 0 1.0005 0 -0.9062 -0.1367 0.3628 0.4277 1.5647 0.9022 -0.2599 0.4238 0.7731 6.7851 0.5072 0.0848 0.689 0.8775 4.2209 -0.3202 0.3202 0.5791 0 0
27 361 869 0 0 0 0 0 1.0008 0 0.9268 0.0808 0.2674 0.3397 1.8743 0.9434 -0.036 0.2409 0.3343 2.8974 0.6907 0.052 0.5776 0.7159 4.0194 0.108 0.108 0.4711 0 0
27 362 867 0 0 0 0 0 1.0005 0 0.3216 -0.3445 0.439 0.5094 1.2452 0.9045 -0.372 0.6188 0.8155 7.0426 0.6931 -0.0126 0.5603 0.6989 4.0996 0.0377 0.0377 0.6278 0 0
27 363 832 0 0 0 0 0 1.0009 0 0.5509 -0.0653 0.3084 0.3114 1.9354 0.9646 -0.0185 0.3194 0.4942 4.7466 0.589 -0.0464 0.6617 0.8397 4.1331 -0.0543 0.0543 0.5754 0 0
27 364 864 4 0 0 0 0 1.0044 0 -0.5178 -0.1331 0.3153 0.3234 1.8273 0.9494 0.0645 0.5996 0.8429 8.6751 0.5273 0.0502 0.7329 0.9149 4.4889 -0.2078 0.2078 0.8769 1 0
27 365 857 0 0 0 0 0 1.001 0 0.8635 -0.0349 0.1482 0.1601 1.5059 0.9774 0.2418 0.4003 0.6592 7.7333 0.5966 0.0047 0.6129 0.784 4.0988 -0.0307 0.0307 0.5445 0 0
27 366 873 0 0 0 0 0 1.0004 0 0.9012 0.0065 0.1572 0.1649 1.1134 0.9984 -0.1442 0.1486 0.1753 2.4642 0.6502 -0.0198 0.5849 0.7563 4.0767 0.0212 0.0212 0.475 0 0
27 367 885 0 0 0 0 0 1.0004 0 -0.9211 -0.2457 0.342 0.4006 1.0093 0.9673 -0.1286 0.3609 0.4055 2.194 0.6747 -0.1318 0.5648 0.7221 4.0413 -0.2007 0.2007 0.4587 0 0
27 368 852 1 0 0 0 0 1.0095 0 -0.9591 -0.1754 0.27 0.2948 2.0113 0.9535 0.1586 0.693 0.9409 9.219 0.4739 0.0576 0.7076 0.8837 4.3355 0.0486 0.0486 0.9483 1 0
27 369 865 0 0 0 0 0 1.0033 0 -0.9924 -0.1068 0.3022 0.3795 2.0513 0.9043 0.1664 0.5693 1.086 9.3271 0.5088 -0.0273 0.7176 0.9041 4.1659 -0.179 0.179 0.6475 0 0
27 370 910 0 0 0 0 0 1.0014 0 0.5893 -0.2451 0.3015 0.341 1.4239 0.9576 0.3191 0.6538 0.8974 7.7722 0.4935 -0.0453 0.6898 0.8488 4.3988 0.3994 0.3994 0.631 0 0
27 371 863 0 0 0 0 0 1.0006 0 0.9705 0.0641 0.2435 0.3066 1.8162 0.987 0.0151 0.1605 0.2235 3.1942 0.5812 -0.0841 0.6319 0.8026 4.0687 0.0714 0.0714 0.4546 0 0
27 372 831 0 0 0 0 0 1.0042 0 0.2063 0.0263 0.3989 0.4677 2.9637 0.9331 -0.4313 0.4576 0.679 6.768 0.5017 -0.0519 0.6917 0.8772 4.1339 0.0852 0.0852 0.6889 0 0
27 373 862 0 0 0 0 0 1.001 0 0.4982 -0.2589 0.2589 0.2821 1.3764 0.9991 -0.1026 0.2924 0.3672 6.6498 0.6408 0.1613 0.6157 0.7841 4.2379 0.2016 0.2016 0.6325 0 0
27 374 876 0 0 0 0 0 1.002 0 -0.4284 -0.1438 0.17 0.2107 1.8412 0.9862 0.0392 0.477 0.6047 5.7851 0.5948 -0.0385 0.6136 0.7924 4.1614 0.0581 0.0581 0.6641 0 0
27 375 844 0 0 0 0 0 1.004 0 -0.9523 0.0173 0.1528 0.1606 1.8101 0.9848 0.192 0.3016 0.4145 5.2637 0.5469 -0.0332 0.6795 0.8527 4.2423 -0.1425 0.1425 0.7013 0 0
27 376 864 0 0 0 0 0 1.0018 0 0.6536 -0.1534 0.3598 0.3704 1.7412 0.8778 0.7094 0.7963 1.4166 14.3503 0.5691 -0.017 0.6097 0.7949 4.1652 -0.1891 0.1891 0.5701 0 0
27 377 845 0 0 0 0 0 1.0043 0 0.1284 -0.191 0.4415 0.5548 1.9815 0.9719 -0.3265 0.5131 0.7981 6.1121 0.5728 -0.0045 0.6161 0.7861 4.335 -0.1634 0.1634 0.6769 0 0
27 378 747 0 0 0 0 0 1.0031 0 -0.6182 0.0251 0.3668 0.3968 1.7029 0.9085 0.1193 0.2923 0.3991 3.1353 0.5799 -0.0091 0.669 0.8285 4.1321 0.1121 0.1121 0.6074 0 0
27 379 872 0 0 0 0 0 1.0013 0 0.463 0.1295 0.3753 0.465 2.0832 0.9878 0.0734 0.1721 0.2377 5.0808 0.6905 -0.0186 0.5811 0.7259 4.0391 0.0076 0.0076 0.416 0 0
27 380 777 0 0 0 0 0 1.0025 0 0.5418 -0.263 0.263 0.3611 1.6134 0.926 0.1575 0.6198 1.0724 10.4199 0.5287 0.0677 0.6703 0.8526 4.2187 -0.177 0.177 0.74 0 0
27 381 864 0 0 0 0 0 1.002 0 0.6094 0.0073 0.2111 0.2342 1.639 0.9897 0.2277 0.2585 0.3866 3.9953 0.5928 -0.0151 0.6179 0.8175 4.1454 0.047 0.047 0.5655 0 0
27 382 869 0 0 0 0 0 1.0006 0 -0.9319 -0.0517 0.3512 0.4075 1.4929 0.9677 0.1949 0.3345 0.5337 4.3108 0.6158 -0.0099 0.5924 0.7552 4.0874 0.0194 0.0194 0.5096 0 0
27 383 870 0 0 0 0 0 1.0012 0 -0.9835 0.0263 0.2841 0.3477 1.5589 0.9811 0.155 0.2677 0.3827 3.2983 0.5659 0.0147 0.6948 0.8663 4.1075 0.129 0.129 0.4511 0 0
27 384 1097 0 0 0 0 0 1.01 1 -0.3496 -0.0761 0.6346 0.698 3.3609 0.962 -0.7604 1.1835 1.7816 15.9294 0.4311 0.0346 0.7788 0.9857 4.398 0.3571 0.3571 0.8405 1 0
27 385 884 0 0 0 0 0 1.0044 0 0.7011 -0.0145 0.2848 0.3092 2.446 0.8625 0.2316 0.8396 1.306 13.3588 0.4101 0.0722 0.6576 0.8381 4.1377 -0.0557 0.0557 0.71 0 0
27 386 824 0 0 0 0 0 1.0019 0 0.6859 -0.1133 0.2529 0.2549 2.0855 0.9804 -0.0135 0.2954 0.4035 5.2108 0.5699 -0.137 0.6362 0.8233 4.1496 0.0146 0.0146 0.665 0 0
27 387 865 0 0 0 0 0 1.0014 0 0.0622 0.0819 0.572 0.6867 1.9816 0.9656 0.0381 0.2355 0.2754 1.728 0.7134 0.0801 0.5576 0.7104 4.1155 0.118 0.118 0.4122 0 0
27 388 831 0 0 0 0 0 1.0016 0 0.8581 -0.043 0.1625 0.1746 1.2813 0.9867 -0.0309 0.149 0.1849 1.756 0.6965 -0.0724 0.6008 0.7439 4.0576 0.0273 0.0273 0.4882 0 0
27 389 875 0 0 0 0 0 1.0037 0 -0.0302 -0.0348 0.4398 0.4556 2.8811 0.9855 0.4865 0.6534 0.9532 8.8985 0.5874 -0.0258 0.6298 0.7963 4.1909 -0.139 0.139 0.672 0 0
27 390 843 0 0 0 0 0 1.0016 0 0.0378 -0.008 0.4775 0.5155 2.0706 0.9758 0.4828 0.6102 0.766 10.9147 0.6072 -0.1299 0.6223 0.7813 4.1802 -0.1874 0.1874 0.5587 0 0
27 391 850 0 0 0 0 0 1.0029 0 -0.1418 0.0245 0.2319 0.2632 2.0314 0.9585 -0.1879 0.2632 0.4085 4.218 0.5667 -0.0413 0.6378 0.8098 4.2433 0.0761 0.0761 0.6311 0 0
27 392 877 0 0 0 0 0 1.0009 0 0.7229 -0.0647 0.1629 0.1633 1.654 0.9809 -0.0429 0.2312 0.2675 3.5522 0.6342 0.0837 0.6331 0.8037 4.1546 -0.105 0.105 0.724 0 0
27 393 884 0 0 0 0 0 1.004 0 -0.3357 0.0078 0.2023 0.231 1.7589 0.9857 -0.3861 0.5576 0.8781 13.0468 0.5417 0.0244 0.6859 0.8623 4.1743 -0.2772 0.2772 0.616 0 0
27 394 859 0 0 0 0 0 1.0081 0 -0.0483 -0.0818 0.2437 0.3055 1.7578 0.9755 0.6366 0.6393 1.0057 9.369 0.5782 0.0419 0.6426 0.8048 4.1155 0.048 0.048 0.644 0 0
27 395 835 0 0 0 0 0 1.0021 0 0.3941 -0.1261 0.3108 0.3329 1.8885 0.9766 -0.1252 0.4587 0.5614 4.2641 0.5794 0.0706 0.663 0.8353 4.1004 -0.1123 0.1123 0.6283 0 0
27 396 835 0 0 0 0 0 1.0005 0 0.9455 0.0482 0.145 0.156 1.541 0.9863 0.1551 0.2017 0.2769 4.1423 0.6362 0.0296 0.6399 0.811 4.1304 -0.193 0.193 0.5001 0 0
27 397 867 0 0 0 0 0 1.0006 0 -0.4599 0.0332 0.2743 0.2859 1.116 0.9689 -0.038 0.1948 0.2442 1.7446 0.6843 -0.0428 0.5817 0.7544 4.1239 -0.161 0.161 0.4243 0 0
27 398 835 0 0 0 0 0 1.0018 0 -0.1874 -0.0721 0.2904 0.3644 1.8633 0.9811 -0.0502 0.2588 0.4044 4.7287 0.5386 -0.0049 0.6321 0.8284 4.173 -0.07 0.07 0.633 0 0
27 399 858 0 0 0 0 0 1.0002 0 0.1581 -0.0646 0.1653 0.2099 1.2907 0.9498 -0.0532 0.387 0.435 3.3703 0.5877 0.0554 0.6153 0.8017 4.0838 -0.1632 0.1632 0.547 0 0
27 400 847 0 0 0 0 0 1.0009 0 0.665 -0.0283 0.14 0.1426 1.2678 0.9918 -0.1377 0.2561 0.3156 5.1396 0.4858 0.0048 0.6591 0.8496 4.3102 0.0481 0.0481 0.7927 0 0
27 401 856 0 0 0 0 0 1.0015 0 0.3747 -0.099 0.5807 0.6679 1.7807 0.9817 -0.2353 0.2642 0.3195 1.2685 0.7085 0.0019 0.5768 0.7473 4.0661 -0.2113 0.2113 0.4061 0 0
27 402 881 0 0 0 0 0 1.0004 0 -0.403 -0.1527 0.503 0.6387 1.6001 0.9649 0.1579 0.3701 0.5581 4.2221 0.6133 0.007 0.6295 0.8234 4.0835 0.0785 0.0785 0.4799 0 0
27 403 848 0 0 0 0 0 1.0003 0 0.9512 0.0361 0.169 0.1725 1.2982 0.9884 -0.2303 0.2346 0.2682 1.295 0.6987 -0.1721 0.6107 0.7748 4.0951 0.1309 0.1309 0.4273 0 0
27 404 843 0 0 0 0 0 1.0009 0 0.0503 -0.0472 0.2909 0.3226 2.0799 0.9473 0.3828 0.6021 1.1771 13.0075 0.531 -0.0011 0.667 0.8431 4.102 -0.1654 0.1654 0.5855 0 0
27 405 849 0 0 0 0 0 1.001 0 0.9263 -0.0704 0.1467 0.1984 1.3903 0.9882 0.1409 0.1732 0.2415 2.8699 0.6428 0.018 0.624 0.8072 4.162 -0.0294 0.0294 0.5561 0 0
27 406 830 0 0 0 0 0 1.0008 0 0.8283 -0.0066 0.3121 0.3649 1.9265 0.9689 -0.5552 0.6437 0.8925 8.0685 0.5706 -0.017 0.6494 0.8153 4.1808 -0.0829 0.0829 0.5827 0 0
27 407 848 0 0 0 0 0 1.0009 0 0.977 -0.1327 0.1327 0.1562 1.268 0.9958 0.0923 0.189 0.2453 3.0984 0.6584 0.008 0.5718 0.7141 4.14 -0.1058 0.1058 0.5831 0 0
27 408 861 0 0 0 0 0 1.0005 0 -0.8492 0.0877 0.1038 0.1273 1.1367 0.9954 0.0708 0.1204 0.135 1.9036 0.6196 0.1131 0.6402 0.8246 4.1895 -0.0853 0.0853 0.4798 0 0
27 409 829 0 0 0 0 0 1.0016 0 0.987 -0.2337 0.2337 0.2509 1.2427 0.9944 0.0463 0.9005 1.0663 10.5227 0.5385 -0.06 0.6387 0.8049 4.4234 -0.0386 0.0386 0.9673 0 0
27 410 879 0 0 0 0 0 1.0003 0 0.7519 0.0651 0.1732 0.1808 1.372 0.9936 -0.0396 0.1148 0.146 2.7819 0.687 4e-04 0.6239 0.7885 4.0523 0.143 0.143 0.4423 0 0
27 411 854 0 0 0 0 0 1.0003 0 0.9611 -0.0865 0.1693 0.1737 1.4342 0.988 0.0746 0.1708 0.2001 1.3254 0.7201 0.0464 0.5264 0.6768 4.1427 -0.1235 0.1235 0.3904 0 0
27 412 1060 0 0 0 0 0 1.0032 0 -0.8111 -0.2002 0.3983 0.4046 2.438 0.9638 -0.9287 1.2357 1.7514 14.8701 0.5109 -0.0275 0.6593 0.8354 4.3365 -0.0415 0.0415 1.0629 0 0
27 413 841 0 0 0 0 0 1.0002 0 0.9316 0.1654 0.1654 0.1683 1.1375 0.9953 -0.0154 0.0744 0.0996 1.3143 0.655 -0.0032 0.5909 0.7481 4.1656 -0.143 0.143 0.4364 0 0
27 414 845 0 0 0 0 0 1.0009 0 0.4844 0.0388 0.2909 0.3187 1.8603 0.9889 -0.0345 0.1545 0.1861 2.348 0.6377 -0.0018 0.5912 0.7451 4.0616 0.0157 0.0157 0.4736 0 0
27 415 858 0 0 0 0 0 1.0013 0 -0.2072 -0.1728 0.3743 0.3889 1.905 0.9542 -0.3922 0.5376 0.7122 8.2032 0.5735 -8e-04 0.6305 0.7852 4.1516 -0.19 0.19 0.5748 0 0
27 416 894 0 0 0 0 0 1.0007 0 0.8073 -0.2447 0.2447 0.2887 1.5296 0.9807 -0.1653 0.3991 0.5463 4.7397 0.6663 -0.0205 0.5959 0.7518 4.1024 0.162 0.162 0.5301 0 0
27 417 838 0 0 0 0 0 1.0011 0 -0.135 -0.1238 0.2114 0.2638 1.6067 0.9793 -0.2224 0.3127 0.6066 6.1649 0.6109 0.0889 0.5899 0.7474 4.1324 0.1225 0.1225 0.4875 0 0
27 418 839 5 0 0 0 0 1.0013 0 0.9116 -0.4268 0.4268 0.4545 1.1398 0.9823 0.3228 1.3624 1.6603 13.9278 0.6155 -0.0263 0.6085 0.7748 4.2926 0.1854 0.1854 0.9376 1 0
27 419 837 0 0 0 0 0 1.0014 0 0.7547 -0.1786 0.2009 0.2424 1.4293 0.9918 -0.2913 0.5336 0.722 7.1127 0.5843 0.0267 0.6259 0.7937 4.2989 -0.1438 0.1438 0.6371 0 0
27 420 857 0 0 0 0 0 1.0058 0 0.871 -0.1175 0.4843 0.4866 2.8915 0.9782 0.3159 0.7488 0.9308 5.6124 0.5583 0.0852 0.6255 0.794 4.1245 0.1534 0.1534 0.6411 0 0
27 421 825 0 0 0 0 0 1.0021 0 -0.9455 -0.0234 0.4746 0.4957 2.2594 0.9825 -0.2352 0.6484 0.7754 8.5994 0.5163 0.0297 0.7122 0.8968 4.0915 0.0558 0.0558 0.5689 0 0
27 422 824 0 0 0 0 0 1.0014 0 -0.1925 0.1891 0.1891 0.3003 2.163 0.9918 -0.2585 0.2737 0.3035 2.4548 0.6283 -0.0855 0.6043 0.7544 4.0928 0.1042 0.1042 0.4612 0 0
27 423 833 0 0 0 0 0 1.0038 0 -0.2059 -0.1991 0.3402 0.3533 2.1406 0.9568 0.869 0.8712 1.2967 11.0066 0.5768 0.0185 0.6185 0.8028 4.1412 -0.1798 0.1798 0.6435 0 0
27 424 854 0 0 0 0 0 1.0022 0 0.7815 -0.227 0.227 0.2752 1.558 0.9914 0.5559 0.6811 0.9308 8.5256 0.5953 -0.0754 0.663 0.8386 4.1626 0.1032 0.1032 0.6844 0 0
27 425 857 0 0 0 0 0 1.0029 0 0.0505 -0.0396 0.1574 0.1869 1.458 0.9828 -0.0172 0.1503 0.2173 2.1721 0.6602 0.0539 0.614 0.7916 4.1376 0.0974 0.0974 0.5537 0 0
27 426 861 0 0 0 0 0 1.0007 0 0.6238 0.0307 0.1595 0.1867 1.3257 0.9763 -0.1174 0.1805 0.2618 2.5472 0.6438 -0.0664 0.5753 0.7428 4.1998 -0.0413 0.0413 0.502 0 0
27 427 841 0 0 0 0 0 1.0006 0 0.0505 -0.1891 0.2523 0.2758 1.4279 0.978 -0.0477 0.4065 0.5654 4.9502 0.5566 0.0707 0.626 0.8046 4.1684 0.2107 0.2107 0.5889 0 0
27 428 819 0 0 0 0 0 1.0005 0 -0.9688 -0.0782 0.4089 0.4994 1.7986 0.9389 0.8244 0.8595 1.5027 12.6505 0.5779 -0.0195 0.6931 0.8559 4.0622 0.0825 0.0825 0.5576 0 0
27 429 861 0 0 0 0 0 1.0008 0 0.9624 0.0617 0.1371 0.1473 1.7659 0.991 -0.1882 0.2072 0.2396 1.9573 0.6996 -0.1162 0.6171 0.7754 4.0643 0.0682 0.0682 0.4514 0 0
27 430 865 0 0 0 0 0 1.0012 0 0.8295 0.1813 0.1813 0.2204 1.722 0.995 -0.2679 0.3084 0.4602 3.4626 0.5215 0.0504 0.6962 0.8811 4.19 -0.0123 0.0123 0.5514 0 0
27 431 847 0 0 0 0 0 1.0042 0 0.1162 -0.1143 0.3602 0.4587 2.4602 0.8607 0.5302 0.6837 1.1439 7.2814 0.5413 0.013 0.6478 0.8237 4.1036 0.0458 0.0458 0.6043 0 0
27 432 853 0 0 0 0 0 1.0039 0 0.9472 -0.1958 0.1958 0.2259 1.6248 0.9906 -0.3361 0.3489 0.4936 5.3722 0.68 -0.0436 0.5591 0.7267 4.3431 0.0679 0.0679 0.6742 0 0
27 433 811 49 0 0 0 0 1.0135 1 -0.9596 -0.1279 0.3016 0.3031 2.3192 0.9899 -0.993 0.9989 1.2823 12.5935 0.4622 0.0171 0.748 0.9291 4.3691 -0.1557 0.1557 1.0453 1 0
27 434 876 0 0 0 0 0 1.0005 0 0.4136 0.0695 0.1801 0.2319 1.3967 0.9886 -0.082 0.1623 0.2473 4.3177 0.5782 0.0861 0.6743 0.8299 4.1701 0.1578 0.1578 0.5406 0 0
27 435 873 0 0 0 0 0 1.001 0 0.3942 -0.0846 0.3739 0.3763 1.3329 0.9948 0.2218 0.3315 0.4183 6.3979 0.6715 -0.0066 0.5714 0.71 4.1772 -0.0845 0.0845 0.4375 0 0
27 436 850 0 0 0 0 0 1.0033 0 0.9987 -0.0016 0.1315 0.1399 1.9815 0.9818 -0.118 0.3114 0.5167 8.0762 0.5404 0.021 0.7139 0.8845 4.0593 -0.1458 0.1458 0.6131 0 0
27 437 853 0 0 0 0 0 1.0016 0 -0.9811 0.157 0.2249 0.276 1.592 0.9803 0.0596 0.1783 0.2032 1.6734 0.6163 0.1384 0.6082 0.755 4.1386 0.0765 0.0765 0.5719 0 0
27 438 845 0 0 0 0 0 1.0011 0 -0.1467 -0.1579 0.1579 0.1843 1.4264 0.9971 -0.0402 0.5401 0.6675 8.1495 0.5511 0.0018 0.6622 0.8322 4.3351 -0.0727 0.0727 0.8516 0 0
27 439 889 0 0 0 0 0 1.0003 0 0.6323 0.1594 0.1838 0.224 1.4183 0.9949 0.0106 0.0871 0.1038 1.6242 0.6575 -0.0709 0.6149 0.7733 4.1233 0.0394 0.0394 0.4701 0 0
27 440 846 0 0 0 0 0 1.0007 0 0.8076 0.0674 0.2788 0.3268 1.747 0.9884 0.0811 0.1825 0.224 1.948 0.646 0.0701 0.6025 0.7535 4.0664 -0.0087 0.0087 0.4178 0 0
27 441 849 0 0 0 0 0 1.0031 0 -0.3751 -0.1379 0.3128 0.3153 2.0353 0.9696 -0.2921 0.5712 0.7797 7.2237 0.5115 -0.0098 0.6746 0.8552 4.2518 -0.0293 0.0293 0.7932 0 0
27 442 898 0 0 0 0 0 1.0004 0 0.2022 0.0267 0.1617 0.2001 1.2701 0.9893 -0.1134 0.1897 0.2077 1.4482 0.6821 -0.0699 0.5624 0.7064 4.0644 0.0145 0.0145 0.4821 0 0
27 443 871 0 0 0 0 0 1.0005 0 1 -0.3056 0.3056 0.3061 1.2712 0.997 -0.0413 0.592 0.7073 6.6894 0.6071 -0.0539 0.6077 0.7587 4.0711 -0.0725 0.0725 0.5792 0 0
27 444 846 0 0 0 0 0 1.0031 0 -0.8707 0.2079 0.5092 0.5417 2.3095 0.9004 0.19 0.4652 0.6869 5.4691 0.5224 -0.0135 0.648 0.8202 4.0715 0.0163 0.0163 0.5701 0 0
27 445 891 0 0 0 0 0 1.0003 0 0.965 -0.2032 0.2032 0.2285 1.2363 0.9908 0.053 0.2858 0.3546 3.208 0.6435 -0.065 0.5961 0.7679 4.0914 0.1189 0.1189 0.4965 0 0
27 446 865 0 0 0 0 0 1.0009 0 0.7833 0.0175 0.1826 0.205 1.2704 0.9898 0.0676 0.1368 0.1609 1.2935 0.694 0.1111 0.5663 0.7191 4.0554 0.1567 0.1567 0.3826 0 0
27 447 846 0 0 0 0 0 1.0017 0 0.4987 -0.1479 0.3971 0.3996 1.4935 0.9654 -0.461 0.6435 1.0661 11.0915 0.6426 -0.0344 0.6033 0.7478 4.0733 0.1849 0.1849 0.5138 0 0
27 448 852 1 0 0 0 0 1.0054 0 -0.3035 -0.2403 0.395 0.4171 2.4062 0.9486 -1.3039 1.355 2.2817 21.2399 0.5607 0.0415 0.6573 0.8262 4.1885 0.1228 0.1228 0.8172 1 0
27 449 912 0 0 0 0 0 1.0035 0 0.4015 -0.0864 0.2372 0.2484 1.7586 0.9734 -0.1409 0.3483 0.4134 4.0314 0.6588 -0.0233 0.6035 0.7665 4.1007 0.0621 0.0621 0.5458 0 0
27 450 856 0 0 0 0 0 1.0009 0 -0.3292 -0.037 0.4242 0.4507 2.1786 0.9655 0.0071 0.3552 0.4432 4.1234 0.5764 0.0608 0.6063 0.7691 4.1113 0.0458 0.0458 0.5695 0 0
27 451 852 0 0 0 0 0 1.0015 0 -0.8161 0.0182 0.1733 0.1992 1.4912 0.9926 -0.0691 0.1033 0.1517 2.0034 0.5936 -0.1188 0.6143 0.7919 4.064 -0.1257 0.1257 0.4773 0 0
27 452 883 0 0 0 0 0 1.0008 0 0.77 0.1212 0.1999 0.2191 1.3133 0.984 -0.1207 0.2547 0.3063 3.9363 0.6808 -0.0431 0.5913 0.7617 4.0816 0.0418 0.0418 0.431 0 0
27 453 849 0 0 0 0 0 1.0017 0 0.104 0.2088 0.4375 0.5775 2.87 0.9685 0.1588 0.2255 0.2832 1.7697 0.5371 -0.0185 0.679 0.8787 4.1314 0.0782 0.0782 0.4813 0 0
27 454 1018 0 0 0 0 0 1.014 1 -0.3848 0.0482 0.5146 0.6311 2.7384 0.8635 0.1228 0.8399 1.1999 8.3065 0.3969 -0.0176 0.7757 0.9792 4.0944 0.1539 0.1539 0.5888 1 0
27 455 856 0 0 0 0 0 1.001 0 0.9021 -0.199 0.199 0.2045 1.6941 0.9983 -0.4033 0.5683 0.6822 9.2078 0.4825 -0.0029 0.6376 0.8029 4.3489 -0.2839 0.2839 0.7868 0 0
27 456 861 0 0 0 0 0 1.0006 0 0.984 0.0985 0.0985 0.1167 1.5959 0.9994 0.0678 0.0723 0.0809 2.3806 0.6342 0.0247 0.6475 0.8082 4.0377 -0.0971 0.0971 0.4392 0 0
27 457 867 0 0 0 0 0 1.0037 0 0.8389 0.0341 0.1067 0.1098 1.7693 0.9884 -0.1579 0.2555 0.3566 6.1423 0.5472 0.0176 0.6536 0.83 4.2195 -0.0579 0.0579 0.8446 0 0
27 458 854 0 0 0 0 0 1.001 0 0.6135 -0.0387 0.2037 0.2345 1.5174 0.9849 0.3408 0.4382 0.7089 7.3609 0.6101 0.0057 0.6243 0.7819 4.1141 0.0809 0.0809 0.5179 0 0
27 459 879 0 0 0 0 0 1.0012 0 0.0603 0.0583 0.2605 0.3079 1.3823 0.9891 0.1363 0.1873 0.2269 2.5896 0.5986 -0.0116 0.6161 0.7961 4.0912 0.0791 0.0791 0.4618 0 0
27 460 840 0 0 0 0 0 1.0006 0 0.9255 0.1143 0.1143 0.151 1.4106 0.9838 -0.2269 0.2622 0.3088 2.6339 0.4784 -0.1085 0.701 0.8865 4.1776 -0.2195 0.2195 0.6475 0 0
27 461 881 0 0 0 0 0 1.0011 0 -0.2732 -0.23 0.3056 0.4308 1.4812 0.9414 -0.0753 0.4044 0.5659 4.2675 0.6093 -0.0168 0.6658 0.8272 4.1761 0.1531 0.1531 0.6688 0 0
27 462 876 0 0 0 0 0 1.0015 0 0.5174 -0.0055 0.1842 0.2156 1.47 0.9863 -0.0079 0.1861 0.2399 2.2785 0.6679 0.008 0.579 0.737 4.1093 -0.1216 0.1216 0.5356 0 0
27 463 910 0 0 0 0 0 1.0004 0 0.6187 -0.0948 0.2201 0.2345 1.0964 0.9925 0.0156 0.1128 0.1318 1.0775 0.7631 -0.0362 0.4981 0.6509 4.1261 0.0206 0.0206 0.4226 0 0
27 464 891 0 0 0 0 0 1.0029 0 -0.1903 -0.241 0.5718 0.7448 1.7199 0.9752 0.314 0.4262 0.6452 3.6839 0.6876 -0.0226 0.5685 0.7457 4.031 -0.123 0.123 0.4801 0 0
27 465 872 0 0 0 0 0 1.0003 0 0.9445 0.0637 0.1693 0.2165 1.3373 0.9915 -0.2856 0.2856 0.3154 0.9929 0.7099 -0.1469 0.5442 0.7005 4.034 -0.0126 0.0126 0.3991 0 0
27 466 801 0 0 0 0 0 1.0012 0 0.7775 -0.2126 0.3046 0.3295 1.9689 0.982 -0.5035 0.5147 0.8041 11.8103 0.6394 -0.0193 0.6141 0.7883 4.2779 0.1681 0.1681 0.6228 0 0
27 467 915 0 0 0 0 0 1.002 0 -0.8159 0.016 0.3436 0.3793 1.8958 0.9773 -0.0651 0.318 0.4435 3.9438 0.595 -0.0972 0.6455 0.8104 4.2098 -0.0612 0.0612 0.5381 0 0
27 468 890 0 0 0 0 0 1.0006 0 0.9641 -0.1716 0.1716 0.1929 1.6786 0.9965 0.1674 0.3584 0.4354 5.1439 0.6068 0.0035 0.6755 0.8683 4.2665 -0.0244 0.0244 0.6276 0 0
27 469 852 0 0 0 0 0 1.0013 0 -0.7973 -0.4626 0.4726 0.5897 1.6847 0.9573 1.2944 1.464 2.2646 17.6569 0.5256 -0.0052 0.6181 0.7983 4.2414 0.2344 0.2344 0.7553 0 0
27 470 837 0 0 0 0 0 1.0044 0 0.8442 0.0749 0.2262 0.2837 2.5828 0.9894 0.2778 0.3536 0.5154 8.4821 0.5524 -0.054 0.6836 0.8966 4.2004 0.0791 0.0791 0.6528 0 0
27 471 880 0 0 0 0 0 1.0011 0 0.8749 -0.0657 0.0838 0.1287 1.5011 0.9931 0.0237 0.1375 0.1668 3.601 0.6533 0.0538 0.6575 0.8235 4.0764 0.1351 0.1351 0.5301 0 0
27 472 889 0 0 0 0 0 1.0008 0 0.9922 0.2211 0.2696 0.3403 2.2597 0.9936 -0.1222 0.1389 0.1681 2.9903 0.59 -0.0148 0.6466 0.8222 4.0989 -0.1298 0.1298 0.476 0 0
27 473 1097 439 2 0 0 99 1.0252 41 -0.9635 -0.0104 0.6742 0.712 4.2926 0.9805 -0.9641 1.0606 1.3317 10.4973 0.4069 0.0674 0.738 0.9237 5.0045 0.2084 0.2084 0.957 1 1
27 474 834 0 0 0 0 0 1.001 0 0.9976 0.0566 0.1269 0.1302 1.4393 0.9986 -0.0966 0.1189 0.1635 6.5238 0.5932 0.038 0.6539 0.8277 4.1477 -0.0668 0.0668 0.5229 0 0
27 475 871 0 0 0 0 0 1.0004 0 0.9892 -0.1126 0.1126 0.1158 1.051 0.9987 0.1147 0.1168 0.1415 1.8158 0.7131 0.0673 0.5895 0.7574 4.0643 -0.0421 0.0421 0.4756 0 0
27 476 809 0 0 0 0 0 1.0012 0 0.5485 0.1044 0.3838 0.3933 1.7506 0.9948 -0.3261 0.3466 0.4429 5.3596 0.6463 0.0043 0.6091 0.7715 4.2102 -0.024 0.024 0.4878 0 0
27 477 869 0 0 0 0 0 1.0012 0 0.9979 -0.0541 0.0792 0.0872 1.9834 0.9927 0.1569 0.3672 0.5067 8.2967 0.6292 -0.1122 0.6526 0.8288 4.2375 -0.0034 0.0034 0.7398 0 0
27 478 870 0 0 0 0 0 1.0001 0 0.9594 -0.0289 0.1458 0.1546 1.3136 0.9645 -0.1625 0.3477 0.4445 4.248 0.6526 -0.0393 0.6141 0.7839 4.0794 -0.0578 0.0578 0.5255 0 0
27 479 845 0 0 0 0 0 1.0022 0 0.2881 -0.0639 0.1901 0.2017 1.4768 0.9824 0.1286 0.2216 0.2812 3.7291 0.5548 -0.0081 0.6817 0.8685 4.2906 -0.3617 0.3617 0.5238 0 0
27 480 843 0 0 0 0 0 1.0013 0 0.9507 0.1158 0.2202 0.2281 1.4551 0.969 0.129 0.2605 0.292 3.0493 0.4818 0.1276 0.706 0.8993 4.1653 0.23 0.23 0.5756 0 0
27 481 854 0 0 0 0 0 1.0014 0 -0.6128 0.022 0.2091 0.2168 1.4707 0.9897 0.0334 0.1343 0.1715 3.0398 0.5714 -0.0535 0.6391 0.8094 4.0658 -0.1179 0.1179 0.5156 0 0
27 482 883 0 0 0 0 0 1.0002 0 0.9474 -0.0594 0.0801 0.1118 1.078 0.9971 0.064 0.1151 0.1373 2.39 0.6739 0.0016 0.5996 0.7638 4.0546 -0.1585 0.1585 0.4457 0 0
27 483 865 0 0 0 0 0 1.0004 0 -0.8893 -0.0794 0.219 0.229 1.3739 0.9883 -0.0378 0.1701 0.2284 2.6021 0.6336 0.0046 0.6155 0.791 4.1456 0.1006 0.1006 0.5824 0 0
27 484 861 0 0 0 0 0 1.0003 0 -0.4486 0.072 0.3722 0.3857 1.4806 0.9754 0.0419 0.1646 0.2056 1.3083 0.6592 -0.0207 0.5908 0.7414 4.0357 -0.0154 0.0154 0.4481 0 0
27 485 897 0 0 0 0 0 1.0022 0 0.1935 -0.2172 0.2172 0.2388 1.2165 0.9922 0.1482 0.6615 0.7963 7.2708 0.5545 -0.0311 0.6512 0.8155 4.0915 0.0062 0.0062 0.707 0 0
27 486 858 0 0 0 0 0 1.0018 0 0.9955 -0.2142 0.2142 0.2846 1.3172 0.9942 -0.5169 0.7552 1.1141 11.5267 0.578 0.0713 0.654 0.8371 4.1186 -0.1287 0.1287 0.5403 0 0
27 487 1024 0 0 0 0 0 1.0079 0 0.3443 -0.201 0.2488 0.2804 1.7426 0.9842 -0.0481 0.8774 1.0599 10.8071 0.5366 0.0358 0.6794 0.8593 4.1601 0.0873 0.0873 0.7911 0 0
27 488 829 0 0 0 0 0 1.0012 0 0.359 -0.1814 0.2606 0.2924 1.7332 0.9287 -0.2655 0.5609 0.8856 7.8878 0.61 -0.07 0.6296 0.8118 4.216 -0.0996 0.0996 0.6544 0 0
27 489 831 0 0 0 0 0 1.0011 0 0.8624 -0.2877 0.2877 0.3238 1.6206 0.9818 0.3672 0.4465 0.6337 5.7521 0.6634 -0.0417 0.5458 0.6939 4.1326 0.1691 0.1691 0.6277 0 0
27 490 861 0 0 0 0 0 1.001 0 -0.9973 -0.1124 0.2521 0.254 1.6323 0.9947 0.0733 0.288 0.3975 4.6274 0.5609 -0.0471 0.6689 0.8392 4.3111 0.0012 0.0012 0.6851 0 0
27 491 827 0 0 0 0 0 1.0012 0 0.9705 0.1312 0.1312 0.1553 1.3028 0.9943 -0.0023 0.0977 0.1234 2.17 0.6537 0.0499 0.616 0.7985 4.2124 -0.2106 0.2106 0.5476 0 0
27 492 837 0 0 0 0 0 1.0011 0 -0.9087 -0.03 0.3508 0.3839 1.2462 0.9493 -0.0841 0.3869 0.5415 5.9236 0.6099 0.0224 0.6426 0.8341 4.2914 -0.2963 0.2963 0.6107 0 0
27 493 906 0 0 0 0 0 1.0012 0 0.9938 0.0696 0.2135 0.2619 1.9772 0.9788 -0.1267 0.1921 0.3268 3.7188 0.6426 -0.0112 0.5723 0.7152 4.0302 0.0216 0.0216 0.4822 0 0
27 494 886 0 0 0 0 0 1.0107 1 -0.2672 -0.0538 0.4398 0.4751 2.4286 0.9299 -0.402 0.8645 1.2723 11.3395 0.5919 0.0397 0.6411 0.7981 4.0498 -0.191 0.191 0.5522 1 0
27 495 876 0 0 0 0 0 1.0022 0 0.3199 0.3043 0.3043 0.413 1.835 0.9904 -0.1041 0.1895 0.245 1.6974 0.6341 -0.0426 0.6106 0.7852 4.0867 0.0318 0.0318 0.461 0 0
27 496 828 0 0 0 0 0 1.0011 0 0.7188 0.0763 0.1345 0.1632 1.8906 0.9925 0.0841 0.1642 0.1919 4.9448 0.5774 -0.0112 0.6607 0.8328 4.0666 0.0753 0.0753 0.5305 0 0
27 497 855 0 0 0 0 0 1.0036 0 0.9681 -0.0801 0.0801 0.0962 1.6356 0.9884 -0.1647 0.2947 0.3422 5.2528 0.5273 0.0171 0.6682 0.8422 4.0695 0.1547 0.1547 0.6208 0 0
27 498 846 0 0 0 0 0 1.001 0 0.961 -0.2541 0.2815 0.3573 1.3431 0.9773 -0.0222 0.6834 0.9476 11.0919 0.5712 -0.0578 0.6557 0.8012 4.144 -0.0142 0.0142 0.753 0 0
27 499 819 0 0 0 0 0 1.0038 0 0.9294 0.0711 0.098 0.1416 1.8235 0.997 -0.0522 0.0941 0.1159 2.9951 0.5544 -0.0316 0.6514 0.8139 4.1151 -0.0213 0.0213 0.5793 0 0
27 500 873 0 0 0 0 0 1.0007 0 0.9991 0.1444 0.2296 0.2412 1.169 0.9933 0.0567 0.1318 0.1508 1.4975 0.6824 0.0772 0.5681 0.7327 4.112 0.1179 0.1179 0.3797 0 0
