cond r run.time ndiv nbfmi ntree nbulk ntail maxRhat nRhat beta.cor beta.bias beta.abbias beta.rmse beta.CI theta.cor theta.bias theta.abbias theta.rmse theta.CI lambda.bias lambda.abbias lambda.CI corrupt efficiency
33 1 155 10 0 0 0 0 1.0005 0 0.8702 -0.2106 0.3654 0.4865 1.8354 0.7857 -0.1558 0.5416 0.747 4.2138 0.0012 0.0012 0.714 1 0
33 2 126 0 0 0 0 0 1.0002 0 0.9558 0.0502 0.2827 0.3281 2.6267 0.7671 0.0029 0.5279 0.6855 4.2177 -0.1802 0.1802 0.6947 0 0
33 3 165 0 0 0 0 0 1.0003 0 0.9568 0.4303 0.4683 0.5483 1.9491 0.8701 0.3223 0.4919 0.6324 3.9343 0.0826 0.0826 0.5344 0 0
33 4 106 0 0 0 0 0 1.0003 0 0.9302 0.0782 0.3164 0.3696 1.8162 0.801 0.0219 0.5416 0.695 4.1404 -0.0335 0.0335 0.6096 0 0
33 5 104 0 0 0 0 0 1.0005 0 0.9119 0.0027 0.3486 0.3864 1.8768 0.7184 0.0124 0.5285 0.7371 4.1404 -0.3091 0.3091 0.6812 0 0
33 6 158 0 0 0 0 0 1.0001 0 0.8809 -0.0601 0.3474 0.4418 1.7888 0.8228 -0.0103 0.419 0.5357 4.0423 0.0246 0.0246 0.5852 0 0
33 7 103 0 0 0 0 0 1.0003 0 0.9218 -0.0304 0.2972 0.3486 2.0005 0.7512 -0.0191 0.439 0.5919 4.0628 -0.2369 0.2369 0.595 0 0
33 8 143 29 0 0 0 0 1.0009 0 0.8885 -0.5237 0.5255 0.7261 2.6528 0.7899 -0.2455 0.5721 0.6996 4.1442 -0.08 0.08 0.7813 1 0
33 9 113 0 0 0 0 0 1.0003 0 0.9113 -0.4321 0.4565 0.705 3.0325 0.7766 -0.1425 0.5612 0.7194 4.111 -0.1179 0.1179 0.6753 0 0
33 10 138 0 0 0 0 0 1.0002 0 0.958 0.1324 0.2225 0.303 2.395 0.8168 0.0643 0.503 0.6102 4.0685 0.0038 0.0038 0.6167 0 0
33 11 137 0 0 0 0 0 1.0002 0 0.947 -0.1248 0.5174 0.6887 2.7855 0.8541 -0.1317 0.5059 0.6655 4.3727 -0.0149 0.0149 0.6268 0 0
33 12 126 0 0 0 0 0 1.0002 0 0.9337 -0.2567 0.3622 0.4244 2.2435 0.8182 -0.2316 0.4769 0.5884 4.0079 -2e-04 2e-04 0.6167 0 0
33 13 176 2 0 0 0 0 1.0007 0 0.9137 -0.0336 0.3596 0.4459 2.519 0.7968 0.0426 0.5107 0.6515 4.2901 -0.0114 0.0114 0.615 1 0
33 14 166 7 0 0 0 0 1.0002 0 0.9745 -0.0372 0.1463 0.1998 1.8824 0.7686 -0.0518 0.536 0.6687 4.1114 0.0519 0.0519 0.6858 1 0
33 15 127 6 0 0 0 0 1.0003 0 0.919 -0.1452 0.4618 0.6261 2.9222 0.8125 -0.0987 0.4785 0.6145 4.1836 0.0068 0.0068 0.6828 1 0
33 16 104 0 0 0 0 0 1.0005 0 0.9636 0.0452 0.2352 0.2828 1.9348 0.8067 -0.002 0.44 0.5797 4.2573 -0.1191 0.1191 0.6449 0 0
33 17 126 0 0 0 0 0 1.0005 0 0.9727 -0.0049 0.2179 0.2988 2.4391 0.7621 0.057 0.464 0.6178 4.4387 -0.1231 0.1231 0.7735 0 0
33 18 138 0 0 0 0 0 1.0013 0 0.9686 0.16 0.2931 0.402 2.1303 0.8192 0.1017 0.4991 0.6402 4.111 -0.0683 0.0683 0.5616 0 0
33 19 115 0 0 0 0 0 1.0006 0 0.9672 0.0606 0.2496 0.2956 2.135 0.8008 0.0722 0.4571 0.5969 4.1568 -0.1097 0.1097 0.6361 0 0
33 20 151 16 0 0 0 0 1.0001 0 0.9637 0.3564 0.3564 0.4544 2.5441 0.793 0.226 0.521 0.6464 4.2597 0.1187 0.1187 0.5614 1 0
33 21 138 3 0 0 0 0 1.0017 0 0.9622 0.1532 0.2963 0.3803 2.6888 0.7509 0.1496 0.5787 0.7609 4.0145 -0.0474 0.0474 0.6535 1 0
33 22 190 21 0 0 0 0 1.0009 0 0.9186 0.0794 0.2926 0.3441 2.2356 0.7329 0.0659 0.4828 0.6817 4.2941 0.0476 0.0476 0.7895 1 0
33 23 147 0 0 0 0 0 1.0002 0 0.9485 -0.1277 0.3062 0.4576 2.6629 0.7586 -0.0453 0.5133 0.6654 4.1967 0.0382 0.0382 0.6134 0 0
33 24 141 0 0 0 0 0 1.001 0 0.9177 0.0709 0.2862 0.3434 1.6008 0.7608 0.0414 0.5246 0.6958 4.0885 -0.3636 0.3636 0.6486 0 0
33 25 171 3 0 0 0 0 1.0001 0 0.924 -0.0868 0.3774 0.4508 2.0371 0.7838 -0.1102 0.4687 0.5962 4.3014 0.1698 0.1698 0.5688 1 0
33 26 141 0 0 0 0 0 1.0011 0 0.9454 0.0424 0.3623 0.4626 2.8089 0.6892 -0.1375 0.4987 0.7182 4.132 -0.093 0.093 0.754 0 0
33 27 98 0 0 0 0 0 1.0003 0 0.9322 -0.2123 0.2859 0.3488 2.2316 0.8022 -0.2943 0.5638 0.7306 4.1333 -0.1873 0.1873 0.6837 0 0
33 28 116 0 0 0 0 0 1.0002 0 0.8651 0.1323 0.3 0.3945 1.975 0.7633 0.1128 0.4884 0.625 4.1439 -0.144 0.144 0.6991 0 0
33 29 125 0 0 0 0 0 1.0008 0 0.9576 -0.253 0.2983 0.3713 2.1572 0.7858 -0.0755 0.4664 0.6095 4.0719 -0.0735 0.0735 0.6179 0 0
33 30 162 1 0 0 0 0 1.0002 0 0.9542 0.3017 0.3938 0.4375 2.0249 0.7853 0.262 0.5616 0.6843 4.2163 0.0729 0.0729 0.5752 1 0
33 31 139 0 0 0 0 0 1.0006 0 0.953 -0.0895 0.2399 0.3529 2.0106 0.7455 -0.2096 0.5267 0.7201 4.0079 -0.0528 0.0528 0.586 0 0
33 32 160 6 0 0 0 0 1.001 0 0.8596 -0.5579 0.6385 0.9357 3.1186 0.7326 -0.1216 0.5588 0.7149 4.1389 -0.1085 0.1085 0.7065 1 0
33 33 155 2 0 0 0 0 1.0007 0 0.9401 -0.1698 0.3112 0.3477 1.874 0.7584 -0.057 0.5821 0.7618 4.2206 0.0735 0.0735 0.5832 1 0
33 34 140 0 0 0 0 0 1.0006 0 0.9142 0.2416 0.2926 0.3982 1.7725 0.7752 0.1181 0.5205 0.6805 4.1113 0.0065 0.0065 0.6419 0 0
33 35 185 61 0 0 0 0 1.0007 0 0.9691 -0.2624 0.3365 0.3719 1.8508 0.8328 -0.0949 0.5244 0.6656 4.3505 0.0435 0.0435 0.658 1 0
33 36 158 0 0 0 0 0 1.0004 0 0.9676 -0.2419 0.3669 0.4998 2.5823 0.7103 -0.1073 0.5201 0.6701 4.1831 -0.2839 0.2839 0.7147 0 0
33 37 117 0 0 0 0 0 1.0008 0 0.9791 -0.0464 0.2518 0.2917 2.5786 0.7486 -0.0278 0.4919 0.6132 4.0892 -0.2206 0.2206 0.6671 0 0
33 38 152 0 0 0 0 0 1.0004 0 0.8583 0.0304 0.4573 0.5235 2.3996 0.8324 0.0024 0.4287 0.5602 4.0194 -0.0484 0.0484 0.6303 0 0
33 39 157 3 0 0 0 0 1.0005 0 0.9484 -0.178 0.2704 0.3464 2.3232 0.7625 -0.0676 0.5494 0.6528 4.2102 0.0607 0.0607 0.6168 1 0
33 40 151 0 0 0 0 0 1.0002 0 0.8706 -0.3166 0.5135 0.6262 1.9971 0.8351 -0.2066 0.4603 0.5718 4.0393 0.0288 0.0288 0.5762 0 0
33 41 184 4 0 0 0 0 1.0001 0 0.9093 0.0336 0.2824 0.3649 2.2447 0.7707 0.0698 0.5256 0.6656 4.1463 0.0639 0.0639 0.6535 1 0
33 42 184 0 0 0 0 0 1.0003 0 0.8922 -0.1202 0.375 0.5291 2.4316 0.8352 -0.0181 0.438 0.5517 4.0767 0.1088 0.1088 0.5511 0 0
33 43 160 0 0 0 0 0 1.0001 0 0.9102 0.1984 0.4023 0.4834 2.4804 0.8827 0.0667 0.4354 0.5575 4.0571 0.0783 0.0783 0.5349 0 0
33 44 149 14 0 0 0 0 1.0011 0 0.8466 -0.1817 0.4584 0.6085 2.6606 0.7235 -0.0414 0.5145 0.6629 4.4977 -0.0267 0.0267 0.7304 1 0
33 45 135 1 0 0 0 0 1.0002 0 0.9611 -0.3621 0.5101 0.6221 2.6765 0.7272 -0.2514 0.5815 0.7182 4.1959 0.0477 0.0477 0.6447 1 0
33 46 147 0 0 0 0 0 1.0005 0 0.9067 -0.1031 0.3099 0.3558 1.8987 0.7393 -0.0759 0.5144 0.7382 4.0853 -0.085 0.085 0.6159 0 0
33 47 138 3 0 0 0 0 1.0007 0 0.8153 -0.1165 0.3984 0.5076 1.9469 0.7873 -0.1322 0.4799 0.6153 4.1813 0.0668 0.0668 0.5888 1 0
33 48 153 20 0 0 0 0 1.0012 0 0.8826 0.2166 0.3641 0.4637 2.0182 0.8083 0.1253 0.4814 0.617 4.3485 -0.0783 0.0783 0.8112 1 0
33 49 152 12 0 0 0 0 1.0002 0 0.892 -0.1666 0.4493 0.6089 3.008 0.6997 -0.2874 0.5897 0.777 4.2956 -0.0526 0.0526 0.715 1 0
33 50 134 35 0 0 0 0 1.0004 0 0.9094 -0.4288 0.56 0.6788 2.3227 0.8172 -0.0594 0.4805 0.6354 4.0012 0.0115 0.0115 0.6408 1 0
33 51 125 0 0 0 0 0 1.0013 0 0.9086 0.0265 0.2781 0.3356 1.926 0.7646 -0.0672 0.4801 0.6001 4.1734 -0.2878 0.2878 0.644 0 0
33 52 168 0 0 0 0 0 1.0003 0 0.868 -0.1342 0.3148 0.4043 1.8198 0.7647 0.0267 0.4863 0.6515 4.2724 0.1784 0.1784 0.4954 0 0
33 53 161 4 0 0 0 0 1.0006 0 0.9127 -0.3542 0.4926 0.5765 2.6342 0.748 -0.1576 0.5241 0.654 4.1248 0.0568 0.0568 0.6538 1 0
33 54 140 1 0 0 0 0 1.0006 0 0.9049 0.142 0.38 0.4432 2.32 0.7425 0.1 0.5088 0.6341 4.2583 -0.0946 0.0946 0.6995 1 0
33 55 147 0 0 0 0 0 1.0003 0 0.8865 0.0297 0.2601 0.3338 1.9517 0.7234 0.0092 0.5004 0.6838 4.072 -0.1087 0.1087 0.6101 0 0
33 56 181 267 0 0 0 0 1.0004 0 0.8147 -0.4114 0.5334 0.6624 2.7168 0.7702 -0.2712 0.5667 0.7319 4.1421 0.1055 0.1055 0.7376 1 0
33 57 122 0 0 0 0 0 1.0007 0 0.9521 -0.2558 0.3475 0.4186 2.1556 0.7944 -0.1047 0.5091 0.6428 4.1373 -0.0775 0.0775 0.685 0 0
33 58 146 0 0 0 0 0 1.0002 0 0.9576 0.0088 0.2125 0.2715 2.0587 0.8161 0.212 0.5203 0.6634 4.0942 -0.0351 0.0351 0.6564 0 0
33 59 121 0 0 0 0 0 1.0004 0 0.9587 0.1293 0.5937 0.7803 2.9551 0.712 0.1414 0.6021 0.7539 4.0643 -0.1251 0.1251 0.7038 0 0
33 60 103 0 0 0 0 0 1.0001 0 0.9765 0.1405 0.2878 0.3773 2.7281 0.732 0.0579 0.4811 0.6014 3.9934 -0.2915 0.2915 0.6051 0 0
33 61 122 0 0 0 0 0 1.0009 0 0.9422 -0.3142 0.3178 0.4015 1.7677 0.803 -0.3233 0.5329 0.6392 4.0554 -0.2222 0.2222 0.6389 0 0
33 62 139 0 0 0 0 0 1.0001 0 0.9855 0.0746 0.2017 0.2548 2.1993 0.8142 0.0287 0.5627 0.7284 4.146 -0.1519 0.1519 0.6834 0 0
33 63 191 19 0 0 0 0 1.0003 0 0.9258 -0.2363 0.4118 0.4822 2.2888 0.8139 -0.1287 0.4738 0.6044 4.3304 0.1422 0.1422 0.633 1 0
33 64 150 0 0 0 0 0 1.0004 0 0.9236 0.0209 0.2805 0.3889 2.2507 0.7389 0.1463 0.5267 0.7332 4.0094 -0.0063 0.0063 0.5878 0 0
33 65 180 0 0 0 0 0 1.0001 0 0.9124 0.1493 0.2997 0.4222 1.9477 0.8078 0.191 0.4871 0.6453 4.051 -0.0058 0.0058 0.5414 0 0
33 66 154 0 0 0 0 0 1.0003 0 0.9283 -0.0651 0.2561 0.3042 1.548 0.8436 0.0242 0.4673 0.584 4.1627 -0.0768 0.0768 0.5947 0 0
33 67 165 0 0 0 0 0 1.0006 0 0.941 0.167 0.3145 0.348 1.5268 0.8209 0.0778 0.5054 0.6517 3.9701 -0.022 0.022 0.5098 0 0
33 68 114 0 0 0 0 0 1.0014 0 0.9132 0.0275 0.3009 0.3764 2.2696 0.8699 -0.1086 0.3868 0.4917 4.0702 -0.0586 0.0586 0.5721 0 0
33 69 112 0 0 0 0 0 1.0004 0 0.9425 0.0815 0.2594 0.3174 1.9138 0.8417 0.1483 0.4436 0.59 4.012 -0.0477 0.0477 0.5256 0 0
33 70 139 0 0 0 0 0 1.0003 0 0.9366 0.0988 0.3501 0.4303 1.8801 0.7929 0.0947 0.5128 0.6456 4.194 -0.097 0.097 0.6114 0 0
33 71 157 0 0 0 0 0 1.0002 0 0.8938 -0.097 0.3793 0.4359 1.8669 0.7969 -0.2194 0.5233 0.6706 4.0562 0.0262 0.0262 0.5496 0 0
33 72 122 0 0 0 0 0 1.0011 0 0.9315 0.0773 0.3262 0.4176 2.1636 0.7543 -0.0087 0.4354 0.5805 4.1418 -0.1526 0.1526 0.6681 0 0
33 73 145 0 0 0 0 0 1.0002 0 0.9524 0.1769 0.2754 0.454 2.5276 0.7637 -0.2017 0.5297 0.7247 4.1901 -0.0524 0.0524 0.6531 0 0
33 74 140 59 0 0 0 0 1.0004 0 0.8892 0.0523 0.3219 0.3972 2.5448 0.6735 -0.0236 0.5092 0.667 4.2031 0.0326 0.0326 0.7143 1 0
33 75 127 0 0 0 0 0 1.0006 0 0.9512 0.2396 0.2915 0.3574 1.7827 0.7831 0.1626 0.4884 0.6151 4.2623 -0.223 0.223 0.6224 0 0
33 76 175 544 0 0 0 0 1.0007 0 0.8865 -0.3333 0.4704 0.5587 2.969 0.7923 -0.1957 0.5481 0.7093 4.3441 0.1866 0.1866 0.7101 1 0
33 77 111 14 0 0 0 0 1.0003 0 0.976 0.1547 0.3599 0.5075 2.8976 0.7233 -0.0197 0.4955 0.6312 4.1371 -0.0479 0.0479 0.7327 1 0
33 78 147 0 0 0 0 0 1.0014 0 0.8996 -0.036 0.363 0.461 2.1642 0.7986 0.04 0.4778 0.6422 4.0116 -0.0408 0.0408 0.6062 0 0
33 79 138 0 0 0 0 0 1.0012 0 0.9583 0.0356 0.3122 0.3984 2.4726 0.8306 0.1236 0.452 0.5688 3.9767 -0.0582 0.0582 0.5979 0 0
33 80 118 1 0 0 0 0 1.0015 0 0.9058 0.089 0.4367 0.5688 2.4446 0.7013 0.0085 0.5457 0.6738 4.1798 -0.4669 0.4669 0.7111 1 0
33 81 139 0 0 0 0 0 1.0006 0 0.8648 -0.2034 0.5095 0.6487 2.4467 0.8 -0.2175 0.4878 0.6416 3.978 0.1193 0.1193 0.5605 0 0
33 82 120 0 0 0 0 0 1.0002 0 0.9483 0.0516 0.2565 0.2889 2.008 0.8063 -0.0484 0.4517 0.5534 4.1446 -0.1605 0.1605 0.6084 0 0
33 83 96 0 0 0 0 0 1.0003 0 0.8356 0.1285 0.3758 0.462 1.6532 0.7668 -0.0654 0.5206 0.7009 4.1533 -0.2503 0.2503 0.6912 0 0
33 84 121 0 0 0 0 0 1.0016 0 0.9526 0.3559 0.427 0.5133 1.9273 0.8253 0.2283 0.5754 0.7085 4.1491 -0.0518 0.0518 0.6029 0 0
33 85 146 8 0 0 0 0 1.0002 0 0.8917 0.2617 0.374 0.4915 2.5499 0.7577 0.1161 0.4899 0.6096 4.1318 0.0073 0.0073 0.6246 1 0
33 86 176 2 0 0 0 0 1.0002 0 0.9093 -0.0991 0.5236 0.6837 2.6125 0.734 -0.1314 0.5261 0.6775 3.8482 0.1739 0.1739 0.5513 1 0
33 87 171 21 0 0 0 0 1.0006 0 0.8109 0.1853 0.3606 0.5334 2.4888 0.7865 -0.0022 0.5308 0.6873 4.2005 0.0761 0.0761 0.6628 1 0
33 88 167 1 0 0 0 0 1.0005 0 0.8306 -0.3348 0.4519 0.5676 2.077 0.8172 -0.2435 0.569 0.7038 4.0999 -0.0377 0.0377 0.5806 1 0
33 89 156 0 0 0 0 0 1.0002 0 0.9636 -0.1191 0.2648 0.3074 2.5275 0.7797 -0.1668 0.5613 0.6713 4.0812 -0.0196 0.0196 0.6346 0 0
33 90 130 0 0 0 0 0 1.0008 0 0.9808 -0.319 0.4091 0.4892 2.7132 0.8163 -0.2238 0.4713 0.5781 4.0148 -0.0237 0.0237 0.629 0 0
33 91 120 0 0 0 0 0 1.0005 0 0.9861 0.286 0.286 0.3359 1.9188 0.7761 0.215 0.5626 0.7197 4.1038 -0.062 0.062 0.6114 0 0
33 92 156 0 0 0 0 0 1.0007 0 0.9405 0.0834 0.2984 0.4906 2.394 0.7639 0.1405 0.5241 0.6739 4.0492 -0.6061 0.6061 0.5469 0 0
33 93 110 0 0 0 0 0 1.0002 0 0.9434 0.0873 0.2221 0.2785 2.1406 0.7343 0.0568 0.5279 0.7195 4.1106 -0.1551 0.1551 0.6295 0 0
33 94 159 0 0 0 0 0 1.0003 0 0.9162 -0.1889 0.4154 0.481 2.0581 0.8363 -0.2056 0.5081 0.6643 4.271 -0.1004 0.1004 0.6534 0 0
33 95 156 0 0 0 0 0 1.0003 0 0.9515 -0.4004 0.4559 0.5607 1.9742 0.8019 -0.1856 0.5012 0.656 4.0066 -0.0129 0.0129 0.5948 0 0
33 96 174 1 0 0 0 0 1.0003 0 0.9114 -0.127 0.4896 0.5994 2.7348 0.8076 0.111 0.5028 0.651 4.0044 0.102 0.102 0.5874 1 0
33 97 173 2 0 0 0 0 1.0008 0 0.9224 0.1338 0.3251 0.4322 2.1634 0.7196 0.1597 0.5037 0.7091 4.1296 -0.0044 0.0044 0.6769 1 0
33 98 136 0 0 0 0 0 1.0002 0 0.8889 0.172 0.3565 0.4333 1.6706 0.8282 0.1634 0.5016 0.6318 4.1412 -0.1279 0.1279 0.5923 0 0
33 99 161 0 0 0 0 0 1.0004 0 0.8967 0.0078 0.219 0.2818 1.5963 0.7491 -0.0385 0.5251 0.677 4.2976 -0.1231 0.1231 0.6451 0 0
33 100 106 1 0 0 0 0 1.0003 0 0.9086 -0.0174 0.6075 0.8658 2.8055 0.7439 -0.0475 0.5111 0.6415 4.2288 -0.104 0.104 0.7207 1 0
33 101 166 0 0 0 0 0 1.0002 0 0.9696 -0.0255 0.2669 0.3162 2.5507 0.7927 -0.0072 0.4753 0.6327 3.9947 0.048 0.048 0.5508 0 0
33 102 296 231 0 0 0 0 1.0008 0 0.8833 0.4525 0.47 0.6168 2.5378 0.6687 0.5683 0.7861 0.9522 4.9262 0.2947 0.2947 0.6604 1 0
33 103 157 10 0 0 0 0 1.0011 0 0.8973 -0.4464 0.6157 0.9732 3.0733 0.7837 -0.0223 0.5116 0.6413 4.2256 0.1018 0.1018 0.6372 1 0
33 104 131 4 0 0 0 0 1.0006 0 0.9512 0.3705 0.3812 0.5096 2.3029 0.8151 0.2723 0.5416 0.6768 4.0578 -0.0333 0.0333 0.6591 1 0
33 105 123 0 0 0 0 0 1.0003 0 0.9613 -0.04 0.3393 0.5239 2.6523 0.7414 0.0487 0.523 0.6543 3.9897 -0.0082 0.0082 0.589 0 0
33 106 146 2 0 0 0 0 1.0003 0 0.9148 -0.0089 0.2522 0.3301 2.0434 0.7604 -0.0531 0.4731 0.6395 4.1326 -0.0039 0.0039 0.646 1 0
33 107 149 1 0 0 0 0 1.0002 0 0.9787 -0.2987 0.304 0.4105 2.2516 0.7773 -0.1292 0.4899 0.6205 4.2805 0.0092 0.0092 0.651 1 0
33 108 156 0 0 0 0 0 1.0002 0 0.9572 6e-04 0.3314 0.4487 2.8238 0.7546 0.0879 0.5647 0.7075 4.2547 0.0545 0.0545 0.6034 0 0
33 109 164 71 0 0 0 0 1.0014 0 0.8292 0.2417 0.4846 0.7709 2.9423 0.6484 0.0573 0.564 0.6923 4.4356 -0.0505 0.0505 0.7831 1 0
33 110 138 2 0 0 0 0 1.0002 0 0.9646 -0.0017 0.5375 0.7051 2.8663 0.7503 -0.009 0.5511 0.6995 4.0219 0.0611 0.0611 0.6225 1 0
33 111 173 3 0 0 0 0 1.0003 0 0.9094 0.4754 0.5234 0.6049 2.8377 0.8085 0.3101 0.6076 0.7154 4.1731 -0.0074 0.0074 0.6765 1 0
33 112 171 14 0 0 0 0 1.0005 0 0.9356 0.5565 0.5565 0.6267 2.1478 0.7738 0.3614 0.6512 0.8041 4.2193 0.1351 0.1351 0.586 1 0
33 113 169 2 0 0 0 0 1.0002 0 0.9366 0.1456 0.3352 0.3936 1.913 0.8266 0.1172 0.4716 0.5978 4.2239 0.1052 0.1052 0.5712 1 0
33 114 149 2 0 0 0 0 1.0001 0 0.9195 0.1134 0.4433 0.6983 3.0286 0.7056 -0.0431 0.5728 0.7074 4.089 -0.0401 0.0401 0.7042 1 0
33 115 115 8 0 0 0 0 1.0006 0 0.804 -0.1479 0.3605 0.5696 2.6885 0.7387 0.0265 0.5006 0.6312 4.2764 -0.1231 0.1231 0.7976 1 0
33 116 132 1 0 0 0 0 1.001 0 0.9544 -0.1009 0.2777 0.3442 2.2327 0.8018 -0.12 0.4863 0.5992 4.2065 -0.0062 0.0062 0.6233 1 0
33 117 113 0 0 0 0 0 1.0006 0 0.9678 -0.0524 0.3548 0.463 2.689 0.733 -0.1049 0.4808 0.6327 4.1199 -0.2532 0.2532 0.7155 0 0
33 118 159 0 0 0 0 0 1.0002 0 0.8734 0.232 0.3468 0.5226 2.259 0.8449 0.1634 0.4999 0.6295 3.9577 -0.0358 0.0358 0.5695 0 0
33 119 172 0 0 0 0 0 1.0002 0 0.9011 0.2035 0.3245 0.3985 1.9195 0.794 0.1762 0.5255 0.6649 4.1266 0.1074 0.1074 0.5048 0 0
33 120 126 0 0 0 0 0 1.0005 0 0.9187 -0.0988 0.3325 0.3894 2.3198 0.7755 -0.1118 0.4936 0.6246 4.0739 -0.2042 0.2042 0.6474 0 0
33 121 184 0 0 0 0 0 1.0006 0 0.9327 -0.0275 0.2802 0.3908 1.9579 0.8302 -0.0188 0.453 0.5651 4.0362 0.2403 0.2403 0.4645 0 0
33 122 155 1 0 0 0 0 1.0004 0 0.9803 0.1454 0.2938 0.3605 2.076 0.8284 0.0501 0.4801 0.6273 4.0669 0.0284 0.0284 0.6466 1 0
33 123 174 0 0 0 0 0 1.0006 0 0.9357 -0.1682 0.3198 0.4114 2.2552 0.8252 -0.0939 0.5237 0.6519 4.4292 -0.1583 0.1583 0.7422 0 0
33 124 177 5 0 0 0 0 1.0001 0 0.8566 0.3063 0.4409 0.5729 2.1625 0.8387 0.2595 0.4997 0.6271 4.1311 0.1499 0.1499 0.5465 1 0
33 125 153 0 0 0 0 0 1.0002 0 0.9298 -0.0274 0.3653 0.4476 2.3519 0.8018 -0.0389 0.4323 0.5369 4.0974 0.0922 0.0922 0.5658 0 0
33 126 115 1 0 0 0 0 1.0005 0 0.889 0.1936 0.4347 0.536 2.0738 0.817 0.1977 0.4932 0.6157 4.0044 -0.0801 0.0801 0.6201 1 0
33 127 122 0 0 0 0 0 1.0003 0 0.8729 0.0283 0.3522 0.4072 1.6605 0.8325 -0.0579 0.4242 0.5291 3.938 -0.0501 0.0501 0.5367 0 0
33 128 132 0 0 0 0 0 1.0004 0 0.9281 0.2635 0.3746 0.5153 2.5621 0.7029 0.1345 0.5864 0.7225 4.1195 -0.4675 0.4675 0.6311 0 0
33 129 123 0 0 0 0 0 1.0014 0 0.9742 0.0751 0.1655 0.1937 1.9187 0.8277 -0.052 0.5234 0.6544 4.0777 -0.0641 0.0641 0.6028 0 0
33 130 110 0 0 0 0 0 1.0002 0 0.9235 0.2219 0.2761 0.3848 1.9275 0.8218 0.2246 0.4878 0.6284 4.0492 -0.2317 0.2317 0.6133 0 0
33 131 145 1 0 0 0 0 1.0002 0 0.9581 0.2036 0.3487 0.4049 2.482 0.7369 0.1549 0.5176 0.6798 4.0905 -0.0648 0.0648 0.6602 1 0
33 132 116 0 0 0 0 0 1.0006 0 0.9746 -0.0027 0.2221 0.2609 1.8886 0.7324 -0.0186 0.5173 0.6543 4.0662 -0.119 0.119 0.5987 0 0
33 133 125 0 0 0 0 0 1.0006 0 0.8913 0.0919 0.2528 0.3008 1.5492 0.8249 0.0758 0.4172 0.5754 3.9656 -0.0518 0.0518 0.599 0 0
33 134 124 1 0 0 0 0 1.0004 0 0.9338 0.3308 0.504 0.6764 2.5665 0.6416 0.1315 0.606 0.7739 4.1057 0.1016 0.1016 0.5817 1 0
33 135 180 1 0 0 0 0 1.0007 0 0.9435 0.2631 0.3812 0.4382 2.2535 0.794 0.152 0.5184 0.6311 4.1408 0.1591 0.1591 0.5767 1 0
33 136 106 0 0 0 0 0 1.0002 0 0.9464 -0.1217 0.2798 0.3493 2.3753 0.8271 0.002 0.5087 0.6286 4.0886 -0.1354 0.1354 0.6226 0 0
33 137 274 351 0 0 0 0 1.0005 0 0.8652 0.4282 0.5689 0.6903 2.8814 0.7283 0.4091 0.6428 0.8237 4.4267 0.2226 0.2226 0.7221 1 0
33 138 123 0 0 0 0 0 1.0003 0 0.9711 0.1392 0.398 0.5766 2.772 0.8201 0.1015 0.4678 0.6266 4.0393 -0.0707 0.0707 0.6433 0 0
33 139 155 0 0 0 0 0 1.0002 0 0.9729 0.2562 0.259 0.3267 1.7236 0.7992 0.217 0.5499 0.6914 4.033 0.0665 0.0665 0.5213 0 0
33 140 183 0 0 0 0 0 1.0003 0 0.9773 0.3051 0.3254 0.4131 2.039 0.7973 0.3476 0.5795 0.7382 3.9978 0.1653 0.1653 0.525 0 0
33 141 108 0 0 0 0 0 1.0003 0 0.9396 -0.1265 0.2919 0.3833 2.5926 0.752 -0.1434 0.5269 0.6456 3.9982 -0.2268 0.2268 0.6267 0 0
33 142 155 0 0 0 0 0 1.0003 0 0.9701 0.0961 0.2571 0.3382 2.3998 0.7562 0.0034 0.54 0.6985 4.0336 0.0533 0.0533 0.5595 0 0
33 143 169 3 0 0 0 0 1.0008 0 0.9127 -0.1222 0.4371 0.579 2.8175 0.8169 0.0246 0.4285 0.5322 4.346 -0.009 0.009 0.6773 1 0
33 144 161 2 0 0 0 0 1.0002 0 0.9228 -0.2553 0.4499 0.5606 2.2474 0.7832 -0.0646 0.5405 0.7049 4.0927 0.0768 0.0768 0.5662 1 0
33 145 173 0 0 0 0 0 1.0007 0 0.8905 -0.3132 0.464 0.5267 1.9945 0.7932 -0.2323 0.4973 0.6562 4.0197 0.1133 0.1133 0.557 0 0
33 146 138 0 0 0 0 0 1.0004 0 0.9076 -0.1289 0.3469 0.4135 1.8632 0.8003 -0.1166 0.4479 0.5661 4.1199 0.0376 0.0376 0.5597 0 0
33 147 109 0 0 0 0 0 1.0008 0 0.9693 -0.0852 0.2132 0.2653 2.1472 0.728 -0.0933 0.5146 0.6465 4.0872 -0.1338 0.1338 0.6664 0 0
33 148 155 0 0 0 0 0 1.0008 0 0.9149 -0.3645 0.5418 0.7273 2.9719 0.8643 -0.2087 0.4766 0.6013 3.968 0.0247 0.0247 0.6402 0 0
33 149 111 0 0 0 0 0 1.0013 0 0.8995 -0.2034 0.3288 0.4487 2.2157 0.7915 -0.1257 0.533 0.6667 4.2097 -0.1203 0.1203 0.5959 0 0
33 150 188 0 0 0 0 0 1.0002 0 0.8867 -0.3573 0.4693 0.7036 2.5492 0.7537 -0.0727 0.4898 0.6126 4.2994 0.0082 0.0082 0.6965 0 0
33 151 117 0 0 0 0 0 1.0004 0 0.9524 -0.0957 0.3657 0.4231 2.6237 0.7857 0.0265 0.5362 0.6577 4.3084 -0.1245 0.1245 0.7104 0 0
33 152 139 94 0 0 0 0 1.0002 0 0.9447 -0.3151 0.3709 0.4107 2.4123 0.6987 -0.2254 0.5472 0.7125 4.4166 0.0305 0.0305 0.7544 1 0
33 153 117 0 0 0 0 0 1.0004 0 0.9477 -0.1988 0.2679 0.4062 1.7599 0.8203 -0.14 0.4434 0.5529 4.0626 -0.1692 0.1692 0.6717 0 0
33 154 141 1 0 0 0 0 1.0002 0 0.8814 0.1851 0.351 0.4976 2.2287 0.7853 0.0759 0.4712 0.6192 4.0956 0.012 0.012 0.6259 1 0
33 155 126 0 0 0 0 0 1.0006 0 0.8965 0.1124 0.3493 0.3982 2.1615 0.7647 0.0782 0.489 0.6005 3.9953 -0.1092 0.1092 0.6087 0 0
33 156 117 0 0 0 0 0 1.0008 0 0.9146 0.0539 0.4054 0.4338 2.2908 0.7759 0.057 0.4697 0.5959 4.0938 -0.0298 0.0298 0.6657 0 0
33 157 165 57 0 0 0 0 1.0013 0 0.9077 0.176 0.4829 0.735 2.9948 0.7006 -0.0696 0.5292 0.6896 4.284 0.1089 0.1089 0.7579 1 0
33 158 167 3 0 0 0 0 1.0001 0 0.8732 0.2681 0.4395 0.5534 2.0317 0.7313 0.202 0.6098 0.7677 4.1086 0.148 0.148 0.5765 1 0
33 159 167 2 0 0 0 0 1.0002 0 0.9154 -0.1006 0.4238 0.5223 2.9241 0.7441 -0.0875 0.487 0.6651 4.3791 -0.0037 0.0037 0.6992 1 0
33 160 137 0 0 0 0 0 1.0006 0 0.9172 -0.0266 0.3442 0.3858 2.3123 0.7599 -0.1007 0.4795 0.6388 4.091 -0.0072 0.0072 0.5841 0 0
33 161 171 0 0 0 0 0 1.0001 0 0.9643 -0.0068 0.1829 0.2282 1.9141 0.8313 0.0489 0.5029 0.6159 4.0199 0.0531 0.0531 0.5137 0 0
33 162 153 211 0 0 0 0 1.0004 0 0.685 0.2524 0.3522 0.6494 2.6943 0.741 0.0931 0.4933 0.6263 4.2488 0.0131 0.0131 0.831 1 0
33 163 174 2 0 0 0 0 1.0009 0 0.915 0.0204 0.292 0.3397 1.7921 0.8047 -0.0157 0.4163 0.5525 4.1299 0.138 0.138 0.5864 1 0
33 164 175 0 0 0 0 0 1.0005 0 0.911 -0.2723 0.3496 0.4263 1.7073 0.7714 -0.3205 0.5576 0.7287 4.0355 0.067 0.067 0.5833 0 0
33 165 130 0 0 0 0 0 1.0007 0 0.9666 0.0644 0.2036 0.2487 1.8112 0.7431 0.0537 0.5227 0.6062 4.067 -0.13 0.13 0.6004 0 0
33 166 178 0 0 0 0 0 1.0002 0 0.9456 -0.074 0.2853 0.3442 1.8246 0.8093 -0.0888 0.3984 0.5007 4.2271 0.0514 0.0514 0.5933 0 0
33 167 153 1 0 0 0 0 1.0002 0 0.9378 -0.3842 0.3969 0.4968 1.6768 0.812 -0.2249 0.5915 0.7391 4.1443 0.0762 0.0762 0.5575 1 0
33 168 135 0 0 0 0 0 1.0002 0 0.8351 -0.11 0.5036 0.6366 2.0023 0.8058 -0.2008 0.5379 0.6897 4.0078 -0.0951 0.0951 0.6041 0 0
33 169 125 0 0 0 0 0 1.0003 0 0.9447 -0.2283 0.4181 0.6409 2.9324 0.7206 0.0072 0.5301 0.6905 4.3005 -0.1723 0.1723 0.7316 0 0
33 170 138 1 0 0 0 0 1.0004 0 0.9304 -0.0614 0.3204 0.3744 1.9765 0.8183 -0.0159 0.4623 0.5989 4.0597 0.1005 0.1005 0.5273 1 0
33 171 128 0 0 0 0 0 1.0006 0 0.9282 -0.0305 0.2333 0.3153 1.6409 0.7724 -0.0812 0.5672 0.7188 4.0141 -0.1096 0.1096 0.5799 0 0
33 172 175 378 0 0 0 0 1.0007 0 0.7993 -0.2776 0.496 0.6262 2.7786 0.6464 0.0232 0.5633 0.7863 4.6077 -0.007 0.007 0.8761 1 0
33 173 112 0 0 0 0 0 1.001 0 0.9399 -0.3455 0.3983 0.5603 2.5662 0.8247 -0.3169 0.5303 0.6795 4.1415 -0.2295 0.2295 0.6443 0 0
33 174 154 0 0 0 0 0 1.0001 0 0.9227 -0.4722 0.6729 1.0583 3.0717 0.7197 -0.1946 0.5636 0.7405 4.1279 -0.0391 0.0391 0.6611 0 0
33 175 185 3 0 0 0 0 1.0007 0 0.9367 0.1633 0.2425 0.3369 2.0598 0.7996 0.115 0.4805 0.6367 4.498 0.1611 0.1611 0.5722 1 0
33 176 108 0 0 0 0 0 1.0013 0 0.9769 0.2314 0.277 0.3831 2.5651 0.7554 0.0114 0.4432 0.5738 4.005 -0.1041 0.1041 0.6411 0 0
33 177 103 0 0 0 0 0 1.0005 0 0.982 0.3546 0.3546 0.4292 2.1208 0.8065 0.2159 0.52 0.6698 4.1063 -0.1017 0.1017 0.618 0 0
33 178 161 2 0 0 0 0 1.0001 0 0.9411 -0.1731 0.294 0.3438 2.0481 0.8044 -0.1888 0.4797 0.6043 4.229 0.065 0.065 0.6506 1 0
33 179 118 0 0 0 0 0 1.0002 0 0.9608 -0.0285 0.3586 0.5006 2.9074 0.7123 0.0063 0.4858 0.6315 4.0494 -0.0704 0.0704 0.7237 0 0
33 180 147 0 0 0 0 0 1.0003 0 0.8965 0.1875 0.3886 0.4681 2.0571 0.8218 0.1682 0.5304 0.6719 4.0375 0.0303 0.0303 0.5505 0 0
33 181 176 1 0 0 0 0 1.0001 0 0.953 0.2527 0.3339 0.3823 2.0132 0.8733 0.2075 0.4049 0.4987 4.0123 0.0793 0.0793 0.5403 1 0
33 182 124 0 0 0 0 0 1.0007 0 0.8957 -0.0056 0.2788 0.4239 2.093 0.8267 -0.0921 0.4689 0.6228 4.275 -0.1856 0.1856 0.629 0 0
33 183 153 0 0 0 0 0 1.0001 0 0.9424 -0.0352 0.2562 0.2924 1.7987 0.6905 -0.0444 0.5403 0.752 4.1043 -0.0145 0.0145 0.6214 0 0
33 184 117 0 0 0 0 0 1.0008 0 0.9731 0.3404 0.3419 0.4022 2.2683 0.8164 0.3197 0.5454 0.6668 4.1303 -0.0656 0.0656 0.5837 0 0
33 185 128 0 0 0 0 0 1.0011 0 0.9341 -0.089 0.3247 0.389 2.3067 0.813 0.0443 0.4811 0.6055 4.1646 -0.1048 0.1048 0.6044 0 0
33 186 110 0 0 0 0 0 1.0011 0 0.8773 0.1256 0.2794 0.3692 1.8245 0.7953 0.2264 0.5122 0.6599 4.0846 -0.1314 0.1314 0.6439 0 0
33 187 102 0 0 0 0 0 1.0003 0 0.9268 -0.2464 0.519 0.7751 2.783 0.7788 -0.1165 0.5432 0.6982 4.1278 -0.2627 0.2627 0.6849 0 0
33 188 132 0 0 0 0 0 1.0004 0 0.9385 -0.36 0.3819 0.4619 2.5389 0.7409 -0.3541 0.556 0.7063 4.2424 -0.1212 0.1212 0.7071 0 0
33 189 112 0 0 0 0 0 1.0003 0 0.9003 0.0625 0.27 0.3982 2.0721 0.7553 -0.1176 0.4771 0.6162 4.097 -0.1362 0.1362 0.6265 0 0
33 190 194 0 0 0 0 0 1.0001 0 0.9525 -0.012 0.1838 0.2474 1.9442 0.8255 0.0641 0.4774 0.6472 4.1239 0.2113 0.2113 0.4747 0 0
33 191 176 8 0 0 0 0 1.0006 0 0.9625 -0.0086 0.2686 0.3345 2.3231 0.7649 -0.1109 0.5164 0.6391 4.1725 0.1231 0.1231 0.6561 1 0
33 192 111 0 0 0 0 0 1.0002 0 0.9022 -0.1279 0.3507 0.4506 1.9554 0.7332 -0.1271 0.5004 0.6537 4.1067 -0.0196 0.0196 0.6203 0 0
33 193 119 0 0 0 0 0 1.0004 0 0.9419 -0.2414 0.4161 0.4972 2.3994 0.7323 -0.0474 0.4434 0.5923 4.0034 -0.2836 0.2836 0.6612 0 0
33 194 162 0 0 0 0 0 1.0001 0 0.8731 0.2393 0.4062 0.4473 1.7976 0.8195 0.1086 0.507 0.6695 4.0856 -0.0257 0.0257 0.6228 0 0
33 195 137 0 0 0 0 0 1.0006 0 0.9517 0.1463 0.3037 0.3507 1.8889 0.6622 0.0585 0.5138 0.7317 4.0483 -0.0456 0.0456 0.6211 0 0
33 196 116 0 0 0 0 0 1.0003 0 0.8874 0.329 0.5524 0.7006 2.5017 0.8205 0.1026 0.4555 0.5926 4.0529 -0.2491 0.2491 0.5772 0 0
33 197 141 3 0 0 0 0 1.001 0 0.8547 0.0738 0.4459 0.5305 2.7545 0.7825 0.0867 0.4578 0.5866 4.101 0.0241 0.0241 0.6374 1 0
33 198 116 0 0 0 0 0 1.0004 0 0.9337 0.1523 0.5882 0.8075 3.0011 0.6368 -0.145 0.629 0.7569 4.0715 -0.2541 0.2541 0.6574 0 0
33 199 152 1 0 0 0 0 1.0007 0 0.9593 0.1203 0.2695 0.3891 2.6241 0.7711 -0.0227 0.4799 0.6179 4.1434 0.0529 0.0529 0.5956 1 0
33 200 131 0 0 0 0 0 1.0001 0 0.9371 0.0512 0.3357 0.441 2.136 0.7624 -0.0239 0.5397 0.6635 4.1037 -0.2685 0.2685 0.6117 0 0
33 201 181 0 0 0 0 0 1.0003 0 0.9241 0.2078 0.352 0.439 1.9037 0.8335 0.0274 0.4699 0.6006 4.0223 0.1241 0.1241 0.5138 0 0
33 202 97 0 0 0 0 0 1.0005 0 0.9314 -0.0592 0.2977 0.4049 2.2278 0.7278 -0.1235 0.5792 0.7335 4.2106 -0.0791 0.0791 0.6623 0 0
33 203 351 634 0 0 0 0 1.0013 0 0.8739 0.6229 0.6306 0.8631 2.8524 0.7687 0.5079 0.7325 0.898 4.7403 0.4585 0.4585 0.4753 1 0
33 204 147 0 0 0 0 0 1.0007 0 0.9304 -0.14 0.2675 0.3335 1.6593 0.7925 -0.1561 0.5357 0.6986 3.9852 -0.0085 0.0085 0.5482 0 0
33 205 105 0 0 0 0 0 1.0002 0 0.9643 -0.1902 0.2168 0.2842 1.5677 0.7922 -0.1347 0.4839 0.6231 4.1141 -0.2055 0.2055 0.6259 0 0
33 206 153 0 0 0 0 0 1.0007 0 0.8261 0.2973 0.5225 0.5794 1.6797 0.8028 0.2501 0.5729 0.7254 4.0453 0.0363 0.0363 0.57 0 0
33 207 151 0 0 0 0 0 1.0002 0 0.9462 0.0035 0.2002 0.2758 2.1406 0.8157 -0.043 0.4538 0.5599 4.1388 0.1131 0.1131 0.5465 0 0
33 208 149 0 0 0 0 0 1.0001 0 0.9372 -0.0857 0.3131 0.4901 2.6331 0.7648 -0.091 0.4538 0.603 4.1148 -0.1042 0.1042 0.6562 0 0
33 209 104 0 0 0 0 0 1.0004 0 0.9617 0.2736 0.4422 0.5316 2.8399 0.7476 0.1811 0.5513 0.766 4.0688 -0.1059 0.1059 0.653 0 0
33 210 168 86 0 0 0 0 1.0006 0 0.9064 -0.2475 0.3429 0.4034 2.4808 0.6267 -0.1222 0.6097 0.8174 4.1789 0.059 0.059 0.7029 1 0
33 211 126 0 0 0 0 0 1.0005 0 0.976 0.1154 0.2384 0.276 2.3042 0.8072 0.1129 0.436 0.5433 4.1916 -0.2489 0.2489 0.6404 0 0
33 212 183 4 0 0 0 0 1.0006 0 0.9619 0.0531 0.1971 0.2752 2.1543 0.8078 -0.0589 0.4366 0.5502 4.0715 0.1378 0.1378 0.5698 1 0
33 213 107 0 0 0 0 0 1.0003 0 0.9568 0.01 0.243 0.285 1.6813 0.8165 -0.0623 0.4407 0.5932 4.1185 -0.1295 0.1295 0.5994 0 0
33 214 124 0 0 0 0 0 1.0005 0 0.8971 -0.3755 0.4595 0.566 2.1189 0.7778 -0.0885 0.5077 0.6164 4.1249 -0.2222 0.2222 0.6743 0 0
33 215 163 5 0 0 0 0 1.0013 0 0.8699 0.1995 0.4401 0.5581 2.5165 0.7633 -0.0429 0.4942 0.619 4.1803 -0.1303 0.1303 0.736 1 0
33 216 117 0 0 0 0 0 1.0003 0 0.9458 -0.0657 0.4993 0.6009 2.6045 0.7547 0.0568 0.5084 0.655 3.9936 -0.1164 0.1164 0.5831 0 0
33 217 189 20 0 0 0 0 1.0006 0 0.947 0.4114 0.4138 0.6305 2.7351 0.7691 0.3385 0.5923 0.7206 4.0826 0.1919 0.1919 0.6149 1 0
33 218 168 0 0 0 0 0 1.0008 0 0.8637 -0.2401 0.4152 0.5187 2.1908 0.7679 -0.1948 0.5216 0.6701 4.4539 -0.2724 0.2724 0.7361 0 0
33 219 162 1 0 0 0 0 1.0001 0 0.9405 0.2215 0.3347 0.4324 2.1785 0.8196 0.218 0.5182 0.6358 4.1358 0.0711 0.0711 0.6125 1 0
33 220 148 0 0 0 0 0 1.0009 0 0.9779 0.2656 0.2781 0.3749 2.0882 0.7579 0.1718 0.5134 0.6711 4.2703 -0.0171 0.0171 0.5874 0 0
33 221 108 0 0 0 0 0 1.0005 0 0.9508 -0.2334 0.3428 0.4249 2.4789 0.785 -0.2251 0.4722 0.6146 4.0605 -0.4419 0.4419 0.565 0 0
33 222 176 1 0 0 0 0 1.0004 0 0.9384 -0.0631 0.2138 0.2585 1.5982 0.8014 0.0482 0.4845 0.6021 4.2382 0.0442 0.0442 0.6576 1 0
33 223 109 0 0 0 0 0 1.0006 0 0.9414 -0.1063 0.3638 0.4513 2.6208 0.8423 -0.2225 0.4562 0.6448 4.1333 -0.0507 0.0507 0.6046 0 0
33 224 141 1 0 0 0 0 1.0007 0 0.9499 -0.2683 0.5583 0.6719 2.5685 0.7594 -0.1229 0.4798 0.6719 4.1569 -0.0455 0.0455 0.6684 1 0
33 225 116 0 0 0 0 0 1.0003 0 0.8374 0.0579 0.3967 0.5659 2.5797 0.7651 -0.0739 0.5487 0.6547 4.1042 -0.1777 0.1777 0.7028 0 0
33 226 162 1 0 0 0 0 1.0003 0 0.8674 0.253 0.4344 0.5564 2.7369 0.8045 -0.0341 0.5835 0.7393 4.133 -0.0234 0.0234 0.6433 1 0
33 227 103 0 0 0 0 0 1.0021 0 0.9597 -0.1127 0.3521 0.454 2.1728 0.7844 -0.0652 0.4868 0.6611 4.0039 -0.1834 0.1834 0.6067 0 0
33 228 192 3 0 0 0 0 1.0005 0 0.9571 -0.564 0.5649 0.6328 2.0297 0.8504 -0.4821 0.6183 0.7546 4.2618 0.1938 0.1938 0.5138 1 0
33 229 199 2 0 0 0 0 1.0011 0 0.9786 -0.0956 0.2809 0.3422 2.7046 0.7433 -0.056 0.4919 0.669 4.0919 0.2945 0.2945 0.5088 1 0
33 230 133 1 0 0 0 0 1.0004 0 0.897 0.0157 0.3502 0.3921 1.9231 0.7869 -0.0639 0.5124 0.6869 4.0486 -0.0074 0.0074 0.5583 1 0
33 231 122 21 0 0 0 0 1.0011 0 0.8768 0.3908 0.5967 0.7904 2.9646 0.6205 0.2327 0.5966 0.7869 4.4407 -0.0144 0.0144 0.7925 1 0
33 232 180 1 0 0 0 0 1.0006 0 0.9013 0.1605 0.4319 0.5896 2.6214 0.7929 0.1149 0.4812 0.6424 4.1355 0.0496 0.0496 0.5822 1 0
33 233 111 0 0 0 0 0 1.0014 0 0.8779 0.0782 0.3726 0.4177 1.714 0.8481 0.1769 0.4668 0.6027 4.1376 -0.1278 0.1278 0.6498 0 0
33 234 160 0 0 0 0 0 1.0001 0 0.9031 -0.0925 0.2654 0.3475 1.6071 0.8616 -0.0477 0.4016 0.5284 4.0856 0.0768 0.0768 0.5356 0 0
33 235 98 0 0 0 0 0 1.001 0 0.9351 0.3185 0.461 0.6428 2.1125 0.8368 0.0893 0.494 0.6266 4.0394 -0.2072 0.2072 0.6295 0 0
33 236 127 0 0 0 0 0 1.0004 0 0.8727 -0.1059 0.4016 0.4956 2.3739 0.7774 -0.1139 0.4345 0.5755 4.0314 -0.0857 0.0857 0.5955 0 0
33 237 160 0 0 0 0 0 1.0003 0 0.9523 0.2566 0.3996 0.6131 2.4781 0.7612 0.2069 0.565 0.7244 4.1763 0.0318 0.0318 0.6609 0 0
33 238 174 0 0 0 0 0 1.0005 0 0.8905 -0.0975 0.2793 0.3497 1.7772 0.7882 -0.0747 0.4073 0.5353 4.2371 0.0155 0.0155 0.6163 0 0
33 239 166 3 0 0 0 0 1.0002 0 0.9033 0.0278 0.4207 0.6056 2.4217 0.7472 0.0754 0.4868 0.6572 4.1348 0.1037 0.1037 0.6013 1 0
33 240 152 0 0 0 0 0 1.0004 0 0.9006 0.1525 0.6438 0.9195 3.0526 0.8029 -0.2132 0.4756 0.639 3.9388 -0.0373 0.0373 0.6222 0 0
33 241 195 64 0 0 0 0 1.0004 0 0.9053 -0.4972 0.5544 0.8117 2.7501 0.8199 -0.37 0.5927 0.716 4.0467 0.1258 0.1258 0.6292 1 0
33 242 128 0 0 0 0 0 1.0003 0 0.9506 -0.2688 0.3009 0.3731 1.717 0.8654 -0.1416 0.4269 0.541 4.387 -0.211 0.211 0.6742 0 0
33 243 144 23 0 0 0 0 1.0006 0 0.8198 0.4358 0.534 0.6332 2.2529 0.7447 0.2938 0.6488 0.8205 4.233 0.126 0.126 0.5773 1 0
33 244 110 0 0 0 0 0 1.0007 0 0.954 0.0341 0.2925 0.3261 2.6678 0.6845 -0.055 0.4715 0.6247 4.0301 -0.1831 0.1831 0.6399 0 0
33 245 144 0 0 0 0 0 1.0008 0 0.8747 -0.2374 0.3766 0.5005 2.0487 0.8119 -0.1582 0.4681 0.6138 4.034 -0.1053 0.1053 0.5934 0 0
33 246 179 85 0 0 0 0 1.0009 0 0.9016 0.2912 0.3835 0.5 2.3939 0.7558 0.234 0.5513 0.708 4.0851 0.0867 0.0867 0.6781 1 0
33 247 147 0 0 0 0 0 1.0004 0 0.9122 -0.2149 0.4666 0.5278 2.083 0.7936 -0.1244 0.4979 0.6456 4.1224 -0.013 0.013 0.5669 0 0
33 248 118 0 0 0 0 0 1.0006 0 0.9767 0.2169 0.293 0.3527 2.5178 0.7405 0.1219 0.4619 0.5996 4.35 -0.2103 0.2103 0.7376 0 0
33 249 133 0 0 0 0 0 1.0005 0 0.9477 -0.2411 0.2765 0.3605 1.8221 0.7556 -0.2298 0.5108 0.658 4.0242 -0.2584 0.2584 0.6096 0 0
33 250 113 0 0 0 0 0 1.0002 0 0.9368 -0.2217 0.3198 0.4109 2.2518 0.7948 -0.2184 0.5498 0.6997 4.086 -0.0601 0.0601 0.5675 0 0
33 251 105 0 0 0 0 0 1.0002 0 0.9258 0.0103 0.4602 0.6259 2.7063 0.7677 0.0918 0.5053 0.6342 4.0183 -8e-04 8e-04 0.5613 0 0
33 252 152 0 0 0 0 0 1.0002 0 0.9333 -0.4013 0.4013 0.6374 2.5369 0.7319 -0.3117 0.568 0.7635 4.0673 0.0296 0.0296 0.589 0 0
33 253 121 3 0 0 0 0 1.0002 0 0.8833 0.0404 0.3281 0.4717 2.9925 0.6726 0.0644 0.5219 0.6686 4.3039 -0.1133 0.1133 0.6971 1 0
33 254 121 0 0 0 0 0 1.0004 0 0.93 0.0264 0.2776 0.321 2.5823 0.775 -0.0427 0.4851 0.6221 4.0602 -0.1217 0.1217 0.6523 0 0
33 255 188 43 0 0 0 0 1.0007 0 0.9594 -0.159 0.2732 0.3341 2.0259 0.817 -0.093 0.4453 0.5659 4.2024 0.2235 0.2235 0.5415 1 0
33 256 143 0 0 0 0 0 1.0005 0 0.8752 -0.1091 0.2884 0.415 1.7636 0.7616 -0.0189 0.441 0.5794 4.1235 -0.0234 0.0234 0.5923 0 0
33 257 101 0 0 0 0 0 1.0003 0 0.9347 0.2408 0.3451 0.431 2.2137 0.769 -0.0251 0.4903 0.6527 4.1565 -0.1722 0.1722 0.6058 0 0
33 258 159 4 0 0 0 0 1.0003 0 0.888 -0.1864 0.3311 0.434 1.9403 0.7601 -0.0902 0.5057 0.6876 4.0953 0.1469 0.1469 0.5669 1 0
33 259 184 9 0 0 0 0 1.0002 0 0.8698 -0.0502 0.3273 0.3646 1.9138 0.7461 0.0156 0.475 0.6747 4.1434 0.1952 0.1952 0.5632 1 0
33 260 152 0 0 0 0 0 1.0003 0 0.8581 0.3021 0.4134 0.5046 1.8477 0.7582 0.2973 0.5763 0.7332 4.2288 -0.0857 0.0857 0.6544 0 0
33 261 113 2 0 0 0 0 1.0017 0 0.9141 0.0681 0.2596 0.32 1.7914 0.7856 0.0786 0.5011 0.6981 4.3241 -0.0161 0.0161 0.6769 1 0
33 262 159 17 0 0 0 0 1.0012 0 0.9283 0.1168 0.3591 0.572 2.668 0.8116 -0.0407 0.5257 0.6778 4.2376 0.1177 0.1177 0.6557 1 0
33 263 267 28 0 0 0 0 1.0007 0 0.8329 0.6502 0.6827 0.8556 2.4143 0.8235 0.4428 0.6012 0.7364 4.5991 0.3374 0.3374 0.4874 1 0
33 264 180 3 0 0 0 0 1.0003 0 0.9205 0.0067 0.261 0.3393 1.9756 0.8472 -0.1058 0.4826 0.5818 3.9942 0.231 0.231 0.5041 1 0
33 265 146 1 0 0 0 0 1.0005 0 0.9502 -0.3287 0.4341 0.5707 2.5012 0.7838 -0.2043 0.5221 0.6577 4.0415 -0.018 0.018 0.6354 1 0
33 266 147 0 0 0 0 0 1.0002 0 0.8736 0.3059 0.4341 0.5291 1.8241 0.833 0.2104 0.5189 0.6332 4.0151 0.0193 0.0193 0.5696 0 0
33 267 131 5 0 0 0 0 1.0017 0 0.9066 -0.2473 0.4721 0.5946 2.8624 0.7254 -0.0523 0.5553 0.7197 4.0657 -0.0099 0.0099 0.6552 1 0
33 268 144 0 0 0 0 0 1.001 0 0.9486 -0.0025 0.2892 0.4247 2.4678 0.791 -0.0286 0.5143 0.6443 4.056 0.0063 0.0063 0.5817 0 0
33 269 136 0 0 0 0 0 1.0002 0 0.8905 0.1844 0.2906 0.3733 1.6666 0.7848 0.1424 0.4844 0.6176 4.1884 -0.0465 0.0465 0.7085 0 0
33 270 138 1 0 0 0 0 1.0008 0 0.9637 0.0748 0.2207 0.3004 1.9163 0.813 0.0351 0.5208 0.6893 4.0958 -0.1089 0.1089 0.66 1 0
33 271 129 0 0 0 0 0 1.001 0 0.846 0.1755 0.3846 0.4851 1.6084 0.8233 0.0859 0.445 0.564 4.133 -0.0608 0.0608 0.6396 0 0
33 272 127 2 0 0 0 0 1.0006 0 0.9083 0.3679 0.3953 0.5122 2.3612 0.7046 0.325 0.5707 0.7545 4.0559 -0.0428 0.0428 0.6648 1 0
33 273 103 0 0 0 0 0 1.0003 0 0.9382 -0.1148 0.3221 0.3755 2.2642 0.815 0.0278 0.4692 0.5937 4.0582 -0.2004 0.2004 0.6305 0 0
33 274 156 3 0 0 0 0 1.0003 0 0.9512 0.1712 0.332 0.5559 2.7639 0.8133 0.0086 0.5068 0.643 4.0703 0.1526 0.1526 0.5782 1 0
33 275 190 1 0 0 0 0 1.0003 0 0.9336 0.0291 0.2473 0.3126 1.7846 0.8431 0.0054 0.4236 0.5547 4.0253 0.2041 0.2041 0.5328 1 0
33 276 134 1 0 0 0 0 1.0004 0 0.94 -0.1589 0.2675 0.3428 2.0605 0.8624 -0.1321 0.4111 0.529 4.0087 0.017 0.017 0.5925 1 0
33 277 150 0 0 0 0 0 1.0002 0 0.9666 0.0391 0.1963 0.2499 1.8457 0.7699 0.0515 0.4737 0.6195 4.0673 -0.1751 0.1751 0.6512 0 0
33 278 108 0 0 0 0 0 1.0005 0 0.9222 -0.0698 0.3618 0.432 2.0961 0.7602 -0.0415 0.4565 0.6139 4.0413 -0.1921 0.1921 0.6064 0 0
33 279 148 0 0 0 0 0 1.0001 0 0.9299 -0.024 0.388 0.4592 2.1729 0.7866 0.0582 0.4477 0.5683 4.114 -0.0757 0.0757 0.6581 0 0
33 280 104 0 0 0 0 0 1.0008 0 0.8885 -0.1001 0.5153 0.6407 2.7741 0.7709 -0.0681 0.4613 0.6198 4.1836 -0.2646 0.2646 0.6989 0 0
33 281 146 0 0 0 0 0 1.0003 0 0.9424 0.2557 0.2927 0.4593 2.1705 0.8091 0.0826 0.472 0.6086 4.023 -0.0654 0.0654 0.6178 0 0
33 282 163 87 0 0 0 0 1.0005 0 0.7798 0.5022 0.5275 0.8067 2.3019 0.7897 0.2067 0.5562 0.6813 4.4431 0.2005 0.2005 0.6133 1 0
33 283 103 0 0 0 0 0 1.0008 0 0.8998 0.2205 0.3575 0.6847 2.4852 0.6993 0.1804 0.6017 0.8057 4.0289 -0.0421 0.0421 0.5875 0 0
33 284 178 0 0 0 0 0 1.0003 0 0.9581 0.3384 0.3664 0.4273 1.9264 0.8034 0.1813 0.5382 0.679 4.167 0.1463 0.1463 0.5622 0 0
33 285 184 2 0 0 0 0 1.0001 0 0.9245 -0.2655 0.349 0.5379 2.9935 0.7946 -0.1159 0.5355 0.6636 4.1827 0.0283 0.0283 0.6524 1 0
33 286 105 0 0 0 0 0 1.0003 0 0.9471 -0.0843 0.3009 0.4389 2.6899 0.7356 0.0061 0.4799 0.6389 4.0385 -0.2242 0.2242 0.6285 0 0
33 287 179 2 0 0 0 0 1.0002 0 0.9611 -0.0225 0.2559 0.3701 2.334 0.8002 0.134 0.5226 0.6459 3.8074 0.196 0.196 0.4838 1 0
33 288 157 2 0 0 0 0 1.0002 0 0.8596 0.292 0.4256 0.5995 2.1061 0.8558 0.1843 0.477 0.6127 3.9828 0.1216 0.1216 0.5573 1 0
33 289 117 0 0 0 0 0 1.0007 0 0.9139 -0.1016 0.2484 0.3131 1.7053 0.7359 -0.044 0.5245 0.6964 4.086 -0.2169 0.2169 0.6049 0 0
33 290 145 0 0 0 0 0 1.0003 0 0.9349 0.1258 0.3391 0.4806 2.3248 0.7797 0.0856 0.5579 0.7183 4.0736 0.049 0.049 0.5932 0 0
33 291 127 0 0 0 0 0 1.0005 0 0.954 0.3924 0.4137 0.585 2.8572 0.7589 0.1138 0.5342 0.6995 4.1559 -0.1246 0.1246 0.6461 0 0
33 292 104 0 0 0 0 0 1.0004 0 0.9671 -0.001 0.1903 0.2325 1.925 0.8313 -0.1009 0.4115 0.5391 3.9774 -0.1301 0.1301 0.5937 0 0
33 293 109 0 0 0 0 0 1.0005 0 0.9281 0.0675 0.3154 0.3953 1.8657 0.7844 0.0132 0.4807 0.6155 4.1898 -0.1919 0.1919 0.6489 0 0
33 294 188 0 0 0 0 0 1.0001 0 0.9888 0.1934 0.1984 0.245 2.0625 0.7342 0.1698 0.5282 0.6995 4.3552 0.2082 0.2082 0.5097 0 0
33 295 108 0 0 0 0 0 1.0015 0 0.9293 -0.1511 0.2593 0.3725 1.9287 0.8107 0.0915 0.5126 0.6823 4.1817 -0.1578 0.1578 0.6325 0 0
33 296 164 4 0 0 0 0 1.0002 0 0.9438 -0.3272 0.4108 0.4374 2.1676 0.789 -0.2676 0.5353 0.6572 4.2249 -0.0192 0.0192 0.6784 1 0
33 297 131 0 0 0 0 0 1.0003 0 0.9252 0.0539 0.2902 0.3603 1.9432 0.7939 0.0524 0.4309 0.6125 4.0453 0.0199 0.0199 0.56 0 0
33 298 169 0 0 0 0 0 1.0002 0 0.9275 -0.25 0.3419 0.4437 2.2618 0.821 -0.1499 0.4896 0.6226 4.2582 0.1203 0.1203 0.5392 0 0
33 299 189 1 0 0 0 0 1.0002 0 0.9485 0.3152 0.3152 0.4407 1.9663 0.8044 0.1484 0.5333 0.6681 4.075 0.2238 0.2238 0.484 1 0
33 300 99 0 0 0 0 0 1.0003 0 0.9104 -0.1139 0.328 0.4642 2.6011 0.756 -0.0172 0.5592 0.6964 4.0745 -0.1986 0.1986 0.6585 0 0
33 301 131 0 0 0 0 0 1.0014 0 0.8783 -0.203 0.3003 0.4282 1.8597 0.8162 -0.1473 0.4836 0.6261 4.0421 -0.0766 0.0766 0.5986 0 0
33 302 172 16 0 0 0 0 1.0014 0 0.891 -0.203 0.3656 0.4733 2.5284 0.7647 -0.1762 0.5978 0.743 4.2195 0.1051 0.1051 0.6078 1 0
33 303 189 4 0 0 0 0 1.0002 0 0.8405 -0.0848 0.3876 0.4972 2.3023 0.8282 0.0184 0.4331 0.5563 3.9833 0.104 0.104 0.5628 1 0
33 304 115 0 0 0 0 0 1.0007 0 0.8633 0.0863 0.3428 0.5687 2.4977 0.6603 0.214 0.5365 0.7195 4.0481 -0.2989 0.2989 0.6457 0 0
33 305 158 0 0 0 0 0 1.0002 0 0.9173 -0.3408 0.539 0.7749 2.6963 0.7785 -0.1287 0.5493 0.7057 4.2647 -0.1851 0.1851 0.6926 0 0
33 306 153 0 0 0 0 0 1.0009 0 0.8905 0.1913 0.3205 0.4198 2.0247 0.7604 0.0902 0.4952 0.6169 4.2383 0.0164 0.0164 0.6441 0 0
33 307 107 0 0 0 0 0 1.0004 0 0.8958 -0.0286 0.2804 0.3358 1.8268 0.7866 0.0059 0.4802 0.6127 3.956 -0.191 0.191 0.539 0 0
33 308 173 0 0 0 0 0 1.0004 0 0.9114 -0.0841 0.2981 0.3525 1.6979 0.7985 -0.079 0.5153 0.6792 4.2329 -0.0808 0.0808 0.7057 0 0
33 309 194 64 0 0 0 0 1.0014 0 0.9766 0.0334 0.1491 0.1769 2.328 0.76 0.0143 0.4926 0.6135 4.4277 0.1748 0.1748 0.6784 1 0
33 310 111 0 0 0 0 0 1.0003 0 0.8945 -0.0032 0.3342 0.369 1.9598 0.8459 0.0679 0.4518 0.5616 3.9761 -0.2252 0.2252 0.5998 0 0
33 311 125 0 0 0 0 0 1.0003 0 0.9405 0.1095 0.4006 0.6332 2.9758 0.7906 -0.1122 0.492 0.6502 4.0312 0.0097 0.0097 0.6094 0 0
33 312 97 0 0 0 0 0 1.0003 0 0.8945 0.1905 0.4191 0.4873 2.0153 0.7168 0.1344 0.5096 0.6448 4.1719 -0.2082 0.2082 0.6769 0 0
33 313 114 0 0 0 0 0 1.0003 0 0.866 0.1395 0.4027 0.5119 1.8216 0.795 0.1198 0.4585 0.5808 4.025 -0.2358 0.2358 0.6317 0 0
33 314 187 3 0 0 0 0 1.0004 0 0.9747 0.2482 0.3882 0.4591 2.3399 0.7539 0.2543 0.5884 0.7422 4.1271 0.24 0.24 0.5401 1 0
33 315 237 531 0 0 0 0 1.0039 0 0.8684 0.5699 0.6471 0.8828 2.973 0.7234 0.3479 0.5835 0.7362 4.6213 0.2759 0.2759 0.6741 1 0
33 316 171 0 0 0 0 0 1.0002 0 0.9292 0.1697 0.5387 0.6511 2.416 0.786 0.2244 0.5666 0.7199 4.3037 0.1938 0.1938 0.5396 0 0
33 317 127 0 0 0 0 0 1.0004 0 0.921 0.2129 0.4283 0.612 2.4222 0.7745 0.0882 0.5136 0.672 4.1057 -0.1302 0.1302 0.6473 0 0
33 318 159 0 0 0 0 0 1.0003 0 0.9254 0.02 0.2563 0.3543 1.7748 0.7883 0.0325 0.5744 0.7213 4.0828 0.0364 0.0364 0.5415 0 0
33 319 126 0 0 0 0 0 1.0004 0 0.8887 0.2584 0.5495 0.6352 2.3014 0.8415 0.0825 0.4348 0.5652 4.0083 -0.1553 0.1553 0.5776 0 0
33 320 127 0 0 0 0 0 1.0013 0 0.9411 0.104 0.4901 0.6104 2.7908 0.7386 0.2995 0.5773 0.7228 4.1039 -0.2178 0.2178 0.6758 0 0
33 321 142 0 0 0 0 0 1.0005 0 0.941 -0.0889 0.5025 0.6327 2.7509 0.7812 -0.1175 0.5157 0.6722 4.2617 -0.0697 0.0697 0.6204 0 0
33 322 125 2 0 0 0 0 1.0002 0 0.9148 0.1477 0.3649 0.4499 2.4847 0.6797 -0.0664 0.6032 0.7831 4.0288 -0.0458 0.0458 0.6456 1 0
33 323 160 0 0 0 0 0 1.0002 0 0.8551 0.2599 0.391 0.528 2.0734 0.8227 0.2025 0.5716 0.6878 4.0255 0.0291 0.0291 0.5505 0 0
33 324 126 0 0 0 0 0 1.0008 0 0.9325 0.3249 0.3463 0.4354 1.9867 0.7167 0.2557 0.5982 0.7841 4.1536 -0.0756 0.0756 0.6449 0 0
33 325 135 0 0 0 0 0 1.0002 0 0.9465 -0.0556 0.2453 0.3186 2.0183 0.8212 -0.1215 0.459 0.5928 4.375 -0.1516 0.1516 0.734 0 0
33 326 110 0 0 0 0 0 1.0003 0 0.8628 -0.1325 0.3113 0.44 1.8753 0.8176 -0.1674 0.4785 0.6255 4.1073 -0.132 0.132 0.6199 0 0
33 327 156 0 0 0 0 0 1.0002 0 0.8877 -0.1424 0.368 0.4363 1.8771 0.7643 -0.0309 0.5264 0.6826 4.0693 -0.0029 0.0029 0.5991 0 0
33 328 131 0 0 0 0 0 1.0002 0 0.9393 -0.0875 0.2617 0.3179 1.9342 0.8479 -0.1533 0.5003 0.5946 4.2111 -0.0213 0.0213 0.5637 0 0
33 329 169 2 0 0 0 0 1.0002 0 0.9551 0.1339 0.2226 0.2846 1.7709 0.8415 0.0679 0.4251 0.5281 4.2745 0.1565 0.1565 0.4964 1 0
33 330 157 17 0 0 0 0 1.0004 0 0.9312 -0.1506 0.3439 0.4286 2.7301 0.803 -0.1169 0.6126 0.783 4.1531 0.0104 0.0104 0.6875 1 0
33 331 104 0 0 0 0 0 1.0003 0 0.8882 0.1576 0.3668 0.4286 2.2104 0.7489 0.2388 0.574 0.7291 4.1304 -0.2167 0.2167 0.6175 0 0
33 332 143 0 0 0 0 0 1.0009 0 0.9346 -0.0138 0.3184 0.3707 2.0241 0.7465 -0.0165 0.5123 0.6316 3.9547 -0.0461 0.0461 0.5847 0 0
33 333 161 0 0 0 0 0 1.0004 0 0.9298 0.049 0.3009 0.3444 1.8156 0.7961 -0.0237 0.4999 0.6378 4.0852 0.1228 0.1228 0.5311 0 0
33 334 123 0 0 0 0 0 1.0006 0 0.9175 0.2935 0.4131 0.4871 2.6495 0.7208 0.1676 0.5193 0.6826 4.1079 -0.2307 0.2307 0.7196 0 0
33 335 124 0 0 0 0 0 1.0006 0 0.8749 -0.054 0.4161 0.5311 2.2593 0.7794 0.0481 0.5346 0.7465 4.1869 -0.0975 0.0975 0.6059 0 0
33 336 124 0 0 0 0 0 1.0008 0 0.9497 0.2774 0.3562 0.4538 2.2829 0.7588 0.0903 0.4563 0.6144 4.5343 -0.2508 0.2508 0.7277 0 0
33 337 101 0 0 0 0 0 1.0017 0 0.9433 -0.0263 0.2402 0.2924 1.629 0.8214 -0.0038 0.4303 0.5539 4.1286 -0.0814 0.0814 0.6268 0 0
33 338 122 3 0 0 0 0 1.0005 0 0.9144 -0.4689 0.4689 0.5933 2.432 0.7665 -0.2646 0.5811 0.7485 4.0635 -0.1879 0.1879 0.6646 1 0
33 339 162 0 0 0 0 0 1.0017 0 0.9053 -0.1718 0.3353 0.5323 2.2041 0.8071 -0.0191 0.4758 0.6298 4.1594 -0.0865 0.0865 0.6455 0 0
33 340 146 5 0 0 0 0 1.001 0 0.9708 -0.0963 0.2927 0.3639 2.5468 0.7958 -0.1051 0.4879 0.6088 4.3614 0.1743 0.1743 0.5479 1 0
33 341 124 0 0 0 0 0 1.0009 0 0.9031 0.2731 0.3593 0.4571 1.8003 0.7827 0.1692 0.5017 0.6428 4.1339 -0.0838 0.0838 0.6432 0 0
33 342 184 2 0 0 0 0 1.0006 0 0.8947 0.3583 0.3968 0.5055 1.8119 0.7584 0.2556 0.5624 0.7321 4.1411 0.0635 0.0635 0.6525 1 0
33 343 130 0 0 0 0 0 1.0003 0 0.9211 0.3059 0.4948 0.6387 2.5977 0.8148 0.0371 0.4716 0.6171 4.1934 -0.1773 0.1773 0.7419 0 0
33 344 115 0 0 0 0 0 1.0004 0 0.9125 -0.1408 0.4339 0.5692 2.1105 0.7913 -0.138 0.5216 0.654 4.1609 -0.2555 0.2555 0.6767 0 0
33 345 145 2 0 0 0 0 1.0008 0 0.921 -0.1277 0.3292 0.4355 2.1667 0.769 -0.0704 0.5147 0.7074 4.0612 0.1021 0.1021 0.5659 1 0
33 346 168 0 0 0 0 0 1.0002 0 0.9635 0.1044 0.2138 0.2565 1.757 0.8385 0.056 0.4248 0.5955 4.0516 -0.0755 0.0755 0.6693 0 0
33 347 103 0 0 0 0 0 1.0003 0 0.922 0.24 0.416 0.5502 3.0655 0.7538 0.0076 0.4829 0.6146 4.0536 -0.2627 0.2627 0.6928 0 0
33 348 130 0 0 0 0 0 1.0003 0 0.9589 -0.1096 0.2683 0.3235 2.3275 0.803 -0.0164 0.4598 0.5838 3.9546 -0.0152 0.0152 0.5832 0 0
33 349 188 3 0 0 0 0 1.0009 0 0.8399 0.3027 0.4166 0.5613 2.2499 0.8188 0.2162 0.5226 0.6776 4.0924 0.062 0.062 0.6113 1 0
33 350 111 0 0 0 0 0 1.0007 0 0.9504 -0.0531 0.2634 0.4144 2.2351 0.6979 0.0795 0.5483 0.7101 4.0447 -0.0486 0.0486 0.5976 0 0
33 351 149 0 0 0 0 0 1.0006 0 0.9267 -0.019 0.3606 0.4102 2.3538 0.7234 0.05 0.5574 0.7968 4.0263 -0.0133 0.0133 0.6266 0 0
33 352 179 0 0 0 0 0 1.0006 0 0.9294 0.145 0.3344 0.4466 2.1817 0.8124 0.1766 0.4909 0.6428 4.0462 0.0515 0.0515 0.6024 0 0
33 353 178 103 0 0 0 0 1.0002 0 0.8614 0.8844 0.8876 1.3007 3.2454 0.7727 0.4591 0.6725 0.8671 4.459 0.1022 0.1022 0.7813 1 0
33 354 103 0 0 0 0 0 1.0008 0 0.8943 -0.2069 0.3147 0.4914 2.0781 0.7495 -0.107 0.5121 0.6856 4.1749 -0.2573 0.2573 0.6243 0 0
33 355 167 0 0 0 0 0 1.0002 0 0.8641 -0.2887 0.4286 0.5168 1.9724 0.7974 -0.1436 0.4608 0.6152 4.2625 0.0182 0.0182 0.6048 0 0
33 356 157 13 0 0 0 0 1.0006 0 0.9098 -0.14 0.5746 0.8066 2.8587 0.7034 0.02 0.5889 0.7497 4.0711 0.0697 0.0697 0.7155 1 0
33 357 153 0 0 0 0 0 1.0004 0 0.9445 0.0739 0.3151 0.3495 1.9065 0.8107 0.0164 0.5041 0.6478 4.0697 0.0399 0.0399 0.5235 0 0
33 358 147 0 0 0 0 0 1.0003 0 0.9013 0.2307 0.3887 0.5004 2.0199 0.7577 -0.0218 0.5189 0.6818 4.5886 -0.3084 0.3084 0.7994 0 0
33 359 118 0 0 0 0 0 1.0005 0 0.8094 -0.2452 0.5028 0.6307 2.3987 0.6931 0.0263 0.4929 0.627 4.2564 -0.3259 0.3259 0.6654 0 0
33 360 145 14 0 0 0 0 1.0003 0 0.9407 0.3885 0.5026 0.7117 3.0722 0.7829 0.2148 0.5834 0.7269 4.2582 0.0574 0.0574 0.6592 1 0
33 361 173 2 0 0 0 0 1.0005 0 0.8949 -0.2192 0.3979 0.4572 2.0549 0.8085 -0.2527 0.5152 0.663 4.1269 0.1608 0.1608 0.5411 1 0
33 362 114 0 0 0 0 0 1.0009 0 0.9615 -0.2104 0.5094 0.6832 2.5716 0.8496 -0.1189 0.472 0.6169 3.9945 -0.1473 0.1473 0.6044 0 0
33 363 187 0 0 0 0 0 1.0005 0 0.981 0.2152 0.373 0.4341 2.7209 0.7687 0.2239 0.5664 0.7079 4.0662 0.1159 0.1159 0.5705 0 0
33 364 184 1 0 0 0 0 1.0006 0 0.9144 -0.2464 0.402 0.4993 2.1703 0.7751 -0.0975 0.5037 0.6116 4.236 0.1931 0.1931 0.5658 1 0
33 365 150 49 0 0 0 0 1.0006 0 0.9558 -0.0274 0.1775 0.2434 2.3353 0.7905 -0.1845 0.4621 0.5855 4.2483 -6e-04 6e-04 0.7694 1 0
33 366 156 0 0 0 0 0 1.0002 0 0.9004 -0.1526 0.2875 0.3645 1.7765 0.7966 -0.0984 0.5072 0.6747 4.1829 0.0873 0.0873 0.5233 0 0
33 367 133 9 0 0 0 0 1.0003 0 0.8851 0.438 0.5074 0.6961 2.6983 0.7097 0.0679 0.5776 0.7137 4.1792 -0.0755 0.0755 0.7277 1 0
33 368 141 0 0 0 0 0 1.0005 0 0.9553 -0.1427 0.2239 0.2984 1.9478 0.8518 -0.0576 0.398 0.5557 4.0646 -0.1091 0.1091 0.525 0 0
33 369 137 0 0 0 0 0 1.0002 0 0.9677 0.0805 0.2484 0.2916 2.4877 0.7149 -0.0056 0.4613 0.6753 4.0746 -0.0068 0.0068 0.6433 0 0
33 370 165 0 0 0 0 0 1.0001 0 0.9024 0.2562 0.4625 0.6173 2.5468 0.8257 0.0311 0.4476 0.5617 4.0154 0.0373 0.0373 0.5692 0 0
33 371 131 0 0 0 0 0 1.0003 0 0.7405 0.1781 0.4253 0.5249 1.9367 0.8189 0.0488 0.4676 0.5981 4.1299 -0.0682 0.0682 0.6552 0 0
33 372 120 0 0 0 0 0 1.0003 0 0.9355 -0.1042 0.245 0.3652 2.136 0.7521 -0.0393 0.471 0.5981 4.1307 -0.1716 0.1716 0.7015 0 0
33 373 127 2 0 0 0 0 1.0015 0 0.9329 0.1469 0.3164 0.3872 2.0074 0.7786 -0.0399 0.4694 0.5994 4.0159 0.0243 0.0243 0.596 1 0
33 374 108 2 0 0 0 0 1.0008 0 0.9097 -0.256 0.3293 0.4877 2.6083 0.7873 -0.0306 0.5228 0.7159 4.4058 -0.3073 0.3073 0.8497 1 0
33 375 183 672 0 0 0 8 1.0087 0 0.9058 -0.2225 0.2992 0.4247 2.8223 0.7549 -0.1637 0.5636 0.6758 4.5435 0.1226 0.1226 0.7958 1 1
33 376 149 4 0 0 0 0 1.0005 0 0.8621 0.0864 0.2865 0.397 1.708 0.8047 0.1402 0.4914 0.657 4.1574 -0.0638 0.0638 0.6671 1 0
33 377 154 0 0 0 0 0 1.0007 0 0.9334 -0.1104 0.3624 0.4355 1.9437 0.7975 -0.0325 0.5353 0.7241 4.1778 -0.091 0.091 0.6135 0 0
33 378 131 1 0 0 0 0 1.0008 0 0.9585 0.0017 0.247 0.3021 1.9634 0.7816 -0.0566 0.4621 0.6508 4.1503 -0.034 0.034 0.6111 1 0
33 379 114 0 0 0 0 0 1.0002 0 0.944 0.1309 0.2811 0.4029 2.3219 0.7563 0.0661 0.4919 0.5884 4.4038 -0.1056 0.1056 0.6779 0 0
33 380 114 0 0 0 0 0 1.0005 0 0.9773 -0.0699 0.1795 0.2208 2.0475 0.7198 -0.0151 0.4857 0.6781 4.1827 -0.145 0.145 0.6493 0 0
33 381 178 10 0 0 0 0 1.0008 0 0.9178 -0.4558 0.4627 0.5742 2.2089 0.7823 -0.4471 0.6006 0.7631 4.2314 0.1375 0.1375 0.6083 1 0
33 382 158 0 0 0 0 0 1.0006 0 0.8846 -0.0462 0.3469 0.3783 1.7809 0.7699 -0.0325 0.4954 0.6693 4.1899 0.0761 0.0761 0.5776 0 0
33 383 156 26 0 0 0 0 1.0002 0 0.9249 0.0621 0.2326 0.3118 2.245 0.7239 0.1299 0.5361 0.7173 4.1056 -0.1337 0.1337 0.6712 1 0
33 384 166 0 0 0 0 0 1.0001 0 0.9419 -0.1281 0.2822 0.3492 1.7536 0.8464 -0.007 0.3753 0.5055 4.0153 0.0793 0.0793 0.5369 0 0
33 385 104 0 0 0 0 0 1.0005 0 0.9451 -0.0646 0.313 0.3702 1.9474 0.8366 -0.0738 0.4619 0.582 4.0359 -0.1654 0.1654 0.5744 0 0
33 386 196 0 0 0 0 0 1.0005 0 0.9216 -0.3 0.3789 0.4312 1.62 0.8533 -0.201 0.5274 0.6639 4.1364 0.0113 0.0113 0.6373 0 0
33 387 107 0 0 0 0 0 1.0003 0 0.9425 -0.102 0.3518 0.4519 2.3963 0.8678 -0.1707 0.5303 0.6703 3.9613 -0.1028 0.1028 0.5186 0 0
33 388 169 116 0 0 0 0 1.0014 0 0.8767 0.1924 0.4997 0.6432 2.841 0.704 -0.0157 0.6155 0.7839 4.335 0.1024 0.1024 0.7382 1 0
33 389 156 0 0 0 0 0 1.0003 0 0.9448 0.1819 0.4777 0.6717 2.7543 0.8179 0.2464 0.5485 0.7167 4.3088 0.0799 0.0799 0.631 0 0
33 390 121 0 0 0 0 0 1.0003 0 0.7838 0.001 0.3795 0.4855 1.586 0.7578 0.0176 0.5412 0.7086 4.1431 -0.2755 0.2755 0.6458 0 0
33 391 178 0 0 0 0 0 1.0006 0 0.9417 0.1079 0.3934 0.5308 2.647 0.7816 0.0809 0.4625 0.652 4.2397 0.0053 0.0053 0.6776 0 0
33 392 162 0 0 0 0 0 1.0001 0 0.9609 0.2722 0.4397 0.5083 2.751 0.6794 0.0284 0.5947 0.8011 4.6124 -0.127 0.127 0.8308 0 0
33 393 129 0 0 0 0 0 1.0007 0 0.9091 -0.0798 0.3229 0.4334 1.9969 0.8197 0.0401 0.5041 0.6577 4.0665 -0.035 0.035 0.6058 0 0
33 394 140 0 0 0 0 0 1.0006 0 0.9628 -0.0378 0.3161 0.3617 2.4968 0.7773 -0.017 0.5258 0.6571 4.0852 -0.0019 0.0019 0.5806 0 0
33 395 143 0 0 0 0 0 1.0013 0 0.97 0.038 0.2739 0.3346 2.0416 0.7786 0.0247 0.5123 0.6694 4.0645 -0.0051 0.0051 0.6054 0 0
33 396 195 0 0 0 0 0 1.0003 0 0.9694 -0.1531 0.1879 0.2453 1.7273 0.8228 -0.0985 0.4736 0.6106 4.0165 0.1819 0.1819 0.4687 0 0
33 397 125 0 0 0 0 0 1.0005 0 0.8971 -0.1341 0.4593 0.5885 2.3889 0.8196 -0.081 0.4369 0.564 4.1475 -0.1482 0.1482 0.638 0 0
33 398 164 9 0 0 0 0 1.0002 0 0.9233 -0.1804 0.2755 0.3498 2.1341 0.7891 -0.0226 0.461 0.6184 4.071 0.1231 0.1231 0.5952 1 0
33 399 160 0 0 0 0 0 1.0001 0 0.9472 0.0252 0.2567 0.3293 2.0178 0.7653 -0.0984 0.4986 0.6318 4.1499 -0.1034 0.1034 0.6336 0 0
33 400 140 0 0 0 0 0 1.0006 0 0.8106 0.0665 0.4142 0.4783 1.5971 0.8359 0.0269 0.4684 0.5611 4.052 0.0275 0.0275 0.5362 0 0
33 401 138 0 0 0 0 0 1.0006 0 0.9563 -0.1997 0.3359 0.4322 2.7578 0.7192 -0.036 0.5136 0.6598 4.1246 -0.1957 0.1957 0.7077 0 0
33 402 143 2 0 0 0 0 1.0004 0 0.8609 0.1902 0.4759 0.5964 2.153 0.7638 0.033 0.4976 0.6439 4.3596 0.0465 0.0465 0.6357 1 0
33 403 167 0 0 0 0 0 1.0006 0 0.9498 0.0392 0.5277 0.764 2.9203 0.7164 0.1972 0.5351 0.6956 4.0832 0.0511 0.0511 0.618 0 0
33 404 113 0 0 0 0 0 1.0005 0 0.941 -0.0077 0.4573 0.6146 2.9154 0.7521 0.0685 0.5496 0.6881 4.0487 -0.0491 0.0491 0.7096 0 0
33 405 180 1 0 0 0 0 1.0003 0 0.9643 0.1283 0.2696 0.3245 1.9546 0.8122 0.0445 0.464 0.5971 4.057 0.0983 0.0983 0.5889 1 0
33 406 146 73 0 0 0 0 1.0003 0 0.8824 -0.5513 0.5985 0.8729 2.9422 0.7095 -0.1148 0.6038 0.7412 4.2389 -0.0217 0.0217 0.7662 1 0
33 407 136 0 0 0 0 0 1.0007 0 0.9706 -0.0466 0.2716 0.3472 1.8309 0.8053 -0.0174 0.5143 0.6538 4.1935 0.013 0.013 0.5795 0 0
33 408 177 33 0 0 0 0 1.0001 0 0.6996 -0.2759 0.4963 0.6488 2.2432 0.8018 -0.1416 0.5034 0.6698 4.3989 0.1055 0.1055 0.6437 1 0
33 409 183 1 0 0 0 0 1.0003 0 0.9681 0.2198 0.316 0.4401 2.8148 0.774 0.177 0.5534 0.7007 3.9372 0.1476 0.1476 0.5455 1 0
33 410 117 0 0 0 0 0 1.0009 0 0.9607 -0.046 0.2252 0.2645 2.0735 0.8282 -0.0933 0.499 0.6414 4.0318 0.0333 0.0333 0.5505 0 0
33 411 167 1 0 0 0 0 1.0003 0 0.9095 -0.3865 0.3865 0.5029 1.6041 0.7842 -0.4089 0.5634 0.7296 4.1385 0.1389 0.1389 0.5675 1 0
33 412 170 1 0 0 0 0 1.0003 0 0.9619 -0.0584 0.3202 0.3806 2.5456 0.816 -0.0363 0.5359 0.6863 4.0888 0.1334 0.1334 0.5804 1 0
33 413 167 9001 0 0 113 114 9.3324 105 0.6902 0.338 0.5417 0.7009 3.8501 0.4282 0.0738 0.8784 1.1114 9.0555 0.3017 0.3017 0.951 1 1
33 414 169 1 0 0 0 0 1.0004 0 0.9382 -0.0046 0.2342 0.2732 1.6857 0.7822 0.0037 0.5287 0.6752 4.2364 0.143 0.143 0.5613 1 0
33 415 135 2 0 0 0 0 1.0015 0 0.98 -0.2896 0.3141 0.3755 2.584 0.7551 -0.2775 0.566 0.7306 4.1741 0.0693 0.0693 0.6267 1 0
33 416 130 0 0 0 0 0 1.0004 0 0.9226 -0.2168 0.3471 0.4325 1.8031 0.8028 -0.1608 0.4787 0.6267 4.2487 -0.1139 0.1139 0.6259 0 0
33 417 183 199 0 0 0 0 1.0006 0 0.5054 0.5416 0.7092 0.9497 2.7005 0.6947 0.2377 0.6289 0.8428 4.3089 -0.008 0.008 0.9059 1 0
33 418 187 23 0 0 0 0 1.0007 0 0.899 -0.1766 0.3663 0.4903 2.255 0.819 -0.0362 0.4929 0.6285 4.2217 0.0289 0.0289 0.6685 1 0
33 419 152 0 0 0 0 0 1.0001 0 0.9599 0.0065 0.3095 0.3924 2.4426 0.7191 -0.0845 0.5245 0.6733 4.1053 -0.0424 0.0424 0.6683 0 0
33 420 180 0 0 0 0 0 1.0005 0 0.9187 -0.0803 0.3026 0.3612 1.8831 0.8207 -0.0257 0.4546 0.5705 4.0764 0.1658 0.1658 0.4932 0 0
33 421 117 0 0 0 0 0 1.0009 0 0.9863 -0.2023 0.2461 0.2699 2.4779 0.734 -0.1 0.4708 0.6698 4.0338 -0.1745 0.1745 0.6453 0 0
33 422 122 43 0 0 0 0 1.0013 0 0.8511 0.5405 0.6033 0.8397 3.0179 0.6822 0.2684 0.6644 0.8427 4.3224 -0.0084 0.0084 0.7348 1 0
33 423 130 5 0 0 0 0 1.0006 0 0.8648 0.4265 0.6248 1.0926 3.1574 0.8081 -0.0772 0.5052 0.6598 4.1064 -0.0627 0.0627 0.6151 1 0
33 424 133 0 0 0 0 0 1.0009 0 0.9269 0.4528 0.4528 0.5662 2.3432 0.8039 0.2826 0.5644 0.679 4.0446 -0.098 0.098 0.6425 0 0
33 425 188 170 0 0 0 0 1.0002 0 0.7622 -0.187 0.3727 0.5809 2.8091 0.7475 -0.1273 0.5604 0.7181 4.3885 0.1064 0.1064 0.7413 1 0
33 426 115 0 0 0 0 0 1.0007 0 0.9667 0.0324 0.1814 0.2703 2.5564 0.7444 0.0167 0.5069 0.6597 3.9998 -0.2142 0.2142 0.6173 0 0
33 427 147 0 0 0 0 0 1.0004 0 0.9554 0.1704 0.2641 0.4308 2.5133 0.8275 0.0868 0.4275 0.537 4.172 0.0052 0.0052 0.6139 0 0
33 428 173 14 0 0 0 0 1.0004 0 0.9495 -0.3175 0.3257 0.4499 2.1648 0.7709 -0.1235 0.5613 0.7265 4.216 0.0576 0.0576 0.6761 1 0
33 429 107 1 0 0 0 0 1.0003 0 0.9205 -0.0959 0.3374 0.4075 2.2897 0.7762 0.0193 0.5268 0.6898 4.112 -0.1219 0.1219 0.6623 1 0
33 430 122 0 0 0 0 0 1.0003 0 0.9455 -0.1984 0.349 0.6294 2.943 0.7874 0.0025 0.4552 0.5978 4.0958 -0.0945 0.0945 0.6111 0 0
33 431 126 0 0 0 0 0 1.0003 0 0.9668 -0.0386 0.2471 0.3269 2.6345 0.8016 -0.0112 0.4156 0.5639 4.0572 -0.3278 0.3278 0.6423 0 0
33 432 128 0 0 0 0 0 1.0001 0 0.9735 -0.011 0.2577 0.3444 2.2923 0.7144 -0.063 0.597 0.8028 4.0262 -0.1751 0.1751 0.6718 0 0
33 433 147 0 0 0 0 0 1.0011 0 0.9142 0.2084 0.3243 0.3896 1.8013 0.7979 0.2343 0.4867 0.6125 3.9353 -0.1025 0.1025 0.58 0 0
33 434 138 0 0 0 0 0 1.0004 0 0.8966 0.0732 0.336 0.4124 1.972 0.8112 0.0719 0.5092 0.6232 4.0071 -0.0491 0.0491 0.5701 0 0
33 435 146 5 0 0 0 0 1.0002 0 0.9321 -0.055 0.6118 0.8608 2.9084 0.6886 0.0466 0.5347 0.721 4.3093 0.0962 0.0962 0.6218 1 0
33 436 105 0 0 0 0 0 1.001 0 0.8884 0.2149 0.3518 0.4769 1.9331 0.789 0.0688 0.4657 0.5954 4.0676 -0.2102 0.2102 0.654 0 0
33 437 132 0 0 0 0 0 1.001 0 0.9587 0.2403 0.2849 0.3308 2.0466 0.799 0.2114 0.4429 0.5641 4.1083 -0.1241 0.1241 0.6671 0 0
33 438 151 0 0 0 0 0 1.0004 0 0.7862 -0.1087 0.6124 0.7777 2.2479 0.814 -0.0551 0.4592 0.5891 4.1708 -0.1437 0.1437 0.6889 0 0
33 439 105 1 0 0 0 0 1.0004 0 0.9333 0.2862 0.4135 0.5872 2.8778 0.7831 0.1179 0.5109 0.6569 4.1233 -0.0827 0.0827 0.6923 1 0
33 440 149 0 0 0 0 0 1.0004 0 0.8359 0.3401 0.5337 0.8812 2.7563 0.7503 0.1017 0.5287 0.6658 4.1172 -0.5056 0.5056 0.5756 0 0
33 441 200 465 0 0 0 0 1.0006 0 0.8418 -0.3936 0.4857 0.6382 3.0918 0.7701 -0.2204 0.6188 0.7522 4.5917 0.1323 0.1323 0.778 1 0
33 442 136 2 0 0 0 0 1.001 0 0.93 -0.0809 0.2806 0.3348 1.9384 0.7718 -0.1352 0.6053 0.7993 4.3597 0.0376 0.0376 0.631 1 0
33 443 184 4 0 0 0 0 1.0003 0 0.9711 -0.0097 0.2614 0.3103 2.3536 0.7526 0.1024 0.4709 0.5934 4.289 0.1597 0.1597 0.5662 1 0
33 444 142 1 0 0 0 0 1.0003 0 0.9258 -0.1345 0.2934 0.3567 1.6993 0.8387 -0.0842 0.4791 0.6097 4.165 -0.0224 0.0224 0.649 1 0
33 445 179 6 0 0 0 0 1.0009 0 0.877 0.2036 0.3808 0.4789 2.3417 0.8111 0.2124 0.5149 0.6465 4.0498 0.0413 0.0413 0.6209 1 0
33 446 117 0 0 0 0 0 1.0007 0 0.9643 0.3372 0.3461 0.4324 1.7848 0.7459 0.202 0.5925 0.7672 4.062 0.0111 0.0111 0.5874 0 0
33 447 172 0 0 0 0 0 1.0002 0 0.9119 -0.3012 0.3591 0.4745 1.9462 0.7053 -0.2474 0.5953 0.7519 4.0282 -0.4882 0.4882 0.5843 0 0
33 448 146 0 0 0 0 0 1.0005 0 0.9576 0.252 0.3925 0.5402 2.2777 0.781 0.2215 0.4935 0.6103 4.0953 -0.2077 0.2077 0.6982 0 0
33 449 144 0 0 0 0 0 1.0005 0 0.9742 0.0534 0.1868 0.226 2.005 0.7084 0.0925 0.4899 0.6421 4.1385 0.0505 0.0505 0.6062 0 0
33 450 146 0 0 0 0 0 1.0004 0 0.9046 0.0484 0.3713 0.4373 1.8656 0.8066 0.0551 0.4691 0.5959 4.1906 0.0624 0.0624 0.5453 0 0
33 451 142 0 0 0 0 0 1.0002 0 0.909 -0.1316 0.4566 0.5633 2.0203 0.7751 -0.0155 0.5337 0.6631 4.0924 -0.0021 0.0021 0.5858 0 0
33 452 107 1 0 0 0 0 1.0003 0 0.9416 -0.0682 0.2698 0.2967 2.2287 0.7738 -0.0303 0.437 0.6392 4.0755 -0.1694 0.1694 0.7292 1 0
33 453 100 0 0 0 0 0 1.0003 0 0.9183 0.2212 0.5568 0.7867 2.9688 0.7181 -0.0449 0.5416 0.6676 4.1582 -0.1413 0.1413 0.7066 0 0
33 454 142 0 0 0 0 0 1.0005 0 0.9499 -0.2372 0.3153 0.3721 1.8279 0.8177 -0.2233 0.5047 0.6287 4.0275 0.0153 0.0153 0.5699 0 0
33 455 111 0 0 0 0 0 1.0005 0 0.9063 -0.1249 0.2809 0.3568 1.6162 0.7786 -0.103 0.5033 0.6132 4.0448 -0.1158 0.1158 0.6099 0 0
33 456 131 0 0 0 0 0 1.0002 0 0.9085 -0.1991 0.3137 0.4339 1.7736 0.8367 -0.1711 0.5171 0.6512 4.1598 -0.029 0.029 0.6075 0 0
33 457 156 0 0 0 0 0 1.0009 0 0.924 -0.2141 0.3179 0.4381 1.9418 0.7088 -0.1851 0.5159 0.6908 4.0684 -0.149 0.149 0.6393 0 0
33 458 160 0 0 0 0 0 1.0002 0 0.8979 -0.3261 0.4112 0.4588 1.8831 0.6956 -0.1961 0.5648 0.7369 4.1858 0.0433 0.0433 0.5735 0 0
33 459 157 0 0 0 0 0 1.0003 0 0.9469 -0.1037 0.2789 0.3606 1.8251 0.8409 -0.0384 0.4755 0.6067 4.0747 0.0781 0.0781 0.5679 0 0
33 460 159 630 0 0 0 3 1.0117 0 0.8312 -0.1696 0.373 0.4924 2.8098 0.7396 -0.0564 0.4364 0.5438 4.4471 0.0033 0.0033 0.8855 1 1
33 461 133 0 0 0 0 0 1.0003 0 0.7368 0.1129 0.506 0.6106 1.9202 0.7743 0.0287 0.5365 0.7127 4.1657 -0.1311 0.1311 0.663 0 0
33 462 185 1 0 0 0 0 1.0003 0 0.9317 -0.191 0.3081 0.3822 2.0526 0.733 -0.3015 0.5278 0.6954 4.0225 0.1735 0.1735 0.5317 1 0
33 463 161 2 0 0 0 0 1.0012 0 0.8619 0.2851 0.3446 0.4418 2.6084 0.788 0.3012 0.5194 0.6588 4.1465 -0.0557 0.0557 0.6837 1 0
33 464 146 0 0 0 0 0 1.0005 0 0.9251 0.0346 0.273 0.3675 1.717 0.8139 -0.0392 0.5677 0.7375 4.0059 -0.1645 0.1645 0.6178 0 0
33 465 102 0 0 0 0 0 1.0012 0 0.8678 -0.2418 0.3869 0.4663 2.0569 0.7045 -0.1175 0.5853 0.7576 4.168 -0.2006 0.2006 0.689 0 0
33 466 164 0 0 0 0 0 1.0003 0 0.9446 -0.2438 0.2744 0.3917 1.8085 0.7733 -0.3089 0.5474 0.6955 4.163 0.1049 0.1049 0.5962 0 0
33 467 148 0 0 0 0 0 1.0003 0 0.9152 0.1354 0.3139 0.3662 1.8215 0.7686 0.1091 0.5288 0.694 4.1106 0.0032 0.0032 0.5821 0 0
33 468 101 35 0 0 0 0 1.0016 0 0.9097 0.2559 0.3693 0.4835 2.7967 0.7434 0.0467 0.5343 0.6633 4.1033 -0.0642 0.0642 0.7141 1 0
33 469 116 0 0 0 0 0 1.0002 0 0.9044 0.1106 0.3454 0.4027 1.9872 0.8059 0.1006 0.4341 0.5621 4.0526 -0.0917 0.0917 0.5976 0 0
33 470 141 0 0 0 0 0 1.0003 0 0.9866 0.0865 0.1808 0.2371 2.3964 0.8045 0.0218 0.4893 0.5993 4.0191 -0.0213 0.0213 0.5846 0 0
33 471 107 0 0 0 0 0 1.0008 0 0.9367 0.0484 0.3151 0.4099 2.271 0.8036 -0.0217 0.5035 0.644 4.2722 -0.1208 0.1208 0.6742 0 0
33 472 118 0 0 0 0 0 1.0006 0 0.9435 -0.416 0.546 0.7305 2.6782 0.7435 -0.176 0.5228 0.6886 4.1954 -0.2017 0.2017 0.6741 0 0
33 473 182 2512 0 0 101 68 1.1901 65 0.8989 0.6769 0.7137 1.0353 2.9693 0.8231 0.3297 0.5681 0.7003 4.4528 0.2332 0.2332 0.8378 1 1
33 474 112 0 0 0 0 0 1.0002 0 0.9544 -0.1678 0.2761 0.3464 2.3927 0.8081 -0.0213 0.4574 0.6043 4.0999 -0.1748 0.1748 0.6863 0 0
33 475 141 0 0 0 0 0 1.0008 0 0.8741 -0.1984 0.4848 0.6402 2.3569 0.7911 0.017 0.4165 0.5264 4.0037 -0.1244 0.1244 0.6206 0 0
33 476 124 0 0 0 0 0 1.0005 0 0.9269 0.1749 0.3337 0.3866 2.2568 0.6554 0.1373 0.6217 0.8023 4.0594 -0.3033 0.3033 0.6971 0 0
33 477 165 1 0 0 0 0 1.0002 0 0.9498 0.0854 0.3025 0.3823 2.5669 0.7681 0.152 0.4811 0.6252 4.014 0.1459 0.1459 0.5867 1 0
33 478 124 0 0 0 0 0 1.0009 0 0.9506 0.0801 0.2293 0.3055 2.7486 0.7023 -0.0962 0.516 0.6516 4.2304 -0.2559 0.2559 0.7546 0 0
33 479 128 2 0 0 0 0 1.0005 0 0.8149 0.2617 0.4721 0.6085 2.3709 0.8025 -0.0143 0.4884 0.6277 4.1557 -0.1319 0.1319 0.7386 1 0
33 480 612 1931 0 0 0 0 1.0014 0 0.7659 1.3374 1.3374 1.7267 3.4346 0.7787 0.756 0.8459 0.993 4.9043 0.449 0.449 0.678 1 0
33 481 180 11 0 0 0 0 1.0001 0 0.9348 0.2948 0.4052 0.4962 2.324 0.8397 0.22 0.5401 0.6559 4.0632 0.0942 0.0942 0.6136 1 0
33 482 111 0 0 0 0 0 1.0004 0 0.9605 -0.5314 0.6734 0.9314 2.7912 0.8035 -0.0699 0.6132 0.7552 4.2534 -0.1161 0.1161 0.6991 0 0
33 483 176 25 0 0 0 0 1.0005 0 0.8032 -0.5014 0.6678 0.824 2.4443 0.7614 -0.1357 0.523 0.658 4.432 0.0947 0.0947 0.6889 1 0
33 484 155 0 0 0 0 0 1.0002 0 0.8672 -0.2874 0.6887 1.1532 2.9118 0.7499 0.1458 0.5272 0.6994 4.249 -0.144 0.144 0.7372 0 0
33 485 180 25 0 0 0 0 1.001 0 0.9013 -0.0414 0.3029 0.4033 2.32 0.8104 -0.0136 0.484 0.6386 4.061 0.1294 0.1294 0.6478 1 0
33 486 1191 844 0 0 0 0 1.0012 0 0.8452 2.0742 2.0742 2.2709 3.4542 0.6411 1.3821 1.4159 1.639 5.4135 0.5452 0.5452 0.5834 1 0
33 487 149 0 0 0 0 0 1.0008 0 0.9231 -0.1419 0.3474 0.4286 2.0978 0.7927 -0.2171 0.5187 0.6464 4.1408 -0.0054 0.0054 0.6248 0 0
33 488 172 1 0 0 0 0 1.0002 0 0.8971 0.0927 0.2841 0.3701 2.0371 0.7921 -0.0109 0.5021 0.6163 4.2956 0.2039 0.2039 0.5218 1 0
33 489 490 3425 0 0 98 81 1.0508 1 0.7878 0.6453 0.6453 0.817 3.0022 0.699 0.4599 0.6897 0.8913 5.2463 0.2585 0.2585 0.7898 1 1
33 490 132 0 0 0 0 0 1.0008 0 0.8989 -0.0602 0.2531 0.3922 2.0104 0.781 -0.0555 0.5014 0.658 4.0561 -0.0882 0.0882 0.6705 0 0
33 491 158 22 0 0 0 0 1.0002 0 0.781 0.5479 0.5915 0.8418 2.7963 0.7311 0.2657 0.5798 0.7059 4.3051 0.0276 0.0276 0.7199 1 0
33 492 131 0 0 0 0 0 1.0004 0 0.9406 -0.1437 0.3344 0.4298 2.1286 0.7978 -0.1822 0.4736 0.58 4.0456 -0.0137 0.0137 0.5885 0 0
33 493 152 0 0 0 0 0 1.0011 0 0.9444 -0.2681 0.4903 0.643 2.6405 0.755 -0.2223 0.5519 0.6655 4.0973 -0.0376 0.0376 0.6723 0 0
33 494 124 0 0 0 0 0 1.0002 0 0.9518 -0.0191 0.3215 0.4346 2.2881 0.7986 0.001 0.5256 0.6363 4.1732 -0.0215 0.0215 0.6323 0 0
33 495 172 0 0 0 0 0 1.0001 0 0.8644 -0.0162 0.3689 0.4434 1.7552 0.8392 -0.0435 0.421 0.5497 4.1781 0.0846 0.0846 0.603 0 0
33 496 141 0 0 0 0 0 1.0005 0 0.977 0.0038 0.235 0.2942 2.5832 0.6578 -0.0878 0.5217 0.6534 4.6319 -0.3948 0.3948 0.8011 0 0
33 497 129 0 0 0 0 0 1.0002 0 0.8855 -0.1232 0.4321 0.5555 2.8573 0.7907 -0.0153 0.4617 0.5955 3.9959 -0.1754 0.1754 0.6255 0 0
33 498 141 0 0 0 0 0 1.001 0 0.9644 0.2368 0.2874 0.3955 2.1536 0.7736 0.0405 0.4411 0.5847 4.2724 -0.1602 0.1602 0.7801 0 0
33 499 116 0 0 0 0 0 1.0009 0 0.9151 -0.0984 0.3543 0.6016 3.0676 0.7131 -0.0358 0.5508 0.6939 4.1019 -0.124 0.124 0.6757 0 0
33 500 99 0 0 0 0 0 1.0013 0 0.8996 -0.0458 0.3208 0.4539 2.3319 0.7183 0.012 0.5176 0.6542 4.1209 -0.1343 0.1343 0.6596 0 0
