cond r run.time ndiv nbfmi ntree nbulk ntail maxRhat nRhat beta.cor beta.bias beta.abbias beta.rmse beta.cover beta.CI theta.cor theta.bias theta.abbias theta.rmse theta.cover theta.CI attra.cor attra.bias attra.abbias attra.rmse attra.cover attra.CI lambda.bias lambda.abbias lambda.rbias lambda.rbias2 lambda.cover lambda.CI pvar.bias pvar.abbias pvar.rbias pvar.rbias2 pvar.cover pvar.CI sigma2.bias sigma2.abbias sigma2.rbias sigma2.rbias2 sigma2.cover sigma2.CI corrupt efficiency
20 1 5575 0 0 0 0 0 1.003 0 0.9879 0.7067 0.7067 0.7227 0.5 1.3458 0.9414 0.7111 0.8072 0.9758 0.86 2.8711 0.9862 0.783 0.783 0.867 0.71 1.6397 -2e-04 2e-04 -3e-04 0.9997 1 0.2341 0.0542 0.0542 0.0407 1.0407 1 0.923 0.0332 0.0332 0.0332 1.0332 1 0.6939 0 0
20 2 4900 0 0 0 0 0 1.0043 0 0.9911 0.1771 0.2143 0.2672 1 1.3704 0.939 0.1866 0.49 0.6102 0.974 2.6232 0.9825 0.2084 0.3095 0.3717 1 1.49 -0.0603 0.0603 -0.1207 0.8793 1 0.2465 -0.149 0.149 -0.1118 0.8882 1 0.7782 -0.0501 0.0501 -0.0501 0.9499 1 0.6399 0 0
20 3 8971 0 0 0 0 0 1.0014 0 0.9963 -0.8268 0.8268 0.8325 0 1.3352 0.9282 -0.7602 0.8524 1.0152 0.792 2.6561 0.994 -0.7702 0.7717 0.7857 0.61 1.6374 0.0698 0.0698 0.1396 1.1396 1 0.2213 -0.0486 0.0486 -0.0365 0.9635 1 0.8653 -0.1398 0.1398 -0.1398 0.8602 1 0.5878 0 0
20 4 6199 0 0 0 0 0 1.0057 0 0.9946 -0.0783 0.1042 0.1289 1 1.3145 0.9465 -0.0782 0.4902 0.6293 0.968 2.5954 0.99 -0.0868 0.1773 0.2307 1 1.5477 0.0061 0.0061 0.0121 1.0121 1 0.2486 -0.2318 0.2318 -0.1738 0.8262 1 0.7271 -0.1866 0.1866 -0.1866 0.8134 1 0.5707 0 0
20 5 9092 0 0 0 0 0 1.0042 0 0.9887 0.0254 0.158 0.2038 1 1.3063 0.9398 0.0106 0.495 0.6281 0.96 2.5046 0.9815 0.1052 0.306 0.3653 1 1.5992 0.0836 0.0836 0.1673 1.1673 1 0.2118 -0.0855 0.0855 -0.0642 0.9358 1 0.8335 -0.1843 0.1843 -0.1843 0.8157 1 0.5451 0 0
20 6 6109 0 0 0 0 0 1.0016 0 0.9927 -0.5089 0.5089 0.5417 0.8333 1.3274 0.9339 -0.4178 0.6184 0.7494 0.884 2.3784 0.9929 -0.498 0.5107 0.5726 0.648 1.4516 0.0459 0.0459 0.0918 1.0918 1 0.2392 -0.447 0.447 -0.3352 0.6648 0 0.6566 -0.3822 0.3822 -0.3822 0.6178 0 0.484 0 0
20 7 6324 0 0 0 0 0 1.0068 0 0.9838 0.6752 0.6752 0.6867 0.25 1.3063 0.9366 0.7145 0.7952 0.9508 0.814 2.6379 0.9788 0.4735 0.4735 0.5556 0.808 1.5697 0.0095 0.0095 0.0189 1.0189 1 0.2415 -0.1732 0.1732 -0.1299 0.8701 1 0.7558 -0.1477 0.1477 -0.1477 0.8523 1 0.5657 0 0
20 8 5998 0 0 0 0 0 1.0055 0 0.9843 -0.8225 0.8225 0.8369 0.0833 1.3106 0.944 -0.8485 0.9103 1.0667 0.756 2.7515 0.9898 -0.7906 0.7906 0.8216 0.578 1.6363 0.037 0.037 0.0741 1.0741 1 0.23 0.0212 0.0212 0.0159 1.0159 1 0.9048 -0.0438 0.0438 -0.0438 0.9562 1 0.6578 0 0
20 9 6828 0 0 0 0 0 1.0056 0 0.996 0.2868 0.2903 0.3244 1 1.3047 0.9427 0.1627 0.5274 0.6641 0.962 2.5614 0.9902 0.2703 0.298 0.3714 0.938 1.4818 -0.0478 0.0478 -0.0956 0.9044 1 0.2359 -0.2052 0.2052 -0.1539 0.8461 1 0.7352 -0.1078 0.1078 -0.1078 0.8922 1 0.5972 0 0
20 10 5950 0 0 0 0 0 1.0057 0 0.9936 0.1527 0.2028 0.2232 1 1.3776 0.9417 0.1 0.5123 0.6668 0.964 2.6628 0.9976 0.2351 0.2351 0.2555 1 1.6749 0.0625 0.0625 0.125 1.125 1 0.2333 0.0073 0.0073 0.0055 1.0055 1 0.91 -0.091 0.091 -0.091 0.909 1 0.6558 0 0
20 11 5233 0 0 0 0 0 1.0055 0 0.9727 -0.4604 0.4604 0.4993 0.8333 1.3001 0.9419 -0.4297 0.6557 0.8082 0.902 2.6453 0.9935 -0.5103 0.5103 0.5385 0.852 1.5077 -0.0488 0.0488 -0.0975 0.9025 1 0.2392 -0.1744 0.1744 -0.1308 0.8692 1 0.7406 -0.0831 0.0831 -0.0831 0.9169 1 0.5815 0 0
20 12 4360 0 0 0 0 0 1.0045 0 0.9954 -0.9608 0.9608 0.977 0 1.3322 0.9444 -0.9026 0.9713 1.1237 0.688 2.6035 0.9931 -0.9423 0.9423 0.9577 0.13 1.5016 -0.0099 0.0099 -0.0198 0.9802 1 0.2684 -0.3286 0.3286 -0.2465 0.7535 1 0.7218 -0.2428 0.2428 -0.2428 0.7572 1 0.5691 0 0
20 13 7039 0 0 0 0 0 1.0031 0 0.9939 -0.3332 0.3332 0.3642 1 1.308 0.9444 -0.3103 0.5494 0.6806 0.96 2.742 0.987 -0.3 0.3433 0.4008 0.962 1.4904 -0.1133 0.1133 -0.2266 0.7734 1 0.2549 -0.0861 0.0861 -0.0645 0.9355 1 0.8068 0.0549 0.0549 0.0549 1.0549 1 0.7059 0 0
20 14 4156 0 0 0 0 0 1.012 0 0.9935 0.2662 0.2768 0.3372 1 1.3041 0.9361 0.209 0.546 0.7047 0.928 2.4386 0.9958 0.2548 0.2903 0.3453 1 1.4534 -0.0485 0.0485 -0.0971 0.9029 1 0.2501 -0.4823 0.4823 -0.3617 0.6383 0 0.5451 -0.3272 0.3272 -0.3272 0.6728 0 0.4471 0 0
20 15 6060 0 0 0 0 0 1.0083 0 0.9944 0.2164 0.2384 0.2643 1 1.3397 0.9431 0.2053 0.5206 0.6602 0.956 2.5674 0.9913 0.1321 0.1909 0.2385 1 1.5277 -0.0023 0.0023 -0.0047 0.9953 1 0.2401 -0.1824 0.1824 -0.1368 0.8632 1 0.7509 -0.14 0.14 -0.14 0.86 1 0.5901 0 0
20 16 7736 0 0 0 0 0 1.0072 0 0.9765 0.5324 0.5324 0.5637 0.6667 1.3045 0.9356 0.5667 0.7182 0.8802 0.874 2.7111 0.9905 0.6418 0.6418 0.6798 0.698 1.5937 0.0308 0.0308 0.0616 1.0616 1 0.222 -0.0737 0.0737 -0.0553 0.9447 1 0.834 -0.1025 0.1025 -0.1025 0.8975 1 0.5994 0 0
20 17 6312 0 0 0 0 0 1.0036 0 0.9884 -0.0126 0.1941 0.239 1 1.3011 0.943 0.042 0.5276 0.6756 0.93 2.3949 0.9912 -0.0866 0.1792 0.2273 1 1.6664 0.1582 0.1582 0.3164 1.3164 0 0.205 -0.2504 0.2504 -0.1878 0.8122 1 0.7807 -0.3938 0.3938 -0.3938 0.6062 0 0.4365 0 0
20 18 8339 0 0 0 0 0 1.0024 0 0.988 -0.0486 0.1398 0.1587 1 1.2891 0.9464 -0.0512 0.475 0.6145 0.972 2.6715 0.9739 -0.1372 0.3062 0.3565 1 1.6738 0.0786 0.0786 0.1571 1.1571 1 0.2206 0.1178 0.1178 0.0884 1.0884 1 0.979 -0.0439 0.0439 -0.0439 0.9561 1 0.64 0 0
20 19 7248 0 0 0 0 0 1.0041 0 0.9897 -0.5129 0.5129 0.5378 0.8333 1.3229 0.9498 -0.4902 0.6336 0.7784 0.92 2.6597 0.9929 -0.4033 0.4078 0.4407 1 1.6967 0.089 0.089 0.178 1.178 1 0.2113 0.0631 0.0631 0.0473 1.0473 1 0.9443 -0.0955 0.0955 -0.0955 0.9045 1 0.6316 0 0
20 20 7479 0 0 0 0 0 1.0058 0 0.9767 0.4 0.4 0.4401 1 1.3285 0.9438 0.5019 0.6644 0.8285 0.934 2.9562 0.9916 0.541 0.5626 0.6004 0.9 1.7615 0.038 0.038 0.0761 1.0761 1 0.217 0.4515 0.4515 0.3386 1.3386 1 1.1194 0.2585 0.2585 0.2585 1.2585 1 0.7935 0 0
20 21 6672 0 0 0 0 0 1.0052 0 0.9631 0.1224 0.2207 0.2784 0.9167 1.3181 0.9494 0.12 0.4854 0.6056 0.984 2.6977 0.996 0.1232 0.1435 0.1794 1 1.6266 0.0427 0.0427 0.0854 1.0854 1 0.2276 0.0992 0.0992 0.0744 1.0744 1 0.961 0.002 0.002 0.002 1.002 1 0.6805 0 0
20 22 6321 0 0 0 0 0 1.0044 0 0.978 -0.06 0.136 0.1523 1 1.3261 0.9299 -0.0954 0.5228 0.6525 0.96 2.5208 0.9842 0.0304 0.2459 0.3052 1 1.5336 0.012 0.012 0.024 1.024 1 0.2334 -0.2668 0.2668 -0.2001 0.7999 1 0.7031 -0.2187 0.2187 -0.2187 0.7813 1 0.5334 0 0
20 23 5438 0 0 0 0 0 1.0034 0 0.9952 0.0904 0.2527 0.307 1 1.3705 0.9371 0.097 0.512 0.659 0.944 2.4265 0.9902 0.1619 0.2889 0.3747 0.92 1.398 -0.0519 0.0519 -0.1039 0.8961 1 0.2589 -0.4827 0.4827 -0.362 0.638 0 0.626 -0.324 0.324 -0.324 0.676 0 0.5279 0 0
20 24 4952 0 0 0 0 0 1.0037 0 0.9881 -0.6018 0.6018 0.6301 0.5 1.31 0.9305 -0.5566 0.7001 0.8613 0.86 2.5938 0.9865 -0.6651 0.6651 0.726 0.602 1.4732 -0.0371 0.0371 -0.0741 0.9259 1 0.2512 -0.1852 0.1852 -0.1389 0.8611 1 0.7534 -0.104 0.104 -0.104 0.896 1 0.6227 0 0
20 25 7399 0 0 0 0 0 1.01 0 0.9891 -0.5439 0.5439 0.5553 0.9167 1.3235 0.9381 -0.5687 0.6623 0.8107 0.884 2.6839 0.9829 -0.5073 0.5231 0.5812 0.82 1.617 0.0076 0.0076 0.0152 1.0152 1 0.231 0.0365 0.0365 0.0274 1.0274 1 0.8676 0.0095 0.0095 0.0095 1.0095 1 0.6519 0 0
20 26 5019 0 0 0 0 0 1.0037 0 0.9917 -0.4919 0.4919 0.5119 0.8333 1.3338 0.9354 -0.5623 0.7004 0.8454 0.904 2.8078 0.9849 -0.5521 0.5521 0.6039 0.806 1.5443 -0.0885 0.0885 -0.177 0.823 1 0.2408 0.1198 0.1198 0.0899 1.0899 1 0.8734 0.1999 0.1999 0.1999 1.1999 1 0.7206 0 0
20 27 4884 0 0 0 0 0 1.0036 0 0.9898 0.4518 0.4518 0.5253 0.8333 1.3531 0.9329 0.4235 0.6466 0.7997 0.886 2.512 0.996 0.2777 0.2926 0.3487 1 1.4723 -0.0534 0.0534 -0.1067 0.8933 1 0.248 -0.3663 0.3663 -0.2747 0.7253 0 0.6486 -0.2308 0.2308 -0.2308 0.7692 1 0.5267 0 0
20 28 5369 0 0 0 0 0 1.0037 0 0.9955 -1.1163 1.1163 1.1312 0 1.3854 0.9301 -0.9957 1.0402 1.1989 0.668 2.6535 0.9834 -1.0453 1.0453 1.0788 0.184 1.5901 0.0401 0.0401 0.0802 1.0802 1 0.2373 -0.144 0.144 -0.108 0.892 1 0.8053 -0.1639 0.1639 -0.1639 0.8361 1 0.611 0 0
20 29 7332 0 0 0 0 0 1.0047 0 0.9949 0.5363 0.5363 0.5648 0.75 1.328 0.9407 0.5072 0.6719 0.8225 0.894 2.6238 0.9784 0.5733 0.5791 0.6437 0.904 1.6416 0.0758 0.0758 0.1516 1.1516 1 0.2092 -0.0326 0.0326 -0.0245 0.9755 1 0.8659 -0.1379 0.1379 -0.1379 0.8621 1 0.5827 0 0
20 30 6483 0 0 0 0 0 1.0071 0 0.9939 -0.7267 0.7267 0.7439 0.1667 1.2976 0.9413 -0.6721 0.7761 0.937 0.818 2.6301 0.9885 -0.5487 0.5487 0.5908 0.926 1.5942 0.0393 0.0393 0.0785 1.0785 1 0.2194 -0.0357 0.0357 -0.0268 0.9732 1 0.842 -0.0868 0.0868 -0.0868 0.9132 1 0.6159 0 0
20 31 5859 0 0 0 0 0 1.0023 0 0.9908 -0.1812 0.2348 0.2489 1 1.2974 0.9397 -0.1871 0.5299 0.6774 0.948 2.5351 0.9765 -0.1317 0.2754 0.332 1 1.4966 -0.0092 0.0092 -0.0184 0.9816 1 0.2286 -0.2694 0.2694 -0.2021 0.7979 1 0.7111 -0.1976 0.1976 -0.1976 0.8024 1 0.5475 0 0
20 32 5595 0 0 0 0 0 1.0083 0 0.9853 -0.1796 0.2019 0.2497 1 1.3131 0.937 -0.1913 0.5156 0.6534 0.96 2.6707 0.9808 -0.2328 0.3015 0.3674 1 1.5524 -0.0388 0.0388 -0.0776 0.9224 1 0.243 -0.0045 0.0045 -0.0034 0.9966 1 0.8137 0.0392 0.0392 0.0392 1.0392 1 0.6751 0 0
20 33 6422 0 0 0 0 0 1.004 0 0.9947 -0.302 0.302 0.3139 1 1.3565 0.9459 -0.2987 0.5509 0.6974 0.95 2.7061 0.9904 -0.2787 0.283 0.3482 1 1.6602 0.0434 0.0434 0.0868 1.0868 1 0.2362 -1e-04 1e-04 -1e-04 0.9999 1 0.8703 -0.068 0.068 -0.068 0.932 1 0.6278 0 0
20 34 6161 0 0 0 0 0 1.0033 0 0.9791 -0.7869 0.7869 0.8389 0.4167 1.3794 0.9364 -0.7795 0.8375 0.9932 0.786 2.5954 0.9801 -0.7678 0.7678 0.8317 0.586 1.6327 0.0721 0.0721 0.1442 1.1442 1 0.2167 -0.0695 0.0695 -0.0521 0.9479 1 0.8768 -0.1566 0.1566 -0.1566 0.8434 1 0.5939 0 0
20 35 6318 0 0 0 0 0 1.0068 0 0.9694 1.0252 1.0252 1.0508 0.0833 1.3534 0.9309 1.049 1.1027 1.2516 0.666 2.9237 0.9843 1.2395 1.2395 1.2646 0.022 1.6013 -0.0541 0.0541 -0.1082 0.8918 1 0.2457 0.0291 0.0291 0.0219 1.0219 1 0.9213 0.085 0.085 0.085 1.085 1 0.7471 0 0
20 36 5760 0 0 0 0 0 1.0073 0 0.9979 -0.2687 0.2832 0.3157 1 1.3639 0.9317 -0.2204 0.5424 0.6804 0.95 2.5855 0.9907 -0.3742 0.3775 0.4462 0.89 1.5047 -0.0399 0.0399 -0.0798 0.9202 1 0.2403 -0.2243 0.2243 -0.1682 0.8318 1 0.7217 -0.1309 0.1309 -0.1309 0.8691 1 0.5978 0 0
20 37 6191 0 0 0 0 0 1.0065 0 0.9779 0.0478 0.2042 0.2344 1 1.3074 0.9374 0.0276 0.4725 0.6306 0.956 2.4802 0.9871 0.1056 0.2787 0.3295 1 1.4659 -0.0245 0.0245 -0.0491 0.9509 1 0.2377 -0.3183 0.3183 -0.2387 0.7613 1 0.6817 -0.2195 0.2195 -0.2195 0.7805 1 0.5451 0 0
20 38 5954 0 0 0 0 0 1.0113 0 0.9851 -0.3363 0.3363 0.4103 0.9167 1.3198 0.9461 -0.3374 0.5672 0.7308 0.932 2.6366 0.9873 -0.2885 0.3066 0.3691 1 1.4996 -0.0448 0.0448 -0.0896 0.9104 1 0.247 -0.1902 0.1902 -0.1426 0.8574 1 0.7692 -0.0996 0.0996 -0.0996 0.9004 1 0.6282 0 0
20 39 6264 0 0 0 0 0 1.0067 0 0.9886 0.6151 0.6151 0.6404 0.5 1.326 0.9422 0.5849 0.6998 0.8439 0.874 2.6467 0.986 0.5926 0.5926 0.6513 0.76 1.577 0.0158 0.0158 0.0317 1.0317 1 0.2202 -0.0083 0.0083 -0.0062 0.9938 1 0.8845 -0.0344 0.0344 -0.0344 0.9656 1 0.6314 0 0
20 40 7314 0 0 0 0 0 1.0039 0 0.9896 -0.0856 0.1512 0.2143 1 1.2926 0.9455 -0.0761 0.492 0.6367 0.96 2.5305 0.979 -0.1368 0.2141 0.3194 1 1.5462 0.0305 0.0305 0.0611 1.0611 1 0.2278 -0.2371 0.2371 -0.1778 0.8222 1 0.7154 -0.2179 0.2179 -0.2179 0.7821 1 0.5449 0 0
20 41 4205 0 0 0 0 0 1.002 0 0.9915 1.036 1.036 1.0627 0 1.3524 0.9296 0.9981 1.0357 1.194 0.646 2.6494 0.9852 0.9932 0.9934 1.0252 0.094 1.4734 -0.0509 0.0509 -0.1018 0.8982 1 0.2522 -0.2897 0.2897 -0.2173 0.7827 1 0.693 -0.1726 0.1726 -0.1726 0.8274 1 0.5769 0 0
20 42 6156 0 0 0 0 0 1.0028 0 0.9358 0.1456 0.2545 0.3007 1 1.3084 0.9456 0.1829 0.5215 0.6734 0.96 2.6384 0.9719 0.0368 0.2777 0.3361 1 1.6373 0.0709 0.0709 0.1419 1.1419 1 0.2183 -0.0154 0.0154 -0.0116 0.9884 1 0.8764 -0.1201 0.1201 -0.1201 0.8799 1 0.5963 0 0
20 43 7339 0 0 0 0 0 1.0059 0 0.9739 0.5242 0.5242 0.5695 0.75 1.3389 0.9313 0.4978 0.6679 0.823 0.904 2.7067 0.9929 0.459 0.459 0.4905 1 1.6849 0.0574 0.0574 0.1147 1.1147 1 0.2155 0.1236 0.1236 0.0927 1.0927 1 0.9491 -0.0035 0.0035 -0.0035 0.9965 1 0.6541 0 0
20 44 6740 0 0 0 0 0 1.0025 0 0.9505 0.4121 0.4121 0.4884 0.8333 1.3212 0.9452 0.4185 0.5944 0.749 0.922 2.6989 0.9837 0.5321 0.5321 0.5899 0.784 1.5279 -0.0409 0.0409 -0.0818 0.9182 1 0.2296 -0.128 0.128 -0.096 0.904 1 0.7781 -0.0549 0.0549 -0.0549 0.9451 1 0.6094 0 0
20 45 5538 0 0 0 0 0 1.0088 0 0.9851 0.5097 0.5097 0.5541 0.6667 1.3103 0.9358 0.408 0.6322 0.7864 0.906 2.5526 0.9789 0.4654 0.478 0.5612 0.802 1.5134 -0.0064 0.0064 -0.0128 0.9872 1 0.2272 -0.2493 0.2493 -0.1869 0.8131 1 0.6816 -0.1852 0.1852 -0.1852 0.8148 1 0.5368 0 0
20 46 5668 0 0 0 0 0 1.0023 0 0.9767 0.2387 0.2445 0.2839 1 1.3319 0.9411 0.167 0.5187 0.6516 0.972 2.7655 0.984 0.2203 0.2718 0.3349 1 1.5719 -0.0511 0.0511 -0.1022 0.8978 1 0.2336 0.0396 0.0396 0.0297 1.0297 1 0.8442 0.0894 0.0894 0.0894 1.0894 1 0.6749 0 0
20 47 6873 0 0 0 0 0 1.0033 0 0.9924 0.3693 0.375 0.4016 1 1.3269 0.9428 0.3586 0.5997 0.7483 0.936 2.6933 0.9899 0.2917 0.3191 0.3562 1 1.5555 -0.0168 0.0168 -0.0336 0.9664 1 0.2335 -0.0245 0.0245 -0.0184 0.9816 1 0.8651 -0.0037 0.0037 -0.0037 0.9963 1 0.6599 0 0
20 48 6268 0 0 0 0 0 1.0041 0 0.9881 -0.7733 0.7733 0.8178 0.4167 1.3799 0.9304 -0.7303 0.8463 1.0048 0.784 2.6045 0.9788 -0.7473 0.7559 0.8356 0.532 1.5573 0.0162 0.0162 0.0323 1.0323 1 0.2221 -0.0768 0.0768 -0.0576 0.9424 1 0.8626 -0.0851 0.0851 -0.0851 0.9149 1 0.6211 0 0
20 49 7626 0 0 0 0 0 1.0046 0 0.9905 -0.2447 0.2642 0.2894 1 1.2907 0.9368 -0.219 0.5551 0.705 0.934 2.5204 0.9959 -0.1429 0.1599 0.1967 1 1.5381 0.047 0.047 0.0941 1.0941 1 0.2313 -0.2585 0.2585 -0.1939 0.8061 1 0.7096 -0.2529 0.2529 -0.2529 0.7471 1 0.5219 0 0
20 50 6309 0 0 0 0 0 1.0041 0 0.9849 -0.4364 0.4364 0.4693 0.9167 1.3037 0.9301 -0.4148 0.6073 0.7624 0.926 2.769 0.9826 -0.3087 0.33 0.4243 0.874 1.5743 -0.0479 0.0479 -0.0957 0.9043 1 0.219 0.3086 0.3086 0.2315 1.2315 1 0.974 0.299 0.299 0.299 1.299 1 0.7741 0 0
20 51 4348 0 0 0 0 0 1.0057 0 0.9779 0.7011 0.7011 0.7329 0.4167 1.347 0.9258 0.6836 0.8151 0.973 0.826 2.6866 0.9913 0.6992 0.6992 0.7289 0.634 1.5494 -0.026 0.026 -0.052 0.948 1 0.2375 -0.186 0.186 -0.1395 0.8605 1 0.7616 -0.117 0.117 -0.117 0.883 1 0.5913 0 0
20 52 6246 0 0 0 0 0 1.0026 0 0.9844 0.0295 0.1875 0.2321 1 1.2836 0.9374 -0.0634 0.5213 0.6837 0.938 2.5603 0.9938 -0.0363 0.1432 0.1723 1 1.4979 -0.015 0.015 -0.0299 0.9701 1 0.2276 -0.2108 0.2108 -0.1581 0.8419 1 0.7262 -0.1473 0.1473 -0.1473 0.8527 1 0.5513 0 0
20 53 7453 0 0 0 0 0 1.0045 0 0.9842 -0.1274 0.1594 0.191 1 1.2985 0.9402 -0.168 0.4856 0.6195 0.964 2.6005 0.9815 -0.2201 0.3641 0.4102 0.946 1.5445 -0.0031 0.0031 -0.0063 0.9937 1 0.2263 -0.0515 0.0515 -0.0386 0.9614 1 0.8207 -0.0418 0.0418 -0.0418 0.9582 1 0.6075 0 0
20 54 4509 0 0 0 0 0 1.0058 0 0.9944 0.4465 0.4465 0.4634 1 1.2835 0.9457 0.4126 0.6099 0.7509 0.92 2.6107 0.9767 0.4015 0.449 0.5141 0.876 1.5073 -8e-04 8e-04 -0.0015 0.9985 1 0.2433 -0.2495 0.2495 -0.1871 0.8129 1 0.7136 -0.1923 0.1923 -0.1923 0.8077 1 0.556 0 0
20 55 5049 0 0 0 0 0 1.0044 0 0.9904 0.5775 0.5775 0.5999 0.6667 1.2938 0.9323 0.5517 0.6938 0.8454 0.892 2.7622 0.9814 0.539 0.5393 0.6037 0.698 1.5465 -0.0402 0.0402 -0.0803 0.9197 1 0.2262 0.1283 0.1283 0.0962 1.0962 1 0.9257 0.1451 0.1451 0.1451 1.1451 1 0.7253 0 0
20 56 5178 0 0 0 0 0 1.0037 0 0.9864 0.6579 0.6579 0.6785 0.4167 1.3175 0.9357 0.6579 0.7703 0.9291 0.876 2.8648 0.9943 0.6514 0.6514 0.6698 0.964 1.5676 -0.0762 0.0762 -0.1524 0.8476 1 0.2414 0.1853 0.1853 0.139 1.139 1 0.95 0.2382 0.2382 0.2382 1.2382 1 0.7915 0 0
20 57 7711 0 0 0 0 0 1.0044 0 0.9806 0.6354 0.6354 0.6734 0.5833 1.3103 0.9414 0.631 0.7496 0.9026 0.828 2.5882 0.9873 0.5105 0.5105 0.5637 0.866 1.5815 0.0415 0.0415 0.0831 1.0831 1 0.2267 -0.1349 0.1349 -0.1012 0.8988 1 0.8128 -0.1597 0.1597 -0.1597 0.8403 1 0.585 0 0
20 58 5882 0 0 0 0 0 1.0037 0 0.9933 0.221 0.3405 0.4318 1 1.3816 0.9385 0.1993 0.5845 0.7438 0.936 2.5976 0.9924 0.197 0.2281 0.303 1 1.5588 0.0352 0.0352 0.0703 1.0703 1 0.2208 -0.0805 0.0805 -0.0604 0.9396 1 0.8745 -0.1122 0.1122 -0.1122 0.8878 1 0.6501 0 0
20 59 6481 0 0 0 0 0 1.0051 0 0.987 0.1454 0.1903 0.212 1 1.2954 0.9373 0.1072 0.4778 0.6163 0.966 2.6043 0.9825 0.1044 0.2626 0.3712 0.994 1.6231 0.0598 0.0598 0.1196 1.1196 1 0.2054 0.1186 0.1186 0.0889 1.0889 1 0.9301 -0.0111 0.0111 -0.0111 0.9889 1 0.6263 0 0
20 60 6103 0 0 0 0 0 1.005 0 0.9648 -0.2799 0.2819 0.3692 0.9167 1.3347 0.9367 -0.27 0.558 0.7127 0.94 2.6501 0.9947 -0.3007 0.3007 0.335 1 1.6644 0.0636 0.0636 0.1272 1.1272 1 0.222 -0.0034 0.0034 -0.0025 0.9975 1 0.8756 -0.1007 0.1007 -0.1007 0.8993 1 0.5887 0 0
20 61 7061 0 0 0 0 0 1.0026 0 0.9854 0.7722 0.7722 0.7855 0.3333 1.2999 0.9371 0.6998 0.8203 0.9477 0.826 2.6938 0.996 0.7278 0.7278 0.7613 0.552 1.5948 0.0263 0.0263 0.0525 1.0525 1 0.2321 0.0388 0.0388 0.0291 1.0291 1 0.8883 -0.0157 0.0157 -0.0157 0.9843 1 0.6594 0 0
20 62 8639 0 0 0 0 0 1.0023 0 0.9858 -0.2138 0.2379 0.2574 1 1.3073 0.941 -0.2477 0.5049 0.6475 0.948 2.6904 0.9784 -0.1107 0.2602 0.3136 1 1.599 0.0142 0.0142 0.0284 1.0284 1 0.2182 0.0898 0.0898 0.0673 1.0673 1 0.8964 0.0388 0.0388 0.0388 1.0388 1 0.6502 0 0
20 63 6398 0 0 0 0 0 1.0072 0 0.9889 0.4184 0.4184 0.4442 1 1.3148 0.9328 0.3518 0.5888 0.7372 0.938 2.6182 0.9856 0.3744 0.3868 0.4588 0.95 1.5541 -0.0051 0.0051 -0.0102 0.9898 1 0.2287 -0.1076 0.1076 -0.0807 0.9193 1 0.8108 -0.0809 0.0809 -0.0809 0.9191 1 0.6094 0 0
20 64 5474 0 0 0 0 0 1.0045 0 0.9912 -0.1459 0.3224 0.4196 0.9167 1.4053 0.9289 -0.0919 0.5693 0.7366 0.894 2.4331 0.9853 -0.2763 0.3504 0.4007 0.938 1.4213 -0.0805 0.0805 -0.1609 0.8391 1 0.2896 -0.5648 0.5648 -0.4236 0.5764 0 0.5689 -0.3707 0.3707 -0.3707 0.6293 0 0.5132 0 0
20 65 6279 0 0 0 0 0 1.0082 0 0.977 0.092 0.1655 0.2058 1 1.3344 0.9384 0.0733 0.4942 0.6347 0.966 2.6052 0.9883 0.2751 0.2762 0.3496 1 1.6067 0.0484 0.0484 0.0969 1.0969 1 0.2367 -0.1866 0.1866 -0.14 0.86 1 0.7752 -0.2054 0.2054 -0.2054 0.7946 1 0.5392 0 0
20 66 6132 0 0 0 0 0 1.0026 0 0.9883 -0.4327 0.4327 0.4625 0.9167 1.3027 0.9354 -0.474 0.6398 0.8062 0.888 2.6397 0.993 -0.4357 0.4357 0.4783 0.926 1.5479 0.0029 0.0029 0.0059 1.0059 1 0.23 -0.038 0.038 -0.0285 0.9715 1 0.8371 -0.0391 0.0391 -0.0391 0.9609 1 0.6468 0 0
20 67 6689 0 0 0 0 0 1.0028 0 0.9826 -0.3466 0.3535 0.4109 0.9167 1.3065 0.9404 -0.3608 0.5592 0.7127 0.94 2.5772 0.9635 -0.3067 0.3385 0.5063 0.848 1.5199 0.0111 0.0111 0.0222 1.0222 1 0.2274 -0.2409 0.2409 -0.1807 0.8193 1 0.7176 -0.1983 0.1983 -0.1983 0.8017 1 0.558 0 0
20 68 6280 0 0 0 0 0 1.0024 0 0.9824 0.2824 0.2824 0.3156 1 1.2994 0.9399 0.2723 0.5367 0.6686 0.952 2.6796 0.985 0.224 0.259 0.3341 1 1.6278 0.0358 0.0358 0.0715 1.0715 1 0.217 0.0756 0.0756 0.0567 1.0567 1 0.8939 -0.003 0.003 -0.003 0.997 1 0.6459 0 0
20 69 6000 0 0 0 0 0 1.0044 0 0.9757 0.2519 0.2844 0.3503 1 1.335 0.9421 0.2375 0.5292 0.6565 0.966 2.5555 0.9641 0.2523 0.4256 0.4755 0.984 1.4963 -0.0371 0.0371 -0.0743 0.9257 1 0.2284 -0.1957 0.1957 -0.1468 0.8532 1 0.7358 -0.1113 0.1113 -0.1113 0.8887 1 0.5963 0 0
20 70 5070 0 0 0 0 0 1.0044 0 0.9917 -0.3615 0.3615 0.3945 0.9167 1.2804 0.934 -0.4423 0.6203 0.7629 0.922 2.6178 0.9909 -0.2927 0.2928 0.3732 0.958 1.3868 -0.1802 0.1802 -0.3605 0.6395 0 0.2508 -0.2077 0.2077 -0.1558 0.8442 1 0.6926 0.0054 0.0054 0.0054 1.0054 1 0.6352 0 0
20 71 7107 0 0 0 0 0 1.0082 0 0.9761 0.1025 0.1877 0.2511 1 1.2771 0.9403 -0.0016 0.5048 0.6336 0.96 2.5478 0.9898 0.0631 0.1835 0.2146 1 1.5954 0.084 0.084 0.1681 1.1681 1 0.2195 -0.105 0.105 -0.0787 0.9213 1 0.847 -0.198 0.198 -0.198 0.802 1 0.5677 0 0
20 72 8053 0 0 0 0 0 1.0034 0 0.9903 -0.3948 0.3948 0.4303 0.9167 1.3005 0.9507 -0.3138 0.5153 0.6488 0.962 2.6386 0.9943 -0.4922 0.4922 0.5151 0.88 1.4754 -0.0613 0.0613 -0.1227 0.8773 1 0.2446 -0.1811 0.1811 -0.1358 0.8642 1 0.7561 -0.0752 0.0752 -0.0752 0.9248 1 0.6159 0 0
20 73 6351 0 0 0 0 0 1.0036 0 0.9812 0.5211 0.5211 0.5511 0.8333 1.3018 0.9382 0.472 0.6514 0.7875 0.902 2.6439 0.9851 0.5666 0.5699 0.6201 0.69 1.4507 -0.0949 0.0949 -0.1898 0.8102 1 0.2536 -0.308 0.308 -0.231 0.769 1 0.6718 -0.1489 0.1489 -0.1489 0.8511 1 0.5535 0 0
20 74 5893 0 0 0 0 0 1.0035 0 0.9893 0.4088 0.4088 0.4371 1 1.308 0.9425 0.4398 0.6137 0.779 0.904 2.6385 0.996 0.3804 0.3804 0.403 1 1.542 -0.0068 0.0068 -0.0136 0.9864 1 0.2174 -0.1633 0.1633 -0.1225 0.8775 1 0.7559 -0.1206 0.1206 -0.1206 0.8794 1 0.5674 0 0
20 75 6636 0 0 0 0 0 1.0067 0 0.9791 0.6835 0.6835 0.7017 0.5833 1.3323 0.9445 0.7956 0.8699 1.034 0.836 2.9628 0.9866 0.7411 0.7411 0.8278 0.62 1.7023 0.022 0.022 0.044 1.044 1 0.2294 0.2713 0.2713 0.2035 1.2035 1 1.0419 0.1573 0.1573 0.1573 1.1573 1 0.7446 0 0
20 76 5005 0 0 0 0 0 1.0073 0 0.9631 0.4304 0.4304 0.4792 0.8333 1.3023 0.9316 0.3597 0.6111 0.7552 0.902 2.5356 0.9948 0.4153 0.4287 0.483 0.926 1.4396 -0.0826 0.0826 -0.1652 0.8348 1 0.259 -0.3187 0.3187 -0.2391 0.7609 1 0.6523 -0.1675 0.1675 -0.1675 0.8325 1 0.5655 0 0
20 77 5279 0 0 0 0 0 1.0048 0 0.9767 -0.2494 0.2882 0.3174 1 1.2889 0.9403 -0.2142 0.5399 0.6674 0.958 2.5893 0.986 -0.2923 0.3264 0.3755 1 1.5135 0.0085 0.0085 0.017 1.017 1 0.2407 -0.147 0.147 -0.1103 0.8897 1 0.7647 -0.1267 0.1267 -0.1267 0.8733 1 0.6024 0 0
20 78 6689 0 0 0 0 0 1.0066 0 0.986 0.9388 0.9388 0.9524 0 1.277 0.9322 0.8758 0.9748 1.1178 0.698 2.5975 0.9886 0.8108 0.8108 0.8535 0.494 1.558 0.0545 0.0545 0.1089 1.1089 1 0.2385 -0.1426 0.1426 -0.107 0.893 1 0.816 -0.1829 0.1829 -0.1829 0.8171 1 0.5768 0 0
20 79 5605 0 0 0 0 0 1.0136 0 0.987 -0.418 0.418 0.4724 0.9167 1.2983 0.9427 -0.3587 0.5505 0.6876 0.936 2.5305 0.9871 -0.2262 0.2624 0.3284 1 1.5136 0.0244 0.0244 0.0487 1.0487 1 0.2407 -0.2076 0.2076 -0.1557 0.8443 1 0.737 -0.1896 0.1896 -0.1896 0.8104 1 0.5743 0 0
20 80 5185 0 0 0 0 0 1.003 0 0.9896 -0.9854 0.9854 1.0025 0 1.3497 0.9355 -0.952 0.9953 1.1445 0.698 2.66 0.9924 -1.0786 1.0786 1.0928 0.104 1.5954 0.0378 0.0378 0.0756 1.0756 1 0.2251 -0.1521 0.1521 -0.1141 0.8859 1 0.812 -0.1672 0.1672 -0.1672 0.8328 1 0.5807 0 0
20 81 7362 0 0 0 0 0 1.0066 0 0.9894 -0.4374 0.4374 0.4715 0.9167 1.3193 0.9505 -0.4266 0.5935 0.7504 0.934 2.8373 0.987 -0.6079 0.6079 0.675 0.736 1.6747 0.0186 0.0186 0.0372 1.0372 1 0.2266 0.2772 0.2772 0.2079 1.2079 1 1.0576 0.1676 0.1676 0.1676 1.1676 1 0.7566 0 0
20 82 7409 0 0 0 0 0 1.0026 0 0.9836 -0.3023 0.3023 0.3434 1 1.2984 0.9413 -0.2524 0.5408 0.6993 0.95 2.6911 0.9844 -0.1837 0.2629 0.3093 1 1.6115 0.0129 0.0129 0.0259 1.0259 1 0.2207 0.0851 0.0851 0.0638 1.0638 1 0.8827 0.0381 0.0381 0.0381 1.0381 1 0.6697 0 0
20 83 8254 0 0 0 0 0 1.0063 0 0.9685 0.9322 0.9322 0.9575 0.1667 1.3266 0.9251 1.0351 1.1037 1.2669 0.676 2.9749 0.9892 1.0359 1.0359 1.0596 0.286 1.7989 0.079 0.079 0.158 1.158 1 0.2149 0.5017 0.5017 0.3763 1.3763 1 1.199 0.2087 0.2087 0.2087 1.2087 1 0.7964 0 0
20 84 5102 0 0 0 0 0 1.0017 0 0.9566 -0.1266 0.2113 0.2619 1 1.3344 0.9415 -0.1005 0.4635 0.5815 0.978 2.5878 0.98 -0.2248 0.3236 0.3679 1 1.4838 -0.0803 0.0803 -0.1606 0.8394 1 0.2535 -0.2703 0.2703 -0.2027 0.7973 1 0.6999 -0.1301 0.1301 -0.1301 0.8699 1 0.5906 0 0
20 85 7324 0 0 0 0 0 1.0017 0 0.9831 0.1317 0.1982 0.2374 1 1.3075 0.9415 0.0665 0.4977 0.6472 0.954 2.4865 0.9885 0.0979 0.1956 0.2635 1 1.5614 0.0599 0.0599 0.1198 1.1198 1 0.2211 -0.2536 0.2536 -0.1902 0.8098 1 0.7207 -0.2654 0.2654 -0.2654 0.7346 1 0.4951 0 0
20 86 6732 0 0 0 0 0 1.0049 0 0.9819 0.3243 0.3243 0.3612 1 1.3123 0.9429 0.2749 0.5411 0.6798 0.95 2.6188 0.988 0.3534 0.3534 0.427 0.982 1.661 0.0882 0.0882 0.1763 1.1763 1 0.2178 -0.1262 0.1262 -0.0946 0.9054 1 0.8225 -0.2181 0.2181 -0.2181 0.7819 1 0.5309 0 0
20 87 6316 0 0 0 0 0 1.004 0 0.9932 0.0213 0.1025 0.1303 1 1.3272 0.9378 0.0087 0.4826 0.6096 0.966 2.678 0.9789 -0.0609 0.2659 0.2994 1 1.6446 0.0375 0.0375 0.0749 1.0749 1 0.2047 0.1297 0.1297 0.0973 1.0973 1 0.9364 0.033 0.033 0.033 1.033 1 0.66 0 0
20 88 6817 0 0 0 0 0 1.003 0 0.991 0.4889 0.4889 0.5136 0.9167 1.3316 0.9396 0.4394 0.6333 0.7794 0.912 2.6664 0.9856 0.3096 0.3162 0.3913 1 1.6014 0.03 0.03 0.0601 1.0601 1 0.2066 0.0231 0.0231 0.0173 1.0173 1 0.8837 -0.032 0.032 -0.032 0.968 1 0.6122 0 0
20 89 3924 0 0 0 0 0 1.0066 0 0.995 -0.5155 0.5155 0.5409 0.8333 1.3389 0.9297 -0.5058 0.6807 0.8477 0.888 2.7397 0.9806 -0.5826 0.5826 0.6453 0.79 1.494 -0.1097 0.1097 -0.2193 0.7807 1 0.2502 -0.0043 0.0043 -0.0032 0.9968 1 0.852 0.1191 0.1191 0.1191 1.1191 1 0.7225 0 0
20 90 5054 0 0 0 0 0 1.0099 0 0.9903 -0.4107 0.4107 0.4409 1 1.3213 0.9442 -0.4068 0.5853 0.7361 0.936 2.6101 0.9819 -0.3955 0.4158 0.4865 0.966 1.5056 -0.031 0.031 -0.0621 0.9379 1 0.2592 -0.2132 0.2132 -0.1599 0.8401 1 0.7431 -0.1319 0.1319 -0.1319 0.8681 1 0.6159 0 0
20 91 5992 0 0 0 0 0 1.0048 0 0.9822 -0.0023 0.1286 0.162 1 1.3687 0.9457 -0.002 0.4966 0.6252 0.982 2.8627 0.9982 -0.1642 0.209 0.2383 1 1.6113 -0.0569 0.0569 -0.1139 0.8861 1 0.2308 0.1419 0.1419 0.1064 1.1064 1 0.9339 0.1779 0.1779 0.1779 1.1779 1 0.7388 0 0
20 92 6006 0 0 0 0 0 1.0048 0 0.9976 -0.1369 0.1382 0.1623 1 1.328 0.9432 -0.1021 0.495 0.6231 0.956 2.6755 0.9914 -0.0693 0.17 0.2034 1 1.5795 0.0032 0.0032 0.0063 1.0063 1 0.2317 0.0786 0.0786 0.0589 1.0589 1 0.9123 0.0465 0.0465 0.0465 1.0465 1 0.6825 0 0
20 93 7476 0 0 0 0 0 1.0105 0 0.9942 0.2199 0.2262 0.2553 1 1.3134 0.942 0.1321 0.507 0.649 0.968 2.6325 0.9766 0.1116 0.2305 0.332 0.98 1.5266 -0.0346 0.0346 -0.0693 0.9307 1 0.2265 -0.1367 0.1367 -0.1025 0.8975 1 0.8053 -0.0689 0.0689 -0.0689 0.9311 1 0.6126 0 0
20 94 6496 0 0 0 0 0 1.0046 0 0.9949 -0.5791 0.5791 0.6064 0.5 1.316 0.9355 -0.5233 0.6778 0.8305 0.876 2.5703 0.9885 -0.5268 0.5361 0.607 0.726 1.5504 -0.0016 0.0016 -0.0031 0.9969 1 0.214 -0.1249 0.1249 -0.0937 0.9063 1 0.7537 -0.0976 0.0976 -0.0976 0.9024 1 0.5689 0 0
20 95 4819 0 0 0 0 0 1.0028 0 0.9933 -0.3446 0.3446 0.4314 1 1.3381 0.9362 -0.305 0.5642 0.7177 0.922 2.5381 0.9798 -0.3836 0.4035 0.492 0.786 1.4616 -0.032 0.032 -0.064 0.936 1 0.238 -0.2814 0.2814 -0.2111 0.7889 1 0.6958 -0.1833 0.1833 -0.1833 0.8167 1 0.5545 0 0
20 96 5086 0 0 0 0 0 1.005 0 0.991 -0.8871 0.8871 0.8996 0 1.3423 0.933 -0.8431 0.9123 1.0698 0.746 2.6713 0.9895 -0.89 0.89 0.9284 0.324 1.6445 0.0486 0.0486 0.0972 1.0972 1 0.2211 0.0077 0.0077 0.0058 1.0058 1 0.8774 -0.0708 0.0708 -0.0708 0.9292 1 0.6035 0 0
20 97 6150 0 0 0 0 0 1.0056 0 0.9745 0.3202 0.3202 0.3813 0.9167 1.302 0.9328 0.2062 0.5555 0.6879 0.954 2.5347 0.9788 0.2731 0.348 0.4261 0.89 1.5327 0.0415 0.0415 0.0829 1.0829 1 0.2242 -0.1836 0.1836 -0.1377 0.8623 1 0.7982 -0.1941 0.1941 -0.1941 0.8059 1 0.5499 0 0
20 98 6318 0 0 0 0 0 1.0081 0 0.9599 0.4612 0.4612 0.5245 0.8333 1.331 0.9513 0.3985 0.5939 0.7308 0.942 2.643 0.9926 0.3859 0.3925 0.43 1 1.635 0.0611 0.0611 0.1222 1.1222 1 0.2234 -0.1439 0.1439 -0.1079 0.8921 1 0.7892 -0.1913 0.1913 -0.1913 0.8087 1 0.5582 0 0
20 99 5545 0 0 0 0 0 1.0044 0 0.9934 -0.724 0.724 0.74 0.4167 1.3301 0.9457 -0.6935 0.7682 0.9199 0.804 2.5162 0.9815 -0.8133 0.8133 0.8719 0.39 1.5277 0.0317 0.0317 0.0634 1.0634 1 0.2325 -0.2907 0.2907 -0.2181 0.7819 1 0.6971 -0.2577 0.2577 -0.2577 0.7423 1 0.5263 0 0
20 100 4534 0 0 0 0 0 1.0022 0 0.9789 -0.6168 0.6168 0.6468 0.5 1.337 0.9382 -0.627 0.7619 0.9089 0.818 2.5152 0.996 -0.6566 0.6566 0.6801 0.686 1.5747 0.0743 0.0743 0.1486 1.1486 1 0.229 -0.2825 0.2825 -0.2119 0.7881 1 0.7247 -0.3014 0.3014 -0.3014 0.6986 0 0.5067 0 0
20 101 6271 0 0 0 0 0 1.0019 0 0.9895 -0.1303 0.266 0.3302 1 1.336 0.9431 -0.098 0.5045 0.6512 0.95 2.4485 0.9875 -0.0998 0.2545 0.3054 1 1.4641 -0.0298 0.0298 -0.0597 0.9403 1 0.2457 -0.4338 0.4338 -0.3254 0.6746 0 0.6056 -0.3042 0.3042 -0.3042 0.6958 0 0.4834 0 0
20 102 5840 0 0 0 0 0 1.004 0 0.9862 -0.2379 0.2549 0.3154 1 1.301 0.9378 -0.2447 0.5209 0.6703 0.936 2.5591 0.9825 -0.2567 0.3039 0.383 0.936 1.4271 -0.0965 0.0965 -0.193 0.807 1 0.2446 -0.2584 0.2584 -0.1938 0.8062 1 0.7057 -0.1059 0.1059 -0.1059 0.8941 1 0.5828 0 0
20 103 8922 0 0 0 0 0 1.0062 0 0.9783 0.4266 0.4266 0.4583 0.9167 1.3152 0.9483 0.4326 0.6128 0.7516 0.946 2.8134 0.9953 0.3963 0.3963 0.4469 1 1.6405 0.0227 0.0227 0.0455 1.0455 1 0.2301 0.1284 0.1284 0.0963 1.0963 1 0.9556 0.0549 0.0549 0.0549 1.0549 1 0.7337 0 0
20 104 7184 0 0 0 0 0 1.0067 0 0.9685 -0.4397 0.4397 0.4767 0.8333 1.3051 0.9346 -0.3924 0.6121 0.7661 0.892 2.563 0.9809 -0.4887 0.5414 0.6205 0.76 1.5498 0.0267 0.0267 0.0534 1.0534 1 0.2215 -0.0896 0.0896 -0.0672 0.9328 1 0.8002 -0.1078 0.1078 -0.1078 0.8922 1 0.578 0 0
20 105 6723 0 0 0 0 0 1.0035 0 0.9947 0.1306 0.1551 0.1949 1 1.3177 0.9388 0.1264 0.5057 0.6414 0.948 2.5755 0.9851 0.1971 0.2899 0.3224 1 1.4611 -0.0802 0.0802 -0.1605 0.8395 1 0.2544 -0.2754 0.2754 -0.2066 0.7934 1 0.6829 -0.1343 0.1343 -0.1343 0.8657 1 0.5829 0 0
20 106 5991 0 0 0 0 0 1.006 0 0.9739 -0.0212 0.1946 0.2438 1 1.2874 0.9416 0.0174 0.4683 0.6106 0.978 2.842 0.9855 0.0061 0.2046 0.2431 1 1.5691 -0.0741 0.0741 -0.1482 0.8518 1 0.2321 0.3042 0.3042 0.2282 1.2282 1 0.992 0.3326 0.3326 0.3326 1.3326 1 0.8188 0 0
20 107 5400 0 0 0 0 0 1.0034 0 0.9891 -0.5762 0.5762 0.6288 0.6667 1.3795 0.9381 -0.572 0.6903 0.8397 0.854 2.5546 0.9875 -0.5277 0.5528 0.6068 0.816 1.5562 0.0222 0.0222 0.0444 1.0444 1 0.2419 -0.1763 0.1763 -0.1322 0.8678 1 0.7639 -0.1656 0.1656 -0.1656 0.8344 1 0.5714 0 0
20 108 6235 0 0 0 0 0 1.0018 0 0.9941 -0.2034 0.2571 0.3143 1 1.2993 0.9405 -0.2127 0.5203 0.6498 0.942 2.4476 0.9846 -0.1915 0.3294 0.3975 0.922 1.4959 0.0421 0.0421 0.0842 1.0842 1 0.2234 -0.247 0.247 -0.1852 0.8148 1 0.6989 -0.2378 0.2378 -0.2378 0.7622 1 0.5316 0 0
20 109 6494 0 0 0 0 0 1.0082 0 0.9783 -0.2437 0.2502 0.2846 1 1.3009 0.934 -0.1829 0.4972 0.6346 0.968 2.6753 0.9874 -0.0879 0.2357 0.2677 1 1.5962 0.015 0.015 0.03 1.03 1 0.2121 0.1115 0.1115 0.0837 1.0837 1 0.9218 0.0542 0.0542 0.0542 1.0542 1 0.6846 0 0
20 110 5819 0 0 0 0 0 1.0046 0 0.9417 -1.6254 1.6254 1.6654 0 1.3993 0.9267 -1.4476 1.4661 1.6067 0.386 2.7681 0.9968 -1.519 1.519 1.5232 0 1.6353 0.0469 0.0469 0.0937 1.0937 1 0.2622 -0.2181 0.2181 -0.1636 0.8364 1 0.8117 -0.2254 0.2254 -0.2254 0.7746 1 0.6117 0 0
20 111 7679 0 0 0 0 0 1.0043 0 0.9854 0.4336 0.4336 0.4569 1 1.3523 0.9407 0.4475 0.6364 0.799 0.922 2.9249 0.995 0.5603 0.5603 0.5942 1 1.7435 0.026 0.026 0.052 1.052 1 0.2285 0.3294 0.3294 0.247 1.247 1 1.0879 0.1923 0.1923 0.1923 1.1923 1 0.766 0 0
20 112 5471 0 0 0 0 0 1.0055 0 0.983 0.1588 0.1714 0.2796 0.9167 1.3445 0.9467 0.1416 0.5043 0.6386 0.962 2.6435 0.9741 0.1325 0.2961 0.3474 1 1.596 0.0108 0.0108 0.0216 1.0216 1 0.2276 -0.0717 0.0717 -0.0537 0.9463 1 0.8121 -0.0743 0.0743 -0.0743 0.9257 1 0.5937 0 0
20 113 6067 0 0 0 0 0 1.0017 0 0.99 -0.4739 0.4739 0.4961 0.9167 1.308 0.9289 -0.4635 0.6449 0.7895 0.906 2.5529 0.9944 -0.5048 0.5048 0.5402 0.808 1.4698 -0.0481 0.0481 -0.0963 0.9037 1 0.2359 -0.2966 0.2966 -0.2225 0.7775 1 0.6654 -0.1799 0.1799 -0.1799 0.8201 1 0.5471 0 0
20 114 6299 0 0 0 0 0 1.0043 0 0.9895 0.073 0.146 0.2026 1 1.296 0.9298 0.0811 0.5265 0.6629 0.932 2.4432 0.9722 0.1943 0.3657 0.4105 1 1.5178 0.0647 0.0647 0.1293 1.1293 1 0.2355 -0.3081 0.3081 -0.2311 0.7689 1 0.703 -0.3076 0.3076 -0.3076 0.6924 0 0.4965 0 0
20 115 6970 0 0 0 0 0 1.0039 0 0.984 0.6534 0.6534 0.669 0.5833 1.3392 0.9325 0.6031 0.7405 0.8824 0.864 2.7005 0.9886 0.5711 0.5711 0.6106 0.826 1.6116 0.0145 0.0145 0.029 1.029 1 0.2248 -0.0366 0.0366 -0.0275 0.9725 1 0.8571 -0.0529 0.0529 -0.0529 0.9471 1 0.6354 0 0
20 116 5351 0 0 0 0 0 1.0026 0 0.986 -0.3215 0.3332 0.3717 1 1.2716 0.9361 -0.2483 0.5137 0.6561 0.952 2.6789 0.984 -0.4269 0.4281 0.5055 0.894 1.5233 -0.0371 0.0371 -0.0742 0.9258 1 0.2279 0.0761 0.0761 0.057 1.057 1 0.8552 0.0999 0.0999 0.0999 1.0999 1 0.6745 0 0
20 117 5370 0 0 0 0 0 1.0064 0 0.98 -1.2576 1.2576 1.2718 0 1.3368 0.9304 -1.3402 1.353 1.5065 0.544 2.9174 0.9766 -1.1859 1.1859 1.2404 0.196 1.5906 -0.0695 0.0695 -0.139 0.861 1 0.2569 0.016 0.016 0.012 1.012 1 0.8723 0.0919 0.0919 0.0919 1.0919 1 0.7284 0 0
20 118 6931 0 0 0 0 0 1.0018 0 0.9816 0.8899 0.8899 0.906 0.0833 1.3172 0.9257 0.8745 0.9508 1.0985 0.702 2.6083 0.9894 0.9422 0.9422 0.9648 0.24 1.494 -0.0166 0.0166 -0.0332 0.9668 1 0.2556 -0.3687 0.3687 -0.2765 0.7235 0 0.6396 -0.2659 0.2659 -0.2659 0.7341 1 0.511 0 0
20 119 6776 0 0 0 0 0 1.0035 0 0.9642 0.5969 0.5969 0.641 0.5833 1.3094 0.9259 0.5753 0.7659 0.923 0.826 2.5548 0.9823 0.595 0.6047 0.672 0.662 1.4816 -0.0445 0.0445 -0.0891 0.9109 1 0.2551 -0.2991 0.2991 -0.2243 0.7757 1 0.661 -0.1863 0.1863 -0.1863 0.8137 1 0.5246 0 0
20 120 6863 0 0 0 0 0 1.0059 0 0.9842 -0.7383 0.7383 0.7492 0.1667 1.3272 0.931 -0.7932 0.8853 1.0287 0.818 2.8427 0.989 -0.9482 0.9482 0.9748 0.25 1.6779 0.0288 0.0288 0.0576 1.0576 1 0.2371 0.2295 0.2295 0.1721 1.1721 1 1.0428 0.1163 0.1163 0.1163 1.1163 1 0.7556 0 0
20 121 6709 0 0 0 0 0 1.0033 0 0.9814 -0.4395 0.4395 0.4672 0.9167 1.3086 0.9343 -0.4949 0.6525 0.8154 0.888 2.7035 0.9874 -0.4422 0.4422 0.4973 0.96 1.8137 0.1262 0.1262 0.2523 1.2523 0 0.1998 0.3562 0.3562 0.2672 1.2672 1 1.1455 0.0167 0.0167 0.0167 1.0167 1 0.6741 0 0
20 122 6100 0 0 0 0 0 1.0051 0 0.9932 0.1692 0.216 0.2566 1 1.4152 0.9308 0.1378 0.5031 0.6232 0.956 2.5928 0.9902 0.1464 0.2926 0.3423 1 1.5153 -0.004 0.004 -0.0081 0.9919 1 0.2382 -0.1907 0.1907 -0.143 0.857 1 0.7625 -0.1437 0.1437 -0.1437 0.8563 1 0.6018 0 0
20 123 5861 0 0 0 0 0 1.0043 0 0.9778 -0.008 0.1757 0.2114 1 1.2869 0.9372 0.0333 0.4552 0.5687 0.98 2.5315 0.9947 -0.0483 0.2666 0.3102 1 1.4455 -0.0689 0.0689 -0.1379 0.8621 1 0.2382 -0.2177 0.2177 -0.1633 0.8367 1 0.7156 -0.0971 0.0971 -0.0971 0.9029 1 0.5909 0 0
20 124 4865 0 0 0 0 0 1.0017 0 0.9915 0.0445 0.1451 0.1898 1 1.3131 0.9405 0.0438 0.4959 0.6239 0.974 2.674 0.9825 0.0047 0.25 0.282 1 1.4873 -0.0889 0.0889 -0.1778 0.8222 1 0.2341 0.0146 0.0146 0.0109 1.0109 1 0.8521 0.1137 0.1137 0.1137 1.1137 1 0.7123 0 0
20 125 4160 0 0 0 0 0 1.0035 0 0.9922 0.133 0.1556 0.2028 1 1.3373 0.9363 0.1802 0.5226 0.6502 0.96 2.6492 0.9982 0.147 0.1542 0.1707 1 1.4737 -0.105 0.105 -0.2101 0.7899 1 0.2468 -0.1953 0.1953 -0.1465 0.8535 1 0.7337 -0.0451 0.0451 -0.0451 0.9549 1 0.6237 0 0
20 126 5673 0 0 0 0 0 1.006 0 0.9817 -0.672 0.672 0.7027 0.4167 1.3414 0.9353 -0.6641 0.7816 0.933 0.814 2.6309 0.9918 -0.6334 0.6334 0.6589 0.758 1.4817 -0.0878 0.0878 -0.1757 0.8243 1 0.2481 -0.3071 0.3071 -0.2303 0.7697 1 0.7008 -0.1538 0.1538 -0.1538 0.8462 1 0.581 0 0
20 127 7718 0 0 0 0 0 1.0051 0 0.9909 0.3776 0.3776 0.3938 1 1.3564 0.94 0.3083 0.6025 0.7533 0.94 2.8542 0.9896 0.1349 0.2151 0.2882 1 1.8172 0.0958 0.0958 0.1917 1.1917 1 0.2112 0.3858 0.3858 0.2893 1.2893 1 1.1356 0.0994 0.0994 0.0994 1.0994 1 0.7454 0 0
20 128 8107 0 0 0 0 0 1.0068 0 0.9766 -0.3236 0.3283 0.3965 0.9167 1.3262 0.9388 -0.3356 0.5514 0.7049 0.944 2.5904 0.9931 -0.2586 0.2625 0.3302 1 1.6926 0.1059 0.1059 0.2117 1.2117 0 0.2033 0.063 0.063 0.0473 1.0473 1 0.9179 -0.1235 0.1235 -0.1235 0.8765 1 0.5865 0 0
20 129 5357 0 0 0 0 0 1.0062 0 0.9916 0.8419 0.8419 0.8652 0.1667 1.3248 0.934 0.7719 0.8639 1.0232 0.778 2.5832 0.994 0.8551 0.8551 0.8769 0.278 1.4269 -0.0784 0.0784 -0.1569 0.8431 1 0.2442 -0.3297 0.3297 -0.2473 0.7527 1 0.6715 -0.18 0.18 -0.18 0.82 1 0.5667 0 0
20 130 7604 0 0 0 0 0 1.0013 0 0.9781 -0.8439 0.8439 0.8597 0.1667 1.2947 0.9323 -0.7922 0.8666 1.0232 0.81 2.6977 0.9818 -0.8309 0.8344 0.8764 0.508 1.6419 0.0666 0.0666 0.1331 1.1331 1 0.2167 0.0682 0.0682 0.0512 1.0512 1 0.9236 -0.0569 0.0569 -0.0569 0.9431 1 0.6138 0 0
20 131 5720 0 0 0 0 0 1.0019 0 0.992 -0.8355 0.8355 0.8457 0.0833 1.2588 0.9385 -0.842 0.8879 1.0338 0.804 2.6877 0.9936 -0.7537 0.7537 0.7748 0.574 1.5209 -0.0076 0.0076 -0.0152 0.9848 1 0.2233 0.0193 0.0193 0.0145 1.0145 1 0.8575 0.0171 0.0171 0.0171 1.0171 1 0.6226 0 0
20 132 8441 0 0 0 0 0 1.0043 0 0.9815 -0.6912 0.6912 0.7171 0.5 1.3363 0.9407 -0.6808 0.8 0.9517 0.84 2.6955 0.9943 -0.771 0.7712 0.7862 0.448 1.6187 0.0386 0.0386 0.0773 1.0773 1 0.2306 -0.0791 0.0791 -0.0593 0.9407 1 0.8523 -0.1166 0.1166 -0.1166 0.8834 1 0.6188 0 0
20 133 4179 0 0 0 0 0 1.0033 0 0.9952 0.2348 0.2412 0.2569 1 1.2616 0.9343 0.1883 0.5195 0.6706 0.952 2.7101 0.9775 0.2367 0.291 0.3813 0.902 1.5785 0.013 0.013 0.026 1.026 1 0.2259 0.1293 0.1293 0.097 1.097 1 0.9315 0.0697 0.0697 0.0697 1.0697 1 0.6819 0 0
20 134 3970 0 0 0 0 0 1.0035 0 0.9827 0.0011 0.1798 0.2045 1 1.3131 0.9339 -0.0496 0.501 0.6303 0.954 2.5147 0.9936 0.0216 0.1487 0.2075 1 1.4445 -0.083 0.083 -0.1661 0.8339 1 0.2465 -0.3474 0.3474 -0.2606 0.7394 1 0.6553 -0.1906 0.1906 -0.1906 0.8094 1 0.5437 0 0
20 135 5907 0 0 0 0 0 1.0062 0 0.9654 -0.3188 0.344 0.3826 1 1.3016 0.9321 -0.351 0.5829 0.7356 0.944 2.7304 0.9717 -0.4441 0.4588 0.5581 0.858 1.5591 -0.0391 0.0391 -0.0782 0.9218 1 0.2302 0.0976 0.0976 0.0732 1.0732 1 0.8856 0.12 0.12 0.12 1.12 1 0.6811 0 0
20 136 7012 0 0 0 0 0 1.0055 0 0.9868 -0.4449 0.4449 0.4727 0.8333 1.288 0.9404 -0.4678 0.6392 0.7893 0.918 2.5738 0.9897 -0.4452 0.4452 0.5037 0.93 1.666 0.1007 0.1007 0.2014 1.2014 1 0.2091 0.0359 0.0359 0.0269 1.0269 1 0.8998 -0.1332 0.1332 -0.1332 0.8668 1 0.5759 0 0
20 137 8765 0 0 0 0 0 1.0043 0 0.9847 -0.413 0.413 0.4667 0.8333 1.315 0.9362 -0.4114 0.6237 0.7633 0.936 2.7469 0.9717 -0.3348 0.3836 0.473 0.868 1.6016 -0.0188 0.0188 -0.0376 0.9624 1 0.2198 0.1858 0.1858 0.1393 1.1393 1 0.9536 0.1597 0.1597 0.1597 1.1597 1 0.7472 0 0
20 138 4938 0 0 0 0 0 1.0067 0 0.9915 -0.0377 0.3497 0.4788 0.8333 1.4555 0.9397 -0.0408 0.6006 0.7484 0.928 2.5335 0.9809 -0.009 0.2185 0.2937 1 1.4815 -0.0159 0.0159 -0.0319 0.9681 1 0.2453 -0.3792 0.3792 -0.2844 0.7156 1 0.7147 -0.2742 0.2742 -0.2742 0.7258 1 0.5749 0 0
20 139 6404 0 0 0 0 0 1.0031 0 0.9894 -0.2458 0.2472 0.2915 1 1.33 0.9332 -0.2499 0.5295 0.6788 0.924 2.567 0.9864 -0.1611 0.2436 0.2963 1 1.6573 0.0837 0.0837 0.1674 1.1674 1 0.22 -0.0855 0.0855 -0.0641 0.9359 1 0.8385 -0.1846 0.1846 -0.1846 0.8154 1 0.5557 0 0
20 140 4528 0 0 0 0 0 1.0101 0 0.9938 -0.1095 0.1861 0.2414 1 1.291 0.9456 -0.0912 0.5263 0.6649 0.942 2.5396 0.9935 -0.1736 0.2264 0.2425 1 1.4199 -0.0418 0.0418 -0.0837 0.9163 1 0.2496 -0.2394 0.2394 -0.1796 0.8204 1 0.7522 -0.1408 0.1408 -0.1408 0.8592 1 0.614 0 0
20 141 6495 0 0 0 0 0 1.006 0 0.9873 0.1686 0.2236 0.265 1 1.3637 0.9393 0.1647 0.5128 0.6663 0.958 2.7118 0.995 0.1417 0.1701 0.2202 1 1.6318 0.0065 0.0065 0.0129 1.0129 1 0.2205 0.0191 0.0191 0.0143 1.0143 1 0.9379 -4e-04 4e-04 -4e-04 0.9996 1 0.7106 0 0
20 142 6270 0 0 0 0 0 1.0053 0 0.9886 -0.1824 0.1849 0.2342 1 1.3397 0.9378 -0.2227 0.5172 0.6529 0.966 2.6525 0.9923 -0.2486 0.2666 0.3116 1 1.5336 -0.0425 0.0425 -0.085 0.915 1 0.2429 -0.1055 0.1055 -0.0792 0.9208 1 0.7678 -0.0345 0.0345 -0.0345 0.9655 1 0.6563 0 0
20 143 5416 0 0 0 0 0 1.0056 0 0.9576 -1.4453 1.4453 1.473 0 1.3656 0.913 -1.2177 1.2781 1.4415 0.406 2.3593 0.9863 -1.2538 1.2538 1.3222 0.112 1.468 0.0421 0.0421 0.0842 1.0842 1 0.2864 -0.676 0.676 -0.507 0.493 0 0.5053 -0.5403 0.5403 -0.5403 0.4597 0 0.3909 0 0
20 144 7129 0 0 0 0 0 1.0088 0 0.9968 -0.5669 0.5669 0.5732 0.75 1.2773 0.9399 -0.6059 0.7167 0.859 0.892 2.7148 0.9693 -0.544 0.5629 0.6498 0.726 1.6932 0.065 0.065 0.1301 1.1301 1 0.2175 0.3127 0.3127 0.2345 1.2345 1 1.0368 0.1116 0.1116 0.1116 1.1116 1 0.7037 0 0
20 145 6215 0 0 0 0 0 1.0057 0 0.9466 0.2801 0.3006 0.3684 0.9167 1.278 0.9354 0.2392 0.5432 0.694 0.938 2.6153 0.9871 0.417 0.417 0.4829 0.886 1.4753 -0.0426 0.0426 -0.0851 0.9149 1 0.2362 -0.1853 0.1853 -0.139 0.861 1 0.733 -0.0982 0.0982 -0.0982 0.9018 1 0.5836 0 0
20 146 5809 0 0 0 0 0 1.0043 0 0.9667 -0.9146 0.9146 0.9425 0.1667 1.3246 0.9371 -0.9095 0.9603 1.096 0.736 2.7387 0.9971 -1.0813 1.0813 1.0894 0.036 1.494 -0.0924 0.0924 -0.1847 0.8153 1 0.2724 -0.1473 0.1473 -0.1105 0.8895 1 0.81 -0.0181 0.0181 -0.0181 0.9819 1 0.6731 0 0
20 147 5609 0 0 0 0 0 1.0047 0 0.9751 0.2609 0.2785 0.3529 0.9167 1.2872 0.9336 0.1973 0.5339 0.683 0.926 2.4357 0.9866 0.3014 0.3535 0.4636 0.83 1.4662 0.0128 0.0128 0.0256 1.0256 1 0.2493 -0.3509 0.3509 -0.2632 0.7368 1 0.6598 -0.281 0.281 -0.281 0.719 1 0.5176 0 0
20 148 6303 0 0 0 0 0 1.0041 0 0.9948 0.3016 0.3016 0.3187 1 1.3419 0.9391 0.2745 0.5243 0.6529 0.964 2.6367 0.9899 0.1704 0.2123 0.2645 1 1.5025 -0.0678 0.0678 -0.1356 0.8644 1 0.2433 -0.1741 0.1741 -0.1306 0.8694 1 0.738 -0.0632 0.0632 -0.0632 0.9368 1 0.6272 0 0
20 149 6195 0 0 0 0 0 1.0032 0 0.9881 0.8507 0.8507 0.8621 0 1.2816 0.9355 0.8842 0.9363 1.0889 0.766 2.8445 0.9916 0.8452 0.8452 0.8648 0.39 1.5505 -0.0526 0.0526 -0.1052 0.8948 1 0.2342 0.1574 0.1574 0.118 1.118 1 0.9382 0.1846 0.1846 0.1846 1.1846 1 0.7447 0 0
20 150 4698 0 0 0 0 0 1.0081 0 0.9935 -0.1745 0.1748 0.2326 1 1.3388 0.9333 -0.1587 0.5354 0.6736 0.948 2.6215 0.9859 -0.1624 0.2581 0.2923 1 1.481 -0.1078 0.1078 -0.2155 0.7845 1 0.2431 -0.1866 0.1866 -0.14 0.86 1 0.741 -0.0356 0.0356 -0.0356 0.9644 1 0.6304 0 0
20 151 6985 0 0 0 0 0 1.0025 0 0.9697 -0.7698 0.7698 0.8007 0.0833 1.3179 0.9341 -0.7752 0.8465 0.9892 0.81 2.663 0.9787 -0.9607 0.9615 1.012 0.308 1.6179 0.0475 0.0475 0.0951 1.0951 1 0.2183 -0.0467 0.0467 -0.035 0.965 1 0.8153 -0.1057 0.1057 -0.1057 0.8943 1 0.5999 0 0
20 152 5065 0 0 0 0 0 1.0023 0 0.9926 -0.1624 0.2015 0.2337 1 1.2744 0.9371 -0.1076 0.4968 0.6192 0.974 2.5646 0.971 -0.0698 0.284 0.3614 1 1.4511 -0.0684 0.0684 -0.1368 0.8632 1 0.2314 -0.2017 0.2017 -0.1513 0.8487 1 0.7234 -0.0844 0.0844 -0.0844 0.9156 1 0.6073 0 0
20 153 5376 0 0 0 0 0 1.009 0 0.9774 -0.3734 0.3758 0.4225 1 1.2827 0.929 -0.4597 0.6496 0.8142 0.92 2.8335 0.992 -0.6044 0.6083 0.6331 0.802 1.5072 -0.1305 0.1305 -0.2611 0.7389 0 0.2409 0.0993 0.0993 0.0745 1.0745 1 0.8919 0.2299 0.2299 0.2299 1.2299 1 0.7788 0 0
20 154 7396 0 0 0 0 0 1.0078 0 0.9863 0.3668 0.3668 0.3949 1 1.2923 0.9424 0.4208 0.6153 0.7681 0.924 2.7785 0.995 0.412 0.427 0.4429 1 1.6288 0.0274 0.0274 0.0547 1.0547 1 0.2302 0.1865 0.1865 0.1399 1.1399 1 0.9541 0.0881 0.0881 0.0881 1.0881 1 0.6819 0 0
20 155 5983 0 0 0 0 0 1.0049 0 0.9923 0.6061 0.6114 0.7867 0.75 1.5387 0.929 0.4845 0.6926 0.8799 0.856 2.488 0.9972 0.5428 0.5437 0.5895 0.68 1.3917 -0.1167 0.1167 -0.2333 0.7667 1 0.2797 -0.615 0.615 -0.4612 0.5388 0 0.5422 -0.3911 0.3911 -0.3911 0.6089 0 0.4831 0 0
20 156 4991 0 0 0 0 0 1.0043 0 0.9793 0.4927 0.4927 0.5294 0.8333 1.3007 0.9314 0.4905 0.6493 0.812 0.882 2.6357 0.9735 0.5769 0.5769 0.6728 0.704 1.5155 -0.0216 0.0216 -0.0433 0.9567 1 0.2349 -0.098 0.098 -0.0735 0.9265 1 0.8003 -0.0543 0.0543 -0.0543 0.9457 1 0.6065 0 0
20 157 9192 0 0 0 0 0 1.0038 0 0.9805 -0.1997 0.2432 0.2794 1 1.3206 0.9403 -0.1876 0.5284 0.6817 0.954 2.4831 0.9867 -0.0255 0.2135 0.2486 1 1.6225 0.1061 0.1061 0.2123 1.2123 1 0.21 -0.1731 0.1731 -0.1298 0.8702 1 0.7788 -0.2731 0.2731 -0.2731 0.7269 0 0.491 0 0
20 158 5685 0 0 0 0 0 1.0062 0 0.9854 0.2393 0.264 0.2954 1 1.308 0.9437 0.1985 0.5094 0.6491 0.954 2.7052 0.9923 0.2236 0.2471 0.2857 1 1.4564 -0.1221 0.1221 -0.2442 0.7558 1 0.2543 -0.1034 0.1034 -0.0776 0.9224 1 0.8171 0.0475 0.0475 0.0475 1.0475 1 0.7048 0 0
20 159 5011 0 0 0 0 0 1.0098 0 0.9933 1.2136 1.2136 1.2257 0 1.3274 0.9278 1.0617 1.1345 1.2762 0.55 2.5754 0.9956 1.0316 1.0316 1.0592 0.166 1.5562 0.0706 0.0706 0.1412 1.1412 1 0.2339 -0.1681 0.1681 -0.1261 0.8739 1 0.8343 -0.2212 0.2212 -0.2212 0.7788 1 0.5757 0 0
20 160 6605 0 0 0 0 0 1.0046 0 0.9869 0.7965 0.7965 0.8234 0.25 1.3135 0.9272 0.7335 0.8593 1.0078 0.752 2.4572 0.9852 0.6556 0.6635 0.7484 0.464 1.4977 0.0182 0.0182 0.0363 1.0363 1 0.2394 -0.4082 0.4082 -0.3062 0.6938 0 0.6335 -0.3286 0.3286 -0.3286 0.6714 0 0.4736 0 0
20 161 5239 0 0 0 0 0 1.0049 0 0.9929 -0.2214 0.2476 0.26 1 1.3137 0.938 -0.2031 0.5213 0.6587 0.942 2.5 0.9826 -0.211 0.2795 0.3627 0.916 1.4569 -0.0495 0.0495 -0.0991 0.9009 1 0.251 -0.3576 0.3576 -0.2682 0.7318 0 0.6176 -0.2274 0.2274 -0.2274 0.7726 1 0.5048 0 0
20 162 7879 0 0 0 0 0 1.0044 0 0.9852 0.1171 0.1949 0.2165 1 1.2932 0.9386 0.0982 0.5026 0.6502 0.954 2.5926 0.9849 -0.0142 0.1994 0.25 1 1.5979 0.0546 0.0546 0.1091 1.1091 1 0.224 -0.0261 0.0261 -0.0196 0.9804 1 0.8785 -0.1028 0.1028 -0.1028 0.8972 1 0.5958 0 0
20 163 4981 0 0 0 0 0 1.0031 0 0.9911 -0.3297 0.3332 0.3836 0.9167 1.371 0.9441 -0.3894 0.597 0.743 0.936 2.7589 0.9838 -0.3439 0.3567 0.4439 0.922 1.5299 -0.0907 0.0907 -0.1814 0.8186 1 0.2424 -0.0079 0.0079 -0.0059 0.9941 1 0.8706 0.0968 0.0968 0.0968 1.0968 1 0.7201 0 0
20 164 6875 0 0 0 0 0 1.0016 0 0.99 0.2846 0.2846 0.3104 1 1.3017 0.9464 0.2975 0.5326 0.6805 0.962 2.7748 0.9822 0.0998 0.2148 0.2911 1 1.6973 0.0302 0.0302 0.0604 1.0604 1 0.2217 0.3674 0.3674 0.2756 1.2756 1 1.0852 0.2129 0.2129 0.2129 1.2129 1 0.7529 0 0
20 165 4767 0 0 0 0 0 1.0089 0 0.9941 -0.2138 0.2318 0.2818 1 1.3388 0.9414 -0.2144 0.5015 0.6386 0.946 2.5646 0.9702 -0.1765 0.3252 0.3951 1 1.5138 -0.0035 0.0035 -0.007 0.993 1 0.2344 -0.1909 0.1909 -0.1432 0.8568 1 0.7436 -0.1449 0.1449 -0.1449 0.8551 1 0.5975 0 0
20 166 6890 0 0 0 0 0 1.0029 0 0.9939 -0.6107 0.6107 0.6234 0.75 1.3336 0.9428 -0.5363 0.7047 0.8492 0.872 2.6234 0.9904 -0.5156 0.5156 0.5516 1 1.6426 0.0708 0.0708 0.1416 1.1416 1 0.213 -0.0518 0.0518 -0.0388 0.9612 1 0.8282 -0.1426 0.1426 -0.1426 0.8574 1 0.5735 0 0
20 167 5333 0 0 0 0 0 1.0065 0 0.9713 -0.152 0.2115 0.2537 1 1.2948 0.9379 -0.1546 0.5035 0.6266 0.966 2.6941 0.9868 -0.2076 0.2405 0.3114 1 1.5226 -0.0597 0.0597 -0.1194 0.8806 1 0.2325 0.013 0.013 0.0097 1.0097 1 0.8409 0.0786 0.0786 0.0786 1.0786 1 0.6838 0 0
20 168 5896 0 0 0 0 0 1.0055 0 0.9876 -0.0913 0.2451 0.304 0.9167 1.341 0.9413 -0.1256 0.5125 0.6502 0.95 2.4018 0.987 -0.1542 0.3222 0.3937 0.94 1.4679 0.0151 0.0151 0.0301 1.0301 1 0.2389 -0.4127 0.4127 -0.3096 0.6904 0 0.6421 -0.328 0.328 -0.328 0.672 0 0.4985 0 0
20 169 6514 0 0 0 0 0 1.0036 0 0.9759 0.9043 0.9043 0.9255 0.0833 1.2835 0.9241 0.8218 0.926 1.0793 0.766 2.7007 0.9851 0.7551 0.7551 0.7937 0.43 1.4556 -0.1072 0.1072 -0.2145 0.7855 1 0.2623 -0.1955 0.1955 -0.1467 0.8533 1 0.7346 -0.0439 0.0439 -0.0439 0.9561 1 0.6279 0 0
20 170 5856 0 0 0 0 0 1.0016 0 0.9802 0.0328 0.1435 0.1967 1 1.3098 0.9337 0.0199 0.5314 0.6723 0.946 2.5795 0.9951 -0.0062 0.0842 0.1396 1 1.4586 -0.0854 0.0854 -0.1707 0.8293 1 0.2554 -0.313 0.313 -0.2348 0.7652 1 0.6567 -0.1609 0.1609 -0.1609 0.8391 1 0.5537 0 0
20 171 6244 0 0 0 0 0 1.0033 0 0.9782 -0.1757 0.2239 0.2837 0.9167 1.2929 0.9354 -0.0978 0.5087 0.625 0.972 2.5417 0.9942 -0.1149 0.2848 0.3322 1 1.5305 -0.0141 0.0141 -0.0282 0.9718 1 0.2194 -0.1046 0.1046 -0.0784 0.9216 1 0.7929 -0.0674 0.0674 -0.0674 0.9326 1 0.603 0 0
20 172 7031 0 0 0 0 0 1.0018 0 0.988 -1.1914 1.1914 1.2284 0 1.3847 0.9223 -1.0962 1.1464 1.3102 0.552 2.6241 0.9892 -1.1655 1.1655 1.201 0.138 1.5693 0.0477 0.0477 0.0953 1.0953 1 0.2428 -0.1991 0.1991 -0.1493 0.8507 1 0.7874 -0.2118 0.2118 -0.2118 0.7882 1 0.5952 0 0
20 173 5939 0 0 0 0 0 1.0048 0 0.9843 -0.9887 0.9887 1.0061 0 1.3135 0.9469 -1.0149 1.0396 1.185 0.706 2.7859 0.9878 -0.8917 0.8918 0.9185 0.33 1.6072 -0.0067 0.0067 -0.0134 0.9866 1 0.2249 0.1352 0.1352 0.1014 1.1014 1 0.9217 0.1035 0.1035 0.1035 1.1035 1 0.6975 0 0
20 174 5963 0 0 0 0 0 1.0058 0 0.9941 -0.1689 0.1962 0.2158 1 1.293 0.9334 -0.1755 0.5243 0.6657 0.962 2.6985 0.988 -0.2586 0.3019 0.3427 1 1.572 -0.0143 0.0143 -0.0286 0.9714 1 0.2246 0.1202 0.1202 0.0901 1.0901 1 0.8891 0.1033 0.1033 0.1033 1.1033 1 0.6916 0 0
20 175 6175 0 0 0 0 0 1.0057 0 0.9856 -0.0424 0.172 0.2046 1 1.3294 0.9435 -0.0276 0.5074 0.6486 0.954 2.6079 0.995 -0.122 0.1502 0.1874 1 1.636 0.0578 0.0578 0.1156 1.1156 1 0.2266 -0.0475 0.0475 -0.0356 0.9644 1 0.852 -0.1209 0.1209 -0.1209 0.8791 1 0.6336 0 0
20 176 6672 0 0 0 0 0 1.0058 0 0.9868 0.3811 0.4273 0.549 0.8333 1.3753 0.9393 0.302 0.5802 0.7191 0.934 2.5147 0.9868 0.3898 0.404 0.464 1 1.4826 -0.0147 0.0147 -0.0294 0.9706 1 0.2289 -0.3824 0.3824 -0.2868 0.7132 0 0.6433 -0.2772 0.2772 -0.2772 0.7228 0 0.5053 0 0
20 177 5337 0 0 0 0 0 1.0039 0 0.9888 -0.1655 0.2569 0.3081 1 1.2981 0.9441 -0.1903 0.5293 0.6799 0.948 2.529 0.9751 -0.2573 0.3467 0.4107 0.946 1.5379 0.0587 0.0587 0.1174 1.1174 1 0.2207 -0.1572 0.1572 -0.1179 0.8821 1 0.7808 -0.197 0.197 -0.197 0.803 1 0.552 0 0
20 178 5315 0 0 0 0 0 1.0095 0 0.9943 1.0229 1.0229 1.0659 0.1667 1.4221 0.9275 0.9246 1.0179 1.192 0.64 2.4541 0.9908 0.9836 0.9836 1.013 0.118 1.4098 -0.0623 0.0623 -0.1246 0.8754 1 0.2857 -0.6267 0.6267 -0.47 0.53 0 0.576 -0.4328 0.4328 -0.4328 0.5672 0 0.5041 0 0
20 179 6501 0 0 0 0 0 1.0035 0 0.9868 0.7283 0.7283 0.755 0.3333 1.3291 0.9354 0.7095 0.7999 0.9464 0.838 2.6625 0.9971 0.7387 0.7387 0.7601 0.634 1.5855 0.0305 0.0305 0.061 1.061 1 0.218 -0.0157 0.0157 -0.0118 0.9882 1 0.8803 -0.06 0.06 -0.06 0.94 1 0.6394 0 0
20 180 6603 0 0 0 0 0 1.0063 0 0.9927 0.7977 0.7977 0.8142 0.0833 1.3404 0.941 0.8351 0.9008 1.0502 0.816 2.8105 0.9837 0.8229 0.8269 0.8656 0.484 1.6612 0.03 0.03 0.06 1.06 1 0.2138 0.1761 0.1761 0.132 1.132 1 1.0236 0.0767 0.0767 0.0767 1.0767 1 0.6957 0 0
20 181 7187 0 0 0 0 0 1.0065 0 0.9615 -0.5959 0.5959 0.6598 0.75 1.331 0.9338 -0.5406 0.6919 0.8442 0.89 2.6533 0.9828 -0.4686 0.4947 0.5462 0.824 1.5343 -0.0301 0.0301 -0.0602 0.9398 1 0.2431 -0.0443 0.0443 -0.0332 0.9668 1 0.841 -0.0029 0.0029 -0.0029 0.9971 1 0.655 0 0
20 182 6950 0 0 0 0 0 1.0016 0 0.9931 0.5753 0.5753 0.5931 0.6667 1.3228 0.9406 0.5221 0.6715 0.8345 0.854 2.6448 0.9662 0.5907 0.6023 0.6981 0.732 1.5291 -0.0174 0.0174 -0.0347 0.9653 1 0.2401 -0.2198 0.2198 -0.1649 0.8351 1 0.7655 -0.1522 0.1522 -0.1522 0.8478 1 0.5862 0 0
20 183 4230 0 0 0 0 0 1.0067 0 0.9913 0.2097 0.2825 0.3395 1 1.3726 0.9386 0.1701 0.5156 0.6559 0.95 2.4874 0.9848 0.1876 0.2547 0.3441 0.972 1.4945 -0.0091 0.0091 -0.0182 0.9818 1 0.2375 -0.3509 0.3509 -0.2632 0.7368 1 0.7127 -0.2589 0.2589 -0.2589 0.7411 1 0.5557 0 0
20 184 6179 0 0 0 0 0 1.0052 0 0.9858 0.5633 0.5633 0.63 0.5833 1.3599 0.9333 0.4899 0.6762 0.8417 0.88 2.5279 0.994 0.3981 0.4149 0.48 0.88 1.5328 0.019 0.019 0.0379 1.0379 1 0.2232 -0.249 0.249 -0.1867 0.8133 1 0.7446 -0.2129 0.2129 -0.2129 0.7871 1 0.5717 0 0
20 185 9059 0 0 0 0 0 1.0025 0 0.9815 0.3883 0.3883 0.4492 0.8333 1.3015 0.9439 0.3348 0.5888 0.7298 0.944 2.5789 0.9831 0.4528 0.4709 0.5221 0.86 1.5615 0.0389 0.0389 0.0778 1.0778 1 0.2224 -0.1686 0.1686 -0.1265 0.8735 1 0.7599 -0.1798 0.1798 -0.1798 0.8202 1 0.5512 0 0
20 186 4291 0 0 0 0 0 1.0043 0 0.9954 0.6468 0.6468 0.6573 0.5833 1.3332 0.9403 0.6384 0.7547 0.8998 0.866 2.7566 0.9928 0.4907 0.4907 0.5191 0.93 1.5579 -0.0453 0.0453 -0.0906 0.9094 1 0.23 0.0678 0.0678 0.0508 1.0508 1 0.9242 0.1042 0.1042 0.1042 1.1042 1 0.7112 0 0
20 187 6432 0 0 0 0 0 1.0025 0 0.9862 -0.0508 0.1361 0.1616 1 1.3219 0.9342 0.0021 0.4782 0.5984 0.972 2.6569 0.9709 0.0166 0.275 0.3511 1 1.5529 -0.0388 0.0388 -0.0777 0.9223 1 0.2236 -0.0592 0.0592 -0.0444 0.9556 1 0.7889 -0.0032 0.0032 -0.0032 0.9968 1 0.6194 0 0
20 188 7588 0 0 0 0 0 1.0029 0 0.9786 -0.1284 0.1892 0.2591 1 1.274 0.9377 -0.1027 0.5318 0.6754 0.932 2.3983 0.9923 -0.1702 0.244 0.2768 1 1.5613 0.1101 0.1101 0.2201 1.2201 1 0.2249 -0.3418 0.3418 -0.2564 0.7436 1 0.7078 -0.3832 0.3832 -0.3832 0.6168 0 0.4594 0 0
20 189 5781 0 0 0 0 0 1.0047 0 0.9816 -0.5205 0.5205 0.5531 0.6667 1.2943 0.9355 -0.4698 0.638 0.7852 0.916 2.6457 0.9893 -0.3708 0.3708 0.4268 0.968 1.5193 -0.0301 0.0301 -0.0601 0.9399 1 0.2487 -0.0804 0.0804 -0.0603 0.9397 1 0.7743 -0.0302 0.0302 -0.0302 0.9698 1 0.6297 0 0
20 190 5891 0 0 0 0 0 1.0045 0 0.9277 0.3343 0.3669 0.4334 0.8333 1.3 0.9434 0.2396 0.533 0.6761 0.96 2.6938 0.9635 0.1732 0.3121 0.4209 0.928 1.5181 -0.0845 0.0845 -0.1691 0.8309 1 0.2393 -0.0364 0.0364 -0.0273 0.9727 1 0.8227 0.0671 0.0671 0.0671 1.0671 1 0.6952 0 0
20 191 5416 0 0 0 0 0 1.0018 0 0.9826 0.447 0.447 0.4841 0.9167 1.3114 0.9437 0.4101 0.581 0.7021 0.944 2.6708 0.9929 0.332 0.3373 0.3763 1 1.4689 -0.1057 0.1057 -0.2114 0.7886 1 0.2417 -0.1056 0.1056 -0.0792 0.9208 1 0.7892 0.0307 0.0307 0.0307 1.0307 1 0.6631 0 0
20 192 5750 0 0 0 0 0 1.018 0 0.9855 0.612 0.612 0.6339 0.6667 1.3028 0.9373 0.5709 0.7118 0.8452 0.882 2.6528 0.9731 0.6997 0.7197 0.779 0.476 1.5349 -0.0205 0.0205 -0.0409 0.9591 1 0.2369 -0.1293 0.1293 -0.097 0.903 1 0.7888 -0.079 0.079 -0.079 0.921 1 0.6233 0 0
20 193 4281 0 0 0 0 0 1.0073 0 0.9915 0.9034 0.9034 0.9202 0 1.3482 0.9357 0.789 0.8693 1.0142 0.786 2.6639 0.9925 0.8477 0.8477 0.8911 0.422 1.5298 -0.0181 0.0181 -0.0363 0.9637 1 0.2417 -0.0935 0.0935 -0.0701 0.9299 1 0.8242 -0.0549 0.0549 -0.0549 0.9451 1 0.6554 0 0
20 194 5325 0 0 0 0 0 1.0096 0 0.9772 0.3032 0.3154 0.3631 0.9167 1.3049 0.9399 0.3391 0.5466 0.6913 0.938 2.7204 0.9801 0.3384 0.3384 0.4611 0.836 1.5049 -0.0994 0.0994 -0.1988 0.8012 1 0.2294 0.0621 0.0621 0.0466 1.0466 1 0.8385 0.1651 0.1651 0.1651 1.1651 1 0.7101 0 0
20 195 4089 0 0 0 0 0 1.0037 0 0.9916 0.4528 0.4528 0.4841 0.9167 1.2805 0.9445 0.3996 0.6061 0.7418 0.904 2.5732 0.9679 0.5072 0.5284 0.6325 0.716 1.4729 -0.0225 0.0225 -0.045 0.955 1 0.2283 -0.2081 0.2081 -0.1561 0.8439 1 0.7442 -0.1372 0.1372 -0.1372 0.8628 1 0.5822 0 0
20 196 6763 0 0 0 0 0 1.0057 0 0.9921 -0.017 0.2353 0.3106 1 1.3511 0.9419 -0.0254 0.5352 0.6677 0.938 2.4593 0.9819 -0.0455 0.2408 0.2935 1 1.4603 0.0215 0.0215 0.043 1.043 1 0.2328 -0.396 0.396 -0.297 0.703 0 0.6519 -0.3216 0.3216 -0.3216 0.6784 0 0.5061 0 0
20 197 5377 0 0 0 0 0 1.0042 0 0.9794 -0.0477 0.1693 0.2033 1 1.3174 0.939 -0.0312 0.5 0.6472 0.952 2.6099 0.9777 -0.1007 0.2535 0.3141 1 1.5777 0.0169 0.0169 0.0338 1.0338 1 0.2311 -0.1231 0.1231 -0.0923 0.9077 1 0.7846 -0.1197 0.1197 -0.1197 0.8803 1 0.5902 0 0
20 198 5294 0 0 0 0 0 1.0071 0 0.9956 0.339 0.3471 0.4059 0.9167 1.3125 0.9386 0.2679 0.5589 0.6837 0.944 2.5574 0.9943 0.3455 0.4188 0.4996 0.878 1.5395 0.0037 0.0037 0.0074 1.0074 1 0.2155 -0.0552 0.0552 -0.0414 0.9586 1 0.8073 -0.0523 0.0523 -0.0523 0.9477 1 0.6113 0 0
20 199 5929 0 0 0 0 0 1.0043 0 0.9868 0.657 0.657 0.6826 0.5 1.3048 0.9307 0.663 0.7838 0.9427 0.838 2.7507 0.9818 0.8069 0.8098 0.851 0.526 1.6316 0.0374 0.0374 0.0748 1.0748 1 0.2261 0.1412 0.1412 0.1059 1.1059 1 0.9619 0.0398 0.0398 0.0398 1.0398 1 0.6749 0 0
20 200 6348 0 0 0 0 0 1.0026 0 0.9878 -1.0739 1.0739 1.0825 0 1.3307 0.934 -1.1012 1.1397 1.2854 0.64 2.8064 0.9971 -1.1064 1.1064 1.115 0.008 1.6472 0.0278 0.0278 0.0555 1.0555 1 0.2374 -0.0089 0.0089 -0.0067 0.9933 1 0.8786 -0.0522 0.0522 -0.0522 0.9478 1 0.6498 0 0
