cond r run.time ndiv nbfmi ntree nbulk ntail maxRhat nRhat beta.cor beta.bias beta.abbias beta.rmse beta.CI theta.cor theta.bias theta.abbias theta.rmse theta.CI lambda.bias lambda.abbias lambda.CI corrupt efficiency
47 1 2186 0 0 0 0 0 1.0003 0 0.9826 0.095 0.1912 0.2257 1.8153 0.8971 0.1093 0.422 0.5516 4.5023 0.0533 0.0533 0.2227 0 0
47 2 1359 0 0 0 0 0 1.0005 0 0.9823 -0.0077 0.153 0.1911 1.4085 0.8761 -0.0045 0.4233 0.5655 4.2475 -0.0124 0.0124 0.2455 0 0
47 3 1998 0 0 0 0 0 1.0006 0 0.9788 -0.0942 0.2291 0.3111 1.7526 0.8968 -0.0669 0.4162 0.5345 4.0082 0.045 0.045 0.2197 0 0
47 4 1497 0 0 0 0 0 1.0002 0 0.9728 0.0079 0.1995 0.2411 1.8608 0.8706 -0.0374 0.4022 0.5417 4.3105 -0.0314 0.0314 0.2487 0 0
47 5 1813 0 0 0 0 0 1.0012 0 0.9885 0.0355 0.1665 0.1852 1.4141 0.8913 -0.0422 0.4163 0.5477 4.3927 0.0955 0.0955 0.226 0 0
47 6 1271 0 0 0 0 0 1.0012 0 0.9817 0.0508 0.1874 0.2331 1.4669 0.8758 0.0128 0.3966 0.5457 4.0058 -0.0931 0.0931 0.2572 0 0
47 7 1271 0 0 0 0 0 1.0006 0 0.9774 -0.0175 0.2243 0.2934 1.7529 0.8808 -0.0102 0.4113 0.5639 4.3404 -0.0578 0.0578 0.2398 0 0
47 8 1290 0 0 0 0 0 1.0003 0 0.9818 0.0627 0.1906 0.2363 1.4946 0.8967 -0.0316 0.4066 0.5239 3.9713 -0.0213 0.0213 0.2345 0 0
47 9 1290 0 0 0 0 0 1.0011 0 0.9829 -0.1054 0.1889 0.2436 1.6184 0.8772 -0.1107 0.4352 0.5737 4.227 -0.0919 0.0919 0.2514 0 0
47 10 1236 0 0 0 0 0 1.0004 0 0.9598 0.2555 0.3277 0.446 2.2392 0.8474 0.1513 0.4379 0.5798 4.0413 -0.0937 0.0937 0.2756 0 0
47 11 1282 0 0 0 0 0 1.0002 0 0.9545 0.0579 0.216 0.3136 1.402 0.884 0.0253 0.4119 0.5437 3.9867 -0.0993 0.0993 0.2492 0 0
47 12 1244 0 0 0 0 0 1.0008 0 0.9878 0.0914 0.1798 0.2322 1.573 0.8605 0.0205 0.4314 0.5923 4.2308 -0.0627 0.0627 0.2525 0 0
47 13 1406 0 0 0 0 0 1.0012 0 0.9645 -0.259 0.2854 0.3863 1.6356 0.8733 -0.2389 0.4713 0.6222 4.3191 0.0385 0.0385 0.2303 0 0
47 14 1799 0 0 0 0 0 1.0005 0 0.9795 -0.0263 0.2142 0.2778 1.3885 0.9075 -0.0066 0.403 0.5149 4.2914 0.0328 0.0328 0.2221 0 0
47 15 1250 0 0 0 0 0 1.0009 0 0.9834 -0.0155 0.1678 0.2277 1.8343 0.866 -0.0518 0.4364 0.5803 4.401 -0.0722 0.0722 0.2518 0 0
47 16 1645 0 0 0 0 0 1.0003 0 0.9891 -5e-04 0.1633 0.2017 2.1589 0.8963 -0.0164 0.3899 0.5096 4.0035 0.0147 0.0147 0.2269 0 0
47 17 1237 0 0 0 0 0 1.0011 0 0.9897 -0.0021 0.1248 0.1464 1.4305 0.8812 0.0139 0.3896 0.5452 4.2527 -0.0437 0.0437 0.247 0 0
47 18 1385 0 0 0 0 0 1.0004 0 0.9784 -0.1883 0.2161 0.2862 1.7782 0.8918 -0.1192 0.427 0.5767 4.3131 0.0363 0.0363 0.2283 0 0
47 19 1322 0 0 0 0 0 1.002 0 0.9528 -0.0876 0.213 0.2594 1.03 0.8871 -0.0789 0.395 0.5168 4.2593 -0.0402 0.0402 0.2354 0 0
47 20 2483 0 0 0 0 0 1.0002 0 0.9605 -0.2082 0.2714 0.3406 1.4913 0.8882 -0.1864 0.4304 0.5794 4.0434 0.1254 0.1254 0.1987 0 0
47 21 1399 0 0 0 0 0 1.0003 0 0.9917 -0.0207 0.1092 0.1363 1.3729 0.8982 -0.0436 0.3957 0.529 3.9737 -0.0125 0.0125 0.232 0 0
47 22 1312 0 0 0 0 0 1.0002 0 0.9896 0.046 0.143 0.1703 1.5872 0.8883 0.0812 0.3644 0.4896 3.9577 -0.132 0.132 0.2605 0 0
47 23 1661 0 0 0 0 0 1.0004 0 0.9697 0.0552 0.1936 0.2459 1.5228 0.8948 0.061 0.3911 0.5232 4.4009 0.0155 0.0155 0.2347 0 0
47 24 1280 0 0 0 0 0 1.0003 0 0.9816 0.0993 0.2381 0.2916 1.9684 0.8783 0.1212 0.3818 0.5043 4.2481 -0.0683 0.0683 0.2456 0 0
47 25 1300 0 0 0 0 0 1.0006 0 0.9782 0.0672 0.1735 0.2685 1.7251 0.8573 0.0364 0.4229 0.5619 4.1377 -0.1687 0.1687 0.2523 0 0
47 26 1290 0 0 0 0 0 1.0004 0 0.983 -0.0384 0.1796 0.2148 1.6915 0.8597 -0.0996 0.4299 0.5873 4.2309 -0.1484 0.1484 0.2738 0 0
47 27 1675 0 0 0 0 0 1.0006 0 0.9895 -0.0848 0.153 0.1833 1.4951 0.8855 -0.0315 0.4124 0.5511 4.4432 0.02 0.02 0.2336 0 0
47 28 1989 0 0 0 0 0 1.0008 0 0.9796 0.1016 0.2355 0.3014 1.6825 0.8993 0.0863 0.38 0.517 4.0118 0.0284 0.0284 0.2318 0 0
47 29 1289 0 0 0 0 0 1.0004 0 0.9826 0.0285 0.1493 0.2106 1.3214 0.8644 0.0319 0.4086 0.5372 4.2426 -0.0466 0.0466 0.2447 0 0
47 30 2215 0 0 0 0 0 1.0003 0 0.9776 0.3757 0.3918 0.4428 1.5515 0.858 0.3109 0.5733 0.7369 4.5311 0.0785 0.0785 0.2167 0 0
47 31 1375 0 0 0 0 0 1.0003 0 0.9934 0.1148 0.1606 0.2004 2.0723 0.8656 0.0923 0.4268 0.5863 4.002 0.028 0.028 0.2505 0 0
47 32 1322 0 0 0 0 0 1.0009 0 0.9805 0.2296 0.2591 0.3194 2.1141 0.8681 0.1807 0.4514 0.5784 3.9924 -0.0701 0.0701 0.2492 0 0
47 33 1580 0 0 0 0 0 1.0003 0 0.9902 -0.0028 0.1284 0.1604 1.8466 0.8838 0.02 0.3914 0.5237 4.059 0.001 0.001 0.2231 0 0
47 34 2039 0 0 0 0 0 1.0006 0 0.9594 0.2538 0.3361 0.4679 2.3258 0.8648 0.1407 0.481 0.65 4.4381 0.086 0.086 0.2243 0 0
47 35 2151 0 0 0 0 0 1.001 0 0.9798 -0.3095 0.3215 0.3836 1.4072 0.868 -0.2691 0.4865 0.6302 4.5545 0.0642 0.0642 0.2278 0 0
47 36 2215 0 0 0 0 0 1.0014 0 0.9689 0.0075 0.1653 0.211 1.2581 0.8752 0.0303 0.4252 0.5617 4.4554 0.0565 0.0565 0.2206 0 0
47 37 1713 0 0 0 0 0 1.0013 0 0.9826 -0.1124 0.1702 0.2322 1.6942 0.8664 -0.0843 0.4263 0.5582 4.0055 0.0201 0.0201 0.243 0 0
47 38 1264 0 0 0 0 0 1.0011 0 0.9784 0.0127 0.2086 0.2859 2.18 0.8743 -0.0336 0.4008 0.5372 4.296 -0.0348 0.0348 0.2489 0 0
47 39 1825 0 0 0 0 0 1.0003 0 0.9747 -0.2104 0.2868 0.3641 1.6034 0.8906 -0.2071 0.4475 0.5764 4.3967 0.1022 0.1022 0.2228 0 0
47 40 2380 0 0 0 0 0 1.0004 0 0.983 0.1064 0.187 0.2166 1.2112 0.8455 0.073 0.4633 0.6275 4.3792 0.0986 0.0986 0.2127 0 0
47 41 1563 0 0 0 0 0 1.0003 0 0.985 -0.1421 0.175 0.2191 1.2624 0.8777 -0.0303 0.4162 0.5638 4.4144 -0.0126 0.0126 0.2375 0 0
47 42 1298 0 0 0 0 0 1.0015 0 0.9663 -0.1141 0.2301 0.2822 1.715 0.8724 -0.1052 0.4292 0.58 4.2473 -0.0715 0.0715 0.2497 0 0
47 43 1303 0 0 0 0 0 1.0004 0 0.9641 -0.298 0.326 0.3725 1.4394 0.85 -0.3205 0.5032 0.6703 4.2905 -0.0449 0.0449 0.2549 0 0
47 44 1771 0 0 0 0 0 1.001 0 0.9654 -0.092 0.1927 0.2754 1.8456 0.8659 -0.0482 0.4487 0.5906 4.3035 -0.0159 0.0159 0.2554 0 0
47 45 1960 0 0 0 0 0 1.0003 0 0.965 0.1483 0.2321 0.2781 1.2252 0.9079 0.1449 0.4079 0.5431 4.0263 0.0292 0.0292 0.2181 0 0
47 46 1332 0 0 0 0 0 1.0005 0 0.976 0.0998 0.2124 0.2635 1.3053 0.8727 0.0935 0.4114 0.5644 4.3052 -0.0629 0.0629 0.2381 0 0
47 47 1276 0 0 0 0 0 1.0003 0 0.9893 -0.0627 0.172 0.2262 2.141 0.8679 -0.0371 0.4081 0.5593 4.228 -0.0891 0.0891 0.2522 0 0
47 48 1255 0 0 0 0 0 1.0012 0 0.9755 0.1731 0.3349 0.4978 2.454 0.8381 0.2088 0.4941 0.6484 4.2133 -0.067 0.067 0.2738 0 0
47 49 1962 0 0 0 0 0 1.0004 0 0.9558 0.126 0.2063 0.258 1.1533 0.8764 0.1366 0.416 0.5857 4.0745 0.0561 0.0561 0.2254 0 0
47 50 1942 0 0 0 0 0 1.0009 0 0.9818 0.0097 0.1517 0.193 1.1954 0.8963 0.0738 0.3684 0.498 4.0251 0.0138 0.0138 0.228 0 0
47 51 1908 0 0 0 0 0 1.0003 0 0.9794 -0.1347 0.2045 0.2756 1.991 0.8846 -0.0953 0.434 0.5669 4.1045 0.0548 0.0548 0.2121 0 0
47 52 1562 0 0 0 0 0 1.0007 0 0.9792 0.0506 0.2173 0.2586 1.899 0.8839 -0.0187 0.4139 0.555 3.9708 0.0192 0.0192 0.2241 0 0
47 53 1257 0 0 0 0 0 1.0002 0 0.9791 -0.2187 0.2363 0.3064 1.2096 0.8659 -0.1577 0.4533 0.5987 4.3753 -0.0597 0.0597 0.2422 0 0
47 54 1268 0 0 0 0 0 1.0004 0 0.9775 0.0216 0.1495 0.1918 1.2625 0.8759 0.0428 0.3642 0.4931 4.2474 -0.0883 0.0883 0.2438 0 0
47 55 1467 0 0 0 0 0 1.0008 0 0.9805 -0.1633 0.2269 0.2715 1.3383 0.8836 -0.1879 0.4002 0.5348 4.296 -0.0136 0.0136 0.2397 0 0
47 56 1323 0 0 0 0 0 1.0008 0 0.9845 -0.1025 0.1976 0.2477 2.1057 0.879 -0.0494 0.3909 0.5172 4.2802 -0.004 0.004 0.2318 0 0
47 57 1305 0 0 0 0 0 1.0002 0 0.9882 0.0839 0.1443 0.2126 2.1618 0.8623 0.0773 0.4158 0.5509 4.2207 -0.0349 0.0349 0.2419 0 0
47 58 1300 0 0 0 0 0 1.0015 0 0.9714 0.2932 0.3202 0.4539 2.2183 0.8553 0.2084 0.4756 0.6494 4.4252 0.0198 0.0198 0.2407 0 0
47 59 1261 0 0 0 0 0 1.0003 0 0.9907 -0.0761 0.1653 0.1895 1.3837 0.8666 -0.0912 0.4216 0.562 4.3251 -0.0605 0.0605 0.2508 0 0
47 60 1274 0 0 0 0 0 1.0002 0 0.9861 -0.0683 0.186 0.225 1.491 0.879 -0.077 0.4519 0.5879 4.0487 -0.0945 0.0945 0.2533 0 0
47 61 1348 0 0 0 0 0 1.0003 0 0.9824 -0.1555 0.2163 0.3008 1.9962 0.8617 -0.0866 0.413 0.5513 4.2532 -0.0391 0.0391 0.2524 0 0
47 62 2000 0 0 0 0 0 1.0002 0 0.9706 -0.0935 0.242 0.3018 1.3611 0.912 -0.1448 0.3975 0.5257 4.3555 0.1017 0.1017 0.2077 0 0
47 63 1496 0 0 0 0 0 1.0009 0 0.9706 -0.0994 0.1943 0.2288 1.4719 0.8746 -0.0578 0.4333 0.6074 4.3206 -0.0382 0.0382 0.2443 0 0
47 64 1245 0 0 0 0 0 1.0005 0 0.9918 -0.087 0.1684 0.2342 1.6683 0.8831 -0.0495 0.4522 0.5824 4.318 0.0329 0.0329 0.2245 0 0
47 65 1500 0 0 0 0 0 1.0006 0 0.9567 -0.1095 0.2565 0.3171 1.2376 0.8818 -0.0393 0.4092 0.5568 4.2206 -0.017 0.017 0.2211 0 0
47 66 1614 0 0 0 0 0 1.0002 0 0.9888 0.2048 0.2148 0.2632 2.1468 0.887 0.251 0.4348 0.5652 4.1083 0.0012 0.0012 0.2388 0 0
47 67 1263 0 0 0 0 0 1.0005 0 0.9857 -0.1145 0.1865 0.2226 1.7352 0.8741 -0.057 0.3929 0.5233 4.2344 -0.1125 0.1125 0.245 0 0
47 68 1286 0 0 0 0 0 1.0008 0 0.9786 0.1235 0.2223 0.3002 2.1536 0.8803 0.0472 0.4094 0.5424 4.2951 -0.0419 0.0419 0.2474 0 0
47 69 1318 0 0 0 0 0 1.001 0 0.9448 -0.2625 0.3345 0.586 2.2637 0.8877 -0.0639 0.4024 0.5261 4.0799 -0.0216 0.0216 0.2607 0 0
47 70 1313 0 0 0 0 0 1.0003 0 0.9742 0.1414 0.2416 0.3776 1.9759 0.8846 0.0719 0.4032 0.5429 4.2744 -0.0991 0.0991 0.2467 0 0
47 71 1770 0 0 0 0 0 1.0005 0 0.9753 0.1621 0.2098 0.2767 1.3656 0.9145 0.1658 0.4025 0.5303 4.5118 -1e-04 1e-04 0.2217 0 0
47 72 1250 0 0 0 0 0 1.0005 0 0.972 -0.0762 0.1879 0.275 1.8822 0.8657 -0.0368 0.4435 0.5917 4.2711 -0.0296 0.0296 0.2362 0 0
47 73 1964 0 0 0 0 0 1.0003 0 0.9837 -0.1609 0.1952 0.2603 1.2976 0.9055 -0.101 0.3864 0.502 4.3428 0.031 0.031 0.2192 0 0
47 74 1433 0 0 0 0 0 1.0005 0 0.9917 0.0281 0.1196 0.1498 1.5288 0.8459 0.0346 0.4125 0.5589 4.3894 -0.0124 0.0124 0.2439 0 0
47 75 1298 0 0 0 0 0 1.0013 0 0.986 -0.0174 0.2371 0.3639 2.5032 0.8433 -0.0304 0.4644 0.6257 3.9809 -0.0128 0.0128 0.2472 0 0
47 76 1951 0 0 0 0 0 1.0005 0 0.9807 -0.0247 0.1622 0.2091 1.4341 0.8748 -0.0197 0.4227 0.593 4.3408 0.0714 0.0714 0.2075 0 0
47 77 1919 0 0 0 0 0 1.0002 0 0.9764 -0.0155 0.1669 0.2054 1.2484 0.8964 0.0217 0.3986 0.5228 4.2913 0.0113 0.0113 0.2259 0 0
47 78 1290 0 0 0 0 0 1.0004 0 0.9809 0.1435 0.1827 0.2649 1.3769 0.8659 0.1393 0.4302 0.5641 4.0033 -0.0201 0.0201 0.2413 0 0
47 79 1277 0 0 0 0 0 1.0006 0 0.9795 0.1721 0.1919 0.234 1.1397 0.8744 0.1356 0.3976 0.5642 4.227 -0.0935 0.0935 0.2585 0 0
47 80 1591 0 0 0 0 0 1.0005 0 0.973 0.1124 0.2103 0.2582 1.3028 0.8891 0.1252 0.4043 0.5455 4.3451 0.0439 0.0439 0.2119 0 0
47 81 1713 0 0 0 0 0 1.0004 0 0.9787 -0.0841 0.2505 0.3134 2.0536 0.8793 -0.1028 0.4291 0.5934 4.3722 0.0572 0.0572 0.2178 0 0
47 82 1414 0 0 0 0 0 1.0027 0 0.9784 -0.1117 0.2372 0.3057 1.6967 0.8809 -0.0446 0.42 0.5689 4.339 0.004 0.004 0.2424 0 0
47 83 1271 0 0 0 0 0 1.001 0 0.9701 0.1353 0.1965 0.2569 1.063 0.8952 0.1486 0.3937 0.5077 4.053 -0.0887 0.0887 0.2578 0 0
47 84 2379 0 0 0 0 0 1.0003 0 0.9873 0.0903 0.1902 0.2379 2.0539 0.8778 0.0914 0.4408 0.585 4.3409 0.0629 0.0629 0.2154 0 0
47 85 1713 0 0 0 0 0 1.0007 0 0.9445 0.2584 0.337 0.5418 2.7277 0.8798 0.1614 0.4458 0.5845 4.3565 0.033 0.033 0.2401 0 0
47 86 1989 0 0 0 0 0 1.0005 0 0.9758 0.0989 0.1955 0.2736 1.6413 0.8811 0.0694 0.4074 0.558 4.5739 0.1006 0.1006 0.21 0 0
47 87 1304 0 0 0 0 0 1.0002 0 0.9859 -0.1291 0.1782 0.2235 1.3075 0.8681 -0.0868 0.4169 0.5616 4.0792 -0.0204 0.0204 0.2409 0 0
47 88 2303 0 0 0 0 0 1.0002 0 0.9784 -0.0721 0.2533 0.3177 2.2651 0.8982 -0.0144 0.4057 0.518 4.4079 0.0926 0.0926 0.2283 0 0
47 89 1859 0 0 0 0 0 1.0003 0 0.9789 -0.2434 0.2622 0.3203 1.6179 0.9019 -0.1625 0.4081 0.5264 4.3599 0.0688 0.0688 0.2277 0 0
47 90 1258 0 0 0 0 0 1.0015 0 0.9867 0.0114 0.1939 0.2592 1.5918 0.8651 0.0373 0.4339 0.5709 4.0219 -0.1473 0.1473 0.2756 0 0
47 91 1247 0 0 0 0 0 1.0008 0 0.9764 0.009 0.2105 0.2998 2.1782 0.8511 0.1097 0.4473 0.6105 4.0434 -0.0713 0.0713 0.2532 0 0
47 92 1301 0 0 0 0 0 1.0007 0 0.9828 0.0731 0.1859 0.2903 2.3214 0.8579 0.0589 0.4262 0.5845 4.3682 -0.0061 0.0061 0.2511 0 0
47 93 1250 0 0 0 0 0 1.0006 0 0.9846 0.1354 0.1846 0.2281 1.4083 0.8882 0.137 0.3948 0.5226 4.0408 -0.1124 0.1124 0.2629 0 0
47 94 1263 0 0 0 0 0 1.0003 0 0.9729 0.0695 0.3007 0.4179 2.3955 0.8647 0.0468 0.437 0.5693 3.9865 -0.0428 0.0428 0.2555 0 0
47 95 1926 0 0 0 0 0 1.0004 0 0.9686 0.37 0.4035 0.5255 1.8714 0.8974 0.2634 0.4753 0.5993 3.9654 0.0415 0.0415 0.2308 0 0
47 96 1466 0 0 0 0 0 1.0008 0 0.9726 -0.0351 0.1661 0.2144 1.3703 0.8777 -0.0131 0.409 0.5435 4.0201 -0.0351 0.0351 0.2462 0 0
47 97 1343 0 0 0 0 0 1.0009 0 0.9572 -0.0876 0.2313 0.3923 2.1836 0.8944 -0.0242 0.3983 0.5135 4.2469 -0.0499 0.0499 0.2368 0 0
47 98 1291 0 0 0 0 0 1.0009 0 0.9822 -0.0411 0.2084 0.2887 1.5142 0.8763 -0.0288 0.4078 0.5495 4.2922 -0.0262 0.0262 0.243 0 0
47 99 1355 0 0 0 0 0 1.0003 0 0.9804 -0.1468 0.211 0.2431 1.4207 0.8906 -0.1147 0.4175 0.5481 4.6315 0.0696 0.0696 0.2194 0 0
47 100 1263 0 0 0 0 0 1.0008 0 0.9561 -0.0111 0.2642 0.4367 2.557 0.8661 0.0863 0.4463 0.5889 4.0196 -0.0376 0.0376 0.2566 0 0
47 101 1434 0 0 0 0 0 1.0004 0 0.9891 0.1019 0.179 0.2248 1.3458 0.8933 0.0631 0.4163 0.5392 4.5441 0.0192 0.0192 0.2232 0 0
47 102 1974 0 0 0 0 0 1.0003 0 0.9808 0.0342 0.2065 0.2582 1.8301 0.8604 0.0524 0.4232 0.5751 3.9924 0.045 0.045 0.2214 0 0
47 103 1280 0 0 0 0 0 1.0003 0 0.9839 -0.0676 0.204 0.2535 1.9304 0.8771 -0.0515 0.3864 0.5166 4.2904 -0.0885 0.0885 0.2588 0 0
47 104 1479 0 0 0 0 0 1.0004 0 0.9596 -0.0836 0.3249 0.43 2.4279 0.8889 -0.0465 0.4086 0.5342 4.4296 -0.0026 0.0026 0.233 0 0
47 105 1298 0 0 0 0 0 1.0003 0 0.9701 0.0316 0.183 0.2285 1.288 0.8828 0.0273 0.3878 0.521 4.2106 -0.0695 0.0695 0.2377 0 0
47 106 1296 0 0 0 0 0 1.0005 0 0.9768 -3e-04 0.2268 0.3659 2.2377 0.8603 0.0498 0.4408 0.5923 4.2665 -0.0396 0.0396 0.2407 0 0
47 107 1965 0 0 0 0 0 1.0005 0 0.9765 -0.0061 0.197 0.2292 1.5282 0.8928 -0.0028 0.4087 0.5516 4.1094 0.0557 0.0557 0.2209 0 0
47 108 1372 0 0 0 0 0 1.0005 0 0.9812 0.139 0.1842 0.2353 1.6107 0.8767 0.1527 0.4235 0.5604 4.4903 0.0034 0.0034 0.2234 0 0
47 109 1251 0 0 0 0 0 1.0005 0 0.9801 -0.0282 0.1397 0.1726 1.0702 0.8456 -0.0073 0.397 0.5368 4.0116 -0.2197 0.2197 0.2846 0 0
47 110 1383 0 0 0 0 0 1.0003 0 0.9792 -0.0412 0.1711 0.2543 1.3912 0.907 -0.0684 0.4043 0.5129 3.9911 0.0463 0.0463 0.218 0 0
47 111 1304 0 0 0 0 0 1.0002 0 0.9632 -0.0443 0.2333 0.3302 2.0891 0.8847 0.034 0.3919 0.5176 4.3924 0.0345 0.0345 0.2326 0 0
47 112 1272 0 0 0 0 0 1.0005 0 0.9873 0.0157 0.1316 0.1887 1.6092 0.8477 0.035 0.4235 0.5685 3.9944 -0.1433 0.1433 0.2744 0 0
47 113 1947 0 0 0 0 0 1.0002 0 0.9839 -0.115 0.2099 0.2733 1.697 0.8901 -0.1206 0.4227 0.5547 4.3982 0.0592 0.0592 0.2147 0 0
47 114 1487 0 0 0 0 0 1.0006 0 0.9834 -0.0546 0.1955 0.2649 1.9251 0.8852 -0.0521 0.4041 0.5333 4.3046 -0.0111 0.0111 0.233 0 0
47 115 1504 0 0 0 0 0 1.0003 0 0.9849 -0.0715 0.1858 0.2439 1.4953 0.889 -0.0322 0.4072 0.5475 4.0408 0.0051 0.0051 0.2304 0 0
47 116 1766 0 0 0 0 0 1.0007 0 0.9272 0.0534 0.2697 0.4873 2.3454 0.902 0.0695 0.391 0.4938 4.0088 0.1074 0.1074 0.2244 0 0
47 117 2134 0 0 0 0 0 1.0003 0 0.9845 -0.1575 0.1886 0.24 1.3136 0.8813 -0.1386 0.4344 0.577 4.312 0.0858 0.0858 0.2154 0 0
47 118 1578 0 0 0 0 0 1.0007 0 0.9849 0.0535 0.1846 0.2405 1.695 0.8846 0.0817 0.4313 0.5793 4.0228 0.0071 0.0071 0.2269 0 0
47 119 1308 0 0 0 0 0 1.0003 0 0.9816 -0.0995 0.256 0.3725 1.769 0.8928 -0.0562 0.4276 0.5494 4.3343 0.0275 0.0275 0.2267 0 0
47 120 1423 0 0 0 0 0 1.0006 0 0.9862 0.0238 0.1452 0.1833 1.5534 0.8796 0.0281 0.3994 0.5027 4.2798 -0.0255 0.0255 0.2403 0 0
47 121 1269 0 0 0 0 0 1.0003 0 0.9821 -0.1125 0.2037 0.2501 1.4568 0.8766 -0.1585 0.4255 0.5578 4.0682 -0.013 0.013 0.2331 0 0
47 122 2178 0 0 0 0 0 1.0006 0 0.9688 -0.1371 0.2132 0.2536 1.0851 0.8978 -0.1226 0.4202 0.5387 4.5671 0.0588 0.0588 0.2088 0 0
47 123 2243 0 0 0 0 0 1.0004 0 0.9809 -0.0803 0.1535 0.1969 1.4886 0.8659 -0.0216 0.4197 0.5685 4.4363 0.0586 0.0586 0.2359 0 0
47 124 1250 0 0 0 0 0 1.0005 0 0.9747 -0.0525 0.1733 0.2565 1.6704 0.8543 0.0148 0.4021 0.5635 4.2461 -0.076 0.076 0.2499 0 0
47 125 1262 0 0 0 0 0 1.0005 0 0.9909 -0.0897 0.133 0.1591 1.4498 0.8955 -0.0811 0.3771 0.4869 4.1276 -0.132 0.132 0.2654 0 0
47 126 1299 0 0 0 0 0 1.0012 0 0.9824 0.0754 0.1405 0.1716 1.1017 0.8616 0.0672 0.424 0.5673 4.2448 -0.0392 0.0392 0.2368 0 0
47 127 1290 0 0 0 0 0 1.0007 0 0.9742 -0.1863 0.2809 0.3486 1.464 0.8745 -0.1465 0.433 0.5524 3.9763 -0.0398 0.0398 0.2482 0 0
47 128 1249 0 0 0 0 0 1.0008 0 0.9905 -0.0548 0.1872 0.244 1.638 0.8817 -0.0519 0.4062 0.556 3.9792 -0.0271 0.0271 0.2429 0 0
47 129 1261 0 0 0 0 0 1.0002 0 0.9776 0.0465 0.2203 0.2727 2.0348 0.8753 0.0225 0.3856 0.5253 4.2142 -0.0723 0.0723 0.2612 0 0
47 130 1256 0 0 0 0 0 1.0003 0 0.9881 0.0105 0.1673 0.1979 1.5775 0.8705 -0.0568 0.3994 0.5308 4.0391 -0.0686 0.0686 0.2844 0 0
47 131 1266 0 0 0 0 0 1.0001 0 0.9726 0.1534 0.2355 0.4297 2.4517 0.8601 -0.0046 0.4353 0.5716 4.208 -0.1402 0.1402 0.2849 0 0
47 132 1356 0 0 0 0 0 1.0009 0 0.9898 -0.0099 0.1267 0.1552 1.4461 0.888 -2e-04 0.3867 0.515 4.2901 -0.023 0.023 0.2299 0 0
47 133 1217 0 0 0 0 0 1.0002 0 0.9781 0.0611 0.299 0.4115 2.3305 0.8061 0.0092 0.4635 0.6494 4.0888 -0.1406 0.1406 0.2798 0 0
47 134 1487 0 0 0 0 0 1.0004 0 0.9873 -0.045 0.2017 0.2443 2.0023 0.911 -0.0469 0.4014 0.5191 4.049 0.0191 0.0191 0.2268 0 0
47 135 1633 0 0 0 0 0 1.001 0 0.9781 -0.029 0.1824 0.2592 1.8659 0.842 0.0026 0.4861 0.6391 4.4591 0.0598 0.0598 0.2336 0 0
47 136 1878 0 0 0 0 0 1.0003 0 0.9869 0.1049 0.1896 0.2348 2.0474 0.8896 0.1038 0.4027 0.525 3.9769 0.0104 0.0104 0.2254 0 0
47 137 1291 0 0 0 0 0 1.0002 0 0.9705 0.1614 0.2764 0.3231 1.8906 0.8727 0.1588 0.4104 0.5411 4.321 -0.0185 0.0185 0.243 0 0
47 138 1472 0 0 0 0 0 1.0004 0 0.9791 -0.2055 0.2586 0.2981 1.3967 0.9016 -0.1374 0.4022 0.5204 3.9223 0.0209 0.0209 0.2228 0 0
47 139 1494 0 0 0 0 0 1.0006 0 0.9646 -0.1427 0.2677 0.3973 1.9991 0.8657 -0.1054 0.4511 0.5914 4.4712 0.0252 0.0252 0.2404 0 0
47 140 2477 0 0 0 0 0 1.0003 0 0.9865 0.0724 0.1652 0.1983 1.6694 0.8863 0.104 0.4152 0.5648 4.2874 0.0906 0.0906 0.2096 0 0
47 141 1508 0 0 0 0 0 1.0002 0 0.9791 0.0033 0.1475 0.1974 1.3214 0.8656 0.0175 0.4179 0.556 4.2204 -0.0594 0.0594 0.2623 0 0
47 142 1649 0 0 0 0 0 1.0002 0 0.9883 0.2359 0.2547 0.2938 1.3561 0.8762 0.2154 0.4368 0.5934 4.4254 0.0774 0.0774 0.2087 0 0
47 143 1651 0 0 0 0 0 1.0003 0 0.9776 -0.3179 0.3495 0.3937 1.4408 0.8709 -0.2948 0.4789 0.6219 4.349 -0.0021 0.0021 0.2421 0 0
47 144 2399 0 0 0 0 0 1.0002 0 0.9751 -0.3604 0.3679 0.4738 2.1954 0.8887 -0.3198 0.4803 0.6401 4.1631 0.0704 0.0704 0.2255 0 0
47 145 1292 0 0 0 0 0 1.0005 0 0.9763 0.1654 0.2391 0.303 1.6969 0.8806 0.1664 0.4036 0.5337 4.2571 -0.0374 0.0374 0.2401 0 0
47 146 2180 0 0 0 0 0 1.0002 0 0.9776 -0.1047 0.2357 0.2652 1.7378 0.8852 -0.1444 0.4235 0.5703 4.115 0.1218 0.1218 0.2108 0 0
47 147 1313 0 0 0 0 0 1.0008 0 0.981 0.0299 0.1476 0.2002 1.4205 0.8612 0.0495 0.4378 0.5694 4.2487 -0.0516 0.0516 0.2339 0 0
47 148 1362 0 0 0 0 0 1.0004 0 0.9804 -0.1559 0.1878 0.2442 1.4117 0.9026 -0.1113 0.4114 0.5325 4.2654 -0.0448 0.0448 0.2459 0 0
47 149 1306 0 0 0 0 0 1.0003 0 0.9881 -0.2178 0.279 0.3239 1.7888 0.8729 -0.2086 0.4731 0.6129 4.4126 -0.0304 0.0304 0.238 0 0
47 150 1281 0 0 0 0 0 1.0003 0 0.9895 -0.0028 0.1168 0.143 1.7105 0.8749 0.0013 0.3778 0.4989 3.9762 -0.0454 0.0454 0.2448 0 0
47 151 1378 0 0 0 0 0 1.0008 0 0.9633 -0.1114 0.189 0.2432 1.1988 0.8723 -0.0466 0.4396 0.5902 4.2572 -0.0195 0.0195 0.2333 0 0
47 152 1209 0 0 0 0 0 1.0005 0 0.9871 0.0879 0.1829 0.2204 1.6578 0.856 0.0644 0.4291 0.5536 4.2456 -0.0944 0.0944 0.2708 0 0
47 153 1806 0 0 0 0 0 1.0003 0 0.9524 -0.145 0.2643 0.3793 2.015 0.8755 -0.1009 0.421 0.5507 4.0185 0.0312 0.0312 0.225 0 0
47 154 1270 0 0 0 0 0 1.0002 0 0.9806 0.2365 0.2569 0.2991 1.3118 0.8566 0.1943 0.4595 0.6076 3.9767 -0.1008 0.1008 0.2503 0 0
47 155 1490 0 0 0 0 0 1.0003 0 0.9872 -0.0091 0.1515 0.2043 1.4653 0.8638 0.0109 0.42 0.5764 4.3632 0.0013 0.0013 0.2389 0 0
47 156 1261 0 0 0 0 0 1.0009 0 0.9852 0.0536 0.1497 0.1777 1.7034 0.8549 0.076 0.3942 0.5454 4.1393 -0.1699 0.1699 0.2802 0 0
47 157 1563 0 0 0 0 0 1.0011 0 0.9755 -0.0537 0.1972 0.2515 1.3133 0.8745 -0.0126 0.4168 0.5766 3.9576 0.0327 0.0327 0.2268 0 0
47 158 1290 0 0 0 0 0 1.001 0 0.9884 -0.0395 0.1358 0.1643 1.459 0.8817 -0.0682 0.3833 0.5094 4.0475 -0.0551 0.0551 0.2402 0 0
47 159 1847 0 0 0 0 0 1.0006 0 0.9648 0.0618 0.2166 0.2698 2.209 0.8515 0.1156 0.4431 0.5927 4.0191 0.0631 0.0631 0.2503 0 0
47 160 1950 0 0 0 0 0 1.0002 0 0.9834 0.3389 0.3579 0.4383 2.1666 0.8824 0.2223 0.4651 0.6103 4.0086 0.0911 0.0911 0.2366 0 0
47 161 1310 0 0 0 0 0 1.0011 0 0.9715 -0.2227 0.3025 0.4859 2.2729 0.8645 -0.0522 0.4527 0.6244 4.0536 0.0572 0.0572 0.2458 0 0
47 162 1333 0 0 0 0 0 1.0007 0 0.9746 0.132 0.2274 0.2851 1.3768 0.8921 0.1638 0.4013 0.5351 3.9973 -0.0343 0.0343 0.2431 0 0
47 163 1351 0 0 0 0 0 1.0005 0 0.98 0.0994 0.225 0.2515 1.7943 0.8793 0.1249 0.4175 0.562 4.3137 0.0152 0.0152 0.2259 0 0
47 164 1329 0 0 0 0 0 1.001 0 0.9851 0.0982 0.1538 0.1855 1.2857 0.8797 0.0489 0.3921 0.5384 4.3329 -0.0251 0.0251 0.2359 0 0
47 165 1305 0 0 0 0 0 1.0005 0 0.9799 0.0836 0.2978 0.4094 2.4833 0.8571 0.0998 0.4361 0.5862 4.3199 -0.0239 0.0239 0.2461 0 0
47 166 1293 0 0 0 0 0 1.0006 0 0.9916 0.065 0.112 0.1576 1.5654 0.8768 0.0861 0.3975 0.5518 4.0152 -0.1161 0.1161 0.2542 0 0
47 167 1588 0 0 0 0 0 1.0009 0 0.9819 -0.1577 0.2474 0.2948 1.435 0.8998 -0.1697 0.4239 0.5444 4.0344 0.0667 0.0667 0.2224 0 0
47 168 2246 0 0 0 0 0 1.0002 0 0.9914 -0.0497 0.1255 0.1487 1.3073 0.9085 -0.0554 0.3721 0.5039 3.9328 0.1261 0.1261 0.1994 0 0
47 169 1593 0 0 0 0 0 1.0003 0 0.9578 0.0662 0.2812 0.3722 1.9442 0.8912 0.0845 0.4296 0.583 4.4838 0.0059 0.0059 0.2392 0 0
47 170 1268 0 0 0 0 0 1.0008 0 0.9882 0.0554 0.1918 0.2407 1.8023 0.8646 0.063 0.3978 0.5495 4.1681 -0.0974 0.0974 0.256 0 0
47 171 1600 0 0 0 0 0 1.0004 0 0.9806 0.0479 0.1644 0.2139 1.5696 0.8759 0.0445 0.4291 0.5915 4.4013 0.0395 0.0395 0.2294 0 0
47 172 1473 0 0 0 0 0 1.0004 0 0.9763 0.1246 0.2828 0.4598 2.3372 0.8989 0.0233 0.3698 0.4933 4.318 0.008 0.008 0.2318 0 0
47 173 1259 0 0 0 0 0 1.0003 0 0.9768 -0.2279 0.2878 0.3307 1.3478 0.8741 -0.289 0.4611 0.603 4.181 -0.1206 0.1206 0.2488 0 0
47 174 2168 0 0 0 0 0 1.0005 0 0.9747 0.0021 0.2003 0.2988 1.8565 0.9147 -0.0078 0.3964 0.5235 4.0452 0.0771 0.0771 0.2129 0 0
47 175 1374 0 0 0 0 0 1.0018 0 0.9758 -0.0343 0.2065 0.3228 2.1695 0.8585 0.0372 0.4262 0.5877 4.3042 -0.0403 0.0403 0.237 0 0
47 176 1289 0 0 0 0 0 1.0002 0 0.9743 0.0721 0.1903 0.2922 1.9638 0.8717 0.021 0.4111 0.5383 4.2409 -0.0469 0.0469 0.2681 0 0
47 177 1318 0 0 0 0 0 1.0007 0 0.979 0.1434 0.1943 0.242 1.1772 0.8518 0.1205 0.4395 0.577 4.2325 -0.0661 0.0661 0.2583 0 0
47 178 1735 0 0 0 0 0 1.0005 0 0.9882 0.0784 0.137 0.1647 1.2314 0.9062 0.1027 0.3787 0.5034 4.3857 0.0577 0.0577 0.2156 0 0
47 179 1331 0 0 0 0 0 1.0005 0 0.983 -0.0966 0.2264 0.2608 1.9251 0.8614 -0.0679 0.4306 0.5868 4.3242 -0.0102 0.0102 0.2358 0 0
47 180 2563 1 0 0 0 0 1.0003 0 0.9615 -0.3136 0.3204 0.4314 2.0956 0.8884 -0.2706 0.4647 0.612 4.4327 0.1524 0.1524 0.2356 1 0
47 181 2277 0 0 0 0 0 1.0003 0 0.9629 -0.2675 0.3022 0.3811 1.9197 0.8702 -0.1864 0.4872 0.6401 4.0605 0.1084 0.1084 0.2306 0 0
47 182 1408 0 0 0 0 0 1.0006 0 0.9723 0.0671 0.1871 0.2216 1.1898 0.8978 0.0584 0.3971 0.5151 4.3164 -0.0213 0.0213 0.2362 0 0
47 183 1750 0 0 0 0 0 1.0003 0 0.9799 -0.2225 0.3085 0.3661 1.7949 0.8939 -0.1511 0.4339 0.5652 4.51 0.0121 0.0121 0.2256 0 0
47 184 2266 0 0 0 0 0 1.0003 0 0.9891 0.1882 0.2514 0.2856 1.7272 0.8871 0.1131 0.4281 0.5712 4.4951 0.0588 0.0588 0.2175 0 0
47 185 1468 0 0 0 0 0 1.0008 0 0.9845 -0.2278 0.2384 0.2839 1.571 0.8943 -0.1781 0.429 0.5471 4.0512 0.0069 0.0069 0.241 0 0
47 186 1280 0 0 0 0 0 1.0004 0 0.9854 -0.0094 0.1748 0.2483 1.706 0.8887 -3e-04 0.4078 0.5295 4.3553 -0.0346 0.0346 0.2422 0 0
47 187 1314 0 0 0 0 0 1.0006 0 0.9882 -0.1745 0.2438 0.2895 1.4975 0.9125 -0.1653 0.4056 0.5378 4.4117 -0.0137 0.0137 0.2333 0 0
47 188 1944 0 0 0 0 0 1.0003 0 0.9789 -0.2736 0.2937 0.336 1.2288 0.8858 -0.219 0.4462 0.5634 4.3451 0.0798 0.0798 0.2066 0 0
47 189 1296 0 0 0 0 0 1.0006 0 0.9874 -0.0329 0.1515 0.2312 1.6664 0.8938 -0.0663 0.4214 0.5443 4.0991 0.0214 0.0214 0.2253 0 0
47 190 1510 0 0 0 0 0 1.0002 0 0.9888 -0.1545 0.2034 0.2591 1.4582 0.9027 -0.1302 0.3981 0.5259 4.3222 -0.0045 0.0045 0.2292 0 0
47 191 1796 0 0 0 0 0 1.0003 0 0.9648 -0.0355 0.2435 0.3193 1.3804 0.9087 -0.0422 0.4015 0.5348 4.0448 0.1051 0.1051 0.211 0 0
47 192 1782 0 0 0 0 0 1.0002 0 0.9673 0.2646 0.3997 0.52 2.0296 0.8755 0.2627 0.4778 0.614 4.4548 0.0479 0.0479 0.238 0 0
47 193 1650 0 0 0 0 0 1.0005 0 0.9835 -0.0537 0.1845 0.2409 1.8571 0.8953 -0.0831 0.4003 0.5408 4.2774 0.0301 0.0301 0.2223 0 0
47 194 1273 0 0 0 0 0 1.0003 0 0.9775 0.0248 0.1691 0.1961 1.2625 0.8593 0.0948 0.4055 0.5643 4.1762 -0.0775 0.0775 0.2516 0 0
47 195 1681 0 0 0 0 0 1.0006 0 0.986 -0.2259 0.234 0.2844 1.6947 0.889 -0.1554 0.4341 0.5562 4.405 0.0214 0.0214 0.2448 0 0
47 196 1283 0 0 0 0 0 1.0011 0 0.9615 0.2116 0.2628 0.3248 1.2056 0.8963 0.1191 0.3968 0.5242 3.9731 -0.0714 0.0714 0.234 0 0
47 197 1323 0 0 0 0 0 1.0007 0 0.9854 0.1069 0.1799 0.2354 1.415 0.8888 0.037 0.4033 0.5351 4.0028 0.0309 0.0309 0.236 0 0
47 198 1366 0 0 0 0 0 1.0003 0 0.9795 -0.0926 0.2076 0.2688 1.6965 0.8702 -0.1021 0.4025 0.532 3.9565 -0.0109 0.0109 0.2441 0 0
47 199 1404 0 0 0 0 0 1.0012 0 0.961 -0.1488 0.241 0.3162 1.39 0.9058 -0.1466 0.3992 0.5212 4.298 -0.0046 0.0046 0.2218 0 0
47 200 1315 0 0 0 0 0 1.0007 0 0.99 0.0119 0.1154 0.1416 1.0452 0.8806 0.0062 0.3914 0.5589 4.3044 -0.0843 0.0843 0.2602 0 0
47 201 1278 0 0 0 0 0 1.0002 0 0.9429 -0.2394 0.3871 0.695 2.643 0.8759 0.0187 0.3885 0.5129 4.1979 -0.1345 0.1345 0.2802 0 0
47 202 1271 0 0 0 0 0 1.0007 0 0.9877 -0.0983 0.2514 0.3077 2.1487 0.883 -0.074 0.4113 0.5357 4.2232 -0.0731 0.0731 0.2486 0 0
47 203 1380 0 0 0 0 0 1.0005 0 0.9836 -0.1513 0.2044 0.2818 2.1623 0.8747 -0.1517 0.4456 0.6223 4.5106 0.0522 0.0522 0.2151 0 0
47 204 1316 0 0 0 0 0 1.0003 0 0.9837 -0.1335 0.1789 0.2289 1.3713 0.9 -0.2186 0.4107 0.5851 4.3806 0.0147 0.0147 0.2335 0 0
47 205 2168 0 0 0 0 0 1.0005 0 0.9714 0.0101 0.1882 0.2351 1.3247 0.9211 -0.0195 0.366 0.485 4.4373 0.0969 0.0969 0.2044 0 0
47 206 1525 0 0 0 0 0 1.0005 0 0.9816 -0.0124 0.1743 0.2122 1.1821 0.9069 -0.0633 0.3723 0.501 4.4407 0.0343 0.0343 0.2163 0 0
47 207 1274 0 0 0 0 0 1.0002 0 0.9767 0.0697 0.2092 0.2619 1.6435 0.8548 0.1039 0.4285 0.5992 4.1522 -0.1362 0.1362 0.2621 0 0
47 208 1322 0 0 0 0 0 1.0008 0 0.9815 -0.1676 0.2386 0.3301 2.1545 0.8781 -0.1026 0.3853 0.552 4.3339 -0.0351 0.0351 0.2495 0 0
47 209 1776 0 0 0 0 0 1.0005 0 0.9786 0.1339 0.1948 0.2612 1.3989 0.9139 0.087 0.3605 0.4661 4.4052 0.0489 0.0489 0.221 0 0
47 210 1968 0 0 0 0 0 1.0007 0 0.9813 0.3248 0.3328 0.4622 2.5347 0.8646 0.1805 0.4489 0.5894 4.3527 0.0597 0.0597 0.2509 0 0
47 211 1303 0 0 0 0 0 1.001 0 0.9652 0.1571 0.2318 0.2701 1.1768 0.8923 0.1433 0.415 0.5478 4.3493 -0.0343 0.0343 0.233 0 0
47 212 2348 0 0 0 0 0 1.0002 0 0.9827 0.0307 0.1724 0.2314 1.5415 0.9053 0.0408 0.3616 0.5027 4.3896 0.0812 0.0812 0.212 0 0
47 213 1438 0 0 0 0 0 1.0004 0 0.9759 -0.073 0.1515 0.2059 1.1737 0.9149 -0.1665 0.4157 0.5666 4.3511 0.0474 0.0474 0.2098 0 0
47 214 2095 0 0 0 0 0 1.0002 0 0.9781 -0.1914 0.2602 0.3209 1.5779 0.8781 -0.1962 0.4728 0.6349 4.4356 0.0954 0.0954 0.2019 0 0
47 215 1594 0 0 0 0 0 1.0005 0 0.9635 0.0221 0.2036 0.2426 1.4016 0.8645 0.0434 0.4211 0.5839 4.4451 0.002 0.002 0.2457 0 0
47 216 1379 0 0 0 0 0 1.0013 0 0.9859 -0.1349 0.2035 0.3177 2.1219 0.8642 -0.0215 0.4212 0.5846 4.2179 -0.0288 0.0288 0.2448 0 0
47 217 1281 0 0 0 0 0 1.0003 0 0.9678 0.0143 0.2183 0.3673 2.1799 0.8628 0.0571 0.4226 0.5738 4.3447 -0.0311 0.0311 0.2365 0 0
47 218 1307 0 0 0 0 0 1.0008 0 0.9536 0.0289 0.2354 0.3031 1.3081 0.9011 0.0414 0.3675 0.4982 4.3163 -0.0198 0.0198 0.2413 0 0
47 219 1305 0 0 0 0 0 1.0007 0 0.9822 0.0353 0.1926 0.2362 1.5032 0.9065 -0.0149 0.3859 0.5211 4.257 0.013 0.013 0.2227 0 0
47 220 1336 0 0 0 0 0 1.0006 0 0.9562 -0.083 0.2794 0.4026 1.7907 0.876 -0.1413 0.4295 0.5629 4.2864 -0.0284 0.0284 0.2437 0 0
47 221 1777 0 0 0 0 0 1.0007 0 0.9694 -0.208 0.2636 0.3279 1.2396 0.9055 -0.1399 0.3939 0.5201 4.0415 0.0235 0.0235 0.2214 0 0
47 222 1254 0 0 0 0 0 1.0004 0 0.9842 0.0705 0.1866 0.2221 1.6967 0.8673 0.0133 0.4021 0.5416 4.1798 -0.0742 0.0742 0.2527 0 0
47 223 1411 0 0 0 0 0 1.0003 0 0.9763 0.2339 0.3077 0.4175 2.0385 0.8448 0.2082 0.4876 0.6611 4.0009 0.021 0.021 0.2462 0 0
47 224 1259 0 0 0 0 0 1.0002 0 0.9897 0.1941 0.2114 0.2899 2.2412 0.86 0.1365 0.4092 0.5119 4.1607 -0.1787 0.1787 0.2847 0 0
47 225 1278 0 0 0 0 0 1.0002 0 0.9674 -0.2559 0.3223 0.4746 2.4249 0.8773 -0.1302 0.4237 0.5469 4.0199 -0.0964 0.0964 0.2625 0 0
47 226 2001 0 0 0 0 0 1.0002 0 0.9673 -0.0951 0.2612 0.3594 1.9805 0.8975 -0.0022 0.4041 0.5385 4.0542 0.0987 0.0987 0.2129 0 0
47 227 1639 0 0 0 0 0 1.0012 0 0.9832 -0.1884 0.2301 0.2926 1.6104 0.8571 -0.1666 0.4422 0.5868 4.3039 0.0183 0.0183 0.2356 0 0
47 228 1365 0 0 0 0 0 1.0004 0 0.9914 -0.125 0.1737 0.2373 2.4691 0.886 -0.088 0.3945 0.5308 4.3187 -0.0064 0.0064 0.2366 0 0
47 229 1363 0 0 0 0 0 1.0006 0 0.9853 -0.1717 0.1993 0.2547 1.4782 0.8663 -0.1221 0.456 0.6023 4.3394 0.0397 0.0397 0.2384 0 0
47 230 1598 0 0 0 0 0 1.0012 0 0.9846 -0.0357 0.1403 0.1915 1.5026 0.916 -0.0985 0.3871 0.5003 4.0203 0.0401 0.0401 0.2081 0 0
47 231 1316 0 0 0 0 0 1.0009 0 0.9651 -0.2903 0.3156 0.4474 2.5198 0.8778 -0.1668 0.4484 0.5722 4.2442 -0.0185 0.0185 0.2519 0 0
47 232 2054 0 0 0 0 0 1.0003 0 0.953 0.1627 0.2226 0.3082 1.6234 0.9047 0.0636 0.3936 0.5195 4.1001 0.0268 0.0268 0.2219 0 0
47 233 1389 0 0 0 0 0 1.0004 0 0.9846 6e-04 0.1857 0.2792 2.1602 0.8796 -0.0765 0.4553 0.6134 4.2962 -0.0135 0.0135 0.2278 0 0
47 234 1933 0 0 0 0 0 1.0003 0 0.9872 -0.2187 0.2357 0.2907 1.4609 0.8964 -0.2446 0.4338 0.5699 3.9842 0.04 0.04 0.2207 0 0
47 235 1711 0 0 0 0 0 1.0012 0 0.9718 0.1344 0.1919 0.2541 1.0948 0.8792 0.1291 0.4045 0.5354 4.4133 -0.0127 0.0127 0.2403 0 0
47 236 1306 0 0 0 0 0 1.0004 0 0.9865 -0.2017 0.2222 0.2776 1.846 0.8842 -0.176 0.4375 0.5796 4.3513 0.0189 0.0189 0.2199 0 0
47 237 1350 0 0 0 0 0 1.0009 0 0.99 0.0449 0.1361 0.1648 1.3841 0.8675 -0.0383 0.4083 0.5583 4.3614 -0.0307 0.0307 0.2424 0 0
47 238 1352 0 0 0 0 0 1.0011 0 0.9827 -0.1884 0.2431 0.325 1.6533 0.9102 -0.1275 0.3741 0.4825 3.9284 -0.0148 0.0148 0.2294 0 0
47 239 1732 0 0 0 0 0 1.0005 0 0.986 0.0529 0.1573 0.2114 2.0874 0.8802 -0.002 0.4184 0.5511 4.4123 0.0357 0.0357 0.2256 0 0
47 240 1368 0 0 0 0 0 1.0012 0 0.9636 0.0113 0.2335 0.3153 2.2558 0.8718 -0.0202 0.4088 0.5239 4.4295 -0.0151 0.0151 0.2686 0 0
47 241 1341 0 0 0 0 0 1.0005 0 0.9657 0.0351 0.1643 0.2103 1.7708 0.8778 -0.0516 0.3874 0.5123 4.0781 -0.0509 0.0509 0.2641 0 0
47 242 2320 0 0 0 0 0 1.0003 0 0.9896 0.0504 0.2013 0.2647 1.7189 0.8873 0.0292 0.417 0.5608 3.9954 0.0987 0.0987 0.2182 0 0
47 243 1274 0 0 0 0 0 1.0003 0 0.989 -0.1308 0.1859 0.2446 1.5998 0.8616 -0.0565 0.4268 0.5558 4.0419 -0.0604 0.0604 0.2447 0 0
47 244 1657 0 0 0 0 0 1.0002 0 0.9804 0.0017 0.1478 0.1839 1.1304 0.8941 0.0154 0.3944 0.5259 4.3101 -0.0092 0.0092 0.2401 0 0
47 245 2122 0 0 0 0 0 1.0003 0 0.981 0.1373 0.1859 0.2216 1.2191 0.8918 0.0887 0.4069 0.5552 4.0145 0.0483 0.0483 0.2136 0 0
47 246 1654 0 0 0 0 0 1.0003 0 0.9797 -0.1888 0.2329 0.3057 1.4421 0.887 -0.1806 0.4407 0.5884 4.3049 0.0357 0.0357 0.2157 0 0
47 247 1648 0 0 0 0 0 1.0007 0 0.9349 0.1095 0.2514 0.487 2.4381 0.8891 0.0545 0.4053 0.5333 4.0599 0.0149 0.0149 0.2508 0 0
47 248 1340 0 0 0 0 0 1.0009 0 0.9894 -0.1288 0.1895 0.2512 1.6423 0.8904 -0.1311 0.4362 0.5721 4.3293 0.0028 0.0028 0.2527 0 0
47 249 2305 0 0 0 0 0 1.0004 0 0.9795 -0.0151 0.2127 0.243 1.405 0.8926 -0.0405 0.4151 0.5543 4.5223 0.0479 0.0479 0.2322 0 0
47 250 1297 0 0 0 0 0 1.0005 0 0.9756 -0.1725 0.1898 0.2607 1.1951 0.8786 -0.162 0.4096 0.56 3.9263 -0.0804 0.0804 0.2408 0 0
47 251 2108 0 0 0 0 0 1.0003 0 0.9763 0.1409 0.1892 0.2612 1.3105 0.8855 0.0932 0.4364 0.5914 4.5244 0.0561 0.0561 0.2197 0 0
47 252 1250 0 0 0 0 0 1.0001 0 0.9874 -0.0844 0.2006 0.2531 1.7675 0.8617 -0.0566 0.4045 0.5341 4.2378 -0.1115 0.1115 0.2724 0 0
47 253 1510 0 0 0 0 0 1.0017 0 0.9625 0.1131 0.2034 0.2551 1.3953 0.8437 0.1382 0.4352 0.5922 4.2846 0.0089 0.0089 0.2456 0 0
47 254 1505 0 0 0 0 0 1.0006 0 0.9575 -0.1709 0.2748 0.3295 1.4102 0.8783 -0.1517 0.4121 0.551 3.9617 0.0108 0.0108 0.248 0 0
47 255 1433 0 0 0 0 0 1.0008 0 0.9799 0.0811 0.208 0.2602 1.3478 0.9032 0.1152 0.4036 0.5264 4.4353 0.0118 0.0118 0.2248 0 0
47 256 2408 0 0 0 0 0 1.0003 0 0.9799 0.0764 0.2008 0.2796 1.5306 0.9154 0.0602 0.3996 0.5408 4.0776 0.107 0.107 0.1991 0 0
47 257 1226 0 0 0 0 0 1.0003 0 0.9879 0.3205 0.3334 0.4033 1.7856 0.8606 0.2725 0.4862 0.6427 4.1891 -0.1533 0.1533 0.2877 0 0
47 258 1935 0 0 0 0 0 1.0002 0 0.9699 0.2026 0.2577 0.3347 1.5578 0.8969 0.0977 0.4167 0.5466 4.4805 0.0463 0.0463 0.2263 0 0
47 259 1607 0 0 0 0 0 1.0004 0 0.9716 -0.1607 0.2165 0.2952 2.1535 0.8902 -0.1382 0.4188 0.5406 4.2549 -0.0064 0.0064 0.2433 0 0
47 260 1267 0 0 0 0 0 1.0012 0 0.9728 0.0654 0.2382 0.3947 2.7619 0.858 0.0581 0.4361 0.5963 4.2434 -0.0581 0.0581 0.2528 0 0
47 261 1598 0 0 0 0 0 1.001 0 0.9758 0.0466 0.1699 0.2119 1.5402 0.8632 0.0032 0.4154 0.5808 4.0315 -0.0243 0.0243 0.2473 0 0
47 262 2179 0 0 0 0 0 1.0003 0 0.981 0.0086 0.1473 0.1828 1.3236 0.8855 0.0431 0.4035 0.5422 4.1792 0.0549 0.0549 0.2299 0 0
47 263 1257 0 0 0 0 0 1.0007 0 0.9772 -0.2111 0.2493 0.3824 2.0708 0.8898 -0.1212 0.4025 0.5295 4.1541 -0.1866 0.1866 0.2692 0 0
47 264 1234 0 0 0 0 0 1.0004 0 0.9624 -0.2437 0.3253 0.5364 2.3784 0.8663 -0.1212 0.4285 0.5752 4.0437 -0.1033 0.1033 0.2598 0 0
47 265 1264 0 0 0 0 0 1.0003 0 0.99 -0.3394 0.3394 0.3872 1.2441 0.8851 -0.3398 0.4977 0.6305 3.9973 -0.0513 0.0513 0.2428 0 0
47 266 1342 0 0 0 0 0 1.0007 0 0.9859 0.0305 0.2817 0.3698 2.0864 0.8966 -0.0427 0.4268 0.5733 4.2257 -0.0123 0.0123 0.2261 0 0
47 267 1363 0 0 0 0 0 1.0004 0 0.9623 -0.0903 0.2322 0.3358 1.594 0.8703 -0.0135 0.4446 0.592 4.0295 -0.0286 0.0286 0.2367 0 0
47 268 1782 0 0 0 0 0 1.0003 0 0.975 0.0876 0.2054 0.2583 1.6579 0.8814 0.0971 0.4177 0.5499 4.3419 0.011 0.011 0.244 0 0
47 269 2161 0 0 0 0 0 1.0003 0 0.9928 0.0088 0.1304 0.1654 1.6205 0.8855 -0.0033 0.41 0.5348 4.3954 0.0827 0.0827 0.2184 0 0
47 270 1279 0 0 0 0 0 1.0007 0 0.9725 -0.3021 0.3599 0.4855 2.1096 0.8771 -0.2572 0.4781 0.6127 4.2005 -0.0636 0.0636 0.2599 0 0
47 271 1424 0 0 0 0 0 1.0006 0 0.9728 -0.2773 0.2868 0.3973 1.7988 0.8687 -0.2147 0.4687 0.6003 4.2277 -0.043 0.043 0.248 0 0
47 272 1504 0 0 0 0 0 1.0005 0 0.9737 0.0459 0.2373 0.3297 1.8538 0.8867 -0.0818 0.4167 0.5583 4.2321 -0.004 0.004 0.2435 0 0
47 273 1645 0 0 0 0 0 1.0004 0 0.9805 0.175 0.2019 0.2804 1.402 0.8882 0.0996 0.4325 0.5929 4.3519 0.0167 0.0167 0.2226 0 0
47 274 1281 0 0 0 0 0 1.001 0 0.9773 0.1727 0.2255 0.2856 1.2996 0.9068 0.1292 0.3908 0.516 4.1891 -0.1256 0.1256 0.2583 0 0
47 275 1392 0 0 0 0 0 1.0003 0 0.9709 -0.0645 0.1763 0.217 1.0737 0.8954 -0.0679 0.378 0.5116 4.2498 -0.0304 0.0304 0.2373 0 0
47 276 1490 0 0 0 0 0 1.0014 0 0.9791 -0.1573 0.2148 0.2419 1.4884 0.8815 -0.1176 0.4252 0.5659 4.3641 -0.0125 0.0125 0.2302 0 0
47 277 1253 0 0 0 0 0 1.0011 0 0.9667 -0.1614 0.2531 0.3295 1.4863 0.859 -0.2393 0.4557 0.6156 4.2161 -0.119 0.119 0.2569 0 0
47 278 2421 0 0 0 0 0 1.0003 0 0.9876 0.0527 0.148 0.1803 1.337 0.905 0.0861 0.3983 0.5073 4.375 0.0969 0.0969 0.2062 0 0
47 279 1935 0 0 0 0 0 1.0004 0 0.9764 -0.0861 0.1872 0.2234 1.193 0.8899 -0.0935 0.3957 0.5373 4.6944 0.0635 0.0635 0.2119 0 0
47 280 1568 0 0 0 0 0 1.0008 0 0.9785 -0.0895 0.1958 0.2352 1.776 0.9134 -0.1248 0.4042 0.5144 4.4516 0.0137 0.0137 0.2283 0 0
47 281 1275 0 0 0 0 0 1.0006 0 0.9586 0.0072 0.2489 0.3557 1.8445 0.8594 0.0101 0.4389 0.5644 4.2239 -0.0624 0.0624 0.2498 0 0
47 282 2207 0 0 0 0 0 1.0011 0 0.9842 0.079 0.1869 0.2588 1.7368 0.8844 0.0832 0.4146 0.5853 4.3399 0.0671 0.0671 0.2211 0 0
47 283 1280 0 0 0 0 0 1.001 0 0.9889 0.0585 0.1752 0.201 1.5638 0.891 0.0414 0.3983 0.5139 4.1864 -0.0759 0.0759 0.2499 0 0
47 284 1538 0 0 0 0 0 1.0007 0 0.9784 -0.08 0.2078 0.3042 1.9134 0.871 -0.0652 0.4249 0.5825 4.3552 0.0535 0.0535 0.2273 0 0
47 285 1827 0 0 0 0 0 1.0002 0 0.9862 0.1267 0.1792 0.2215 1.5984 0.8974 0.0823 0.4088 0.5413 3.99 0.0692 0.0692 0.2215 0 0
47 286 1261 0 0 0 0 0 1.0004 0 0.9835 -0.1032 0.175 0.2159 1.407 0.8712 -0.0958 0.403 0.5355 4.0605 -0.0625 0.0625 0.2498 0 0
47 287 1309 0 0 0 0 0 1.0004 0 0.9851 -0.044 0.1396 0.1877 1.2593 0.8647 -0.0472 0.4163 0.5573 4.2848 -0.0588 0.0588 0.2443 0 0
47 288 1288 0 0 0 0 0 1.0003 0 0.9689 0.0596 0.2648 0.3136 1.5926 0.8967 0.1488 0.4258 0.5561 4.3732 -0.0221 0.0221 0.2331 0 0
47 289 1685 0 0 0 0 0 1.001 0 0.9891 0.128 0.1755 0.2101 1.7136 0.894 0.0508 0.4001 0.5207 3.9862 0.0546 0.0546 0.2209 0 0
47 290 1473 0 0 0 0 0 1.0004 0 0.9917 0.1194 0.145 0.1792 1.2844 0.884 0.1052 0.4148 0.5338 4.0455 -0.013 0.013 0.2392 0 0
47 291 1339 0 0 0 0 0 1.0003 0 0.972 -0.0109 0.1815 0.2318 1.2568 0.8705 -0.0659 0.4226 0.5589 4.4363 -0.0088 0.0088 0.2333 0 0
47 292 1384 0 0 0 0 0 1.0003 0 0.9713 -0.1163 0.2593 0.423 2.3785 0.8798 0.0052 0.4182 0.5359 3.9393 0.0085 0.0085 0.2421 0 0
47 293 1348 0 0 0 0 0 1.001 0 0.9773 -0.0965 0.203 0.2796 2.2461 0.856 -0.0996 0.4335 0.5875 4.2776 -0.0029 0.0029 0.241 0 0
47 294 1295 0 0 0 0 0 1.0003 0 0.9684 0.0711 0.2069 0.3464 1.8775 0.8702 0.01 0.4196 0.5511 3.9615 -0.0757 0.0757 0.2466 0 0
47 295 1462 0 0 0 0 0 1.0005 0 0.9866 0.0746 0.1228 0.1749 1.1319 0.897 0.0975 0.3891 0.5235 4.0096 -0.0203 0.0203 0.2367 0 0
47 296 1972 0 0 0 0 0 1.0016 0 0.978 0.0114 0.1648 0.2098 1.319 0.8964 0.0253 0.401 0.539 4.3832 0.0657 0.0657 0.2029 0 0
47 297 1442 0 0 0 0 0 1.0005 0 0.9799 0.0305 0.2139 0.311 1.6156 0.8899 0.0101 0.3896 0.5182 4.2855 -0.0352 0.0352 0.2325 0 0
47 298 1571 0 0 0 0 0 1.001 0 0.9729 -0.0829 0.2049 0.2598 1.4068 0.8437 -0.0545 0.4556 0.6299 4.0589 0.0018 0.0018 0.2376 0 0
47 299 1271 0 0 0 0 0 1.0002 0 0.9864 -0.1031 0.1963 0.2345 1.4731 0.9183 -0.109 0.3688 0.4692 4.4103 -0.0496 0.0496 0.2367 0 0
47 300 1682 0 0 0 0 0 1.0006 0 0.9885 -0.1627 0.1942 0.262 2.1004 0.8977 -0.0704 0.4057 0.5387 3.8959 0.0684 0.0684 0.2183 0 0
47 301 1324 0 0 0 0 0 1.0002 0 0.9857 -0.0434 0.181 0.2332 1.6721 0.8902 0.0125 0.4039 0.5195 3.9982 -0.0375 0.0375 0.2566 0 0
47 302 2263 0 0 0 0 0 1.0004 0 0.9869 -0.0235 0.1427 0.1759 1.1262 0.8929 0.002 0.3912 0.5364 4.5906 0.0897 0.0897 0.2054 0 0
47 303 1887 0 0 0 0 0 1.0005 0 0.9791 -0.1057 0.1895 0.2565 1.5265 0.8798 -0.0722 0.4194 0.5596 4.0632 0.0263 0.0263 0.2265 0 0
47 304 1354 0 0 0 0 0 1.0009 0 0.9816 0.1936 0.2526 0.3093 1.7891 0.8889 0.2178 0.4639 0.6092 4.2765 0.0297 0.0297 0.2296 0 0
47 305 2339 0 0 0 0 0 1.001 0 0.9797 0.0393 0.1704 0.2058 1.1161 0.8943 0.0913 0.4104 0.5761 4.0246 0.0825 0.0825 0.2099 0 0
47 306 1375 0 0 0 0 0 1.0008 0 0.9727 -0.0732 0.2001 0.3093 1.6964 0.8875 0.0179 0.3795 0.5083 4.1677 -0.0715 0.0715 0.2487 0 0
47 307 1380 0 0 0 0 0 1.0005 0 0.9801 0.0276 0.2476 0.3331 2.1065 0.8922 0.1144 0.4225 0.5786 4.3457 0.0114 0.0114 0.231 0 0
47 308 1333 0 0 0 0 0 1.0004 0 0.9726 0.1654 0.2141 0.2562 1.1413 0.8956 0.1613 0.3968 0.5154 4.3149 -0.0259 0.0259 0.2401 0 0
47 309 1609 0 0 0 0 0 1.0003 0 0.983 -0.0312 0.2309 0.2831 1.7654 0.8905 -0.0344 0.4217 0.5448 3.9695 0.0155 0.0155 0.2312 0 0
47 310 1301 0 0 0 0 0 1.0014 0 0.9692 0.0894 0.1937 0.237 2.0363 0.8335 0.0075 0.4593 0.6175 4.2725 -0.0565 0.0565 0.255 0 0
47 311 1260 0 0 0 0 0 1.0002 0 0.963 -0.1117 0.2446 0.2899 1.3522 0.8562 -0.0596 0.4245 0.5625 4.2484 -0.1051 0.1051 0.2652 0 0
47 312 1590 0 0 0 0 0 1.0008 0 0.9788 0.0366 0.1518 0.1861 1.0937 0.8944 0.0149 0.382 0.508 4.3283 0.0034 0.0034 0.2232 0 0
47 313 1311 0 0 0 0 0 1.0004 0 0.9776 -0.0983 0.1884 0.2271 1.2737 0.8909 -0.0617 0.4031 0.5149 3.9698 -0.0564 0.0564 0.2358 0 0
47 314 1271 0 0 0 0 0 1.0007 0 0.9824 0.0845 0.1777 0.2254 1.4936 0.8592 0.0302 0.4154 0.5796 4.1968 -0.1409 0.1409 0.2544 0 0
47 315 1588 0 0 0 0 0 1.0004 0 0.9812 -3e-04 0.1732 0.2071 1.3422 0.8851 -0.0232 0.4046 0.5305 4.3489 0.0534 0.0534 0.217 0 0
47 316 1273 0 0 0 0 0 1.0007 0 0.9879 -0.0774 0.2398 0.2994 1.8308 0.8804 -0.0775 0.4277 0.5519 4.1697 -0.1328 0.1328 0.2601 0 0
47 317 1271 0 0 0 0 0 1.0003 0 0.9801 -0.0072 0.2266 0.2689 1.6431 0.881 -0.0499 0.4227 0.5604 4.0094 -0.0399 0.0399 0.2302 0 0
47 318 1200 0 0 0 0 0 1.0003 0 0.9779 -0.0563 0.1641 0.2028 1.468 0.8256 -0.1053 0.4456 0.6032 4.2123 -0.094 0.094 0.2667 0 0
47 319 1319 0 0 0 0 0 1.0009 0 0.9646 0.0363 0.2217 0.3104 1.8265 0.8814 -0.0098 0.3996 0.5243 4.2772 -0.0434 0.0434 0.2626 0 0
47 320 2112 0 0 0 0 0 1.0007 0 0.9937 0.0975 0.1461 0.1746 1.6511 0.8823 0.1327 0.442 0.5819 4.6038 0.089 0.089 0.2181 0 0
47 321 1227 0 0 0 0 0 1.0004 0 0.9838 -0.1779 0.2297 0.3051 1.8295 0.8744 -0.1316 0.4161 0.5518 4.2708 -0.0819 0.0819 0.2576 0 0
47 322 1679 0 0 0 0 0 1.0002 0 0.9654 -0.2417 0.2536 0.4314 2.2813 0.871 -0.1063 0.4334 0.5979 4.034 0.0036 0.0036 0.2365 0 0
47 323 1288 0 0 0 0 0 1.0004 0 0.9728 0.1716 0.3161 0.4993 2.3012 0.8772 0.1406 0.4377 0.5594 4.356 -0.0409 0.0409 0.2771 0 0
47 324 1737 0 0 0 0 0 1.0005 0 0.9574 0.0242 0.2382 0.2833 1.4539 0.8778 -0.0398 0.421 0.5831 4.3315 0.0133 0.0133 0.2366 0 0
47 325 1620 0 0 0 0 0 1.0003 0 0.9855 -0.0253 0.1635 0.1909 1.4935 0.8776 -0.0444 0.3926 0.5451 4.3787 0.016 0.016 0.2222 0 0
47 326 1267 0 0 0 0 0 1.0004 0 0.9611 0.1529 0.2622 0.31 1.3915 0.867 0.0585 0.4542 0.5962 4.3729 -0.0465 0.0465 0.2546 0 0
47 327 2028 0 0 0 0 0 1.0008 0 0.9764 -0.2327 0.2655 0.3174 1.4184 0.8918 -0.2817 0.4847 0.6215 4.4716 0.1261 0.1261 0.1993 0 0
47 328 1306 0 0 0 0 0 1.0004 0 0.9776 0.146 0.1988 0.318 1.9335 0.905 0.0461 0.3721 0.4934 4.2711 -0.0157 0.0157 0.2293 0 0
47 329 1516 0 0 0 0 0 1.0009 0 0.9809 -0.1496 0.2152 0.2528 1.3435 0.8895 -0.1552 0.4068 0.5495 4.0526 0.0045 0.0045 0.2325 0 0
47 330 1254 0 0 0 0 0 1.0007 0 0.9925 0.0916 0.1779 0.2537 1.7312 0.8889 0.0629 0.4479 0.5853 4.3268 0.0286 0.0286 0.2207 0 0
47 331 1235 0 0 0 0 0 1.0006 0 0.9736 0.198 0.2751 0.3417 1.2946 0.8667 0.1804 0.4454 0.5748 4.1922 -0.0907 0.0907 0.2635 0 0
47 332 1830 0 0 0 0 0 1.0008 0 0.9884 0.1955 0.2469 0.2962 1.3331 0.9129 0.1253 0.4 0.5264 4.271 0.0325 0.0325 0.2171 0 0
47 333 1283 0 0 0 0 0 1.0014 0 0.9776 0.0068 0.1822 0.2484 1.7305 0.871 0.0721 0.404 0.5317 4.2449 -0.1032 0.1032 0.25 0 0
47 334 1291 0 0 0 0 0 1.0006 0 0.9806 -0.0403 0.2392 0.3671 2.2097 0.8698 -0.0573 0.4066 0.5336 4.2308 -0.112 0.112 0.2793 0 0
47 335 1311 0 0 0 0 0 1.0013 0 0.9794 -0.1679 0.2117 0.2904 1.9524 0.8759 -0.0996 0.4321 0.5492 4.0425 0.0061 0.0061 0.2454 0 0
47 336 2005 0 0 0 0 0 1.0005 0 0.98 -0.0472 0.1705 0.2368 1.2508 0.8971 -0.0461 0.4113 0.5371 4.3485 0.0544 0.0544 0.2085 0 0
47 337 1568 0 0 0 0 0 1.0002 0 0.9717 0.0599 0.192 0.2403 1.5834 0.8864 0.0673 0.4067 0.5259 4.0024 0.0244 0.0244 0.2313 0 0
47 338 1340 0 0 0 0 0 1.0007 0 0.9937 0.0979 0.1518 0.1855 1.8816 0.8893 0.0762 0.4163 0.5459 4.3526 0.0382 0.0382 0.2175 0 0
47 339 1790 0 0 0 0 0 1.0005 0 0.9744 0.0175 0.185 0.2221 1.1719 0.8559 -0.0245 0.418 0.5822 4.0024 -0.022 0.022 0.2401 0 0
47 340 1281 0 0 0 0 0 1.0003 0 0.9837 0.0615 0.2 0.2509 1.4372 0.8792 0.0741 0.4248 0.6019 4.0279 -0.0261 0.0261 0.2368 0 0
47 341 1423 0 0 0 0 0 1.0005 0 0.9775 -0.1536 0.2691 0.3288 2.08 0.9083 -0.0838 0.4117 0.53 4.3047 0.0094 0.0094 0.2297 0 0
47 342 1275 0 0 0 0 0 1.0003 0 0.986 -0.0976 0.1668 0.2078 1.5693 0.8619 -0.0859 0.4195 0.5787 4.3071 -0.0381 0.0381 0.2642 0 0
47 343 2390 0 0 0 0 0 1.0004 0 0.9802 0.1759 0.2291 0.2629 1.4008 0.8977 0.0969 0.4237 0.5656 4.5057 0.1233 0.1233 0.2117 0 0
47 344 1431 0 0 0 0 0 1.0006 0 0.9842 -0.2213 0.238 0.3113 2.2726 0.8855 -0.2091 0.4387 0.5748 4.3582 0.0288 0.0288 0.2393 0 0
47 345 1900 0 0 0 0 0 1.001 0 0.9858 0.0922 0.1471 0.1841 1.2711 0.8848 0.1176 0.4164 0.5427 4.3645 0.0296 0.0296 0.2216 0 0
47 346 2360 0 0 0 0 0 1.0006 0 0.9885 -0.0374 0.1498 0.1973 1.3648 0.8861 -0.1097 0.4452 0.5916 4.0024 0.1276 0.1276 0.199 0 0
47 347 1357 0 0 0 0 0 1.0009 0 0.9557 0.2962 0.3133 0.3891 1.1665 0.8582 0.2511 0.5159 0.6597 4.3025 -0.0767 0.0767 0.2536 0 0
47 348 1738 0 0 0 0 0 1.0002 0 0.982 3e-04 0.184 0.2271 1.4891 0.8768 0.0048 0.4 0.5425 4.3699 0.0299 0.0299 0.231 0 0
47 349 1297 0 0 0 0 0 1.0005 0 0.9494 0.0595 0.3235 0.6004 2.921 0.8752 -0.0783 0.4126 0.539 4.3308 0.0174 0.0174 0.2503 0 0
47 350 1291 0 0 0 0 0 1.0005 0 0.9863 0.0785 0.1683 0.2032 1.912 0.889 0.0565 0.3741 0.4873 4.3184 -0.063 0.063 0.2437 0 0
47 351 1370 0 0 0 0 0 1.0008 0 0.9594 0.0573 0.2275 0.4093 2.2947 0.8915 0.0601 0.3869 0.5306 3.9863 -0.0262 0.0262 0.2388 0 0
47 352 1318 0 0 0 0 0 1.0009 0 0.9814 0.043 0.1968 0.2507 1.7983 0.8867 -0.0633 0.4088 0.5328 4.0708 0.0019 0.0019 0.2292 0 0
47 353 1301 0 0 0 0 0 1.0002 0 0.9893 0.2643 0.2711 0.3204 1.6162 0.8724 0.1952 0.4373 0.5535 4.2325 -0.0515 0.0515 0.2475 0 0
47 354 1277 0 0 0 0 0 1.0016 0 0.9917 0.0898 0.1377 0.1681 1.1676 0.894 0.1186 0.3876 0.503 4.0383 -0.0767 0.0767 0.2575 0 0
47 355 1434 0 0 0 0 0 1.0007 0 0.9768 -0.0973 0.1896 0.2861 1.6908 0.8565 -0.0713 0.4637 0.6069 4.2966 0.0087 0.0087 0.2387 0 0
47 356 1334 0 0 0 0 0 1.0024 0 0.9639 0.0103 0.1905 0.2476 1.6078 0.8651 -0.0592 0.3875 0.5252 4.2381 -0.1002 0.1002 0.2589 0 0
47 357 1507 0 0 0 0 0 1.0008 0 0.9826 -0.0594 0.2159 0.3075 2.1849 0.8937 -0.0783 0.4084 0.5509 4.3224 -0.0107 0.0107 0.2445 0 0
47 358 1602 0 0 0 0 0 1.0005 0 0.9856 0.1606 0.201 0.2534 1.7307 0.8812 0.1345 0.4475 0.5942 4.4685 0.0102 0.0102 0.2468 0 0
47 359 1335 0 0 0 0 0 1.0005 0 0.9809 0.2409 0.2693 0.3353 1.3633 0.8927 0.2216 0.4575 0.5822 4.1935 -0.0202 0.0202 0.2403 0 0
47 360 2024 0 0 0 0 0 1.0005 0 0.9676 -0.1211 0.1982 0.2538 1.4059 0.9023 -0.1023 0.3913 0.5276 4.3505 0.0841 0.0841 0.2207 0 0
47 361 1750 0 0 0 0 0 1.0002 0 0.9845 0.1317 0.2379 0.2769 1.6578 0.8954 0.078 0.4208 0.5581 4.0585 0.0333 0.0333 0.2281 0 0
47 362 1730 0 0 0 0 0 1.0004 0 0.9765 0.1916 0.2136 0.2783 1.6055 0.869 0.0884 0.4353 0.5938 4.3605 0.0839 0.0839 0.2137 0 0
47 363 1285 0 0 0 0 0 1.001 0 0.9854 -0.039 0.1806 0.2564 2.14 0.8709 -0.0352 0.4065 0.5375 4.0448 -0.1009 0.1009 0.2627 0 0
47 364 1911 0 0 0 0 0 1.0004 0 0.9876 -0.12 0.161 0.1957 1.5335 0.8976 -0.0551 0.4016 0.5319 4.5076 0.0491 0.0491 0.2189 0 0
47 365 1271 0 0 0 0 0 1.0012 0 0.9879 0.0246 0.1338 0.1748 1.2986 0.8665 -0.0181 0.428 0.5662 4.3137 -0.0576 0.0576 0.2457 0 0
47 366 1336 0 0 0 0 0 1.0008 0 0.9775 -0.3123 0.3143 0.3646 1.1588 0.8693 -0.2886 0.4811 0.6277 4.2901 -0.028 0.028 0.2309 0 0
47 367 1486 0 0 0 0 0 1.0005 0 0.9719 -0.1153 0.1882 0.243 1.2099 0.885 -0.0471 0.4028 0.5227 4.2126 -0.0422 0.0422 0.2426 0 0
47 368 1752 0 0 0 0 0 1.0006 0 0.9823 -0.1246 0.187 0.2392 1.1074 0.884 -0.0731 0.4101 0.5607 4.3745 6e-04 6e-04 0.2293 0 0
47 369 1238 0 0 0 0 0 1.0004 0 0.9806 0.1869 0.2694 0.3241 2.6224 0.859 0.2375 0.4639 0.6294 4.3268 -0.0332 0.0332 0.2531 0 0
47 370 1250 0 0 0 0 0 1.0003 0 0.9772 0.0107 0.203 0.2843 2.307 0.8736 -0.0331 0.4091 0.5505 4.2154 -0.055 0.055 0.252 0 0
47 371 1639 0 0 0 0 0 1.0005 0 0.9889 0.0483 0.1414 0.1739 1.2676 0.8676 0.104 0.4467 0.6156 4.3203 0.0347 0.0347 0.2169 0 0
47 372 1452 0 0 0 0 0 1.0005 0 0.985 -0.0085 0.2011 0.2798 1.8454 0.8612 -0.1009 0.4488 0.6241 4.5774 0.0094 0.0094 0.22 0 0
47 373 1700 0 0 0 0 0 1.0003 0 0.9528 -0.2192 0.2591 0.306 1.2156 0.9003 -0.2186 0.4302 0.5667 3.9723 0.0559 0.0559 0.2381 0 0
47 374 1375 0 0 0 0 0 1.0005 0 0.9819 -0.0487 0.1794 0.2158 1.4982 0.8924 -0.0143 0.4099 0.5298 4.2798 0.0094 0.0094 0.2188 0 0
47 375 1426 0 0 0 0 0 1.0003 0 0.9776 -0.2177 0.264 0.3266 1.3204 0.8949 -0.1558 0.4526 0.5973 4.3451 0.019 0.019 0.2293 0 0
47 376 1272 0 0 0 0 0 1.0006 0 0.9793 -0.1207 0.2696 0.3656 2.2535 0.8881 -0.0997 0.4143 0.5366 4.2841 -0.0216 0.0216 0.2339 0 0
47 377 1273 0 0 0 0 0 1.0005 0 0.9885 -0.0277 0.117 0.2022 1.524 0.8334 -0.0574 0.4406 0.6078 4.2411 -0.0486 0.0486 0.2614 0 0
47 378 2095 0 0 0 0 0 1.0002 0 0.9868 0.0205 0.1955 0.2171 1.8778 0.8801 0.0013 0.4224 0.5624 4.479 0.0647 0.0647 0.2231 0 0
47 379 1319 0 0 0 0 0 1.0008 0 0.9872 0.1959 0.2384 0.2786 1.3443 0.8972 0.1273 0.3904 0.5156 4.2433 -0.0807 0.0807 0.2543 0 0
47 380 1271 0 0 0 0 0 1.0002 0 0.9736 -0.0686 0.2427 0.4286 2.6462 0.8795 -0.0227 0.419 0.5556 3.9889 -0.102 0.102 0.2474 0 0
47 381 1274 0 0 0 0 0 1.0003 0 0.9677 0.3061 0.3106 0.4185 2.2546 0.8734 0.2759 0.4595 0.6026 4.2039 -0.1333 0.1333 0.2661 0 0
47 382 1290 0 0 0 0 0 1.0007 0 0.9728 0.3057 0.3211 0.3988 2.1746 0.8642 0.2307 0.4887 0.6115 4.3002 -0.0294 0.0294 0.2749 0 0
47 383 1894 0 0 0 0 0 1.0009 0 0.9735 -0.0019 0.1895 0.2349 1.3875 0.8807 -0.0537 0.4258 0.5573 4.3672 0.0617 0.0617 0.2205 0 0
47 384 1364 0 0 0 0 0 1.0008 0 0.9817 -0.1299 0.2664 0.3322 2.0609 0.8949 -0.1723 0.4328 0.558 4.0218 0.0521 0.0521 0.2154 0 0
47 385 1749 0 0 0 0 0 1.0003 0 0.9891 -0.1027 0.2056 0.2463 1.8782 0.9155 -0.0816 0.3916 0.5002 3.9744 0.0673 0.0673 0.219 0 0
47 386 1240 0 0 0 0 0 1.0003 0 0.9639 -0.2274 0.2604 0.4017 1.7402 0.8733 -0.1137 0.4199 0.5477 4.2825 -0.0844 0.0844 0.2819 0 0
47 387 1265 0 0 0 0 0 1.0008 0 0.9834 -0.2395 0.2491 0.3024 1.2417 0.8559 -0.2149 0.4318 0.5836 4.3137 -0.0351 0.0351 0.2509 0 0
47 388 1254 0 0 0 0 0 1.0005 0 0.9768 0.1185 0.272 0.3813 2.0343 0.8876 0.1134 0.4441 0.5814 4.0235 -0.0218 0.0218 0.2397 0 0
47 389 1515 0 0 0 0 0 1.0013 0 0.9716 -0.1186 0.2274 0.2827 1.3043 0.8675 -0.096 0.4244 0.5687 4.0869 0.0026 0.0026 0.2366 0 0
47 390 2383 0 0 0 0 0 1.0007 0 0.9831 -0.192 0.2369 0.3242 1.7176 0.8862 -0.1831 0.4714 0.6178 4.3535 0.0966 0.0966 0.2068 0 0
47 391 1319 0 0 0 0 0 1.0005 0 0.9863 -0.1199 0.1911 0.2325 1.4201 0.8846 -0.0782 0.3933 0.5198 4.4313 -0.0389 0.0389 0.2442 0 0
47 392 1298 0 0 0 0 0 1.0007 0 0.977 -0.0144 0.1973 0.2444 1.5927 0.8964 -0.0361 0.3942 0.5366 3.9947 -0.026 0.026 0.241 0 0
47 393 1752 0 0 0 0 0 1.0005 0 0.9907 0.0934 0.1514 0.197 2.1883 0.8833 0.1153 0.4374 0.5946 3.9764 0.0509 0.0509 0.2136 0 0
47 394 1300 0 0 0 0 0 1.0008 0 0.9841 0.0813 0.1507 0.2061 1.488 0.8868 0.0573 0.3888 0.5267 4.009 -0.0885 0.0885 0.2536 0 0
47 395 1230 0 0 0 0 0 1.0004 0 0.9702 -0.2243 0.2492 0.3802 2.0158 0.8824 -0.1556 0.4247 0.5375 4.2773 -0.0719 0.0719 0.2622 0 0
47 396 1328 0 0 0 0 0 1.0013 0 0.9727 -0.1423 0.1983 0.2768 1.5156 0.8815 -0.0949 0.3954 0.5308 4.2446 -0.0362 0.0362 0.2345 0 0
47 397 1195 0 0 0 0 0 1.0002 0 0.9654 0.2885 0.3472 0.4562 2.0674 0.8337 0.1433 0.4493 0.6111 4.3041 -0.0797 0.0797 0.2809 0 0
47 398 2155 0 0 0 0 0 1.0003 0 0.9855 -0.2058 0.2264 0.2801 1.5329 0.8975 -0.1767 0.4281 0.568 4.5156 0.0654 0.0654 0.2202 0 0
47 399 1300 0 0 0 0 0 1.0002 0 0.9915 0.0134 0.1391 0.1954 2.3541 0.8789 0.0042 0.4027 0.5386 4.0577 0.0051 0.0051 0.232 0 0
47 400 1398 0 0 0 0 0 1.0003 0 0.9787 -0.18 0.2536 0.3189 1.7647 0.8992 -0.1326 0.4122 0.5205 4.4424 0.0091 0.0091 0.2324 0 0
47 401 2283 0 0 0 0 0 1.0004 0 0.9398 -0.3587 0.3991 0.5732 2.2655 0.8979 -0.2027 0.449 0.5723 4.5445 0.1014 0.1014 0.2123 0 0
47 402 1316 0 0 0 0 0 1.0009 0 0.9926 0.1803 0.2165 0.2509 2.092 0.8962 0.1784 0.4306 0.5487 4.3324 -0.0299 0.0299 0.2411 0 0
47 403 1260 0 0 0 0 0 1.0002 0 0.9869 0.1264 0.2007 0.2318 1.489 0.8758 0.1325 0.403 0.534 4.2341 -0.0814 0.0814 0.2522 0 0
47 404 1358 0 0 0 0 0 1.0009 0 0.972 0.2144 0.2429 0.2988 1.2548 0.8986 0.2223 0.4051 0.5141 4.1196 0.017 0.017 0.242 0 0
47 405 1442 0 0 0 0 0 1.0006 0 0.9744 -0.0046 0.2191 0.2552 1.4493 0.8939 -0.0094 0.3994 0.5159 4.0756 -0.0276 0.0276 0.245 0 0
47 406 1270 0 0 0 0 0 1.0006 0 0.9805 -0.1713 0.2327 0.302 1.4456 0.8816 -0.1582 0.422 0.5446 4.1735 -0.1037 0.1037 0.2471 0 0
47 407 1743 0 0 0 0 0 1.0004 0 0.9816 -0.1304 0.1899 0.2174 1.3696 0.875 -0.1699 0.4337 0.6153 4.0291 0.0417 0.0417 0.2234 0 0
47 408 2192 0 0 0 0 0 1.0003 0 0.9845 -0.0189 0.1402 0.1895 1.3975 0.8745 -0.0476 0.4144 0.5588 4.2826 0.0336 0.0336 0.2218 0 0
47 409 1564 0 0 0 0 0 1.0004 0 0.9814 -0.1382 0.2351 0.3036 1.7959 0.9049 -0.0178 0.4093 0.5535 4.2854 0.0188 0.0188 0.2262 0 0
47 410 1321 0 0 0 0 0 1.0007 0 0.9832 -0.0488 0.1545 0.2634 2.0298 0.8912 0.0013 0.4052 0.514 4.3551 0.03 0.03 0.2324 0 0
47 411 1713 0 0 0 0 0 1.0006 0 0.9708 0.0503 0.1648 0.1964 1.0624 0.8889 0.0381 0.3724 0.4953 4.5238 0.0364 0.0364 0.2221 0 0
47 412 1699 0 0 0 0 0 1.0005 0 0.9838 -0.2268 0.2691 0.3135 1.5668 0.8888 -0.1807 0.4241 0.5446 4.4586 0.0243 0.0243 0.2263 0 0
47 413 1219 0 0 0 0 0 1.0006 0 0.983 -0.1407 0.2473 0.3009 2.3013 0.8534 -0.1376 0.453 0.6027 4.2157 -0.1181 0.1181 0.2729 0 0
47 414 1334 0 0 0 0 0 1.0002 0 0.9759 -0.0726 0.2605 0.3275 2.3012 0.8832 -0.0661 0.4159 0.5392 4.2507 -0.0139 0.0139 0.2368 0 0
47 415 1688 0 0 0 0 0 1.0003 0 0.9529 -0.3438 0.389 0.5875 2.7877 0.8834 -0.164 0.4656 0.589 3.9976 0.0376 0.0376 0.2475 0 0
47 416 1513 0 0 0 0 0 1.001 0 0.9728 0.0784 0.2235 0.2692 1.5028 0.8557 0.1009 0.4298 0.5733 4.4004 -0.0021 0.0021 0.2414 0 0
47 417 1852 0 0 0 0 0 1.0003 0 0.969 -0.2555 0.2825 0.4108 2.0726 0.8779 -0.1471 0.494 0.6105 4.4097 0.0634 0.0634 0.2507 0 0
47 418 2142 0 0 0 0 0 1.0002 0 0.9754 0.3045 0.3699 0.4447 1.6948 0.8992 0.2401 0.4693 0.5866 4.3034 0.0603 0.0603 0.2202 0 0
47 419 1226 0 0 0 0 0 1.0005 0 0.9639 0.0627 0.2901 0.4921 2.7042 0.8462 0.0421 0.4413 0.6054 3.9937 -0.1669 0.1669 0.2737 0 0
47 420 1320 0 0 0 0 0 1.0006 0 0.9678 -0.0786 0.2387 0.3371 1.9287 0.8945 9e-04 0.3987 0.5127 4.2774 -0.0152 0.0152 0.2264 0 0
47 421 1583 0 0 0 0 0 1.0002 0 0.9827 0.1098 0.168 0.2272 1.474 0.9047 0.1004 0.3664 0.4932 4.3656 0.0196 0.0196 0.229 0 0
47 422 1711 0 0 0 0 0 1.0007 0 0.987 -0.1148 0.169 0.1973 1.4789 0.8709 -0.1166 0.4178 0.5552 4.0344 0.0038 0.0038 0.2427 0 0
47 423 1393 0 0 0 0 0 1.0004 0 0.9674 -0.428 0.4371 0.5019 2.0714 0.8777 -0.3095 0.5173 0.6509 4.3009 -0.0476 0.0476 0.25 0 0
47 424 1297 0 0 0 0 0 1.0007 0 0.9817 0.0815 0.2076 0.2883 1.8175 0.9003 0.0381 0.3883 0.509 4.0404 -0.0033 0.0033 0.2415 0 0
47 425 1243 0 0 0 0 0 1.0006 0 0.98 -0.0673 0.2237 0.2612 1.6788 0.8785 -0.1086 0.3863 0.55 4.3181 -0.0476 0.0476 0.2492 0 0
47 426 1448 0 0 0 0 0 1.0004 0 0.9813 -0.0357 0.1547 0.1858 1.3415 0.8942 -0.0576 0.3695 0.5083 4.2762 1e-04 1e-04 0.232 0 0
47 427 1485 0 0 0 0 0 1.0002 0 0.9827 -0.0422 0.1639 0.2128 1.741 0.8833 -0.041 0.3804 0.517 4.1735 -0.0309 0.0309 0.236 0 0
47 428 1238 0 0 0 0 0 1.0006 0 0.9662 0.0548 0.2369 0.3542 2.1564 0.8457 0.0984 0.4342 0.5864 4.2613 -0.1136 0.1136 0.2597 0 0
47 429 1848 0 0 0 0 0 1.0008 0 0.9844 0.2012 0.236 0.2666 1.048 0.902 0.243 0.4374 0.5857 3.9693 0.0095 0.0095 0.2179 0 0
47 430 1262 0 0 0 0 0 1.0005 0 0.9173 0.2151 0.2925 0.3535 1.2577 0.878 0.2113 0.4256 0.559 4.1999 -0.0924 0.0924 0.2516 0 0
47 431 1315 0 0 0 0 0 1.0009 0 0.9525 -0.0814 0.2257 0.339 1.5716 0.8871 -0.0596 0.4171 0.557 4.3196 0.0083 0.0083 0.2247 0 0
47 432 1451 0 0 0 0 0 1.0007 0 0.9711 -0.2618 0.2881 0.3509 1.2525 0.8864 -0.2379 0.4426 0.5738 4.2563 -0.024 0.024 0.2281 0 0
47 433 1257 0 0 0 0 0 1.0015 0 0.9839 -0.0067 0.2072 0.2814 2.3374 0.885 0.0513 0.4148 0.5584 4.2586 -0.0417 0.0417 0.2713 0 0
47 434 1802 0 0 0 0 0 1.0005 0 0.9812 0.2484 0.2774 0.3253 2.1988 0.8663 0.187 0.4505 0.5864 4.3544 0.0414 0.0414 0.2488 0 0
47 435 1274 0 0 0 0 0 1.0007 0 0.9839 0.0013 0.1805 0.2336 1.6918 0.8537 0.0275 0.4132 0.5483 4.3317 -0.0254 0.0254 0.2444 0 0
47 436 2249 0 0 0 0 0 1.0006 0 0.975 0.0644 0.1952 0.2335 1.1151 0.9074 0.0307 0.3971 0.5264 4.0375 0.0677 0.0677 0.2005 0 0
47 437 1286 0 0 0 0 0 1.0011 0 0.9666 -0.0782 0.2084 0.3548 1.7375 0.8845 -0.0179 0.392 0.5301 4.2771 -0.0693 0.0693 0.2515 0 0
47 438 1255 0 0 0 0 0 1.0009 0 0.9861 0.0708 0.112 0.1608 1.2769 0.8639 0.0483 0.4176 0.5445 4.2503 -0.0934 0.0934 0.2444 0 0
47 439 1396 0 0 0 0 0 1.0004 0 0.9827 0.1103 0.2177 0.271 1.2999 0.9079 0.065 0.3912 0.5227 4.3383 0.0151 0.0151 0.2209 0 0
47 440 1532 0 0 0 0 0 1.0012 0 0.9529 0.1912 0.3323 0.5199 2.3919 0.9013 0.0847 0.3798 0.5017 4.1012 0.0024 0.0024 0.2377 0 0
47 441 1364 0 0 0 0 0 1.0008 0 0.981 0.0215 0.1496 0.1877 1.2357 0.9084 0.0212 0.3761 0.4932 3.9421 0.0169 0.0169 0.2237 0 0
47 442 1388 0 0 0 0 0 1.0006 0 0.9894 0.0998 0.1846 0.2473 2.3521 0.8748 0.0495 0.4289 0.5615 4.2938 0.0179 0.0179 0.2222 0 0
47 443 1278 0 0 0 0 0 1.0007 0 0.9844 0.0488 0.1818 0.2453 1.5236 0.8717 0.0243 0.4168 0.5503 4.2642 -0.0631 0.0631 0.2365 0 0
47 444 1803 0 0 0 0 0 1.0004 0 0.9872 0.0501 0.1646 0.2243 1.7254 0.8967 0.0481 0.3889 0.5208 3.985 0.0035 0.0035 0.2284 0 0
47 445 1340 0 0 0 0 0 1.0004 0 0.9751 0.0557 0.2204 0.3013 2.0877 0.8878 0.0863 0.4189 0.5598 4.2181 -0.0298 0.0298 0.2344 0 0
47 446 1401 0 0 0 0 0 1.0011 0 0.9894 -0.0222 0.1166 0.1485 1.6367 0.8846 -0.0154 0.4058 0.5524 4.3296 3e-04 3e-04 0.2347 0 0
47 447 1275 0 0 0 0 0 1.0002 0 0.9883 -0.0669 0.1879 0.2471 1.6769 0.8738 -0.0751 0.4563 0.6251 3.955 -0.0741 0.0741 0.2358 0 0
47 448 1488 0 0 0 0 0 1.001 0 0.9906 0.1166 0.2133 0.2944 1.9094 0.9098 0.0981 0.4051 0.5063 4.2861 0.0062 0.0062 0.2383 0 0
47 449 1230 0 0 0 0 0 1.0013 0 0.9552 -0.0145 0.209 0.2743 1.2613 0.8568 -0.0723 0.4217 0.5483 4.3491 -0.0631 0.0631 0.2765 0 0
47 450 1931 0 0 0 0 0 1.0006 0 0.9731 -0.0308 0.1971 0.2315 1.2017 0.8778 -0.0135 0.4124 0.5615 4.3606 0.0026 0.0026 0.2428 0 0
47 451 1265 0 0 0 0 0 1.0016 0 0.9643 0.0998 0.302 0.3557 1.5898 0.8761 0.055 0.4133 0.5418 4.3496 -0.0431 0.0431 0.2689 0 0
47 452 1693 0 0 0 0 0 1.0013 0 0.9906 -0.0397 0.1642 0.1977 2.1936 0.8878 -0.0712 0.3884 0.5271 4.0547 0.0639 0.0639 0.2214 0 0
47 453 1372 0 0 0 0 0 1.0004 0 0.9561 -0.0268 0.2524 0.3336 2.0849 0.8812 -0.0616 0.4126 0.5508 4.076 0.001 0.001 0.2282 0 0
47 454 1508 0 0 0 0 0 1.0004 0 0.9819 -0.0693 0.1267 0.173 1.0144 0.89 -0.0524 0.3803 0.5435 4.3397 0.0228 0.0228 0.2247 0 0
47 455 1285 0 0 0 0 0 1.0002 0 0.9801 0.1835 0.2278 0.2991 2.0701 0.8689 0.1569 0.4274 0.5618 4.0497 -0.079 0.079 0.2604 0 0
47 456 1255 0 0 0 0 0 1.0008 0 0.9579 -0.076 0.174 0.3873 2.2483 0.8755 -0.0274 0.4096 0.5239 4.1641 -0.1347 0.1347 0.2674 0 0
47 457 2094 0 0 0 0 0 1.0008 0 0.969 -0.2814 0.3099 0.3699 1.2594 0.9105 -0.2091 0.394 0.5152 3.9604 0.0389 0.0389 0.2184 0 0
47 458 1666 0 0 0 0 0 1.0006 0 0.9761 0.1301 0.1986 0.2344 1.1701 0.8473 0.1378 0.4276 0.5985 4.2783 -0.063 0.063 0.2478 0 0
47 459 1993 0 0 0 0 0 1.0005 0 0.9693 -0.1518 0.2609 0.3318 2.0251 0.879 -0.1385 0.4549 0.5637 4.4057 0.0849 0.0849 0.2318 0 0
47 460 1398 0 0 0 0 0 1.0005 0 0.9925 0.1706 0.184 0.2387 1.4328 0.8935 0.1309 0.4306 0.5472 4.3591 -0.0084 0.0084 0.2317 0 0
47 461 1485 0 0 0 0 0 1.0009 0 0.9609 -0.1358 0.2381 0.3117 1.9624 0.8758 -0.1136 0.4298 0.579 4.4905 0.0476 0.0476 0.2465 0 0
47 462 1473 0 0 0 0 0 1.0008 0 0.9655 0.1788 0.2725 0.5055 2.8223 0.8663 0.0339 0.4213 0.5573 4.2889 -0.003 0.003 0.247 0 0
47 463 1604 0 0 0 0 0 1.0006 0 0.9818 -0.223 0.243 0.4004 2.5247 0.9062 -0.1302 0.3989 0.5081 4.0379 0.0154 0.0154 0.2392 0 0
47 464 1766 0 0 0 0 0 1.0003 0 0.9806 0.3865 0.4046 0.4391 1.4304 0.8759 0.3005 0.5092 0.6538 4.3408 0.0627 0.0627 0.2133 0 0
47 465 1598 0 0 0 0 0 1.0002 0 0.9805 -0.0227 0.1713 0.2156 1.2525 0.9066 -0.0673 0.3828 0.4933 3.9471 0.0541 0.0541 0.2031 0 0
47 466 1985 0 0 0 0 0 1.0012 0 0.9824 -0.3596 0.3661 0.4099 1.5339 0.9034 -0.324 0.5022 0.6215 4.4241 0.0962 0.0962 0.204 0 0
47 467 1264 0 0 0 0 0 1.0003 0 0.9803 -0.0603 0.1781 0.2506 1.7549 0.8479 -0.0376 0.4109 0.5504 4.122 -0.1635 0.1635 0.2783 0 0
47 468 2095 0 0 0 0 0 1.001 0 0.9844 0.134 0.2552 0.294 1.4905 0.92 0.0566 0.3854 0.5138 3.9743 0.1074 0.1074 0.2169 0 0
47 469 2162 0 0 0 0 0 1.0002 0 0.9752 0.1123 0.1867 0.2462 1.2985 0.8797 0.1493 0.4241 0.5566 4.0821 0.0209 0.0209 0.219 0 0
47 470 1305 0 0 0 0 0 1.0009 0 0.9831 0.1614 0.2415 0.3119 2.1143 0.8527 0.1353 0.4479 0.6171 4.3444 -0.0133 0.0133 0.2505 0 0
47 471 1485 0 0 0 0 0 1.0003 0 0.9809 -0.0708 0.179 0.2157 1.2167 0.8665 -0.0899 0.446 0.6366 4.347 -0.0032 0.0032 0.2189 0 0
47 472 2076 0 0 0 0 0 1.0002 0 0.9806 -0.0054 0.1667 0.1913 1.3811 0.8774 -0.0242 0.4078 0.5397 4.3798 0.0592 0.0592 0.2231 0 0
47 473 1583 0 0 0 0 0 1.0004 0 0.9758 -0.1969 0.279 0.3432 1.7512 0.9094 -0.2192 0.4248 0.5395 4.015 0.0027 0.0027 0.2287 0 0
47 474 1805 0 0 0 0 0 1.0008 0 0.9775 -0.2785 0.2937 0.3636 1.6521 0.8663 -0.1848 0.4776 0.6065 4.3344 0.0597 0.0597 0.2277 0 0
47 475 1258 0 0 0 0 0 1.0007 0 0.9938 -0.1544 0.1709 0.2096 1.4067 0.8741 -0.0892 0.4111 0.5339 4.321 -0.0352 0.0352 0.2394 0 0
47 476 1301 0 0 0 0 0 1.001 0 0.9682 -0.1132 0.2496 0.3101 1.5284 0.8983 -0.1132 0.387 0.5031 4.3651 -0.0376 0.0376 0.2453 0 0
47 477 1734 0 0 0 0 0 1.0004 0 0.9701 0.2102 0.2918 0.3523 1.4165 0.8811 0.1516 0.437 0.5967 4.3317 0.0462 0.0462 0.2233 0 0
47 478 1801 0 0 0 0 0 1.0004 0 0.9869 0.0163 0.1732 0.2218 1.6845 0.8903 0.0057 0.3974 0.5265 4.0071 0.0662 0.0662 0.2195 0 0
47 479 1253 0 0 0 0 0 1.0015 0 0.9714 -0.0274 0.2088 0.2763 2.0199 0.8733 -0.0028 0.4196 0.5497 4.2176 -0.0664 0.0664 0.2587 0 0
47 480 1373 0 0 0 0 0 1.0004 0 0.9666 -0.0845 0.2125 0.3297 2.0411 0.8656 -0.0737 0.4158 0.5796 4.2398 -0.0261 0.0261 0.2573 0 0
47 481 1690 0 0 0 0 0 1.0004 0 0.9864 0.1343 0.2182 0.3018 2.0933 0.8664 0.1981 0.4644 0.6265 4.0579 0.064 0.064 0.2242 0 0
47 482 1365 0 0 0 0 0 1.0012 0 0.9544 -0.2467 0.3137 0.4854 2.5676 0.8754 -0.0524 0.4192 0.5491 4.071 -0.0244 0.0244 0.2684 0 0
47 483 1598 0 0 0 0 0 1.0004 0 0.9882 -0.0888 0.1209 0.1639 1.103 0.8831 -0.1093 0.4103 0.5382 4.2966 -0.0143 0.0143 0.2309 0 0
47 484 2018 0 0 0 0 0 1.0004 0 0.9873 0.0708 0.1687 0.2217 1.8904 0.863 0.0128 0.4254 0.6068 4.355 0.0388 0.0388 0.2309 0 0
47 485 1279 0 0 0 0 0 1.0007 0 0.9701 0.1516 0.2366 0.3258 1.3787 0.894 0.1496 0.4105 0.543 4.0342 -0.0886 0.0886 0.2664 0 0
47 486 1325 0 0 0 0 0 1.0003 0 0.9819 -0.3902 0.4205 0.5114 2.3315 0.865 -0.2888 0.5102 0.6385 4.0067 -0.0329 0.0329 0.2532 0 0
47 487 1431 0 0 0 0 0 1.0005 0 0.9629 0.0378 0.217 0.2728 1.6439 0.8732 0.0188 0.41 0.5365 4.2704 -0.0411 0.0411 0.246 0 0
47 488 1636 0 0 0 0 0 1.001 0 0.9611 0.1459 0.2597 0.2931 1.5393 0.9033 0.1695 0.3899 0.5051 4.3599 0.0232 0.0232 0.2315 0 0
47 489 1820 0 0 0 0 0 1.0007 0 0.9732 -0.1305 0.252 0.3377 1.7266 0.8709 -0.0841 0.4415 0.5985 3.9974 0.0248 0.0248 0.223 0 0
47 490 1780 0 0 0 0 0 1.0007 0 0.9554 -0.02 0.254 0.3511 1.8484 0.8981 -0.0721 0.3859 0.5109 3.9663 0.0212 0.0212 0.2258 0 0
47 491 2031 0 0 0 0 0 1.0004 0 0.9529 -0.3443 0.3657 0.434 1.347 0.8896 -0.2954 0.4722 0.5989 4.3429 0.0509 0.0509 0.2286 0 0
47 492 1322 0 0 0 0 0 1.0007 0 0.9631 0.071 0.1822 0.2392 1.1589 0.8915 0.0146 0.3808 0.5235 4.1604 -0.1488 0.1488 0.2473 0 0
47 493 1243 0 0 0 0 0 1.0004 0 0.9858 -0.1303 0.2269 0.2893 2.112 0.8591 -0.1365 0.4648 0.6062 4.3311 -0.0414 0.0414 0.2543 0 0
47 494 2023 0 0 0 0 0 1.0004 0 0.9782 0.2161 0.2621 0.306 1.1606 0.9027 0.1878 0.414 0.5445 4.0695 0.0146 0.0146 0.2316 0 0
47 495 1862 0 0 0 0 0 1.0003 0 0.9728 -0.1872 0.2443 0.3156 1.5298 0.9009 -0.2406 0.4249 0.5492 4.0629 0.0146 0.0146 0.2206 0 0
47 496 2104 0 0 0 0 0 1.0006 0 0.9856 0.028 0.1525 0.2053 1.4217 0.8827 -0.0296 0.4016 0.5401 4.3519 0.0349 0.0349 0.2252 0 0
47 497 2106 0 0 0 0 0 1.0003 0 0.9755 -0.361 0.3643 0.4126 1.3153 0.8909 -0.3845 0.5267 0.6913 4.4573 0.1284 0.1284 0.2126 0 0
47 498 1626 0 0 0 0 0 1.0022 0 0.9875 0.0256 0.1783 0.2294 1.8139 0.8914 -0.0373 0.3954 0.5295 4.0128 0.0299 0.0299 0.2299 0 0
47 499 1748 0 0 0 0 0 1.0008 0 0.9653 0.2065 0.3465 0.5411 2.5546 0.868 0.0967 0.4463 0.6086 4.4396 0.0193 0.0193 0.2352 0 0
47 500 1749 0 0 0 0 0 1.0003 0 0.9732 0.0947 0.2183 0.2853 1.3549 0.8927 0.076 0.4202 0.55 4.3342 0.0296 0.0296 0.2162 0 0
