cond r run.time ndiv nbfmi ntree nbulk ntail maxRhat nRhat beta.cor beta.bias beta.abbias beta.rmse beta.CI theta.cor theta.bias theta.abbias theta.rmse theta.CI lambda.bias lambda.abbias lambda.CI corrupt efficiency
58 1 284 0 0 0 0 0 1.0005 0 0.9498 -0.1556 0.2812 0.346 2.0628 0.7394 0.0238 0.5251 0.6742 4.0961 -0.1601 0.1601 0.5143 0 0
58 2 326 0 0 0 0 0 1.0002 0 0.9743 -0.1251 0.2072 0.272 1.6656 0.7205 -0.0448 0.5463 0.7229 4.2038 0.1568 0.1568 0.4013 0 0
58 3 330 0 0 0 0 0 1.0005 0 0.8987 -0.097 0.3092 0.3196 1.2655 0.7948 -0.1199 0.4686 0.6182 4.0601 -0.0519 0.0519 0.4462 0 0
58 4 292 0 0 0 0 0 1.0014 0 0.9695 0.1531 0.2149 0.3622 2.1118 0.7295 0.1164 0.5509 0.7048 4.3906 -0.2294 0.2294 0.6493 0 0
58 5 268 0 0 0 0 0 1.0007 0 0.9493 0.2123 0.3317 0.392 1.6779 0.7431 0.0741 0.5436 0.7288 4.1445 -0.1075 0.1075 0.4941 0 0
58 6 313 0 0 0 0 0 1.0005 0 0.8976 0.1029 0.3239 0.421 1.4993 0.7401 0.1945 0.5771 0.7746 4.181 -0.0634 0.0634 0.4762 0 0
58 7 337 0 0 0 0 0 1.0005 0 0.9664 0.097 0.2033 0.2639 1.7511 0.7783 0.0863 0.5106 0.6841 4.1673 0.0798 0.0798 0.4252 0 0
58 8 312 0 0 0 0 0 1.0006 0 0.8933 -0.0473 0.3221 0.3842 1.3893 0.7429 -0.0284 0.513 0.6794 4.1094 -0.032 0.032 0.4798 0 0
58 9 285 0 0 0 0 0 1.0003 0 0.9152 0.1098 0.3113 0.4212 1.9421 0.7185 -0.0128 0.5263 0.6845 4.0669 -0.0988 0.0988 0.4982 0 0
58 10 339 0 0 0 0 0 1.0003 0 0.942 -0.0605 0.264 0.3581 1.572 0.766 -0.087 0.5621 0.7194 4.4451 0.2332 0.2332 0.3591 0 0
58 11 277 0 0 0 0 0 1.0004 0 0.961 0.0946 0.4472 0.559 2.2498 0.7718 0.0593 0.5963 0.7548 4.1281 0.0259 0.0259 0.4841 0 0
58 12 298 0 0 0 0 0 1.0002 0 0.9569 -0.449 0.4567 0.5492 1.8397 0.7482 -0.3667 0.5845 0.7588 4.0662 -0.1627 0.1627 0.5148 0 0
58 13 317 0 0 0 0 0 1.0004 0 0.9533 -0.1546 0.2377 0.3765 1.8646 0.7949 -0.0624 0.4844 0.6282 4.1 -0.0299 0.0299 0.4284 0 0
58 14 330 0 0 0 0 0 1.001 0 0.9555 -0.0698 0.3094 0.4152 2.3254 0.7581 -0.0678 0.5853 0.7226 4.2151 0.1312 0.1312 0.4357 0 0
58 15 339 0 0 0 0 0 1.0004 0 0.974 -0.0782 0.2752 0.384 2.372 0.772 -0.0544 0.5251 0.6684 4.2489 0.1501 0.1501 0.4119 0 0
58 16 283 0 0 0 0 0 1.0003 0 0.9636 -0.1469 0.3126 0.3723 2.2167 0.6944 -0.1019 0.5528 0.7228 4.1537 -0.0848 0.0848 0.4699 0 0
58 17 332 0 0 0 0 0 1.0008 0 0.9155 0.0996 0.2623 0.4194 2.0603 0.7226 -0.0075 0.4884 0.64 4.1441 0.0985 0.0985 0.4293 0 0
58 18 313 0 0 0 0 0 1.0002 0 0.9718 -0.1299 0.2495 0.3082 1.5125 0.776 -0.131 0.5104 0.6676 4.0993 0.026 0.026 0.4776 0 0
58 19 307 0 0 0 0 0 1.0003 0 0.9395 0.1086 0.2575 0.279 1.3104 0.7645 -0.0139 0.5286 0.691 4.1297 0.0303 0.0303 0.4685 0 0
58 20 227 0 0 0 0 0 1.0007 0 0.9775 0.0182 0.2277 0.3221 1.7499 0.7322 0.0203 0.5607 0.7397 4.0391 -0.1364 0.1364 0.4895 0 0
58 21 324 0 0 0 0 0 1.0001 0 0.9681 -0.063 0.2672 0.3093 1.9545 0.7388 -0.087 0.5322 0.7087 4.2273 0.0889 0.0889 0.4561 0 0
58 22 291 0 0 0 0 0 1.0006 0 0.979 -0.0298 0.2314 0.3152 2.2237 0.7128 0.0524 0.5487 0.696 4.0754 -0.0567 0.0567 0.5145 0 0
58 23 269 0 0 0 0 0 1.0002 0 0.9589 0.2103 0.289 0.3333 1.811 0.7158 0.0852 0.5227 0.6573 4.0757 -0.2318 0.2318 0.4789 0 0
58 24 285 0 0 0 0 0 1.0003 0 0.922 0.0276 0.2733 0.3479 1.96 0.7204 -0.0404 0.5563 0.704 4.1265 -0.1472 0.1472 0.5638 0 0
58 25 339 0 0 0 0 0 1.0004 0 0.9559 0.1358 0.2685 0.4393 2.0892 0.7423 0.0987 0.5746 0.7284 4.2104 -0.0138 0.0138 0.5215 0 0
58 26 298 0 0 0 0 0 1.0003 0 0.9733 0.0267 0.2024 0.2565 1.7673 0.7465 0.0988 0.4957 0.7033 4.0868 -0.0483 0.0483 0.5054 0 0
58 27 309 1 0 0 0 0 1.0001 0 0.9787 -0.0245 0.1778 0.2311 2.2609 0.682 -0.0852 0.5224 0.7002 4.1963 0.0667 0.0667 0.4753 1 0
58 28 320 0 0 0 0 0 1.0001 0 0.8745 0.0619 0.3035 0.3633 1.2413 0.7524 0.1484 0.5267 0.7322 4.1382 -0.1746 0.1746 0.5139 0 0
58 29 313 0 0 0 0 0 1.0005 0 0.9727 0.1408 0.2988 0.3495 2.4061 0.6985 0.0279 0.5165 0.6591 4.2671 -0.0898 0.0898 0.5554 0 0
58 30 314 0 0 0 0 0 1.0008 0 0.9805 -0.0131 0.2346 0.2811 2.1325 0.7418 -0.0468 0.5603 0.7085 4.2079 -0.1948 0.1948 0.5454 0 0
58 31 312 0 0 0 0 0 1.0005 0 0.8759 -0.3261 0.4331 0.5671 2.4841 0.7566 -0.1106 0.5327 0.6874 4.208 -0.1221 0.1221 0.5742 0 0
58 32 320 0 0 0 0 0 1.0005 0 0.9518 -0.0429 0.1879 0.2453 1.2752 0.7733 -0.0937 0.4554 0.6027 4.2271 0.0533 0.0533 0.4723 0 0
58 33 311 0 0 0 0 0 1.0005 0 0.9527 -0.0392 0.2668 0.3922 1.9158 0.7709 -0.1667 0.558 0.739 4.1703 0.0423 0.0423 0.4671 0 0
58 34 335 0 0 0 0 0 1.0001 0 0.9781 0.1257 0.2415 0.3126 1.7236 0.7948 0.0418 0.4877 0.6377 4.1375 -0.1391 0.1391 0.4984 0 0
58 35 335 0 0 0 0 0 1.0005 0 0.9577 -0.2642 0.3729 0.4857 2.1558 0.7686 -0.2177 0.5514 0.7086 4.0784 -0.0207 0.0207 0.4755 0 0
58 36 339 0 0 0 0 0 1.0006 0 0.9507 -0.0361 0.2731 0.369 1.7338 0.7863 0.098 0.5166 0.6352 4.177 0.0669 0.0669 0.4321 0 0
58 37 276 0 0 0 0 0 1.0008 0 0.9683 0.1427 0.2517 0.3021 1.5896 0.7213 0.1117 0.5066 0.6795 4.1247 -0.0993 0.0993 0.4668 0 0
58 38 291 0 0 0 0 0 1.0002 0 0.8749 0.1661 0.3343 0.4667 2.4665 0.6295 0.0085 0.5824 0.7585 4.163 -0.0948 0.0948 0.5907 0 0
58 39 292 0 0 0 0 0 1.0003 0 0.9403 0.2851 0.2989 0.4059 1.4919 0.7341 0.2208 0.5572 0.7333 4.2404 -0.1832 0.1832 0.5716 0 0
58 40 325 0 0 0 0 0 1.0008 0 0.976 0.0765 0.1403 0.2152 1.6539 0.8012 -0.0119 0.4721 0.599 4.1256 -0.1414 0.1414 0.4815 0 0
58 41 332 0 0 0 0 0 1.0001 0 0.9731 -0.0807 0.1388 0.1948 1.2965 0.7329 -0.0232 0.5189 0.6649 4.1978 0.0365 0.0365 0.464 0 0
58 42 321 0 0 0 0 0 1.0006 0 0.9385 0.2277 0.3134 0.3679 1.6784 0.731 0.0791 0.538 0.7018 4.2361 0.0995 0.0995 0.453 0 0
58 43 343 0 0 0 0 0 1.0004 0 0.9724 0.0487 0.2347 0.3912 2.0875 0.7574 0.0225 0.5198 0.6693 4.1634 -0.0262 0.0262 0.4323 0 0
58 44 307 0 0 0 0 0 1.0002 0 0.9747 0.0447 0.2298 0.2583 1.8826 0.7093 0.0293 0.5165 0.6837 4.1039 -0.0418 0.0418 0.4804 0 0
58 45 296 0 0 0 0 0 1.0005 0 0.9105 0.1264 0.2865 0.3512 1.3713 0.7781 0.1169 0.5719 0.7247 4.0435 -0.0406 0.0406 0.4514 0 0
58 46 290 0 0 0 0 0 1.0007 0 0.9504 -0.0893 0.3216 0.4094 1.8481 0.7268 -0.0612 0.5412 0.6973 4.1972 -0.0038 0.0038 0.5056 0 0
58 47 331 0 0 0 0 0 1.0008 0 0.9392 0.0576 0.2745 0.3088 1.2514 0.7382 -0.0083 0.5381 0.705 4.1864 0.0609 0.0609 0.4718 0 0
58 48 296 0 0 0 0 0 1.0004 0 0.9511 0.1731 0.2357 0.3135 1.5225 0.7691 0.0759 0.5646 0.7303 4.2759 0.1404 0.1404 0.4547 0 0
58 49 261 0 0 0 0 0 1.0008 0 0.939 0.3028 0.4419 0.5038 1.8634 0.6999 0.0914 0.5335 0.7088 4.0313 -0.0971 0.0971 0.5096 0 0
58 50 301 0 0 0 0 0 1.0004 0 0.9615 -0.0115 0.2726 0.3272 1.7597 0.6963 0.0058 0.5701 0.7436 4.0608 -0.2161 0.2161 0.5138 0 0
58 51 293 0 0 0 0 0 1.0002 0 0.9361 0.0523 0.2113 0.2946 1.4263 0.7711 0.0429 0.4997 0.6721 4.1428 -0.0726 0.0726 0.4466 0 0
58 52 309 0 0 0 0 0 1.0002 0 0.928 0.2862 0.3326 0.4279 1.9172 0.7238 0.1275 0.5408 0.7039 4.1782 0.0639 0.0639 0.4658 0 0
58 53 288 0 0 0 0 0 1.0005 0 0.9421 -0.28 0.3543 0.4969 2.5382 0.683 -0.1675 0.6151 0.8274 4.1855 0.0647 0.0647 0.4744 0 0
58 54 280 0 0 0 0 0 1.0005 0 0.991 0.0495 0.1205 0.1515 2.1939 0.6622 0.0521 0.5583 0.7126 4.0819 -0.2959 0.2959 0.5109 0 0
58 55 335 0 0 0 0 0 1.0017 0 0.98 -0.1318 0.1588 0.2198 1.4961 0.7537 -0.0589 0.497 0.6718 4.046 -0.0296 0.0296 0.4512 0 0
58 56 306 0 0 0 0 0 1.0006 0 0.9903 0.0812 0.1417 0.1871 2.4527 0.7298 0.1361 0.5309 0.6651 4.0697 -0.0459 0.0459 0.509 0 0
58 57 307 0 0 0 0 0 1.0005 0 0.917 0.348 0.4729 0.7814 2.7144 0.7358 0.1532 0.541 0.7304 4.2319 -0.1408 0.1408 0.5367 0 0
58 58 273 0 0 0 0 0 1.0009 0 0.951 -0.063 0.2817 0.3479 2.3004 0.7069 -0.0875 0.5164 0.6953 4.1377 -0.1207 0.1207 0.5732 0 0
58 59 320 0 0 0 0 0 1.0003 0 0.9566 0.0431 0.2167 0.2786 1.4124 0.7355 0.0083 0.5193 0.7079 4.3093 0.0958 0.0958 0.507 0 0
58 60 329 0 0 0 0 0 1.0002 0 0.9707 0.2006 0.3052 0.3807 1.7983 0.7221 0.1768 0.5729 0.7625 4.1388 0.0694 0.0694 0.4391 0 0
58 61 299 0 0 0 0 0 1.0012 0 0.9804 0.0015 0.1229 0.1797 1.5023 0.758 -0.0623 0.4999 0.6448 4.071 -0.1348 0.1348 0.4713 0 0
58 62 277 0 0 0 0 0 1.0003 0 0.9606 0.1021 0.2173 0.2711 1.5642 0.736 0.1312 0.5121 0.6838 4.167 -0.0811 0.0811 0.4926 0 0
58 63 319 0 0 0 0 0 1.0002 0 0.9644 0.1959 0.3145 0.4084 1.8346 0.7464 0.1006 0.4808 0.6191 4.1853 0.0623 0.0623 0.4642 0 0
58 64 296 0 0 0 0 0 1.0001 0 0.9623 -0.2338 0.2943 0.3365 1.9288 0.7186 -0.1042 0.5312 0.6979 4.1344 -0.0611 0.0611 0.4988 0 0
58 65 324 0 0 0 0 0 1.0006 0 0.9711 0.1585 0.2786 0.3238 1.795 0.7408 0.0871 0.4853 0.6314 4.3229 -0.2353 0.2353 0.5366 0 0
58 66 288 0 0 0 0 0 1.0003 0 0.9458 -0.0725 0.2036 0.3007 1.4301 0.731 -0.0121 0.5362 0.7121 4.1906 -0.0402 0.0402 0.506 0 0
58 67 210 0 0 0 0 0 1.0004 0 0.9375 0.1471 0.2939 0.3637 1.8449 0.7533 0.028 0.5216 0.6692 4.0547 -0.1466 0.1466 0.4765 0 0
58 68 342 0 0 0 0 0 1.0001 0 0.9589 0.1893 0.3526 0.4945 2.5932 0.7722 0.1525 0.5029 0.6559 4.1763 0.0919 0.0919 0.4363 0 0
58 69 348 0 0 0 0 0 1.0001 0 0.9776 -0.2272 0.3001 0.4761 2.5955 0.7324 -0.0196 0.6207 0.7981 4.3441 0.1641 0.1641 0.3971 0 0
58 70 323 0 0 0 0 0 1.0003 0 0.9866 0.1951 0.2551 0.3374 2.2652 0.7704 0.1262 0.5517 0.7093 4.1122 -0.1705 0.1705 0.5149 0 0
58 71 277 0 0 0 0 0 1.0003 0 0.9086 -0.2787 0.3394 0.5871 2.6462 0.7392 -0.0126 0.5506 0.7197 4.1013 -0.1067 0.1067 0.4765 0 0
58 72 329 0 0 0 0 0 1.0003 0 0.7754 -0.4097 0.472 0.6155 2.1311 0.7332 -0.2249 0.6105 0.7636 4.1649 -0.1827 0.1827 0.614 0 0
58 73 332 0 0 0 0 0 1.0004 0 0.9681 0.0789 0.2766 0.3838 2.1157 0.7297 0.1139 0.5213 0.7117 4.2099 0.1254 0.1254 0.438 0 0
58 74 297 0 0 0 0 0 1.0006 0 0.9674 0.0153 0.249 0.2642 1.6802 0.737 0.1441 0.5103 0.69 4.1519 -0.0079 0.0079 0.4708 0 0
58 75 298 0 0 0 0 0 1.0008 0 0.9679 0.0649 0.2469 0.3317 2.2839 0.6915 0.1297 0.5628 0.7366 4.0625 -0.0587 0.0587 0.5303 0 0
58 76 250 0 0 0 0 0 1.0006 0 0.9729 0.1001 0.2484 0.3097 1.3823 0.7503 0.1127 0.5302 0.7096 4.0861 -0.049 0.049 0.4535 0 0
58 77 341 1 0 0 0 0 1.0007 0 0.9774 0.324 0.3275 0.4116 2.0279 0.7951 0.1807 0.5616 0.7199 4.4419 0.2157 0.2157 0.4651 1 0
58 78 309 0 0 0 0 0 1.0001 0 0.9561 0.1204 0.2286 0.3066 1.7571 0.7375 0.1755 0.5377 0.6804 4.0771 -0.0204 0.0204 0.4524 0 0
58 79 309 0 0 0 0 0 1.0005 0 0.9784 -0.0647 0.2161 0.2745 2.003 0.7094 0.0088 0.6157 0.7866 4.3372 0.1553 0.1553 0.4293 0 0
58 80 330 0 0 0 0 0 1.0004 0 0.9696 -0.2021 0.2534 0.34 1.8394 0.7491 -0.162 0.5496 0.6989 4.0282 -0.0852 0.0852 0.4773 0 0
58 81 267 0 0 0 0 0 1.001 0 0.9472 -0.2398 0.347 0.5727 2.8535 0.6965 -0.0236 0.5736 0.7435 4.1416 -0.1616 0.1616 0.5894 0 0
58 82 331 0 0 0 0 0 1.0004 0 0.9743 0.0362 0.2161 0.2641 2.0461 0.7024 0.058 0.5844 0.7203 4.2844 0.1625 0.1625 0.455 0 0
58 83 307 0 0 0 0 0 1.0005 0 0.9573 0.0616 0.2981 0.438 2.6679 0.7455 0.0103 0.5406 0.6966 4.0518 -0.0549 0.0549 0.4696 0 0
58 84 349 0 0 0 0 0 1.001 0 0.9671 -0.0208 0.2248 0.3243 2.0946 0.7548 0.0057 0.4877 0.6498 4.2013 0.0735 0.0735 0.4405 0 0
58 85 321 6 0 0 0 0 1.0005 0 0.9024 0.3026 0.4327 0.5375 2.3601 0.7153 0.029 0.6093 0.8006 4.2801 0.0979 0.0979 0.5395 1 0
58 86 286 0 0 0 0 0 1.0002 0 0.9494 0.2424 0.3586 0.4219 1.9611 0.6906 0.0751 0.5432 0.7143 4.126 -0.0317 0.0317 0.5504 0 0
58 87 249 0 0 0 0 0 1.0007 0 0.9356 0.1112 0.3583 0.6801 2.6739 0.7158 0.0115 0.5509 0.7186 4.0889 -0.1136 0.1136 0.5615 0 0
58 88 257 0 0 0 0 0 1.0007 0 0.9774 0.1586 0.19 0.2763 2.0324 0.7377 0.0792 0.5282 0.6856 4.1091 -0.1024 0.1024 0.4661 0 0
58 89 300 0 0 0 0 0 1.0002 0 0.9555 0.1399 0.4049 0.5456 2.2058 0.786 -0.0138 0.5033 0.6296 4.1485 -0.0471 0.0471 0.5086 0 0
58 90 300 1 0 0 0 0 1.0002 0 0.9633 0.3199 0.3674 0.4061 2.3322 0.6919 0.3563 0.6517 0.8563 4.3361 0.1331 0.1331 0.5176 1 0
58 91 325 0 0 0 0 0 1.0013 0 0.9442 -0.175 0.286 0.3444 1.3882 0.7946 -0.0866 0.5179 0.7121 4.3088 -0.2084 0.2084 0.5966 0 0
58 92 328 0 0 0 0 0 1.0003 0 0.9596 -0.0382 0.2165 0.2524 1.7428 0.7969 -0.0644 0.455 0.6034 4.2071 0.0665 0.0665 0.4449 0 0
58 93 322 0 0 0 0 0 1.0006 0 0.9467 0.332 0.3842 0.4506 1.8057 0.7513 0.1294 0.5626 0.723 4.1831 -0.0873 0.0873 0.4851 0 0
58 94 280 0 0 0 0 0 1.0014 0 0.944 0.0402 0.2338 0.2642 1.5343 0.7728 0.0914 0.52 0.65 4.1234 -0.0913 0.0913 0.5242 0 0
58 95 263 0 0 0 0 0 1.0003 0 0.9277 0.1404 0.2808 0.4159 1.5983 0.7897 0.0522 0.5302 0.6779 4.0837 -0.0444 0.0444 0.4637 0 0
58 96 311 0 0 0 0 0 1.0006 0 0.9524 0.2573 0.3171 0.388 1.6985 0.7377 0.0533 0.5048 0.663 4.2298 0.0773 0.0773 0.4625 0 0
58 97 304 0 0 0 0 0 1.0004 0 0.9662 0.0489 0.2459 0.3662 2.2966 0.7081 0.0051 0.5886 0.7564 4.3298 -0.028 0.028 0.5568 0 0
58 98 318 0 0 0 0 0 1.0007 0 0.9343 -0.2728 0.4473 0.6336 2.0233 0.7463 -0.0816 0.5099 0.6463 4.0648 -0.0165 0.0165 0.472 0 0
58 99 232 0 0 0 0 0 1.0005 0 0.8796 -0.3917 0.4449 0.7381 3.024 0.7032 -0.0064 0.5241 0.6577 4.0681 -0.0677 0.0677 0.5194 0 0
58 100 353 0 0 0 0 0 1.0008 0 0.9814 0.0973 0.2277 0.3339 2.3065 0.7528 0.0235 0.5529 0.7042 4.3124 0.1297 0.1297 0.4249 0 0
58 101 331 0 0 0 0 0 1.0003 0 0.9389 0.0569 0.2324 0.3124 1.6613 0.7285 0.0191 0.4995 0.6745 4.1869 0.0206 0.0206 0.5025 0 0
58 102 311 0 0 0 0 0 1.0004 0 0.9564 0.2279 0.2979 0.3595 1.5201 0.7632 0.1006 0.5436 0.7181 4.1557 0.0143 0.0143 0.4497 0 0
58 103 327 0 0 0 0 0 1.0009 0 0.9354 0.2017 0.2819 0.3673 1.9243 0.7652 0.0542 0.4664 0.6263 4.1195 0.0569 0.0569 0.4403 0 0
58 104 326 0 0 0 0 0 1.0002 0 0.9605 0.0327 0.2016 0.2619 1.7184 0.7291 0.0346 0.5306 0.6825 4.158 0.0593 0.0593 0.4405 0 0
58 105 339 0 0 0 0 0 1.0001 0 0.9719 0.0534 0.1612 0.2124 1.6282 0.7848 0.0042 0.4677 0.6078 4.1271 0.0096 0.0096 0.4488 0 0
58 106 330 0 0 0 0 0 1.0008 0 0.9789 -0.2374 0.3005 0.3759 1.9811 0.777 -0.2786 0.5189 0.6682 4.0877 -0.1182 0.1182 0.486 0 0
58 107 312 0 0 0 0 0 1.0001 0 0.9404 -0.1134 0.2789 0.3419 1.7723 0.7965 -0.0954 0.4634 0.5977 4.1374 -0.0327 0.0327 0.4524 0 0
58 108 333 0 0 0 0 0 1.0001 0 0.977 0.1195 0.1868 0.2495 1.6902 0.8087 0.0595 0.4902 0.6516 4.0727 0.0422 0.0422 0.3904 0 0
58 109 360 0 0 0 0 0 1.0002 0 0.9627 -0.0996 0.2062 0.2573 1.4891 0.762 0.0055 0.5199 0.6746 4.1851 -5e-04 5e-04 0.4878 0 0
58 110 320 0 0 0 0 0 1.0005 0 0.9505 0.0975 0.2652 0.286 1.2885 0.7723 0.077 0.5399 0.7034 4.1014 -0.129 0.129 0.5199 0 0
58 111 303 0 0 0 0 0 1.0003 0 0.9422 -0.0491 0.3292 0.3847 1.791 0.725 -0.0421 0.4989 0.6483 4.0982 -0.0296 0.0296 0.4561 0 0
58 112 255 0 0 0 0 0 1.0004 0 0.9838 0.1795 0.2618 0.3614 2.2383 0.7109 0.0672 0.5662 0.7755 4.0787 -0.2154 0.2154 0.512 0 0
58 113 318 0 0 0 0 0 1.0002 0 0.9663 -0.0049 0.1649 0.2215 1.5616 0.7775 0.0932 0.5114 0.6719 4.1392 -2e-04 2e-04 0.4608 0 0
58 114 339 0 0 0 0 0 1.0002 0 0.9275 -0.083 0.2735 0.4472 2.7559 0.7348 0.0816 0.526 0.7112 4.1768 -0.0916 0.0916 0.4805 0 0
58 115 251 0 0 0 0 0 1.0011 0 0.956 0.021 0.2964 0.3591 2.3802 0.6801 -0.1012 0.5899 0.7779 4.1284 -0.1926 0.1926 0.5627 0 0
58 116 331 0 0 0 0 0 1.0017 0 0.8691 0.509 0.5194 0.6452 1.7804 0.7357 0.2356 0.6003 0.7386 4.1125 2e-04 2e-04 0.5208 0 0
58 117 342 0 0 0 0 0 1.0001 0 0.8746 0.4409 0.4409 0.7246 2.4286 0.7951 0.2328 0.5903 0.7494 4.3757 0.1377 0.1377 0.4409 0 0
58 118 321 0 0 0 0 0 1.0006 0 0.854 -0.0016 0.2002 0.2857 1.2248 0.7331 -0.0408 0.4845 0.6394 4.1631 0.0059 0.0059 0.4674 0 0
58 119 281 0 0 0 0 0 1.0007 0 0.9679 0.0774 0.2874 0.4014 2.2164 0.7131 -0.1031 0.5812 0.8057 4.0146 -0.1262 0.1262 0.4611 0 0
58 120 308 0 0 0 0 0 1.0002 0 0.8499 0.1144 0.3214 0.3706 1.6409 0.7563 -0.0459 0.6099 0.7943 4.151 -0.098 0.098 0.5748 0 0
58 121 340 0 0 0 0 0 1.0001 0 0.9825 0.3 0.3177 0.401 2.3175 0.7363 0.2913 0.6133 0.7971 4.2509 0.1775 0.1775 0.3982 0 0
58 122 286 0 0 0 0 0 1.0002 0 0.9573 -0.0385 0.2936 0.3474 2.0048 0.7062 0.0652 0.539 0.7134 4.0613 -0.1169 0.1169 0.4832 0 0
58 123 323 0 0 0 0 0 1.0005 0 0.9496 -0.1351 0.2987 0.3936 2.2366 0.6771 -0.1842 0.5696 0.7572 4.1702 0.0192 0.0192 0.4687 0 0
58 124 281 0 0 0 0 0 1.0008 0 0.9501 0.1882 0.3258 0.3543 1.5564 0.7584 0.1436 0.5103 0.6826 4.0995 -0.0111 0.0111 0.4972 0 0
58 125 288 0 0 0 0 0 1.0004 0 0.9733 0.0397 0.1931 0.262 1.8207 0.7463 0.0289 0.5349 0.6846 4.2054 -0.1305 0.1305 0.5019 0 0
58 126 308 0 0 0 0 0 1.0001 0 0.9705 -0.0501 0.1782 0.2186 1.7824 0.7143 -0.0161 0.5317 0.7026 4.0635 -0.1112 0.1112 0.479 0 0
58 127 310 0 0 0 0 0 1.001 0 0.9487 0.1267 0.2548 0.3387 2.0161 0.7341 0.1143 0.5146 0.6863 4.1518 -0.0332 0.0332 0.5322 0 0
58 128 312 0 0 0 0 0 1.0001 0 0.9019 0.2167 0.3573 0.4791 2.2221 0.7321 0.0484 0.5608 0.7062 4.2025 -0.134 0.134 0.5615 0 0
58 129 305 0 0 0 0 0 1.0024 0 0.9733 0.0503 0.1693 0.2051 1.5023 0.7064 0.0473 0.5685 0.7679 4.209 -0.1029 0.1029 0.5222 0 0
58 130 316 0 0 0 0 0 1.0001 0 0.9693 -0.081 0.1786 0.2195 1.5106 0.7787 -0.0385 0.5281 0.6485 4.045 -0.0255 0.0255 0.4226 0 0
58 131 305 0 0 0 0 0 1.0002 0 0.967 -0.0112 0.2923 0.3695 1.835 0.7222 -0.0382 0.5971 0.786 4.1544 -0.0078 0.0078 0.4837 0 0
58 132 284 0 0 0 0 0 1.0003 0 0.9712 0.0019 0.2566 0.3249 2.2902 0.7275 0.1015 0.5366 0.7016 4.2273 -0.2359 0.2359 0.599 0 0
58 133 312 0 0 0 0 0 1.0001 0 0.9666 -0.1153 0.3053 0.3592 1.9514 0.73 -0.1133 0.5544 0.717 4.129 0.0558 0.0558 0.4346 0 0
58 134 326 0 0 0 0 0 1.0004 0 0.9594 -0.1833 0.2494 0.2964 1.4754 0.7398 -0.2118 0.5884 0.7318 4.2751 0.1051 0.1051 0.4381 0 0
58 135 296 0 0 0 0 0 1.0012 0 0.9228 0.0529 0.2042 0.2698 1.8835 0.74 0.0093 0.5057 0.6675 4.1215 -0.0418 0.0418 0.5372 0 0
58 136 341 0 0 0 0 0 1.0002 0 0.9826 -0.2375 0.3244 0.3913 1.8392 0.7768 -0.1151 0.5453 0.7021 4.1366 0.0791 0.0791 0.4145 0 0
58 137 292 0 0 0 0 0 1.0002 0 0.9487 -0.0019 0.2674 0.3185 1.5468 0.7719 0.0661 0.5397 0.7298 4.0743 -0.2485 0.2485 0.4545 0 0
58 138 272 0 0 0 0 0 1.0002 0 0.9858 0.0139 0.2098 0.2602 2.0439 0.7003 -0.0955 0.5652 0.7632 4.1435 0.0502 0.0502 0.4572 0 0
58 139 324 0 0 0 0 0 1.0007 0 0.9839 0.009 0.1758 0.2328 1.9465 0.7183 -0.0515 0.5693 0.7329 4.1303 -0.0157 0.0157 0.4874 0 0
58 140 314 0 0 0 0 0 1.0001 0 0.9527 -0.1513 0.2413 0.369 2.1449 0.7486 -0.1333 0.4907 0.6438 4.0646 -0.0444 0.0444 0.5009 0 0
58 141 314 0 0 0 0 0 1.0001 0 0.9558 -0.0422 0.2634 0.3045 2.2427 0.742 -0.0218 0.5378 0.7105 4.1494 -0.085 0.085 0.5281 0 0
58 142 264 0 0 0 0 0 1.0004 0 0.9706 0.0377 0.2848 0.3341 1.6641 0.7955 0.0495 0.4769 0.6529 4.0232 -0.1728 0.1728 0.4158 0 0
58 143 283 0 0 0 0 0 1.0011 0 0.9762 0.0376 0.2479 0.3303 1.9142 0.7224 0.0121 0.5757 0.7244 4.3252 -0.1309 0.1309 0.4994 0 0
58 144 328 0 0 0 0 0 1.0001 0 0.9779 0.0372 0.1567 0.1862 1.4045 0.7128 -0.0078 0.5934 0.7775 4.5571 0.2731 0.2731 0.3754 0 0
58 145 272 0 0 0 0 0 1.0005 0 0.9563 -0.0794 0.2305 0.3043 1.8705 0.6927 -0.0588 0.6398 0.8174 4.0368 -0.0299 0.0299 0.4194 0 0
58 146 319 0 0 0 0 0 1.0005 0 0.94 0.0524 0.2994 0.4109 2.2037 0.6754 0.0803 0.534 0.7137 4.1694 -0.0109 0.0109 0.5148 0 0
58 147 332 0 0 0 0 0 1.0005 0 0.9543 -0.0325 0.1988 0.2509 1.6753 0.7524 0.0497 0.5322 0.6874 4.06 -0.0485 0.0485 0.4843 0 0
58 148 315 0 0 0 0 0 1.0003 0 0.9875 0.1851 0.2128 0.2644 1.9934 0.7195 0.1229 0.5607 0.7272 4.0941 -0.0753 0.0753 0.4987 0 0
58 149 308 0 0 0 0 0 1.0007 0 0.9631 -0.0913 0.2825 0.3294 1.8557 0.7683 -0.1286 0.4883 0.6422 4.0885 -0.1383 0.1383 0.4999 0 0
58 150 285 0 0 0 0 0 1.0012 0 0.9493 -0.0128 0.3101 0.4236 2.4126 0.6708 0.0305 0.5399 0.7154 4.1452 -0.2208 0.2208 0.5587 0 0
58 151 325 0 0 0 0 0 1.0006 0 0.9005 0.0858 0.2778 0.4016 1.5546 0.7764 0.0527 0.5166 0.6466 4.0888 0.0053 0.0053 0.4493 0 0
58 152 338 0 0 0 0 0 1.0001 0 0.947 0.1019 0.276 0.3436 1.5942 0.7573 0.0118 0.4976 0.6234 4.215 0.1006 0.1006 0.4171 0 0
58 153 270 0 0 0 0 0 1.001 0 0.9527 0.0683 0.2145 0.2881 2.1392 0.6933 0.0712 0.5378 0.7211 4.1673 -0.2912 0.2912 0.6606 0 0
58 154 322 0 0 0 0 0 1.0002 0 0.9598 -0.2262 0.2901 0.3169 1.4741 0.7714 -0.133 0.5428 0.7313 4.3261 0.1028 0.1028 0.5083 0 0
58 155 291 0 0 0 0 0 1.0007 0 0.9641 0.0967 0.2184 0.2683 1.6996 0.6873 0.0802 0.5286 0.7026 4.1526 -0.025 0.025 0.4997 0 0
58 156 307 0 0 0 0 0 1.0002 0 0.9581 -0.017 0.2208 0.2528 1.4315 0.7675 -0.0088 0.4884 0.6598 4.018 -0.0038 0.0038 0.4313 0 0
58 157 314 0 0 0 0 0 1.0002 0 0.9674 -0.2153 0.2923 0.3548 1.5612 0.7617 -0.1504 0.5737 0.7361 4.1362 -0.0315 0.0315 0.4508 0 0
58 158 308 0 0 0 0 0 1.0001 0 0.9487 -0.1408 0.3307 0.3744 1.5114 0.6602 -0.0667 0.5567 0.7831 4.221 -0.2019 0.2019 0.5252 0 0
58 159 325 0 0 0 0 0 1.0002 0 0.9091 -0.0391 0.3852 0.5075 2.096 0.7008 0.0165 0.5737 0.7225 4.2538 0.102 0.102 0.4858 0 0
58 160 278 0 0 0 0 0 1.0008 0 0.9629 -0.2033 0.2785 0.3445 2.1117 0.6997 -0.2671 0.5753 0.7416 4.1477 -0.2218 0.2218 0.6289 0 0
58 161 320 0 0 0 0 0 1.0003 0 0.9596 -0.2147 0.2888 0.3624 2.0216 0.6939 -0.1242 0.4952 0.6388 4.0664 -0.0757 0.0757 0.4952 0 0
58 162 327 0 0 0 0 0 1.0001 0 0.9518 0.0803 0.1844 0.2634 1.3128 0.7436 0.0518 0.5536 0.6997 4.0407 0.0694 0.0694 0.3962 0 0
58 163 306 0 0 0 0 0 1.0003 0 0.9747 -0.0206 0.2635 0.3231 2.3337 0.6935 -0.1719 0.6139 0.7478 4.1781 0.0663 0.0663 0.4474 0 0
58 164 334 0 0 0 0 0 1.0003 0 0.9675 -0.1998 0.2325 0.3028 2.1135 0.7906 -0.045 0.5416 0.7107 4.2298 0.1026 0.1026 0.4003 0 0
58 165 304 0 0 0 0 0 1.0001 0 0.9389 -0.2161 0.3106 0.3894 1.9809 0.6691 -0.1683 0.55 0.7124 4.09 -0.0131 0.0131 0.4914 0 0
58 166 327 0 0 0 0 0 1.0002 0 0.8921 -0.0063 0.3123 0.3486 1.2267 0.725 0.0941 0.5104 0.6714 4.0724 -0.0118 0.0118 0.4606 0 0
58 167 319 0 0 0 0 0 1.0003 0 0.9558 -0.0196 0.2534 0.4523 2.8335 0.6443 -0.1539 0.5953 0.7915 4.1696 -0.1579 0.1579 0.5223 0 0
58 168 266 0 0 0 0 0 1.0003 0 0.8932 -0.1304 0.392 0.5588 2.1166 0.722 0.0175 0.5427 0.7016 4.1142 -0.0508 0.0508 0.4983 0 0
58 169 286 0 0 0 0 0 1.0019 0 0.9783 -0.0302 0.1443 0.1665 1.5019 0.7381 -0.0099 0.5068 0.6423 4.0758 -0.1429 0.1429 0.4724 0 0
58 170 333 0 0 0 0 0 1.0007 0 0.947 0.2974 0.3123 0.3858 1.6103 0.7705 0.1855 0.5055 0.6454 4.2094 0.0551 0.0551 0.4626 0 0
58 171 318 0 0 0 0 0 1.0009 0 0.9617 0.217 0.2873 0.3756 1.8869 0.6484 0.157 0.6422 0.8364 4.2439 0.1076 0.1076 0.4865 0 0
58 172 265 0 0 0 0 0 1.0006 0 0.9434 0.1081 0.233 0.2648 1.2717 0.7379 0.1074 0.5494 0.7008 4.0486 -0.0699 0.0699 0.4426 0 0
58 173 296 0 0 0 0 0 1.0002 0 0.9048 0.2432 0.4338 0.5167 1.9521 0.7399 0.0438 0.5562 0.7251 4.3219 0.1415 0.1415 0.4976 0 0
58 174 365 0 0 0 0 0 1.0001 0 0.9506 0.1118 0.2505 0.2859 1.4072 0.7945 0.1137 0.489 0.6425 4.138 0.0199 0.0199 0.442 0 0
58 175 317 0 0 0 0 0 1.0002 0 0.9613 -0.0794 0.1724 0.2395 1.4918 0.746 -0.1102 0.5143 0.6737 4.1627 0.0373 0.0373 0.4773 0 0
58 176 327 0 0 0 0 0 1.0002 0 0.9592 0.2383 0.2864 0.3877 1.977 0.7609 0.0886 0.5565 0.71 4.2054 0.134 0.134 0.4348 0 0
58 177 294 0 0 0 0 0 1.0007 0 0.914 -0.2309 0.4731 0.6339 2.3715 0.7924 0.0413 0.5813 0.7614 4.076 -0.0128 0.0128 0.422 0 0
58 178 313 0 0 0 0 0 1.0002 0 0.8919 0.3787 0.5247 0.8636 3.0362 0.5952 0.0673 0.5734 0.7513 4.1077 -0.0691 0.0691 0.5404 0 0
58 179 351 0 0 0 0 0 1.0002 0 0.8872 0.0253 0.3199 0.3986 1.8588 0.7708 -0.045 0.5368 0.7118 4.1738 -0.0461 0.0461 0.4891 0 0
58 180 335 0 0 0 0 0 1.0008 0 0.9839 0.1479 0.2504 0.325 2.4854 0.7599 -5e-04 0.5353 0.6765 4.3047 0.1848 0.1848 0.4221 0 0
58 181 318 0 0 0 0 0 1.0001 0 0.9719 -0.0689 0.225 0.2741 1.4818 0.6836 -0.0221 0.5904 0.754 4.1561 -0.0584 0.0584 0.4191 0 0
58 182 300 0 0 0 0 0 1.0005 0 0.9827 -0.2352 0.259 0.3086 1.5801 0.7578 -0.0548 0.5516 0.6791 4.1827 -0.1015 0.1015 0.5201 0 0
58 183 340 0 0 0 0 0 1.0001 0 0.9756 0.2601 0.2992 0.4275 2.0623 0.7837 0.0187 0.517 0.6662 4.1027 0.0452 0.0452 0.4402 0 0
58 184 313 0 0 0 0 0 1.0007 0 0.972 -0.1534 0.2601 0.3065 1.6184 0.7736 -0.122 0.5273 0.6757 4.066 -0.0038 0.0038 0.4506 0 0
58 185 336 37 0 0 0 0 1.0002 0 0.9641 -0.1932 0.2524 0.3795 2.5084 0.6456 -0.2205 0.58 0.7773 4.5913 0.163 0.163 0.5857 1 0
58 186 334 0 0 0 0 0 1.0014 0 0.9056 0.0841 0.2818 0.3687 1.6814 0.745 -0.0252 0.525 0.6905 4.2297 0.0794 0.0794 0.4646 0 0
58 187 343 0 0 0 0 0 1.0025 0 0.9758 -0.1233 0.1561 0.2046 1.4406 0.7569 -0.0663 0.5527 0.6864 4.4785 0.205 0.205 0.4541 0 0
58 188 251 0 0 0 0 0 1.0002 0 0.9571 0.1085 0.2388 0.3078 1.7841 0.7451 0.0225 0.5101 0.6616 4.2025 -0.2298 0.2298 0.5135 0 0
58 189 313 0 0 0 0 0 1.0004 0 0.9613 -0.1429 0.2698 0.3681 2.4134 0.6864 -0.115 0.5596 0.7287 4.1226 -0.2406 0.2406 0.5559 0 0
58 190 279 0 0 0 0 0 1.0004 0 0.9594 0.1047 0.294 0.3596 1.8658 0.7148 0.0906 0.5844 0.7422 4.2259 0.1252 0.1252 0.4389 0 0
58 191 320 0 0 0 0 0 1.0005 0 0.95 -0.0593 0.2922 0.3762 1.7241 0.7989 -0.0851 0.4651 0.5883 4.1019 0.0165 0.0165 0.4139 0 0
58 192 295 0 0 0 0 0 1.0003 0 0.9692 -0.3153 0.3639 0.4214 1.8005 0.7826 -0.1763 0.5418 0.6898 4.2337 0.1065 0.1065 0.445 0 0
58 193 323 0 0 0 0 0 1.0002 0 0.9809 0.2636 0.2636 0.3122 1.5483 0.7264 0.279 0.5947 0.7755 4.2677 0.0552 0.0552 0.4449 0 0
58 194 311 0 0 0 0 0 1.0001 0 0.9224 -0.0608 0.3139 0.3597 1.6027 0.66 -0.0753 0.5383 0.7387 4.1043 -0.0056 0.0056 0.4846 0 0
58 195 321 0 0 0 0 0 1.0002 0 0.9816 -0.058 0.2197 0.2757 1.6528 0.7467 0.0254 0.5119 0.6433 4.1443 -0.0131 0.0131 0.474 0 0
58 196 327 0 0 0 0 0 1.0004 0 0.9612 0.1981 0.2662 0.3247 2.3284 0.7395 0.2093 0.5524 0.7095 4.299 0.1023 0.1023 0.5445 0 0
58 197 278 8 0 0 0 0 1.0015 0 0.9251 -0.1795 0.3005 0.4221 2.4597 0.6899 0.0074 0.5953 0.808 4.2111 0.0322 0.0322 0.5782 1 0
58 198 317 0 0 0 0 0 1.0004 0 0.9826 0.0155 0.1559 0.2037 1.7566 0.7678 -0.0777 0.4451 0.5965 4.1161 -0.2078 0.2078 0.4888 0 0
58 199 340 0 0 0 0 0 1.0009 0 0.9808 -0.148 0.2488 0.3027 2.0434 0.7275 -0.0071 0.5546 0.6955 4.1241 0.0616 0.0616 0.4592 0 0
58 200 337 0 0 0 0 0 1.0001 0 0.9879 0.0333 0.1462 0.1688 1.7408 0.7945 -0.0481 0.5372 0.6925 4.26 0.0547 0.0547 0.4733 0 0
58 201 349 0 0 0 0 0 1.0002 0 0.9387 -0.3195 0.3477 0.4603 1.5352 0.7656 -0.113 0.5413 0.6917 4.1045 0.0656 0.0656 0.4655 0 0
58 202 315 0 0 0 0 0 1.0002 0 0.9395 -0.0103 0.212 0.2981 1.7059 0.7439 0.0427 0.5544 0.7068 4.2164 0.1125 0.1125 0.4169 0 0
58 203 340 0 0 0 0 0 1.0002 0 0.9469 -0.1887 0.3306 0.3924 1.9984 0.7307 -0.2146 0.563 0.7409 4.3894 0.2194 0.2194 0.3754 0 0
58 204 319 0 0 0 0 0 1.0016 0 0.9582 0.3621 0.5405 0.6558 2.4226 0.7537 0.1186 0.5799 0.7316 4.0686 -0.0366 0.0366 0.481 0 0
58 205 341 0 0 0 0 0 1.0008 0 0.9198 -0.1165 0.2684 0.4185 2.3706 0.7539 0.0723 0.5144 0.6779 4.2369 0.1212 0.1212 0.4427 0 0
58 206 338 0 0 0 0 0 1.0002 0 0.9579 0.2799 0.286 0.3559 2.1712 0.7594 0.1491 0.5253 0.676 4.0486 -0.1287 0.1287 0.5379 0 0
58 207 302 0 0 0 0 0 1.0004 0 0.9256 -0.2045 0.316 0.4836 1.779 0.746 -0.1345 0.5634 0.7322 4.0969 -0.0123 0.0123 0.4796 0 0
58 208 317 0 0 0 0 0 1.0003 0 0.9297 0.257 0.5313 0.9389 3.0333 0.7076 0.0725 0.5503 0.7315 4.187 0.0492 0.0492 0.5529 0 0
58 209 282 0 0 0 0 0 1.0001 0 0.9892 -0.1859 0.1896 0.2487 1.852 0.6796 -0.0378 0.6072 0.7812 4.1987 -0.2402 0.2402 0.5632 0 0
58 210 338 0 0 0 0 0 1.0003 0 0.9382 0.2281 0.2612 0.3619 2.0317 0.7469 0.1112 0.5533 0.6937 4.2316 0.0759 0.0759 0.5039 0 0
58 211 299 0 0 0 0 0 1.0003 0 0.9491 0.1134 0.2219 0.2951 1.5235 0.7715 -0.0053 0.5608 0.7345 4.1151 -0.0092 0.0092 0.4877 0 0
58 212 271 0 0 0 0 0 1.0002 0 0.9427 -0.1062 0.2868 0.5035 2.5231 0.7255 -0.1158 0.5176 0.6605 4.0787 -0.1026 0.1026 0.5035 0 0
58 213 318 0 0 0 0 0 1.0003 0 0.9394 0.054 0.3199 0.3792 1.833 0.7437 0.0637 0.5211 0.6957 4.1827 0.0549 0.0549 0.4319 0 0
58 214 334 0 0 0 0 0 1.0001 0 0.9688 -0.097 0.2416 0.2954 2.075 0.7178 -0.1237 0.5901 0.7377 4.2537 -0.0841 0.0841 0.5309 0 0
58 215 280 0 0 0 0 0 1.0003 0 0.9629 0.1928 0.3509 0.4478 1.8763 0.7531 0.0409 0.5476 0.7178 4.0732 -0.0538 0.0538 0.4693 0 0
58 216 323 0 0 0 0 0 1.0007 0 0.9809 0.1964 0.2237 0.2633 2.0193 0.7188 0.0667 0.5329 0.6685 4.1542 -0.0469 0.0469 0.5288 0 0
58 217 237 0 0 0 0 0 1.0013 0 0.977 -0.1735 0.2561 0.3333 1.4761 0.7469 0.0433 0.5287 0.6995 4.0907 -0.0947 0.0947 0.4645 0 0
58 218 278 0 0 0 0 0 1.0004 0 0.9559 -0.1083 0.2895 0.3508 1.6866 0.7396 -0.0901 0.5017 0.6914 4.0819 -0.0763 0.0763 0.5152 0 0
58 219 271 0 0 0 0 0 1.0005 0 0.9593 0.098 0.1993 0.2988 2.1117 0.7114 -0.0545 0.502 0.6602 4.0806 -0.2107 0.2107 0.5309 0 0
58 220 321 0 0 0 0 0 1.0003 0 0.9445 0.0174 0.2118 0.284 1.2937 0.7571 0.0998 0.5559 0.737 4.1937 -0.0674 0.0674 0.4849 0 0
58 221 336 0 0 0 0 0 1.0001 0 0.9615 -0.1047 0.2409 0.2824 1.6549 0.7934 -0.0473 0.4921 0.6672 4.1654 0.1217 0.1217 0.3737 0 0
58 222 327 1 0 0 0 0 1.0004 0 0.9761 0.1562 0.349 0.4194 2.2835 0.7694 0.1335 0.539 0.6681 4.1871 0.0465 0.0465 0.5004 1 0
58 223 312 0 0 0 0 0 1.0005 0 0.9382 -0.1011 0.2762 0.3143 1.9503 0.7461 -0.0762 0.5514 0.7103 4.1607 -6e-04 6e-04 0.5219 0 0
58 224 332 0 0 0 0 0 1.001 0 0.968 -0.3143 0.3559 0.4884 2.2609 0.7525 -0.2028 0.5512 0.7169 4.2664 0.0885 0.0885 0.4245 0 0
58 225 274 0 0 0 0 0 1.0004 0 0.9309 0.2195 0.2963 0.3946 2.2267 0.7656 0.141 0.5151 0.662 4.0381 -0.1319 0.1319 0.4697 0 0
58 226 302 0 0 0 0 0 1.0002 0 0.9449 0.07 0.3214 0.3954 1.7767 0.743 0.1631 0.5509 0.69 4.1222 0.0631 0.0631 0.4237 0 0
58 227 302 0 0 0 0 0 1.0004 0 0.9782 -0.1726 0.2226 0.295 1.804 0.6566 -0.1662 0.5548 0.7425 4.1383 -0.1962 0.1962 0.5497 0 0
58 228 326 0 0 0 0 0 1.0003 0 0.9638 -0.2248 0.2712 0.334 1.5347 0.7407 -0.1412 0.5142 0.6787 4.0329 -0.0646 0.0646 0.4399 0 0
58 229 307 0 0 0 0 0 1.0001 0 0.9413 0.4244 0.6622 0.9319 2.6524 0.6675 0.1789 0.6162 0.7531 4.1178 -0.0433 0.0433 0.519 0 0
58 230 342 0 0 0 0 0 1.0006 0 0.9727 -0.217 0.2395 0.2976 1.516 0.7304 -0.1662 0.5246 0.687 4.1251 -0.0201 0.0201 0.4769 0 0
58 231 243 0 0 0 0 0 1.0005 0 0.9731 0.2784 0.3822 0.508 2.6385 0.6543 -0.0778 0.6243 0.8452 4.0786 -0.2456 0.2456 0.5327 0 0
58 232 220 0 0 0 0 0 1.0002 0 0.9264 -0.1443 0.3462 0.4035 2.3443 0.6884 -0.0187 0.5441 0.7035 4.1623 -0.1242 0.1242 0.6018 0 0
58 233 314 0 0 0 0 0 1.0002 0 0.9883 0.0877 0.3169 0.3723 2.3202 0.7382 0.0515 0.5521 0.702 4.1134 0.0288 0.0288 0.4935 0 0
58 234 334 0 0 0 0 0 1.0007 0 0.9331 -0.0923 0.3234 0.3858 1.6371 0.8031 -0.0528 0.4911 0.6215 4.1233 0.0137 0.0137 0.4701 0 0
58 235 335 0 0 0 0 0 1.0002 0 0.9399 0.2111 0.2535 0.4515 2.025 0.7335 0.1405 0.5585 0.7078 4.2343 0.1165 0.1165 0.456 0 0
58 236 339 0 0 0 0 0 1.0004 0 0.9649 0.1195 0.2044 0.2678 1.691 0.8094 -0.0356 0.4798 0.6133 4.1276 -0.0574 0.0574 0.4502 0 0
58 237 321 0 0 0 0 0 1.0006 0 0.9337 0.0386 0.225 0.3175 1.5613 0.8087 0.036 0.4625 0.6011 4.1698 0.1174 0.1174 0.4088 0 0
58 238 277 0 0 0 0 0 1.0006 0 0.9173 0.1578 0.3443 0.4753 2.7101 0.711 0.0548 0.5515 0.7301 4.214 0.0679 0.0679 0.48 0 0
58 239 303 0 0 0 0 0 1.0004 0 0.9901 0.006 0.1365 0.17 2.2076 0.805 0.0294 0.4657 0.6 4.1765 -0.0412 0.0412 0.4443 0 0
58 240 330 0 0 0 0 0 1.0005 0 0.8921 -0.0522 0.2526 0.2932 1.8314 0.7674 -0.0824 0.565 0.7217 4.0976 -0.0391 0.0391 0.5068 0 0
58 241 320 0 0 0 0 0 1.0006 0 0.944 -0.0875 0.3251 0.4083 1.9787 0.7421 -0.0515 0.5417 0.7135 4.2931 0.0712 0.0712 0.4645 0 0
58 242 339 0 0 0 0 0 1.0003 0 0.9843 -0.0019 0.1258 0.1622 1.4447 0.7625 -0.0306 0.5391 0.7118 4.098 0.0261 0.0261 0.5042 0 0
58 243 308 0 0 0 0 0 1.0006 0 0.908 0.0374 0.377 0.4246 1.8149 0.7854 0.0206 0.5261 0.6746 4.1629 0.0528 0.0528 0.4058 0 0
58 244 315 0 0 0 0 0 1.0003 0 0.926 -0.1194 0.2926 0.3463 1.9435 0.7135 -0.1118 0.5312 0.6996 4.1617 0.0777 0.0777 0.4682 0 0
58 245 248 0 0 0 0 0 1.0002 0 0.9664 0.1282 0.229 0.2711 1.6696 0.7359 0.1162 0.5298 0.6587 4.0336 -0.1619 0.1619 0.4839 0 0
58 246 329 0 0 0 0 0 1.0003 0 0.8822 -0.0517 0.2591 0.415 1.6174 0.7588 -0.0672 0.5335 0.6883 4.0718 -0.0811 0.0811 0.4778 0 0
58 247 320 2 0 0 0 0 1.0004 0 0.8993 0.2643 0.382 0.4773 2.47 0.6663 0.0903 0.615 0.7821 4.1403 -0.0029 0.0029 0.5816 1 0
58 248 337 0 0 0 0 0 1.0002 0 0.9377 0.3261 0.4087 0.456 1.4974 0.7835 0.1636 0.5052 0.6592 4.3112 0.0741 0.0741 0.4952 0 0
58 249 306 0 0 0 0 0 1.0005 0 0.9702 0.0198 0.1934 0.3109 1.8588 0.7145 0.0092 0.578 0.7598 4.1917 0.071 0.071 0.4604 0 0
58 250 276 0 0 0 0 0 1.0012 0 0.9642 -0.1392 0.1873 0.2652 1.7893 0.7126 -0.0847 0.5585 0.7336 4.1729 -0.1474 0.1474 0.5619 0 0
58 251 300 0 0 0 0 0 1.0009 0 0.9311 0.0844 0.3482 0.3994 1.7181 0.7033 0.027 0.5388 0.6807 4.1192 -0.0696 0.0696 0.5358 0 0
58 252 314 0 0 0 0 0 1.0003 0 0.9308 -0.0332 0.2663 0.3121 1.4484 0.7561 -0.0112 0.5385 0.6802 4.1592 0.1042 0.1042 0.3878 0 0
58 253 319 0 0 0 0 0 1.0009 0 0.9523 -0.1068 0.2358 0.298 1.5014 0.7578 -0.0737 0.5321 0.7308 4.2274 0.0751 0.0751 0.4247 0 0
58 254 318 0 0 0 0 0 1.0007 0 0.8739 -0.0156 0.3169 0.3912 1.594 0.781 -0.047 0.5478 0.7053 4.0759 -0.0933 0.0933 0.4883 0 0
58 255 335 0 0 0 0 0 1.0014 0 0.9526 0.0567 0.2054 0.3187 2.0709 0.7462 0.0221 0.5262 0.6756 4.1961 0.103 0.103 0.4599 0 0
58 256 314 0 0 0 0 0 1.0003 0 0.9229 -0.0587 0.2812 0.3392 1.6043 0.7617 0.0103 0.4799 0.6392 4.2546 0.0438 0.0438 0.5221 0 0
58 257 297 0 0 0 0 0 1.0003 0 0.8306 -0.0974 0.2985 0.3572 1.69 0.7039 -0.0594 0.5366 0.7068 4.2841 -0.1593 0.1593 0.5899 0 0
58 258 330 0 0 0 0 0 1.0004 0 0.9746 -0.0483 0.2003 0.2599 1.8656 0.741 -0.082 0.5596 0.7272 4.1464 0.0741 0.0741 0.4172 0 0
58 259 300 0 0 0 0 0 1.0004 0 0.8475 0.2268 0.3856 0.5727 2.4763 0.7447 0.1093 0.4969 0.6464 4.057 -0.0177 0.0177 0.459 0 0
58 260 326 0 0 0 0 0 1.0011 0 0.8572 0.1375 0.3141 0.4382 1.402 0.7377 0.0729 0.5371 0.7018 4.0441 -0.0359 0.0359 0.4552 0 0
58 261 311 0 0 0 0 0 1.0001 0 0.9468 0.2704 0.2962 0.409 1.5426 0.7584 0.2128 0.5639 0.7209 4.1276 -0.0229 0.0229 0.4979 0 0
58 262 292 0 0 0 0 0 1.0002 0 0.9847 0.202 0.2243 0.2881 1.4061 0.6928 0.0995 0.5529 0.7245 4.0362 -0.0975 0.0975 0.4843 0 0
58 263 286 0 0 0 0 0 1.0002 0 0.7301 0.6441 0.7202 1.1587 2.943 0.7029 0.0991 0.5513 0.6976 4.1831 0.0023 0.0023 0.5751 0 0
58 264 332 0 0 0 0 0 1.0005 0 0.9724 -0.0259 0.2195 0.2525 1.6625 0.7434 0.0295 0.4919 0.6615 4.2307 0.0764 0.0764 0.4529 0 0
58 265 320 0 0 0 0 0 1.0004 0 0.9363 -0.1211 0.3753 0.5132 2.0234 0.7613 -0.2312 0.5816 0.7365 4.4325 0.2228 0.2228 0.4488 0 0
58 266 317 0 0 0 0 0 1.0002 0 0.9645 -0.0614 0.2201 0.2844 1.5283 0.6959 -0.0876 0.5721 0.7465 4.2587 0.1053 0.1053 0.3919 0 0
58 267 327 0 0 0 0 0 1.0002 0 0.9658 0.0933 0.2049 0.2604 1.4863 0.7393 0.0429 0.5267 0.6737 4.139 0.0321 0.0321 0.4852 0 0
58 268 283 0 0 0 0 0 1.0004 0 0.9866 -0.0273 0.1294 0.1763 1.7102 0.7604 1e-04 0.4611 0.6244 4.0707 -0.0167 0.0167 0.4601 0 0
58 269 322 0 0 0 0 0 1.0003 0 0.9375 -0.0736 0.2495 0.2939 1.3291 0.767 0.0186 0.4755 0.6338 4.1199 0.0442 0.0442 0.4694 0 0
58 270 326 0 0 0 0 0 1.0003 0 0.8411 0.4073 0.4073 0.5635 2.2973 0.7284 0.2214 0.5964 0.7591 4.1929 0.0435 0.0435 0.5364 0 0
58 271 229 0 0 0 0 0 1.0013 0 0.9575 0.1201 0.2532 0.318 1.6529 0.6668 0.092 0.5952 0.7618 4.2202 -0.2257 0.2257 0.515 0 0
58 272 321 0 0 0 0 0 1.0003 0 0.9699 -0.1353 0.1796 0.2647 1.6995 0.7464 -0.0614 0.5547 0.7468 4.0552 -0.0312 0.0312 0.4739 0 0
58 273 323 0 0 0 0 0 1.0001 0 0.9516 0.1005 0.313 0.3848 2.4842 0.6929 -0.0024 0.5593 0.7693 4.1873 -0.0026 0.0026 0.5179 0 0
58 274 320 0 0 0 0 0 1.0003 0 0.9616 -0.0856 0.1907 0.2399 1.2783 0.7343 0.0168 0.4891 0.6567 4.3407 -0.3003 0.3003 0.5311 0 0
58 275 349 0 0 0 0 0 1.0001 0 0.9629 -0.1748 0.2899 0.3599 1.8611 0.7779 -0.0816 0.499 0.647 4.2013 0.0083 0.0083 0.5038 0 0
58 276 331 0 0 0 0 0 1.001 0 0.9742 -0.2304 0.3097 0.4237 2.3065 0.7607 -0.0802 0.5681 0.7533 4.0856 0.0474 0.0474 0.4762 0 0
58 277 274 0 0 0 0 0 1.0002 0 0.9801 0.0648 0.2472 0.3332 2.3486 0.7282 -0.0585 0.531 0.7073 4.2579 -0.1917 0.1917 0.5734 0 0
58 278 298 0 0 0 0 0 1.0013 0 0.9215 0.0096 0.1889 0.2635 1.4223 0.7313 0.006 0.4927 0.6589 4.1158 -0.1896 0.1896 0.5129 0 0
58 279 332 0 0 0 0 0 1.0006 0 0.9331 -0.1872 0.3496 0.3924 2.4953 0.7479 -0.1458 0.5437 0.7073 4.3355 0.1656 0.1656 0.4761 0 0
58 280 327 0 0 0 0 0 1.0007 0 0.9601 0.2032 0.2397 0.3208 1.7814 0.7439 0.1596 0.5355 0.6927 4.2177 0.0749 0.0749 0.472 0 0
58 281 317 0 0 0 0 0 1.0001 0 0.8565 0.1266 0.3563 0.4712 2.2218 0.7284 0.0501 0.531 0.693 4.139 0.02 0.02 0.4946 0 0
58 282 310 0 0 0 0 0 1.0003 0 0.9492 0.0125 0.2303 0.4112 2.0784 0.7877 -0.0313 0.5107 0.6605 4.4582 0.1658 0.1658 0.5043 0 0
58 283 293 0 0 0 0 0 1.0004 0 0.9131 0.1019 0.2899 0.354 1.4098 0.7499 0.1022 0.5407 0.677 4.2096 -0.081 0.081 0.5184 0 0
58 284 331 0 0 0 0 0 1.0003 0 0.9713 0.0361 0.1902 0.2298 1.5399 0.7234 0.0114 0.54 0.6929 4.0086 -0.1033 0.1033 0.4411 0 0
58 285 324 0 0 0 0 0 1.0008 0 0.9646 0.1761 0.2448 0.3457 1.7265 0.7188 0.1002 0.6204 0.7969 4.1551 0.0361 0.0361 0.4762 0 0
58 286 323 0 0 0 0 0 1.001 0 0.9899 -0.0693 0.1368 0.1824 1.4961 0.775 -0.0275 0.5228 0.6702 4.1844 0.0559 0.0559 0.4632 0 0
58 287 295 0 0 0 0 0 1.0007 0 0.9202 -0.0954 0.3153 0.3995 1.8528 0.7234 -0.0336 0.5254 0.707 4.0809 -0.1044 0.1044 0.4867 0 0
58 288 283 0 0 0 0 0 1.0006 0 0.985 0.1042 0.1752 0.2088 1.8274 0.7439 0.0755 0.5096 0.6847 4.0866 -0.0392 0.0392 0.4675 0 0
58 289 347 0 0 0 0 0 1.0005 0 0.9944 0.0117 0.1485 0.1771 1.5367 0.7796 0.0492 0.5017 0.6567 4.171 0.1864 0.1864 0.3781 0 0
58 290 255 0 0 0 0 0 1.0008 0 0.9377 0.0749 0.3523 0.5555 2.3926 0.7241 -0.091 0.5924 0.7469 4.0961 -0.1865 0.1865 0.5029 0 0
58 291 344 0 0 0 0 0 1.0006 0 0.9831 -0.15 0.2323 0.2779 2.4171 0.6982 -0.0846 0.5414 0.7059 4.1913 0.0267 0.0267 0.4797 0 0
58 292 338 0 0 0 0 0 1.0002 0 0.9852 0.0069 0.1566 0.2164 1.3859 0.7425 -0.0433 0.4766 0.6118 4.1212 -0.0517 0.0517 0.5445 0 0
58 293 290 0 0 0 0 0 1.0005 0 0.9773 -0.0391 0.2467 0.29 1.4791 0.7554 -0.0088 0.5133 0.6776 4.0926 -0.0433 0.0433 0.4824 0 0
58 294 234 0 0 0 0 0 1.0004 0 0.9926 -0.0923 0.1564 0.2149 2.1021 0.7226 -0.0207 0.5339 0.7167 4.159 -0.0434 0.0434 0.5007 0 0
58 295 304 0 0 0 0 0 1.0011 0 0.9603 -0.1416 0.2338 0.2913 1.3785 0.7424 -0.0595 0.5061 0.635 4.0928 -0.0184 0.0184 0.4584 0 0
58 296 296 0 0 0 0 0 1.0002 0 0.9549 0.3022 0.358 0.5245 2.8 0.7128 0.1156 0.5501 0.685 4.056 -0.0687 0.0687 0.4621 0 0
58 297 325 0 0 0 0 0 1.0004 0 0.9725 0.0686 0.1905 0.2347 1.4285 0.7454 0.0484 0.5251 0.7035 4.1284 -0.102 0.102 0.4602 0 0
58 298 303 0 0 0 0 0 1.0003 0 0.9528 -0.0362 0.2548 0.3172 1.8313 0.7349 0.0016 0.5343 0.7009 4.117 -0.0669 0.0669 0.5021 0 0
58 299 309 0 0 0 0 0 1.0001 0 0.9098 -0.0597 0.4702 0.6133 2.8281 0.6924 0.0096 0.4962 0.6626 4.1738 0.0368 0.0368 0.4831 0 0
58 300 321 0 0 0 0 0 1.0002 0 0.927 -0.0793 0.322 0.4131 2.0486 0.7452 -0.065 0.5775 0.7375 4.0002 0.0118 0.0118 0.4268 0 0
58 301 267 0 0 0 0 0 1.0005 0 0.9747 -0.0218 0.188 0.2515 1.8615 0.6947 -0.1013 0.6031 0.8137 4.1282 0.044 0.044 0.4088 0 0
58 302 305 1 0 0 0 0 1.0004 0 0.8814 0.2032 0.3795 0.4527 2.0942 0.7165 0.0503 0.6367 0.8244 4.1826 0.0757 0.0757 0.5233 1 0
58 303 319 0 0 0 0 0 1.0002 0 0.9179 -0.0533 0.2513 0.3217 1.282 0.7424 -0.0311 0.5127 0.6732 4.1591 -0.0164 0.0164 0.479 0 0
58 304 339 0 0 0 0 0 1.0009 0 0.9624 -0.0088 0.2175 0.2786 1.4334 0.7505 0.0249 0.5519 0.7255 4.3325 0.1553 0.1553 0.4394 0 0
58 305 315 0 0 0 0 0 1.0005 0 0.8963 0.1226 0.3257 0.3845 1.5665 0.7562 0.1971 0.5648 0.7417 4.2115 -0.052 0.052 0.511 0 0
58 306 324 0 0 0 0 0 1.0001 0 0.9876 0.1857 0.2552 0.29 1.9698 0.7501 0.1091 0.593 0.7638 4.1692 0.0648 0.0648 0.4393 0 0
58 307 299 0 0 0 0 0 1.0013 0 0.9794 -0.2007 0.2582 0.3351 2.4084 0.7233 -0.1078 0.5686 0.7469 4.1042 -0.009 0.009 0.5583 0 0
58 308 283 0 0 0 0 0 1.0004 0 0.9701 -0.1828 0.3536 0.5254 2.3357 0.6329 -0.034 0.5899 0.7423 4.2062 -0.0199 0.0199 0.5673 0 0
58 309 349 0 0 0 0 0 1.0002 0 0.965 0.0434 0.1691 0.2061 1.3016 0.8056 -0.0031 0.454 0.6018 4.2199 0.1054 0.1054 0.4308 0 0
58 310 287 0 0 0 0 0 1.0002 0 0.9446 0.1001 0.2211 0.2659 1.3918 0.7959 0.0722 0.4841 0.6359 4.0435 -0.0836 0.0836 0.4456 0 0
58 311 314 0 0 0 0 0 1.0008 0 0.9592 0.175 0.2486 0.3023 1.4042 0.7095 0.1188 0.5144 0.6904 4.1599 -0.0838 0.0838 0.5602 0 0
58 312 276 0 0 0 0 0 1.0003 0 0.9522 -0.2297 0.3996 0.5607 2.6653 0.6312 -0.0666 0.6163 0.8082 4.1156 -0.0174 0.0174 0.5659 0 0
58 313 334 0 0 0 0 0 1.0004 0 0.9712 0.1476 0.2177 0.2842 1.645 0.7956 0.068 0.5075 0.6612 4.2183 0.0591 0.0591 0.455 0 0
58 314 302 0 0 0 0 0 1.0007 0 0.9762 0.0596 0.1612 0.2099 1.4251 0.7631 -0.026 0.49 0.6196 4.2045 0.0656 0.0656 0.468 0 0
58 315 310 0 0 0 0 0 1.0009 0 0.9313 -0.2575 0.4384 0.6147 2.2868 0.7012 -0.1518 0.5708 0.7299 4.0882 -0.089 0.089 0.4985 0 0
58 316 332 0 0 0 0 0 1.0003 0 0.9803 0.1719 0.2352 0.2864 1.9288 0.7536 0.0581 0.519 0.6746 4.1016 -0.0337 0.0337 0.4381 0 0
58 317 334 0 0 0 0 0 1.0005 0 0.9125 0.5969 0.6536 1.0644 3.018 0.7098 0.246 0.62 0.7736 4.176 0.0744 0.0744 0.4837 0 0
58 318 319 0 0 0 0 0 1.0006 0 0.9315 -0.1458 0.3138 0.4004 2.2282 0.7074 -0.2506 0.5484 0.7026 4.1296 -0.0307 0.0307 0.4539 0 0
58 319 231 0 0 0 0 0 1.0009 0 0.9607 -0.1218 0.2444 0.3128 1.5617 0.7318 -0.0975 0.4642 0.6129 4.0578 -0.1222 0.1222 0.477 0 0
58 320 312 0 0 0 0 0 1.0001 0 0.9301 0.1845 0.3156 0.3746 1.3771 0.7272 0.2065 0.5727 0.7491 4.0802 -0.0754 0.0754 0.5102 0 0
58 321 321 0 0 0 0 0 1.0001 0 0.9548 -0.008 0.2807 0.3648 2.5421 0.7077 -0.0682 0.5347 0.7086 4.1405 0.0575 0.0575 0.4737 0 0
58 322 239 0 0 0 0 0 1.0004 0 0.9929 -0.1028 0.2012 0.2353 2.5181 0.7393 -0.1637 0.5229 0.6794 4.1549 -0.0842 0.0842 0.5239 0 0
58 323 294 0 0 0 0 0 1.0003 0 0.9317 -0.0407 0.2653 0.3172 1.3615 0.7227 0.0112 0.5701 0.7196 4.216 0.1157 0.1157 0.4154 0 0
58 324 272 0 0 0 0 0 1.0007 0 0.9724 0.2287 0.2974 0.3475 1.299 0.7684 0.0901 0.5613 0.7338 4.1537 0.0218 0.0218 0.4706 0 0
58 325 328 0 0 0 0 0 1.0006 0 0.9871 0.1774 0.2298 0.262 1.6466 0.7294 0.0126 0.5503 0.7447 4.1389 -0.0137 0.0137 0.4645 0 0
58 326 328 0 0 0 0 0 1.0002 0 0.9617 0.0647 0.2331 0.2852 1.7759 0.7919 0.0316 0.5004 0.66 4.1453 -0.1373 0.1373 0.4404 0 0
58 327 278 0 0 0 0 0 1.0005 0 0.9585 0.072 0.2099 0.2528 1.4342 0.7213 -0.015 0.5053 0.6628 4.3009 -0.1026 0.1026 0.5601 0 0
58 328 337 0 0 0 0 0 1.0007 0 0.951 0.1634 0.2497 0.3364 1.9996 0.7587 0.1059 0.5541 0.7066 4.1472 -0.004 0.004 0.4861 0 0
58 329 279 0 0 0 0 0 1.0012 0 0.9438 -0.1304 0.275 0.4305 2.5502 0.6238 0.1458 0.5925 0.798 4.2964 -0.3891 0.3891 0.5856 0 0
58 330 301 0 0 0 0 0 1.0001 0 0.9297 0.0217 0.2506 0.3456 1.7393 0.6939 0.0669 0.5876 0.7913 4.1179 9e-04 9e-04 0.483 0 0
58 331 308 0 0 0 0 0 1.0004 0 0.9677 0.1307 0.3314 0.3847 1.9145 0.7102 0.0896 0.5521 0.7289 4.0695 -0.0741 0.0741 0.5087 0 0
58 332 317 0 0 0 0 0 1.0007 0 0.9842 0.0543 0.2762 0.3354 1.8147 0.7583 0.1042 0.5522 0.7286 4.2436 -0.0452 0.0452 0.5011 0 0
58 333 311 0 0 0 0 0 1.0006 0 0.9531 0.1728 0.3518 0.4863 2.4006 0.6727 0.0383 0.6006 0.7483 4.087 -0.0506 0.0506 0.5313 0 0
58 334 296 0 0 0 0 0 1.0002 0 0.939 0.0265 0.2746 0.366 1.9661 0.6357 0.0641 0.5711 0.7156 4.1916 -0.1628 0.1628 0.5356 0 0
58 335 285 0 0 0 0 0 1.0002 0 0.9574 -0.2477 0.2839 0.3392 1.5503 0.752 -0.2231 0.4953 0.653 4.0554 -0.1044 0.1044 0.4565 0 0
58 336 274 0 0 0 0 0 1.0004 0 0.9354 0.0216 0.3133 0.4241 2.1216 0.7813 0.0285 0.5068 0.6768 4.0893 -0.1211 0.1211 0.514 0 0
58 337 327 0 0 0 0 0 1.0002 0 0.9926 -0.1064 0.1587 0.1933 1.7985 0.7324 -0.021 0.5868 0.7672 4.3156 0.1786 0.1786 0.4113 0 0
58 338 312 0 0 0 0 0 1.0008 0 0.8474 -0.084 0.3417 0.4042 1.8442 0.7132 -0.0211 0.576 0.7464 4.2812 0.0879 0.0879 0.459 0 0
58 339 334 0 0 0 0 0 1.0001 0 0.8821 0.1343 0.3448 0.4562 1.4398 0.8023 0.1258 0.5173 0.6787 4.111 -0.0443 0.0443 0.4307 0 0
58 340 336 6 0 0 0 0 1.0004 0 0.8083 -0.2235 0.4386 0.6176 2.2883 0.7103 -0.1879 0.5516 0.7384 4.6394 0.2674 0.2674 0.4343 1 0
58 341 338 0 0 0 0 0 1.0001 0 0.9756 0.0133 0.2663 0.3166 2.295 0.7258 -0.0487 0.5093 0.6718 4.0484 -0.0648 0.0648 0.4679 0 0
58 342 316 0 0 0 0 0 1.0002 0 0.9358 0.1019 0.2393 0.286 1.2454 0.7601 0.0516 0.5171 0.6643 4.0657 -0.0873 0.0873 0.4415 0 0
58 343 312 0 0 0 0 0 1.0001 0 0.9301 -0.3381 0.3625 0.6378 2.6589 0.7136 -0.0427 0.5451 0.6719 4.0848 -0.0033 0.0033 0.4989 0 0
58 344 329 2 0 0 0 0 1.001 0 0.8866 -0.3431 0.3966 0.5655 2.3063 0.7351 -0.1261 0.5952 0.7579 4.2613 0.0559 0.0559 0.5742 1 0
58 345 313 0 0 0 0 0 1.0003 0 0.9591 0.0237 0.2317 0.2967 1.9039 0.7964 -0.0082 0.475 0.5937 4.0869 0.0567 0.0567 0.4003 0 0
58 346 263 0 0 0 0 0 1.0002 0 0.9733 -0.0454 0.2037 0.266 1.533 0.7404 0.112 0.6246 0.7827 4.0781 -0.1865 0.1865 0.49 0 0
58 347 303 0 0 0 0 0 1.0003 0 0.8989 -0.0475 0.3244 0.3806 1.3596 0.7264 -0.0234 0.544 0.7221 4.0831 -0.0053 0.0053 0.4439 0 0
58 348 309 0 0 0 0 0 1.0001 0 0.9824 0.0701 0.1935 0.2207 1.4746 0.7645 -0.0319 0.4817 0.6558 4.1051 -0.0367 0.0367 0.4945 0 0
58 349 314 0 0 0 0 0 1.0003 0 0.9606 0.1605 0.1768 0.2621 1.2721 0.7636 0.1007 0.5506 0.7336 4.0552 -0.0444 0.0444 0.4463 0 0
58 350 332 0 0 0 0 0 1.0006 0 0.9277 0.0191 0.287 0.3262 1.4847 0.7829 -0.0206 0.481 0.6354 4.1454 0.0384 0.0384 0.4349 0 0
58 351 285 0 0 0 0 0 1.0002 0 0.9486 0.0545 0.2661 0.2915 1.341 0.7362 0.0486 0.5237 0.6939 4.1572 0.0102 0.0102 0.4469 0 0
58 352 248 0 0 0 0 0 1.0002 0 0.9112 0.4336 0.4759 0.8129 2.7111 0.7312 0.0598 0.5148 0.6759 4.0909 -0.052 0.052 0.485 0 0
58 353 340 0 0 0 0 0 1.0005 0 0.8913 0.1841 0.349 0.4033 1.2662 0.7918 0.0845 0.5697 0.7381 4.3993 0.1605 0.1605 0.3961 0 0
58 354 319 0 0 0 0 0 1.0004 0 0.9616 -0.1118 0.3298 0.435 2.342 0.7822 -0.1715 0.4805 0.6453 4.2064 -0.0144 0.0144 0.5147 0 0
58 355 329 0 0 0 0 0 1.001 0 0.9924 -0.1116 0.1556 0.2267 2.4029 0.7465 -0.1443 0.5801 0.7343 4.0855 -0.0451 0.0451 0.477 0 0
58 356 329 0 0 0 0 0 1.0007 0 0.9618 0.0449 0.1981 0.25 1.499 0.7662 -0.0371 0.4979 0.672 4.2206 0.1439 0.1439 0.4325 0 0
58 357 308 0 0 0 0 0 1.0003 0 0.9276 0.0811 0.3872 0.4977 2.077 0.7199 -0.0744 0.5427 0.7159 4.1602 -0.1487 0.1487 0.5663 0 0
58 358 311 0 0 0 0 0 1.0001 0 0.9173 -0.1847 0.3898 0.4425 1.9205 0.7634 -0.0039 0.4862 0.649 4.151 -0.1106 0.1106 0.5635 0 0
58 359 307 0 0 0 0 0 1.0007 0 0.9213 -0.0708 0.3843 0.4471 1.687 0.727 -0.0467 0.5347 0.72 4.0959 -0.0394 0.0394 0.4724 0 0
58 360 303 0 0 0 0 0 1.0002 0 0.971 0.1671 0.2679 0.3051 1.7022 0.7452 0.2285 0.5914 0.8002 4.145 -0.1409 0.1409 0.5081 0 0
58 361 308 0 0 0 0 0 1.0003 0 0.9008 -0.162 0.4047 0.5227 2.1572 0.7337 -0.0357 0.5571 0.7227 4.0885 -0.185 0.185 0.4823 0 0
58 362 264 0 0 0 0 0 1.0008 0 0.9731 0.1353 0.3106 0.3652 1.8148 0.7536 0.0287 0.5381 0.6598 4.1013 -0.0317 0.0317 0.4522 0 0
58 363 333 0 0 0 0 0 1.0006 0 0.9612 0.0646 0.1769 0.2722 1.699 0.7066 0.0184 0.5252 0.6992 4.1211 0.0167 0.0167 0.4516 0 0
58 364 274 0 0 0 0 0 1.0008 0 0.9802 -0.1486 0.2247 0.3048 2.2214 0.7229 -0.0994 0.5603 0.7357 4.1375 -0.1148 0.1148 0.5148 0 0
58 365 316 0 0 0 0 0 1.0004 0 0.9554 0.2917 0.3354 0.5078 2.7374 0.6994 0.0318 0.5724 0.7358 4.1798 -0.0058 0.0058 0.5398 0 0
58 366 248 0 0 0 0 0 1.0004 0 0.983 -0.2393 0.2792 0.368 2.3186 0.6737 -0.0963 0.5621 0.7594 4.112 -0.0412 0.0412 0.5426 0 0
58 367 336 0 0 0 0 0 1.0002 0 0.9643 0.0027 0.2918 0.3535 2.0298 0.7356 -0.0202 0.5704 0.7486 4.101 0.0208 0.0208 0.4294 0 0
58 368 351 0 0 0 0 0 1.0002 0 0.976 0.2384 0.2541 0.3068 1.3206 0.7849 0.0363 0.5189 0.6735 4.4363 0.2239 0.2239 0.3613 0 0
58 369 311 0 0 0 0 0 1.0007 0 0.9507 -0.0678 0.2125 0.253 1.2061 0.7189 -0.0198 0.5457 0.7364 4.1611 0.0547 0.0547 0.423 0 0
58 370 310 0 0 0 0 0 1.0005 0 0.9587 0.1207 0.2634 0.3072 1.6552 0.778 0.1428 0.5005 0.6406 4.178 0.0641 0.0641 0.452 0 0
58 371 284 0 0 0 0 0 1.0002 0 0.958 -0.1947 0.3038 0.3546 1.7114 0.7247 -0.2322 0.5472 0.7035 4.0757 -0.236 0.236 0.4704 0 0
58 372 312 0 0 0 0 0 1.0001 0 0.9715 -0.0024 0.1764 0.2184 1.5544 0.7726 0.0086 0.5107 0.6548 4.1338 0.0436 0.0436 0.4551 0 0
58 373 273 0 0 0 0 0 1.0005 0 0.9564 -0.0125 0.3445 0.387 2.2566 0.7722 -0.0516 0.4899 0.6394 4.1796 -0.0845 0.0845 0.54 0 0
58 374 291 0 0 0 0 0 1.0003 0 0.9628 0.1524 0.256 0.2892 1.6399 0.7024 0.0685 0.4729 0.6583 4.1013 -0.0521 0.0521 0.4938 0 0
58 375 325 0 0 0 0 0 1.0003 0 0.9741 0.3215 0.3421 0.4009 2.0981 0.7165 0.1799 0.594 0.7382 4.0983 -0.202 0.202 0.5221 0 0
58 376 232 0 0 0 0 0 1.0011 0 0.9351 0.0492 0.3951 0.5051 2.0612 0.738 0.0187 0.5413 0.6803 4.2394 -0.1834 0.1834 0.5665 0 0
58 377 301 0 0 0 0 0 1.0002 0 0.9076 -0.0793 0.2712 0.338 1.255 0.7519 -0.0447 0.5322 0.6959 4.0248 -0.0784 0.0784 0.4421 0 0
58 378 307 0 0 0 0 0 1.0006 0 0.9708 0.1465 0.2535 0.3823 1.7142 0.6973 0.1165 0.4902 0.6444 4.0452 -0.2594 0.2594 0.5055 0 0
58 379 330 0 0 0 0 0 1.0003 0 0.9708 0.2015 0.3112 0.4926 2.6918 0.7197 0.058 0.5644 0.7531 4.0858 -0.0657 0.0657 0.5383 0 0
58 380 325 0 0 0 0 0 1.0001 0 0.9845 -0.0446 0.1581 0.2095 1.9498 0.7951 -0.0058 0.4325 0.5635 4.0041 -0.1457 0.1457 0.4233 0 0
58 381 318 0 0 0 0 0 1.0007 0 0.9777 0.128 0.1685 0.2062 1.5153 0.7498 0.0395 0.5216 0.6959 4.1967 0.0839 0.0839 0.4944 0 0
58 382 297 0 0 0 0 0 1.0007 0 0.9753 -0.2413 0.2651 0.3568 2.6223 0.6831 -0.1514 0.5747 0.7465 4.178 -0.1387 0.1387 0.5438 0 0
58 383 313 0 0 0 0 0 1.0005 0 0.9869 3e-04 0.1772 0.2297 1.9925 0.7015 0.096 0.607 0.7829 4.2662 0.1347 0.1347 0.428 0 0
58 384 329 11 0 0 0 0 1.0019 0 0.7546 -0.2841 0.3988 0.5585 2.3631 0.7196 -0.164 0.5488 0.7253 4.3372 0.1455 0.1455 0.5149 1 0
58 385 292 0 0 0 0 0 1.0002 0 0.913 0.3181 0.5026 0.6633 1.9797 0.7693 0.1884 0.5459 0.6887 4.0846 -0.1113 0.1113 0.4732 0 0
58 386 275 0 0 0 0 0 1.0002 0 0.9228 -0.1087 0.2207 0.3018 1.4558 0.726 -0.0459 0.5177 0.6846 4.1565 0.027 0.027 0.499 0 0
58 387 332 0 0 0 0 0 1.0005 0 0.9759 0.1662 0.2049 0.2679 1.3634 0.734 0.1092 0.5139 0.6866 4.1755 -0.0121 0.0121 0.5148 0 0
58 388 319 0 0 0 0 0 1.0016 0 0.9329 0.1208 0.3151 0.411 1.9621 0.7388 0.0276 0.5339 0.6915 4.1673 0.0667 0.0667 0.4244 0 0
58 389 289 0 0 0 0 0 1.0002 0 0.9626 0.0308 0.2233 0.2601 2.1537 0.7426 0.0541 0.536 0.6878 4.0604 -0.0596 0.0596 0.4374 0 0
58 390 328 0 0 0 0 0 1.0003 0 0.9523 -0.1327 0.3445 0.3903 2.1386 0.761 -0.1261 0.538 0.6917 4.2035 0.0439 0.0439 0.4716 0 0
58 391 296 7 0 0 0 0 1.0005 0 0.9412 0.154 0.2562 0.3417 2.0247 0.6891 0.0436 0.6039 0.7977 4.1835 -0.055 0.055 0.6105 1 0
58 392 240 0 0 0 0 0 1.0004 0 0.9811 0.1097 0.2054 0.2844 2.0649 0.7433 0.0079 0.5281 0.6781 4.1264 -0.1581 0.1581 0.54 0 0
58 393 315 0 0 0 0 0 1.0004 0 0.966 -0.0812 0.1642 0.2375 1.7687 0.7363 -0.0446 0.5181 0.6643 4.21 0.1031 0.1031 0.4589 0 0
58 394 245 0 0 0 0 0 1.0004 0 0.9205 0.0344 0.2377 0.2987 1.31 0.7435 -0.0584 0.4806 0.6295 4.1909 -0.2648 0.2648 0.5288 0 0
58 395 331 0 0 0 0 0 1.0003 0 0.9732 0.0821 0.215 0.2496 1.8756 0.7252 0.1259 0.5001 0.6247 4.1353 0.036 0.036 0.4827 0 0
58 396 338 0 0 0 0 0 1.001 0 0.965 -0.0194 0.2107 0.2885 1.6803 0.7348 -0.0056 0.5313 0.7139 4.1442 0.06 0.06 0.4778 0 0
58 397 311 0 0 0 0 0 1.0002 0 0.9644 -0.1891 0.2306 0.2974 1.7352 0.7705 -0.0267 0.5267 0.6733 4.142 0.0272 0.0272 0.4025 0 0
58 398 310 0 0 0 0 0 1.0003 0 0.9671 0.1678 0.3158 0.3837 2.4539 0.7191 0.0656 0.5392 0.6777 4.0982 -0.0423 0.0423 0.5041 0 0
58 399 299 0 0 0 0 0 1.0003 0 0.9671 -0.0296 0.2496 0.3105 1.5933 0.7458 0.0329 0.524 0.6938 4.0895 -0.0506 0.0506 0.4586 0 0
58 400 337 0 0 0 0 0 1.0006 0 0.9857 0.1691 0.172 0.2269 1.4608 0.7343 0.1087 0.5669 0.7218 4.0776 0.1327 0.1327 0.3762 0 0
58 401 283 0 0 0 0 0 1.0008 0 0.959 0.0163 0.2419 0.274 1.8177 0.758 -0.0154 0.4746 0.6281 4.0838 -0.1323 0.1323 0.5054 0 0
58 402 336 0 0 0 0 0 1.0003 0 0.9412 0.144 0.2216 0.2974 1.5608 0.8143 0.0052 0.5078 0.6374 4.2838 0.1024 0.1024 0.4532 0 0
58 403 232 0 0 0 0 0 1.0006 0 0.9806 -0.1066 0.3621 0.4815 2.6788 0.7223 0.0163 0.5416 0.6911 4.0337 -0.1309 0.1309 0.4856 0 0
58 404 309 0 0 0 0 0 1.0002 0 0.9802 0.2317 0.2965 0.33 1.9019 0.7333 0.1309 0.4984 0.6562 4.1458 0.0037 0.0037 0.5064 0 0
58 405 330 1 0 0 0 0 1.0008 0 0.8501 -0.528 0.554 0.7734 2.6019 0.734 -0.2257 0.5937 0.7425 4.2843 0.0929 0.0929 0.5344 1 0
58 406 325 0 0 0 0 0 1.0001 0 0.9776 -0.0404 0.1889 0.261 1.7116 0.7419 -0.0905 0.4908 0.6362 4.1061 0.0158 0.0158 0.4888 0 0
58 407 330 0 0 0 0 0 1.0004 0 0.9679 -0.0369 0.2136 0.2648 2.124 0.757 -0.0896 0.5275 0.6982 4.2841 0.1563 0.1563 0.4029 0 0
58 408 250 0 0 0 0 0 1.0006 0 0.9498 -0.0446 0.2359 0.2866 1.9735 0.7357 0.0104 0.5756 0.7517 4.0222 -0.141 0.141 0.4392 0 0
58 409 334 0 0 0 0 0 1.0003 0 0.9606 -0.2052 0.3867 0.4918 2.2689 0.7361 -0.2187 0.6294 0.7869 4.3449 0.2203 0.2203 0.4117 0 0
58 410 328 0 0 0 0 0 1.0008 0 0.9797 0.2745 0.338 0.4147 2.0767 0.7592 0.086 0.527 0.6759 4.2266 0.13 0.13 0.4034 0 0
58 411 318 0 0 0 0 0 1.0006 0 0.971 -0.1501 0.3084 0.3918 1.955 0.7688 -0.1828 0.5947 0.7731 4.0486 -0.0415 0.0415 0.4535 0 0
58 412 279 0 0 0 0 0 1.0002 0 0.865 0.0584 0.2585 0.3304 1.2559 0.7714 0.0534 0.4889 0.6525 4.0607 -0.0818 0.0818 0.4456 0 0
58 413 354 0 0 0 0 0 1.0006 0 0.9023 0.2238 0.3187 0.5088 1.9073 0.7642 0.1167 0.551 0.7173 4.1906 0.1017 0.1017 0.4292 0 0
58 414 313 0 0 0 0 0 1.0002 0 0.8627 -0.0814 0.3562 0.4306 1.7609 0.7679 -0.102 0.5615 0.7283 4.2725 0.0088 0.0088 0.5211 0 0
58 415 331 0 0 0 0 0 1.0002 0 0.9625 0.1467 0.2516 0.3336 1.4394 0.7284 0.1165 0.5702 0.7419 4.3991 0.1886 0.1886 0.425 0 0
58 416 263 0 0 0 0 0 1.0005 0 0.9243 0.1951 0.307 0.377 1.5566 0.7375 0.0805 0.571 0.7517 4.1104 -0.1165 0.1165 0.4827 0 0
58 417 322 0 0 0 0 0 1.0001 0 0.912 -0.0409 0.3723 0.6139 2.607 0.7238 0.038 0.5933 0.7659 4.1692 0.0098 0.0098 0.538 0 0
58 418 314 0 0 0 0 0 1.0007 0 0.9728 -0.0012 0.1611 0.2199 1.9962 0.782 0.0597 0.4919 0.6396 4.0846 0.0285 0.0285 0.4919 0 0
58 419 273 0 0 0 0 0 1.0006 0 0.9672 0.0553 0.3017 0.5023 2.8443 0.7623 -0.0339 0.5355 0.682 4.2777 -0.009 0.009 0.5854 0 0
58 420 242 0 0 0 0 0 1.0004 0 0.9529 0.2382 0.5023 0.7849 2.6478 0.7586 0.0218 0.5119 0.6706 4.0614 -0.1766 0.1766 0.4766 0 0
58 421 318 0 0 0 0 0 1.0019 0 0.9607 -0.0303 0.2624 0.3125 1.7271 0.7326 -0.005 0.5413 0.6909 4.338 -0.1524 0.1524 0.6129 0 0
58 422 293 0 0 0 0 0 1.0004 0 0.9739 0.0081 0.1862 0.2301 1.5743 0.7474 -0.0909 0.5451 0.6942 4.1239 -0.0509 0.0509 0.4639 0 0
58 423 326 0 0 0 0 0 1.0005 0 0.9499 -0.0599 0.2211 0.2843 1.4114 0.7841 -0.0217 0.4514 0.5791 4.1964 -0.0909 0.0909 0.5438 0 0
58 424 334 0 0 0 0 0 1.0002 0 0.9476 -0.2336 0.3532 0.4767 1.7924 0.8003 -0.1351 0.5557 0.7084 4.2954 0.1616 0.1616 0.402 0 0
58 425 328 0 0 0 0 0 1.0005 0 0.9795 -0.1874 0.2473 0.379 2.2532 0.761 -0.1208 0.533 0.6725 4.2918 0.1442 0.1442 0.4951 0 0
58 426 332 0 0 0 0 0 1.0001 0 0.914 0.2723 0.3341 0.4342 1.4054 0.791 0.1912 0.5654 0.7374 4.35 0.0031 0.0031 0.4996 0 0
58 427 341 0 0 0 0 0 1.0008 0 0.9649 -0.2412 0.3134 0.377 1.9899 0.7523 -0.1687 0.5229 0.683 4.2878 0.1534 0.1534 0.4636 0 0
58 428 252 0 0 0 0 0 1.0002 0 0.989 0.0258 0.3015 0.3668 2.2026 0.671 -0.0345 0.6065 0.7938 4.0566 -0.048 0.048 0.5041 0 0
58 429 273 0 0 0 0 0 1.0003 0 0.948 -0.081 0.2407 0.2942 1.5983 0.7671 -0.0619 0.5039 0.6275 4.0884 -0.0668 0.0668 0.4491 0 0
58 430 314 0 0 0 0 0 1.0001 0 0.9617 0.1655 0.2259 0.3081 1.7924 0.7507 0.0604 0.501 0.6579 4.1614 -0.1152 0.1152 0.5081 0 0
58 431 293 0 0 0 0 0 1.0005 0 0.8939 -0.0341 0.311 0.4042 1.4156 0.7794 -0.1073 0.5002 0.6607 4.0952 -0.0439 0.0439 0.4294 0 0
58 432 310 0 0 0 0 0 1.0003 0 0.9825 0.061 0.1975 0.2228 1.8422 0.7601 0.0989 0.5094 0.6606 4.1081 0.0875 0.0875 0.4504 0 0
58 433 332 0 0 0 0 0 1.0003 0 0.9943 0.0977 0.134 0.1837 2.0172 0.7187 0.0086 0.521 0.6419 4.071 -0.0255 0.0255 0.4809 0 0
58 434 356 0 0 0 0 0 1.0004 0 0.9615 -0.1986 0.3062 0.3469 1.9487 0.7397 -0.1598 0.5786 0.7689 4.2 0.1696 0.1696 0.4282 0 0
58 435 322 0 0 0 0 0 1.0002 0 0.9073 0.0545 0.2667 0.353 1.2656 0.7596 0.0246 0.5103 0.681 4.1706 0.0519 0.0519 0.4321 0 0
58 436 310 0 0 0 0 0 1.0005 0 0.922 -0.2314 0.3613 0.4364 2.3453 0.7156 -0.0723 0.5436 0.6713 4.1768 0.0212 0.0212 0.5412 0 0
58 437 326 0 0 0 0 0 1.0015 0 0.8923 -0.0805 0.2774 0.3572 1.3761 0.7148 -0.0878 0.5426 0.7069 4.0776 0.0047 0.0047 0.4417 0 0
58 438 332 0 0 0 0 0 1.0002 0 0.9174 0.1504 0.3292 0.4247 1.5703 0.7762 0.0517 0.5147 0.662 4.1763 0.0394 0.0394 0.4494 0 0
58 439 341 0 0 0 0 0 1.0008 0 0.9786 0.2916 0.3083 0.3485 1.7622 0.7755 0.2421 0.496 0.6771 4.2405 -0.1836 0.1836 0.5354 0 0
58 440 257 0 0 0 0 0 1.0007 0 0.9678 -0.0687 0.2489 0.3253 2.539 0.7215 -0.0988 0.5005 0.6826 4.0639 -0.0906 0.0906 0.4776 0 0
58 441 349 0 0 0 0 0 1.0006 0 0.985 -0.0214 0.1465 0.176 2.1453 0.7998 0.0268 0.4797 0.63 4.148 0.024 0.024 0.4384 0 0
58 442 280 0 0 0 0 0 1.0003 0 0.9749 -0.0846 0.1992 0.2402 1.7788 0.7657 -0.0384 0.5275 0.6715 4.0846 -0.1398 0.1398 0.4686 0 0
58 443 306 0 0 0 0 0 1.0006 0 0.9751 -0.1759 0.2415 0.2911 1.7892 0.7695 -0.0811 0.5625 0.6935 4.0333 -0.0078 0.0078 0.443 0 0
58 444 302 0 0 0 0 0 1.0001 0 0.9699 0.077 0.1811 0.2658 1.8163 0.7361 0.0507 0.5166 0.6769 4.1538 -0.0639 0.0639 0.4543 0 0
58 445 236 0 0 0 0 0 1.0004 0 0.9588 0.1073 0.1923 0.2352 1.4928 0.7515 0.2136 0.5176 0.6727 4.0708 -0.0508 0.0508 0.4126 0 0
58 446 307 0 0 0 0 0 1.0005 0 0.9812 0.0493 0.1985 0.2346 2.3353 0.7734 0.0729 0.5248 0.6717 4.1491 0.0579 0.0579 0.4849 0 0
58 447 261 0 0 0 0 0 1.0008 0 0.9633 -0.2395 0.2818 0.3577 1.7408 0.6948 -0.1225 0.5607 0.7343 4.1523 -0.1546 0.1546 0.5012 0 0
58 448 317 0 0 0 0 0 1.0003 0 0.9572 0.155 0.194 0.3072 1.6874 0.74 0.1446 0.5292 0.6922 4.219 0.1019 0.1019 0.4277 0 0
58 449 304 0 0 0 0 0 1.0005 0 0.9408 0.0637 0.2359 0.2743 1.4464 0.7935 0.1164 0.5091 0.6999 4.1875 0.0283 0.0283 0.4552 0 0
58 450 264 0 0 0 0 0 1.0002 0 0.9195 -0.2172 0.3257 0.3926 1.3168 0.7975 -0.1982 0.5206 0.6795 4.1112 -0.0591 0.0591 0.4472 0 0
58 451 320 0 0 0 0 0 1.0002 0 0.9646 0.0352 0.2889 0.3322 2.406 0.7467 0.0544 0.4905 0.6659 4.1726 0.1147 0.1147 0.4662 0 0
58 452 333 0 0 0 0 0 1.0002 0 0.975 -0.1149 0.1695 0.2379 1.3993 0.7529 -0.0296 0.5229 0.6811 4.0421 -0.1818 0.1818 0.449 0 0
58 453 251 0 0 0 0 0 1.0006 0 0.9071 0.4706 0.4958 0.8568 2.5224 0.707 0.2279 0.6134 0.7747 4.2167 -0.0724 0.0724 0.5536 0 0
58 454 329 0 0 0 0 0 1.0003 0 0.9271 0.0193 0.2077 0.2597 1.6738 0.7721 0.1028 0.5204 0.6665 4.2249 0.1069 0.1069 0.4374 0 0
58 455 306 0 0 0 0 0 1.0003 0 0.9234 0.1381 0.3676 0.4404 1.6747 0.741 0.0611 0.5137 0.6795 4.2298 0.0546 0.0546 0.4645 0 0
58 456 335 0 0 0 0 0 1.0002 0 0.9684 -0.1726 0.3164 0.4896 2.1619 0.8012 -0.0492 0.5045 0.6579 4.0985 -0.0569 0.0569 0.4755 0 0
58 457 237 0 0 0 0 0 1.0007 0 0.9468 -0.0216 0.2344 0.2506 1.7861 0.7112 -0.0463 0.5237 0.6838 4.0421 -0.0892 0.0892 0.5092 0 0
58 458 326 0 0 0 0 0 1.0006 0 0.9071 -0.1158 0.282 0.3862 2.0553 0.7783 -0.1028 0.5218 0.6736 4.1566 0.064 0.064 0.4823 0 0
58 459 285 0 0 0 0 0 1.0001 0 0.9211 0.1703 0.3791 0.6632 2.6596 0.7553 -0.0995 0.4871 0.6545 4.0521 -0.1177 0.1177 0.4775 0 0
58 460 310 0 0 0 0 0 1.0001 0 0.9494 -0.0057 0.2074 0.269 1.3603 0.7455 -0.0017 0.5028 0.6451 4.1304 -0.269 0.269 0.4821 0 0
58 461 318 0 0 0 0 0 1.0004 0 0.9287 0.2219 0.2988 0.3783 1.9923 0.7534 0.1566 0.5076 0.6427 4.1945 -0.1932 0.1932 0.5924 0 0
58 462 318 0 0 0 0 0 1.0004 0 0.9175 0.1651 0.357 0.4123 2.102 0.7435 0.113 0.5561 0.6914 4.2294 -0.0684 0.0684 0.5474 0 0
58 463 351 8 0 0 0 0 1.0008 0 0.8897 0.5389 0.5389 0.8451 3.1009 0.7014 0.2838 0.6053 0.7817 4.3655 0.2201 0.2201 0.4832 1 0
58 464 261 0 0 0 0 0 1.0002 0 0.9738 0.0742 0.1915 0.2339 1.7958 0.7029 0.0437 0.5739 0.7241 4.1373 -0.0975 0.0975 0.4931 0 0
58 465 297 0 0 0 0 0 1.0006 0 0.9764 0.1725 0.2289 0.3773 2.1861 0.6647 0.066 0.5382 0.68 4.2606 -0.0746 0.0746 0.664 0 0
58 466 268 0 0 0 0 0 1.0002 0 0.918 0.0744 0.2834 0.3376 1.673 0.6848 0.1099 0.5368 0.7324 4.1174 -0.113 0.113 0.5694 0 0
58 467 308 0 0 0 0 0 1.0006 0 0.9469 0.0145 0.2483 0.3281 1.8532 0.7133 0.0059 0.5481 0.7313 4.3737 -0.0814 0.0814 0.6005 0 0
58 468 342 0 0 0 0 0 1.0001 0 0.9468 -0.3074 0.4302 0.5811 2.1492 0.7779 -0.2459 0.5597 0.7515 4.2374 0.1346 0.1346 0.4024 0 0
58 469 322 0 0 0 0 0 1.0006 0 0.8672 -0.2157 0.3056 0.4658 1.6518 0.764 -0.0857 0.5052 0.6355 4.1449 -0.1437 0.1437 0.4925 0 0
58 470 266 0 0 0 0 0 1.0003 0 0.9263 0.0713 0.4169 0.5084 1.8771 0.7762 0.002 0.5227 0.6971 4.1599 -0.0993 0.0993 0.5089 0 0
58 471 312 0 0 0 0 0 1.0001 0 0.9664 0.2256 0.2584 0.3968 2.0207 0.6692 0.0963 0.5664 0.7115 4.0716 -0.2456 0.2456 0.4715 0 0
58 472 319 0 0 0 0 0 1.0004 0 0.9766 0.0486 0.1496 0.1715 1.6142 0.7719 0.0218 0.5017 0.6519 4.1413 0.0814 0.0814 0.4683 0 0
58 473 287 0 0 0 0 0 1.0008 0 0.9841 0.3063 0.3063 0.3501 2.101 0.735 0.1881 0.5388 0.6795 4.1572 -0.0141 0.0141 0.5182 0 0
58 474 336 0 0 0 0 0 1.0001 0 0.9839 -0.0967 0.1476 0.1942 1.4462 0.7315 -0.0305 0.5088 0.6708 4.2953 0.117 0.117 0.4057 0 0
58 475 275 0 0 0 0 0 1.0006 0 0.9639 -0.1018 0.2311 0.288 1.4355 0.7079 -0.1144 0.5512 0.7195 4.0946 -0.0282 0.0282 0.4361 0 0
58 476 240 0 0 0 0 0 1.0006 0 0.9718 0.0206 0.2168 0.2616 1.7621 0.7327 -0.0335 0.5626 0.7359 4.0284 -0.1848 0.1848 0.4678 0 0
58 477 284 0 0 0 0 0 1.0001 0 0.8002 0.0031 0.4184 0.5404 1.847 0.6498 -0.0015 0.5343 0.7439 4.1895 -0.151 0.151 0.5413 0 0
58 478 270 0 0 0 0 0 1.001 0 0.9567 0.21 0.2709 0.356 1.4292 0.7025 0.15 0.6259 0.8304 4.0701 -0.1354 0.1354 0.4819 0 0
58 479 316 0 0 0 0 0 1.0003 0 0.9474 -0.0016 0.2006 0.2513 1.4085 0.7691 0.0016 0.4791 0.6384 4.0368 -0.0227 0.0227 0.4458 0 0
58 480 315 0 0 0 0 0 1.0004 0 0.976 -0.0857 0.2196 0.2635 1.8619 0.6953 -0.0964 0.5311 0.7099 4.1921 0.0956 0.0956 0.4537 0 0
58 481 311 0 0 0 0 0 1.0002 0 0.9743 -0.0053 0.2104 0.2669 1.6069 0.7346 0.0404 0.5694 0.7303 4.0544 -0.1285 0.1285 0.5128 0 0
58 482 307 0 0 0 0 0 1.0011 0 0.9491 -0.0025 0.2964 0.3678 1.9845 0.7262 -0.0217 0.5107 0.6739 4.1198 -0.0867 0.0867 0.504 0 0
58 483 323 0 0 0 0 0 1.001 0 0.9276 0.0316 0.2324 0.3352 1.6177 0.7377 0.007 0.5514 0.722 4.1733 0.0096 0.0096 0.4938 0 0
58 484 220 0 0 0 0 0 1.0009 0 0.9797 -0.0068 0.1968 0.2388 2.1312 0.7645 -0.014 0.4795 0.6053 4.1277 -0.1501 0.1501 0.5124 0 0
58 485 301 0 0 0 0 0 1.0004 0 0.9861 -0.1152 0.1772 0.2041 1.9174 0.6399 -0.0972 0.6001 0.81 4.1534 0.0469 0.0469 0.5001 0 0
58 486 308 0 0 0 0 0 1.0008 0 0.9805 0.1376 0.1702 0.2209 1.4197 0.7337 0.1248 0.5472 0.7031 4.0655 -0.0826 0.0826 0.4784 0 0
58 487 312 0 0 0 0 0 1.0006 0 0.8938 0.1572 0.3404 0.4691 2.2026 0.6721 0.0264 0.5905 0.7917 4.1537 -0.1162 0.1162 0.5541 0 0
58 488 283 0 0 0 0 0 1.0002 0 0.9031 -0.2229 0.3724 0.4672 1.8882 0.6968 -0.2142 0.5609 0.7096 4.2137 -0.0929 0.0929 0.527 0 0
58 489 313 0 0 0 0 0 1.0006 0 0.9692 0.187 0.3047 0.3613 2.3291 0.7363 0.1113 0.5427 0.7049 4.1186 -0.0042 0.0042 0.4737 0 0
58 490 293 0 0 0 0 0 1.0012 0 0.9718 0.2666 0.3345 0.4274 1.5773 0.731 0.195 0.5814 0.7404 4.1238 -0.0201 0.0201 0.5203 0 0
58 491 315 0 0 0 0 0 1.0011 0 0.9722 0.1239 0.2094 0.2686 1.8426 0.7412 -0.0043 0.5786 0.7632 4.1064 -0.0336 0.0336 0.5192 0 0
58 492 338 0 0 0 0 0 1.0002 0 0.907 0.3179 0.3401 0.496 1.5149 0.7564 0.1428 0.5024 0.688 4.2273 0.1068 0.1068 0.4019 0 0
58 493 288 0 0 0 0 0 1.0001 0 0.9626 0.1031 0.2653 0.3035 2.0987 0.6708 -0.0283 0.6066 0.7825 4.2082 -0.2368 0.2368 0.5762 0 0
58 494 260 0 0 0 0 0 1.0012 0 0.9515 -0.1802 0.2321 0.3142 1.5296 0.7556 0.0036 0.5016 0.6459 4.0862 -0.038 0.038 0.4805 0 0
58 495 283 0 0 0 0 0 1.0008 0 0.9527 0.0673 0.2133 0.2468 1.6906 0.7778 0.0132 0.4684 0.6008 4.0983 -0.1204 0.1204 0.5544 0 0
58 496 302 0 0 0 0 0 1.0009 0 0.9434 0.0538 0.3239 0.3772 1.5906 0.7504 0.1126 0.5308 0.6997 4.1987 0.0033 0.0033 0.499 0 0
58 497 300 0 0 0 0 0 1.0004 0 0.9336 0.3624 0.3904 0.6168 2.711 0.7413 0.1529 0.5521 0.6995 4.1765 0.0215 0.0215 0.4832 0 0
58 498 316 0 0 0 0 0 1.0008 0 0.9466 -0.1796 0.2688 0.3581 2.1807 0.7243 -0.1199 0.5138 0.6552 4.1322 -0.0629 0.0629 0.4952 0 0
58 499 301 0 0 0 0 0 1.0007 0 0.987 -0.0159 0.2234 0.2704 2.2492 0.6909 -0.0252 0.5444 0.7041 4.1239 -0.095 0.095 0.5631 0 0
58 500 333 0 0 0 0 0 1.0002 0 0.9706 0.039 0.2002 0.2306 1.5442 0.8054 -0.0343 0.4503 0.574 4.1426 0.0819 0.0819 0.4111 0 0
