cond r run.time ndiv nbfmi ntree nbulk ntail maxRhat nRhat alpha.cor alpha.bias alpha.abbias alpha.rmse alpha.CI beta.cor beta.bias beta.abbias beta.rmse beta.CI theta.cor theta.bias theta.abbias theta.rmse theta.CI lambda.bias lambda.abbias lambda.CI corrupt efficiency
31 1 1561 0 0 0 0 0 1.0007 0 0.4192 -0.0135 0.195 0.2575 1.1791 0.9642 0.0847 0.2488 0.3848 4.8852 0.7107 -0.099 0.5607 0.7137 4.1254 -0.0269 0.0269 0.4241 0 0
31 2 1735 0 0 0 0 0 1.0002 0 0.5797 -0.0218 0.1468 0.1953 0.8318 0.9863 -0.0018 0.148 0.1795 1.7019 0.7515 -0.0206 0.5065 0.6751 4.0074 -0.0393 0.0393 0.3577 0 0
31 3 1646 0 0 0 0 0 1.0004 0 0.9102 0.0332 0.1313 0.1383 0.9823 0.9858 -0.0653 0.2234 0.2858 3.1783 0.6923 0.0141 0.5667 0.7416 4.054 0.0484 0.0484 0.417 0 0
31 4 1647 0 0 0 0 0 1.0004 0 0.7138 -0.0429 0.1395 0.1639 0.932 0.9785 -0.0947 0.2381 0.3261 4.2777 0.686 -0.0515 0.5375 0.7002 4.1159 0.1041 0.1041 0.4427 0 0
31 5 1627 0 0 0 0 0 1.0003 0 0.9507 -0.0805 0.1931 0.2241 1.4697 0.9832 -0.324 0.3699 0.5858 5.7904 0.706 -0.0862 0.5161 0.6671 4.0126 -0.0496 0.0496 0.3688 0 0
31 6 1686 0 0 0 0 0 1.0008 0 0.9765 0.0222 0.1017 0.1122 0.9741 0.9872 -0.0146 0.1098 0.1453 2.0636 0.8019 0.0082 0.4955 0.6453 4.1338 0.1856 0.1856 0.3781 0 0
31 7 1596 0 0 0 0 0 1.0005 0 -0.6693 -0.1113 0.255 0.2606 1.2126 0.9732 -0.331 0.5395 0.7285 7.1537 0.5976 0.0044 0.6008 0.7828 4.0679 0.0531 0.0531 0.5233 0 0
31 8 1651 0 0 0 0 0 1.0003 0 0.9563 -0.0577 0.0857 0.1162 0.9715 0.9895 -0.0312 0.1599 0.1884 2.5452 0.7299 0.037 0.5361 0.6896 4.2284 0.0151 0.0151 0.4668 0 0
31 9 1648 0 0 0 0 0 1.0001 0 0.7298 -0.1268 0.197 0.2521 1.1979 0.988 -0.0089 0.3128 0.4887 5.4995 0.6939 0.057 0.5656 0.7282 4.0337 0.1571 0.1571 0.4127 0 0
31 10 1646 0 0 0 0 0 1.0002 0 0.9243 0.123 0.1578 0.2108 1.08 0.9922 0.0843 0.17 0.2186 1.6269 0.7506 0.0871 0.5219 0.672 4.0829 -0.1012 0.1012 0.3465 0 0
31 11 1672 0 0 0 0 0 1.0007 0 0.1613 0.1021 0.2227 0.3455 1.3239 0.9694 0.0782 0.2546 0.3482 3.4412 0.7072 0.0115 0.6031 0.7639 4.0323 -0.0354 0.0354 0.4038 0 0
31 12 1594 0 0 0 0 0 1.0017 0 0.6168 0.044 0.2444 0.2598 1.1841 0.9819 0.2177 0.2564 0.3282 2.3165 0.7598 0.0678 0.5041 0.6635 4.1668 0.0408 0.0408 0.4505 0 0
31 13 1592 0 0 0 0 0 1.0005 0 0.7217 0.068 0.1723 0.2276 1.0928 0.9856 0.0832 0.1605 0.2224 1.823 0.7176 0.0873 0.5626 0.7201 4.0482 0.0478 0.0478 0.404 0 0
31 14 1667 0 0 0 0 0 1.0004 0 0.8886 0.0296 0.2243 0.2532 1.3562 0.9337 -0.0462 0.2711 0.4432 4.5417 0.7254 0.0413 0.5698 0.708 4.097 -0.0259 0.0259 0.3742 0 0
31 15 1668 0 0 0 0 0 1.0003 0 0.9712 -0.0968 0.1422 0.1582 1.3614 0.9789 -0.0264 0.2477 0.3583 5.6491 0.752 0.0489 0.5175 0.656 4.0675 -0.1532 0.1532 0.3921 0 0
31 16 1720 0 0 0 0 0 1.0003 0 0.911 -0.0697 0.1607 0.2038 1.2958 0.9413 0.1423 0.3068 0.4984 3.8949 0.7732 -0.0025 0.486 0.6311 4.0842 0.0607 0.0607 0.3861 0 0
31 17 1691 0 0 0 0 0 1.0002 0 0.5318 -0.0083 0.16 0.2269 0.788 0.9879 0.0551 0.1309 0.1945 1.9367 0.7508 -0.0175 0.5038 0.6494 4.0382 -0.0579 0.0579 0.3643 0 0
31 18 1642 0 0 0 0 0 1.0004 0 0.594 -0.065 0.1963 0.245 0.8975 0.9894 0.2062 0.2644 0.322 2.469 0.7523 0.1063 0.5484 0.6941 4.0252 0.1587 0.1587 0.3787 0 0
31 19 1667 0 0 0 0 0 1.0001 0 0.1579 -0.1106 0.2744 0.3167 1.0327 0.9642 0.2337 0.5318 0.9397 10.9714 0.6736 0.0136 0.5613 0.703 4.0038 -0.1003 0.1003 0.3991 0 0
31 20 1659 0 0 0 0 0 1.0005 0 0.8945 -0.0447 0.1121 0.1361 0.9282 0.9643 0.2802 0.3277 0.5493 6.9317 0.7119 0.0799 0.5317 0.6721 4.0302 -0.0354 0.0354 0.404 0 0
31 21 1723 0 0 0 0 0 1.001 0 0.9428 -0.096 0.096 0.117 0.8039 0.9756 -0.2709 0.3492 0.6386 8.4564 0.6638 -0.0138 0.5484 0.7084 4.0652 -0.0278 0.0278 0.475 0 0
31 22 1680 0 0 0 0 0 1.0008 0 0.8947 -0.2065 0.225 0.287 1.4534 0.9687 -0.2633 0.4342 0.623 7.1217 0.7067 0.0683 0.5054 0.6613 4.1587 -0.0347 0.0347 0.4762 0 0
31 23 1693 0 0 0 0 0 1.0007 0 0.6875 0.1129 0.144 0.1661 0.9072 0.9904 -0.0403 0.1689 0.2256 1.7311 0.7559 -0.0162 0.5026 0.6345 4.0374 0.1272 0.1272 0.3657 0 0
31 24 1615 0 0 0 0 0 1.0004 0 0.7558 0.0501 0.1594 0.1971 0.9785 0.9901 -0.163 0.2136 0.2707 3.41 0.7537 -0.0606 0.5489 0.6877 4.0634 0.053 0.053 0.3628 0 0
31 25 1694 0 0 0 0 0 1.0003 0 0.9228 -0.0291 0.0681 0.1063 0.9292 0.9964 -0.0975 0.1204 0.1659 2.2014 0.763 -0.034 0.5176 0.6558 4.0656 0.2178 0.2178 0.37 0 0
31 26 1710 0 0 0 0 0 1.0002 0 0.7843 -0.0038 0.1929 0.2078 1.1017 0.9634 0.0684 0.2842 0.3719 3.7977 0.7508 0.0401 0.5338 0.6781 4.0394 0.0534 0.0534 0.4053 0 0
31 27 1635 0 0 0 0 0 1.0004 0 0.5291 0.0236 0.1496 0.1895 0.9342 0.9785 -0.0899 0.2129 0.2536 2.5457 0.6973 -0.0163 0.574 0.744 4.1117 -0.1222 0.1222 0.4353 0 0
31 28 1633 0 0 0 0 0 1.0006 0 0.7001 -0.0685 0.1731 0.2138 1.0072 0.9854 -0.2682 0.2908 0.4265 4.7859 0.7193 -0.0428 0.5358 0.6895 4.056 -0.0929 0.0929 0.4163 0 0
31 29 1645 0 0 0 0 0 1.002 0 -0.6367 -0.0427 0.2083 0.2559 1.0181 0.9859 0.2296 0.2809 0.4318 5.1775 0.7294 -0.044 0.543 0.6758 4.0873 -0.0394 0.0394 0.4474 0 0
31 30 1686 0 0 0 0 0 1.0007 0 0.8142 -0.045 0.1535 0.1829 0.8906 0.9925 0.173 0.2087 0.2985 3.3086 0.7342 0.0744 0.515 0.6708 4.0378 -0.0838 0.0838 0.3943 0 0
31 31 1736 0 0 0 0 0 1.0009 0 0.7648 -0.0998 0.1209 0.1694 0.9645 0.9653 -0.2575 0.4075 0.6729 10.7265 0.6928 0.0062 0.5563 0.7058 4.085 0.1812 0.1812 0.5217 0 0
31 32 1660 0 0 0 0 0 1.0004 0 0.7991 -0.0761 0.1063 0.144 0.919 0.9903 -0.2247 0.2631 0.3475 3.6112 0.6609 -0.038 0.5716 0.7514 4.0774 -0.2307 0.2307 0.4339 0 0
31 33 1656 0 0 0 0 0 1.0006 0 0.8254 0.0393 0.1317 0.1463 0.9392 0.9786 -0.1086 0.2336 0.2698 3.4513 0.7036 -0.0389 0.5684 0.731 4.126 0.0391 0.0391 0.4028 0 0
31 34 1703 0 0 0 0 0 1.0003 0 0.777 9e-04 0.1536 0.1969 0.9558 0.9722 -0.0699 0.2164 0.3452 3.9423 0.7105 -0.0396 0.5314 0.6908 4.0258 0.1271 0.1271 0.3754 0 0
31 35 1616 0 0 0 0 0 1.0005 0 0.3852 -0.1724 0.2116 0.236 0.8777 0.9544 0.3405 0.4839 0.8919 9.033 0.6965 0.008 0.5369 0.7082 4.1029 -0.1475 0.1475 0.4624 0 0
31 36 1672 0 0 0 0 0 1.0004 0 0.4559 -0.0311 0.2165 0.2712 0.9598 0.9733 -0.1812 0.282 0.4782 5.8533 0.7176 -0.0931 0.5783 0.7335 4.0723 0.02 0.02 0.3967 0 0
31 37 1685 0 0 0 0 0 1.0006 0 0.9862 -0.1267 0.1267 0.1527 0.9181 0.991 0.1282 0.2248 0.2827 2.7744 0.7727 0.0101 0.4893 0.63 4.0902 -0.0216 0.0216 0.3689 0 0
31 38 1691 0 0 0 0 0 1.0002 0 0.1638 -0.03 0.3157 0.4042 1.5544 0.973 0.1256 0.3959 0.6264 5.545 0.6955 -0.0237 0.5531 0.7058 4.0217 0.0969 0.0969 0.3673 0 0
31 39 1658 0 0 0 0 0 1.0004 0 0.6331 -0.0766 0.2155 0.2251 1.0366 0.9601 -0.2498 0.4179 0.605 6.2493 0.652 0.0731 0.599 0.7618 4.0484 -0.0524 0.0524 0.4905 0 0
31 40 1670 0 0 0 0 0 1.0004 0 0.4064 -0.0183 0.1966 0.2363 1.0425 0.9826 -0.0012 0.1974 0.256 2.2918 0.7147 0.0234 0.544 0.6973 4.0316 -0.0565 0.0565 0.3608 0 0
31 41 1674 0 0 0 0 0 1.0002 0 0.675 -0.0292 0.1437 0.1851 0.835 0.9867 -0.029 0.1421 0.2103 2.1206 0.7412 -0.0518 0.4907 0.6222 4.0721 -0.0657 0.0657 0.3923 0 0
31 42 1656 0 0 0 0 0 1.0012 0 0.9048 -0.0573 0.0846 0.0995 0.8403 0.9936 -0.1346 0.1745 0.2222 2.7278 0.7126 -0.0272 0.5331 0.6902 4.0645 -0.1115 0.1115 0.4233 0 0
31 43 1670 0 0 0 0 0 1.0002 0 0.5775 0.0284 0.1859 0.2167 0.8983 0.9792 -0.1412 0.2086 0.2743 1.5876 0.733 -0.0392 0.5339 0.7124 4.0073 -0.0451 0.0451 0.3381 0 0
31 44 1714 0 0 0 0 0 1.0009 0 0.9369 0.0425 0.1857 0.2075 1.3884 0.9569 -0.0282 0.2133 0.3235 2.7633 0.8211 -0.0441 0.465 0.6037 4.024 -0.1248 0.1248 0.3188 0 0
31 45 1555 0 0 0 0 0 1.0003 0 -0.1593 0.0819 0.183 0.2677 1.136 0.9563 -0.0155 0.2242 0.2823 2.1668 0.6649 0.0248 0.6036 0.7607 4.1333 -0.1202 0.1202 0.4533 0 0
31 46 1668 0 0 0 0 0 1.0016 0 0.9893 -0.0997 0.147 0.1675 0.833 0.9933 -0.0533 0.1305 0.1688 2.4878 0.761 -0.0025 0.5202 0.6763 4.0713 0.1803 0.1803 0.3766 0 0
31 47 1690 0 0 0 0 0 1.0005 0 0.9569 -0.1146 0.1406 0.173 0.9641 0.998 -0.137 0.1415 0.1596 1.2696 0.7984 -0.0281 0.4412 0.592 4.0512 0.128 0.128 0.3435 0 0
31 48 1708 0 0 0 0 0 1.0006 0 0.7188 -0.0674 0.1612 0.1915 0.9106 0.993 0.1084 0.135 0.1852 1.6436 0.7842 0.0206 0.4736 0.612 4.0035 0.0272 0.0272 0.3651 0 0
31 49 1574 0 0 0 0 0 1.0003 0 0.9689 -0.0567 0.0921 0.1141 1.0573 0.9848 -0.1564 0.2655 0.4844 6.9555 0.756 -0.1064 0.5197 0.6608 4.0266 0.0803 0.0803 0.3734 0 0
31 50 1639 0 0 0 0 0 1.0003 0 0.6884 0.0224 0.1477 0.1915 0.9693 0.9813 -0.0406 0.2041 0.2709 2.0529 0.7663 -0.0352 0.5182 0.6481 4.0154 -0.0215 0.0215 0.3793 0 0
31 51 1682 0 0 0 0 0 1.0004 0 -0.404 -0.0055 0.2186 0.2892 0.8788 0.9827 -0.1358 0.2118 0.3778 3.5307 0.7485 -0.0516 0.4915 0.6484 4.0361 -0.1779 0.1779 0.3632 0 0
31 52 1674 0 0 0 0 0 1.0003 0 0.6562 -0.0983 0.2369 0.2551 0.8448 0.9869 0.2096 0.2529 0.3386 2.7564 0.7346 0.0241 0.5358 0.6946 4.1072 -0.106 0.106 0.4145 0 0
31 53 1679 0 0 0 0 0 1.0005 0 0.0892 -0.1177 0.2013 0.2475 0.9858 0.9393 -0.4762 0.7635 1.5552 22.2206 0.6844 -0.0031 0.5768 0.7354 4.0669 -0.048 0.048 0.4735 0 0
31 54 1616 0 0 0 0 0 1.0003 0 0.8957 0.0812 0.1664 0.1831 1.0062 0.9832 -0.0312 0.1378 0.2055 2.3932 0.7392 -0.0782 0.534 0.6884 4.0999 0.1839 0.1839 0.3672 0 0
31 55 1602 0 0 0 0 0 1.0003 0 0.7846 -0.0566 0.1641 0.2239 0.9534 0.9246 -0.0147 0.3035 0.5256 5.7853 0.7391 -0.0881 0.4904 0.6419 4.024 -0.004 0.004 0.3804 0 0
31 56 1654 0 0 0 0 0 1.0003 0 0.7284 -0.0549 0.1104 0.144 0.9307 0.9907 0.0427 0.208 0.3248 4.5335 0.7096 -0.0058 0.5334 0.6717 4.0405 0.1078 0.1078 0.4234 0 0
31 57 1602 0 0 0 0 0 1.0003 0 0.5341 -0.0826 0.2779 0.3198 0.906 0.9938 0.0572 0.1709 0.233 3.265 0.779 -0.0041 0.4918 0.626 4.0972 0.1075 0.1075 0.3902 0 0
31 58 1709 0 0 0 0 0 1.0003 0 0.7356 -0.2061 0.23 0.3096 0.9445 0.9838 -0.2337 0.3817 0.5417 6.8292 0.7419 -0.0153 0.4657 0.6048 4.0886 0.1232 0.1232 0.4263 0 0
31 59 1659 0 0 0 0 0 1.0007 0 -0.1266 -0.149 0.1531 0.2768 0.7929 0.9868 0.1448 0.174 0.3063 2.3225 0.6942 0.0476 0.5407 0.6994 4.0377 0.0351 0.0351 0.3802 0 0
31 60 1647 0 0 0 0 0 1.0003 0 0.7864 0.1946 0.2541 0.3076 0.9704 0.9314 0.0302 0.4122 0.589 7.3813 0.7394 0.033 0.5551 0.719 4.0502 -0.0824 0.0824 0.3582 0 0
31 61 1730 0 0 0 0 0 1.0011 0 0.7172 0.033 0.1212 0.1552 0.9186 0.9804 -0.0274 0.1979 0.2757 3.2977 0.7581 0.0046 0.5039 0.6678 4.0975 0.0112 0.0112 0.391 0 0
31 62 1700 0 0 0 0 0 1.0002 0 0.4028 0.0431 0.1281 0.16 0.8422 0.9932 0.0113 0.0861 0.1256 1.6383 0.7264 -0.0271 0.5267 0.6938 3.9992 -0.0506 0.0506 0.3667 0 0
31 63 1719 0 0 0 0 0 1.0002 0 0.8615 -0.0673 0.1475 0.1561 0.878 0.9831 -0.0012 0.1952 0.234 1.8842 0.7356 -0.0033 0.4804 0.6726 4.0564 0.095 0.095 0.3303 0 0
31 64 1694 0 0 0 0 0 1.0002 0 0.874 -0.0442 0.0629 0.0804 0.8753 0.9891 0.0492 0.1521 0.1935 2.2167 0.6934 0.0733 0.5847 0.7623 4.0659 0.0017 0.0017 0.4411 0 0
31 65 1651 0 0 0 0 0 1.0006 0 0.8053 -0.0231 0.1333 0.1865 1.0509 0.9904 -0.0515 0.147 0.1787 2.3055 0.746 -0.0833 0.5383 0.6959 4.0407 0.1912 0.1912 0.351 0 0
31 66 1677 0 0 0 0 0 1.0013 0 0.2863 0.0354 0.1807 0.215 0.9069 0.9927 -0.0037 0.1359 0.1583 2.6351 0.75 0.0667 0.5227 0.6554 4.0178 -0.0115 0.0115 0.3778 0 0
31 67 1691 0 0 0 0 0 1.0004 0 0.8733 -0.2562 0.27 0.2939 0.9222 0.9875 0.1072 0.2785 0.3671 2.5624 0.7566 -0.0161 0.496 0.6311 4.0225 0.1987 0.1987 0.3453 0 0
31 68 1737 0 0 0 0 0 1.0003 0 0.7461 -9e-04 0.1385 0.1684 1.0508 0.9768 -0.0404 0.2113 0.3086 4.0933 0.616 -0.0064 0.6175 0.8111 4.1135 -0.1304 0.1304 0.3923 0 0
31 69 1718 0 0 0 0 0 1.0003 0 0.7874 -0.0031 0.1698 0.1801 0.9091 0.987 -0.0248 0.1249 0.1646 1.9968 0.812 -0.0024 0.4536 0.5744 4.0813 -0.0273 0.0273 0.3528 0 0
31 70 1666 0 0 0 0 0 1.0007 0 0.5228 -0.0368 0.2623 0.3098 1.122 0.9843 -0.0699 0.1881 0.241 2.7134 0.7561 -0.0644 0.4992 0.6475 4.0587 -0.0523 0.0523 0.3588 0 0
31 71 1686 0 0 0 0 0 1.0005 0 0.8185 0.0384 0.1314 0.1351 0.9172 0.9939 0.0721 0.1206 0.1562 3.2393 0.6897 0.0238 0.5617 0.7367 4.0379 -0.0935 0.0935 0.384 0 0
31 72 1700 0 0 0 0 0 1.0007 0 0.5183 0.0109 0.1679 0.1839 0.8738 0.9903 0.1363 0.1843 0.2279 2.5579 0.715 0.0645 0.5882 0.7633 4.0006 0.1123 0.1123 0.3809 0 0
31 73 1601 0 0 0 0 0 1.0004 0 0.3129 -0.1547 0.2392 0.3947 0.9011 0.9805 -0.3533 0.3638 0.5617 6.3751 0.6835 -0.0651 0.5753 0.7309 4.1807 -0.1032 0.1032 0.5023 0 0
31 74 1649 0 0 0 0 0 1.0003 0 0.6422 -0.142 0.1859 0.2266 0.9621 0.9771 -0.0945 0.4436 0.7058 7.7622 0.7138 -0.0525 0.5378 0.6766 3.9874 0.0406 0.0406 0.3836 0 0
31 75 1715 0 0 0 0 0 1.0005 0 0.7544 0.2241 0.2241 0.2553 0.9689 0.9878 -0.2647 0.3048 0.3377 1.5499 0.7523 -0.0877 0.5576 0.7191 4.0172 0.1441 0.1441 0.3488 0 0
31 76 1666 0 0 0 0 0 1.0005 0 0.8645 -0.1083 0.1787 0.1999 0.9668 0.986 -0.0203 0.2171 0.3025 2.29 0.6757 -0.0444 0.5498 0.7063 4.0337 0.2386 0.2386 0.408 0 0
31 77 1654 0 0 0 0 0 1.0002 0 0.5206 0.0813 0.1916 0.2241 0.9525 0.9905 0.0665 0.1528 0.2038 3.4054 0.7486 0.0109 0.5254 0.6577 4.0608 0.0449 0.0449 0.4068 0 0
31 78 1632 0 0 0 0 0 1.0003 0 0.8855 -0.0839 0.2168 0.2749 0.9558 0.9846 0.0238 0.2096 0.2819 3.147 0.7136 -0.0115 0.5512 0.707 4.0872 -0.0763 0.0763 0.4296 0 0
31 79 1661 0 0 0 0 0 1.0002 0 0.7325 -0.2559 0.2559 0.326 0.8763 0.9894 -0.3104 0.4395 0.8256 9.6999 0.7646 -0.0393 0.4834 0.6113 4.0272 -0.0325 0.0325 0.3997 0 0
31 80 1645 0 0 0 0 0 1.0003 0 0.9713 0.0731 0.1482 0.1786 1.0216 0.9574 -0.3132 0.3465 0.5499 7.9201 0.7278 -0.0421 0.5623 0.7219 4.1478 0.077 0.077 0.404 0 0
31 81 1681 0 0 0 0 0 1.0003 0 0.6944 -0.0157 0.1902 0.2059 0.9775 0.965 0.1122 0.2702 0.37 3.5386 0.7233 0.0183 0.518 0.6734 4.0521 0.0776 0.0776 0.3827 0 0
31 82 1640 0 0 0 0 0 1.0005 0 0.8067 0.0076 0.1986 0.2173 0.9985 0.9757 0.1457 0.2491 0.3845 4.9474 0.7385 -0.0157 0.5665 0.7278 4.0723 0.0479 0.0479 0.3936 0 0
31 83 1614 0 0 0 0 0 1.0011 0 0.973 -0.1658 0.1658 0.1878 1.1112 0.9706 0.0927 0.4533 0.746 8.6082 0.6954 0.0087 0.5339 0.7057 4.118 -0.0035 0.0035 0.4943 0 0
31 84 1727 0 0 0 0 0 1.0003 0 0.7582 0.0249 0.1196 0.1395 0.8498 0.9899 0.1145 0.1771 0.2232 1.8566 0.7499 0.0227 0.5404 0.6824 4.0202 -0.0704 0.0704 0.3127 0 0
31 85 1580 0 0 0 0 0 1.0002 0 0.662 0.0117 0.2254 0.2875 1.2377 0.9716 -0.204 0.2944 0.3613 3.2092 0.7165 -0.1107 0.5713 0.7393 4.0439 0.0479 0.0479 0.3855 0 0
31 86 1684 0 0 0 0 0 1.0002 0 0.4679 0.1782 0.221 0.3123 1.0085 0.9927 -0.0044 0.1527 0.2148 1.8407 0.7616 0.0087 0.5373 0.6779 4.0236 0.1671 0.1671 0.3348 0 0
31 87 1705 0 0 0 0 0 1.0005 0 0.8892 -0.0246 0.1243 0.1597 1.0847 0.9896 0.2013 0.215 0.2839 2.2803 0.7798 0.0944 0.4828 0.6277 4.0788 0.0118 0.0118 0.377 0 0
31 88 1653 0 0 0 0 0 1.0005 0 0.6891 0.0075 0.1734 0.2402 1.3287 0.9891 -0.1001 0.1678 0.2584 3.7646 0.6675 -0.0058 0.5948 0.7438 4.0537 -0.0015 0.0015 0.3915 0 0
31 89 1725 0 0 0 0 0 1.0002 0 0.9627 -0.0665 0.0988 0.1203 0.9956 0.9835 0.0622 0.1827 0.2566 2.2569 0.7362 0.008 0.5299 0.6961 4.0062 -0.0261 0.0261 0.3507 0 0
31 90 1670 0 0 0 0 0 1.0003 0 0.6055 -0.013 0.173 0.2037 0.9374 0.9739 0.1438 0.2492 0.3252 2.1897 0.7624 0.0998 0.4834 0.6211 4.0512 0.0892 0.0892 0.3866 0 0
31 91 1623 0 0 0 0 0 1.0006 0 0.9846 -0.1475 0.181 0.1968 1.3662 0.9824 0.0033 0.2188 0.3097 3.1984 0.7302 0.0796 0.5022 0.6501 4.0728 0.0881 0.0881 0.3581 0 0
31 92 1641 0 0 0 0 0 1.0002 0 0.9605 -0.0696 0.1113 0.1524 0.9273 0.9955 -0.1282 0.1781 0.2128 2.1523 0.6896 -0.0706 0.5513 0.7069 3.9941 -0.0259 0.0259 0.3641 0 0
31 93 1632 0 0 0 0 0 1.0007 0 0.8592 -0.0261 0.0981 0.1141 0.858 0.9959 0.016 0.1341 0.1623 3.3446 0.7197 0.0463 0.5404 0.6835 4.0418 0.0302 0.0302 0.3917 0 0
31 94 1701 0 0 0 0 0 1.0006 0 0.7857 -0.1287 0.1659 0.23 1.0344 0.9862 0.0685 0.2729 0.375 3.3203 0.7317 -0.0285 0.5008 0.6325 4.0457 -0.1109 0.1109 0.4488 0 0
31 95 1687 0 0 0 0 0 1.0007 0 0.2561 -5e-04 0.2154 0.2784 0.9659 0.9782 -0.2283 0.2804 0.4046 4.0769 0.7117 -0.0173 0.5081 0.6632 4.0411 -0.1087 0.1087 0.3591 0 0
31 96 1666 0 0 0 0 0 1.0004 0 0.9716 -0.0243 0.0959 0.1212 0.9717 0.9778 0.0256 0.1687 0.2518 2.943 0.7312 -0.011 0.5316 0.6998 4.0705 -0.0467 0.0467 0.3861 0 0
31 97 1641 0 0 0 0 0 1.0001 0 0.3799 0.0142 0.3344 0.4699 1.5715 0.9792 -0.1676 0.2842 0.3591 2.2113 0.7423 -0.0113 0.5258 0.6902 4.0921 -0.1363 0.1363 0.3485 0 0
31 98 1618 0 0 0 0 0 1.0008 0 0.8403 0.0222 0.0618 0.0695 0.7946 0.9921 0.0053 0.1237 0.1518 2.1414 0.6892 4e-04 0.5826 0.7358 4.0292 0.18 0.18 0.4069 0 0
31 99 1748 0 0 0 0 0 1.0003 0 0.9731 0.0278 0.04 0.0537 0.9229 0.9938 0.0591 0.1161 0.1421 1.4559 0.7452 0.0364 0.5234 0.6751 4.0448 -0.0569 0.0569 0.3685 0 0
31 100 1647 0 0 0 0 0 1.0002 0 0.6614 0.0193 0.2629 0.3097 1.0597 0.9546 0.0346 0.4215 0.5358 4.7848 0.7037 -0.0751 0.5358 0.7067 4.1639 0.1661 0.1661 0.4436 0 0
31 101 1602 0 0 0 0 0 1.0006 0 0.7069 0.0891 0.1856 0.2103 0.9705 0.9739 0.0172 0.2076 0.2586 2.5509 0.7439 0.0325 0.5393 0.6654 4.0664 0.0502 0.0502 0.3944 0 0
31 102 1666 0 0 0 0 0 1.0002 0 0.8857 -0.085 0.1644 0.1982 0.9085 0.9643 -0.0629 0.2478 0.3877 3.2025 0.6787 -0.0017 0.5613 0.7308 4.1287 0.2779 0.2779 0.3671 0 0
31 103 1630 0 0 0 0 0 1.0034 0 0.9304 -0.0519 0.255 0.288 1.4972 0.9238 -0.086 0.585 0.9146 7.7374 0.6877 0.0693 0.5473 0.6864 4.0343 0.1003 0.1003 0.3808 0 0
31 104 1654 0 0 0 0 0 1.0005 0 0.3735 -0.08 0.204 0.2342 0.832 0.9799 0.1048 0.1993 0.2798 2.4236 0.7108 0.0121 0.5443 0.6926 4.0303 0.12 0.12 0.38 0 0
31 105 1674 0 0 0 0 0 1.0003 0 0.2551 -0.0361 0.1422 0.1711 0.8917 0.9931 0.0958 0.1465 0.2019 2.3812 0.7369 0.0473 0.5553 0.6973 4.0473 0.0466 0.0466 0.3745 0 0
31 106 1640 0 0 0 0 0 1.0005 0 0.6047 -0.0868 0.0919 0.117 0.8662 0.9864 0.0269 0.2026 0.2494 2.7434 0.6345 0.036 0.5924 0.7765 4.1656 -0.1463 0.1463 0.5077 0 0
31 107 1594 0 0 0 0 0 1.0012 0 0.8765 -0.0917 0.1378 0.1528 0.9366 0.9906 0.0602 0.1409 0.1842 1.7014 0.7237 0.0194 0.5187 0.6678 4.0666 0.0278 0.0278 0.3974 0 0
31 108 1643 0 0 0 0 0 1.0004 0 0.8576 0.0113 0.1205 0.1415 1.0703 0.9907 0.0849 0.1605 0.2086 2.7492 0.7334 -0.028 0.5348 0.6971 4.1202 -0.0286 0.0286 0.4372 0 0
31 109 1674 0 0 0 0 0 1.0003 0 0.9605 -0.0532 0.0755 0.1044 0.9167 0.9894 0.0079 0.1547 0.2338 3.4264 0.7326 -0.0318 0.5474 0.7053 4.0181 0.0323 0.0323 0.3791 0 0
31 110 1631 0 0 0 0 0 1.0006 0 0.4266 -0.0972 0.2172 0.2628 0.9938 0.9782 -0.0789 0.3954 0.6123 5.7667 0.6579 0.0065 0.5564 0.721 4.0522 0.1349 0.1349 0.4112 0 0
31 111 1715 0 0 0 0 0 1.0004 0 0.7707 -0.1496 0.1496 0.2089 0.8375 0.9925 -0.0618 0.1972 0.2944 4.1469 0.8152 -0.0343 0.4402 0.5601 4.0408 -0.1519 0.1519 0.3715 0 0
31 112 1660 0 0 0 0 0 1.0011 0 0.3683 -0.0817 0.1822 0.2287 0.9102 0.9658 -0.0384 0.3109 0.485 4.3976 0.7081 -0.0038 0.5645 0.7097 4.066 0.1722 0.1722 0.4264 0 0
31 113 1676 0 0 0 0 0 1.0005 0 0.8922 -0.0747 0.1176 0.1428 0.9375 0.9868 -0.0263 0.2416 0.352 3.346 0.7223 -0.034 0.5368 0.7001 4.1262 -0.0798 0.0798 0.3829 0 0
31 114 1700 0 0 0 0 0 1.0006 0 0.422 -0.0736 0.136 0.1824 0.976 0.9834 -0.0588 0.2357 0.3443 2.9931 0.7426 -0.0067 0.5174 0.6759 4.0696 -0.0801 0.0801 0.407 0 0
31 115 1678 0 0 0 0 0 1.0004 0 0.6194 -0.0532 0.209 0.2249 0.9772 0.9865 0.0452 0.1632 0.2357 1.8021 0.7025 -0.0429 0.558 0.6996 4.1003 0.0844 0.0844 0.3936 0 0
31 116 1564 0 0 0 0 0 1.0005 0 0.5575 -0.0887 0.1989 0.2489 1.1314 0.9798 0.0608 0.3278 0.4105 4.626 0.6556 0.0168 0.5677 0.7108 4.099 0.066 0.066 0.4608 0 0
31 117 1671 0 0 0 0 0 1.0007 0 0.7213 -0.1602 0.2065 0.2259 0.9727 0.9613 -0.3047 0.5273 0.7754 9.2906 0.6786 -0.1111 0.5594 0.7305 4.1956 0.029 0.029 0.5847 0 0
31 118 1606 0 0 0 0 0 1.0008 0 0.8479 -0.0742 0.124 0.1349 0.9481 0.9981 -0.0213 0.1066 0.1304 2.4981 0.7404 0.0183 0.5219 0.6711 4.1585 0.0997 0.0997 0.415 0 0
31 119 1693 0 0 0 0 0 1.0003 0 0.9053 -0.0468 0.0641 0.0935 0.976 0.9695 -0.0186 0.2784 0.3546 4.6387 0.684 0.085 0.5806 0.7234 4.0623 -0.0254 0.0254 0.4614 0 0
31 120 1704 0 0 0 0 0 1.0004 0 0.9497 0.0951 0.1965 0.2465 1.0967 0.976 0.0468 0.2446 0.3086 3.4076 0.7775 -0.0091 0.5159 0.6594 4.0273 -0.134 0.134 0.3644 0 0
31 121 1555 0 0 0 0 0 1.0004 0 0.8612 -0.0525 0.1295 0.1629 1.0799 0.9847 0.0555 0.2077 0.2886 3.6947 0.7102 0.1039 0.5842 0.7288 4.048 0.0088 0.0088 0.424 0 0
31 122 1720 0 0 0 0 0 1.0003 0 -0.3215 -0.0616 0.1523 0.2073 0.8104 0.9794 0.1006 0.1905 0.2616 2.2111 0.7142 -0.0037 0.5202 0.672 4.0564 -0.0986 0.0986 0.3995 0 0
31 123 1665 0 0 0 0 0 1.0005 0 0.8438 0.0041 0.0908 0.1153 0.9555 0.9811 0.0173 0.2044 0.2967 4.9847 0.7243 -0.0255 0.5904 0.7648 4.147 0.196 0.196 0.3622 0 0
31 124 1692 0 0 0 0 0 1.0003 0 0.5223 0.0087 0.1139 0.157 0.9985 0.9723 0.1462 0.3186 0.5192 7.0891 0.7108 -0.068 0.5352 0.6786 4.0487 -0.0137 0.0137 0.4398 0 0
31 125 1748 0 0 0 0 0 1.0005 0 0.9465 0.0302 0.1526 0.1607 1.0407 0.9868 0.0059 0.1742 0.2331 2.2329 0.7958 0.0221 0.4562 0.5939 4.0347 -0.0581 0.0581 0.3317 0 0
31 126 1593 0 0 0 0 0 1.0008 0 0.8827 -0.0295 0.1059 0.1289 1.1932 0.9875 0.0316 0.2365 0.296 3.8763 0.629 0.0094 0.5935 0.7572 4.1496 -0.1356 0.1356 0.4398 0 0
31 127 18263 0 0 9000 356 382 32.4405 336 0.8304 -0.3669 0.3669 0.3882 1.891 0.4554 225574696.0416 377317927.5108 1127717138.3175 15426518659.1444 0.6684 0.0651 0.5827 0.7704 4.4754 0.0057 0.0057 0.4078 1 1
31 128 1631 0 0 0 0 0 1.0005 0 0.7224 0.0404 0.2131 0.2356 0.9019 0.9755 0.0265 0.1682 0.2211 2.3333 0.7327 -0.021 0.5228 0.6726 4.0634 -0.0058 0.0058 0.3758 0 0
31 129 1671 0 0 0 0 0 1.0001 0 0.353 0.1005 0.222 0.242 0.9118 0.9668 -0.1927 0.2874 0.3496 1.6041 0.7429 -0.0821 0.5422 0.6935 4.036 0.0322 0.0322 0.3731 0 0
31 130 1648 0 0 0 0 0 1.0002 0 0.7766 0.0341 0.085 0.1027 0.8979 0.9896 0.1314 0.1819 0.2361 2.0583 0.6934 0.0932 0.5862 0.7462 4.0915 -0.0441 0.0441 0.4134 0 0
31 131 1722 0 0 0 0 0 1.0006 0 0.845 0.0445 0.1817 0.2191 0.9789 0.95 -0.076 0.2594 0.3629 2.9341 0.7742 -0.0498 0.4835 0.614 4.0074 -0.0173 0.0173 0.349 0 0
31 132 1634 0 0 0 0 0 1.0006 0 0.7327 -0.0203 0.1005 0.1263 1.0021 0.9951 -0.0118 0.1186 0.162 3.0152 0.7701 0.0208 0.494 0.6207 4.0183 -0.054 0.054 0.3682 0 0
31 133 1606 0 0 0 0 0 1.0005 0 0.9672 -0.0919 0.1019 0.1402 0.9283 0.9177 0.5437 0.582 1.2645 15.2471 0.6787 0.0159 0.5264 0.7106 4.0128 -0.044 0.044 0.3898 0 0
31 134 1701 0 0 0 0 0 1.0003 0 0.5195 0.0236 0.1513 0.2075 0.8814 0.9791 0.0606 0.2437 0.3022 2.0368 0.7183 0.1174 0.5631 0.7243 4.0849 0.1424 0.1424 0.41 0 0
31 135 1664 0 0 0 0 0 1.0004 0 0.6387 -0.1243 0.1979 0.2497 0.973 0.9828 0.048 0.3562 0.4993 4.2688 0.6867 -0.0374 0.5481 0.7103 4.0528 -0.1118 0.1118 0.4242 0 0
31 136 17921 0 0 9000 356 382 110.7389 344 0.1282 -0.3999 0.3999 0.44 1.5302 0.4765 -311608.6446 567154.2577 1192571.0113 14962035.4627 0.5871 0.0783 0.6311 0.8044 4.7704 0.0716 0.0716 0.5267 1 1
31 137 1630 0 0 0 0 0 1.0003 0 0.8313 -0.0551 0.1149 0.1809 1.0361 0.9956 0.1566 0.1744 0.2246 2.7537 0.7409 -0.0087 0.5068 0.6681 4.0907 0.015 0.015 0.3981 0 0
31 138 1676 0 0 0 0 0 1.0004 0 0.7887 -0.0801 0.1623 0.1895 0.9419 0.9833 -0.3336 0.3474 0.4929 4.7574 0.7461 -0.1524 0.5347 0.6687 4.1412 -0.042 0.042 0.4021 0 0
31 139 1616 0 0 0 0 0 1.0003 0 0.9135 -0.1109 0.1686 0.2183 0.9558 0.9901 0.016 0.1788 0.2338 3.1268 0.7207 0.0519 0.5409 0.6849 4.0304 0.0583 0.0583 0.4014 0 0
31 140 1695 0 0 0 0 0 1.0006 0 0.9492 0.0404 0.0762 0.0901 0.9641 0.9806 -0.049 0.1899 0.2548 3.1619 0.7282 0.0601 0.5155 0.6688 4.072 0.1077 0.1077 0.3895 0 0
31 141 1684 0 0 0 0 0 1.0006 0 0.2552 -0.002 0.1808 0.2283 1.1778 0.9818 0.031 0.2733 0.3199 3.5957 0.6888 0.0724 0.6447 0.7968 4.0529 -0.0936 0.0936 0.4336 0 0
31 142 1725 0 0 0 0 0 1.0004 0 0.9245 -0.181 0.2362 0.2565 0.798 0.9842 0.0331 0.2155 0.267 2.3436 0.7589 -0.0534 0.5105 0.6567 4.0636 0.1932 0.1932 0.3488 0 0
31 143 1663 0 0 0 0 0 1.0005 0 0.568 -0.1023 0.1693 0.2995 1.0779 0.9927 0.0584 0.1367 0.2117 2.4496 0.7312 -0.0573 0.5291 0.6749 4.1336 0.0372 0.0372 0.4223 0 0
31 144 1653 0 0 0 0 0 1.0002 0 0.8105 -0.1084 0.1219 0.1625 0.8424 0.9937 -0.002 0.1586 0.2153 2.2987 0.7464 0.0951 0.5206 0.6636 4.0461 0.083 0.083 0.384 0 0
31 145 1724 0 0 0 0 0 1.0006 0 0.9129 -0.0542 0.1455 0.1618 1.1254 0.9678 0.1778 0.2496 0.4058 3.3353 0.7517 0.0076 0.4994 0.6268 4.0159 -0.0072 0.0072 0.3905 0 0
31 146 1634 0 0 0 0 0 1.0005 0 0.7989 -0.0728 0.1566 0.1817 0.9449 0.9717 -0.271 0.3355 0.4725 4.0568 0.6674 -0.0835 0.5703 0.7391 4.0383 -0.0976 0.0976 0.385 0 0
31 147 1682 0 0 0 0 0 1.0005 0 0.7938 -0.0816 0.1752 0.1977 1.0184 0.9948 0.0056 0.1214 0.1607 2.4732 0.729 -0.035 0.5063 0.6644 4.0425 -0.0067 0.0067 0.3778 0 0
31 148 1659 0 0 0 0 0 1.0006 0 0.8282 0.0237 0.1409 0.1876 0.8849 0.9916 0.094 0.1843 0.2537 2.1035 0.7855 0.0741 0.494 0.6394 4.0186 -0.0462 0.0462 0.3408 0 0
31 149 1642 0 0 0 0 0 1.0006 0 0.7365 -0.0681 0.1236 0.1526 0.9425 0.9914 0.0046 0.1252 0.1689 1.9112 0.719 -0.0269 0.5473 0.69 4.0616 0.034 0.034 0.3936 0 0
31 150 1707 0 0 0 0 0 1.0008 0 0.9273 0.1522 0.1522 0.2386 1.0897 0.9963 0.007 0.1662 0.2188 2.1106 0.792 0.0108 0.5031 0.6472 4.0042 0.0687 0.0687 0.3329 0 0
31 151 1600 0 0 0 0 0 1.0009 0 0.0988 -0.2123 0.2948 0.3558 1.5279 0.9729 0.1885 0.733 1.032 9.4383 0.6096 -0.0053 0.5976 0.7565 4.0966 0.0643 0.0643 0.5576 0 0
31 152 1630 0 0 0 0 0 1.0005 0 0.1522 -0.0499 0.1985 0.2114 0.9849 0.9847 0.0861 0.2224 0.29 4.4056 0.6754 0.0189 0.5611 0.6987 4.0434 0.2288 0.2288 0.4205 0 0
31 153 1657 0 0 0 0 0 1.0006 0 0.3403 -0.0235 0.1196 0.1436 0.9178 0.982 -0.0255 0.1522 0.2175 2.7686 0.7463 -0.0238 0.5688 0.7072 4.0574 -0.0179 0.0179 0.4186 0 0
31 154 1595 0 0 0 0 0 1.0004 0 0.7615 -0.1501 0.2036 0.2182 0.8784 0.9799 -0.0596 0.3109 0.3602 2.8145 0.6118 -0.0058 0.5789 0.7446 4.1158 0.247 0.247 0.4255 0 0
31 155 1623 0 0 0 0 0 1.0015 0 0.8378 0.0214 0.1783 0.1964 0.9895 0.9823 -0.1405 0.2017 0.295 3.1639 0.729 0.0298 0.5423 0.6975 4.0426 -0.1186 0.1186 0.3688 0 0
31 156 1660 0 0 0 0 0 1.0004 0 0.4821 0.0506 0.1665 0.1882 0.8493 0.9828 -0.0206 0.2176 0.2753 2.666 0.7198 0.0083 0.5345 0.6937 4.1094 -0.1048 0.1048 0.3859 0 0
31 157 1643 0 0 0 0 0 1.0004 0 -0.2183 0.0374 0.0845 0.1016 0.8508 0.9914 0.1286 0.1683 0.208 2.6976 0.6441 0.0089 0.6144 0.7898 4.0183 -0.043 0.043 0.4315 0 0
31 158 1655 0 0 0 0 0 1.0004 0 0.8886 0.0651 0.1078 0.1309 0.9084 0.9919 0.1309 0.1494 0.1919 1.9302 0.7378 0.0815 0.5345 0.7115 4.0939 -0.1659 0.1659 0.3945 0 0
31 159 1666 0 0 0 0 0 1.0005 0 0.7219 0.1562 0.175 0.2731 1.1494 0.9872 -0.166 0.1978 0.2453 2.0398 0.7532 -0.0547 0.5616 0.7079 4.0966 0.0726 0.0726 0.3536 0 0
31 160 1709 0 0 0 0 0 1.0005 0 0.0723 -0.1412 0.3158 0.3916 1.1232 0.9322 0.2645 0.6866 0.9618 7.2384 0.6003 0.0456 0.5465 0.706 4.0735 -0.0193 0.0193 0.4405 0 0
31 161 1582 0 0 0 0 0 1.0002 0 0.9396 -0.1377 0.1883 0.2212 1.18 0.9977 -0.0513 0.1459 0.172 4.3134 0.7067 -0.071 0.5375 0.6968 4.0629 -0.082 0.082 0.4238 0 0
31 162 1624 0 0 0 0 0 1.0004 0 0.7817 0.0361 0.1459 0.1674 1.0588 0.9928 -0.1447 0.1476 0.2055 2.3881 0.6747 -0.1079 0.6025 0.7943 4.0346 0.2132 0.2132 0.3679 0 0
31 163 1701 0 0 0 0 0 1.0002 0 0.8843 -0.0571 0.1335 0.1818 0.9893 0.9708 -0.1424 0.3115 0.5604 5.6103 0.7428 0.0389 0.5011 0.6614 4.109 -0.0373 0.0373 0.3642 0 0
31 164 1641 0 0 0 0 0 1.0006 0 0.417 -0.0854 0.2604 0.306 1.2262 0.9884 -0.1839 0.2299 0.3237 3.5253 0.6832 0.052 0.5644 0.717 4.0301 -0.0352 0.0352 0.4293 0 0
31 165 1678 0 0 0 0 0 1.0003 0 0.9043 -0.0825 0.138 0.16 0.9741 0.9893 0.0733 0.1476 0.2036 2.971 0.7842 0.0226 0.4592 0.6034 4.1055 0.01 0.01 0.4196 0 0
31 166 1618 0 0 0 0 0 1.0007 0 0.9285 -0.0404 0.0823 0.12 1.1062 0.9904 -0.0649 0.1577 0.2373 2.4226 0.7045 -0.0239 0.5471 0.7047 4.084 -0.2041 0.2041 0.3756 0 0
31 167 1695 0 0 0 0 0 1.0005 0 0.6988 0.1676 0.1854 0.2264 0.873 0.9881 -0.0046 0.1504 0.203 3.0465 0.7452 -0.0909 0.5399 0.698 4.1265 -0.04 0.04 0.3855 0 0
31 168 1691 0 0 0 0 0 1.0005 0 0.8909 0.0276 0.105 0.1247 0.9441 0.997 0.0131 0.092 0.1143 2.5669 0.7842 0.0103 0.5027 0.6453 4.0393 -0.0362 0.0362 0.3744 0 0
31 169 1657 0 0 0 0 0 1.0002 0 0.8441 -0.0275 0.1861 0.234 0.9684 0.988 0.0171 0.1686 0.2067 2.6921 0.7705 4e-04 0.4895 0.6559 4.0269 0.0689 0.0689 0.3532 0 0
31 170 1668 0 0 0 0 0 1.0006 0 0.4422 -0.043 0.1199 0.149 0.8661 0.986 0.0182 0.1516 0.2327 2.1708 0.7319 -0.0368 0.5308 0.7027 4.0906 -0.2616 0.2616 0.3653 0 0
31 171 1602 0 0 0 0 0 1.0005 0 0.1092 -0.1317 0.2773 0.3068 0.9459 0.9858 -0.0232 0.2376 0.3219 2.9527 0.7039 -0.0315 0.5169 0.6545 4.0789 -0.0901 0.0901 0.4405 0 0
31 172 1646 0 0 0 0 0 1.0005 0 0.9373 0.0104 0.1138 0.1263 0.9098 0.9662 0.0214 0.2326 0.3093 3.6335 0.7194 0.0267 0.5531 0.7046 4.1027 -0.1152 0.1152 0.3866 0 0
31 173 1674 0 0 0 0 0 1.0005 0 0.9381 -0.0634 0.0897 0.1089 1.0115 0.9944 0.2554 0.2781 0.3028 3.4085 0.6843 0.1041 0.5445 0.7051 4.1317 0.1227 0.1227 0.4753 0 0
31 174 1713 0 0 0 0 0 1.0007 0 0.7916 0.0268 0.121 0.1432 0.9209 0.9849 0.0629 0.1971 0.2634 2.8454 0.7193 0.0972 0.5329 0.6707 3.9922 0.0572 0.0572 0.3754 0 0
31 175 1692 0 0 0 0 0 1.0006 0 0.7181 -0.131 0.2022 0.2341 0.8878 0.9867 0.1032 0.17 0.2392 1.3977 0.7861 0.0429 0.4591 0.6002 4.0522 0.0636 0.0636 0.3454 0 0
31 176 1729 0 0 0 0 0 1.0002 0 0.9307 -0.0245 0.1668 0.1856 0.9015 0.9659 0.0333 0.2547 0.3797 4.0317 0.6891 -0.0377 0.5672 0.7172 4.077 0.1396 0.1396 0.3854 0 0
31 177 1652 0 0 0 0 0 1.0003 0 0.9479 0.0011 0.1127 0.1217 1.2587 0.9919 -0.0404 0.1188 0.1643 1.7826 0.7129 0.013 0.5443 0.6839 4.0655 -0.0815 0.0815 0.3681 0 0
31 178 1658 0 0 0 0 0 1.0005 0 0.9267 -0.0455 0.0739 0.1032 0.9848 0.9896 0.1412 0.2163 0.2663 3.8548 0.7122 0.0517 0.5682 0.7293 4.1001 0.0917 0.0917 0.3983 0 0
31 179 1621 0 0 0 0 0 1.0002 0 0.502 -0.0388 0.1186 0.1326 0.9509 0.984 0.0851 0.1871 0.2358 1.9281 0.7027 0.0333 0.5564 0.73 4.0594 0.1339 0.1339 0.4111 0 0
31 180 1727 0 0 0 0 0 1.0006 0 0.922 -0.041 0.1439 0.173 0.8516 0.9943 -0.0626 0.1077 0.1411 1.5643 0.8049 -0.0511 0.4657 0.5935 4.0409 0.0025 0.0025 0.3667 0 0
31 181 1668 0 0 0 0 0 1.0006 0 0.892 0.1026 0.1737 0.2209 1.0814 0.979 -0.1589 0.2712 0.391 5.9204 0.7107 0.0089 0.5529 0.7027 4.0545 -0.1555 0.1555 0.4002 0 0
31 182 1652 0 0 0 0 0 1.0004 0 0.9149 -0.089 0.1108 0.1368 0.9582 0.9921 0.0581 0.1966 0.2748 5.454 0.7072 -0.0161 0.5418 0.7006 4.0441 0.1081 0.1081 0.4208 0 0
31 183 1695 0 0 0 0 0 1.0008 0 0.7422 0.0082 0.1156 0.1288 0.8721 0.9928 0.0311 0.1461 0.1852 2.102 0.7174 0.051 0.5599 0.7344 4.062 -0.0728 0.0728 0.3726 0 0
31 184 1604 0 0 0 0 0 1.0005 0 0.824 0.0757 0.1548 0.2504 1.1313 0.9914 0.0154 0.0955 0.1344 2.142 0.7707 0.0495 0.4891 0.6391 4.0321 -0.0516 0.0516 0.3565 0 0
31 185 1665 0 0 0 0 0 1.0003 0 0.8776 -0.0664 0.122 0.1468 0.9514 0.9808 -0.1216 0.2489 0.4053 7.4741 0.7103 -0.0181 0.5657 0.7154 4.0289 0.1495 0.1495 0.3806 0 0
31 186 1707 0 0 0 0 0 1.0004 0 0.6658 -0.094 0.1757 0.2269 1.0363 0.988 -0.1013 0.2475 0.3141 3.1201 0.7641 -0.1153 0.5159 0.6579 4.0508 -0.0915 0.0915 0.3971 0 0
31 187 1648 0 0 0 0 0 1.0004 0 0.6721 0.1006 0.1663 0.2007 0.9038 0.9512 -0.0152 0.3293 0.4314 4.6242 0.6711 -0.0706 0.6309 0.7984 4.0702 -0.208 0.208 0.4322 0 0
31 188 1721 0 0 0 0 0 1.0005 0 0.9556 0.0119 0.1186 0.1376 1.0384 0.9814 -0.0892 0.229 0.2564 2.8096 0.79 -0.1115 0.4967 0.6268 4.03 -0.0706 0.0706 0.3503 0 0
31 189 1657 0 0 0 0 0 1.0004 0 0.8515 -0.1072 0.1653 0.198 0.9563 0.9904 -0.0551 0.2046 0.2514 3.7647 0.7348 -0.059 0.5153 0.6705 4.1879 0.045 0.045 0.4227 0 0
31 190 1624 0 0 0 0 0 1.0008 0 0.4552 -0.1464 0.2157 0.2867 0.92 0.9746 0.0138 0.3583 0.4618 4.354 0.7036 0.0598 0.5396 0.6815 4.0694 0.2135 0.2135 0.4341 0 0
31 191 1627 0 0 0 0 0 1.0003 0 0.6948 -0.1838 0.2574 0.2914 0.9481 0.9783 -0.0888 0.3879 0.6403 6.2511 0.6859 0.0605 0.537 0.7045 4.1392 -0.2536 0.2536 0.4353 0 0
31 192 1630 0 0 0 0 0 1.0006 0 0.1697 -0.0676 0.193 0.2615 0.9495 0.9698 0.0466 0.3035 0.4392 3.9585 0.7452 0.138 0.5248 0.6874 4.0061 0.0466 0.0466 0.3978 0 0
31 193 1680 0 0 0 0 0 1.0005 0 0.9414 -0.1236 0.1236 0.1497 0.8868 0.9922 0.0531 0.1832 0.2971 3.558 0.7591 -0.0839 0.5035 0.6509 4.0938 0.2462 0.2462 0.339 0 0
31 194 1754 0 0 0 0 0 1.0003 0 0.9623 -0.1145 0.1145 0.1246 0.9957 0.9861 0.0145 0.1576 0.1908 2.007 0.7386 -0.006 0.5413 0.7011 4.0419 0.0204 0.0204 0.3784 0 0
31 195 1638 0 0 0 0 0 1.0004 0 0.3491 0.0611 0.1646 0.2403 0.8806 0.9801 -0.0775 0.1959 0.2345 1.3554 0.8157 -0.0376 0.493 0.6349 4.0754 -0.0581 0.0581 0.3623 0 0
31 196 1691 0 0 0 0 0 1.0004 0 0.8285 0.0126 0.1498 0.1675 0.9854 0.9891 -0.0955 0.2185 0.281 2.3764 0.7583 0.0342 0.523 0.6648 4.0774 -0.0131 0.0131 0.4135 0 0
31 197 1701 0 0 0 0 0 1.0003 0 0.5777 -0.0718 0.168 0.1895 0.9981 0.9894 0.0013 0.1559 0.1913 2.0322 0.6401 0.0168 0.5702 0.7309 4.0873 0.1869 0.1869 0.4061 0 0
31 198 1692 0 0 0 0 0 1.0014 0 0.6052 -0.0411 0.1725 0.188 1.0009 0.9858 0.1784 0.244 0.3723 3.8256 0.7537 0.0943 0.5159 0.6593 4.0405 -0.092 0.092 0.3757 0 0
31 199 1636 0 0 0 0 0 1.001 0 0.5326 0.028 0.122 0.1356 0.9728 0.9944 -0.0815 0.1125 0.1495 2.0542 0.6776 -0.0138 0.5687 0.7323 4.0147 0.0097 0.0097 0.3977 0 0
31 200 1649 0 0 0 0 0 1.0004 0 0.7997 -0.0834 0.1498 0.2145 0.8696 0.9872 -0.0226 0.154 0.2006 3.088 0.6705 -0.0482 0.5754 0.7621 4.0377 -0.0901 0.0901 0.3876 0 0
31 201 1675 0 0 0 0 0 1.0003 0 0.8604 -0.0222 0.1552 0.1926 0.922 0.9933 0.0975 0.1484 0.2003 3.2744 0.7272 0.0575 0.5555 0.7046 4.0626 0.0507 0.0507 0.4015 0 0
31 202 1681 0 0 0 0 0 1.0003 0 0.9139 0.0261 0.11 0.1241 0.8519 0.9934 -0.0623 0.1154 0.164 2.9919 0.7628 0.0219 0.4915 0.6266 4.022 0.1391 0.1391 0.3633 0 0
31 203 1700 0 0 0 0 0 1.0011 0 0.8692 4e-04 0.1688 0.2141 1.1782 0.9768 -0.0062 0.2978 0.4584 6.5348 0.6553 -0.0494 0.5546 0.7346 4.1653 0.1093 0.1093 0.4533 0 0
31 204 1648 0 0 0 0 0 1.0003 0 0.2309 0.0932 0.1647 0.1942 0.8932 0.9906 0.0306 0.1729 0.2089 3.1328 0.7559 -0.079 0.5527 0.6881 4.0366 -0.072 0.072 0.396 0 0
31 205 1630 0 0 0 0 0 1.0002 0 0.9591 0.0287 0.1054 0.1233 1.0591 0.9901 -0.0531 0.1197 0.2053 3.7977 0.7237 -0.0935 0.5534 0.7246 4.0543 0.1668 0.1668 0.3473 0 0
31 206 1645 0 0 0 0 0 1.0005 0 0.421 -0.1078 0.192 0.2404 0.9696 0.9797 -0.0192 0.2083 0.2796 3.0488 0.6988 0.0334 0.5458 0.7034 4.0516 0.1632 0.1632 0.3835 0 0
31 207 1703 0 0 0 0 0 1.0006 0 0.9331 -0.0021 0.0536 0.063 0.9485 0.9808 -0.1897 0.2336 0.299 2.3869 0.7036 -0.0264 0.5605 0.7211 4.0333 -0.0139 0.0139 0.3802 0 0
31 208 1677 0 0 0 0 0 1.0003 0 0.853 0.1085 0.1958 0.2385 1.2167 0.9934 -0.0641 0.1324 0.1618 2.3082 0.7718 0.0411 0.4978 0.6632 4.0622 -0.1579 0.1579 0.3474 0 0
31 209 1696 0 0 0 0 0 1.0003 0 0.7462 0.0416 0.2109 0.2283 1.156 0.9892 0.0766 0.1865 0.2253 2.9813 0.7459 0.0045 0.5226 0.6731 4.0733 0.021 0.021 0.3631 0 0
31 210 1687 0 0 0 0 0 1.0005 0 0.1432 -0.1905 0.1919 0.2683 0.9519 0.9809 0.0973 0.3107 0.4773 4.1478 0.6847 0.0097 0.5414 0.7137 4.0538 -0.0018 0.0018 0.4287 0 0
31 211 1702 0 0 0 0 0 1.0008 0 -0.6659 -0.1043 0.2136 0.2738 0.8975 0.976 -0.0964 0.2516 0.3528 3.3986 0.7276 0.0612 0.544 0.6919 4.0571 -0.0571 0.0571 0.4683 0 0
31 212 1681 0 0 0 0 0 1.0006 0 0.7166 -0.2166 0.2487 0.2955 0.915 0.9913 -0.0132 0.2633 0.3507 3.0485 0.7674 -0.0011 0.4758 0.6382 4.0393 0.1759 0.1759 0.3687 0 0
31 213 1615 0 0 0 0 0 1.0005 0 0.7036 0.0719 0.2106 0.2388 1.2732 0.9913 -0.0772 0.2041 0.2795 4.4149 0.7213 0.0138 0.528 0.6879 4.0584 0.038 0.038 0.4044 0 0
31 214 1587 0 0 0 0 0 1.0003 0 0.6429 -0.0483 0.2002 0.2289 0.8977 0.9823 0.0727 0.1916 0.2609 2.7126 0.7672 0.0402 0.5012 0.6331 4.0775 -0.0955 0.0955 0.4032 0 0
31 215 1674 0 0 0 0 0 1.0006 0 0.6055 -0.0211 0.3047 0.3215 1.0427 0.9041 -0.1346 0.4721 0.7982 10.5211 0.7237 0.1259 0.5481 0.6917 4.0826 0.0048 0.0048 0.3905 0 0
31 216 1702 0 0 0 0 0 1.0003 0 0.6317 -0.0568 0.176 0.2564 0.9503 0.9914 0.1295 0.2158 0.256 3.0972 0.7008 0.0142 0.5749 0.7259 4.0173 -0.0464 0.0464 0.4048 0 0
31 217 1722 0 0 0 0 0 1.0003 0 0.9747 -0.0906 0.2015 0.2342 1.3316 0.963 -0.0707 0.3294 0.5364 6.9744 0.6845 -0.0189 0.556 0.7177 4.0173 0.1326 0.1326 0.3922 0 0
31 218 1640 0 0 0 0 0 1.0002 0 0.5582 -0.0497 0.1906 0.2181 1.0862 0.9809 -0.1296 0.3726 0.5034 3.8753 0.7019 -0.0186 0.5717 0.7345 4.0429 -0.1009 0.1009 0.402 0 0
31 219 1683 0 0 0 0 0 1.0011 0 0.5815 -0.0804 0.1699 0.2038 1.0835 0.9934 0.1032 0.1746 0.2428 3.4178 0.7745 -0.0165 0.4913 0.6413 4.0371 0.0301 0.0301 0.3613 0 0
31 220 1692 0 0 0 0 0 1.0006 0 -0.014 -0.1272 0.1616 0.2277 0.9445 0.9872 0.2484 0.3625 0.597 5.3594 0.6795 0.0069 0.5551 0.7265 4.0418 -0.0527 0.0527 0.4066 0 0
31 221 1667 0 0 0 0 0 1.0004 0 0.8482 -0.1992 0.1992 0.2574 0.8828 0.9931 0.2344 0.3865 0.4988 3.9556 0.7041 -0.0033 0.5465 0.697 4.0316 -0.0618 0.0618 0.415 0 0
31 222 1680 0 0 0 0 0 1.0006 0 0.7686 -0.0528 0.1152 0.1385 0.8696 0.9886 0.01 0.1633 0.2095 2.7918 0.769 -0.0312 0.5099 0.6531 4.0149 -0.0092 0.0092 0.3917 0 0
31 223 1623 0 0 0 0 0 1.0003 0 0.9141 0.0159 0.1314 0.1675 0.9789 0.9803 -0.0658 0.2177 0.2674 1.8484 0.7823 -0.0262 0.5219 0.6729 4.0959 -0.1444 0.1444 0.367 0 0
31 224 1661 0 0 0 0 0 1.0003 0 0.9646 -0.089 0.1035 0.1167 1.044 0.9838 -0.0464 0.177 0.232 3.1692 0.769 -0.0544 0.4939 0.63 4.0136 0.0696 0.0696 0.4111 0 0
31 225 1648 0 0 0 0 0 1.0004 0 0.2402 -0.0372 0.1928 0.2229 0.9328 0.9522 0.1746 0.333 0.5485 5.5898 0.6723 0.0292 0.5956 0.7482 4.1351 0.1259 0.1259 0.4456 0 0
31 226 1690 0 0 0 0 0 1.0004 0 0.5953 -0.0411 0.1301 0.1745 0.9119 0.9922 -0.039 0.1387 0.1754 2.5333 0.7261 -0.064 0.5647 0.7257 3.9986 -0.1392 0.1392 0.3524 0 0
31 227 1716 0 0 0 0 0 1.0004 0 0.5193 0.0058 0.2271 0.2616 0.9414 0.9705 0.0944 0.2006 0.2906 2.8568 0.7438 0.0761 0.5463 0.6853 4.0074 -0.0883 0.0883 0.3468 0 0
31 228 1612 0 0 0 0 0 1.0005 0 0.5225 -0.0461 0.1718 0.212 0.9824 0.9874 0.085 0.2163 0.3123 3.0859 0.7436 -0.0645 0.5017 0.6466 4.02 -0.0299 0.0299 0.3981 0 0
31 229 1648 0 0 0 0 0 1.0004 0 0.7975 -0.0829 0.1937 0.2142 0.9929 0.944 -0.0683 0.3551 0.522 4.5466 0.6832 0.0843 0.5877 0.7454 4.1535 -0.0345 0.0345 0.4386 0 0
31 230 1670 0 0 0 0 0 1.0004 0 0.5314 -0.0264 0.181 0.1942 0.9259 0.9812 0.0756 0.1654 0.2075 1.6711 0.7276 0.0341 0.5296 0.7117 4.0488 -0.0638 0.0638 0.3827 0 0
31 231 1651 0 0 0 0 0 1.0003 0 0.6795 -0.0679 0.2981 0.3305 0.9451 0.9909 0.0281 0.1652 0.2229 2.9405 0.781 0.0074 0.5002 0.6361 4.0297 0.0022 0.0022 0.389 0 0
31 232 1675 0 0 0 0 0 1.0008 0 0.9129 0.0517 0.1167 0.194 1.0945 0.9837 -0.1228 0.2144 0.3971 7.3054 0.7086 0.0099 0.5367 0.6985 4.094 0.2292 0.2292 0.3605 0 0
31 233 1972 9000 0 0 382 382 281.786 381 -0.5911 -0.3016 0.3393 0.433 1.5271 0.4368 6.8668 7.3321 9.3577 57.9281 -0.0274 2.9027 3.7952 4.1758 25.0377 0.2564 0.2564 1.3091 1 1
31 234 1690 0 0 0 0 0 1.0002 0 0.4213 0.0338 0.174 0.2456 0.9662 0.994 -0.0539 0.1279 0.1602 2.2922 0.7934 -0.0057 0.508 0.668 4.0433 -0.0657 0.0657 0.3598 0 0
31 235 1663 0 0 0 0 0 1.0002 0 0.8255 -0.0534 0.1798 0.2124 0.9203 0.9871 0.0144 0.1376 0.1743 1.9187 0.8104 -0.0636 0.4498 0.5785 4.0165 0 0 0.3236 0 0
31 236 1642 0 0 0 0 0 1.0003 0 0.2465 -0.0185 0.156 0.2074 0.896 0.9809 0.1106 0.2014 0.2985 3.1715 0.6929 -0.0139 0.5596 0.7244 4.0242 0.0351 0.0351 0.3761 0 0
31 237 1675 0 0 0 0 0 1.0005 0 0.8034 0.1003 0.16 0.2076 0.8649 0.9906 -0.111 0.1641 0.2093 2.2546 0.7745 -0.0625 0.4752 0.6158 4.0454 -0.0063 0.0063 0.3376 0 0
31 238 1704 0 0 0 0 0 1.0006 0 0.8893 -0.1592 0.2033 0.2327 0.9654 0.9846 -0.0661 0.2451 0.3138 3.0921 0.7442 -0.093 0.5296 0.6585 4.0902 0.1545 0.1545 0.4006 0 0
31 239 1620 0 0 0 0 0 1.0003 0 0.6239 -0.0329 0.1665 0.1978 0.9808 0.9862 0.053 0.1543 0.2195 2.7162 0.7537 0.009 0.4873 0.6383 4.084 -0.0564 0.0564 0.3804 0 0
31 240 1697 0 0 0 0 0 1.0006 0 0.4924 -0.123 0.2497 0.3054 0.9578 0.9667 -0.2374 0.5322 0.9582 11.0386 0.739 0.034 0.5065 0.6351 3.9998 -0.0891 0.0891 0.3769 0 0
31 241 1666 0 0 0 0 0 1.0006 0 0.9327 0.0499 0.1786 0.2596 1.2429 0.991 0.0351 0.1345 0.17 4.0369 0.7351 -0.0125 0.5384 0.6853 4.0544 0.0651 0.0651 0.358 0 0
31 242 1735 0 0 0 0 0 1.0003 0 0.8648 -0.0634 0.121 0.1566 0.9354 0.9913 0.0082 0.2032 0.2808 3.6258 0.7548 0.0219 0.4806 0.6331 4.1057 -0.0176 0.0176 0.3856 0 0
31 243 1690 0 0 0 0 0 1.0004 0 0.827 -0.0436 0.1975 0.2019 0.9304 0.9932 -0.0364 0.12 0.1778 1.7407 0.8012 0.044 0.4663 0.6044 4.0227 -0.1356 0.1356 0.3445 0 0
31 244 1715 0 0 0 0 0 1.0002 0 0.9301 -0.0372 0.0892 0.1375 1.0157 0.9861 0.0991 0.2122 0.2934 2.5106 0.7501 0.0388 0.53 0.6559 4.044 0.1359 0.1359 0.3422 0 0
31 245 1697 0 0 0 0 0 1.0002 0 0.9851 -0.0842 0.0965 0.1335 1.1299 0.9778 0.2855 0.3675 0.6086 8.9983 0.7452 0.1297 0.5105 0.6713 4.1708 -0.0133 0.0133 0.3821 0 0
31 246 1735 0 0 0 0 0 1.0003 0 0.9527 -0.1482 0.1485 0.2015 0.9642 0.9865 -0.0744 0.2977 0.3955 5.5535 0.6977 -0.0195 0.5281 0.6572 4.0288 -0.1632 0.1632 0.4267 0 0
31 247 1645 0 0 0 0 0 1.0002 0 0.3808 -0.0579 0.1835 0.235 0.9891 0.9847 -0.0626 0.1759 0.2264 2.2132 0.7269 -0.0965 0.5207 0.6733 4.0563 -0.1357 0.1357 0.3659 0 0
31 248 1727 0 0 0 0 0 1.0005 0 0.2584 -0.064 0.1482 0.1763 0.8546 0.9865 -0.0109 0.179 0.2615 2.7572 0.7825 -0.0935 0.4864 0.6305 4.0925 -0.0997 0.0997 0.3758 0 0
31 249 1668 0 0 0 0 0 1.0004 0 0.7517 -0.1127 0.2237 0.2519 0.9177 0.9852 0.1347 0.2442 0.3195 3.0453 0.7312 0.0551 0.5168 0.6635 4.0411 -0.1036 0.1036 0.4032 0 0
31 250 1547 0 0 0 0 0 1.0003 0 0.9055 -0.003 0.0566 0.0716 1.0575 0.9883 -0.1041 0.2175 0.2801 3.9331 0.5892 -0.0159 0.6179 0.7902 4.0891 0.2263 0.2263 0.4923 0 0
31 251 1644 0 0 0 0 0 1.0003 0 0.8868 -0.0515 0.1694 0.1977 0.9757 0.9826 0.0337 0.1439 0.2109 3.7197 0.7421 0.0454 0.5038 0.6548 4.0342 0.0161 0.0161 0.3578 0 0
31 252 1715 0 0 0 0 0 1.0003 0 0.9063 -0.0985 0.1171 0.1385 0.9403 0.9889 0.1459 0.1916 0.3026 3.5343 0.7509 0.1051 0.5207 0.6808 4.0182 0.017 0.017 0.4081 0 0
31 253 1647 0 0 0 0 0 1.0004 0 0.9079 0.0536 0.137 0.1551 0.8443 0.9738 0.0782 0.2794 0.4229 3.4799 0.6926 -0.0378 0.5592 0.7099 4.0193 -0.1181 0.1181 0.406 0 0
31 254 1697 0 0 0 0 0 1.0002 0 0.5009 0.0321 0.1125 0.1544 0.9054 0.984 0.0271 0.2057 0.2538 4.1078 0.6916 0.0338 0.554 0.714 4.0205 0.1215 0.1215 0.3965 0 0
31 255 1700 0 0 0 0 0 1.0007 0 0.8482 -0.12 0.2762 0.3512 1.1975 0.9924 0.0291 0.1496 0.1817 2.3918 0.79 0.0775 0.4621 0.6152 4.0184 0.0499 0.0499 0.329 0 0
31 256 1626 0 0 0 0 0 1.0005 0 0.2897 -0.0777 0.1688 0.1869 1.0552 0.9704 -0.0914 0.2983 0.4842 6.3383 0.6066 0.0244 0.5938 0.7531 4.0744 0.016 0.016 0.4834 0 0
31 257 1724 0 0 0 0 0 1.0006 0 0.908 0.0517 0.1397 0.1655 0.9452 0.9767 -0.021 0.2191 0.2757 2.6228 0.7754 -0.0684 0.5158 0.6734 4.0263 0.083 0.083 0.3267 0 0
31 258 1678 0 0 0 0 0 1.0006 0 0.5536 -0.0282 0.1625 0.1842 0.9673 0.9758 -0.1212 0.2657 0.3773 4.3887 0.6803 -0.0621 0.5725 0.7157 4.0536 0.0575 0.0575 0.4206 0 0
31 259 1656 0 0 0 0 0 1.0008 0 0.4224 -0.0079 0.2084 0.2369 0.9313 0.973 -0.1457 0.2357 0.3635 3.5486 0.6918 -0.0162 0.5371 0.7058 4.0555 0.0357 0.0357 0.3718 0 0
31 260 1657 0 0 0 0 0 1.0004 0 0.2447 -0.0542 0.1622 0.2089 0.9705 0.9883 0.069 0.2303 0.3547 4.2304 0.666 -0.0699 0.5776 0.7294 4.0438 -0.0334 0.0334 0.4101 0 0
31 261 1691 0 0 0 0 0 1.0004 0 0.4317 -0.0534 0.2102 0.2576 1.0171 0.9839 0.133 0.2416 0.337 4.8409 0.6462 -0.054 0.5916 0.7729 4.0855 0.0798 0.0798 0.4011 0 0
31 262 1696 0 0 0 0 0 1.0002 0 0.8852 0.1706 0.2216 0.2607 1.0378 0.9925 -0.0145 0.1348 0.1575 1.1374 0.8332 -0.0902 0.446 0.5928 4.0649 -0.0609 0.0609 0.3086 0 0
31 263 1678 0 0 0 0 0 1.0006 0 0.6313 -0.0862 0.2003 0.2431 0.8865 0.9869 -0.043 0.1299 0.1772 1.8557 0.7234 -0.025 0.5645 0.6978 4.0661 0.0906 0.0906 0.4337 0 0
31 264 1645 0 0 0 0 0 1.0001 0 0.8906 -0.0833 0.1461 0.1766 0.835 0.9909 0.1115 0.1651 0.2064 2.6344 0.7384 0.0552 0.4881 0.6508 4.1249 0.1868 0.1868 0.3376 0 0
31 265 1551 0 0 0 0 0 1.0002 0 0.895 -0.0932 0.0954 0.1256 0.9496 0.9896 0.1427 0.2398 0.3316 5.888 0.688 -0.0558 0.594 0.7771 4.1232 0.1976 0.1976 0.4588 0 0
31 266 1667 0 0 0 0 0 1.0005 0 0.7007 -0.1198 0.2274 0.3107 1.09 0.9578 0.1366 0.3898 0.7597 8.5749 0.7121 0.0199 0.5358 0.72 4.0864 -0.1186 0.1186 0.3692 0 0
31 267 1622 0 0 0 0 0 1.0006 0 -0.0244 0.2067 0.2305 0.2606 0.877 0.9881 0.0584 0.1594 0.2107 1.1047 0.7447 0.0414 0.5366 0.6816 4.0134 -0.1181 0.1181 0.3525 0 0
31 268 1662 1 0 0 0 0 1.001 0 0.0436 -0.2983 0.3049 0.5481 0.9894 0.9507 -0.5023 0.6509 1.1809 11.8524 0.6916 0.0338 0.5305 0.6781 4.0604 -0.0934 0.0934 0.4102 1 0
31 269 1693 0 0 0 0 0 1.0005 0 0.8162 -0.1068 0.1917 0.205 0.9586 0.9799 0.0759 0.2185 0.3158 3.8217 0.7281 -0.0722 0.5033 0.6621 4.1651 -0.1932 0.1932 0.4007 0 0
31 270 1650 0 0 0 0 0 1.0007 0 0.9123 0.0231 0.0899 0.1291 0.9337 0.9923 0.0774 0.1387 0.174 2.5671 0.7489 0.0141 0.5609 0.7057 4.075 -0.0048 0.0048 0.393 0 0
31 271 1643 0 0 0 0 0 1.0005 0 0.7729 0.0389 0.1433 0.1558 0.8349 0.983 -0.0219 0.1594 0.1993 2.1855 0.7166 -0.0637 0.57 0.733 4.1963 0.051 0.051 0.4401 0 0
31 272 1618 0 0 0 0 0 1.0007 0 0.7535 -0.1174 0.168 0.1883 0.9262 0.9914 0.092 0.1699 0.2539 2.8416 0.7629 0.01 0.5219 0.6683 4.0523 -0.061 0.061 0.4472 0 0
31 273 1692 0 0 0 0 0 1.0004 0 -0.53 0.0011 0.2574 0.2918 0.8949 0.9761 -0.0453 0.2031 0.2889 2.4408 0.7198 -0.014 0.5321 0.6777 4.0594 0.0982 0.0982 0.3407 0 0
31 274 1616 0 0 0 0 0 1.0003 0 0.9276 0.0463 0.1644 0.2192 1.1785 0.9795 -0.1158 0.1813 0.2662 3.8622 0.6841 -0.0211 0.5767 0.7429 4.0828 -0.1652 0.1652 0.3917 0 0
31 275 1758 0 0 0 0 0 1.0006 0 0.8023 -0.1354 0.2138 0.2256 0.9084 0.9883 0.0091 0.2449 0.3636 4.3217 0.8065 -0.1159 0.4717 0.5914 4.0925 -0.153 0.153 0.3851 0 0
31 276 1605 0 0 0 0 0 1.0005 0 0.8172 -0.2496 0.2581 0.3136 0.872 0.9664 -0.2232 0.4509 0.7047 9.192 0.6807 -0.086 0.5621 0.7221 4.0968 -0.2057 0.2057 0.4665 0 0
31 277 1596 0 0 0 0 0 1.0003 0 0.5207 0.0663 0.2077 0.2673 0.9515 0.9217 -0.013 0.3677 0.5572 5.9194 0.6656 -0.0328 0.6533 0.8161 4.057 -0.1128 0.1128 0.4194 0 0
31 278 1656 0 0 0 0 0 1.0004 0 0.5021 -0.0628 0.1603 0.1771 0.8842 0.9803 -0.0048 0.1761 0.2641 2.2273 0.6905 0.0392 0.5626 0.7334 4.0628 -0.0708 0.0708 0.3918 0 0
31 279 1607 0 0 0 0 0 1.0004 0 0.8651 -0.0015 0.1409 0.163 1.0294 0.981 0.2382 0.2634 0.3898 5.2536 0.755 0.0155 0.5263 0.6663 4.0397 -0.1086 0.1086 0.4052 0 0
31 280 1704 0 0 0 0 0 1.0002 0 0.9512 0.096 0.1379 0.2075 1.1402 0.9932 0.0103 0.1164 0.1538 1.9401 0.7396 0.0382 0.5381 0.7018 4.0109 -0.0686 0.0686 0.3517 0 0
31 281 1676 0 0 0 0 0 1.0004 0 0.8594 -0.0226 0.0942 0.1211 0.8501 0.992 0.187 0.2291 0.2757 3.3199 0.7419 0.1529 0.5205 0.667 4.022 -0.0722 0.0722 0.3813 0 0
31 282 1593 0 0 0 0 0 1.0005 0 0.4756 0.0465 0.1452 0.189 0.978 0.9743 -0.1608 0.2539 0.3228 2.1439 0.7337 -0.0145 0.5484 0.6969 4.0286 -0.0749 0.0749 0.4063 0 0
31 283 1721 0 0 0 0 0 1.0007 0 0.8222 -0.0229 0.1897 0.2149 1.0104 0.8929 -0.2936 0.4692 0.9633 12.7908 0.7117 0.0398 0.5355 0.6893 4.0701 0.0386 0.0386 0.397 0 0
31 284 1643 0 0 0 0 0 1.0004 0 0.9232 -0.0628 0.094 0.123 0.9544 0.988 -0.0298 0.211 0.259 3.1152 0.7332 -0.0837 0.5379 0.6949 4.0875 0.0505 0.0505 0.4233 0 0
31 285 1631 0 0 0 0 0 1.0003 0 0.8202 -0.0067 0.1604 0.2072 0.9044 0.989 -0.1019 0.1713 0.2162 3.7275 0.7618 -0.1676 0.548 0.6897 4.0598 0.1079 0.1079 0.4006 0 0
31 286 1689 0 0 0 0 0 1.0003 0 0.7095 -0.0436 0.205 0.2328 0.9829 0.9672 -0.1978 0.3418 0.4925 4.5597 0.6895 0.0673 0.5794 0.7443 4.0895 -0.0188 0.0188 0.4228 0 0
31 287 1687 0 0 0 0 0 1.0004 0 0.2567 -0.0792 0.205 0.2572 0.9694 0.9762 -0.1252 0.2212 0.3227 2.7774 0.6828 0.0288 0.5857 0.7439 4.0335 -0.2354 0.2354 0.3885 0 0
31 288 1628 0 0 0 0 0 1.0002 0 0.4455 -0.0064 0.0876 0.108 0.8423 0.9936 -0.1701 0.1891 0.2057 2.1652 0.736 -0.056 0.5156 0.6672 4.0612 -0.0076 0.0076 0.3997 0 0
31 289 1633 0 0 0 0 0 1.0008 0 0.7633 -0.0047 0.2226 0.2381 1.1861 0.9812 0.1215 0.3376 0.4994 6.0419 0.7086 -0.0319 0.5608 0.7135 4.0254 0.1407 0.1407 0.3783 0 0
31 290 1668 0 0 0 0 0 1.0002 0 0.9792 -0.037 0.0883 0.1002 1.0624 0.9945 0.1804 0.2514 0.372 6.903 0.7437 -0.0161 0.527 0.6801 4.0399 -0.0441 0.0441 0.3875 0 0
31 291 1679 0 0 0 0 0 1.0004 0 0.9211 0.1186 0.1348 0.1608 0.8859 0.9901 0.1286 0.1754 0.2357 1.74 0.7722 0.0424 0.5148 0.6653 4.0495 -0.0847 0.0847 0.3627 0 0
31 292 1728 0 0 0 0 0 1.0006 0 0.8198 -0.0279 0.121 0.1455 0.8664 0.9912 0.0524 0.139 0.1757 2.0595 0.7452 0.0654 0.5227 0.6835 4.043 0.0929 0.0929 0.3803 0 0
31 293 1626 0 0 0 0 0 1.0005 0 0.9417 -0.1039 0.125 0.147 0.9792 0.9897 0.0055 0.162 0.2018 3.1461 0.728 0.0721 0.5367 0.6926 4.0892 -0.0804 0.0804 0.4196 0 0
31 294 1779 0 0 0 0 0 1.0005 0 0.9619 -0.1458 0.1509 0.182 1.3439 0.989 -0.0167 0.1968 0.2649 3.2801 0.7759 0.0037 0.48 0.6248 3.9963 0.0984 0.0984 0.3499 0 0
31 295 1628 0 0 0 0 0 1.0011 0 0.5604 0.079 0.163 0.1986 1.047 0.9875 -0.1262 0.185 0.2486 3.1029 0.7578 0.0345 0.5179 0.6365 4.1054 -0.0161 0.0161 0.4041 0 0
31 296 1622 0 0 0 0 0 1.0007 0 0.7076 0.1535 0.3305 0.4315 1.5986 0.9566 0.4324 0.4829 0.6858 6.8039 0.6669 0.0804 0.6286 0.8 4.031 0.0344 0.0344 0.3896 0 0
31 297 1661 0 0 0 0 0 1.0011 0 0.8685 0.1058 0.1691 0.1809 1.058 0.9729 -0.0428 0.2242 0.2887 1.6852 0.7722 -0.026 0.5275 0.6686 4.0031 0.0672 0.0672 0.3579 0 0
31 298 1708 0 0 0 0 0 1.0004 0 0.9663 0.0174 0.0568 0.0637 0.9905 0.9931 -0.0044 0.1153 0.1657 2.3567 0.7462 -0.0163 0.5098 0.6405 4.0389 0.0651 0.0651 0.4243 0 0
31 299 1648 0 0 0 0 0 1.0003 0 0.4487 -0.1202 0.1947 0.2213 0.9873 0.989 0.1501 0.2803 0.3474 2.8701 0.7093 0.0775 0.5308 0.6746 4.0514 -0.1384 0.1384 0.4127 0 0
31 300 1636 0 0 0 0 0 1.0004 0 0.419 -0.0251 0.1079 0.1211 0.8864 0.9947 -0.0266 0.122 0.148 2.4847 0.7115 -0.0169 0.5421 0.7129 4.0588 -0.0453 0.0453 0.4279 0 0
31 301 1589 0 0 0 0 0 1.0007 0 0.6468 0.1308 0.1569 0.2163 0.9868 0.986 -0.0324 0.2424 0.3101 2.4047 0.7088 -0.0389 0.5648 0.696 4.1618 0.0546 0.0546 0.445 0 0
31 302 1690 0 0 0 0 0 1.0004 0 0.8616 -0.0864 0.182 0.2213 0.915 0.9822 0.0864 0.2489 0.3624 3.785 0.7911 -0.052 0.4561 0.6164 4.0092 0.1687 0.1687 0.3175 0 0
31 303 1643 0 0 0 0 0 1.0001 0 0.7809 -0.0038 0.1748 0.2116 0.9288 0.9907 -0.0542 0.1862 0.2271 2.2606 0.7281 -0.038 0.5083 0.6557 4.1007 -0.0946 0.0946 0.3735 0 0
31 304 1560 0 0 0 0 0 1.0005 0 0.7244 -0.1385 0.207 0.2326 0.9172 0.9935 0.0241 0.1315 0.1658 1.8587 0.7305 0.0091 0.5054 0.6958 4.0375 0.0628 0.0628 0.3629 0 0
31 305 1692 0 0 0 0 0 1.0003 0 0.7963 -0.2103 0.2172 0.2624 0.9137 0.9698 0.173 0.2978 0.4014 3.3684 0.7693 0.0873 0.4598 0.6003 4.0729 -0.0386 0.0386 0.3953 0 0
31 306 1648 0 0 0 0 0 1.0002 0 0.7972 -0.0316 0.1151 0.1306 0.8727 0.9893 0.063 0.1547 0.1873 2.0889 0.7382 0.0767 0.5422 0.703 4.0946 0.1626 0.1626 0.4201 0 0
31 307 1650 0 0 0 0 0 1.0003 0 0.6083 -0.1466 0.1891 0.2878 0.907 0.9877 0.0096 0.1614 0.2485 2.9361 0.7341 0.0089 0.5176 0.6673 4.0444 0.2146 0.2146 0.3712 0 0
31 308 1681 0 0 0 0 0 1.0004 0 0.7932 -0.014 0.1037 0.1098 0.9283 0.979 -0.0105 0.2252 0.268 2.8826 0.6923 0.0704 0.5996 0.7466 4.0875 0.0036 0.0036 0.4521 0 0
31 309 1613 0 0 0 0 0 1.0006 0 0.7609 -0.1239 0.2048 0.224 1.0454 0.9891 -0.1076 0.3101 0.3754 3.4074 0.7204 0.0449 0.5192 0.6676 4.1159 -0.1998 0.1998 0.4063 0 0
31 310 1632 0 0 0 0 0 1.0006 0 0.7884 -0.0533 0.1324 0.163 0.8744 0.9841 -0.1191 0.2339 0.3792 4.111 0.7038 -0.0227 0.5399 0.6806 4.1057 -0.0641 0.0641 0.3978 0 0
31 311 1689 0 0 0 0 0 1.0003 0 0.3738 0.0426 0.1857 0.2022 0.8502 0.9858 -0.0566 0.1469 0.1993 2.3398 0.7599 0.0187 0.5297 0.672 4.0433 -0.0889 0.0889 0.3842 0 0
31 312 1707 0 0 0 0 0 1.0003 0 0.8854 -0.199 0.2047 0.2487 0.8846 0.9821 -0.0051 0.2315 0.327 3.4595 0.7605 -0.0793 0.452 0.5858 4.0181 0.0575 0.0575 0.3719 0 0
31 313 1700 0 0 0 0 0 1.0004 0 0.7019 -0.0205 0.1473 0.1779 1.0273 0.9956 -0.0891 0.1676 0.2109 2.7443 0.7022 0.0206 0.541 0.6956 4.0373 0.0922 0.0922 0.3816 0 0
31 314 1573 0 0 0 0 0 1.0006 0 0.088 -0.0342 0.166 0.2009 0.9305 0.9743 0.0171 0.188 0.2504 2.4633 0.6407 -0.0195 0.5991 0.7708 4.1077 0.2059 0.2059 0.4705 0 0
31 315 1675 0 0 0 0 0 1.0005 0 0.8521 -0.0156 0.1298 0.1606 1.1276 0.9878 -0.0025 0.1355 0.1808 2.7851 0.7605 0.053 0.5248 0.6935 4.0534 0.0027 0.0027 0.4148 0 0
31 316 1558 0 0 0 0 0 1.0006 0 0.721 -0.0537 0.176 0.2068 1.326 0.9578 -0.1264 0.4277 0.7118 8.5322 0.6272 -0.0108 0.6367 0.8349 4.0925 -0.0575 0.0575 0.5054 0 0
31 317 1661 0 0 0 0 0 1.0005 0 0.8771 -0.3204 0.3204 0.3339 0.8694 0.9739 0.6175 0.7492 1.0116 8.6592 0.7032 0.0856 0.5379 0.6862 4.0727 -0.0864 0.0864 0.5057 0 0
31 318 1689 0 0 0 0 0 1.0008 0 0.7282 0.0487 0.1177 0.1684 1.0196 0.9854 0.0667 0.1458 0.1978 1.572 0.7342 0.0433 0.5335 0.7042 4.0062 -0.0082 0.0082 0.3597 0 0
31 319 1615 0 0 0 0 0 1.001 0 0.977 -0.0263 0.1051 0.1369 1.0611 0.9686 0.0391 0.1676 0.328 5.028 0.7211 0.0308 0.5089 0.6591 4.1379 -0.1726 0.1726 0.3916 0 0
31 320 1651 0 0 0 0 0 1.0001 0 0.7173 0.1831 0.1831 0.229 0.9152 0.9755 -0.1203 0.1877 0.2812 1.3713 0.7035 -0.0311 0.5958 0.7674 4.1206 -0.1469 0.1469 0.367 0 0
31 321 1676 0 0 0 0 0 1.0011 0 0.8516 -0.0246 0.1021 0.1349 1.0069 0.9677 0.1816 0.3108 0.5148 5.6105 0.6591 0.0709 0.6045 0.7624 4.0951 -0.026 0.026 0.5028 0 0
31 322 1693 0 0 0 0 0 1.0006 0 0.5966 -0.0769 0.1687 0.2153 0.9723 0.9828 -0.0347 0.2527 0.3183 3.802 0.7311 0.0526 0.52 0.6842 4.0394 0.1257 0.1257 0.4294 0 0
31 323 1618 0 0 0 0 0 1.0004 0 0.5648 0.0374 0.2715 0.3165 1.0938 0.9638 0.1377 0.2655 0.4641 5.0585 0.7844 -0.0457 0.4844 0.6101 4.1042 0.0174 0.0174 0.3728 0 0
31 324 1729 0 0 0 0 0 1.0008 0 0.7713 -0.0403 0.1524 0.1591 0.8318 0.9947 0.033 0.1336 0.1603 2.213 0.7445 0.1069 0.5222 0.6787 4.0705 -0.1609 0.1609 0.3587 0 0
31 325 1738 0 0 0 0 0 1.0002 0 0.5123 -0.0169 0.2497 0.2917 1.1056 0.9742 -0.3075 0.412 0.643 7.5967 0.6813 -0.037 0.5502 0.7405 4.0737 -0.1725 0.1725 0.3615 0 0
31 326 1648 0 0 0 0 0 1.0003 0 0.8598 -0.0901 0.1513 0.1926 1.0047 0.9875 -0.1551 0.1854 0.2543 3.4091 0.724 -0.0031 0.53 0.661 4.0148 0.0817 0.0817 0.3939 0 0
31 327 1688 0 0 0 0 0 1.0003 0 0.7719 -0.0979 0.1342 0.1644 0.8275 0.9928 -0.0865 0.2009 0.267 3.3871 0.7364 0.0597 0.4983 0.6356 4.0369 0.017 0.017 0.3861 0 0
31 328 1671 0 0 0 0 0 1.0004 0 -0.1358 -0.1258 0.1968 0.2401 1.1129 0.9864 -0.2676 0.3164 0.4088 3.8994 0.7242 -0.1527 0.5768 0.7145 4.0468 -0.0765 0.0765 0.4096 0 0
31 329 1648 0 0 0 0 0 1.0011 0 0.8548 0.0165 0.2112 0.2262 1.1066 0.988 0.2023 0.2252 0.2909 3.0889 0.7575 0.0795 0.4969 0.6407 4.0348 -0.109 0.109 0.3358 0 0
31 330 1708 0 0 0 0 0 1.0006 0 -0.0887 0.0057 0.1222 0.1638 0.8206 0.9845 0.009 0.1344 0.2142 3.1558 0.7344 -0.0022 0.5397 0.6834 4.0568 -0.1115 0.1115 0.4173 0 0
31 331 1667 0 0 0 0 0 1.0007 0 0.852 0.0786 0.2015 0.2251 1.101 0.9344 0.118 0.4182 0.5147 5.1818 0.6616 0.0178 0.5919 0.742 4.0227 -0.0079 0.0079 0.403 0 0
31 332 1611 0 0 0 0 0 1.0005 0 0.8027 0.0348 0.1454 0.1568 0.9945 0.9834 -0.0071 0.1977 0.2725 3.174 0.7649 2e-04 0.531 0.6665 4.0607 0.0675 0.0675 0.3542 0 0
31 333 1651 0 0 0 0 0 1.0007 0 0.9121 0.0534 0.1218 0.1543 0.9392 0.9907 0.086 0.1578 0.177 2.4073 0.7614 0.0833 0.4914 0.6281 4.0502 -0.0769 0.0769 0.3686 0 0
31 334 1617 0 0 0 0 0 1.0004 0 0.5262 -0.0723 0.1472 0.1693 1.0488 0.9913 0.0199 0.2434 0.349 4.9786 0.6791 -0.0351 0.5599 0.746 4.0926 0.1141 0.1141 0.4235 0 0
31 335 1771 0 0 0 0 0 1.0003 0 0.5465 0.0042 0.1536 0.2154 0.8751 0.9861 -0.0468 0.167 0.2155 1.8668 0.7725 -0.0372 0.5125 0.655 4.0102 -0.0471 0.0471 0.3694 0 0
31 336 17852 0 0 9000 359 382 53.337 346 0.8131 -0.2869 0.2869 0.2929 1.5354 0.0924 175.7968 215.0316 364.7961 3413.3959 0.5802 -0.063 0.6354 0.7968 5.3409 0.2659 0.2659 0.6582 1 1
31 337 1650 0 0 0 0 0 1.0004 0 0.7823 0.1729 0.2526 0.2742 0.9891 0.9786 -0.0635 0.1776 0.2255 2.0489 0.7095 -0.0537 0.5735 0.7318 4.0324 0.0478 0.0478 0.3565 0 0
31 338 1692 0 0 0 0 0 1.0003 0 0.9079 -0.0472 0.1193 0.1449 0.927 0.993 -0.0317 0.1733 0.2212 3.6041 0.7052 0.0249 0.5893 0.7536 4.0221 0.0184 0.0184 0.4025 0 0
31 339 1608 0 0 0 0 0 1.0005 0 0.4164 -0.0199 0.2256 0.2802 0.8814 0.9917 0.048 0.1821 0.2595 4.8503 0.7565 0.016 0.4989 0.6382 4.0364 -0.0938 0.0938 0.3791 0 0
31 340 1603 0 0 0 0 0 1.0004 0 0.8674 -0.1771 0.1973 0.225 1.1929 0.9916 0.1926 0.3725 0.535 6.5932 0.7192 -0.0267 0.5277 0.6817 4.0798 0.0089 0.0089 0.4735 0 0
31 341 1766 0 0 0 0 0 1.0003 0 -0.1479 -0.1511 0.2606 0.2898 0.9804 0.9703 0.0815 0.4788 0.6039 5.1067 0.6364 -0.0409 0.593 0.7347 4.1258 0.0461 0.0461 0.5187 0 0
31 342 1673 0 0 0 0 0 1.0002 0 0.6952 0.0501 0.1384 0.1535 0.9427 0.953 0.074 0.2966 0.3417 2.3518 0.6675 0.0953 0.5621 0.7215 4.0776 -0.1709 0.1709 0.4339 0 0
31 343 1623 0 0 0 0 0 1.0003 0 0.8771 0.0053 0.1072 0.1292 0.9192 0.9953 -0.1367 0.157 0.1978 2.1741 0.6956 -0.0807 0.5631 0.74 4.0723 -0.1256 0.1256 0.3952 0 0
31 344 1734 0 0 0 0 0 1.0006 0 0.8529 -0.0317 0.178 0.1972 0.9644 0.99 -0.0035 0.1486 0.2047 1.951 0.778 0.0387 0.4866 0.619 4.0868 -0.1193 0.1193 0.3367 0 0
31 345 1625 0 0 0 0 0 1.0003 0 0.6876 0.0238 0.1075 0.1172 0.8637 0.9929 0.1438 0.1791 0.2235 2.0938 0.7478 -0.0503 0.5206 0.6809 4.198 -0.0638 0.0638 0.4262 0 0
31 346 1618 0 0 0 0 0 1.0002 0 0.7954 -0.0494 0.1059 0.1212 0.9191 0.9953 0.0869 0.1385 0.1664 2.3971 0.7493 0.1496 0.552 0.7185 4.0173 0.135 0.135 0.3622 0 0
31 347 1638 0 0 0 0 0 1.0007 0 0.6562 -0.0828 0.1415 0.2064 1.063 0.9865 -0.0688 0.2181 0.3049 3.292 0.7428 -0.0192 0.5065 0.6335 4.0429 -0.0614 0.0614 0.4178 0 0
31 348 1764 0 0 0 0 0 1.0003 0 0.1329 0.0153 0.1796 0.2142 0.8261 0.9912 0.0014 0.1228 0.1525 2.0163 0.7247 -0.0637 0.5051 0.6486 4.0176 -0.0714 0.0714 0.3596 0 0
31 349 1669 0 0 0 0 0 1.0002 0 0.3316 -0.1417 0.1874 0.2115 0.9656 0.9806 -0.1255 0.3511 0.4628 4.4119 0.6725 -0.0465 0.5782 0.7133 4.1755 -0.3053 0.3053 0.455 0 0
31 350 1684 0 0 0 0 0 1.0006 0 0.8357 0.0539 0.1508 0.1846 1.0599 0.9927 0.0335 0.107 0.1445 1.7697 0.771 0.0021 0.511 0.66 4.0355 -0.1278 0.1278 0.3418 0 0
31 351 1716 0 0 0 0 0 1.0005 0 0.6491 -0.1019 0.202 0.222 1.1153 0.9872 -0.1372 0.3225 0.4344 4.305 0.6593 -0.0964 0.5501 0.7074 4.0426 0.0836 0.0836 0.4196 0 0
31 352 1618 0 0 0 0 0 1.0002 0 0.8649 0.0552 0.1163 0.1508 1.1643 0.9886 0.0989 0.2033 0.2565 5.3693 0.6631 -0.0286 0.591 0.7488 4.0321 0.0389 0.0389 0.4007 0 0
31 353 1645 0 0 0 0 0 1.0005 0 0.6193 0.0287 0.274 0.3425 1.0329 0.9804 -0.0685 0.1954 0.2528 2.424 0.7195 0.0089 0.5547 0.6864 4.0094 -0.0819 0.0819 0.3785 0 0
31 354 1728 0 0 0 0 0 1.0004 0 0.9022 0.0432 0.1261 0.1439 0.9233 0.9896 -0.001 0.12 0.1547 2.096 0.8027 -0.0045 0.4691 0.6007 4.045 -0.1179 0.1179 0.3345 0 0
31 355 1667 0 0 0 0 0 1.0004 0 0.5976 0.0477 0.1918 0.2387 1.1069 0.9787 -0.1936 0.3161 0.4545 6.3849 0.7326 0.0482 0.5271 0.6816 4.0146 0.0987 0.0987 0.3663 0 0
31 356 1662 0 0 0 0 0 1.0003 0 0.808 -0.1128 0.1814 0.2013 1.1355 0.9792 -0.1094 0.2777 0.343 3.2258 0.6851 0.0116 0.6174 0.7787 4.0631 0.1991 0.1991 0.4258 0 0
31 357 1641 0 0 0 0 0 1.0004 0 0.6886 -0.0067 0.2129 0.2488 1.1403 0.9918 0.1731 0.2534 0.3559 4.4329 0.7496 -0.0088 0.5138 0.6583 4.0899 0.1363 0.1363 0.3288 0 0
31 358 1679 0 0 0 0 0 1.0006 0 -0.1272 0.024 0.2167 0.2535 0.8976 0.99 -0.0379 0.158 0.2062 2.007 0.7468 -0.0165 0.526 0.6701 4.002 0.0237 0.0237 0.3376 0 0
31 359 1693 0 0 0 0 0 1.0002 0 0.5014 -0.0049 0.1297 0.1511 0.8654 0.9906 0.0261 0.1309 0.1615 2.044 0.7444 0.0424 0.5247 0.6815 4.14 0.0458 0.0458 0.427 0 0
31 360 1625 0 0 0 0 0 1.0005 0 0.5929 0.0447 0.3113 0.3862 1.6353 0.9785 -0.0525 0.2761 0.3564 3.5399 0.6876 0.0737 0.5603 0.7116 4.0334 -0.0785 0.0785 0.3839 0 0
31 361 1621 0 0 0 0 0 1.0005 0 0.7169 -0.0027 0.1162 0.1605 1.0581 0.991 0.0234 0.1167 0.1783 2.9398 0.7185 0.092 0.5821 0.7179 4.0765 -0.0427 0.0427 0.4192 0 0
31 362 1657 0 0 0 0 0 1.0003 0 0.6622 -3e-04 0.2413 0.2721 1.0967 0.9829 0.113 0.2209 0.2786 2.2965 0.7051 0.0498 0.5433 0.69 4.0751 0.1284 0.1284 0.3824 0 0
31 363 1726 0 0 0 0 0 1.0003 0 0.9626 -0.1029 0.1182 0.1378 0.8583 0.9789 0.1342 0.2318 0.4171 4.1804 0.7212 0.0088 0.525 0.67 4.0157 -0.0745 0.0745 0.3761 0 0
31 364 1740 0 0 0 0 0 1.0005 0 0.899 -0.1169 0.1875 0.2252 1.2317 0.9861 0.031 0.247 0.3417 3.2338 0.7538 -0.0538 0.5012 0.6598 4.0264 -0.1091 0.1091 0.3521 0 0
31 365 1588 0 0 0 0 0 1.0004 0 0.7192 -0.0273 0.1623 0.1849 0.909 0.9819 0.0172 0.1776 0.2371 2.7537 0.7049 0.013 0.515 0.6892 4.0482 0.0746 0.0746 0.3822 0 0
31 366 1630 0 0 0 0 0 1.0004 0 0.6852 -0.1551 0.2136 0.2674 1.0508 0.9727 0.1521 0.2663 0.3771 3.5538 0.7172 0.0593 0.5292 0.6929 4.0873 0.1071 0.1071 0.4154 0 0
31 367 1663 0 0 0 0 0 1.0002 0 0.9226 -0.2307 0.2307 0.2521 0.9766 0.9871 0.005 0.3503 0.4652 4.4196 0.6671 0.039 0.5593 0.7535 4.0465 -0.1651 0.1651 0.4539 0 0
31 368 1634 0 0 0 0 0 1.0004 0 0.8168 -0.1505 0.1982 0.2597 1.1413 0.9739 -0.0924 0.4801 0.7688 8.3335 0.7097 0.0559 0.5142 0.6592 4.1235 0.0978 0.0978 0.4119 0 0
31 369 1680 0 0 0 0 0 1.0002 0 0.8487 -0.0232 0.0805 0.1087 0.9458 0.994 -0.1068 0.1334 0.2135 2.7248 0.7554 -0.0539 0.525 0.6629 4.0805 -0.0851 0.0851 0.394 0 0
31 370 1594 0 0 0 0 0 1.0005 0 0.7234 -0.0544 0.125 0.1679 0.9656 0.95 0.2603 0.4026 0.8237 12.0444 0.6572 -0.0147 0.6036 0.7556 4.2955 0.0316 0.0316 0.5845 0 0
31 371 1715 0 0 0 0 0 1.0004 0 -0.2263 -0.0546 0.2595 0.2812 1.0452 0.9763 -0.1172 0.2525 0.3772 3.4611 0.7116 -0.0228 0.5557 0.7135 4.0649 0.053 0.053 0.423 0 0
31 372 1674 0 0 0 0 0 1.0005 0 0.6623 0.0461 0.1939 0.2543 1.0218 0.9764 -0.0235 0.2309 0.3054 3.9008 0.7093 0.0035 0.5564 0.712 4.0192 -0.0311 0.0311 0.355 0 0
31 373 1641 0 0 0 0 0 1.0009 0 0.7095 -0.0091 0.1339 0.1645 1.193 0.9936 -0.101 0.1932 0.2264 3.7578 0.6917 -0.1384 0.5912 0.739 4.1125 -0.0763 0.0763 0.5103 0 0
31 374 1645 0 0 0 0 0 1.0008 0 0.6646 -0.0276 0.1694 0.2244 1.0182 0.9783 0.1683 0.3692 0.6414 8.3688 0.7417 -0.025 0.5056 0.6617 4.0433 -0.0439 0.0439 0.3769 0 0
31 375 1682 0 0 0 0 0 1.0003 0 0.7981 -0.0351 0.2029 0.3021 1.1665 0.9797 0.0657 0.2136 0.3219 2.7463 0.8051 0.1 0.4869 0.6342 4.0085 0.0229 0.0229 0.3197 0 0
31 376 1647 0 0 0 0 0 1.0005 0 0.9176 0.0044 0.1863 0.2131 1.0705 0.9712 -0.27 0.2709 0.4007 3.1838 0.781 -0.0847 0.4988 0.6674 4.0532 0.0205 0.0205 0.3693 0 0
31 377 1685 0 0 0 0 0 1.0005 0 0.9044 -0.0667 0.1639 0.193 0.9715 0.9621 0.1636 0.3185 0.5542 5.0979 0.7585 -0.0354 0.5129 0.6812 4.1395 -0.0426 0.0426 0.3697 0 0
31 378 1608 0 0 0 0 0 1.0003 0 0.7714 -0.0324 0.1601 0.1755 1.0671 0.9802 -0.043 0.2295 0.3369 3.7478 0.6884 0.0094 0.5579 0.6925 4.0221 -0.0982 0.0982 0.4153 0 0
31 379 1581 0 0 0 0 0 1.0001 0 0.8051 -0.1538 0.1538 0.1729 0.9571 0.998 0.0903 0.1731 0.238 4.0069 0.7101 -0.0219 0.5698 0.7252 4.0623 0.2064 0.2064 0.4686 0 0
31 380 1699 0 0 0 0 0 1.0004 0 0.5563 -0.1328 0.1883 0.2273 0.8404 0.9753 -0.023 0.2085 0.3519 4.1843 0.7472 0.0207 0.4875 0.6391 4.078 0.0652 0.0652 0.382 0 0
31 381 1679 0 0 0 0 0 1.0006 0 0.9262 0.0963 0.1033 0.1317 1.0155 0.9961 0.0432 0.1165 0.1531 2.2213 0.7113 0.0541 0.5407 0.6935 4.1741 0.0167 0.0167 0.3861 0 0
31 382 1666 0 0 0 0 0 1.0005 0 0.9715 -0.082 0.0892 0.1141 0.9546 0.982 0.1713 0.249 0.4336 7.3216 0.7331 0.007 0.5137 0.6618 4.05 0.0496 0.0496 0.407 0 0
31 383 1683 0 0 0 0 0 1.0003 0 0.5687 -0.067 0.2105 0.2643 1.1065 0.9889 0.0122 0.1565 0.2143 2.5523 0.7473 -0.0239 0.5185 0.6489 4.0949 0.0248 0.0248 0.3956 0 0
31 384 1695 0 0 0 0 0 1.0003 0 0.8415 -0.0572 0.185 0.2136 1.0373 0.9732 -0.1661 0.2679 0.4283 4.2075 0.7479 -0.0363 0.4965 0.6467 4.0798 0.1135 0.1135 0.4361 0 0
31 385 1676 0 0 0 0 0 1.0003 0 0.4252 -0.1156 0.1259 0.1844 0.799 0.9887 0.0109 0.2221 0.2816 2.8138 0.6123 0.0684 0.6225 0.7837 4.2298 0.3721 0.3721 0.4512 0 0
31 386 1624 0 0 0 0 0 1.0006 0 -0.2754 0.0412 0.1983 0.2549 0.8737 0.9473 0.2632 0.3957 0.5197 1.9342 0.6519 0.0355 0.6334 0.7868 4.0484 0.1919 0.1919 0.4146 0 0
31 387 1647 0 0 0 0 0 1.0005 0 0.9077 -0.0201 0.1203 0.1393 1.0825 0.9791 -0.0801 0.2024 0.2699 3.2971 0.7035 -0.0368 0.5479 0.6997 4.0713 -0.0328 0.0328 0.3992 0 0
31 388 1659 0 0 0 0 0 1.0003 0 0.6182 -0.074 0.1082 0.1287 0.8913 0.9949 0.0914 0.1472 0.1729 2.0737 0.7733 0.0804 0.5351 0.6925 4.029 -0.0352 0.0352 0.3797 0 0
31 389 1721 0 0 0 0 0 1.0008 0 0.4811 -0.0701 0.1422 0.1703 0.844 0.9885 -0.1308 0.2224 0.3042 4.2925 0.7448 0.0442 0.5264 0.6786 4.0123 -0.065 0.065 0.3752 0 0
31 390 1644 0 0 0 0 0 1.0005 0 0.6733 0.0051 0.1242 0.1535 0.9134 0.9922 -0.0416 0.1775 0.2079 4.0137 0.7259 -0.0023 0.5742 0.7162 4.0673 0.078 0.078 0.4112 0 0
31 391 1614 0 0 0 0 0 1.0005 0 0.8692 0.0634 0.1314 0.1889 1.133 0.9764 0.0328 0.1933 0.2665 2.3385 0.7315 0.0195 0.5182 0.691 4.1137 0.0172 0.0172 0.4253 0 0
31 392 1615 0 0 0 0 0 1.0006 0 0.474 -0.0884 0.1841 0.2343 0.891 0.987 0.132 0.2467 0.3413 3.5355 0.7156 -0.0572 0.5361 0.6855 4.0707 0.0013 0.0013 0.3825 0 0
31 393 1623 0 0 0 0 0 1.0002 0 0.8895 0.107 0.2037 0.2696 1.2864 0.9761 0.0772 0.1787 0.252 2.3744 0.7187 -0.0011 0.5431 0.7072 4.0867 -0.0581 0.0581 0.373 0 0
31 394 1668 0 0 0 0 0 1.0008 0 0.2194 -0.1408 0.2001 0.24 1.0729 0.9413 0.4816 0.7267 1.2703 15.8665 0.6266 -0.055 0.5922 0.7496 4.1585 0.0268 0.0268 0.6102 0 0
31 395 1674 0 0 0 0 0 1.0003 0 0.7492 -0.1702 0.1705 0.2347 0.8805 0.9049 0.1261 0.4888 0.9083 10.841 0.7014 -0.0342 0.5474 0.6981 4.0683 0.0354 0.0354 0.4449 0 0
31 396 1673 0 0 0 0 0 1.0003 0 0.3952 2e-04 0.1904 0.2187 0.8936 0.9922 0.0901 0.1842 0.2172 3.374 0.7108 0.1061 0.5533 0.7038 4.1074 -0.1663 0.1663 0.4456 0 0
31 397 1661 0 0 0 0 0 1.0003 0 0.964 -0.0414 0.0829 0.099 1.0899 0.9967 -0.0904 0.1153 0.1593 2.7952 0.7503 -0.0535 0.4942 0.6486 4.0381 0.0866 0.0866 0.3599 0 0
31 398 1681 0 0 0 0 0 1.0008 0 0.9645 -0.0108 0.0441 0.0699 1.0715 0.9951 0.0771 0.1395 0.1887 3.1056 0.7792 0.024 0.5135 0.6536 4.0867 0.1596 0.1596 0.3562 0 0
31 399 1697 0 0 0 0 0 1.0002 0 0.9565 -0.0913 0.1219 0.1311 0.9812 0.9884 -0.2277 0.28 0.37 3.6699 0.6755 -0.0418 0.6115 0.747 4.1151 -0.0753 0.0753 0.4337 0 0
31 400 1705 0 0 0 0 0 1.0002 0 0.4034 -0.1142 0.2918 0.3185 1.0799 0.9854 -0.196 0.3273 0.4759 5.581 0.751 0.0247 0.484 0.6258 3.9977 0.058 0.058 0.3639 0 0
31 401 1688 0 0 0 0 0 1.0006 0 0.7921 0.0822 0.1865 0.2091 1.1036 0.9793 -0.1166 0.2139 0.2661 1.852 0.7231 -0.0778 0.5475 0.6947 4.0317 -0.0136 0.0136 0.3697 0 0
31 402 1643 0 0 0 0 0 1.0003 0 0.7097 -0.1173 0.1684 0.1993 0.9642 0.9841 -0.3598 0.4784 0.7084 9.6008 0.6536 0.0429 0.5807 0.7369 4.1062 0.135 0.135 0.5216 0 0
31 403 1634 0 0 0 0 0 1.0003 0 0.7916 -0.0343 0.141 0.1747 0.9582 0.9828 0.0281 0.194 0.2539 2.4312 0.7358 0.0583 0.5045 0.6402 4.0501 0.0958 0.0958 0.3916 0 0
31 404 1708 0 0 0 0 0 1.0005 0 0.8459 0.0237 0.0883 0.1111 0.888 0.9883 -0.0708 0.1435 0.1898 1.7594 0.7858 -0.0656 0.5052 0.6368 4.1841 0.0246 0.0246 0.3909 0 0
31 405 1651 0 0 0 0 0 1.0004 0 0.9375 0.0419 0.0989 0.1287 1.0444 0.9878 0.1476 0.1789 0.2226 1.7684 0.7407 0.0937 0.5377 0.6887 4.0521 -0.1058 0.1058 0.3607 0 0
31 406 1726 0 0 0 0 0 1.0008 0 0.9662 0.0385 0.1236 0.1456 1.2066 0.9938 0.1493 0.1832 0.2387 3.1722 0.8078 0.0036 0.4592 0.5904 4.0044 -0.1208 0.1208 0.3288 0 0
31 407 1693 0 0 0 0 0 1.0004 0 0.7868 -0.0657 0.1761 0.2139 1.0138 0.9857 0.09 0.2543 0.3632 3.2587 0.7518 0.0949 0.488 0.6458 3.9962 -0.0593 0.0593 0.3478 0 0
31 408 1651 0 0 0 0 0 1.0003 0 0.9505 -0.0434 0.1183 0.1342 1.188 0.986 -0.0253 0.2635 0.4019 5.8078 0.729 -0.0644 0.5271 0.6778 4.0581 -0.0241 0.0241 0.3646 0 0
31 409 1687 0 0 0 0 0 1.0011 0 0.9363 -0.0795 0.1023 0.1331 1.0249 0.9924 -0.1441 0.2375 0.3219 3.0929 0.722 -0.0417 0.503 0.6575 4.1 -0.0185 0.0185 0.3552 0 0
31 410 1656 0 0 0 0 0 1.0007 0 -0.1721 -0.0946 0.3122 0.3751 1.1896 0.967 0.1742 0.5321 0.8061 6.7248 0.7022 -0.0287 0.5626 0.7009 4.0002 0.0425 0.0425 0.4027 0 0
31 411 1643 0 0 0 0 0 1.0005 0 0.8682 -0.0702 0.1378 0.1856 0.8835 0.9406 0.1868 0.3049 0.4661 4.9543 0.7137 -0.0031 0.534 0.6716 4.0458 0.0802 0.0802 0.3935 0 0
31 412 1568 0 0 0 0 0 1.0012 0 0.747 0.0488 0.1033 0.1246 0.995 0.9931 0.1027 0.1495 0.2094 1.861 0.7191 -0.0518 0.5627 0.7029 4.085 -0.2448 0.2448 0.3946 0 0
31 413 1700 0 0 0 0 0 1.0006 0 0.971 0.0227 0.1043 0.1086 1.1036 0.9848 -0.0609 0.165 0.2094 2.7485 0.7561 -0.0909 0.534 0.6941 4.1357 -0.061 0.061 0.4002 0 0
31 414 1717 0 0 0 0 0 1.0005 0 0.696 -0.0474 0.1953 0.2068 0.8546 0.9894 -0.0298 0.1455 0.1826 1.4886 0.7697 -0.0471 0.4952 0.6404 4.0179 -0.2277 0.2277 0.3283 0 0
31 415 1723 0 0 0 0 0 1.0008 0 0.8862 0.02 0.1759 0.1908 1.1327 0.9711 0.1125 0.2312 0.2876 3.2836 0.7988 0.0896 0.4543 0.6199 4.0578 0.0514 0.0514 0.3312 0 0
31 416 1723 0 0 0 0 0 1.0003 0 0.7661 -0.0247 0.1126 0.1335 0.852 0.9772 -0.037 0.2028 0.2699 2.3783 0.7378 -0.0302 0.5208 0.6544 4.0787 0.068 0.068 0.4235 0 0
31 417 1625 0 0 0 0 0 1.0003 0 0.6649 0.008 0.1313 0.1461 0.9076 0.9868 -0.0031 0.1682 0.2008 2.1704 0.6944 -0.011 0.5444 0.6791 4.0592 -0.0924 0.0924 0.4253 0 0
31 418 1732 0 0 0 0 0 1.0004 0 0.9052 -0.0041 0.1591 0.1744 1.0618 0.9735 -0.139 0.2886 0.4715 6.4302 0.7658 0.0375 0.4828 0.6311 4.0063 -0.0049 0.0049 0.3721 0 0
31 419 1840 0 0 0 0 0 1.0006 0 0.8682 -0.086 0.2354 0.267 1.0217 0.984 -0.0941 0.2162 0.3153 2.7397 0.8212 -0.034 0.4283 0.5496 4.032 -0.0695 0.0695 0.3208 0 0
31 420 1666 0 0 0 0 0 1.0005 0 0.1572 -0.0391 0.187 0.2161 0.9325 0.9843 0.0667 0.1951 0.2239 2.4182 0.7239 -0.0503 0.5619 0.7095 4.1369 0.0384 0.0384 0.386 0 0
31 421 1718 0 0 0 0 0 1.0002 0 0.8921 0.079 0.1569 0.1616 0.9413 0.9757 0.0812 0.2142 0.254 1.8338 0.8048 0.0435 0.4851 0.6071 4.125 0.0086 0.0086 0.3515 0 0
31 422 1737 0 0 0 0 0 1.0005 0 0.9051 -0.1376 0.1699 0.21 1.0146 0.985 0.0175 0.2517 0.3143 3.0239 0.7656 0.0672 0.5057 0.6526 4.0635 0.0981 0.0981 0.3506 0 0
31 423 1642 0 0 0 0 0 1.0003 0 0.8978 -0.0349 0.1465 0.1809 1.0657 0.9555 0.3707 0.4439 0.8493 8.8785 0.7322 0.089 0.541 0.6989 4.1633 0.0245 0.0245 0.4054 0 0
31 424 1725 0 0 0 0 0 1.0005 0 0.9129 -0.1505 0.2118 0.2224 0.9352 0.9907 -0.1772 0.2209 0.3314 3.7279 0.7575 -0.0576 0.4691 0.6035 4.0092 0.0362 0.0362 0.3494 0 0
31 425 1664 0 0 0 0 0 1.0005 0 0.9591 0.074 0.1318 0.1388 1.1091 0.9707 -0.0488 0.1635 0.2511 3.5706 0.7619 -0.0692 0.5122 0.6577 4.0535 0.0429 0.0429 0.3567 0 0
31 426 1635 0 0 0 0 0 1.0006 0 0.5101 -0.0012 0.1235 0.1665 1.082 0.9787 -0.0955 0.2097 0.2581 2.3246 0.6876 -0.0334 0.5831 0.7455 4.0973 -0.191 0.191 0.412 0 0
31 427 1690 0 0 0 0 0 1.0003 0 0.6034 -0.2248 0.2474 0.2857 0.8257 0.9892 0.1628 0.5113 0.7282 9.3564 0.7135 0.0403 0.5467 0.7 4.1504 0.1032 0.1032 0.4556 0 0
31 428 1683 0 0 0 0 0 1.0004 0 0.7585 -0.1511 0.1781 0.197 0.8604 0.9932 -0.0383 0.2518 0.3088 3.4914 0.6805 -0.0055 0.5391 0.694 4.0843 0.1806 0.1806 0.4292 0 0
31 429 1646 0 0 0 0 0 1.0008 0 0.7786 -0.0012 0.1624 0.1781 0.9781 0.9718 -0.0598 0.2724 0.3175 3.9622 0.7044 -0.1512 0.5534 0.714 4.1248 0.0796 0.0796 0.4188 0 0
31 430 1678 0 0 0 0 0 1.0008 0 0.5808 -0.0523 0.1915 0.2315 1.2897 0.9855 -0.044 0.3222 0.4675 3.9312 0.6957 0.0523 0.5732 0.7117 4.1488 -0.0703 0.0703 0.4493 0 0
31 431 1691 0 0 0 0 0 1.0002 0 0.8267 0.027 0.1192 0.1464 0.82 0.9806 -0.1364 0.2113 0.2476 2.1285 0.7466 -0.0638 0.5379 0.6839 4.0236 0.1503 0.1503 0.3744 0 0
31 432 1623 0 0 0 0 0 1.0009 0 0.9686 -0.0374 0.118 0.1273 1.1506 0.9896 -0.2223 0.2413 0.3389 4.6863 0.7019 -0.0504 0.528 0.6688 4.0562 0.0264 0.0264 0.3987 0 0
31 433 1567 0 0 0 0 0 1.0003 0 0.8291 -0.1241 0.1579 0.2153 0.9536 0.9868 -0.2764 0.3299 0.4662 7.1524 0.6955 -0.0382 0.5509 0.6918 4.1176 0.014 0.014 0.4198 0 0
31 434 1723 0 0 0 0 0 1.0004 0 0.6452 0.0444 0.114 0.1289 0.8365 0.9944 0.1035 0.1288 0.1613 2.0292 0.7281 0.0819 0.5319 0.6733 4.0463 -0.1007 0.1007 0.397 0 0
31 435 1709 0 0 0 0 0 1.0002 0 0.8776 -0.0686 0.1364 0.161 0.8601 0.9895 0.012 0.162 0.2402 2.892 0.7727 -0.0303 0.4843 0.6206 4.022 -0.1325 0.1325 0.3547 0 0
31 436 1658 0 0 0 0 0 1.0005 0 0.827 -0.0861 0.1538 0.1861 1.0403 0.9802 0.0426 0.2942 0.3873 4.2759 0.6933 -0.0596 0.5892 0.7449 4.0661 -0.0218 0.0218 0.4061 0 0
31 437 1683 0 0 0 0 0 1.0004 0 0.7792 0.0205 0.1436 0.1631 0.9209 0.9879 -0.0496 0.1516 0.1927 2.422 0.73 0.0029 0.5537 0.6912 4.0751 0.0307 0.0307 0.3741 0 0
31 438 1725 0 0 0 0 0 1.0003 0 0.8263 0.0695 0.1238 0.1395 0.8674 0.9946 -0.0165 0.118 0.137 2.3548 0.8166 0.0092 0.4485 0.5941 4.0278 0.0578 0.0578 0.3268 0 0
31 439 1634 0 0 0 0 0 1.0003 0 0.8996 -0.0406 0.0944 0.1229 0.9634 0.9897 0.003 0.1118 0.1558 1.7069 0.7211 0.059 0.5393 0.6897 4.0866 -0.111 0.111 0.4059 0 0
31 440 1647 0 0 0 0 0 1.0004 0 0.9296 -0.1166 0.1372 0.1532 0.9959 0.989 -0.0353 0.1545 0.2045 1.8941 0.7358 0.0532 0.5311 0.6896 3.9966 -0.1049 0.1049 0.3798 0 0
31 441 1608 0 0 0 0 0 1.0002 0 0.7544 0.1091 0.1878 0.2049 0.9456 0.9852 -0.053 0.1921 0.217 2.5781 0.7106 -0.0668 0.5906 0.7761 4.0516 0.0364 0.0364 0.3766 0 0
31 442 1582 0 0 0 0 0 1.0004 0 0.969 -0.0302 0.0577 0.0678 0.9508 0.9955 0.0072 0.0996 0.1212 3.0852 0.7442 -0.0945 0.5408 0.6898 4.059 0.0074 0.0074 0.4174 0 0
31 443 1689 0 0 0 0 0 1.0004 0 0.6473 -0.0947 0.2473 0.2827 0.9755 0.9751 0.2968 0.3423 0.459 2.6923 0.7421 -0.0387 0.5184 0.6598 4.0108 -0.0029 0.0029 0.372 0 0
31 444 1632 0 0 0 0 0 1.0005 0 0.9626 -0.0396 0.0626 0.0701 0.8688 0.9936 0.0226 0.1282 0.152 2.4851 0.7544 0.0322 0.5248 0.6639 4.0389 -0.1059 0.1059 0.3659 0 0
31 445 1591 0 0 0 0 0 1.0009 0 0.686 -0.0189 0.1142 0.1438 1.0448 0.9707 0.0384 0.2359 0.3836 5.2188 0.6831 -0.0069 0.5931 0.7604 4.0426 0.1651 0.1651 0.4636 0 0
31 446 1597 0 0 0 0 0 1.0006 0 0.8757 0.1088 0.1299 0.1725 1.1492 0.988 -0.072 0.1586 0.1976 1.8337 0.7236 0.0107 0.5402 0.731 4.0455 -0.1267 0.1267 0.3645 0 0
31 447 1666 0 0 0 0 0 1.0003 0 0.9145 0.0981 0.182 0.198 1.1375 0.9892 0.0354 0.1607 0.1988 2.515 0.8064 0.0288 0.4658 0.6051 4.0927 0.0431 0.0431 0.3458 0 0
31 448 1705 0 0 0 0 0 1.0006 0 0.95 -0.1305 0.1305 0.1774 1.0513 0.9781 0.1871 0.2555 0.4331 4.5447 0.732 0.0495 0.5145 0.6779 4.0129 0.0204 0.0204 0.3615 0 0
31 449 1704 0 0 0 0 0 1.0005 0 0.7978 -0.0265 0.1049 0.1184 0.8792 0.9899 -0.1052 0.1907 0.2614 3.5714 0.739 -0.0147 0.5464 0.7014 4.064 -0.2157 0.2157 0.3589 0 0
31 450 1628 0 0 0 0 0 1.0003 0 0.5353 -0.0765 0.0844 0.1534 0.8586 0.9882 0.0533 0.1462 0.2232 2.4081 0.7503 0.0413 0.5085 0.6559 4.1671 0.0545 0.0545 0.4907 0 0
31 451 1612 0 0 0 0 0 1.0008 0 0.9309 -0.1695 0.2228 0.2367 1.5217 0.9659 0.0779 0.3387 0.4747 4.0475 0.6646 -0.0396 0.5707 0.7302 4.1234 0.0041 0.0041 0.4925 0 0
31 452 1653 0 0 0 0 0 1.0004 0 0.9086 -0.0676 0.1319 0.1503 0.9748 0.9773 -0.0212 0.3081 0.4182 5.5367 0.6891 -0.0715 0.5852 0.724 4.0207 0.0683 0.0683 0.416 0 0
31 453 1664 0 0 0 0 0 1.0008 0 0.4498 0.0325 0.2101 0.2698 1.3511 0.9744 0.0923 0.2083 0.2829 3.0944 0.6435 0.0841 0.5715 0.738 4.1411 -0.0122 0.0122 0.4041 0 0
31 454 1681 0 0 0 0 0 1.0004 0 -0.1488 -0.389 0.4023 0.5882 0.9212 0.9901 0.0715 0.5087 0.7974 5.5076 0.7044 -0.0044 0.5416 0.6821 4.1029 -0.0607 0.0607 0.4504 0 0
31 455 1728 0 0 0 0 0 1.0003 0 0.5476 -0.1268 0.154 0.1845 0.9155 0.99 -0.054 0.2257 0.286 2.5342 0.7034 -0.0238 0.5454 0.6876 4.1166 -0.0567 0.0567 0.3875 0 0
31 456 1668 0 0 0 0 0 1.0004 0 0.962 -0.2322 0.2322 0.2514 1.0478 0.9937 0.0861 0.2749 0.3529 2.7942 0.7405 -0.021 0.4843 0.633 4.0889 0.0274 0.0274 0.3729 0 0
31 457 1649 0 0 0 0 0 1.0002 0 0.886 0.0222 0.1648 0.1943 1.1031 0.9535 0.336 0.3815 0.5935 8.0752 0.6929 0.0217 0.5904 0.7257 4.0666 -0.015 0.015 0.421 0 0
31 458 1606 0 0 0 0 0 1.0004 0 0.4148 -0.1279 0.1793 0.2379 1.0435 0.991 0.1303 0.3985 0.5894 6.5314 0.6496 0.1189 0.5908 0.7575 4.0531 -0.1084 0.1084 0.4497 0 0
31 459 1621 0 0 0 0 0 1.0001 0 0.7558 0.0307 0.1233 0.15 0.9818 0.9964 -0.0649 0.1043 0.1253 1.947 0.6755 0.0239 0.5661 0.7455 4.0548 -0.1135 0.1135 0.3564 0 0
31 460 1621 0 0 0 0 0 1.0002 0 0.5549 -0.098 0.1625 0.218 0.9384 0.9833 0.2364 0.3041 0.4252 3.5865 0.726 0.0827 0.4964 0.6351 4.0523 -0.0982 0.0982 0.4506 0 0
31 461 1694 0 0 0 0 0 1.0003 0 0.7287 -0.0041 0.1655 0.1843 0.9467 0.9888 0.042 0.1419 0.1837 2.1758 0.7351 0.0723 0.5449 0.7211 4.0928 0.1179 0.1179 0.3597 0 0
31 462 1737 0 0 0 0 0 1.0005 0 0.9642 -0.0189 0.0666 0.0941 0.9063 0.9907 -0.1685 0.1735 0.2309 3.3388 0.762 -0.0955 0.5386 0.686 4.0129 -0.0681 0.0681 0.3502 0 0
31 463 1680 0 0 0 0 0 1.0002 0 0.9063 0.1367 0.173 0.185 1.0074 0.9975 -0.0604 0.1465 0.1901 1.4329 0.8051 -0.0077 0.4768 0.6173 4.0576 -0.0132 0.0132 0.3441 0 0
31 464 1705 0 0 0 0 0 1.0007 0 0.4084 -0.069 0.1962 0.2402 0.8714 0.9917 -0.0483 0.1719 0.2252 2.7991 0.7479 0.0511 0.4959 0.6337 4.0322 -0.0179 0.0179 0.3678 0 0
31 465 1676 0 0 0 0 0 1.0002 0 0.549 -0.0496 0.1233 0.1734 0.9691 0.9839 0.0674 0.213 0.2966 2.9561 0.6664 0.107 0.5694 0.7284 4.075 0.0469 0.0469 0.4317 0 0
31 466 1675 0 0 0 0 0 1.0005 0 0.8265 -0.0635 0.1272 0.1606 1.1139 0.9766 0.1369 0.2713 0.3449 2.981 0.7107 0.0255 0.5656 0.7177 4.1222 0.0235 0.0235 0.4186 0 0
31 467 1703 0 0 0 0 0 1.0008 0 0.7103 -0.0612 0.1581 0.2044 1.1009 0.9871 -0.007 0.2091 0.2736 3.7036 0.7827 -0.0747 0.5011 0.6343 4.0126 0.0377 0.0377 0.3981 0 0
31 468 1701 0 0 0 0 0 1.0009 0 0.9929 0.0213 0.0622 0.0759 1.0544 0.9944 0.0627 0.1258 0.1418 1.8739 0.7115 0.0325 0.5337 0.7082 4.0378 -0.0926 0.0926 0.3666 0 0
31 469 1672 0 0 0 0 0 1.0005 0 0.8392 -0.2301 0.2301 0.2575 0.8948 0.9407 0.3698 0.6623 1.2073 14.3798 0.6687 0.0759 0.586 0.7431 4.2137 0.2532 0.2532 0.537 0 0
31 470 1651 0 0 0 0 0 1.0005 0 0.6591 -0.0984 0.2649 0.3516 0.9464 0.9814 0.1234 0.2656 0.346 5.004 0.7004 0.0647 0.5619 0.7086 4.0413 -0.0267 0.0267 0.3928 0 0
31 471 1638 0 0 0 0 0 1.0008 0 -0.3712 -0.1139 0.2322 0.2512 0.9631 0.9756 -0.1813 0.4447 0.614 5.0871 0.6799 -0.0969 0.5717 0.7166 4.0889 -0.1251 0.1251 0.4653 0 0
31 472 1638 0 0 0 0 0 1.0004 0 0.9657 -0.0644 0.0903 0.111 0.9198 0.9952 0.0941 0.1123 0.1584 3.1733 0.6988 0.0728 0.5342 0.683 4.0908 0.0411 0.0411 0.4221 0 0
31 473 1733 0 0 0 0 0 1.0009 0 0.4811 0.0085 0.2284 0.3023 1.1607 0.9693 -0.0933 0.2994 0.3871 4.688 0.6697 0.0331 0.5987 0.764 4.0213 0.0232 0.0232 0.3748 0 0
31 474 1653 0 0 0 0 0 1.0004 0 0.9215 -0.216 0.216 0.264 0.9605 0.9834 0.1357 0.2905 0.3274 3.8219 0.7174 -0.0761 0.5641 0.7017 4.0748 0.1766 0.1766 0.4346 0 0
31 475 1688 0 0 0 0 0 1.0011 0 0.6421 -0.107 0.1793 0.194 0.9358 0.9861 0.0058 0.2384 0.2687 2.095 0.7076 -6e-04 0.5123 0.6587 4.0092 -0.0255 0.0255 0.3839 0 0
31 476 1636 0 0 0 0 0 1.0004 0 0.6731 -0.0686 0.1455 0.1733 0.9885 0.9916 -0.1328 0.2194 0.2998 3.7554 0.6625 -0.0543 0.5696 0.7233 4.0472 0.164 0.164 0.4399 0 0
31 477 1619 0 0 0 0 0 1.0006 0 0.8631 0.0306 0.1218 0.1294 0.8908 0.9941 -0.0401 0.13 0.172 3.1614 0.7065 -0.013 0.5527 0.7326 4.0589 0.0741 0.0741 0.4089 0 0
31 478 1624 0 0 0 0 0 1.0004 0 0.5371 0.1335 0.1895 0.2106 0.954 0.9877 0.0623 0.2319 0.3058 2.9339 0.7083 0.0241 0.5688 0.7419 4.1019 0.002 0.002 0.3847 0 0
31 479 1620 0 0 0 0 0 1.0003 0 0.7884 -0.0066 0.1455 0.1685 0.9013 0.9858 -0.0529 0.1491 0.2363 2.7663 0.6914 0.0017 0.5265 0.6943 4.1115 -0.0496 0.0496 0.3805 0 0
31 480 1706 0 0 0 0 0 1.0006 0 0.9557 -0.0168 0.1256 0.1454 1.0913 0.9929 0.0289 0.123 0.1636 2.0635 0.7679 -0.0017 0.4748 0.6279 4.0728 -0.0644 0.0644 0.3499 0 0
31 481 1707 0 0 0 0 0 1.0003 0 0.8339 -0.0446 0.1337 0.1514 1.0031 0.9773 -0.0652 0.2116 0.269 2.9954 0.6823 0.1209 0.5859 0.7187 4.0667 0.0756 0.0756 0.404 0 0
31 482 1658 0 0 0 0 0 1.0002 0 0.7925 -0.2139 0.2208 0.2863 0.9294 0.9692 0.0603 0.2985 0.4528 5.9562 0.6845 0.0584 0.5799 0.7245 4.0914 0.1356 0.1356 0.4556 0 0
31 483 1671 0 0 0 0 0 1.001 0 0.9421 0.0195 0.0968 0.1112 0.9317 0.9878 -0.1011 0.1865 0.2502 3.0985 0.756 -0.0382 0.5134 0.6595 4.0253 -0.082 0.082 0.3349 0 0
31 484 1741 0 0 0 0 0 1.0003 0 0.6389 -0.116 0.1734 0.3156 0.8782 0.9976 -0.0381 0.0906 0.1144 2.6095 0.7839 0.0087 0.4645 0.5998 4.0116 -0.0317 0.0317 0.3425 0 0
31 485 1616 0 0 0 0 0 1.0004 0 0.9635 0.0252 0.1866 0.2266 1.1494 0.9838 -0.2409 0.296 0.4091 5.1479 0.6856 -0.0378 0.585 0.7327 4.0892 0.0758 0.0758 0.4021 0 0
31 486 1658 0 0 0 0 0 1.0003 0 0.9258 0.0398 0.106 0.1293 0.9761 0.9924 0.0073 0.1307 0.174 3.0467 0.749 -0.0052 0.5184 0.6483 4.0659 -0.0564 0.0564 0.3742 0 0
31 487 1675 0 0 0 0 0 1.0003 0 0.7922 0.0243 0.1214 0.1686 0.9283 0.9915 -0.073 0.1615 0.2047 2.7434 0.7451 -0.1237 0.5483 0.7098 4.0532 -0.036 0.036 0.3899 0 0
31 488 1730 0 0 0 0 0 1.0006 0 0.8018 0.0016 0.1573 0.1957 0.9613 0.9787 -0.2052 0.2471 0.3915 6.1703 0.6972 -0.0909 0.5531 0.7094 4.0213 0.1229 0.1229 0.4011 0 0
31 489 1613 0 0 0 0 0 1.0003 0 0.7541 -0.0978 0.1713 0.2036 0.9638 0.9886 -0.0013 0.1614 0.1947 1.7656 0.7366 0.0972 0.5166 0.6799 4.06 -0.0017 0.0017 0.3557 0 0
31 490 1611 0 0 0 0 0 1.0005 0 0.2691 9e-04 0.2406 0.2628 0.9753 0.9725 -0.1639 0.3217 0.4179 4.1563 0.6627 -0.015 0.5873 0.74 4.0523 -0.0216 0.0216 0.4018 0 0
31 491 1559 0 0 0 0 0 1.0006 0 0.8735 0.2349 0.2543 0.281 1.0357 0.9866 0.1178 0.1827 0.2413 2.0168 0.7214 0.0563 0.5837 0.7448 3.9916 -0.1364 0.1364 0.3404 0 0
31 492 1721 0 0 0 0 0 1.0004 0 -0.2523 -0.2058 0.2686 0.339 0.8937 0.966 -0.0342 0.2508 0.3525 1.9759 0.7106 0.0021 0.5285 0.6944 4.1091 -0.0385 0.0385 0.4109 0 0
31 493 1665 0 0 0 0 0 1.0005 0 0.8639 -0.1652 0.1652 0.1957 0.8645 0.9893 -0.1365 0.2564 0.3874 3.8702 0.7595 -0.0572 0.4887 0.6293 4.0558 0.1687 0.1687 0.4039 0 0
31 494 1609 0 0 0 0 0 1.0006 0 0.8289 0.0703 0.1402 0.1933 1.0088 0.9884 0.0088 0.1472 0.2083 2.809 0.7816 0.0077 0.5182 0.661 4.0462 0.0134 0.0134 0.3604 0 0
31 495 1660 0 0 0 0 0 1.0004 0 0.941 0.0213 0.1037 0.1226 0.9761 0.9868 0.0105 0.1322 0.1822 2.2332 0.7614 -0.0275 0.5087 0.6575 4.0944 0.2499 0.2499 0.3397 0 0
31 496 1663 0 0 0 0 0 1.0003 0 0.841 0.0097 0.0964 0.1196 0.9347 0.9777 0.0148 0.1592 0.2325 3.3732 0.7255 0.0063 0.5379 0.6857 4.0046 -0.0746 0.0746 0.4156 0 0
31 497 1674 0 0 0 0 0 1.0007 0 0.6714 0.0282 0.1382 0.2058 0.9362 0.9866 0.0402 0.1458 0.1807 2.6988 0.7517 0.0189 0.544 0.7008 4.0342 0.1099 0.1099 0.4031 0 0
31 498 1753 0 0 0 0 0 1.0003 0 0.5289 -0.099 0.1159 0.1441 0.8497 0.993 0.0442 0.159 0.2287 2.5306 0.7476 -0.0325 0.5101 0.6494 4.0266 0.0757 0.0757 0.4162 0 0
31 499 1654 0 0 0 0 0 1.0003 0 0.5713 0.0061 0.2093 0.243 1.0662 0.9179 0.18 0.4565 0.7269 10.4311 0.6652 -0.0165 0.5764 0.7344 4.1441 -0.0987 0.0987 0.4296 0 0
31 500 1695 0 0 0 0 0 1.0009 0 0.7642 -0.0974 0.1566 0.1745 0.8828 0.9891 -0.0862 0.2239 0.2721 3.4353 0.6773 -0.0605 0.5609 0.725 4.0692 -0.1395 0.1395 0.4719 0 0
