cond r run.time ndiv nbfmi ntree nbulk ntail maxRhat nRhat beta.cor beta.bias beta.abbias beta.rmse beta.cover beta.CI theta.cor theta.bias theta.abbias theta.rmse theta.cover theta.CI attra.cor attra.bias attra.abbias attra.rmse attra.cover attra.CI lambda.bias lambda.abbias lambda.rbias lambda.rbias2 lambda.cover lambda.CI pvar.bias pvar.abbias pvar.rbias pvar.rbias2 pvar.cover pvar.CI sigma2.bias sigma2.abbias sigma2.rbias sigma2.rbias2 sigma2.cover sigma2.CI corrupt efficiency
28 1 2313 0 0 0 0 0 1.0037 0 0.9802 0.6793 0.6793 0.7448 0.4167 1.3774 0.7839 0.5365 0.7627 0.9629 0.84 2.7914 0.9822 0.5099 0.5099 0.5312 0.796 1.31 0.1384 0.1384 NA NA 1 0.4188 -0.2139 0.2139 -0.2139 0.7861 1 0.5802 -0.2378 0.2378 -0.2378 0.7622 1 0.5776 0 0
28 2 2185 0 0 0 0 0 1.0073 0 0.991 0.0697 0.2817 0.3964 1 1.5198 0.7796 0.0633 0.6164 0.7901 0.918 2.6964 0.9684 0.052 0.2334 0.2587 1 1.2847 -0.0101 0.0101 NA NA 1 0.4274 -0.3446 0.3446 -0.3446 0.6554 0 0.5703 -0.3523 0.3523 -0.3523 0.6477 0 0.5656 0 0
28 3 2384 0 0 0 0 0 1.0028 0 0.9845 -1.2922 1.2922 1.2992 0 1.44 0.7929 -1.3001 1.3394 1.5225 0.586 3.1932 0.9808 -1.3352 1.3352 1.3423 0.01 1.393 0.066 0.066 NA NA 1 0.3647 0.0581 0.0581 0.0581 1.0581 1 0.7672 0.044 0.044 0.044 1.044 1 0.7634 0 0
28 4 2559 0 0 0 0 0 1.0038 0 0.9762 0.165 0.2251 0.2565 1 1.3153 0.8091 0.1303 0.5415 0.7142 0.946 2.7973 0.9671 0.1135 0.1722 0.2216 1 1.2629 -0.0735 0.0735 NA NA 1 0.3318 -0.1007 0.1007 -0.1007 0.8993 1 0.6114 -0.1123 0.1123 -0.1123 0.8877 1 0.6017 0 0
28 5 1805 0 0 0 0 0 1.015 0 0.9719 -0.2394 0.2467 0.322 1 1.3229 0.7925 -0.2411 0.5989 0.7796 0.916 2.6295 0.9899 -0.2288 0.2332 0.2525 1 1.2656 0.0839 0.0839 NA NA 1 0.395 -0.2886 0.2886 -0.2886 0.7114 0 0.525 -0.3007 0.3007 -0.3007 0.6993 0 0.5166 0 0
28 6 3026 0 0 0 0 0 1.0037 0 0.9508 0.3873 0.4452 0.5039 0.75 1.3424 0.7941 0.3816 0.6595 0.8341 0.932 2.8399 0.98 0.3046 0.3046 0.3356 1 1.2782 -0.0676 0.0676 NA NA 1 0.4073 -0.1133 0.1133 -0.1133 0.8867 1 0.6238 -0.1266 0.1266 -0.1266 0.8734 1 0.6194 0 0
28 7 2364 0 0 0 0 0 1.0077 0 0.9687 0.7125 0.7125 0.7524 0.3333 1.3777 0.7836 0.6246 0.7785 0.9655 0.87 2.8654 0.9811 0.6172 0.6172 0.6337 0.5 1.2744 -0.1367 0.1367 NA NA 1 0.4125 -0.1716 0.1716 -0.1716 0.8284 1 0.6218 -0.1962 0.1962 -0.1962 0.8038 1 0.6137 0 0
28 8 2086 0 0 0 0 0 1.0063 0 0.9694 -0.0306 0.2987 0.3348 0.9167 1.3517 0.8108 -0.0677 0.5786 0.7634 0.918 2.5694 0.9775 -0.0861 0.1531 0.1814 1 1.2473 -0.0687 0.0687 NA NA 1 0.4383 -0.3996 0.3996 -0.3996 0.6004 0 0.48 -0.4098 0.4098 -0.4098 0.5902 0 0.4771 0 0
28 9 2135 0 0 0 0 0 1.0027 0 0.9712 -1.4953 1.4953 1.5364 0 1.5509 0.7699 -1.2349 1.3142 1.4842 0.53 2.7826 0.9363 -1.2651 1.2651 1.2892 0.004 1.3309 -0.0243 0.0243 NA NA 1 0.4392 -0.3269 0.3269 -0.3269 0.6731 0 0.5864 -0.3357 0.3357 -0.3357 0.6643 0 0.5814 0 0
28 10 2310 0 0 0 0 0 1.0025 0 0.9902 -0.0836 0.1586 0.2458 1 1.4212 0.7775 -0.0669 0.5629 0.7478 0.944 2.7613 0.9279 -0.0304 0.2233 0.2804 0.962 1.2785 -0.0173 0.0173 NA NA 1 0.3896 -0.2297 0.2297 -0.2297 0.7703 1 0.572 -0.2375 0.2375 -0.2375 0.7625 1 0.5715 0 0
28 11 2134 0 0 0 0 0 1.0018 0 0.959 -1.365 1.365 1.4234 0 1.4667 0.7877 -1.1609 1.2234 1.3899 0.574 2.9599 0.946 -1.1488 1.1488 1.1714 0.106 1.345 0.0025 0.0025 NA NA 1 0.4261 -0.1625 0.1625 -0.1625 0.8375 1 0.6393 -0.1725 0.1725 -0.1725 0.8275 1 0.6303 0 0
28 12 2244 0 0 0 0 0 1.0047 0 0.9862 0.1827 0.2145 0.261 1 1.3961 0.7695 0.1055 0.5826 0.7728 0.942 2.8189 0.9725 0.0705 0.1436 0.1793 1 1.3381 0.2215 0.2215 NA NA 0 0.4142 -0.1908 0.1908 -0.1908 0.8092 1 0.6162 -0.2401 0.2401 -0.2401 0.7599 1 0.6029 0 0
28 13 2821 0 0 0 0 0 1.0115 0 0.9684 0.8856 0.8856 0.909 0.1667 1.3767 0.7824 0.8476 0.9596 1.1509 0.756 2.8901 0.9891 0.9038 0.9038 0.9108 0.026 1.3078 -0.0387 0.0387 NA NA 1 0.394 -0.1804 0.1804 -0.1804 0.8196 1 0.6401 -0.1899 0.1899 -0.1899 0.8101 1 0.6372 0 0
28 14 2307 0 0 0 0 0 1.0031 0 0.9821 0.817 0.817 0.92 0.4167 1.6022 0.7682 0.7833 0.9344 1.1402 0.758 2.7344 0.9786 0.8099 0.8099 0.826 0.222 1.3331 0.1822 0.1822 NA NA 1 0.4351 -0.3577 0.3577 -0.3577 0.6423 0 0.6004 -0.387 0.387 -0.387 0.613 0 0.5755 0 0
28 15 2647 0 0 0 0 0 1.0038 0 0.9765 -0.2055 0.3606 0.4493 0.8333 1.5043 0.7651 -0.1823 0.6206 0.8065 0.94 2.9578 0.974 -0.2434 0.2536 0.2954 1 1.3108 0.0527 0.0527 NA NA 1 0.3956 -0.1425 0.1425 -0.1425 0.8575 1 0.7065 -0.1539 0.1539 -0.1539 0.8461 1 0.6955 0 0
28 16 2166 0 0 0 0 0 1.0058 0 0.974 0.0057 0.1763 0.2316 1 1.3422 0.8157 -0.0302 0.5578 0.732 0.964 2.9162 0.9673 -0.0099 0.152 0.1853 1 1.3331 0.1201 0.1201 NA NA 1 0.4089 -0.0362 0.0362 -0.0362 0.9638 1 0.6862 -0.0612 0.0612 -0.0612 0.9388 1 0.6599 0 0
28 17 2304 0 0 0 0 0 1.0014 0 0.9883 0.5992 0.6797 0.7171 0.5833 1.5117 0.8047 0.6082 0.7787 0.9716 0.846 2.763 0.9849 0.5602 0.5602 0.6015 0.606 1.2959 0.0356 0.0356 NA NA 1 0.4088 -0.2731 0.2731 -0.2731 0.7269 1 0.6069 -0.2821 0.2821 -0.2821 0.7179 1 0.6031 0 0
28 18 2212 0 0 0 0 0 1.0021 0 0.9489 0.9862 0.9862 1.0325 0.1667 1.3959 0.7651 0.7451 0.9313 1.1135 0.744 2.7611 0.9714 0.6944 0.6944 0.7424 0.418 1.291 -0.0092 0.0092 NA NA 1 0.3574 -0.2662 0.2662 -0.2662 0.7338 1 0.5575 -0.2726 0.2726 -0.2726 0.7274 1 0.5488 0 0
28 19 2320 0 0 0 0 0 1.0025 0 0.9856 -0.2824 0.3114 0.3535 1 1.3217 0.8074 -0.231 0.6045 0.7936 0.912 2.5267 0.9748 -0.3182 0.332 0.3598 1 1.2322 -0.0979 0.0979 NA NA 1 0.4138 -0.413 0.413 -0.413 0.587 0 0.4582 -0.4251 0.4251 -0.4251 0.5749 0 0.4496 0 0
28 20 2800 0 0 0 0 0 1.0067 0 0.9696 0.0305 0.1602 0.186 1 1.282 0.8102 -0.0021 0.5296 0.6888 0.97 2.8012 0.9629 -0.0319 0.231 0.2704 1 1.2562 -0.0252 0.0252 NA NA 1 0.3516 -0.0725 0.0725 -0.0725 0.9275 1 0.6115 -0.0807 0.0807 -0.0807 0.9193 1 0.6002 0 0
28 21 2401 0 0 0 0 0 1.0027 0 0.937 -1.0096 1.0096 1.1126 0.1667 1.5656 0.806 -0.9237 0.9966 1.1809 0.776 3.0475 0.9727 -0.9711 0.9711 0.9865 0.046 1.3674 0.0132 0.0132 NA NA 1 0.4025 -0.0341 0.0341 -0.0341 0.9659 1 0.7385 -0.0445 0.0445 -0.0445 0.9555 1 0.7318 0 0
28 22 2004 0 0 0 0 0 1.0045 0 0.9607 -1.0042 1.0228 1.1058 0.25 1.5434 0.7734 -0.9175 1.0108 1.2149 0.734 2.9707 0.9781 -0.8689 0.8689 0.8813 0.066 1.2876 -0.0495 0.0495 NA NA 1 0.4592 -0.1549 0.1549 -0.1549 0.8451 1 0.7138 -0.1692 0.1692 -0.1692 0.8308 1 0.7088 0 0
28 23 2322 0 0 0 0 0 1.0128 0 0.9875 -0.6369 0.6369 0.6501 0.75 1.3684 0.7741 -0.6817 0.8332 1.0113 0.852 2.9189 0.9862 -0.7527 0.7527 0.7622 0.274 1.3358 -0.0058 0.0058 NA NA 1 0.379 -0.1241 0.1241 -0.1241 0.8759 1 0.6356 -0.1328 0.1328 -0.1328 0.8672 1 0.6354 0 0
28 24 1651 0 0 0 0 0 1.0149 0 0.9604 -1.0256 1.0256 1.0762 0.0833 1.4016 0.7823 -0.9216 0.9965 1.1764 0.702 2.7735 0.9801 -0.9294 0.9294 0.9422 0.064 1.2801 0.0434 0.0434 NA NA 1 0.4191 -0.2396 0.2396 -0.2396 0.7604 1 0.5848 -0.25 0.25 -0.25 0.75 1 0.5794 0 0
28 25 2045 0 0 0 0 0 1.0035 0 0.9877 0.1764 0.2891 0.3594 1 1.4032 0.8017 0.1176 0.6139 0.7771 0.916 2.5708 0.9935 0.1267 0.1707 0.2119 1 1.2437 -0.0199 0.0199 NA NA 1 0.3985 -0.3942 0.3942 -0.3942 0.6058 0 0.4844 -0.4005 0.4005 -0.4005 0.5995 0 0.4814 0 0
28 26 2273 0 0 0 0 0 1.0073 0 0.9634 0.2995 0.3096 0.3668 0.9167 1.2916 0.8064 0.3044 0.623 0.7969 0.958 3.0747 0.9685 0.2949 0.2956 0.3435 0.972 1.2858 0.0307 0.0307 NA NA 1 0.397 0.1009 0.1009 0.1009 1.1009 1 0.7694 0.0884 0.0884 0.0884 1.0884 1 0.7575 0 0
28 27 2478 0 0 0 0 0 1.0031 0 0.9802 -0.5173 0.5173 0.5617 0.8333 1.3587 0.8241 -0.44 0.6575 0.827 0.904 2.7617 0.9862 -0.4718 0.4768 0.4872 1 1.2993 0.0465 0.0465 NA NA 1 0.3633 -0.2154 0.2154 -0.2154 0.7846 1 0.5752 -0.2237 0.2237 -0.2237 0.7763 1 0.5727 0 0
28 28 2383 0 0 0 0 0 1.0119 0 0.9906 0.1677 0.2014 0.2642 1 1.3385 0.8054 0.1027 0.5742 0.7386 0.97 2.9511 0.9706 0.0894 0.1657 0.1959 1 1.2987 0.0301 0.0301 NA NA 1 0.342 0.0123 0.0123 0.0123 1.0123 1 0.6983 0.0035 0.0035 0.0035 1.0035 1 0.6891 0 0
28 29 2520 0 0 0 0 0 1.0018 0 0.9799 0.4379 0.4379 0.554 0.9167 1.4059 0.7779 0.3421 0.675 0.8639 0.894 2.7821 0.993 0.3323 0.3323 0.3616 1 1.228 -0.1687 0.1687 NA NA 1 0.3804 -0.1941 0.1941 -0.1941 0.8059 1 0.6039 -0.2244 0.2244 -0.2244 0.7756 1 0.5905 0 0
28 30 2272 0 0 0 0 0 1.0052 0 0.9878 -0.6789 0.6789 0.7077 0.5 1.3607 0.8058 -0.5152 0.7228 0.8777 0.872 2.784 0.9952 -0.5291 0.5291 0.5362 0.842 1.2956 -0.0096 0.0096 NA NA 1 0.4297 -0.2424 0.2424 -0.2424 0.7576 1 0.5611 -0.2515 0.2515 -0.2515 0.7485 1 0.5607 0 0
28 31 2072 0 0 0 0 0 1.0051 0 0.9795 0.2795 0.2795 0.3218 1 1.3051 0.8229 0.2906 0.5821 0.7428 0.952 2.7848 0.9618 0.2744 0.2813 0.3392 0.968 1.2599 -0.0881 0.0881 NA NA 1 0.3466 -0.1645 0.1645 -0.1645 0.8355 1 0.5826 -0.1778 0.1778 -0.1778 0.8222 1 0.5793 0 0
28 32 2834 0 0 0 0 0 1.0098 0 0.9794 0.2085 0.2432 0.3014 1 1.327 0.8148 0.2084 0.5854 0.762 0.938 2.7469 0.966 0.1884 0.2573 0.2928 1 1.2501 0.0916 0.0916 NA NA 1 0.3426 -0.1918 0.1918 -0.1918 0.8082 1 0.601 -0.2049 0.2049 -0.2049 0.7951 1 0.5967 0 0
28 33 2289 0 0 0 0 0 1.006 0 0.9833 -0.2281 0.3286 0.4009 1 1.4265 0.8022 -0.2326 0.6187 0.7873 0.896 2.5234 0.9851 -0.2472 0.2604 0.3147 1 1.284 0.2284 0.2284 NA NA 1 0.4364 -0.4205 0.4205 -0.4205 0.5795 0 0.4897 -0.4577 0.4577 -0.4577 0.5423 0 0.4724 0 0
28 34 1961 0 0 0 0 0 1.0048 0 0.9818 0.0469 0.2084 0.3373 1 1.3679 0.8112 0.0802 0.5437 0.7223 0.934 2.7119 0.9847 0.0733 0.1171 0.1479 1 1.2302 -0.178 0.178 NA NA 1 0.3738 -0.2426 0.2426 -0.2426 0.7574 1 0.5654 -0.2733 0.2733 -0.2733 0.7267 1 0.5526 0 0
28 35 2436 0 0 0 0 0 1.0043 0 0.9923 0.2098 0.2229 0.2656 1 1.3955 0.7837 0.2261 0.5991 0.7989 0.956 2.9939 0.985 0.125 0.1591 0.1759 1 1.3796 0.2387 0.2387 NA NA 0 0.3467 0.0346 0.0346 0.0346 1.0346 1 0.7522 -0.0329 0.0329 -0.0329 0.9671 1 0.7241 0 0
28 36 1968 0 0 0 0 0 1.0087 0 0.9619 0.5699 0.5699 0.6147 0.6667 1.3693 0.7718 0.4967 0.7517 0.923 0.882 2.8526 0.97 0.4817 0.4964 0.5221 0.794 1.298 0.0108 0.0108 NA NA 1 0.4011 -0.1648 0.1648 -0.1648 0.8352 1 0.6075 -0.1739 0.1739 -0.1739 0.8261 1 0.6006 0 0
28 37 2296 0 0 0 0 0 1.0045 0 0.9509 -0.2669 0.3243 0.3619 1 1.3564 0.7863 -0.2484 0.6162 0.8001 0.946 2.8808 0.9685 -0.209 0.2241 0.2955 1 1.3084 0.0237 0.0237 NA NA 1 0.3674 -0.0713 0.0713 -0.0713 0.9287 1 0.6404 -0.0801 0.0801 -0.0801 0.9199 1 0.627 0 0
28 38 2815 0 0 0 0 0 1.0068 0 0.9923 0.4153 0.4153 0.4476 0.9167 1.3743 0.7975 0.399 0.67 0.8602 0.948 3.2431 0.989 0.4065 0.4065 0.4434 0.868 1.3568 -0.0063 0.0063 NA NA 1 0.3497 0.2726 0.2726 0.2726 1.2726 1 0.8742 0.2622 0.2622 0.2622 1.2622 1 0.8639 0 0
28 39 2484 0 0 0 0 0 1.0048 0 0.9762 0.6527 0.6527 0.6849 0.3333 1.3453 0.8236 0.6994 0.8212 0.9986 0.856 2.9011 0.9755 0.7469 0.7469 0.7659 0.174 1.3012 0.0535 0.0535 NA NA 1 0.3756 -0.1315 0.1315 -0.1315 0.8685 1 0.6479 -0.1422 0.1422 -0.1422 0.8578 1 0.6431 0 0
28 40 3125 0 0 0 0 0 1.004 0 0.9831 -0.8591 0.8591 0.8689 0.1667 1.3449 0.8274 -0.8976 0.9607 1.128 0.756 2.93 0.9857 -0.855 0.855 0.8653 0.132 1.3189 -0.0438 0.0438 NA NA 1 0.3565 -0.0894 0.0894 -0.0894 0.9106 1 0.6389 -0.0987 0.0987 -0.0987 0.9013 1 0.6327 0 0
28 41 2696 0 0 0 0 0 1.0042 0 0.9876 -0.1858 0.2275 0.3006 1 1.4054 0.8085 -0.2322 0.6125 0.8104 0.914 2.8405 0.983 -0.2371 0.2385 0.2703 1 1.3025 -0.0088 0.0088 NA NA 1 0.3728 -0.1798 0.1798 -0.1798 0.8202 1 0.6235 -0.187 0.187 -0.187 0.813 1 0.6189 0 0
28 42 2624 0 0 0 0 0 1.0063 0 0.9779 -0.3689 0.3963 0.4915 0.8333 1.4247 0.7939 -0.3512 0.6778 0.8767 0.908 2.7803 0.9882 -0.3536 0.3536 0.3748 1 1.3177 0.2123 0.2123 NA NA 0 0.416 -0.2562 0.2562 -0.2562 0.7438 1 0.5814 -0.2982 0.2982 -0.2982 0.7018 1 0.5706 0 0
28 43 3059 0 0 0 0 0 1.0083 0 0.9823 -0.281 0.2868 0.3379 1 1.3616 0.7903 -0.229 0.5853 0.7691 0.938 2.7263 0.9743 -0.159 0.1779 0.2306 1 1.3408 0.2078 0.2078 NA NA 0 0.4006 -0.2184 0.2184 -0.2184 0.7816 1 0.5811 -0.2607 0.2607 -0.2607 0.7393 1 0.5537 0 0
28 44 2794 0 0 0 0 0 1.0033 0 0.9754 -1.4999 1.4999 1.5289 0 1.5613 0.8064 -1.5165 1.5393 1.69 0.52 3.3591 0.989 -1.4476 1.4476 1.4556 0 1.3718 -0.1056 0.1056 NA NA 1 0.3305 0.225 0.225 0.225 1.225 1 0.9061 0.2022 0.2022 0.2022 1.2022 1 0.8926 0 0
28 45 1537 0 0 0 0 0 1.0126 0 0.9883 1.255 1.255 1.3257 0.0833 1.6189 0.7746 1.0185 1.1155 1.3015 0.666 2.9847 0.9903 1.0002 1.0002 1.008 0.016 1.3043 -0.1203 0.1203 NA NA 1 0.4375 -0.1873 0.1873 -0.1873 0.8127 1 0.7348 -0.2088 0.2088 -0.2088 0.7912 1 0.731 0 0
28 46 1947 0 0 0 0 0 1.0076 0 0.9808 0.659 0.659 0.6912 0.5833 1.3726 0.797 0.6493 0.8002 0.9735 0.862 3.0212 0.9606 0.6592 0.6592 0.7111 0.498 1.3013 -0.1795 0.1795 NA NA 1 0.3544 0.038 0.038 0.038 1.038 1 0.7186 -0.0041 0.0041 -0.0041 0.9959 1 0.701 0 0
28 47 2392 0 0 0 0 0 1.0048 0 0.9726 0.0237 0.1497 0.1934 1 1.3264 0.7854 0.0334 0.5786 0.7578 0.952 2.7359 0.994 0.0766 0.0943 0.1225 1 1.2733 -0.0658 0.0658 NA NA 1 0.4023 -0.2195 0.2195 -0.2195 0.7805 1 0.5619 -0.2311 0.2311 -0.2311 0.7689 1 0.5566 0 0
28 48 2765 0 0 0 0 0 1.0039 0 0.9719 0.8231 0.8231 0.8554 0.25 1.367 0.8137 0.7961 0.9159 1.0923 0.834 3.1777 0.9811 0.842 0.842 0.8544 0.06 1.3524 -0.0191 0.0191 NA NA 1 0.3945 0.1735 0.1735 0.1735 1.1735 1 0.8087 0.161 0.161 0.161 1.161 1 0.8083 0 0
28 49 1971 0 0 0 0 0 1.0033 0 0.9906 0.1594 0.1997 0.2497 1 1.379 0.7938 0.1728 0.5777 0.7559 0.912 2.5442 0.9772 0.221 0.2305 0.284 1 1.2002 -0.1921 0.1921 NA NA 1 0.3853 -0.3821 0.3821 -0.3821 0.6179 0 0.4785 -0.4108 0.4108 -0.4108 0.5892 0 0.4739 0 0
28 50 2679 0 0 0 0 0 1.0048 0 0.9719 1.3134 1.3134 1.3281 0 1.4744 0.8017 1.3194 1.358 1.5222 0.52 3.0166 0.9747 1.3383 1.3383 1.3476 0 1.3834 0.146 0.146 NA NA 1 0.4122 -0.1051 0.1051 -0.1051 0.8949 1 0.6899 -0.1342 0.1342 -0.1342 0.8658 1 0.6732 0 0
28 51 1959 0 0 0 0 0 1.0066 0 0.9769 -0.3162 0.3162 0.3761 1 1.3356 0.8003 -0.3073 0.6434 0.819 0.938 2.9916 0.9902 -0.2746 0.2746 0.2945 1 1.3364 0.078 0.078 NA NA 1 0.3565 0.0111 0.0111 0.0111 1.0111 1 0.6868 -0.0038 0.0038 -0.0038 0.9962 1 0.6767 0 0
28 52 2703 0 0 0 0 0 1.0077 0 0.9948 -0.5325 0.5325 0.5408 0.9167 1.3276 0.8332 -0.5521 0.7209 0.9043 0.92 3.2254 0.9447 -0.5672 0.5672 0.6279 0.732 1.3322 -0.1154 0.1154 NA NA 1 0.353 0.2804 0.2804 0.2804 1.2804 1 0.8412 0.2529 0.2529 0.2529 1.2529 1 0.8251 0 0
28 53 1533 0 0 0 0 0 1.0079 0 0.9818 0.6158 0.6158 0.6519 0.4167 1.3838 0.7865 0.7004 0.799 0.9813 0.86 2.9874 0.96 0.6424 0.6424 0.7083 0.458 1.3029 -0.0027 0.0027 NA NA 1 0.3789 -0.0307 0.0307 -0.0307 0.9693 1 0.6818 -0.0397 0.0397 -0.0397 0.9603 1 0.674 0 0
28 54 3291 0 0 0 0 0 1.0083 0 0.9623 0.1944 0.2211 0.2825 1 1.3093 0.7796 0.3137 0.598 0.7721 0.954 2.8628 0.9772 0.2988 0.3091 0.3348 1 1.2793 0.0323 0.0323 NA NA 1 0.4165 -0.1179 0.1179 -0.1179 0.8821 1 0.6217 -0.1291 0.1291 -0.1291 0.8709 1 0.6176 0 0
28 55 2283 0 0 0 0 0 1.0036 0 0.9822 -0.475 0.475 0.5145 0.8333 1.3601 0.782 -0.4797 0.7469 0.9339 0.904 2.9634 0.9677 -0.4405 0.4405 0.476 0.774 1.2716 -0.0915 0.0915 NA NA 1 0.3388 -0.0289 0.0289 -0.0289 0.9711 1 0.7107 -0.0444 0.0444 -0.0444 0.9556 1 0.6991 0 0
28 56 2352 0 0 0 0 0 1.0031 0 0.9883 -3e-04 0.241 0.2885 1 1.4522 0.7799 0.0302 0.5738 0.7607 0.95 2.852 0.983 -0.0777 0.1354 0.167 1 1.3445 -0.0088 0.0088 NA NA 1 0.3971 -0.182 0.182 -0.182 0.818 1 0.6264 -0.1907 0.1907 -0.1907 0.8093 1 0.6236 0 0
28 57 2341 0 0 0 0 0 1.0046 0 0.9874 0.2174 0.2277 0.2979 1 1.3376 0.7763 0.1203 0.5542 0.7246 0.944 2.7068 0.9901 0.0528 0.1472 0.1686 1 1.2435 -0.001 0.001 NA NA 1 0.4321 -0.2367 0.2367 -0.2367 0.7633 1 0.5571 -0.246 0.246 -0.246 0.754 1 0.5472 0 0
28 58 2482 0 0 0 0 0 1.009 0 0.9839 -0.1918 0.2685 0.2904 1 1.3366 0.8064 -0.2393 0.6267 0.8154 0.948 2.9923 0.9853 -0.2176 0.2176 0.249 1 1.2933 -0.0349 0.0349 NA NA 1 0.3561 0.0294 0.0294 0.0294 1.0294 1 0.7072 0.0198 0.0198 0.0198 1.0198 1 0.6949 0 0
28 59 2790 0 0 0 0 0 1.0033 0 0.9909 -0.3539 0.3539 0.3948 1 1.4027 0.81 -0.3534 0.6399 0.7938 0.958 3.11 0.9692 -0.4082 0.4082 0.4459 0.962 1.3224 -0.0978 0.0978 NA NA 1 0.3438 0.0897 0.0897 0.0897 1.0897 1 0.7958 0.0708 0.0708 0.0708 1.0708 1 0.7902 0 0
28 60 2318 0 0 0 0 0 1.0122 0 0.9907 -0.7819 0.7819 0.8086 0.25 1.3644 0.7976 -0.7783 0.8741 1.0662 0.804 2.9314 0.9745 -0.7396 0.7396 0.7678 0.38 1.2984 -0.0686 0.0686 NA NA 1 0.3938 -0.0625 0.0625 -0.0625 0.9375 1 0.6466 -0.0766 0.0766 -0.0766 0.9234 1 0.6486 0 0
28 61 2292 0 0 0 0 0 1.008 0 0.9857 0.3885 0.3885 0.4245 1 1.3303 0.8049 0.3523 0.6758 0.8618 0.92 3.2548 0.9943 0.3594 0.3594 0.3693 1 1.3948 0.1513 0.1513 NA NA 1 0.3386 0.3684 0.3684 0.3684 1.3684 1 0.9253 0.3265 0.3265 0.3265 1.3265 1 0.8936 0 0
28 62 2649 0 0 0 0 0 1.0072 0 0.9771 -0.4364 0.4364 0.5137 0.75 1.3282 0.7892 -0.3616 0.6547 0.83 0.896 2.7275 0.9485 -0.3699 0.3699 0.4434 0.91 1.2772 -0.0235 0.0235 NA NA 1 0.4065 -0.2405 0.2405 -0.2405 0.7595 1 0.5368 -0.2489 0.2489 -0.2489 0.7511 1 0.5259 0 0
28 63 1840 0 0 0 0 0 1.0144 0 0.9872 0.1753 0.1874 0.2324 1 1.28 0.799 0.1903 0.6062 0.7868 0.954 3.013 0.9888 0.1938 0.2046 0.229 1 1.2743 -0.0026 0.0026 NA NA 1 0.3828 0.0333 0.0333 0.0333 1.0333 1 0.7114 0.0231 0.0231 0.0231 1.0231 1 0.7028 0 0
28 64 2108 0 0 0 0 0 1.0086 0 0.9822 0.6372 0.6372 0.7991 0.5833 1.4696 0.7753 0.4585 0.7113 0.9049 0.87 2.8091 0.9876 0.4522 0.4522 0.519 0.678 1.2763 -0.1015 0.1015 NA NA 1 0.417 -0.2322 0.2322 -0.2322 0.7678 1 0.5867 -0.2489 0.2489 -0.2489 0.7511 1 0.5879 0 0
28 65 2668 0 0 0 0 0 1.0048 0 0.9592 -0.6819 0.6819 0.7384 0.4167 1.4098 0.7653 -0.6348 0.8105 0.9946 0.834 2.8443 0.9891 -0.6854 0.6854 0.7087 0.356 1.2967 -0.016 0.016 NA NA 1 0.3441 -0.0977 0.0977 -0.0977 0.9023 1 0.6477 -0.105 0.105 -0.105 0.895 1 0.6473 0 0
28 66 2052 0 0 0 0 0 1.0144 0 0.9825 -0.5618 0.5618 0.5831 0.8333 1.3545 0.8024 -0.4718 0.7058 0.8901 0.922 3.2434 0.9932 -0.4516 0.4516 0.4622 1 1.3455 0.0117 0.0117 NA NA 1 0.3641 0.2362 0.2362 0.2362 1.2362 1 0.8613 0.2253 0.2253 0.2253 1.2253 1 0.8518 0 0
28 67 1650 0 0 0 0 0 1.0056 0 0.9855 -0.0306 0.2199 0.2452 1 1.3147 0.8063 -0.0692 0.5537 0.7288 0.95 2.6079 0.9951 0.0134 0.1185 0.139 1 1.2378 -0.0117 0.0117 NA NA 1 0.3681 -0.3089 0.3089 -0.3089 0.6911 0 0.517 -0.3151 0.3151 -0.3151 0.6849 0 0.5138 0 0
28 68 2310 0 0 0 0 0 1.0076 0 0.9926 0.1354 0.17 0.1979 1 1.3561 0.8277 0.1558 0.5585 0.7188 0.976 3.0074 0.9784 0.1364 0.1592 0.2003 1 1.3231 0.1414 0.1414 NA NA 1 0.3796 9e-04 9e-04 9e-04 1.0009 1 0.6912 -0.0291 0.0291 -0.0291 0.9709 1 0.6778 0 0
28 69 2757 0 0 0 0 0 1.0019 0 0.9861 -0.7323 0.7323 0.7549 0.4167 1.4088 0.8195 -0.7013 0.8496 1.0197 0.848 3.1168 0.9841 -0.6363 0.6363 0.6496 0.558 1.3864 0.0526 0.0526 NA NA 1 0.3711 0.1611 0.1611 0.1611 1.1611 1 0.8114 0.147 0.147 0.147 1.147 1 0.8089 0 0
28 70 2544 0 0 0 0 0 1.0055 0 0.9794 -0.3139 0.3191 0.4003 0.9167 1.3703 0.7831 -0.2612 0.6272 0.7955 0.946 2.9753 0.9869 -0.2883 0.2883 0.3437 1 1.2988 0.0767 0.0767 NA NA 1 0.4147 -0.0317 0.0317 -0.0317 0.9683 1 0.7058 -0.0488 0.0488 -0.0488 0.9512 1 0.6976 0 0
28 71 1899 0 0 0 0 0 1.0079 0 0.9892 0.025 0.1159 0.1686 1 1.3729 0.812 -0.0303 0.5441 0.7206 0.952 2.7659 0.9501 -0.0885 0.1979 0.2377 1 1.2986 9e-04 9e-04 NA NA 1 0.3924 -0.2091 0.2091 -0.2091 0.7909 1 0.5817 -0.2171 0.2171 -0.2171 0.7829 1 0.5692 0 0
28 72 2697 0 0 0 0 0 1.0045 0 0.9858 -0.2953 0.3034 0.3552 0.9167 1.2865 0.819 -0.2411 0.5823 0.7613 0.946 2.8552 0.9834 -0.2986 0.3103 0.3261 1 1.2532 0.0063 0.0063 NA NA 1 0.3922 -0.1284 0.1284 -0.1284 0.8716 1 0.625 -0.1374 0.1374 -0.1374 0.8626 1 0.6223 0 0
28 73 2797 0 0 0 0 0 1.0053 0 0.9815 0.1639 0.1842 0.2218 1 1.2626 0.8132 0.1131 0.5442 0.7152 0.962 2.8749 0.9786 0.0735 0.1442 0.1819 1 1.2395 -0.0332 0.0332 NA NA 1 0.346 -0.0272 0.0272 -0.0272 0.9728 1 0.6651 -0.0356 0.0356 -0.0356 0.9644 1 0.6665 0 0
28 74 2527 0 0 0 0 0 1.0043 0 0.9587 -0.2377 0.2493 0.3319 0.9167 1.3056 0.7972 -0.2726 0.6004 0.7717 0.952 2.8156 0.9599 -0.2768 0.2997 0.3557 1 1.2756 -0.0491 0.0491 NA NA 1 0.3745 -0.1263 0.1263 -0.1263 0.8737 1 0.5731 -0.1364 0.1364 -0.1364 0.8636 1 0.5708 0 0
28 75 2148 0 0 0 0 0 1.0069 0 0.9833 -0.6535 0.6535 0.675 0.6667 1.324 0.8117 -0.5789 0.7452 0.9231 0.878 2.9922 0.9462 -0.6385 0.6385 0.6784 0.636 1.3027 -0.0107 0.0107 NA NA 1 0.3592 0.098 0.098 0.098 1.098 1 0.7349 0.0888 0.0888 0.0888 1.0888 1 0.718 0 0
28 76 2502 0 0 0 0 0 1.0066 0 0.9652 -0.4225 0.4225 0.4561 0.9167 1.2664 0.8049 -0.4008 0.6419 0.8165 0.93 2.7761 0.9845 -0.3967 0.3967 0.4444 0.804 1.224 -0.0232 0.0232 NA NA 1 0.3522 -0.0838 0.0838 -0.0838 0.9162 1 0.6019 -0.0917 0.0917 -0.0917 0.9083 1 0.6003 0 0
28 77 2537 0 0 0 0 0 1.0061 0 0.9478 -0.2915 0.3152 0.3994 0.9167 1.3222 0.799 -0.225 0.6036 0.7732 0.956 2.9324 0.9438 -0.1615 0.2422 0.2847 1 1.3002 0.0703 0.0703 NA NA 1 0.3785 -0.0693 0.0693 -0.0693 0.9307 1 0.6552 -0.0827 0.0827 -0.0827 0.9173 1 0.6513 0 0
28 78 2093 0 0 0 0 0 1.006 0 0.9417 -1.1707 1.1707 1.2032 0.1667 1.3819 0.8092 -1.1489 1.1944 1.3779 0.628 2.9915 0.981 -1.1629 1.1629 1.1713 0.004 1.3106 0.0043 0.0043 NA NA 1 0.3469 -0.0496 0.0496 -0.0496 0.9504 1 0.6728 -0.0573 0.0573 -0.0573 0.9427 1 0.6722 0 0
28 79 2693 0 0 0 0 0 1.0102 0 0.9755 -0.557 0.557 0.6153 0.5833 1.3659 0.7658 -0.4948 0.7216 0.8921 0.88 2.8073 0.9725 -0.4622 0.4721 0.509 0.734 1.2742 0.052 0.052 NA NA 1 0.4386 -0.1583 0.1583 -0.1583 0.8417 1 0.6157 -0.1715 0.1715 -0.1715 0.8285 1 0.6013 0 0
28 80 1867 0 0 0 0 0 1.0062 0 0.9619 0.624 0.624 0.6649 0.6667 1.3167 0.8081 0.5544 0.7334 0.9014 0.87 2.7666 0.9875 0.5697 0.5697 0.5861 0.502 1.2595 -0.0728 0.0728 NA NA 1 0.3581 -0.1749 0.1749 -0.1749 0.8251 1 0.5775 -0.1863 0.1863 -0.1863 0.8137 1 0.571 0 0
28 81 2027 0 0 0 0 0 1.0028 0 0.984 -0.9748 0.9748 1.0229 0.1667 1.4972 0.7958 -0.8518 0.9565 1.1353 0.762 2.8964 0.9945 -0.874 0.874 0.8932 0.2 1.3125 0.0699 0.0699 NA NA 1 0.3948 -0.1766 0.1766 -0.1766 0.8234 1 0.6708 -0.1891 0.1891 -0.1891 0.8109 1 0.6639 0 0
28 82 2669 0 0 0 0 0 1.0055 0 0.9898 0.5699 0.5699 0.5964 0.75 1.3728 0.8083 0.628 0.7826 0.9634 0.89 3.022 0.9785 0.6102 0.6102 0.6308 0.528 1.3314 0.0349 0.0349 NA NA 1 0.3568 -0.0156 0.0156 -0.0156 0.9844 1 0.6858 -0.025 0.025 -0.025 0.975 1 0.6736 0 0
28 83 1662 0 0 0 0 0 1.0116 0 0.9932 0.1574 0.2587 0.2938 1 1.5163 0.7897 0.1847 0.6245 0.8076 0.946 2.9008 0.971 0.2159 0.2233 0.2756 0.976 1.3407 0.0157 0.0157 NA NA 1 0.4294 -0.1475 0.1475 -0.1475 0.8525 1 0.664 -0.1578 0.1578 -0.1578 0.8422 1 0.6647 0 0
28 84 2273 0 0 0 0 0 1.0077 0 0.9642 -1.2024 1.2024 1.2247 0 1.373 0.7914 -1.1039 1.186 1.343 0.614 3.0276 0.9792 -1.0621 1.0621 1.0757 0.034 1.3676 0.1995 0.1995 NA NA 0 0.3656 -0.036 0.036 -0.036 0.964 1 0.7382 -0.0833 0.0833 -0.0833 0.9167 1 0.7077 0 0
28 85 3281 0 0 0 0 0 1.003 0 0.9897 -0.11 0.1353 0.1713 1 1.3134 0.8309 -0.0835 0.5217 0.6825 0.96 2.809 0.9652 -0.0265 0.1662 0.1962 1 1.3014 0.1494 0.1494 NA NA 1 0.3217 -0.0742 0.0742 -0.0742 0.9258 1 0.6668 -0.1014 0.1014 -0.1014 0.8986 1 0.6393 0 0
28 86 2199 0 0 0 0 0 1.0065 0 0.9856 0.0631 0.1352 0.1789 1 1.3085 0.801 0.0038 0.5554 0.7338 0.97 3.0953 0.975 0.0198 0.1229 0.1604 1 1.3335 -0.0031 0.0031 NA NA 1 0.3192 0.1679 0.1679 0.1679 1.1679 1 0.7836 0.1599 0.1599 0.1599 1.1599 1 0.7817 0 0
28 87 3070 0 0 0 0 0 1.0067 0 0.9775 0.3076 0.3731 0.4135 0.9167 1.3537 0.7964 0.1841 0.6103 0.7675 0.94 2.9253 0.9923 0.1313 0.137 0.1586 1 1.2932 0.0756 0.0756 NA NA 1 0.3912 -0.0665 0.0665 -0.0665 0.9335 1 0.6663 -0.0815 0.0815 -0.0815 0.9185 1 0.6579 0 0
28 88 1793 0 0 0 0 0 1.0042 0 0.986 -0.5792 0.5792 0.6644 0.8333 1.4022 0.7999 -0.4619 0.6786 0.8487 0.888 2.7576 0.9885 -0.3954 0.3954 0.4154 1 1.234 -0.0988 0.0988 NA NA 1 0.4079 -0.2326 0.2326 -0.2326 0.7674 1 0.5969 -0.2485 0.2485 -0.2485 0.7515 1 0.5955 0 0
28 89 2596 0 0 0 0 0 1.0054 0 0.9875 0.2069 0.2069 0.2488 1 1.3395 0.8235 0.2027 0.5635 0.7427 0.968 2.9438 0.9751 0.2232 0.2493 0.2768 1 1.3277 0.0261 0.0261 NA NA 1 0.3584 -0.0697 0.0697 -0.0697 0.9303 1 0.6483 -0.0783 0.0783 -0.0783 0.9217 1 0.6462 0 0
28 90 2248 0 0 0 0 0 1.0035 0 0.9882 0.2671 0.2682 0.354 0.9167 1.466 0.786 0.218 0.605 0.7813 0.942 3.0885 0.9809 0.1596 0.1876 0.2269 1 1.3449 0.1042 0.1042 NA NA 1 0.4532 0.0474 0.0474 0.0474 1.0474 1 0.7664 0.0222 0.0222 0.0222 1.0222 1 0.7543 0 0
28 91 1807 0 0 0 0 0 1.0045 0 0.9891 0.014 0.1854 0.214 1 1.3493 0.8003 0.0103 0.5886 0.7488 0.938 2.6767 0.9881 0.0287 0.1303 0.1681 1 1.2744 0.0069 0.0069 NA NA 1 0.3805 -0.2564 0.2564 -0.2564 0.7436 1 0.5368 -0.2637 0.2637 -0.2637 0.7363 1 0.5317 0 0
28 92 1984 0 0 0 0 0 1.005 0 0.986 0.4395 0.4395 0.471 1 1.3924 0.8033 0.4888 0.6916 0.8747 0.914 2.9629 0.9548 0.5026 0.5027 0.5494 0.662 1.2995 -0.0628 0.0628 NA NA 1 0.3631 -0.0053 0.0053 -0.0053 0.9947 1 0.7125 -0.0178 0.0178 -0.0178 0.9822 1 0.7084 0 0
28 93 1998 0 0 0 0 0 1.0032 0 0.9772 -0.2147 0.2544 0.299 1 1.3604 0.7848 -0.2354 0.5999 0.7869 0.954 2.9801 0.9305 -0.2913 0.3005 0.4081 0.898 1.3188 -0.0273 0.0273 NA NA 1 0.3962 0.0129 0.0129 0.0129 1.0129 1 0.6716 0.0014 0.0014 0.0014 1.0014 1 0.6648 0 0
28 94 2198 0 0 0 0 0 1.0113 0 0.9813 -0.0596 0.2051 0.286 1 1.3634 0.8074 -0.065 0.5835 0.7834 0.898 2.4346 0.9761 -0.1295 0.1714 0.201 1 1.2219 -0.0654 0.0654 NA NA 1 0.4534 -0.4868 0.4868 -0.4868 0.5132 0 0.4134 -0.4959 0.4959 -0.4959 0.5041 0 0.4104 0 0
28 95 3415 0 0 0 0 0 1.0022 0 0.9525 -0.1749 0.2172 0.2892 0.9167 1.3448 0.8222 -0.1775 0.5495 0.72 0.958 2.834 0.9928 -0.0971 0.118 0.1331 1 1.3237 0.0302 0.0302 NA NA 1 0.3725 -0.0882 0.0882 -0.0882 0.9118 1 0.6425 -0.0972 0.0972 -0.0972 0.9028 1 0.6368 0 0
28 96 1975 0 0 0 0 0 1.0045 0 0.977 -0.4365 0.4365 0.4949 0.75 1.3746 0.8042 -0.3946 0.6597 0.8304 0.93 2.9869 0.9764 -0.3968 0.3968 0.4267 1 1.2957 0.0253 0.0253 NA NA 1 0.3594 -0.044 0.044 -0.044 0.956 1 0.6999 -0.0527 0.0527 -0.0527 0.9473 1 0.6934 0 0
28 97 2407 0 0 0 0 0 1.0055 0 0.9664 0.2142 0.2764 0.3376 1 1.3611 0.7961 0.2014 0.6006 0.7798 0.934 2.7727 0.9783 0.1737 0.1824 0.2273 1 1.2834 -0.0515 0.0515 NA NA 1 0.3828 -0.2242 0.2242 -0.2242 0.7758 1 0.569 -0.2338 0.2338 -0.2338 0.7662 1 0.5611 0 0
28 98 2154 0 0 0 0 0 1.0048 0 0.9685 -0.7849 0.7849 0.8228 0.25 1.3417 0.7734 -0.8788 0.9707 1.1519 0.786 2.986 0.9694 -0.9475 0.9475 0.9661 0.072 1.2824 -0.008 0.008 NA NA 1 0.3656 -0.0074 0.0074 -0.0074 0.9926 1 0.6857 -0.0163 0.0163 -0.0163 0.9837 1 0.6826 0 0
28 99 2004 0 0 0 0 0 1.0064 0 0.9904 0.3562 0.386 0.4687 0.9167 1.4493 0.7843 0.2831 0.6585 0.8414 0.892 2.644 0.9694 0.286 0.29 0.3393 0.942 1.2823 0.0623 0.0623 NA NA 1 0.4286 -0.3595 0.3595 -0.3595 0.6405 0 0.5254 -0.3698 0.3698 -0.3698 0.6302 0 0.521 0 0
28 100 2482 0 0 0 0 0 1.0039 0 0.9913 -0.3077 0.3581 0.4458 0.9167 1.3848 0.7952 -0.2723 0.6184 0.804 0.898 2.5809 0.9818 -0.2305 0.2636 0.3168 1 1.2236 -0.0292 0.0292 NA NA 1 0.4754 -0.3631 0.3631 -0.3631 0.6369 0 0.5007 -0.3733 0.3733 -0.3733 0.6267 0 0.4962 0 0
28 101 3227 0 0 0 0 0 1.0021 0 0.9885 0.1782 0.1934 0.2272 1 1.3357 0.791 0.119 0.5751 0.761 0.946 2.8032 0.9541 0.0855 0.1862 0.2324 1 1.2894 0.0339 0.0339 NA NA 1 0.4181 -0.1798 0.1798 -0.1798 0.8202 1 0.6099 -0.1903 0.1903 -0.1903 0.8097 1 0.6044 0 0
28 102 2929 0 0 0 0 0 1.0017 0 0.9767 -0.0889 0.1728 0.2122 1 1.3172 0.8348 -0.1261 0.5217 0.6809 0.974 2.9392 0.9494 -0.0809 0.2315 0.2724 1 1.2853 0.0203 0.0203 NA NA 1 0.3422 0.0896 0.0896 0.0896 1.0896 1 0.7163 0.0807 0.0807 0.0807 1.0807 1 0.7138 0 0
28 103 2391 0 0 0 0 0 1.003 0 0.9623 0.0834 0.2274 0.2919 1 1.2994 0.8133 0.035 0.5583 0.7184 0.972 2.8698 0.9677 0.0192 0.1596 0.1916 1 1.2665 -0.097 0.097 NA NA 1 0.3867 -0.0314 0.0314 -0.0314 0.9686 1 0.6724 -0.0504 0.0504 -0.0504 0.9496 1 0.6547 0 0
28 104 2846 0 0 0 0 0 1.0025 0 0.9915 -0.2714 0.2714 0.3012 1 1.3357 0.8162 -0.1929 0.5852 0.7577 0.968 2.9847 0.9851 -0.2336 0.2336 0.279 1 1.3647 0.1609 0.1609 NA NA 1 0.345 0.0251 0.0251 0.0251 1.0251 1 0.7158 -0.0099 0.0099 -0.0099 0.9901 1 0.6851 0 0
28 105 2067 0 0 0 0 0 1.0045 0 0.9189 1.0076 1.0076 1.3506 0.4167 1.6318 0.784 0.6273 0.8309 1.0309 0.756 2.4947 0.96 0.6336 0.6336 0.6857 0.442 1.2326 -0.1767 0.1767 NA NA 1 0.4769 -0.4527 0.4527 -0.4527 0.5473 0 0.4794 -0.4773 0.4773 -0.4773 0.5227 0 0.4749 0 0
28 106 2692 0 0 0 0 0 1.0071 0 0.9883 -0.1187 0.2116 0.2682 1 1.3059 0.8014 -0.0761 0.5982 0.7744 0.962 3.3275 0.9902 -0.1054 0.136 0.1865 1 1.3315 -0.0152 0.0152 NA NA 1 0.3883 0.4367 0.4367 0.4367 1.4367 0 0.9263 0.4222 0.4222 0.4222 1.4222 0 0.917 0 0
28 107 2369 0 0 0 0 0 1.0045 0 0.989 0.0987 0.1735 0.2307 1 1.3602 0.8008 0.1183 0.5775 0.7825 0.954 2.9203 0.9832 0.1123 0.1492 0.1835 1 1.3388 0.0966 0.0966 NA NA 1 0.3472 -0.0741 0.0741 -0.0741 0.9259 1 0.6509 -0.0898 0.0898 -0.0898 0.9102 1 0.6443 0 0
28 108 2336 0 0 0 0 0 1.0045 0 0.9886 -0.462 0.462 0.489 1 1.3545 0.8032 -0.5216 0.6968 0.8787 0.918 3.114 0.9861 -0.4794 0.4794 0.4965 0.9 1.3445 0.1224 0.1224 NA NA 1 0.3726 0.2003 0.2003 0.2003 1.2003 1 0.8085 0.1709 0.1709 0.1709 1.1709 1 0.7946 0 0
28 109 2464 0 0 0 0 0 1.011 0 0.9891 -0.1924 0.2418 0.2497 1 1.3176 0.8176 -0.2491 0.6024 0.7672 0.962 3.1337 0.977 -0.2128 0.2286 0.262 1 1.3177 0.0167 0.0167 NA NA 1 0.3448 0.1783 0.1783 0.1783 1.1783 1 0.7892 0.1686 0.1686 0.1686 1.1686 1 0.7837 0 0
28 110 2583 0 0 0 0 0 1.0014 0 0.9673 0.3694 0.3766 0.4621 0.9167 1.3919 0.8145 0.4163 0.6432 0.8141 0.956 3.1914 0.9889 0.4179 0.4179 0.4309 1 1.3171 -0.0144 0.0144 NA NA 1 0.3736 0.1774 0.1774 0.1774 1.1774 1 0.8629 0.1662 0.1662 0.1662 1.1662 1 0.8585 0 0
28 111 2951 0 0 0 0 0 1.003 0 0.9831 0.2592 0.3635 0.489 0.9167 1.5239 0.7729 0.1838 0.6133 0.7855 0.924 2.5461 0.959 0.2272 0.2421 0.3057 1 1.2938 0.1782 0.1782 NA NA 1 0.4119 -0.4676 0.4676 -0.4676 0.5324 0 0.4866 -0.4906 0.4906 -0.4906 0.5094 0 0.4695 0 0
28 112 2278 0 0 0 0 0 1.0044 0 0.9963 -0.1038 0.1278 0.1414 1 1.3616 0.8236 -0.1885 0.5219 0.681 0.962 2.8199 0.9877 -0.159 0.1603 0.2013 1 1.3111 0.0204 0.0204 NA NA 1 0.3584 -0.1349 0.1349 -0.1349 0.8651 1 0.604 -0.1429 0.1429 -0.1429 0.8571 1 0.5973 0 0
28 113 2255 0 0 0 0 0 1.0052 0 0.971 -0.9594 0.9594 1.0112 0.1667 1.4775 0.7738 -0.9182 0.9985 1.1747 0.75 2.98 0.9459 -0.9746 0.9746 1.0013 0 1.3143 -0.1148 0.1148 NA NA 1 0.4824 -0.1226 0.1226 -0.1226 0.8774 1 0.6863 -0.1473 0.1473 -0.1473 0.8527 1 0.6757 0 0
28 114 2170 0 0 0 0 0 1.0056 0 0.9843 0.1149 0.2723 0.3258 1 1.379 0.7885 0.0332 0.5802 0.7499 0.932 2.5817 0.9729 0.0617 0.1378 0.1835 1 1.2287 -0.1229 0.1229 NA NA 1 0.4725 -0.4007 0.4007 -0.4007 0.5993 0 0.5074 -0.4183 0.4183 -0.4183 0.5817 0 0.5042 0 0
28 115 2215 0 0 0 0 0 1.0053 0 0.9911 -0.159 0.2401 0.2725 1 1.3602 0.7976 -0.061 0.5577 0.7251 0.952 2.7218 0.9752 -0.0446 0.1446 0.1743 1 1.2147 -0.2156 0.2156 NA NA 0 0.3545 -0.1995 0.1995 -0.1995 0.8005 1 0.5954 -0.2432 0.2432 -0.2432 0.7568 1 0.5658 0 0
28 116 2404 0 0 0 0 0 1.0068 0 0.9684 0.0815 0.1791 0.2185 1 1.2804 0.7908 0.1041 0.5947 0.7716 0.948 2.9499 0.9888 0.0524 0.1127 0.1531 1 1.2734 0.0729 0.0729 NA NA 1 0.3409 0.0511 0.0511 0.0511 1.0511 1 0.6993 0.0374 0.0374 0.0374 1.0374 1 0.6928 0 0
28 117 2992 0 0 0 0 0 1.0044 0 0.9707 0.8226 0.8226 0.8396 0.3333 1.3268 0.8215 0.7219 0.895 1.0459 0.798 2.9243 0.9739 0.6808 0.6815 0.7049 0.426 1.3369 0.1051 0.1051 NA NA 1 0.3721 -0.001 0.001 -0.001 0.999 1 0.6972 -0.0213 0.0213 -0.0213 0.9787 1 0.676 0 0
28 118 1544 0 0 0 0 0 1.0131 0 0.9901 -0.2667 0.4114 0.4931 0.9167 1.4176 0.7681 -0.2937 0.6986 0.9001 0.842 2.4549 0.9792 -0.2837 0.2863 0.3309 1 1.2128 -0.2546 0.2546 NA NA 1 0.5196 -0.4832 0.4832 -0.4832 0.5168 0 0.4539 -0.5241 0.5241 -0.5241 0.4759 0 0.4639 0 0
28 119 2629 0 0 0 0 0 1.0074 0 0.9715 0.1309 0.1921 0.2562 1 1.3306 0.7616 0.0895 0.5855 0.7677 0.958 2.8302 0.9836 0.0319 0.1024 0.1445 1 1.325 0.1786 0.1786 NA NA 0 0.3344 -0.1543 0.1543 -0.1543 0.8457 1 0.5987 -0.188 0.188 -0.188 0.812 1 0.5802 0 0
28 120 1962 0 0 0 0 0 1.0089 0 0.9715 0.494 0.494 0.5532 0.75 1.3286 0.7886 0.4552 0.6882 0.8596 0.92 2.9759 0.9915 0.4206 0.4206 0.4478 0.884 1.2736 -0.0476 0.0476 NA NA 1 0.3428 -0.0251 0.0251 -0.0251 0.9749 1 0.6637 -0.0347 0.0347 -0.0347 0.9653 1 0.6548 0 0
28 121 2265 0 0 0 0 0 1.0019 0 0.9709 -0.2013 0.2292 0.2772 0.9167 1.3157 0.8117 -0.2143 0.5677 0.7454 0.96 2.9357 0.9873 -0.2972 0.2972 0.3218 1 1.2967 -0.0205 0.0205 NA NA 1 0.3667 -0.0313 0.0313 -0.0313 0.9687 1 0.6596 -0.0405 0.0405 -0.0405 0.9595 1 0.6551 0 0
28 122 2731 0 0 0 0 0 1.0053 0 0.9784 -0.105 0.2245 0.2562 1 1.3798 0.8155 -0.0719 0.5642 0.7375 0.966 2.9367 0.9702 -0.0892 0.1489 0.1932 1 1.3157 -0.0026 0.0026 NA NA 1 0.3799 -0.0439 0.0439 -0.0439 0.9561 1 0.6898 -0.0533 0.0533 -0.0533 0.9467 1 0.6765 0 0
28 123 2104 0 0 0 0 0 1.0068 0 0.9904 0.3529 0.364 0.4363 1 1.4367 0.7738 0.3058 0.6544 0.8553 0.918 2.7902 0.9822 0.4001 0.4001 0.4272 1 1.2915 -0.0286 0.0286 NA NA 1 0.3761 -0.2234 0.2234 -0.2234 0.7766 1 0.5619 -0.2314 0.2314 -0.2314 0.7686 1 0.5588 0 0
28 124 2230 0 0 0 0 0 1.004 0 0.9852 0.5664 0.5737 0.6686 0.5833 1.4785 0.7867 0.521 0.7301 0.8972 0.862 2.7038 0.9802 0.6348 0.6348 0.6645 0.482 1.3134 0.1397 0.1397 NA NA 1 0.4084 -0.3021 0.3021 -0.3021 0.6979 1 0.5582 -0.3236 0.3236 -0.3236 0.6764 0 0.5539 0 0
28 125 2730 0 0 0 0 0 1.0056 0 0.9852 -0.2814 0.2814 0.3252 1 1.4174 0.8088 -0.2835 0.5973 0.762 0.94 2.733 0.9768 -0.3598 0.3598 0.3937 1 1.3762 0.0839 0.0839 NA NA 1 0.4054 -0.268 0.268 -0.268 0.732 1 0.5573 -0.2811 0.2811 -0.2811 0.7189 1 0.5519 0 0
28 126 2355 0 0 0 0 0 1.0059 0 0.9642 -2e-04 0.1836 0.2078 1 1.2668 0.8102 -0.0141 0.5589 0.7377 0.952 2.7176 0.992 0.0115 0.1318 0.1525 1 1.2338 0.0597 0.0597 NA NA 1 0.3393 -0.2219 0.2219 -0.2219 0.7781 1 0.5466 -0.2306 0.2306 -0.2306 0.7694 1 0.5414 0 0
28 127 3380 0 0 0 0 0 1.0036 0 0.9891 -0.2103 0.2103 0.262 1 1.3086 0.8227 -0.176 0.5678 0.7578 0.962 3.0241 0.9844 -0.1653 0.1709 0.2153 1 1.2956 0.0632 0.0632 NA NA 1 0.3605 0.0779 0.0779 0.0779 1.0779 1 0.7612 0.064 0.064 0.064 1.064 1 0.7535 0 0
28 128 2316 0 0 0 0 0 1.0056 0 0.9937 -0.9517 0.9517 0.9612 0.0833 1.4242 0.8075 -0.9965 1.0663 1.2323 0.738 3.1664 0.9455 -0.9983 0.9983 1.0264 0 1.3448 0.0289 0.0289 NA NA 1 0.3893 0.0988 0.0988 0.0988 1.0988 1 0.7717 0.087 0.087 0.087 1.087 1 0.7525 0 0
28 129 2227 0 0 0 0 0 1.0044 0 0.979 0.0616 0.1952 0.2842 0.9167 1.427 0.8091 0.1228 0.5817 0.7366 0.972 3.0967 0.9834 0.0954 0.1186 0.1629 1 1.3224 -0.0057 0.0057 NA NA 1 0.361 0.0226 0.0226 0.0226 1.0226 1 0.7313 0.0138 0.0138 0.0138 1.0138 1 0.7216 0 0
28 130 1649 0 0 0 0 0 1.0061 0 0.9854 -0.1272 0.3045 0.4232 1 1.4809 0.7871 -0.0466 0.6066 0.7682 0.944 2.7186 0.9928 -0.0952 0.159 0.1859 1 1.2464 0.0242 0.0242 NA NA 1 0.41 -0.3004 0.3004 -0.3004 0.6996 1 0.559 -0.3087 0.3087 -0.3087 0.6913 1 0.5593 0 0
28 131 2682 0 0 0 0 0 1.0063 0 0.955 0.3359 0.3404 0.3881 0.9167 1.3315 0.7827 0.3441 0.6289 0.817 0.918 2.842 0.964 0.2993 0.2993 0.359 0.984 1.334 0.1515 0.1515 NA NA 1 0.3764 -0.0766 0.0766 -0.0766 0.9234 1 0.6566 -0.1066 0.1066 -0.1066 0.8934 1 0.6348 0 0
28 132 2630 0 0 0 0 0 1.0038 0 0.9583 -0.9586 0.9586 0.9871 0.0833 1.3649 0.8023 -0.8668 0.9698 1.1401 0.718 2.7732 0.9712 -0.8709 0.8709 0.8879 0.056 1.3289 0.0867 0.0867 NA NA 1 0.4332 -0.2705 0.2705 -0.2705 0.7295 1 0.5572 -0.285 0.285 -0.285 0.715 1 0.5486 0 0
28 133 2934 0 0 0 0 0 1.0052 0 0.972 -0.2302 0.2709 0.2995 1 1.301 0.7922 -0.2274 0.5796 0.7627 0.95 2.7615 0.9809 -0.2761 0.2834 0.3154 1 1.278 0.065 0.065 NA NA 1 0.3962 -0.1822 0.1822 -0.1822 0.8178 1 0.5784 -0.194 0.194 -0.194 0.806 1 0.5699 0 0
28 134 2268 0 0 0 0 0 1.0085 0 0.9839 0.2238 0.2561 0.351 1 1.3883 0.8163 0.2062 0.5985 0.7541 0.958 2.9031 0.9867 0.2815 0.2888 0.3177 1 1.2711 -0.1159 0.1159 NA NA 1 0.3776 -0.1665 0.1665 -0.1665 0.8335 1 0.6319 -0.1854 0.1854 -0.1854 0.8146 1 0.628 0 0
28 135 2515 0 0 0 0 0 1.003 0 0.9812 -0.5795 0.5795 0.6008 0.5833 1.3712 0.7643 -0.6072 0.8168 1.0253 0.864 3.127 0.9775 -0.5611 0.5611 0.5825 0.698 1.371 0.1298 0.1298 NA NA 1 0.3806 0.0668 0.0668 0.0668 1.0668 1 0.7773 0.0381 0.0381 0.0381 1.0381 1 0.7464 0 0
28 136 1822 0 0 0 0 0 1.0062 0 0.9512 1.0857 1.0857 1.1844 0.1667 1.5978 0.772 0.9175 1.0337 1.2177 0.696 2.7689 0.9541 0.9775 0.9775 1.0069 0.146 1.297 -0.0859 0.0859 NA NA 1 0.4732 -0.3387 0.3387 -0.3387 0.6613 0 0.5924 -0.3525 0.3525 -0.3525 0.6475 0 0.5892 0 0
28 137 2336 0 0 0 0 0 1.0043 0 0.9915 -0.2709 0.2709 0.2887 1 1.3292 0.7959 -0.2524 0.5867 0.7666 0.946 2.9206 0.9781 -0.3219 0.3279 0.3583 0.968 1.3084 -0.0331 0.0331 NA NA 1 0.3519 -0.01 0.01 -0.01 0.99 1 0.6675 -0.0192 0.0192 -0.0192 0.9808 1 0.6591 0 0
28 138 2630 0 0 0 0 0 1.0023 0 0.9914 -0.6065 0.6065 0.6181 0.75 1.3391 0.8057 -0.5769 0.747 0.9312 0.846 2.7716 0.9688 -0.631 0.6319 0.6646 0.494 1.2832 -0.11 0.11 NA NA 1 0.3534 -0.1488 0.1488 -0.1488 0.8512 1 0.5807 -0.1663 0.1663 -0.1663 0.8337 1 0.5794 0 0
28 139 2790 0 0 0 0 0 1.0046 0 0.9921 0.088 0.1335 0.1639 1 1.3576 0.8186 0.1141 0.5443 0.723 0.982 3.1593 0.9697 0.125 0.1812 0.216 1 1.3408 0.083 0.083 NA NA 1 0.349 0.2651 0.2651 0.2651 1.2651 1 0.837 0.2464 0.2464 0.2464 1.2464 1 0.8331 0 0
28 140 2759 0 0 0 0 0 1.0036 0 0.9945 -0.1737 0.2086 0.2291 1 1.4201 0.8184 -0.1936 0.5666 0.7561 0.966 3.0638 0.9584 -0.2049 0.2196 0.3252 0.928 1.3348 0.0196 0.0196 NA NA 1 0.384 0.0261 0.0261 0.0261 1.0261 1 0.7605 0.0159 0.0159 0.0159 1.0159 1 0.7591 0 0
28 141 2178 0 0 0 0 0 1.0102 0 0.9852 0.1921 0.4068 0.5254 0.9167 1.4947 0.7909 0.1192 0.6243 0.7936 0.9 2.5546 0.9586 0.1088 0.1967 0.2297 1 1.2443 0.0682 0.0682 NA NA 1 0.4634 -0.464 0.464 -0.464 0.536 0 0.477 -0.474 0.474 -0.474 0.526 0 0.473 0 0
28 142 2670 0 0 0 0 0 1.0033 0 0.9897 -0.4855 0.4855 0.5056 0.9167 1.3369 0.8297 -0.4872 0.6917 0.8614 0.944 3.1252 0.9916 -0.4777 0.4777 0.5153 0.97 1.3548 0.0435 0.0435 NA NA 1 0.3558 0.1465 0.1465 0.1465 1.1465 1 0.7878 0.1345 0.1345 0.1345 1.1345 1 0.7747 0 0
28 143 2581 0 0 0 0 0 1.0086 0 0.978 -0.2855 0.2855 0.333 1 1.3274 0.8111 -0.2789 0.5944 0.7652 0.942 2.8914 0.9795 -0.2787 0.2787 0.3357 1 1.3026 0.0324 0.0324 NA NA 1 0.3693 -0.1047 0.1047 -0.1047 0.8953 1 0.6224 -0.1137 0.1137 -0.1137 0.8863 1 0.6127 0 0
28 144 2205 0 0 0 0 0 1.0059 0 0.9829 -0.1204 0.1849 0.2222 1 1.2521 0.7699 -0.1161 0.5906 0.7703 0.948 2.6867 0.9846 -0.0778 0.1666 0.1931 1 1.1983 -7e-04 7e-04 NA NA 1 0.3884 -0.2478 0.2478 -0.2478 0.7522 1 0.5443 -0.2552 0.2552 -0.2552 0.7448 1 0.5431 0 0
28 145 2818 0 0 0 0 0 1.0026 0 0.9861 -0.1509 0.2112 0.2625 1 1.3497 0.8005 -0.1149 0.5608 0.73 0.94 2.7097 0.9296 -0.146 0.2505 0.3359 0.882 1.2733 0.0032 0.0032 NA NA 1 0.443 -0.2769 0.2769 -0.2769 0.7231 1 0.5403 -0.2862 0.2862 -0.2862 0.7138 1 0.532 0 0
28 146 2199 0 0 0 0 0 1.0057 0 0.9935 0.4708 0.4708 0.491 0.8333 1.4192 0.7925 0.3787 0.6372 0.8151 0.904 2.7061 0.9875 0.3825 0.3825 0.4002 1 1.2609 -0.0492 0.0492 NA NA 1 0.3993 -0.315 0.315 -0.315 0.685 0 0.5412 -0.3236 0.3236 -0.3236 0.6764 0 0.5327 0 0
28 147 1871 0 0 0 0 0 1.0029 0 0.9755 1.0138 1.0138 1.08 0.25 1.4662 0.791 0.7923 0.9272 1.108 0.704 2.6028 0.9922 0.7471 0.7471 0.7679 0.326 1.2897 0.1303 0.1303 NA NA 1 0.5896 -0.4335 0.4335 -0.4335 0.5665 0 0.5022 -0.456 0.456 -0.456 0.544 0 0.4868 0 0
28 148 2520 0 0 0 0 0 1.0107 0 0.9734 -0.8249 0.8249 0.852 0.1667 1.366 0.7912 -0.8422 0.9544 1.1269 0.826 3.2012 0.9846 -0.816 0.816 0.8253 0.096 1.4131 0.1578 0.1578 NA NA 1 0.3809 0.1895 0.1895 0.1895 1.1895 1 0.8246 0.148 0.148 0.148 1.148 1 0.7932 0 0
28 149 1996 0 0 0 0 0 1.0098 0 0.9771 0.3047 0.3231 0.3597 1 1.3324 0.7741 0.1869 0.6017 0.7942 0.924 2.6474 0.9698 0.2326 0.2408 0.2903 1 1.2387 -0.1671 0.1671 NA NA 1 0.4422 -0.3483 0.3483 -0.3483 0.6517 0 0.506 -0.3745 0.3745 -0.3745 0.6255 0 0.4942 0 0
28 150 2738 0 0 0 0 0 1.0117 0 0.9711 -0.1687 0.2356 0.2843 1 1.3485 0.8057 -0.1648 0.5945 0.7876 0.95 3.083 0.9913 -0.1755 0.1773 0.1987 1 1.3826 0.2444 0.2444 NA NA 0 0.3794 0.1441 0.1441 0.1441 1.1441 1 0.8038 0.0643 0.0643 0.0643 1.0643 1 0.7711 0 0
28 151 2638 0 0 0 0 0 1.0115 0 0.9924 -0.5839 0.5839 0.6188 0.6667 1.3791 0.8133 -0.4995 0.6921 0.8825 0.904 2.8277 0.9827 -0.4895 0.4895 0.5073 0.832 1.3057 0.1422 0.1422 NA NA 1 0.3555 -0.1167 0.1167 -0.1167 0.8833 1 0.6144 -0.1424 0.1424 -0.1424 0.8576 1 0.5967 0 0
28 152 2531 0 0 0 0 0 1.0037 0 0.9819 0.3966 0.3966 0.457 0.8333 1.3612 0.7886 0.366 0.6439 0.8202 0.932 2.8677 0.9654 0.3806 0.3833 0.4306 0.898 1.3203 0.1071 0.1071 NA NA 1 0.3563 -0.0894 0.0894 -0.0894 0.9106 1 0.6416 -0.1075 0.1075 -0.1075 0.8925 1 0.6245 0 0
28 153 3286 0 0 0 0 0 1.0025 0 0.9897 0.2635 0.3026 0.3511 0.9167 1.3321 0.8417 0.228 0.5833 0.7284 0.95 2.6702 0.9834 0.1466 0.159 0.1958 1 1.2782 0.1392 0.1392 NA NA 1 0.3405 -0.2562 0.2562 -0.2562 0.7438 1 0.5386 -0.2766 0.2766 -0.2766 0.7234 1 0.5153 0 0
28 154 3604 0 0 0 0 0 1.0106 0 0.9771 -0.4414 0.4414 0.4733 0.8333 1.3417 0.8135 -0.4459 0.6651 0.8427 0.952 3.0965 0.9865 -0.409 0.4092 0.4251 1 1.3724 0.1686 0.1686 NA NA 1 0.3303 0.1742 0.1742 0.1742 1.1742 1 0.7879 0.1319 0.1319 0.1319 1.1319 1 0.7572 0 0
28 155 2962 0 0 0 0 0 1.0028 0 0.9829 -0.2174 0.2174 0.2537 1 1.2823 0.8106 -0.2345 0.6076 0.8018 0.956 3.0287 0.9866 -0.2432 0.2457 0.2724 1 1.3031 0.0419 0.0419 NA NA 1 0.3329 0.2085 0.2085 0.2085 1.2085 1 0.7746 0.1973 0.1973 0.1973 1.1973 1 0.7633 0 0
28 156 2047 0 0 0 0 0 1.0041 0 0.9766 0.8104 0.8104 0.8276 0.25 1.3492 0.8013 0.7443 0.8661 1.0339 0.826 3.0662 0.9892 0.7008 0.7008 0.7128 0.402 1.3478 0.0589 0.0589 NA NA 1 0.3564 0.1509 0.1509 0.1509 1.1509 1 0.7649 0.1371 0.1371 0.1371 1.1371 1 0.7477 0 0
28 157 1712 0 0 0 0 0 1.0068 0 0.9797 -0.9476 0.9476 0.9768 0.1667 1.4303 0.7881 -0.9156 0.996 1.1772 0.762 3.1052 0.9774 -0.9477 0.9477 0.9607 0.012 1.3287 6e-04 6e-04 NA NA 1 0.3701 0.0273 0.0273 0.0273 1.0273 1 0.7704 0.0178 0.0178 0.0178 1.0178 1 0.7615 0 0
28 158 2415 0 0 0 0 0 1.0121 0 0.9796 -0.4559 0.4559 0.5139 0.8333 1.394 0.7801 -0.4412 0.7143 0.9032 0.906 3.1346 0.9718 -0.4321 0.4321 0.4639 0.92 1.3263 -0.2217 0.2217 NA NA 0 0.3464 0.2036 0.2036 0.2036 1.2036 1 0.7915 0.1347 0.1347 0.1347 1.1347 1 0.7678 0 0
28 159 1695 0 0 0 0 0 1.0058 0 0.9942 -0.0651 0.3138 0.4226 1 1.5292 0.787 -0.0169 0.6234 0.7841 0.92 2.701 0.9618 0.016 0.1773 0.2128 1 1.2628 0.0481 0.0481 NA NA 1 0.4361 -0.3581 0.3581 -0.3581 0.6419 0 0.5533 -0.3676 0.3676 -0.3676 0.6324 0 0.547 0 0
28 160 2203 0 0 0 0 0 1.0038 0 0.9865 -0.1448 0.3072 0.3634 1 1.4835 0.7944 -0.209 0.5964 0.7753 0.954 2.9732 0.9811 -0.1934 0.2031 0.2622 1 1.2967 0.017 0.017 NA NA 1 0.4067 -0.0587 0.0587 -0.0587 0.9413 1 0.7081 -0.0693 0.0693 -0.0693 0.9307 1 0.7044 0 0
28 161 2402 0 0 0 0 0 1.0148 0 0.9734 0.0476 0.2363 0.278 1 1.33 0.8301 0.0148 0.5547 0.7266 0.952 2.7376 0.9881 0.0739 0.1003 0.1322 1 1.2616 -0.0865 0.0865 NA NA 1 0.3827 -0.2421 0.2421 -0.2421 0.7579 1 0.5395 -0.2549 0.2549 -0.2549 0.7451 1 0.5395 0 0
28 162 2538 0 0 0 0 0 1.0051 0 0.9919 0.1018 0.1548 0.2425 1 1.4084 0.8193 0.0177 0.5319 0.6939 0.97 2.861 0.9814 0.0061 0.1226 0.1673 1 1.3205 0.1123 0.1123 NA NA 1 0.3474 -0.0881 0.0881 -0.0881 0.9119 1 0.6382 -0.1068 0.1068 -0.1068 0.8932 1 0.6303 0 0
28 163 2741 0 0 0 0 0 1.0048 0 0.991 -0.1885 0.1987 0.2279 1 1.3077 0.8158 -0.2067 0.5948 0.7615 0.972 3.099 0.9835 -0.2232 0.2573 0.2935 1 1.3116 -0.0093 0.0093 NA NA 1 0.3738 0.0499 0.0499 0.0499 1.0499 1 0.7337 0.0399 0.0399 0.0399 1.0399 1 0.7264 0 0
28 164 2446 0 0 0 0 0 1.0033 0 0.985 0.2155 0.2546 0.353 1 1.4151 0.7752 0.1524 0.5906 0.7693 0.94 2.7095 0.9575 0.0908 0.2301 0.2658 1 1.2486 -0.1155 0.1155 NA NA 1 0.4119 -0.2689 0.2689 -0.2689 0.7311 1 0.5434 -0.2863 0.2863 -0.2863 0.7137 1 0.5389 0 0
28 165 2726 0 0 0 0 0 1.0059 0 0.9754 1.2528 1.2528 1.2652 0 1.4381 0.7821 1.1731 1.2289 1.3955 0.628 3.1395 0.991 1.2254 1.2254 1.2309 0.014 1.3392 0.0622 0.0622 NA NA 1 0.393 0.0453 0.0453 0.0453 1.0453 1 0.7619 0.0308 0.0308 0.0308 1.0308 1 0.7589 0 0
28 166 2805 0 0 0 0 0 1.0049 0 0.9862 -0.0641 0.1919 0.249 1 1.4224 0.8126 -0.0515 0.5676 0.738 0.976 3.1593 0.9712 -0.0877 0.1554 0.1912 1 1.3437 -0.0113 0.0113 NA NA 1 0.3294 0.1761 0.1761 0.1761 1.1761 1 0.7992 0.1673 0.1673 0.1673 1.1673 1 0.7923 0 0
28 167 2363 0 0 0 0 0 1.0053 0 0.9737 -0.8794 0.8794 0.9141 0.3333 1.4575 0.8107 -0.8914 1.0124 1.1755 0.732 2.9288 0.9689 -0.8905 0.8905 0.9097 0.026 1.3179 -0.1038 0.1038 NA NA 1 0.4315 -0.1383 0.1383 -0.1383 0.8617 1 0.668 -0.1583 0.1583 -0.1583 0.8417 1 0.6546 0 0
28 168 1890 0 0 0 0 0 1.0061 0 0.9735 -0.8332 0.8332 0.8577 0.1667 1.3873 0.7495 -0.8304 0.9406 1.1223 0.76 2.8064 0.9468 -0.8596 0.8596 0.8905 0.166 1.3254 0.1028 0.1028 NA NA 1 0.4043 -0.2466 0.2466 -0.2466 0.7534 1 0.5722 -0.2627 0.2627 -0.2627 0.7373 1 0.5668 0 0
28 169 2629 0 0 0 0 0 1.0027 0 0.9894 -0.8451 0.8451 0.8744 0.25 1.4281 0.7872 -0.9089 1.003 1.1892 0.768 3.0206 0.9434 -0.9273 0.9273 0.9572 0.108 1.3401 0.1126 0.1126 NA NA 1 0.3572 -0.0208 0.0208 -0.0208 0.9792 1 0.7263 -0.0418 0.0418 -0.0418 0.9582 1 0.7163 0 0
28 170 2420 0 0 0 0 0 1.0034 0 0.9956 0.4281 0.4281 0.454 1 1.4495 0.844 0.3814 0.6239 0.7787 0.946 2.8706 0.9651 0.3801 0.382 0.4233 1 1.3289 0.0399 0.0399 NA NA 1 0.3877 -0.1485 0.1485 -0.1485 0.8515 1 0.6427 -0.1586 0.1586 -0.1586 0.8414 1 0.6362 0 0
28 171 2641 0 0 0 0 0 1.0085 0 0.9622 0.0615 0.206 0.279 1 1.3661 0.8026 -0.0366 0.5594 0.751 0.97 3.1849 0.9862 -0.0086 0.116 0.1369 1 1.3664 0.1071 0.1071 NA NA 1 0.412 0.2324 0.2324 0.2324 1.2324 1 0.8279 0.2043 0.2043 0.2043 1.2043 1 0.8137 0 0
28 172 1943 0 0 0 0 0 1.0062 0 0.9533 0.3956 0.5733 0.97 0.9167 1.6927 0.7591 0.1289 0.6139 0.7891 0.916 2.7486 0.9908 0.1446 0.226 0.2534 1 1.3098 0.0399 0.0399 NA NA 1 0.4405 -0.3504 0.3504 -0.3504 0.6496 0 0.5796 -0.3597 0.3597 -0.3597 0.6403 0 0.5789 0 0
28 173 2758 0 0 0 0 0 1.0134 0 0.981 0.179 0.2578 0.2849 1 1.3607 0.8088 0.1469 0.5632 0.7336 0.944 2.7303 0.9852 0.1317 0.1496 0.1922 1 1.2519 -0.1296 0.1296 NA NA 1 0.3667 -0.2198 0.2198 -0.2198 0.7802 1 0.5689 -0.2395 0.2395 -0.2395 0.7605 1 0.5552 0 0
28 174 2931 0 0 0 0 0 1.0052 0 0.9838 0.2437 0.2437 0.3007 1 1.3555 0.834 0.2134 0.5798 0.7338 0.954 3.0262 0.9629 0.2552 0.2673 0.3328 1 1.395 0.1839 0.1839 NA NA 0 0.3175 0.1382 0.1382 0.1382 1.1382 1 0.7762 0.092 0.092 0.092 1.092 1 0.7469 0 0
28 175 2350 0 0 0 0 0 1.0152 0 0.9952 -0.2765 0.2765 0.315 1 1.3565 0.8123 -0.1978 0.5759 0.7423 0.944 2.8455 0.9802 -0.2168 0.2304 0.269 1 1.2717 -0.0402 0.0402 NA NA 1 0.3966 -0.1314 0.1314 -0.1314 0.8686 1 0.6283 -0.1419 0.1419 -0.1419 0.8581 1 0.6281 0 0
28 176 1873 0 0 0 0 0 1.0057 0 0.9848 -0.6957 0.6957 0.7324 0.4167 1.3745 0.788 -0.6869 0.8037 0.9903 0.852 2.8359 0.9815 -0.694 0.694 0.7241 0.376 1.2376 -0.106 0.106 NA NA 1 0.3574 -0.1361 0.1361 -0.1361 0.8639 1 0.6287 -0.1529 0.1529 -0.1529 0.8471 1 0.614 0 0
28 177 2318 0 0 0 0 0 1.0012 0 0.9631 0.6369 0.6901 0.7243 0.5833 1.4622 0.7964 0.6237 0.7944 0.963 0.86 2.7498 0.9686 0.678 0.6786 0.7165 0.376 1.2567 -0.0716 0.0716 NA NA 1 0.3786 -0.2596 0.2596 -0.2596 0.7404 1 0.6072 -0.2702 0.2702 -0.2702 0.7298 1 0.5994 0 0
28 178 2409 0 0 0 0 0 1.0054 0 0.99 -0.6094 0.6094 0.6244 0.75 1.3608 0.8226 -0.6501 0.8106 0.9951 0.894 3.1739 0.9763 -0.6357 0.6357 0.6966 0.648 1.3832 0.0463 0.0463 NA NA 1 0.3548 0.1249 0.1249 0.1249 1.1249 1 0.7855 0.1132 0.1132 0.1132 1.1132 1 0.7772 0 0
28 179 2042 0 0 0 0 0 1.0107 0 0.9812 -0.0146 0.1318 0.1736 1 1.3423 0.7772 -0.0186 0.5781 0.7837 0.95 2.9219 0.9725 0.072 0.1915 0.2273 1 1.3316 -0.0438 0.0438 NA NA 1 0.306 -0.0018 0.0018 -0.0018 0.9982 1 0.6817 -0.0099 0.0099 -0.0099 0.9901 1 0.6768 0 0
28 180 2244 0 0 0 0 0 1.0052 0 0.9489 0.7926 0.7976 0.9071 0.4167 1.4085 0.7798 0.5489 0.7856 0.9606 0.828 2.5837 0.9614 0.4986 0.5064 0.546 0.646 1.2327 -0.2146 0.2146 NA NA 1 0.4739 -0.3862 0.3862 -0.3862 0.6138 0 0.4971 -0.4231 0.4231 -0.4231 0.5769 0 0.4947 0 0
28 181 2626 0 0 0 0 0 1.0046 0 0.9727 -0.359 0.4124 0.4565 0.8333 1.3962 0.7911 -0.3774 0.6576 0.8181 0.928 2.9302 0.9593 -0.3734 0.3734 0.4259 0.886 1.3468 0.123 0.123 NA NA 1 0.3963 -0.091 0.091 -0.091 0.909 1 0.6647 -0.1145 0.1145 -0.1145 0.8855 1 0.6401 0 0
28 182 2495 0 0 0 0 0 1.0051 0 0.9875 -0.5461 0.5461 0.5702 0.8333 1.3456 0.7726 -0.4115 0.7203 0.8965 0.904 2.9936 0.9745 -0.4133 0.4133 0.445 0.96 1.3083 -0.0021 0.0021 NA NA 1 0.4095 -0.0811 0.0811 -0.0811 0.9189 1 0.6498 -0.091 0.091 -0.091 0.909 1 0.6426 0 0
28 183 2279 0 0 0 0 0 1.0074 0 0.9919 0.2422 0.2695 0.3112 1 1.412 0.7747 0.1701 0.609 0.79 0.926 2.8798 0.9827 0.2299 0.2299 0.2646 1 1.2872 -0.1197 0.1197 NA NA 1 0.3776 -0.1589 0.1589 -0.1589 0.8411 1 0.618 -0.1786 0.1786 -0.1786 0.8214 1 0.6124 0 0
28 184 1900 0 0 0 0 0 1.0122 0 0.9484 1.5068 1.5068 1.5344 0 1.5575 0.7259 1.483 1.5118 1.6824 0.48 3.1539 0.9563 1.473 1.473 1.4874 0.008 1.4053 0.0592 0.0592 NA NA 1 0.4977 -0.1165 0.1165 -0.1165 0.8835 1 0.7515 -0.1343 0.1343 -0.1343 0.8657 1 0.7362 0 0
28 185 2090 0 0 0 0 0 1.0064 0 0.9848 -0.3325 0.3325 0.3711 0.9167 1.3244 0.799 -0.444 0.6704 0.8547 0.934 3.1568 0.9863 -0.3966 0.3966 0.4135 1 1.3436 -0.0122 0.0122 NA NA 1 0.3231 0.2528 0.2528 0.2528 1.2528 1 0.826 0.2441 0.2441 0.2441 1.2441 1 0.8189 0 0
28 186 2740 0 0 0 0 0 1.0074 0 0.9662 0.7508 0.7508 0.7689 0.4167 1.3307 0.7833 0.7314 0.8647 1.0283 0.788 2.7831 0.9881 0.7005 0.7005 0.7096 0.234 1.3175 0.1783 0.1783 NA NA 1 0.3603 -0.1898 0.1898 -0.1898 0.8102 1 0.5931 -0.2228 0.2228 -0.2228 0.7772 1 0.5785 0 0
28 187 2638 0 0 0 0 0 1.0026 0 0.9896 0.1008 0.1788 0.2246 1 1.3886 0.8177 0.1581 0.5768 0.7525 0.974 3.2059 0.9748 0.2036 0.2253 0.2645 1 1.3218 0.0529 0.0529 NA NA 1 0.3597 0.2508 0.2508 0.2508 1.2508 1 0.862 0.2366 0.2366 0.2366 1.2366 1 0.8522 0 0
28 188 3558 0 0 0 0 0 1.0056 0 0.9878 0.3742 0.3742 0.4048 1 1.3649 0.8018 0.4453 0.6818 0.8544 0.932 3.1408 0.9901 0.5253 0.5253 0.5347 0.906 1.3515 -0.009 0.009 NA NA 1 0.3459 0.1911 0.1911 0.1911 1.1911 1 0.8039 0.1817 0.1817 0.1817 1.1817 1 0.8007 0 0
28 189 2176 0 0 0 0 0 1.0055 0 0.992 0.0336 0.0978 0.1311 1 1.3664 0.7781 0.0699 0.5554 0.7309 0.964 2.9766 0.9862 0.0376 0.1392 0.1677 1 1.3065 -0.1332 0.1332 NA NA 1 0.3561 -0.0149 0.0149 -0.0149 0.9851 1 0.6793 -0.0407 0.0407 -0.0407 0.9593 1 0.6641 0 0
28 190 2490 0 0 0 0 0 1.0061 0 0.9662 0.4388 0.4388 0.4853 0.8333 1.3594 0.7972 0.4413 0.7097 0.8857 0.904 2.8389 0.9871 0.5117 0.5117 0.5318 0.798 1.2963 -0.0294 0.0294 NA NA 1 0.3653 -0.1226 0.1226 -0.1226 0.8774 1 0.6202 -0.1312 0.1312 -0.1312 0.8688 1 0.617 0 0
28 191 2524 0 0 0 0 0 1.0036 0 0.9652 -1.468 1.468 1.4892 0 1.4578 0.7564 -1.3174 1.3553 1.531 0.488 2.8395 0.9865 -1.2953 1.2953 1.3031 0.016 1.3283 -0.0131 0.0131 NA NA 1 0.4582 -0.2673 0.2673 -0.2673 0.7327 1 0.5815 -0.2777 0.2777 -0.2777 0.7223 1 0.5802 0 0
28 192 2561 0 0 0 0 0 1.0055 0 0.9974 0.2837 0.2839 0.3112 1 1.4072 0.795 0.2653 0.6054 0.8004 0.936 2.8959 0.9843 0.2707 0.2795 0.299 1 1.3177 0.1163 0.1163 NA NA 1 0.3765 -0.1346 0.1346 -0.1346 0.8654 1 0.666 -0.1543 0.1543 -0.1543 0.8457 1 0.6625 0 0
28 193 2389 0 0 0 0 0 1.0117 0 0.9942 0.0159 0.2491 0.3307 1 1.4059 0.7933 0.0326 0.577 0.7383 0.924 2.6072 0.9603 0.0078 0.1856 0.2207 1 1.2356 0.1066 0.1066 NA NA 1 0.3786 -0.37 0.37 -0.37 0.63 0 0.5037 -0.3833 0.3833 -0.3833 0.6167 0 0.4966 0 0
28 194 2672 0 0 0 0 0 1.0082 0 0.9657 -0.3506 0.3506 0.4005 0.9167 1.3226 0.7993 -0.342 0.6251 0.8266 0.91 2.8813 0.9882 -0.371 0.371 0.3868 1 1.3122 0.1032 0.1032 NA NA 1 0.3477 -0.0923 0.0923 -0.0923 0.9077 1 0.6321 -0.1093 0.1093 -0.1093 0.8907 1 0.6217 0 0
28 195 2068 0 0 0 0 0 1.0014 0 0.978 -1.2111 1.2111 1.2225 0 1.3644 0.8154 -1.1354 1.1958 1.363 0.62 3.0558 0.9733 -1.0996 1.0996 1.1119 0 1.2858 -0.0834 0.0834 NA NA 1 0.3698 -7e-04 7e-04 -7e-04 0.9993 1 0.733 -0.0166 0.0166 -0.0166 0.9834 1 0.719 0 0
28 196 2701 0 0 0 0 0 1.005 0 0.9897 -0.4403 0.4403 0.469 0.9167 1.3797 0.803 -0.5176 0.7165 0.8887 0.906 3.1254 0.9833 -0.5031 0.5031 0.5211 0.858 1.3404 0.047 0.047 NA NA 1 0.3364 0.1766 0.1766 0.1766 1.1766 1 0.8112 0.1651 0.1651 0.1651 1.1651 1 0.8015 0 0
28 197 2125 0 0 0 0 0 1.0073 0 0.99 0.2269 0.2463 0.2966 1 1.3214 0.8093 0.114 0.5654 0.753 0.946 2.899 0.9809 0.0874 0.1489 0.1903 1 1.2671 -0.0412 0.0412 NA NA 1 0.3422 -0.0517 0.0517 -0.0517 0.9483 1 0.6694 -0.0607 0.0607 -0.0607 0.9393 1 0.668 0 0
28 198 2597 0 0 0 0 0 1.006 0 0.9922 -0.6486 0.6486 0.6717 0.6667 1.3838 0.7919 -0.609 0.7777 0.9613 0.868 2.8625 0.9933 -0.6318 0.6318 0.6392 0.38 1.2494 -0.1433 0.1433 NA NA 1 0.3519 -0.1357 0.1357 -0.1357 0.8643 1 0.6618 -0.1606 0.1606 -0.1606 0.8394 1 0.6542 0 0
28 199 2269 0 0 0 0 0 1.0033 0 0.9669 -0.4338 0.4338 0.481 0.9167 1.3073 0.786 -0.4021 0.6778 0.8707 0.9 2.8908 0.9411 -0.475 0.475 0.535 0.748 1.294 0.0571 0.0571 NA NA 1 0.3833 -0.0838 0.0838 -0.0838 0.9162 1 0.6326 -0.0957 0.0957 -0.0957 0.9043 1 0.6227 0 0
28 200 2839 0 0 0 0 0 1.0044 0 0.963 -0.3028 0.3151 0.3701 0.9167 1.3522 0.8038 -0.2899 0.6303 0.833 0.934 2.803 0.9711 -0.2731 0.2791 0.3215 1 1.3218 0.0251 0.0251 NA NA 1 0.3701 -0.1745 0.1745 -0.1745 0.8255 1 0.5929 -0.1826 0.1826 -0.1826 0.8174 1 0.5845 0 0
