cond r run.time ndiv nbfmi ntree nbulk ntail maxRhat nRhat beta.cor beta.bias beta.abbias beta.rmse beta.cover beta.CI theta.cor theta.bias theta.abbias theta.rmse theta.cover theta.CI attra.cor attra.bias attra.abbias attra.rmse attra.cover attra.CI lambda.bias lambda.abbias lambda.rbias lambda.rbias2 lambda.cover lambda.CI pvar.bias pvar.abbias pvar.rbias pvar.rbias2 pvar.cover pvar.CI sigma2.bias sigma2.abbias sigma2.rbias sigma2.rbias2 sigma2.cover sigma2.CI corrupt efficiency
38 1 3890 0 0 0 0 0 1.005 0 0.9012 -0.4534 0.4721 0.5586 0.7917 1.4161 0.8722 -0.4054 0.612 0.772 0.89 2.5215 0.9703 -0.364 0.3733 0.4459 0.855 1.6105 0.157 0.157 0.6282 1.6282 1 0.5056 0.0585 0.0585 0.0549 1.0549 1 1.0329 -0.0931 0.0931 -0.0931 0.9069 1 0.7145 0 0
38 2 2850 0 0 0 0 0 1.0132 0 0.8763 0.4604 0.5096 0.6452 0.7083 1.401 0.885 0.5275 0.665 0.8465 0.84 2.4201 0.9746 0.4902 0.4902 0.5491 0.87 1.4268 0.0839 0.0839 0.3355 1.3355 1 0.4378 -0.1039 0.1039 -0.0974 0.9026 1 0.8202 -0.1609 0.1609 -0.1609 0.8391 1 0.6772 0 0
38 3 1985 0 0 0 0 0 1.0063 0 0.9412 -0.1076 0.3214 0.4149 0.9583 1.4602 0.8797 -0.0509 0.5264 0.6987 0.94 2.5226 0.9684 -0.1326 0.2073 0.2776 0.905 1.2476 -0.2203 0.2203 -0.8812 0.1188 1 0.5796 -0.2397 0.2397 -0.2248 0.7752 1 0.6909 -0.1923 0.1923 -0.1923 0.8077 1 0.6781 0 0
38 4 2668 0 0 0 0 0 1.0026 0 0.9642 -0.3265 0.3486 0.4311 0.9167 1.3961 0.9044 -0.2939 0.5325 0.6754 0.92 2.4735 0.971 -0.3017 0.316 0.3832 0.96 1.4629 0.0757 0.0757 0.3028 1.3028 1 0.4293 0.0156 0.0156 0.0146 1.0146 1 0.9395 -0.05 0.05 -0.05 0.95 1 0.7803 0 0
38 5 2046 0 0 0 0 0 1.0056 0 0.9767 -0.1161 0.2022 0.2428 1 1.4154 0.8644 -0.2703 0.521 0.6972 0.925 2.5115 0.9845 -0.3949 0.3999 0.4845 0.81 1.3083 -0.1263 0.1263 -0.5051 0.4949 1 0.5743 -0.1546 0.1546 -0.1449 0.8551 1 0.7379 -0.1223 0.1223 -0.1223 0.8777 1 0.6901 0 0
38 6 2040 0 0 0 0 0 1.0035 0 0.9619 -0.1828 0.3337 0.4269 0.9583 1.4574 0.8628 -0.0647 0.4984 0.6527 0.925 2.1983 0.9723 -0.0674 0.1994 0.2758 1 1.1857 -0.1359 0.1359 -0.5438 0.4562 1 0.5719 -0.4448 0.4448 -0.417 0.583 0 0.5296 -0.3999 0.3999 -0.3999 0.6001 0 0.509 0 0
38 7 1937 0 0 0 0 0 1.0042 0 0.9743 0.561 0.5616 0.6307 0.6667 1.407 0.8994 0.5424 0.6379 0.8143 0.83 2.3205 0.9805 0.5075 0.5075 0.5578 0.7 1.2423 -0.1145 0.1145 -0.4579 0.5421 1 0.4686 -0.2512 0.2512 -0.2355 0.7645 1 0.6633 -0.2123 0.2123 -0.2123 0.7877 1 0.6268 0 0
38 8 1565 0 0 0 0 0 1.0074 0 0.9555 0.3006 0.4181 0.496 0.8333 1.4575 0.8664 0.3262 0.5563 0.7463 0.945 2.4642 0.9437 0.3077 0.3905 0.4797 0.7 1.2047 -0.2403 0.2403 -0.9613 0.0387 1 0.483 -0.2138 0.2138 -0.2004 0.7996 1 0.6832 -0.1609 0.1609 -0.1609 0.8391 1 0.6656 0 0
38 9 1966 0 0 0 0 0 1.0048 0 0.95 -0.4421 0.5705 0.6894 0.75 1.5753 0.8519 -0.4093 0.6606 0.8626 0.85 2.3856 0.9806 -0.4736 0.4746 0.5412 0.66 1.306 -0.0221 0.0221 -0.0885 0.9115 1 0.5566 -0.3336 0.3336 -0.3128 0.6872 1 0.6567 -0.3228 0.3228 -0.3228 0.6772 1 0.596 0 0
38 10 2187 0 0 0 0 0 1.0058 0 0.9511 -0.1017 0.3728 0.4918 0.875 1.486 0.8705 -0.0217 0.575 0.7919 0.955 2.6714 0.9641 -0.2053 0.2787 0.3297 1 1.3765 -0.1595 0.1595 -0.6381 0.3619 1 0.4724 0.0497 0.0497 0.0466 1.0466 1 0.8753 0.0894 0.0894 0.0894 1.0894 1 0.8412 0 0
38 11 2627 0 0 0 0 0 1.004 0 0.9614 0.0518 0.2246 0.292 0.9583 1.3785 0.8926 0.1514 0.4784 0.6568 0.975 2.5898 0.9766 0.2636 0.3002 0.3469 1 1.4752 0.035 0.035 0.1399 1.1399 1 0.4264 0.1046 0.1046 0.0981 1.0981 1 0.9587 0.0584 0.0584 0.0584 1.0584 1 0.837 0 0
38 12 2732 0 0 0 0 0 1.0052 0 0.9634 -0.3448 0.3879 0.4634 0.9583 1.4793 0.8614 -0.3523 0.6246 0.8174 0.925 2.6618 0.9492 -0.3295 0.3879 0.4434 0.92 1.4514 -0.0539 0.0539 -0.2156 0.7844 1 0.4549 -0.054 0.054 -0.0506 0.9494 1 0.8824 -0.0434 0.0434 -0.0434 0.9566 1 0.7925 0 0
38 13 3146 0 0 0 0 0 1.0056 0 0.9298 -0.1676 0.3145 0.3935 0.875 1.4343 0.8737 -0.0919 0.532 0.715 0.95 2.5924 0.981 0.0478 0.1931 0.2411 1 1.7169 0.2268 0.2268 0.9073 1.9073 0 0.4046 0.1286 0.1286 0.1206 1.1206 1 1.0907 -0.1003 0.1003 -0.1003 0.8997 1 0.7492 0 0
38 14 2035 0 0 0 0 0 1.003 0 0.9647 -0.3828 0.4289 0.571 0.7917 1.4994 0.8639 -0.4319 0.6572 0.8522 0.87 2.4764 0.977 -0.4549 0.4549 0.5145 0.735 1.3195 -0.0301 0.0301 -0.1204 0.8796 1 0.5719 -0.205 0.205 -0.1921 0.8079 1 0.7383 -0.2007 0.2007 -0.2007 0.7993 1 0.6812 0 0
38 15 2254 0 0 0 0 0 1.0044 0 0.969 0.0897 0.2879 0.4079 0.9167 1.4944 0.8341 0.1074 0.5817 0.7566 0.895 2.2184 0.9589 0.293 0.293 0.4158 0.845 1.2108 -0.071 0.071 -0.284 0.716 1 0.4879 -0.4582 0.4582 -0.4296 0.5704 0 0.5424 -0.4218 0.4218 -0.4218 0.5782 0 0.5 0 0
38 16 2552 0 0 0 0 0 1.0038 0 0.9448 -0.3434 0.4829 0.6114 0.8333 1.459 0.8882 -0.2665 0.56 0.7326 0.915 2.2987 0.99 -0.2129 0.2129 0.251 1 1.3447 0.0429 0.0429 0.1716 1.1716 1 0.4912 -0.3213 0.3213 -0.3012 0.6988 1 0.6635 -0.3333 0.3333 -0.3333 0.6667 0 0.5687 0 0
38 17 2357 0 0 0 0 0 1.0055 0 0.9472 0.1142 0.3597 0.4235 0.9167 1.4245 0.8933 0.0771 0.5207 0.6591 0.975 2.5521 0.9741 0.1322 0.3006 0.3383 1 1.3498 -0.0925 0.0925 -0.3702 0.6298 1 0.4567 0.0263 0.0263 0.0247 1.0247 1 0.8617 0.0487 0.0487 0.0487 1.0487 1 0.8032 0 0
38 18 1892 0 0 0 0 0 1.0062 0 0.9752 -0.1537 0.3027 0.3682 0.9583 1.4004 0.8945 -0.1945 0.5374 0.71 0.94 2.4922 0.9766 -0.0617 0.1465 0.2147 1 1.2092 -0.2943 0.2943 -1.1771 -0.1771 0 0.4764 -0.1303 0.1303 -0.1222 0.8778 1 0.7478 -0.0801 0.0801 -0.0801 0.9199 1 0.7364 0 0
38 19 1719 0 0 0 0 0 1.0038 0 0.9528 0.1752 0.2867 0.3382 0.9583 1.4249 0.84 0.2495 0.5863 0.7996 0.925 2.6412 0.9175 0.3446 0.4403 0.5238 0.835 1.3731 -0.0682 0.0682 -0.2727 0.7273 1 0.4849 -0.0826 0.0826 -0.0774 0.9226 1 0.7883 -0.0655 0.0655 -0.0655 0.9345 1 0.729 0 0
38 20 2155 0 0 0 0 0 1.0119 0 0.9425 0.118 0.2637 0.3254 1 1.3839 0.8017 0.105 0.5005 0.6882 0.98 2.5129 0.9432 -0.009 0.326 0.38 0.875 1.2568 -0.1106 0.1106 -0.4423 0.5577 1 0.4625 -0.1973 0.1973 -0.185 0.815 1 0.7132 -0.161 0.161 -0.161 0.839 1 0.6876 0 0
38 21 2235 0 0 0 0 0 1.0066 0 0.9692 0.3609 0.3758 0.4363 0.9167 1.3853 0.8915 0.3974 0.5795 0.7511 0.92 2.475 0.9903 0.4938 0.494 0.5167 0.885 1.3393 -0.1144 0.1144 -0.4576 0.5424 1 0.4536 -0.0395 0.0395 -0.037 0.963 1 0.8029 -0.007 0.007 -0.007 0.993 1 0.7566 0 0
38 22 1965 0 0 0 0 0 1.0071 0 0.9632 0.115 0.2546 0.343 1 1.4647 0.8627 0.1784 0.5451 0.7392 0.95 2.6812 0.9917 0.0538 0.2315 0.2641 1 1.3856 -0.0817 0.0817 -0.327 0.673 1 0.4935 0.004 0.004 0.0038 1.0038 1 0.9113 0.0214 0.0214 0.0214 1.0214 1 0.8526 0 0
38 23 2178 0 0 0 0 0 1.0047 0 0.9651 -0.4077 0.5097 0.5951 0.8333 1.4685 0.8898 -0.4046 0.5851 0.7054 0.88 2.2528 0.9612 -0.3399 0.4035 0.4765 0.715 1.2515 -0.0231 0.0231 -0.0926 0.9074 1 0.5221 -0.3503 0.3503 -0.3284 0.6716 0 0.6028 -0.3352 0.3352 -0.3352 0.6648 0 0.5486 0 0
38 24 1731 0 0 0 0 0 1.0019 0 0.9637 0.2488 0.3433 0.4118 1 1.4685 0.8642 0.1736 0.5574 0.7215 0.905 2.392 0.9565 0.1926 0.2953 0.3499 0.92 1.3117 -0.0393 0.0393 -0.1572 0.8428 1 0.4935 -0.2997 0.2997 -0.281 0.719 1 0.6653 -0.2817 0.2817 -0.2817 0.7183 1 0.6134 0 0
38 25 1983 0 0 0 0 0 1.0032 0 0.9515 -0.0901 0.2021 0.2723 0.9583 1.3848 0.8362 -0.0605 0.4992 0.7065 0.95 2.4643 0.944 -0.0501 0.3342 0.3924 0.955 1.3405 -0.02 0.02 -0.0798 0.9202 1 0.4524 -0.1161 0.1161 -0.1088 0.8912 1 0.7897 -0.1145 0.1145 -0.1145 0.8855 1 0.733 0 0
38 26 1742 0 0 0 0 0 1.0145 0 0.9547 0.5197 0.5692 0.7463 0.7083 1.5611 0.8647 0.4259 0.6671 0.8616 0.835 2.4164 0.9779 0.3658 0.3853 0.4214 0.865 1.1969 -0.3334 0.3334 -1.3335 -0.3335 0 0.571 -0.3136 0.3136 -0.294 0.706 1 0.6304 -0.269 0.269 -0.269 0.731 1 0.6109 0 0
38 27 2057 0 0 0 0 0 1.003 0 0.9168 -0.5473 0.5545 0.6284 0.75 1.4322 0.8884 -0.5248 0.6694 0.8122 0.845 2.5382 0.9817 -0.7936 0.7936 0.8141 0.265 1.3791 -0.0491 0.0491 -0.1963 0.8037 1 0.5501 -0.1855 0.1855 -0.1739 0.8261 1 0.7882 -0.1751 0.1751 -0.1751 0.8249 1 0.6828 0 0
38 28 2348 0 0 0 0 0 1.0035 0 0.9673 -0.3007 0.3343 0.4408 0.8333 1.4664 0.8404 -0.2281 0.5455 0.6983 0.935 2.4095 0.9417 -0.4074 0.4142 0.551 0.73 1.3243 -0.0464 0.0464 -0.1856 0.8144 1 0.5452 -0.2144 0.2144 -0.201 0.799 1 0.7241 -0.2029 0.2029 -0.2029 0.7971 1 0.6428 0 0
38 29 3056 0 0 0 0 0 1.0039 0 0.9168 0.1877 0.3721 0.4538 0.875 1.4046 0.8575 0.0859 0.5482 0.7641 0.915 2.5223 0.9879 0.1485 0.2059 0.2611 1 1.5557 0.1612 0.1612 0.645 1.645 1 0.4553 0.0299 0.0299 0.0281 1.0281 1 0.9663 -0.1119 0.1119 -0.1119 0.8881 1 0.7409 0 0
38 30 2138 0 0 0 0 0 1.0072 0 0.9709 0.6241 0.6241 0.6946 0.5833 1.435 0.8671 0.6115 0.7318 0.9011 0.79 2.444 0.9533 0.4802 0.4802 0.5644 0.695 1.3294 -0.0522 0.0522 -0.209 0.791 1 0.4847 -0.2278 0.2278 -0.2135 0.7865 1 0.7198 -0.2096 0.2096 -0.2096 0.7904 1 0.6511 0 0
38 31 2571 0 0 0 0 0 1.0031 0 0.9335 0.4681 0.514 0.6128 0.7917 1.4337 0.8653 0.4078 0.6616 0.8411 0.805 2.2588 0.9412 0.5514 0.5747 0.6368 0.6 1.4447 0.1688 0.1688 0.6753 1.6753 1 0.4077 -0.3172 0.3172 -0.2974 0.7026 1 0.6911 -0.395 0.395 -0.395 0.605 0 0.5278 0 0
38 32 2653 0 0 0 0 0 1.004 0 0.9603 -0.1025 0.2732 0.3931 0.9583 1.4335 0.8759 -0.1428 0.4893 0.6488 0.975 2.3812 0.9778 -0.0081 0.2317 0.2617 1 1.426 0.1067 0.1067 0.4268 1.4268 1 0.4356 -0.1129 0.1129 -0.1058 0.8942 1 0.8193 -0.185 0.185 -0.185 0.815 1 0.6636 0 0
38 33 2136 0 0 0 0 0 1.0114 0 0.9685 0.1283 0.3059 0.4269 0.9583 1.4747 0.8965 -0.0555 0.4681 0.5969 0.985 2.3531 0.9496 0.1177 0.2962 0.3436 1 1.2923 -0.0726 0.0726 -0.2902 0.7098 1 0.5332 -0.2832 0.2832 -0.2655 0.7345 1 0.6432 -0.257 0.257 -0.257 0.743 1 0.5922 0 0
38 34 2288 0 0 0 0 0 1.0053 0 0.9693 0.4661 0.535 0.6329 0.7917 1.5244 0.8963 0.3622 0.5973 0.7416 0.905 2.5049 0.958 0.3172 0.3315 0.4239 0.915 1.5159 0.0987 0.0987 0.3947 1.3947 1 0.4472 -0.1057 0.1057 -0.0991 0.9009 1 0.8332 -0.1741 0.1741 -0.1741 0.8259 1 0.6756 0 0
38 35 1796 0 0 0 0 0 1.0036 0 0.971 -0.1575 0.2374 0.2964 1 1.4224 0.8742 -0.1787 0.5113 0.6804 0.95 2.5977 0.9879 -0.1759 0.1982 0.2308 1 1.2833 -0.2708 0.2708 -1.0832 -0.0832 0 0.4755 -0.13 0.13 -0.1218 0.8782 1 0.742 -0.0778 0.0778 -0.0778 0.9222 1 0.7219 0 0
38 36 1923 0 0 0 0 0 1.003 0 0.9706 -0.1475 0.2719 0.3629 1 1.4397 0.8721 -0.1837 0.5233 0.6912 0.92 2.2794 0.9485 -0.2087 0.4146 0.484 0.755 1.3348 0.0996 0.0996 0.3983 1.3983 1 0.456 -0.2609 0.2609 -0.2446 0.7554 1 0.686 -0.3076 0.3076 -0.3076 0.6924 1 0.5574 0 0
38 37 2769 0 0 0 0 0 1.0039 0 0.9435 0.2689 0.3224 0.4112 0.9167 1.4083 0.8955 0.1973 0.5002 0.6655 0.93 2.3522 0.9791 0.2346 0.2346 0.3085 0.95 1.4085 0.0741 0.0741 0.2964 1.2964 1 0.4875 -0.2539 0.2539 -0.238 0.762 1 0.6864 -0.2893 0.2893 -0.2893 0.7107 1 0.5996 0 0
38 38 1878 0 0 0 0 0 1.0026 0 0.9552 0.0552 0.3262 0.4224 0.9167 1.5019 0.8748 0.0327 0.512 0.7003 0.945 2.6264 0.9384 -0.0986 0.288 0.3455 1 1.4563 0.0402 0.0402 0.1607 1.1607 1 0.5284 -0.0805 0.0805 -0.0755 0.9245 1 0.8522 -0.1194 0.1194 -0.1194 0.8806 1 0.7518 0 0
38 39 1758 0 0 0 0 0 1.0103 0 0.9547 0.015 0.4095 0.5225 0.8333 1.4845 0.851 -0.0762 0.5758 0.7923 0.89 2.362 0.9813 0.124 0.2664 0.3138 0.955 1.2578 -0.0629 0.0629 -0.2516 0.7484 1 0.4627 -0.321 0.321 -0.3009 0.6991 1 0.6346 -0.2921 0.2921 -0.2921 0.7079 1 0.5957 0 0
38 40 2353 0 0 0 0 0 1.0084 0 0.9634 -0.5704 0.5704 0.6359 0.75 1.4578 0.8763 -0.6372 0.7456 0.9179 0.855 2.7414 0.9531 -0.5991 0.5991 0.6637 0.765 1.5048 -0.0201 0.0201 -0.0803 0.9197 1 0.4884 0.1117 0.1117 0.1047 1.1047 1 0.9721 0.0941 0.0941 0.0941 1.0941 1 0.8712 0 0
38 41 2479 0 0 0 0 0 1.0042 0 0.9492 -0.1105 0.2706 0.3293 1 1.4549 0.877 -0.0855 0.5274 0.7234 0.965 2.7063 0.9629 -0.2844 0.3115 0.3862 0.875 1.4421 -0.036 0.036 -0.1441 0.8559 1 0.4743 -0.0158 0.0158 -0.0148 0.9852 1 0.9054 -0.0174 0.0174 -0.0174 0.9826 1 0.8071 0 0
38 42 1987 0 0 0 0 0 1.0095 0 0.9718 -0.279 0.41 0.5677 0.9583 1.5295 0.8165 -0.3107 0.5569 0.7234 0.89 2.1654 0.9586 -0.3519 0.4894 0.5982 0.62 1.2183 0.0443 0.0443 0.1771 1.1771 1 0.5287 -0.481 0.481 -0.451 0.549 0 0.5149 -0.4785 0.4785 -0.4785 0.5215 0 0.4588 0 0
38 43 2773 0 0 0 0 0 1.0045 0 0.9277 0.4616 0.5031 0.6246 0.8333 1.4333 0.8454 0.2847 0.5914 0.7613 0.91 2.6013 0.9698 0.3981 0.4531 0.5631 0.775 1.5397 0.0796 0.0796 0.3183 1.3183 1 0.4708 0.1663 0.1663 0.1559 1.1559 1 1.0411 0.073 0.073 0.073 1.073 1 0.8264 0 0
38 44 1922 0 0 0 0 0 1.0091 0 0.9231 0.5297 0.5782 0.6835 0.7083 1.4812 0.8631 0.4418 0.6737 0.8527 0.855 2.4838 0.9778 0.4186 0.4186 0.4667 0.89 1.336 -0.1057 0.1057 -0.4227 0.5773 1 0.5503 -0.2478 0.2478 -0.2323 0.7677 1 0.7095 -0.2159 0.2159 -0.2159 0.7841 1 0.661 0 0
38 45 2640 0 0 0 0 0 1.0042 0 0.9739 0.319 0.3335 0.4094 0.9583 1.436 0.8767 0.3368 0.5821 0.7686 0.92 2.4814 0.9208 0.157 0.2949 0.4379 0.83 1.5023 0.1283 0.1283 0.5132 1.5132 1 0.4292 0.0339 0.0339 0.0318 1.0318 1 0.9465 -0.077 0.077 -0.077 0.923 1 0.7554 0 0
38 46 2133 0 0 0 0 0 1.0054 0 0.959 -0.3377 0.385 0.4526 0.875 1.4056 0.8681 -0.3399 0.6003 0.7624 0.9 2.5344 0.9655 -0.2973 0.3024 0.3965 0.82 1.4051 0.0056 0.0056 0.0225 1.0225 1 0.4709 -0.0661 0.0661 -0.0619 0.9381 1 0.8187 -0.0828 0.0828 -0.0828 0.9172 1 0.7292 0 0
38 47 2051 0 0 0 0 0 1.0061 0 0.9536 -0.0044 0.4188 0.5939 0.8333 1.5799 0.8567 -0.0797 0.5535 0.7398 0.92 2.5631 0.9822 -0.0236 0.3914 0.4471 0.92 1.4949 0.1309 0.1309 0.5234 1.5234 1 0.4792 -0.0236 0.0236 -0.0221 0.9779 1 0.9006 -0.1314 0.1314 -0.1314 0.8686 1 0.724 0 0
38 48 2663 0 0 0 0 0 1.0036 0 0.9276 -0.2155 0.3363 0.4893 0.875 1.3939 0.8866 -0.2184 0.4882 0.6738 0.92 2.1751 0.95 -0.2555 0.2773 0.3948 0.92 1.3583 0.078 0.078 0.3121 1.3121 1 0.4432 -0.3753 0.3753 -0.3519 0.6481 0 0.6044 -0.3948 0.3948 -0.3948 0.6052 0 0.5132 0 0
38 49 2632 0 0 0 0 0 1.0039 0 0.9476 0.465 0.465 0.5446 0.8333 1.4177 0.8592 0.4895 0.7152 0.9053 0.86 2.5963 0.9781 0.2285 0.2361 0.3287 0.995 1.5624 0.1151 0.1151 0.4603 1.4603 1 0.4565 0.1282 0.1282 0.1201 1.1201 1 1.0267 0.0116 0.0116 0.0116 1.0116 1 0.8175 0 0
38 50 2072 0 0 0 0 0 1.0055 0 0.9601 -0.3397 0.3789 0.449 0.9583 1.4051 0.8948 -0.34 0.5583 0.722 0.91 2.5721 0.9758 -0.3634 0.3634 0.4178 0.92 1.3921 -0.0308 0.0308 -0.123 0.877 1 0.4654 -0.0595 0.0595 -0.0558 0.9442 1 0.8734 -0.0582 0.0582 -0.0582 0.9418 1 0.8084 0 0
38 51 3514 0 0 0 0 0 1.0063 0 0.9478 -0.3165 0.4088 0.4912 0.8333 1.4546 0.8898 -0.3621 0.5924 0.7879 0.915 2.4376 0.976 -0.2985 0.3194 0.3624 1 1.546 0.1386 0.1386 0.5545 1.5545 1 0.4382 0.0144 0.0144 0.0135 1.0135 1 0.9399 -0.103 0.103 -0.103 0.897 1 0.7342 0 0
38 52 2492 0 0 0 0 0 1.0052 0 0.9435 0.4789 0.4789 0.5407 0.8333 1.434 0.883 0.5317 0.6902 0.8835 0.82 2.5672 0.9453 0.3836 0.3919 0.5028 0.725 1.3164 -0.1576 0.1576 -0.6302 0.3698 1 0.5163 -0.2187 0.2187 -0.205 0.795 1 0.7092 -0.175 0.175 -0.175 0.825 1 0.6815 0 0
38 53 1795 0 0 0 0 0 1.012 0 0.9433 -0.1502 0.2973 0.382 0.9167 1.3885 0.8618 -0.1792 0.5593 0.7658 0.955 2.7531 0.9009 -0.3123 0.4249 0.5256 0.78 1.3621 -0.1384 0.1384 -0.5538 0.4462 1 0.5274 0.1933 0.1933 0.1812 1.1812 1 0.9956 0.2195 0.2195 0.2195 1.2195 1 0.9348 0 0
38 54 1234 0 0 0 0 0 1.0076 0 0.9191 0.363 0.4299 0.5437 0.9583 1.4505 0.7855 0.3172 0.5909 0.8207 0.93 2.5781 0.9737 0.2166 0.443 0.5123 0.79 1.1939 -0.318 0.318 -1.2721 -0.2721 0 0.5207 -0.1194 0.1194 -0.112 0.888 1 0.7623 -0.0745 0.0745 -0.0745 0.9255 1 0.7374 0 0
38 55 1926 0 0 0 0 0 1.0076 0 0.9637 -0.3925 0.4201 0.5191 0.9167 1.4609 0.8787 -0.3851 0.54 0.7644 0.92 2.5084 0.9775 -0.3876 0.3876 0.4439 0.825 1.3483 -0.0715 0.0715 -0.2859 0.7141 1 0.462 -0.0907 0.0907 -0.085 0.915 1 0.7678 -0.071 0.071 -0.071 0.929 1 0.7093 0 0
38 56 2277 0 0 0 0 0 1.0087 0 0.9273 0.7506 0.7899 0.8897 0.5 1.4958 0.8714 0.6106 0.8116 0.9743 0.725 2.4446 0.9241 0.6391 0.6524 0.7359 0.545 1.2834 -0.0967 0.0967 -0.3867 0.6133 1 0.4778 -0.2315 0.2315 -0.2171 0.7829 1 0.6908 -0.1981 0.1981 -0.1981 0.8019 1 0.6528 0 0
38 57 1981 0 0 0 0 0 1.0076 0 0.9329 -0.5022 0.5211 0.6028 0.7917 1.437 0.8821 -0.5119 0.6882 0.8967 0.875 2.538 0.9796 -0.4957 0.496 0.5353 0.835 1.5257 0.1112 0.1112 0.4448 1.4448 1 0.4585 -0.0031 0.0031 -0.0029 0.9971 1 0.9095 -0.0953 0.0953 -0.0953 0.9047 1 0.7596 0 0
38 58 1987 0 0 0 0 0 1.005 0 0.9708 -0.4681 0.5011 0.6075 0.8333 1.476 0.8718 -0.4584 0.6558 0.846 0.875 2.4791 0.9778 -0.4219 0.4219 0.4789 0.845 1.3991 0.0171 0.0171 0.0685 1.0685 1 0.4814 -0.18 0.18 -0.1688 0.8312 1 0.7878 -0.1933 0.1933 -0.1933 0.8067 1 0.6998 0 0
38 59 2001 0 0 0 0 0 1.0073 0 0.9797 0.5116 0.5116 0.569 0.875 1.5088 0.863 0.4703 0.6672 0.8305 0.875 2.6148 0.983 0.5517 0.5584 0.5876 0.795 1.4954 0.0622 0.0622 0.2487 1.2487 1 0.4794 -0.0634 0.0634 -0.0594 0.9406 1 0.8878 -0.1154 0.1154 -0.1154 0.8846 1 0.7518 0 0
38 60 2056 0 0 0 0 0 1.0197 0 0.9365 -0.3709 0.3975 0.5022 0.7917 1.4344 0.8521 -0.4622 0.6564 0.8422 0.875 2.4223 0.9813 -0.5236 0.5277 0.6209 0.595 1.2029 -0.3184 0.3184 -1.2734 -0.2734 0 0.5136 -0.1724 0.1724 -0.1616 0.8384 1 0.7066 -0.1255 0.1255 -0.1255 0.8745 1 0.6914 0 0
38 61 2734 0 0 0 0 0 1.0048 0 0.9246 -0.6646 0.6754 0.7713 0.5833 1.4325 0.8988 -0.6399 0.7679 0.9044 0.755 2.5088 0.9699 -0.6824 0.6896 0.72 0.32 1.3734 -0.0206 0.0206 -0.0824 0.9176 1 0.4703 -0.1093 0.1093 -0.1024 0.8976 1 0.7799 -0.1097 0.1097 -0.1097 0.8903 1 0.7043 0 0
38 62 2605 0 0 0 0 0 1.0021 0 0.9612 -0.1372 0.3993 0.4729 0.875 1.4711 0.9031 -0.1762 0.5439 0.706 0.895 2.1854 0.9725 -0.2186 0.2527 0.317 0.955 1.2457 0.0088 0.0088 0.035 1.035 1 0.482 -0.4029 0.4029 -0.3777 0.6223 0 0.562 -0.3929 0.3929 -0.3929 0.6071 0 0.5066 0 0
38 63 2568 0 0 0 0 0 1.005 0 0.9792 0.1879 0.2954 0.3671 1 1.4754 0.8599 0.1702 0.5156 0.7088 0.91 2.4398 0.9614 0.2793 0.3239 0.3819 0.975 1.4914 0.1082 0.1082 0.4327 1.4327 1 0.4458 -0.062 0.062 -0.0581 0.9419 1 0.8503 -0.1439 0.1439 -0.1439 0.8561 1 0.6956 0 0
38 64 2222 0 0 0 0 0 1.0033 0 0.9332 0.3844 0.432 0.5826 0.8333 1.4963 0.8667 0.3016 0.5812 0.7558 0.915 2.3904 0.9318 0.5345 0.5668 0.6542 0.55 1.2995 -0.0302 0.0302 -0.1209 0.8791 1 0.5269 -0.2636 0.2636 -0.2471 0.7529 1 0.7072 -0.253 0.253 -0.253 0.747 1 0.6324 0 0
38 65 2165 0 0 0 0 0 1.0055 0 0.9726 0.1655 0.2783 0.3359 1 1.4581 0.8774 0.0981 0.488 0.6602 0.955 2.5867 0.9723 0.1768 0.25 0.3061 1 1.374 -0.113 0.113 -0.452 0.548 1 0.545 -0.1845 0.1845 -0.173 0.827 1 0.7379 -0.1537 0.1537 -0.1537 0.8463 1 0.6946 0 0
38 66 2316 0 0 0 0 0 1.0056 0 0.8995 -0.7775 0.7819 1.0563 0.625 1.5777 0.8826 -0.6909 0.7797 0.9483 0.755 2.5016 0.9733 -0.7249 0.7249 0.7919 0.43 1.3883 0.0066 0.0066 0.0265 1.0265 1 0.5634 -0.1062 0.1062 -0.0996 0.9004 1 0.8215 -0.1249 0.1249 -0.1249 0.8751 1 0.7356 0 0
38 67 2544 0 0 0 0 0 1.009 0 0.9424 -0.8098 0.8098 0.881 0.4167 1.4712 0.9026 -0.8498 0.9068 1.0532 0.77 2.9214 0.9605 -0.8787 0.8787 0.9225 0.305 1.5029 -0.0802 0.0802 -0.3207 0.6793 1 0.5774 0.2669 0.2669 0.2503 1.2503 1 1.0959 0.2615 0.2615 0.2615 1.2615 1 1.0146 0 0
38 68 1746 0 0 0 0 0 1.0045 0 0.9701 0.0397 0.3127 0.4122 0.9167 1.4604 0.8742 -2e-04 0.4964 0.6527 0.965 2.3397 0.951 0.0607 0.2798 0.3627 0.855 1.1971 -0.2362 0.2362 -0.9449 0.0551 1 0.5349 -0.3492 0.3492 -0.3274 0.6726 0 0.5937 -0.2966 0.2966 -0.2966 0.7034 1 0.5795 0 0
38 69 2717 0 0 0 0 0 1.0067 0 0.9761 0.6459 0.6459 0.6901 0.6667 1.4357 0.9 0.6607 0.7626 0.921 0.815 2.5578 0.9781 0.6053 0.6053 0.6376 0.65 1.4457 0.0114 0.0114 0.0457 1.0457 1 0.4394 -0.0278 0.0278 -0.0261 0.9739 1 0.8562 -0.0498 0.0498 -0.0498 0.9502 1 0.7368 0 0
38 70 2477 0 0 0 0 0 1.0035 0 0.9745 -0.2696 0.3801 0.4523 0.9167 1.5007 0.8742 -0.1524 0.5579 0.7025 0.915 2.3281 0.9629 -0.1072 0.2363 0.3032 0.92 1.239 -0.1218 0.1218 -0.4873 0.5127 1 0.496 -0.396 0.396 -0.3713 0.6287 0 0.5774 -0.3524 0.3524 -0.3524 0.6476 0 0.5433 0 0
38 71 1918 0 0 0 0 0 1.0067 0 0.9727 0.3991 0.405 0.4769 0.875 1.4345 0.8388 0.3219 0.621 0.8443 0.925 2.6646 0.9419 0.193 0.3342 0.3871 0.92 1.3494 -0.1542 0.1542 -0.6168 0.3832 1 0.5086 -0.016 0.016 -0.015 0.985 1 0.8995 0.0217 0.0217 0.0217 1.0217 1 0.8661 0 0
38 72 2107 0 0 0 0 0 1.0095 0 0.952 -0.4322 0.4322 0.505 0.75 1.3809 0.8672 -0.3639 0.6067 0.776 0.915 2.5398 0.9865 -0.33 0.3392 0.4239 0.855 1.3461 -0.0794 0.0794 -0.3177 0.6823 1 0.4857 -0.0531 0.0531 -0.0498 0.9502 1 0.7767 -0.0333 0.0333 -0.0333 0.9667 1 0.7159 0 0
38 73 2585 0 0 0 0 0 1.0051 0 0.975 0.4737 0.5029 0.5985 0.7083 1.4625 0.852 0.3487 0.6188 0.7931 0.875 2.4149 0.9683 0.4044 0.4128 0.4876 0.84 1.4077 0.0478 0.0478 0.1913 1.1913 1 0.5253 -0.2064 0.2064 -0.1935 0.8065 1 0.7532 -0.2359 0.2359 -0.2359 0.7641 1 0.6497 0 0
38 74 1852 0 0 0 0 0 1.0035 0 0.9567 0.5403 0.5604 0.6293 0.7917 1.4683 0.8878 0.5204 0.6649 0.8358 0.905 2.5976 0.9905 0.478 0.478 0.5085 0.805 1.2677 -0.3218 0.3218 -1.2873 -0.2873 0 0.5347 -0.1396 0.1396 -0.1309 0.8691 1 0.7868 -0.0952 0.0952 -0.0952 0.9048 1 0.7771 0 0
38 75 1880 0 0 0 0 0 1.0065 0 0.976 0.1023 0.3057 0.3947 0.9167 1.4886 0.8904 -0.0019 0.4394 0.5863 0.955 2.3378 0.9682 0.1311 0.2573 0.3081 1 1.2324 -0.1798 0.1798 -0.719 0.281 1 0.528 -0.2939 0.2939 -0.2755 0.7245 1 0.6583 -0.2464 0.2464 -0.2464 0.7536 1 0.6376 0 0
38 76 1644 0 0 0 0 0 1.0121 0 0.9658 6e-04 0.2366 0.3118 1 1.4501 0.8595 -0.0481 0.5523 0.7403 0.935 2.5145 0.9682 -0.0796 0.2858 0.3349 1 1.3075 -0.0585 0.0585 -0.2339 0.7661 1 0.5282 -0.2445 0.2445 -0.2292 0.7708 1 0.7045 -0.2254 0.2254 -0.2254 0.7746 1 0.644 0 0
38 77 1951 0 0 0 0 0 1.0013 0 0.9418 -0.0429 0.2917 0.3796 0.9167 1.4644 0.8638 -0.0148 0.5055 0.6744 0.915 2.3645 0.9794 -0.1824 0.2233 0.2666 1 1.3083 -0.0184 0.0184 -0.0738 0.9262 1 0.5571 -0.3653 0.3653 -0.3425 0.6575 0 0.626 -0.3527 0.3527 -0.3527 0.6473 0 0.5784 0 0
38 78 2300 0 0 0 0 0 1.0065 0 0.9472 -0.0496 0.3782 0.4729 0.9167 1.4966 0.8953 0.0754 0.5001 0.6875 0.93 2.4461 0.9846 0.0039 0.1257 0.1813 1 1.463 0.0562 0.0562 0.2248 1.2248 1 0.4949 -0.0552 0.0552 -0.0517 0.9483 1 0.8686 -0.1047 0.1047 -0.1047 0.8953 1 0.7207 0 0
38 79 2819 0 0 0 0 0 1.0072 0 0.9361 -0.0313 0.271 0.3297 1 1.3803 0.891 -0.0725 0.4616 0.6167 0.955 2.2939 0.9696 -0.0073 0.2171 0.2617 1 1.5414 0.2114 0.2114 0.8455 1.8455 1 0.4451 -0.1393 0.1393 -0.1306 0.8694 1 0.8317 -0.2913 0.2913 -0.2913 0.7087 1 0.5856 0 0
38 80 2220 0 0 0 0 0 1.0133 0 0.971 0.4614 0.498 0.6162 0.7083 1.5028 0.8936 0.3115 0.554 0.6748 0.91 2.6077 0.9876 0.1797 0.2191 0.2796 1 1.4023 -0.0096 0.0096 -0.0385 0.9615 1 0.4765 0.0445 0.0445 0.0417 1.0417 1 0.9146 0.0268 0.0268 0.0268 1.0268 1 0.8197 0 0
38 81 2229 0 0 0 0 0 1.0084 0 0.9618 -0.0667 0.3679 0.4701 0.9583 1.4451 0.8857 -0.1166 0.4705 0.6211 0.94 2.2226 0.9891 -0.0337 0.2882 0.3287 1 1.3939 0.1486 0.1486 0.5946 1.5946 1 0.4716 -0.2816 0.2816 -0.264 0.736 1 0.6826 -0.3558 0.3558 -0.3558 0.6442 0 0.5385 0 0
38 82 2385 0 0 0 0 0 1.0082 0 0.9674 0.0688 0.2632 0.3272 1 1.4159 0.8682 0.1559 0.542 0.7598 0.915 2.3585 0.9525 0.1484 0.3251 0.3781 1 1.5583 0.2092 0.2092 0.837 1.837 1 0.4094 -0.0428 0.0428 -0.0401 0.9599 1 0.8571 -0.2103 0.2103 -0.2103 0.7897 1 0.6513 0 0
38 83 1720 0 0 0 0 0 1.0058 0 0.8995 0.1774 0.3652 0.4533 0.875 1.4284 0.836 0.1903 0.5608 0.7399 0.94 2.5847 0.9486 0.2643 0.3744 0.4396 0.79 1.2796 -0.1876 0.1876 -0.7503 0.2497 1 0.5137 -0.0656 0.0656 -0.0615 0.9385 1 0.8105 -0.0207 0.0207 -0.0207 0.9793 1 0.7825 0 0
38 84 1573 0 0 0 0 0 1.0062 0 0.9539 -0.3677 0.433 0.5666 0.8333 1.3971 0.875 -0.3 0.6061 0.7813 0.895 2.4955 0.9297 -0.1065 0.3041 0.3634 0.895 1.2515 -0.2264 0.2264 -0.9054 0.0946 1 0.5137 -0.1077 0.1077 -0.101 0.899 1 0.7691 -0.0587 0.0587 -0.0587 0.9413 1 0.752 0 0
38 85 2641 0 0 0 0 0 1.0044 0 0.9636 -0.4548 0.4957 0.5437 0.8333 1.3831 0.8851 -0.4499 0.6544 0.8286 0.79 2.2221 0.9583 -0.4752 0.4827 0.5464 0.685 1.2216 -0.108 0.108 -0.4322 0.5678 1 0.5986 -0.4327 0.4327 -0.4057 0.5943 0 0.5447 -0.3958 0.3958 -0.3958 0.6042 0 0.5035 0 0
38 86 2710 0 0 0 0 0 1.0041 0 0.9339 0.7758 0.7758 0.8652 0.5833 1.4874 0.8728 0.7975 0.9308 1.0748 0.685 2.6747 0.9332 0.8938 0.8938 0.9907 0.405 1.4512 0.0136 0.0136 0.0545 1.0545 1 0.4429 0.1513 0.1513 0.1418 1.1418 1 1.0267 0.1123 0.1123 0.1123 1.1123 1 0.87 0 0
38 87 2032 0 0 0 0 0 1.0038 0 0.9408 0.2844 0.3259 0.3832 0.9583 1.4017 0.8879 0.2992 0.5444 0.7186 0.95 2.8961 0.9719 0.1693 0.2275 0.2854 1 1.4 -0.1991 0.1991 -0.7965 0.2035 1 0.4854 0.314 0.314 0.2944 1.2944 1 1.0989 0.3543 0.3543 0.3543 1.3543 1 1.0572 0 0
38 88 1536 0 0 0 0 0 1.0065 0 0.973 0.0767 0.2027 0.2478 1 1.4221 0.8304 0.0286 0.5459 0.7278 0.935 2.4879 0.9573 -0.0549 0.284 0.328 1 1.3474 -0.007 0.007 -0.0281 0.9719 1 0.534 -0.2408 0.2408 -0.2257 0.7743 1 0.7124 -0.242 0.242 -0.242 0.758 1 0.6393 0 0
38 89 2807 0 0 0 0 0 1.0059 0 0.9198 -0.0619 0.2867 0.3538 0.9583 1.3849 0.8221 0.0318 0.5159 0.7579 0.895 2.157 0.9478 0.1707 0.3542 0.4042 0.92 1.3529 0.1092 0.1092 0.4367 1.4367 1 0.4659 -0.3709 0.3709 -0.3477 0.6523 1 0.6263 -0.4082 0.4082 -0.4082 0.5918 0 0.4982 0 0
38 90 2889 0 0 0 0 0 1.0071 0 0.9478 0.7096 0.7161 0.8093 0.4583 1.466 0.8821 0.52 0.688 0.8276 0.79 2.3924 0.9647 0.612 0.6127 0.664 0.565 1.4606 0.137 0.137 0.5479 1.5479 1 0.4718 -0.2214 0.2214 -0.2075 0.7925 1 0.7705 -0.2988 0.2988 -0.2988 0.7012 1 0.6321 0 0
38 91 2064 0 0 0 0 0 1.0036 0 0.949 0.1041 0.2605 0.3485 0.9583 1.3752 0.8566 -0.0471 0.5443 0.7559 0.945 2.6034 0.9776 -0.1102 0.2231 0.2627 1 1.3211 -0.1739 0.1739 -0.6955 0.3045 1 0.5165 -0.0175 0.0175 -0.0164 0.9836 1 0.7934 0.0233 0.0233 0.0233 1.0233 1 0.7717 0 0
38 92 3404 0 0 0 0 0 1.0045 0 0.9813 0.3005 0.3123 0.3509 1 1.3771 0.8653 0.4043 0.5875 0.7994 0.93 2.4966 0.9804 0.3868 0.4076 0.4791 1 1.586 0.1143 0.1143 0.457 1.457 1 0.4398 0.1171 0.1171 0.1098 1.1098 1 0.9806 0.0063 0.0063 0.0063 1.0063 1 0.7969 0 0
38 93 2500 0 0 0 0 0 1.0024 0 0.9521 0.0713 0.3214 0.3917 0.9583 1.4682 0.8923 -0.0557 0.5137 0.6766 0.96 2.5292 0.9937 0.1192 0.1304 0.1837 1 1.4995 0.1107 0.1107 0.4428 1.4428 1 0.4183 -0.1148 0.1148 -0.1076 0.8924 1 0.8396 -0.1877 0.1877 -0.1877 0.8123 1 0.6961 0 0
38 94 2070 0 0 0 0 0 1.0035 0 0.9345 -0.0158 0.2888 0.3692 0.9583 1.3864 0.8689 -0.0543 0.4907 0.6722 0.965 2.5704 0.973 -0.1238 0.3564 0.421 0.945 1.2946 -0.1763 0.1763 -0.7051 0.2949 1 0.5515 -0.0211 0.0211 -0.0198 0.9802 1 0.8332 0.0171 0.0171 0.0171 1.0171 1 0.7918 0 0
38 95 2732 0 0 0 0 0 1.0059 0 0.9375 0.0835 0.2841 0.3401 1 1.364 0.8702 0.0382 0.4711 0.6359 0.975 2.4871 0.9729 0.1463 0.2142 0.2908 1 1.3142 -0.1506 0.1506 -0.6023 0.3977 1 0.5462 0.0199 0.0199 0.0186 1.0186 1 0.8644 0.0522 0.0522 0.0522 1.0522 1 0.8172 0 0
38 96 1540 0 0 0 0 0 1.0059 0 0.9737 -0.2327 0.3327 0.3874 1 1.4284 0.8639 -0.1215 0.5127 0.6817 0.95 2.5158 0.963 -0.3497 0.4135 0.4986 0.725 1.2908 -0.0982 0.0982 -0.3926 0.6074 1 0.4971 -0.0294 0.0294 -0.0276 0.9724 1 0.8607 -0.0053 0.0053 -0.0053 0.9947 1 0.8083 0 0
38 97 2317 0 0 0 0 0 1.0063 0 0.929 0.3877 0.4373 0.5276 0.875 1.4076 0.8963 0.2938 0.5128 0.6796 0.93 2.4651 0.9721 0.4418 0.4743 0.5461 0.705 1.4169 0.0528 0.0528 0.2113 1.2113 1 0.4163 -0.0685 0.0685 -0.0642 0.9358 1 0.8558 -0.1076 0.1076 -0.1076 0.8924 1 0.7328 0 0
38 98 1888 0 0 0 0 0 1.0082 0 0.9639 0.2193 0.3278 0.3925 1 1.4531 0.8748 0.1064 0.4903 0.6503 0.955 2.6118 0.977 0.071 0.1827 0.2187 1 1.3732 -0.1051 0.1051 -0.4206 0.5794 1 0.4647 -0.0192 0.0192 -0.018 0.982 1 0.8209 0.0091 0.0091 0.0091 1.0091 1 0.7657 0 0
38 99 2169 0 0 0 0 0 1.0148 0 0.9781 -0.0975 0.3436 0.4649 1 1.4893 0.8893 -0.1309 0.5106 0.6907 0.92 2.4159 0.9825 0.0041 0.2202 0.2537 1 1.2501 -0.1246 0.1246 -0.4982 0.5018 1 0.5363 -0.2089 0.2089 -0.1958 0.8042 1 0.7085 -0.1729 0.1729 -0.1729 0.8271 1 0.665 0 0
38 100 2661 0 0 0 0 0 1.004 0 0.9495 0.7187 0.7227 0.8253 0.4583 1.4455 0.8963 0.6964 0.7857 0.927 0.73 2.3354 0.9497 0.705 0.705 0.7851 0.505 1.3936 0.0472 0.0472 0.1889 1.1889 1 0.4807 -0.1297 0.1297 -0.1215 0.8785 1 0.8068 -0.1663 0.1663 -0.1663 0.8337 1 0.6578 0 0
38 101 2366 0 0 0 0 0 1.0093 0 0.9512 0.1315 0.3321 0.3991 0.9167 1.4566 0.8829 -0.0041 0.5154 0.7143 0.98 2.755 0.9741 0.1046 0.2163 0.25 1 1.5111 0.0242 0.0242 0.0967 1.0967 1 0.4984 0.1885 0.1885 0.1767 1.1767 1 1.0298 0.1346 0.1346 0.1346 1.1346 1 0.8746 0 0
38 102 2146 0 0 0 0 0 1.002 0 0.9357 -0.5347 0.5658 0.639 0.6667 1.375 0.8954 -0.4274 0.6027 0.7642 0.87 2.3442 0.9874 -0.4394 0.4394 0.4859 0.88 1.3754 0.0481 0.0481 0.1922 1.1922 1 0.4679 -0.2011 0.2011 -0.1885 0.8115 1 0.7234 -0.2272 0.2272 -0.2272 0.7728 1 0.6319 0 0
38 103 2191 0 0 0 0 0 1.0054 0 0.9607 -0.446 0.4603 0.5632 0.875 1.4589 0.8745 -0.4538 0.6256 0.7799 0.87 2.5605 0.9551 -0.5411 0.5411 0.6095 0.785 1.3536 -0.0924 0.0924 -0.3697 0.6303 1 0.4918 -0.0494 0.0494 -0.0464 0.9536 1 0.8143 -0.0257 0.0257 -0.0257 0.9743 1 0.7604 0 0
38 104 1950 0 0 0 0 0 1.0044 0 0.9511 0.3486 0.412 0.6099 0.8333 1.5204 0.855 0.3065 0.6023 0.7588 0.915 2.2845 0.9754 0.2464 0.2831 0.3461 1 1.3294 0.0864 0.0864 0.3455 1.3455 1 0.442 -0.3545 0.3545 -0.3323 0.6677 1 0.6623 -0.3809 0.3809 -0.3809 0.6191 0 0.5545 0 0
38 105 2165 0 0 0 0 0 1.0037 0 0.9674 -0.4574 0.491 0.5708 0.7917 1.4129 0.8661 -0.452 0.6708 0.8796 0.83 2.2939 0.9892 -0.3677 0.3677 0.4235 0.785 1.1823 -0.2077 0.2077 -0.831 0.169 1 0.5247 -0.3215 0.3215 -0.3014 0.6986 1 0.6127 -0.2696 0.2696 -0.2696 0.7304 1 0.594 0 0
38 106 2167 0 0 0 0 0 1.0043 0 0.9727 0.1765 0.2591 0.3301 0.9583 1.4275 0.8878 0.022 0.4864 0.6253 0.975 2.56 0.9701 0.0744 0.1562 0.2447 1 1.4525 0.0106 0.0106 0.0423 1.0423 1 0.4723 0.041 0.041 0.0385 1.0385 1 0.9208 0.0118 0.0118 0.0118 1.0118 1 0.8069 0 0
38 107 2116 0 0 0 0 0 1.014 0 0.9488 -0.2859 0.2969 0.3757 0.9167 1.3771 0.882 -0.2028 0.5457 0.7071 0.92 2.6178 0.9611 -0.3391 0.3989 0.4831 0.855 1.5461 0.0968 0.0968 0.3874 1.3874 1 0.4529 0.1883 0.1883 0.1765 1.1765 1 1.0434 0.0805 0.0805 0.0805 1.0805 1 0.842 0 0
38 108 2010 0 0 0 0 0 1.0052 0 0.9766 -0.0018 0.2059 0.2471 1 1.4187 0.8936 -0.0376 0.4754 0.6322 0.96 2.5737 0.9883 0.0291 0.4039 0.4517 1 1.4635 0.0492 0.0492 0.197 1.197 1 0.4583 0.172 0.172 0.1612 1.1612 1 1.0112 0.105 0.105 0.105 1.105 1 0.8444 0 0
38 109 2347 0 0 0 0 0 1.0121 0 0.9619 -0.0336 0.2467 0.306 1 1.4071 0.8973 0.005 0.4773 0.6581 0.98 2.6496 0.9819 -0.0629 0.1992 0.2466 1 1.3967 -0.1097 0.1097 -0.4387 0.5613 1 0.455 0.1892 0.1892 0.1773 1.1773 1 0.9815 0.2126 0.2126 0.2126 1.2126 1 0.9063 0 0
38 110 1636 0 0 0 0 0 1.0085 0 0.9443 -0.7101 0.7101 0.7787 0.5833 1.4608 0.8317 -0.6704 0.8447 1.0293 0.755 2.6381 0.9447 -0.6788 0.6788 0.7589 0.62 1.2617 -0.2599 0.2599 -1.0395 -0.0395 1 0.561 -0.2098 0.2098 -0.1967 0.8033 1 0.7049 -0.1609 0.1609 -0.1609 0.8391 1 0.6885 0 0
38 111 2066 0 0 0 0 0 1.005 0 0.9598 -0.5831 0.5867 0.6819 0.7083 1.5274 0.8579 -0.5888 0.7177 0.9078 0.865 2.7828 0.9945 -0.7118 0.7118 0.7358 0.46 1.5089 -0.0332 0.0332 -0.133 0.867 1 0.553 0.1714 0.1714 0.1607 1.1607 1 1.0534 0.1498 0.1498 0.1498 1.1498 1 0.9206 0 0
38 112 1945 0 0 0 0 0 1.0031 0 0.9625 0.1538 0.2569 0.3291 0.9583 1.3887 0.8606 0.1803 0.4963 0.6914 0.925 2.3462 0.9938 0.0957 0.1235 0.1558 1 1.2725 -0.0857 0.0857 -0.343 0.657 1 0.4778 -0.2664 0.2664 -0.2498 0.7502 1 0.668 -0.2346 0.2346 -0.2346 0.7654 1 0.636 0 0
38 113 1797 0 0 0 0 0 1.0063 0 0.9743 0.4834 0.4834 0.5835 0.8333 1.4799 0.8879 0.4325 0.5966 0.754 0.87 2.2893 0.9824 0.3472 0.3472 0.4012 0.915 1.3264 0.0099 0.0099 0.0398 1.0398 1 0.4861 -0.3763 0.3763 -0.3528 0.6472 0 0.6246 -0.3699 0.3699 -0.3699 0.6301 0 0.5369 0 0
38 114 2660 0 0 0 0 0 1.0074 0 0.9704 -0.2885 0.3282 0.3986 1 1.3976 0.8617 -0.3339 0.5872 0.8078 0.925 2.6374 0.9876 -0.3575 0.3575 0.3967 1 1.3785 -0.0369 0.0369 -0.1474 0.8526 1 0.5052 -0.0223 0.0223 -0.0209 0.9791 1 0.8893 -0.0225 0.0225 -0.0225 0.9775 1 0.8048 0 0
38 115 2108 0 0 0 0 0 1.0053 0 0.9393 0.171 0.4364 0.5919 0.8333 1.5401 0.8754 0.0177 0.5742 0.771 0.905 2.4338 0.9861 -0.122 0.1652 0.2034 1 1.3138 -0.0774 0.0774 -0.3097 0.6903 1 0.583 -0.3014 0.3014 -0.2826 0.7174 1 0.6513 -0.2761 0.2761 -0.2761 0.7239 1 0.6049 0 0
38 116 1292 0 0 0 0 0 1.0049 0 0.9812 -0.3192 0.4001 0.4974 0.9167 1.5249 0.8579 -0.2356 0.6066 0.7865 0.89 2.5904 0.9661 -0.0872 0.2715 0.3219 0.97 1.2466 -0.3569 0.3569 -1.4277 -0.4277 0 0.5509 -0.2112 0.2112 -0.198 0.802 1 0.7222 -0.1718 0.1718 -0.1718 0.8282 1 0.6911 0 0
38 117 2550 0 0 0 0 0 1.0058 0 0.9056 0.5149 0.5367 0.6633 0.75 1.4649 0.8614 0.3443 0.6175 0.7856 0.88 2.7135 0.9214 0.2429 0.3762 0.4412 0.87 1.4554 -0.0903 0.0903 -0.361 0.639 1 0.4942 0.0233 0.0233 0.0219 1.0219 1 0.9173 0.0434 0.0434 0.0434 1.0434 1 0.8652 0 0
38 118 2707 0 0 0 0 0 1.0036 0 0.975 -0.2242 0.3222 0.3977 0.9167 1.4243 0.8923 -0.1833 0.5737 0.7432 0.95 2.61 0.9616 -0.2788 0.3205 0.3806 0.97 1.4935 0.0329 0.0329 0.1317 1.1317 1 0.5431 0.0928 0.0928 0.087 1.087 1 0.9624 0.0378 0.0378 0.0378 1.0378 1 0.8051 0 0
38 119 2717 0 0 0 0 0 1.0062 0 0.9545 0.1501 0.2353 0.3183 0.9583 1.3597 0.8659 0.1295 0.5117 0.6987 0.945 2.5679 0.9348 0.1422 0.4359 0.4961 0.87 1.606 0.1789 0.1789 0.7158 1.7158 1 0.4085 0.2762 0.2762 0.2589 1.2589 1 1.0873 0.0721 0.0721 0.0721 1.0721 1 0.8245 0 0
38 120 2584 0 0 0 0 0 1.0048 0 0.9424 0.3477 0.413 0.5506 0.7917 1.4544 0.8901 0.2039 0.501 0.6695 0.935 2.4306 0.9667 0.3575 0.3575 0.4464 0.79 1.259 -0.1711 0.1711 -0.6843 0.3157 1 0.5109 -0.1989 0.1989 -0.1865 0.8135 1 0.7307 -0.1528 0.1528 -0.1528 0.8472 1 0.6941 0 0
38 121 2472 0 0 0 0 0 1.009 0 0.9374 0.2169 0.3323 0.3986 0.9167 1.3784 0.8898 0.1445 0.4554 0.6434 0.94 2.52 0.9596 0.0845 0.2752 0.3183 1 1.3855 -0.0427 0.0427 -0.1708 0.8292 1 0.4469 0.017 0.017 0.0159 1.0159 1 0.8415 0.0207 0.0207 0.0207 1.0207 1 0.7584 0 0
38 122 2522 0 0 0 0 0 1.0066 0 0.9622 -0.6586 0.6586 0.7402 0.5 1.4105 0.8925 -0.5554 0.7422 0.8829 0.82 2.4825 0.9211 -0.4454 0.4643 0.5899 0.76 1.4865 0.0907 0.0907 0.3627 1.3627 1 0.4463 -0.0541 0.0541 -0.0507 0.9493 1 0.8719 -0.1229 0.1229 -0.1229 0.8771 1 0.7297 0 0
38 123 2232 0 0 0 0 0 1.007 0 0.9562 -0.0479 0.2795 0.3409 1 1.4178 0.8772 0.0115 0.532 0.7434 0.935 2.4628 0.9643 0.0891 0.2386 0.2754 1 1.3016 -0.0882 0.0882 -0.3529 0.6471 1 0.5015 -0.1548 0.1548 -0.1451 0.8549 1 0.7408 -0.1285 0.1285 -0.1285 0.8715 1 0.7095 0 0
38 124 2162 0 0 0 0 0 1.0063 0 0.9557 0.3192 0.3743 0.4534 0.9167 1.4474 0.8661 0.3314 0.5634 0.7532 0.92 2.5073 0.9458 0.3994 0.4296 0.5374 0.795 1.3649 -0.0158 0.0158 -0.0632 0.9368 1 0.4528 -0.0298 0.0298 -0.0279 0.9721 1 0.8217 -0.0366 0.0366 -0.0366 0.9634 1 0.7462 0 0
38 125 2190 0 0 0 0 0 1.003 0 0.9817 -0.4604 0.5051 0.6482 0.8333 1.5066 0.8745 -0.3057 0.5256 0.7169 0.885 2.3529 0.9642 -0.2865 0.3024 0.3858 0.915 1.475 0.1196 0.1196 0.4783 1.4783 1 0.4545 -0.1893 0.1893 -0.1775 0.8225 1 0.7095 -0.2585 0.2585 -0.2585 0.7415 1 0.6079 0 0
38 126 2617 0 0 0 0 0 1.0025 0 0.9778 -0.2089 0.2758 0.3382 1 1.4687 0.8555 -0.2722 0.5614 0.7584 0.93 2.4399 0.9449 -0.2711 0.3116 0.4146 0.97 1.4347 0.0668 0.0668 0.267 1.267 1 0.4734 -0.1802 0.1802 -0.1689 0.8311 1 0.7335 -0.2204 0.2204 -0.2204 0.7796 1 0.6142 0 0
38 127 2242 0 0 0 0 0 1.0037 0 0.9634 -0.1769 0.2754 0.3311 1 1.3689 0.8456 -0.1553 0.5797 0.7986 0.915 2.4601 0.9851 -0.2712 0.2736 0.3177 1 1.398 0.0242 0.0242 0.097 1.097 1 0.5066 -0.0894 0.0894 -0.0838 0.9162 1 0.8054 -0.1161 0.1161 -0.1161 0.8839 1 0.7213 0 0
38 128 1778 0 0 0 0 0 1.0025 0 0.9724 0.0644 0.2572 0.3554 1 1.5078 0.8451 0.0407 0.5244 0.7167 0.925 2.3084 0.965 0.0655 0.2861 0.3161 1 1.3077 0.0259 0.0259 0.1036 1.1036 1 0.5096 -0.4058 0.4058 -0.3805 0.6195 0 0.5886 -0.4031 0.4031 -0.4031 0.5969 0 0.517 0 0
38 129 2510 0 0 0 0 0 1.0047 0 0.9723 0.0429 0.2722 0.3134 1 1.473 0.8664 -0.0978 0.5012 0.6866 0.92 2.3188 0.9772 0.1422 0.2115 0.2848 1 1.39 0.0918 0.0918 0.367 1.367 1 0.442 -0.2591 0.2591 -0.2429 0.7571 1 0.7098 -0.3017 0.3017 -0.3017 0.6983 1 0.579 0 0
38 130 2312 0 0 0 0 0 1.0057 0 0.9745 -0.3433 0.3621 0.4156 0.9167 1.435 0.8478 -0.2818 0.5974 0.7972 0.945 2.7474 0.9432 -0.1424 0.3161 0.3444 1 1.3871 -0.0943 0.0943 -0.3773 0.6227 1 0.4986 0.0582 0.0582 0.0546 1.0546 1 0.9091 0.0765 0.0765 0.0765 1.0765 1 0.849 0 0
38 131 2282 0 0 0 0 0 1.0076 0 0.9654 -0.1535 0.3916 0.4749 0.9167 1.4817 0.8984 -0.1977 0.4972 0.6777 0.94 2.3517 0.9767 -0.2278 0.2586 0.3374 0.865 1.2684 -0.0972 0.0972 -0.3888 0.6112 1 0.433 -0.203 0.203 -0.1903 0.8097 1 0.6692 -0.1682 0.1682 -0.1682 0.8318 1 0.6442 0 0
38 132 2641 0 0 0 0 0 1.005 0 0.8943 -0.5877 0.5915 0.6883 0.5833 1.3801 0.8451 -0.4721 0.6734 0.8685 0.8 2.4184 0.9475 -0.4416 0.4565 0.58 0.625 1.212 -0.186 0.186 -0.744 0.256 1 0.446 -0.2449 0.2449 -0.2296 0.7704 1 0.6813 -0.1925 0.1925 -0.1925 0.8075 1 0.6692 0 0
38 133 2130 0 0 0 0 0 1.0039 0 0.9641 -0.007 0.3183 0.3953 0.9583 1.4128 0.8701 -0.0274 0.4819 0.654 0.945 2.315 0.9554 -0.0644 0.2808 0.3447 0.9 1.1952 -0.266 0.266 -1.064 -0.064 0 0.4776 -0.3248 0.3248 -0.3045 0.6955 1 0.6187 -0.2697 0.2697 -0.2697 0.7303 1 0.6085 0 0
38 134 1966 0 0 0 0 0 1.0047 0 0.9692 0.3596 0.3761 0.4427 0.9583 1.4294 0.8751 0.3003 0.5701 0.7152 0.9 2.379 0.9592 0.2119 0.3262 0.3807 0.91 1.3489 0.0655 0.0655 0.2619 1.2619 1 0.4989 -0.29 0.29 -0.2719 0.7281 1 0.6979 -0.3179 0.3179 -0.3179 0.6821 1 0.5943 0 0
38 135 2011 0 0 0 0 0 1.0034 0 0.9557 -0.9784 1.0133 1.12 0.2917 1.5682 0.875 -0.746 0.9066 1.068 0.615 2.3871 0.9583 -0.8262 0.8262 0.8708 0.165 1.2169 -0.2294 0.2294 -0.9177 0.0823 1 0.5111 -0.3494 0.3494 -0.3275 0.6725 1 0.6202 -0.2959 0.2959 -0.2959 0.7041 1 0.5976 0 0
38 136 2567 0 0 0 0 0 1.0041 0 0.9729 -0.3087 0.3277 0.4167 0.875 1.4312 0.8925 -0.2595 0.5269 0.6688 0.925 2.5561 0.9831 -0.2072 0.2621 0.3192 1 1.5034 0.1019 0.1019 0.4075 1.4075 1 0.4522 0.0135 0.0135 0.0127 1.0127 1 0.9794 -0.0754 0.0754 -0.0754 0.9246 1 0.7521 0 0
38 137 1853 0 0 0 0 0 1.0097 0 0.9752 0.1185 0.2081 0.2997 0.9583 1.4188 0.8591 0.1076 0.5524 0.7786 0.92 2.5103 0.9901 -0.0299 0.1627 0.1969 1 1.3069 -0.1347 0.1347 -0.539 0.461 1 0.5102 -0.1933 0.1933 -0.1812 0.8188 1 0.7328 -0.1546 0.1546 -0.1546 0.8454 1 0.7078 0 0
38 138 2026 0 0 0 0 0 1.0046 0 0.9786 -0.6207 0.6283 0.7057 0.5833 1.4926 0.8695 -0.4629 0.6901 0.8628 0.815 2.4395 0.9545 -0.2933 0.3204 0.4201 0.83 1.2076 -0.2625 0.2625 -1.05 -0.05 0 0.5238 -0.2388 0.2388 -0.2239 0.7761 1 0.7068 -0.1872 0.1872 -0.1872 0.8128 1 0.6793 0 0
38 139 2225 0 0 0 0 0 1.0106 0 0.9593 -0.3146 0.3662 0.4304 0.9583 1.3949 0.8432 -0.2861 0.5577 0.7259 0.91 2.3623 0.9764 -0.2602 0.3376 0.4293 0.815 1.4067 0.0736 0.0736 0.2945 1.2945 1 0.4443 -0.1476 0.1476 -0.1384 0.8616 1 0.7391 -0.193 0.193 -0.193 0.807 1 0.6327 0 0
38 140 2101 0 0 0 0 0 1.0044 0 0.9294 0.0621 0.2926 0.3413 0.9583 1.4028 0.88 -0.1202 0.5453 0.7409 0.97 2.9154 0.959 -0.0719 0.2267 0.2769 1 1.5298 -0.0328 0.0328 -0.1314 0.8686 1 0.3956 0.4183 0.4183 0.3921 1.3921 1 1.2046 0.3967 0.3967 0.3967 1.3967 1 1.0988 0 0
38 141 2006 0 0 0 0 0 1.0066 0 0.9719 -0.1365 0.239 0.3013 1 1.431 0.811 -0.154 0.5196 0.7588 0.95 2.5596 0.9636 -0.2145 0.3908 0.4538 0.83 1.3737 -0.0382 0.0382 -0.1528 0.8472 1 0.4878 0.0322 0.0322 0.0302 1.0302 1 0.8585 0.0296 0.0296 0.0296 1.0296 1 0.7641 0 0
38 142 2351 0 0 0 0 0 1.0042 0 0.9437 -0.1502 0.2884 0.3935 0.9583 1.392 0.9038 -0.1855 0.5343 0.7097 0.945 2.4101 0.9906 -0.1061 0.141 0.1796 1 1.4267 0.0795 0.0795 0.3181 1.3181 1 0.4383 -0.1704 0.1704 -0.1597 0.8403 1 0.7512 -0.2159 0.2159 -0.2159 0.7841 1 0.6508 0 0
38 143 3251 0 0 0 0 0 1.0032 0 0.9412 -0.1461 0.361 0.4724 0.8333 1.4672 0.8752 -0.1199 0.5318 0.7248 0.915 2.2601 0.9813 -0.0339 0.1766 0.2113 1 1.4419 0.1493 0.1493 0.5973 1.5973 1 0.457 -0.3261 0.3261 -0.3058 0.6942 1 0.6861 -0.394 0.394 -0.394 0.606 0 0.5188 0 0
38 144 1368 0 0 0 0 0 1.0087 0 0.9472 -0.7145 0.7145 0.787 0.5 1.459 0.8814 -0.7163 0.7988 0.9377 0.7 2.2993 0.9821 -0.7396 0.7396 0.7647 0.165 1.1302 -0.3811 0.3811 -1.5246 -0.5246 0 0.5699 -0.4467 0.4467 -0.4188 0.5812 0 0.5464 -0.4041 0.4041 -0.4041 0.5959 0 0.5313 0 0
38 145 2026 0 0 0 0 0 1.0025 0 0.9035 0.2655 0.3933 0.4576 0.8333 1.416 0.893 0.2309 0.5238 0.6647 0.95 2.4828 0.9609 0.1607 0.2556 0.3117 1 1.4515 0.0857 0.0857 0.3426 1.3426 1 0.4482 -0.1079 0.1079 -0.1012 0.8988 1 0.8249 -0.1669 0.1669 -0.1669 0.8331 1 0.6637 0 0
38 146 2509 0 0 0 0 0 1.0049 0 0.9576 0.3862 0.4395 0.5857 0.8333 1.537 0.8821 0.365 0.5786 0.7339 0.925 2.4998 0.9117 0.3323 0.3973 0.5103 0.85 1.3357 -0.0706 0.0706 -0.2822 0.7178 1 0.4873 -0.1346 0.1346 -0.1262 0.8738 1 0.7582 -0.1142 0.1142 -0.1142 0.8858 1 0.7 0 0
38 147 2948 0 0 0 0 0 1.0135 0 0.9507 -0.4275 0.4465 0.6179 0.875 1.4485 0.899 -0.3431 0.5377 0.7139 0.935 2.321 0.9758 -0.3218 0.3321 0.4006 0.985 1.486 0.1267 0.1267 0.5066 1.5066 1 0.4327 -0.1105 0.1105 -0.1036 0.8964 1 0.8294 -0.1966 0.1966 -0.1966 0.8034 1 0.6568 0 0
38 148 2369 0 0 0 0 0 1.0027 0 0.9511 -0.4493 0.478 0.5598 0.75 1.4674 0.9147 -0.4651 0.6449 0.7808 0.89 2.6566 0.9869 -0.5627 0.5627 0.5919 0.78 1.4635 -0.0752 0.0752 -0.3007 0.6993 1 0.464 0.1478 0.1478 0.1385 1.1385 1 0.9993 0.1584 0.1584 0.1584 1.1584 1 0.9314 0 0
38 149 2941 0 0 0 0 0 1.0056 0 0.9689 0.595 0.595 0.6477 0.625 1.3888 0.9013 0.6309 0.712 0.8736 0.8 2.3594 0.9793 0.5096 0.5096 0.5617 0.86 1.3642 -0.0304 0.0304 -0.1217 0.8783 1 0.4635 -0.1753 0.1753 -0.1643 0.8357 1 0.7244 -0.1662 0.1662 -0.1662 0.8338 1 0.6459 0 0
38 150 2157 0 0 0 0 0 1.0075 0 0.91 -0.0836 0.2945 0.362 0.9583 1.3624 0.8909 -0.128 0.4681 0.628 0.935 2.3126 0.9608 -0.0289 0.2757 0.33 0.99 1.3092 -0.036 0.036 -0.1441 0.8559 1 0.4359 -0.206 0.206 -0.1931 0.8069 1 0.6841 -0.1917 0.1917 -0.1917 0.8083 1 0.6232 0 0
38 151 1598 0 0 0 0 0 1.003 0 0.9728 -0.7692 0.7865 0.8474 0.4167 1.5612 0.8469 -0.6597 0.7781 0.9295 0.74 2.3366 0.9885 -0.646 0.646 0.7712 0.46 1.1146 -0.4089 0.4089 -1.6357 -0.6357 0 0.6006 -0.3962 0.3962 -0.3714 0.6286 0 0.5649 -0.3635 0.3635 -0.3635 0.6365 0 0.543 0 0
38 152 1935 0 0 0 0 0 1.0044 0 0.9615 -0.0697 0.3588 0.4709 0.9167 1.4703 0.8759 -0.0856 0.4978 0.6487 0.935 2.3667 0.9631 -0.2155 0.344 0.4189 0.79 1.1867 -0.1959 0.1959 -0.7837 0.2163 1 0.5059 -0.313 0.313 -0.2934 0.7066 1 0.6322 -0.2616 0.2616 -0.2616 0.7384 1 0.6053 0 0
38 153 1953 0 0 0 0 0 1.0061 0 0.969 -0.7988 0.7988 0.8754 0.4167 1.5259 0.8941 -0.733 0.8202 0.954 0.735 2.5798 0.9583 -0.7852 0.7852 0.8374 0.315 1.3926 -0.0765 0.0765 -0.3059 0.6941 1 0.5004 -0.0277 0.0277 -0.026 0.974 1 0.8381 -0.012 0.012 -0.012 0.988 1 0.783 0 0
38 154 1725 0 0 0 0 0 1.0092 0 0.9872 0.1276 0.2408 0.3372 0.9583 1.4842 0.8604 0.1514 0.5961 0.7566 0.89 2.3003 0.9479 0.1635 0.2738 0.3433 0.965 1.204 -0.2114 0.2114 -0.8455 0.1545 1 0.5811 -0.3704 0.3704 -0.3472 0.6528 0 0.6085 -0.3213 0.3213 -0.3213 0.6787 1 0.5776 0 0
38 155 2116 0 0 0 0 0 1.0029 0 0.9545 0.0436 0.263 0.3 1 1.3851 0.8884 0.1191 0.5299 0.6862 0.935 2.4353 0.9865 0.104 0.1555 0.189 1 1.4425 0.0569 0.0569 0.2277 1.2277 1 0.4603 -0.1664 0.1664 -0.156 0.844 1 0.7761 -0.2012 0.2012 -0.2012 0.7988 1 0.6467 0 0
38 156 1716 0 0 0 0 0 1.0077 0 0.9543 -0.1446 0.3687 0.4649 0.9167 1.5236 0.8621 -0.1827 0.561 0.7275 0.935 2.5165 0.9729 -0.1798 0.3914 0.4682 0.815 1.3967 0.0654 0.0654 0.2616 1.2616 1 0.5347 -0.1235 0.1235 -0.1158 0.8842 1 0.8352 -0.174 0.174 -0.174 0.826 1 0.7081 0 0
38 157 2171 0 0 0 0 0 1.0087 0 0.9161 -0.0107 0.308 0.3974 0.875 1.3867 0.8712 -0.0747 0.4812 0.6667 0.95 2.3555 0.9741 -0.0288 0.2273 0.2784 1 1.2773 -0.0675 0.0675 -0.27 0.73 1 0.4761 -0.2285 0.2285 -0.2142 0.7858 1 0.6862 -0.2038 0.2038 -0.2038 0.7962 1 0.6313 0 0
38 158 1803 0 0 0 0 0 1.0079 0 0.9558 -0.1994 0.2745 0.3698 0.9583 1.4196 0.8587 -0.3439 0.6061 0.8011 0.93 2.597 0.9745 -0.3816 0.3976 0.4796 0.825 1.3592 -0.0965 0.0965 -0.386 0.614 1 0.4778 -0.0401 0.0401 -0.0376 0.9624 1 0.8251 -0.0144 0.0144 -0.0144 0.9856 1 0.7739 0 0
38 159 2071 0 0 0 0 0 1.0088 0 0.9703 0.1019 0.2868 0.3239 1 1.4767 0.8836 0.1517 0.4863 0.6907 0.955 2.6072 0.9428 0.0448 0.2749 0.3231 1 1.6155 0.1637 0.1637 0.6548 1.6548 1 0.4408 0.0841 0.0841 0.0789 1.0789 1 1.0235 -0.0683 0.0683 -0.0683 0.9317 1 0.8145 0 0
38 160 1888 0 0 0 0 0 1.0055 0 0.9276 -0.1148 0.4111 0.491 0.8333 1.4794 0.8437 -0.0073 0.5259 0.7283 0.935 2.4279 0.9843 -0.0622 0.2859 0.3147 1 1.3175 -0.0087 0.0087 -0.0347 0.9653 1 0.5117 -0.2509 0.2509 -0.2352 0.7648 1 0.7139 -0.249 0.249 -0.249 0.751 1 0.6405 0 0
38 161 2127 0 0 0 0 0 1.0093 0 0.9765 -0.2283 0.3061 0.3826 0.9583 1.4186 0.8751 -0.182 0.5368 0.709 0.925 2.5315 0.9692 -0.3731 0.3868 0.4571 0.86 1.3677 -0.0273 0.0273 -0.1093 0.8907 1 0.4739 -0.0574 0.0574 -0.0538 0.9462 1 0.8316 -0.0585 0.0585 -0.0585 0.9415 1 0.7678 0 0
38 162 2695 0 0 0 0 0 1.0068 0 0.96 -0.1076 0.2323 0.284 1 1.3888 0.8678 -0.1476 0.5285 0.7206 0.925 2.4489 0.9804 -0.2696 0.2805 0.3297 1 1.4594 0.0793 0.0793 0.3174 1.3174 1 0.4952 -0.097 0.097 -0.0909 0.9091 1 0.842 -0.1557 0.1557 -0.1557 0.8443 1 0.7231 0 0
38 163 1588 0 0 0 0 0 1.0062 0 0.9496 0.1454 0.5014 0.6161 0.8333 1.5195 0.8637 0.1459 0.5933 0.7807 0.84 2.1996 0.9397 0.0363 0.2864 0.3925 0.92 1.2397 -0.0696 0.0696 -0.2784 0.7216 1 0.6669 -0.4287 0.4287 -0.4019 0.5981 0 0.5619 -0.4039 0.4039 -0.4039 0.5961 0 0.4903 0 0
38 164 2122 0 0 0 0 0 1.0079 0 0.9601 -0.1171 0.2804 0.3229 1 1.3979 0.874 0.0066 0.5043 0.6645 0.995 2.7495 0.9389 0.2447 0.4154 0.4844 0.845 1.4684 0.0089 0.0089 0.0354 1.0354 1 0.4346 0.278 0.278 0.2607 1.2607 1 1.0451 0.2339 0.2339 0.2339 1.2339 1 0.928 0 0
38 165 2147 0 0 0 0 0 1.0028 0 0.9645 -0.1317 0.2459 0.346 0.9583 1.4355 0.8761 -0.0486 0.532 0.7146 0.925 2.4244 0.9667 -0.1515 0.2268 0.3024 0.91 1.2796 -0.0452 0.0452 -0.181 0.819 1 0.4575 -0.2559 0.2559 -0.2399 0.7601 1 0.6999 -0.2356 0.2356 -0.2356 0.7644 1 0.6535 0 0
38 166 1890 0 0 0 0 0 1.0073 0 0.9443 -0.4038 0.4515 0.5437 0.8333 1.4493 0.8857 -0.4002 0.6189 0.7795 0.945 2.5577 0.9723 -0.3616 0.3636 0.4369 0.925 1.3317 -0.1137 0.1137 -0.4546 0.5454 1 0.5212 -0.0951 0.0951 -0.0891 0.9109 1 0.7841 -0.0653 0.0653 -0.0653 0.9347 1 0.7374 0 0
38 167 2131 0 0 0 0 0 1.0073 0 0.9387 0.2631 0.3318 0.3999 0.875 1.3793 0.8852 0.2615 0.5324 0.7231 0.935 2.4584 0.965 0.2495 0.3188 0.3929 0.795 1.2673 -0.1545 0.1545 -0.6181 0.3819 1 0.5563 -0.2605 0.2605 -0.2442 0.7558 1 0.6735 -0.2191 0.2191 -0.2191 0.7809 1 0.6527 0 0
38 168 2346 0 0 0 0 0 1.0048 0 0.9212 0.3373 0.5027 0.6351 0.7917 1.4324 0.8946 0.2478 0.51 0.6893 0.89 2.1387 0.9865 0.384 0.384 0.4431 0.775 1.2209 -0.0473 0.0473 -0.1891 0.8109 1 0.4492 -0.434 0.434 -0.4069 0.5931 0 0.5259 -0.4032 0.4032 -0.4032 0.5968 0 0.483 0 0
38 169 2506 0 0 0 0 0 1.0052 0 0.9532 -0.3217 0.3794 0.4471 0.9167 1.452 0.8734 -0.2144 0.5281 0.6973 0.965 2.8357 0.9904 -0.2988 0.3212 0.3762 1 1.5287 0.0309 0.0309 0.1237 1.1237 1 0.524 0.171 0.171 0.1603 1.1603 1 1.0687 0.1121 0.1121 0.1121 1.1121 1 0.9469 0 0
38 170 2534 0 0 0 0 0 1.0019 0 0.9628 -0.0552 0.2269 0.342 0.9167 1.4389 0.8622 -0.06 0.4989 0.6812 0.955 2.5218 0.9874 -0.1109 0.2373 0.2866 1 1.3433 -0.0532 0.0532 -0.2129 0.7871 1 0.4684 -0.0801 0.0801 -0.0751 0.9249 1 0.8153 -0.0681 0.0681 -0.0681 0.9319 1 0.7549 0 0
38 171 1872 0 0 0 0 0 1.0059 0 0.9596 -0.1551 0.2623 0.3192 1 1.3948 0.8666 -0.0802 0.4844 0.673 0.95 2.4077 0.9719 -0.1076 0.2495 0.2858 1 1.2424 -0.1464 0.1464 -0.5857 0.4143 1 0.5401 -0.3484 0.3484 -0.3266 0.6734 1 0.6267 -0.3047 0.3047 -0.3047 0.6953 1 0.5912 0 0
38 172 2197 0 0 0 0 0 1.0052 0 0.9632 0.1313 0.275 0.4211 0.9583 1.473 0.8824 0.0883 0.4531 0.5975 0.955 2.3217 0.9851 0.2081 0.2312 0.2933 1 1.3145 -0.0317 0.0317 -0.1267 0.8733 1 0.4662 -0.2417 0.2417 -0.2266 0.7734 1 0.6305 -0.228 0.228 -0.228 0.772 1 0.5813 0 0
38 173 3193 0 0 0 0 0 1.0051 0 0.9642 -0.763 0.7665 0.814 0.2917 1.4373 0.875 -0.826 0.911 1.0998 0.73 3.0053 0.943 -0.8581 0.8697 0.9317 0.18 1.5634 -0.0639 0.0639 -0.2554 0.7446 1 0.431 0.4841 0.4841 0.4538 1.4538 1 1.2238 0.4752 0.4752 0.4752 1.4752 1 1.161 0 0
38 174 2678 0 0 0 0 0 1.004 0 0.9594 0.1648 0.2907 0.3422 1 1.4284 0.8437 0.2104 0.5498 0.7585 0.905 2.3116 0.9849 0.3455 0.3679 0.4268 0.87 1.383 0.1156 0.1156 0.4626 1.4626 1 0.4726 -0.2898 0.2898 -0.2717 0.7283 1 0.695 -0.3432 0.3432 -0.3432 0.6568 0 0.5658 0 0
38 175 1841 0 0 0 0 0 1.0109 0 0.9661 -0.2668 0.3639 0.4903 0.9167 1.4894 0.8734 -0.2452 0.5318 0.7121 0.93 2.3566 0.9849 -0.1667 0.2215 0.2779 1 1.319 0.014 0.014 0.056 1.056 1 0.559 -0.2786 0.2786 -0.2611 0.7389 1 0.6916 -0.2865 0.2865 -0.2865 0.7135 1 0.6123 0 0
38 176 1838 0 0 0 0 0 1.0029 0 0.9495 -0.4145 0.5161 0.6307 0.75 1.5285 0.838 -0.4348 0.6668 0.8749 0.82 2.4025 0.9685 -0.3605 0.4175 0.5038 0.705 1.3104 0.0235 0.0235 0.0941 1.0941 1 0.4362 -0.2375 0.2375 -0.2226 0.7774 1 0.7274 -0.2461 0.2461 -0.2461 0.7539 1 0.6308 0 0
38 177 1922 0 0 0 0 0 1.0025 0 0.9579 0.67 0.6941 0.8141 0.5833 1.5486 0.8484 0.5805 0.7757 0.9481 0.735 2.2604 0.9625 0.6306 0.6306 0.682 0.52 1.3019 0.0136 0.0136 0.0542 1.0542 1 0.5343 -0.4524 0.4524 -0.4242 0.5758 0 0.5339 -0.4427 0.4427 -0.4427 0.5573 0 0.4753 0 0
38 178 1766 0 0 0 0 0 1.0137 0 0.9661 -0.5041 0.5041 0.5856 0.75 1.446 0.8456 -0.4227 0.6598 0.8452 0.88 2.5066 0.9901 -0.3331 0.3672 0.4428 0.745 1.2448 -0.1853 0.1853 -0.7413 0.2587 1 0.5164 -0.1596 0.1596 -0.1496 0.8504 1 0.7025 -0.1128 0.1128 -0.1128 0.8872 1 0.6788 0 0
38 179 2409 0 0 0 0 0 1.0043 0 0.9689 -0.1852 0.2261 0.3143 0.9583 1.3765 0.87 -0.1944 0.5069 0.6888 0.95 2.4042 0.9719 -0.0583 0.2188 0.2628 1 1.2742 -0.1514 0.1514 -0.6056 0.3944 1 0.4904 -0.196 0.196 -0.1837 0.8163 1 0.6812 -0.1525 0.1525 -0.1525 0.8475 1 0.6607 0 0
38 180 3129 0 0 0 0 0 1.0037 0 0.9743 0.6414 0.654 0.727 0.5417 1.5099 0.8931 0.5328 0.6952 0.8165 0.78 2.3869 0.9915 0.6426 0.6426 0.6685 0.525 1.357 0.0771 0.0771 0.3085 1.3085 1 0.4688 -0.2659 0.2659 -0.2492 0.7508 1 0.7161 -0.2999 0.2999 -0.2999 0.7001 1 0.6181 0 0
38 181 2414 0 0 0 0 0 1.0038 0 0.9653 0.7731 0.7731 0.8463 0.5417 1.5001 0.8753 0.7265 0.8224 0.9999 0.715 2.444 0.9695 0.6923 0.6923 0.7329 0.495 1.5284 0.1541 0.1541 0.6164 1.6164 1 0.4791 -0.1669 0.1669 -0.1565 0.8435 1 0.8359 -0.2677 0.2677 -0.2677 0.7323 1 0.6448 0 0
38 182 1820 0 0 0 0 0 1.0033 0 0.969 -0.1789 0.3613 0.4487 0.9167 1.4403 0.8748 -0.1656 0.5905 0.7732 0.945 2.541 0.971 -0.0444 0.2229 0.2604 1 1.2821 -0.1456 0.1456 -0.5825 0.4175 1 0.5135 -0.1575 0.1575 -0.1476 0.8524 1 0.766 -0.1177 0.1177 -0.1177 0.8823 1 0.7263 0 0
38 183 2475 0 0 0 0 0 1.0074 0 0.9572 -0.284 0.3727 0.4388 0.9167 1.4171 0.8809 -0.242 0.5102 0.6583 0.905 2.1379 0.9849 -0.1481 0.1805 0.221 1 1.2287 -0.0215 0.0215 -0.086 0.914 1 0.4908 -0.521 0.521 -0.4884 0.5116 0 0.4871 -0.4929 0.4929 -0.4929 0.5071 0 0.4503 0 0
38 184 2809 0 0 0 0 0 1.0053 0 0.966 -0.0885 0.307 0.4081 0.9583 1.3761 0.9331 -0.0287 0.4392 0.5943 0.965 2.3981 0.9863 -0.0066 0.1262 0.1562 1 1.346 -0.0528 0.0528 -0.2111 0.7889 1 0.4933 -0.1098 0.1098 -0.1029 0.8971 1 0.7654 -0.098 0.098 -0.098 0.902 1 0.6849 0 0
38 185 2533 0 0 0 0 0 1.0047 0 0.971 -0.3418 0.3808 0.4383 1 1.4363 0.8598 -0.3615 0.6151 0.7721 0.88 2.4866 0.927 -0.3676 0.4407 0.5113 0.815 1.3448 -0.0405 0.0405 -0.1621 0.8379 1 0.4519 -0.169 0.169 -0.1585 0.8415 1 0.7382 -0.1557 0.1557 -0.1557 0.8443 1 0.6768 0 0
38 186 1689 0 0 0 0 0 1.0038 0 0.9703 -0.0874 0.3415 0.4121 1 1.5367 0.8717 -0.1237 0.4906 0.6774 0.94 2.3738 0.9322 -0.1474 0.3448 0.3907 1 1.3717 0.0344 0.0344 0.1377 1.1377 1 0.472 -0.1942 0.1942 -0.1821 0.8179 1 0.7463 -0.2143 0.2143 -0.2143 0.7857 1 0.6537 0 0
38 187 2134 0 0 0 0 0 1.0129 0 0.9334 -0.3245 0.4508 0.6039 0.8333 1.5407 0.8729 -0.1573 0.5283 0.6816 0.93 2.3262 0.9675 -0.2727 0.3356 0.4253 0.82 1.3493 0.0119 0.0119 0.0477 1.0477 1 0.5397 -0.2877 0.2877 -0.2697 0.7303 1 0.6606 -0.2929 0.2929 -0.2929 0.7071 1 0.5983 0 0
38 188 2648 0 0 0 0 0 1.0033 0 0.9505 -0.0555 0.3104 0.4266 0.9167 1.47 0.8817 -0.0646 0.501 0.691 0.925 2.4789 0.9575 -0.0992 0.2961 0.3574 1 1.5387 0.0937 0.0937 0.3746 1.3746 1 0.5162 -0.1813 0.1813 -0.1699 0.8301 1 0.8115 -0.2409 0.2409 -0.2409 0.7591 1 0.6778 0 0
38 189 2432 0 0 0 0 0 1.0067 0 0.9286 0.2767 0.3623 0.4251 0.9167 1.4006 0.8559 0.3352 0.5751 0.7711 0.885 2.2518 0.9736 0.2957 0.3149 0.3871 0.85 1.301 0.0041 0.0041 0.0165 1.0165 1 0.5273 -0.3846 0.3846 -0.3605 0.6395 0 0.6288 -0.377 0.377 -0.377 0.623 0 0.5442 0 0
38 190 2444 0 0 0 0 0 1.0029 0 0.9792 -0.4267 0.4267 0.509 0.9167 1.4107 0.8392 -0.3554 0.6254 0.809 0.875 2.3454 0.9787 -0.4301 0.4477 0.486 0.84 1.4294 0.0919 0.0919 0.3677 1.3677 1 0.4948 -0.1893 0.1893 -0.1775 0.8225 1 0.7793 -0.2465 0.2465 -0.2465 0.7535 1 0.5964 0 0
38 191 2141 0 0 0 0 0 1.0023 0 0.9474 -0.9506 0.9506 1.0338 0.25 1.5103 0.8618 -0.8177 0.923 1.0987 0.62 2.4501 0.9535 -0.844 0.844 0.8917 0.395 1.6603 0.2362 0.2362 0.9448 1.9448 1 0.4457 -0.1057 0.1057 -0.0991 0.9009 1 0.9539 -0.2888 0.2888 -0.2888 0.7112 1 0.6519 0 0
38 192 2049 0 0 0 0 0 1.0025 0 0.9584 0.424 0.4581 0.521 0.8333 1.4219 0.8351 0.3482 0.5991 0.7536 0.85 2.2602 0.9384 0.3234 0.4073 0.5192 0.695 1.2807 0.0028 0.0028 0.011 1.011 1 0.452 -0.3455 0.3455 -0.3239 0.6761 1 0.6303 -0.337 0.337 -0.337 0.663 0 0.5557 0 0
38 193 1837 0 0 0 0 0 1.005 0 0.9408 0.2683 0.3259 0.4283 0.9167 1.4465 0.8397 0.2889 0.6156 0.8308 0.92 2.7482 0.9241 0.4556 0.4858 0.587 0.61 1.3372 -0.1811 0.1811 -0.7243 0.2757 1 0.5857 0.0026 0.0026 0.0024 1.0024 1 0.885 0.0386 0.0386 0.0386 1.0386 1 0.86 0 0
38 194 2057 0 0 0 0 0 1.0029 0 0.9718 -0.0253 0.1925 0.244 1 1.4044 0.8476 -0.0997 0.5624 0.7648 0.99 2.7576 0.9762 -0.2665 0.298 0.3391 1 1.4999 -0.017 0.017 -0.0681 0.9319 1 0.4355 0.1545 0.1545 0.1448 1.1448 1 0.9567 0.1366 0.1366 0.1366 1.1366 1 0.847 0 0
38 195 1971 0 0 0 0 0 1.0069 0 0.9524 -0.3932 0.406 0.4854 0.8333 1.3766 0.8631 -0.4074 0.64 0.8199 0.885 2.5526 0.9741 -0.4386 0.4386 0.4878 0.705 1.2805 -0.2539 0.2539 -1.0157 -0.0157 0 0.4676 -0.0561 0.0561 -0.0526 0.9474 1 0.8075 -0.004 0.004 -0.004 0.996 1 0.7994 0 0
38 196 2062 0 0 0 0 0 1.0017 0 0.9236 -0.121 0.2853 0.3505 1 1.3834 0.843 -0.1279 0.5218 0.7028 0.96 2.5622 0.9526 -0.0317 0.323 0.3702 1 1.4817 0.0892 0.0892 0.3568 1.3568 1 0.4369 0.0882 0.0882 0.0827 1.0827 1 0.9588 8e-04 8e-04 8e-04 1.0008 1 0.7619 0 0
38 197 2195 0 0 0 0 0 1.0111 0 0.9575 -0.1462 0.2772 0.3226 1 1.3897 0.889 -0.1567 0.4987 0.6414 0.97 2.461 0.9812 -0.1749 0.2279 0.2525 1 1.3914 0.0019 0.0019 0.0077 1.0077 1 0.5009 -0.1198 0.1198 -0.1123 0.8877 1 0.7886 -0.1318 0.1318 -0.1318 0.8682 1 0.6923 0 0
38 198 2798 0 0 0 0 0 1.0046 0 0.954 -0.1379 0.2453 0.3397 0.9167 1.4066 0.88 -0.1483 0.5382 0.6784 0.99 2.655 0.9434 -0.2527 0.2942 0.403 0.9 1.5804 0.0735 0.0735 0.2942 1.2942 1 0.4095 0.239 0.239 0.2241 1.2241 1 1.0101 0.1498 0.1498 0.1498 1.1498 1 0.8757 0 0
38 199 1689 0 0 0 0 0 1.004 0 0.9617 -0.3134 0.4866 0.646 0.75 1.5354 0.8497 -0.1624 0.6553 0.8402 0.835 2.3609 0.986 -0.1158 0.2093 0.2499 1 1.3001 -0.0287 0.0287 -0.115 0.885 1 0.6721 -0.3725 0.3725 -0.3492 0.6508 0 0.6287 -0.3641 0.3641 -0.3641 0.6359 0 0.5588 0 0
38 200 1468 0 0 0 0 0 1.0054 0 0.9745 0.0168 0.2081 0.2511 1 1.3976 0.8564 3e-04 0.5085 0.7068 0.955 2.5348 0.9398 -0.029 0.3216 0.375 0.965 1.2795 -0.1179 0.1179 -0.4717 0.5283 1 0.512 -0.1701 0.1701 -0.1595 0.8405 1 0.7232 -0.1359 0.1359 -0.1359 0.8641 1 0.6879 0 0
