cond r run.time ndiv nbfmi ntree nbulk ntail maxRhat nRhat beta.cor beta.bias beta.abbias beta.rbias beta.rbias2 beta.rmse beta.cover theta.cor theta.bias theta.abbias theta.rbias theta.rbias2 theta.rmse theta.cover attra.cor attra.bias attra.abbias attra.rbias attra.rbias2 attra.rmse attra.cover lambda.bias lambda.abbias lambda.rbias lambda.rbias2 lambda.cover pvar.bias pvar.abbias pvar.rbias pvar.rbias2 pvar.cover sigma2.bias sigma2.abbias sigma2.rbias sigma2.rbias2 sigma2.cover corrupt efficiency
3 1 1238 0 0 0 0 0 1.0083 0 0.9639 -0.53 0.5461 2.0899 3.0899 0.608 0.7917 0.929 -0.523 0.61 -0.358 0.642 0.72 0.875 0.7485 -0.8055 0.8152 -0.5111 0.4889 0.9041 0.52 -0.0666 0.0666 -0.1331 0.8669 1 0.1635 0.1635 0.1226 1.1226 1 0.1906 0.1906 0.1906 1.1906 1 0 0
3 2 1202 0 0 0 0 0 1.0098 0 0.9088 -0.1374 0.5113 -0.1528 0.8472 0.5895 0.875 0.916 -0.3493 0.4981 0.2217 1.2217 0.625 0.96 0.7948 -0.3321 0.4448 -0.1309 0.8691 0.517 0.88 -0.0596 0.0596 -0.1192 0.8808 1 -0.3792 0.3792 -0.2844 0.7156 1 -0.2454 0.2454 -0.2454 0.7546 1 0 0
3 3 1436 0 0 0 0 0 1.0076 0 0.9161 0.2877 0.3762 -0.1066 0.8934 0.4636 0.8333 0.944 0.3051 0.455 0.9552 1.9552 0.5657 0.905 0.9691 0.4401 0.4401 1.4504 2.4504 0.5052 0.925 -0.081 0.081 -0.162 0.838 1 -0.2176 0.2176 -0.1632 0.8368 1 -0.0952 0.0952 -0.0952 0.9048 1 0 0
3 4 1228 0 0 0 0 0 1.0182 0 0.965 -0.1111 0.2203 -0.347 0.653 0.2633 1 0.96 -0.1068 0.426 -0.3115 0.6885 0.5417 0.945 0.9748 -0.4109 0.4607 -0.2825 0.7175 0.5588 0.785 -0.0387 0.0387 -0.0774 0.9226 1 -0.329 0.329 -0.2468 0.7532 1 -0.2246 0.2246 -0.2246 0.7754 1 0 0
3 5 1117 0 0 0 0 0 1.0097 0 0.9729 0.5536 0.5536 4.7276 5.7276 0.6156 0.625 0.9618 0.4512 0.5852 -0.0487 0.9513 0.6943 0.875 0.9768 0.4766 0.5792 0.8079 1.8079 0.659 0.715 -0.0921 0.0921 -0.1842 0.8158 1 -0.1398 0.1398 -0.1048 0.8952 1 -0.0224 0.0224 -0.0224 0.9776 1 0 0
3 6 988 1 0 0 0 0 1.0075 0 0.8998 -0.655 0.655 -3.2594 -2.2594 0.7277 0.5 0.8847 -0.6694 0.7075 -0.2069 0.7931 0.8406 0.745 0.9081 -0.6545 0.6553 -0.3836 0.6164 0.6964 0.54 -0.1768 0.1768 -0.3537 0.6463 0 -0.228 0.228 -0.171 0.829 1 -0.0223 0.0223 -0.0223 0.9777 1 1 0
3 7 1663 2 0 0 0 0 1.0052 0 0.9549 -0.5104 0.5104 -0.2133 0.7867 0.6512 0.9167 0.9017 -0.1776 0.5453 -0.6763 0.3237 0.6928 0.905 0.9064 -0.1876 0.2829 -0.0887 0.9113 0.4186 1 0.1333 0.1333 0.2667 1.2667 1 -0.3797 0.3797 -0.2848 0.7152 1 -0.4509 0.4509 -0.4509 0.5491 0 1 0
3 8 1397 0 0 0 0 0 1.0085 0 0.9491 -0.4967 0.5439 -0.8186 0.1814 0.6028 0.625 0.9681 -0.4547 0.594 -1.2084 -0.2084 0.7225 0.835 0.9911 -0.335 0.3365 -0.1743 0.8257 0.3986 1 0.0425 0.0425 0.085 1.085 1 -0.2961 0.2961 -0.2221 0.7779 1 -0.2885 0.2885 -0.2885 0.7115 1 0 0
3 9 1721 0 0 0 0 0 1.0061 0 0.95 -0.7327 0.7327 0.2623 1.2623 0.8542 0.625 0.9249 -0.6136 0.7281 0.319 1.319 0.833 0.72 0.9497 -0.6733 0.6763 3.0167 4.0167 0.734 0.735 0.0393 0.0393 0.0785 1.0785 1 -0.1244 0.1244 -0.0933 0.9067 1 -0.1634 0.1634 -0.1634 0.8366 1 0 0
3 10 1131 0 0 0 0 3 1.0096 0 0.9657 -0.4381 0.4882 -0.439 0.561 0.5696 0.7083 0.9322 -0.3899 0.5333 -0.0849 0.9151 0.6491 0.855 0.9787 -0.3989 0.4002 0.1511 1.1511 0.447 0.965 -0.0732 0.0732 -0.1464 0.8536 1 -0.2967 0.2967 -0.2225 0.7775 1 -0.1684 0.1684 -0.1684 0.8316 1 0 1
3 11 1198 0 0 0 0 0 1.0086 0 0.9598 -0.3614 0.4538 -15.2872 -14.2872 0.5254 0.7917 0.9601 -0.3185 0.5259 -0.2609 0.7391 0.6638 0.905 0.9527 -0.2694 0.4693 0.6416 1.6416 0.5725 0.75 -0.2134 0.2134 -0.4268 0.5732 0 -0.4115 0.4115 -0.3086 0.6914 0 -0.1643 0.1643 -0.1643 0.8357 1 0 0
3 12 1561 0 0 0 0 0 1.013 0 0.9819 -0.2073 0.2369 -11.8006 -10.8006 0.2706 1 0.955 -0.1874 0.3645 1.3628 2.3628 0.464 0.975 0.9523 -0.0357 0.1831 0.3079 1.3079 0.2591 1 0.0254 0.0254 0.0509 1.0509 1 0.067 0.067 0.0503 1.0503 1 -0.0068 0.0068 -0.0068 0.9932 1 0 0
3 13 1463 0 0 0 0 9 1.0092 0 0.9819 0.1404 0.2179 -0.2425 0.7575 0.2728 1 0.9396 0.1376 0.3495 -0.2965 0.7035 0.4587 0.955 0.8428 -0.1983 0.2957 -0.6203 0.3797 0.3913 1 -0.032 0.032 -0.064 0.936 1 -0.0074 0.0074 -0.0056 0.9944 1 0.0145 0.0145 0.0145 1.0145 1 0 1
3 14 1380 2 0 0 0 0 1.0214 0 0.8464 0.7693 0.8003 -0.4612 0.5388 1.2121 0.7917 0.8976 0.3363 0.6061 -0.817 0.183 0.7294 0.895 0.8201 0.4053 0.4441 0.1933 1.1933 0.6093 0.875 -0.0607 0.0607 -0.1214 0.8786 1 0.0632 0.0632 0.0474 1.0474 1 0.1025 0.1025 0.1025 1.1025 1 1 0
3 15 1612 0 0 0 0 0 1.0093 0 0.9502 -0.1446 0.3312 1.2659 2.2659 0.3795 0.9167 0.9568 -0.1123 0.3603 0.0897 1.0897 0.4535 0.965 0.8538 -0.1415 0.3625 -0.0487 0.9513 0.4709 0.88 -0.0144 0.0144 -0.0289 0.9711 1 0.0059 0.0059 0.0044 1.0044 1 0.002 0.002 0.002 1.002 1 0 0
3 16 1266 0 0 0 0 0 1.0102 0 0.9653 1.2423 1.2923 -0.802 0.198 1.3564 0.1667 0.9388 1.3575 1.3596 0.1116 1.1116 1.4485 0.205 0.929 1.337 1.3437 -0.7464 0.2536 1.387 0.08 -0.0856 0.0856 -0.1712 0.8288 1 -0.4583 0.4583 -0.3437 0.6563 0 -0.2866 0.2866 -0.2866 0.7134 0 0 0
3 17 1411 0 0 0 0 0 1.0083 0 0.9348 -0.2934 0.366 0.1183 1.1183 0.4618 0.7917 0.9193 -0.229 0.4292 -0.0192 0.9808 0.5442 0.92 0.9055 -0.2142 0.2526 0.0419 1.0419 0.3386 1 -0.0368 0.0368 -0.0735 0.9265 1 0.1603 0.1603 0.1202 1.1202 1 0.1542 0.1542 0.1542 1.1542 1 0 0
3 18 1385 0 0 0 0 0 1.0052 0 0.9356 0.5071 0.6808 -0.3547 0.6453 0.7464 0.4583 0.9101 0.6365 0.6642 -0.4103 0.5897 0.7885 0.755 0.1342 0.6227 0.6227 -0.4585 0.5415 0.7026 0.565 -0.0767 0.0767 -0.1533 0.8467 1 -0.3456 0.3456 -0.2592 0.7408 1 -0.2039 0.2039 -0.2039 0.7961 1 0 0
3 19 1113 0 0 0 0 0 1.0024 0 0.9764 -0.1944 0.257 -0.0813 0.9187 0.3457 0.9583 0.9607 -0.2035 0.4139 0.1141 1.1141 0.5045 0.935 0.9607 -0.0444 0.2011 -0.2839 0.7161 0.3365 0.97 -0.2189 0.2189 -0.4378 0.5622 0 -0.3383 0.3383 -0.2537 0.7463 1 -0.0943 0.0943 -0.0943 0.9057 1 0 0
3 20 1639 0 0 0 0 0 1.0111 0 0.962 -0.3804 0.5884 -2.3276 -1.3276 0.8329 0.875 0.9323 -0.0518 0.5 0.3775 1.3775 0.6402 0.855 0.9491 -0.0749 0.1855 -0.4242 0.5758 0.2435 1 0.0587 0.0587 0.1174 1.1174 1 -0.2312 0.2312 -0.1734 0.8266 1 -0.2633 0.2633 -0.2633 0.7367 1 0 0
3 21 1191 0 0 0 0 0 1.0053 0 0.9409 -0.3123 0.4441 -1.3215 -0.3215 0.524 0.8333 0.9179 -0.4472 0.5358 1.1844 2.1844 0.6805 0.895 0.9402 -0.4546 0.529 -0.696 0.304 0.6026 0.81 -0.1303 0.1303 -0.2606 0.7394 1 -0.0962 0.0962 -0.0721 0.9279 1 0.0535 0.0535 0.0535 1.0535 1 0 0
3 22 1698 1 0 0 0 0 1.0077 0 0.9612 -0.6003 0.6003 -4.1379 -3.1379 0.6468 0.5417 0.9663 -0.6515 0.6862 0.3451 1.3451 0.8199 0.83 0.984 -0.7874 0.8285 -0.4775 0.5225 0.8893 0.685 0.0043 0.0043 0.0086 1.0086 1 0.3172 0.3172 0.2379 1.2379 1 0.204 0.204 0.204 1.204 1 1 0
3 23 1571 0 0 0 0 0 1.006 0 0.939 -0.8691 0.8691 -1.3668 -0.3668 0.9531 0.25 0.937 -0.7997 0.8627 -0.5102 0.4898 0.9709 0.585 0.9629 -0.8035 0.8035 0.8719 1.8719 0.8721 0.56 0.0094 0.0094 0.0187 1.0187 1 -0.1338 0.1338 -0.1004 0.8996 1 -0.1299 0.1299 -0.1299 0.8701 1 0 0
3 24 1538 0 0 0 0 0 1.0049 0 0.9545 0.1892 0.2622 -0.3459 0.6541 0.365 0.9167 0.9513 0.1063 0.3422 -0.3349 0.6651 0.4428 0.96 0.9419 0.0142 0.2645 -0.496 0.504 0.2971 1 -0.0104 0.0104 -0.0207 0.9793 1 -0.1998 0.1998 -0.1499 0.8501 1 -0.1564 0.1564 -0.1564 0.8436 1 0 0
