cond r run.time ndiv nbfmi ntree nbulk ntail maxRhat nRhat beta.cor beta.bias beta.abbias beta.rbias beta.rbias2 beta.rmse beta.cover theta.cor theta.bias theta.abbias theta.rbias theta.rbias2 theta.rmse theta.cover attra.cor attra.bias attra.abbias attra.rbias attra.rbias2 attra.rmse attra.cover lambda.bias lambda.abbias lambda.rbias lambda.rbias2 lambda.cover pvar.bias pvar.abbias pvar.rbias pvar.rbias2 pvar.cover sigma2.bias sigma2.abbias sigma2.rbias sigma2.rbias2 sigma2.cover corrupt efficiency
1 1 2136 0 0 0 0 0 1.0015 0 0.9663 -0.1557 0.2503 -0.2149 0.7851 0.3122 0.9583 0.9478 -0.0886 0.4002 -0.5238 0.4762 0.5168 0.95 0.9953 -0.0845 0.1109 -0.0137 0.9863 0.1419 1 -0.0132 0.0132 -0.0527 0.9473 1 -0.0925 0.0925 -0.0868 0.9132 1 -0.0915 0.0915 -0.0915 0.9085 1 0 0
1 2 2125 0 0 0 0 0 1.0013 0 0.8811 -0.0526 0.3067 -0.5949 0.4051 0.4279 0.7917 0.9205 -0.064 0.3231 -0.6421 0.3579 0.4165 0.965 0.8801 0.0023 0.1994 0.1969 1.1969 0.249 1 0.0238 0.0238 0.0952 1.0952 1 -0.1048 0.1048 -0.0983 0.9017 1 -0.1203 0.1203 -0.1203 0.8797 1 0 0
1 3 1994 0 0 0 0 0 1.0014 0 0.8881 0.5603 0.5603 -0.7652 0.2348 0.653 0.625 0.9407 0.4577 0.622 0.1671 1.1671 0.7375 0.865 0.9869 0.3912 0.4006 0.1752 1.1752 0.4417 0.96 -0.0195 0.0195 -0.078 0.922 1 -0.0018 0.0018 -0.0017 0.9983 1 -0.0058 0.0058 -0.0058 0.9942 1 0 0
1 4 1696 0 0 0 0 0 1.0028 0 0.978 -0.1508 0.2544 -0.0827 0.9173 0.351 0.9583 0.9262 -0.1213 0.3713 0.7665 1.7665 0.4594 0.96 0.8416 -0.195 0.242 1.6478 2.6478 0.2533 1 -0.1306 0.1306 -0.5225 0.4775 1 -0.0908 0.0908 -0.0851 0.9149 1 -0.0461 0.0461 -0.0461 0.9539 1 0 0
1 5 1742 0 0 0 0 0 1.002 0 0.9146 -0.126 0.3349 0.4677 1.4677 0.4839 0.875 0.8822 0.0251 0.4457 -0.4418 0.5582 0.5826 0.945 0.7098 0.1637 0.3605 0.0545 1.0545 0.4332 0.965 0.0551 0.0551 0.2205 1.2205 1 0.1465 0.1465 0.1373 1.1373 1 0.087 0.087 0.087 1.087 1 0 0
1 6 1952 0 0 0 0 0 1.0011 0 0.9555 -0.3729 0.4074 -0.1627 0.8373 0.4879 0.9167 0.9252 -0.3369 0.4662 -13.8941 -12.8941 0.5964 0.93 0.9593 -0.3383 0.3596 1.1955 2.1955 0.4175 1 -0.002 0.002 -0.0079 0.9921 1 0.1636 0.1636 0.1534 1.1534 1 0.1402 0.1402 0.1402 1.1402 1 0 0
1 7 2097 0 0 0 0 0 1.0012 0 0.9647 -0.2532 0.317 0.1127 1.1127 0.3675 0.8333 0.9197 -0.3145 0.4603 -0.1508 0.8492 0.5616 0.915 0.9266 -0.271 0.3227 -0.0145 0.9855 0.3974 0.885 -0.086 0.086 -0.344 0.656 1 -0.1902 0.1902 -0.1783 0.8217 1 -0.1564 0.1564 -0.1564 0.8436 1 0 0
1 8 2070 0 0 0 0 0 1.0018 0 0.9491 -0.1596 0.2912 -0.447 0.553 0.4467 0.9583 0.9403 -0.1352 0.3815 -0.1495 0.8505 0.4762 0.955 0.89 -0.1523 0.3831 -5.1705 -4.1705 0.4323 0.78 -0.1356 0.1356 -0.5425 0.4575 1 -0.1596 0.1596 -0.1496 0.8504 1 -0.1143 0.1143 -0.1143 0.8857 1 0 0
1 9 2033 0 0 0 0 0 1.0009 0 0.9621 -0.3579 0.3957 0.0246 1.0246 0.4791 0.875 0.9382 -0.3132 0.4023 0.0013 1.0013 0.4956 0.94 0.9599 -0.4794 0.4794 -1.2786 -0.2786 0.5088 0.755 -0.0864 0.0864 -0.3454 0.6546 1 -0.1741 0.1741 -0.1633 0.8367 1 -0.1404 0.1404 -0.1404 0.8596 1 0 0
1 10 2178 0 0 0 0 0 1.0012 0 0.9693 -0.6238 0.6267 -0.7927 0.2073 0.7137 0.5417 0.9274 -0.5872 0.6164 -0.8433 0.1567 0.7361 0.775 0.8465 -0.5684 0.5684 -0.8159 0.1841 0.6354 0.625 -0.0629 0.0629 -0.2515 0.7485 1 -0.12 0.12 -0.1125 0.8875 1 -0.0955 0.0955 -0.0955 0.9045 1 0 0
1 11 2068 0 0 0 0 0 1.0026 0 0.9721 -0.2044 0.2569 -0.2726 0.7274 0.3366 0.875 0.9384 -0.1346 0.377 -0.3279 0.6721 0.4554 0.955 0.9748 -0.0843 0.1488 -0.282 0.718 0.2037 1 -0.1221 0.1221 -0.4885 0.5115 1 -0.0034 0.0034 -0.0032 0.9968 1 0.0361 0.0361 0.0361 1.0361 1 0 0
1 12 2248 0 0 0 0 0 1.0053 0 0.9703 0.0632 0.2157 -0.2571 0.7429 0.2661 1 0.9455 0.0805 0.3368 1.3377 2.3377 0.4168 0.99 0.8715 0.0479 0.2425 3.5412 4.5412 0.3261 0.985 0.0845 0.0845 0.3378 1.3378 1 0.1428 0.1428 0.1339 1.1339 1 0.06 0.06 0.06 1.06 1 0 0
1 13 1674 0 0 0 0 0 1.002 0 0.9682 -0.1177 0.2317 -0.1933 0.8067 0.2877 0.9583 0.9229 -0.2178 0.4226 -0.5155 0.4845 0.5509 0.91 0.9822 -0.2542 0.2764 -0.1907 0.8093 0.3121 1 -0.0923 0.0923 -0.3692 0.6308 1 -0.1942 0.1942 -0.1821 0.8179 1 -0.1574 0.1574 -0.1574 0.8426 1 0 0
1 14 2547 0 0 0 0 0 1.0029 0 0.979 0.2279 0.2873 -0.2949 0.7051 0.3325 1 0.9515 0.2439 0.4095 -0.0985 0.9015 0.5247 0.94 0.9829 0.4046 0.4162 -0.2773 0.7227 0.445 1 0.1543 0.1543 0.6171 1.6171 1 0.1864 0.1864 0.1748 1.1748 1 0.0328 0.0328 0.0328 1.0328 1 0 0
1 15 1847 0 0 0 0 0 1.0009 0 0.9326 -0.1952 0.3604 6.1568 7.1568 0.5585 0.8333 0.9225 0.0274 0.462 -0.0479 0.9521 0.5803 0.96 0.9629 0.0147 0.2207 0.0745 1.0745 0.2821 1 0.0184 0.0184 0.0737 1.0737 1 -0.0279 0.0279 -0.0261 0.9739 1 -0.048 0.048 -0.048 0.952 1 0 0
1 16 1992 0 0 0 0 0 1.0029 0 0.9651 -0.2063 0.2991 -0.4578 0.5422 0.3537 0.9583 0.9603 -0.2221 0.4009 1.6073 2.6073 0.4999 0.96 0.9946 -0.2786 0.2786 -0.0434 0.9566 0.3069 1 -0.1176 0.1176 -0.4706 0.5294 1 -0.3127 0.3127 -0.2931 0.7069 0 -0.268 0.268 -0.268 0.732 1 0 0
1 17 2285 0 0 0 0 0 1.002 0 0.963 -0.5625 0.5716 -5.4176 -4.4176 0.6918 0.7083 0.9202 -0.5276 0.5895 -22.4773 -21.4773 0.7037 0.795 0.8615 -0.6008 0.6596 -2.6569 -1.6569 0.7157 0.46 0.137 0.137 0.5482 1.5482 1 -0.063 0.063 -0.059 0.941 1 -0.1601 0.1601 -0.1601 0.8399 1 0 0
1 18 1796 0 0 0 0 0 1.0031 0 0.9769 0.0992 0.2285 -0.3063 0.6937 0.2589 1 0.9213 0.1467 0.3655 -0.417 0.583 0.47 0.94 0.8531 0.1337 0.2328 -0.1875 0.8125 0.3023 0.905 -0.15 0.15 -0.6001 0.3999 1 -0.0081 0.0081 -0.0076 0.9924 1 0.0381 0.0381 0.0381 1.0381 1 0 0
1 19 2111 0 0 0 0 0 1.0012 0 0.9525 0.0509 0.2704 -0.2689 0.7311 0.3406 0.9167 0.9307 0.0684 0.3698 -0.7034 0.2966 0.4571 0.945 0.9154 0.0644 0.2571 -0.3613 0.6387 0.3301 0.97 0.0268 0.0268 0.1073 1.1073 1 -0.1764 0.1764 -0.1654 0.8346 1 -0.1873 0.1873 -0.1873 0.8127 1 0 0
1 20 2534 0 0 0 0 0 1.0022 0 0.9017 -0.4326 0.5936 -0.0546 0.9454 0.7008 0.7917 0.9351 -0.1831 0.5463 0.432 1.432 0.7067 0.925 0.966 -0.1283 0.2953 -0.0352 0.9648 0.4144 0.945 -0.0943 0.0943 -0.377 0.623 1 -0.084 0.084 -0.0788 0.9212 1 -0.0575 0.0575 -0.0575 0.9425 1 0 0
1 21 2169 0 0 0 0 0 1.0019 0 0.9421 0.5468 0.5468 -1.2417 -0.2417 0.6086 0.5833 0.9461 0.5473 0.5969 -0.0134 0.9866 0.6992 0.825 0.9627 0.5284 0.5356 -0.2981 0.7019 0.5993 0.61 -0.0518 0.0518 -0.2074 0.7926 1 -0.0819 0.0819 -0.0768 0.9232 1 -0.0637 0.0637 -0.0637 0.9363 1 0 0
1 22 1890 0 0 0 0 0 1.0031 0 0.9596 0.5878 0.5878 -0.6906 0.3094 0.6414 0.4583 0.9265 0.5768 0.6028 -0.1005 0.8995 0.7134 0.78 0.8513 0.4976 0.5046 -0.4223 0.5777 0.5631 0.605 -0.0624 0.0624 -0.2495 0.7505 1 -0.0951 0.0951 -0.0891 0.9109 1 -0.0716 0.0716 -0.0716 0.9284 1 0 0
1 23 2126 0 0 0 0 0 1.0015 0 0.9663 -0.7447 0.7447 0.1459 1.1459 0.7959 0.4583 0.922 -0.7469 0.7635 -0.8261 0.1739 0.8759 0.595 0.9016 -0.7616 0.762 -0.568 0.432 0.8016 0.145 0.0145 0.0145 0.0579 1.0579 1 -0.0737 0.0737 -0.0691 0.9309 1 -0.0871 0.0871 -0.0871 0.9129 1 0 0
1 24 2414 0 0 0 0 0 1.0018 0 0.9732 0.8279 0.8505 0.1339 1.1339 0.8854 0.2083 0.9179 0.8456 0.8647 -1.8051 -0.8051 0.9792 0.585 0.9269 0.8129 0.8129 -0.6948 0.3052 0.8359 0.225 0.0423 0.0423 0.1691 1.1691 1 0.0378 0.0378 0.0354 1.0354 1 -0.0015 0.0015 -0.0015 0.9985 1 0 0
