cond r run.time ndiv nbfmi ntree nbulk ntail maxRhat nRhat alpha.cor alpha.bias alpha.abbias alpha.rmse alpha.CI beta.cor beta.bias beta.abbias beta.rmse beta.CI theta.cor theta.bias theta.abbias theta.rmse theta.CI lambda.bias lambda.abbias lambda.CI corrupt efficiency
63 1 1438 0 0 0 0 0 1.0002 0 0.9568 -0.0088 0.0619 0.0816 1.2117 0.9913 0.1157 0.1996 0.2549 2.2643 0.7155 0.0625 0.5748 0.753 4.0564 -0.115 0.115 0.4021 0 0
63 2 1527 0 0 0 0 0 1.0006 0 0.8952 0.1038 0.1329 0.2357 1.3154 0.9933 0.0109 0.1136 0.1555 3.1086 0.7193 0.055 0.5506 0.7012 4.0463 -0.1266 0.1266 0.3995 0 0
63 3 1526 0 0 0 0 0 1.0006 0 0.4223 -0.03 0.1896 0.2277 0.8444 0.9752 0.1584 0.2286 0.3389 2.4433 0.74 0.0896 0.5534 0.7043 4.1301 0.0978 0.0978 0.3962 0 0
63 4 1412 0 0 0 0 0 1.0004 0 0.9717 -0.0786 0.1262 0.1543 1.1652 0.9874 0.1824 0.2455 0.3607 5.7204 0.6338 -0.0212 0.6178 0.7931 4.1867 -0.2209 0.2209 0.6176 0 0
63 5 1434 0 0 0 0 0 1.0005 0 0.8931 0.0296 0.1546 0.1649 1.176 0.9674 0.2772 0.37 0.4268 3.4536 0.6645 0.1317 0.621 0.7957 4.1241 -0.0453 0.0453 0.4696 0 0
63 6 1579 0 0 0 0 0 1.0013 0 0.8088 0.2369 0.2483 0.3382 1.3072 0.9925 -0.0886 0.167 0.2233 1.4073 0.7928 -0.05 0.5199 0.6536 4.0304 -0.2063 0.2063 0.3527 0 0
63 7 1579 0 0 0 0 0 1.0008 0 0.7681 -0.0956 0.1519 0.2075 1.0936 0.986 -0.2502 0.3964 0.6681 7.3387 0.699 -0.0103 0.5487 0.7159 4.1644 0.0157 0.0157 0.4208 0 0
63 8 1484 0 0 0 0 0 1.0014 0 0.8974 -0.0351 0.1655 0.1846 1.0412 0.9745 0.058 0.2364 0.3236 4.2387 0.7448 -0.0227 0.5779 0.747 4.131 0.0492 0.0492 0.3839 0 0
63 9 1504 0 0 0 0 0 1.0003 0 0.7307 -0.1606 0.2088 0.2928 0.923 0.9758 -0.054 0.2903 0.4092 4.9153 0.6602 0.0053 0.5807 0.7304 4.107 -0.0063 0.0063 0.4453 0 0
63 10 1541 0 0 0 0 0 1.0011 0 0.1084 -0.0778 0.1445 0.2176 0.822 0.9877 0.0417 0.1942 0.2574 2.9705 0.7282 -0.001 0.5162 0.6661 4.1431 -0.0119 0.0119 0.3839 0 0
63 11 1491 0 0 0 0 0 1.0002 0 0.7664 0.2394 0.2703 0.3039 1.0616 0.9779 -0.2102 0.2567 0.4198 1.547 0.6741 -0.0155 0.6536 0.8191 4.1086 -0.2163 0.2163 0.4741 0 0
63 12 1519 0 0 0 0 0 1.0005 0 0.3511 -0.0016 0.1306 0.1699 0.9132 0.9721 0.0536 0.2223 0.3854 5.3331 0.6916 0.0097 0.5825 0.724 4.0814 -0.0224 0.0224 0.4355 0 0
63 13 1568 0 0 0 0 0 1.0006 0 0.0161 -0.0236 0.1917 0.2789 0.8779 0.9684 -0.0682 0.2266 0.388 3.6979 0.7009 0.1127 0.599 0.7512 4.0771 -0.0406 0.0406 0.4441 0 0
63 14 1480 0 0 0 0 0 1.0018 0 0.9381 -0.0725 0.0999 0.1498 1.0911 0.9935 0.0034 0.2127 0.288 4.4775 0.6739 -0.0908 0.578 0.7536 4.1737 0.0241 0.0241 0.4521 0 0
63 15 1598 0 0 0 0 0 1.0009 0 0.841 0.0713 0.1983 0.226 1.0847 0.979 -0.0795 0.2188 0.2543 2.872 0.7298 -0.0974 0.5574 0.7234 4.0946 -0.1043 0.1043 0.3837 0 0
63 16 1507 0 0 0 0 0 1.0002 0 0.9497 0.0974 0.0974 0.1237 0.9939 0.9828 -0.095 0.1863 0.2255 1.4554 0.7265 -0.029 0.5675 0.7427 4.2535 -0.0703 0.0703 0.4449 0 0
63 17 1508 0 0 0 0 0 1.001 0 0.8539 -0.1144 0.1379 0.1547 0.8489 0.988 -0.1456 0.3556 0.4875 4.8398 0.7138 -0.0579 0.5572 0.7136 4.4678 0.1855 0.1855 0.4615 0 0
63 18 1454 0 0 0 0 0 1.0008 0 0.5476 -0.1249 0.1998 0.2676 0.9251 0.9636 0.2624 0.4153 0.6332 4.8135 0.6097 0.0574 0.6029 0.7885 4.1899 0.0377 0.0377 0.4596 0 0
63 19 1433 0 0 0 0 0 1.0007 0 0.3805 -0.0912 0.2705 0.312 1.3994 0.9916 -0.2218 0.275 0.3372 3.7438 0.6683 -0.0276 0.5922 0.7408 4.1046 -0.3048 0.3048 0.4916 0 0
63 20 1572 0 0 0 0 0 1.0004 0 0.8812 -0.0366 0.1001 0.113 0.8649 0.992 -0.1342 0.173 0.2168 2.0908 0.7682 -0.026 0.5306 0.6719 4.0993 -0.0413 0.0413 0.3665 0 0
63 21 1451 0 0 0 0 0 1.0012 0 0.412 -0.0647 0.1888 0.2155 1.1094 0.9904 0.0865 0.2096 0.282 3.154 0.7076 0.0275 0.5443 0.6947 4.1369 -0.035 0.035 0.4427 0 0
63 22 1500 0 0 0 0 0 1.0009 0 0.5374 -0.1051 0.2679 0.325 1.3356 0.96 0.3553 0.4438 0.6318 7.9158 0.6434 0.0751 0.6118 0.7709 4.0535 -0.034 0.034 0.4324 0 0
63 23 1532 0 0 0 0 0 1.0011 0 0.8954 -0.1246 0.1374 0.1589 0.9324 0.9947 0.0045 0.2767 0.3275 4.3448 0.703 0.0338 0.5522 0.6901 4.2314 0.0822 0.0822 0.39 0 0
63 24 1593 0 0 0 0 0 1.0007 0 0.8604 0.1329 0.1329 0.2042 0.9665 0.9835 0.0838 0.1158 0.214 1.1159 0.7923 0.0801 0.4929 0.6418 4.125 0.053 0.053 0.3207 0 0
63 25 1459 0 0 0 0 0 1.0002 0 0.4041 -0.0927 0.2252 0.2563 1.0571 0.9658 -0.0644 0.3422 0.4612 4.0827 0.6823 0.0052 0.5499 0.7319 4.097 -0.035 0.035 0.4601 0 0
63 26 1498 0 0 0 0 0 1.0003 0 -0.4834 -0.0881 0.226 0.2637 1.0391 0.9843 -0.3092 0.4334 0.6308 5.6087 0.6518 -0.0562 0.5732 0.7418 4.1302 -0.1807 0.1807 0.4747 0 0
63 27 1494 0 0 0 0 0 1.0004 0 -0.0445 -0.2737 0.3115 0.3728 1.0182 0.9567 -0.435 0.6453 0.954 7.5115 0.6569 0.0327 0.6213 0.7869 4.2604 0.1068 0.1068 0.5149 0 0
63 28 1510 0 0 0 0 0 1.0004 0 0.9268 -0.0596 0.0961 0.1661 0.8206 0.993 0.0272 0.175 0.2115 2.9667 0.6945 -0.0769 0.589 0.7475 4.0848 -0.0376 0.0376 0.4112 0 0
63 29 1476 0 0 0 0 0 1.0004 0 0.86 0.0106 0.1389 0.1681 0.9888 0.9904 0.0566 0.2161 0.2715 3.3208 0.7121 0.1161 0.5872 0.7521 4.2005 0.0599 0.0599 0.4119 0 0
63 30 1415 0 0 0 0 0 1.0003 0 0.9682 -0.1825 0.1825 0.2002 1.058 0.9925 0.0178 0.3718 0.4823 5.5915 0.6535 0.1548 0.5852 0.7423 4.3252 0.044 0.044 0.5334 0 0
63 31 1425 0 0 0 0 0 1.0008 0 0.7746 0.0621 0.2453 0.2612 1.1973 0.9556 0.1534 0.3043 0.4398 3.9651 0.6541 0.0112 0.6043 0.7862 4.1119 -0.0143 0.0143 0.4432 0 0
63 32 1446 0 0 0 0 0 1.0003 0 0.8945 0.0718 0.154 0.1672 0.9876 0.9929 0.0536 0.1626 0.2117 2.4877 0.7283 0.0298 0.5543 0.7357 4.2539 -0.1561 0.1561 0.4647 0 0
63 33 1458 0 0 0 0 0 1.0007 0 0.8388 -0.0313 0.112 0.1465 0.9517 0.9806 0.0534 0.2054 0.2935 3.1694 0.6723 0.1137 0.58 0.7473 4.1355 -0.23 0.23 0.4804 0 0
63 34 1549 0 0 0 0 0 1.0002 0 0.693 -0.0375 0.1467 0.2374 1.0126 0.9779 0.2953 0.324 0.5352 5.9055 0.6829 0.0653 0.6092 0.7752 4.1506 -0.0924 0.0924 0.4587 0 0
63 35 1525 0 0 0 0 0 1.0009 0 0.6924 -0.1146 0.2078 0.2162 0.9906 0.9966 -0.3082 0.3285 0.3988 5.0885 0.7307 -0.1521 0.5212 0.6725 4.1596 0.0635 0.0635 0.3735 0 0
63 36 1497 0 0 0 0 0 1.0004 0 -0.0987 -0.1459 0.164 0.2051 0.8618 0.9922 0.0081 0.2036 0.2871 3.7443 0.7049 0.0703 0.5957 0.7664 4.2229 -0.0476 0.0476 0.4564 0 0
63 37 1467 0 0 0 0 0 1.0007 0 0.8425 0.0329 0.0948 0.1078 0.9507 0.9918 0.0951 0.1368 0.1709 1.9712 0.7087 0.0425 0.5602 0.7238 4.1307 -0.156 0.156 0.4313 0 0
63 38 1482 0 0 0 0 0 1.0005 0 0.3681 -0.2602 0.2727 0.4003 0.9981 0.9588 0.5684 0.6546 1.2545 11.9354 0.6783 0.1277 0.6453 0.8124 4.2738 0.1517 0.1517 0.3653 0 0
63 39 1532 0 0 0 0 0 1.0002 0 0.7848 0.1115 0.139 0.2044 0.9613 0.9931 -0.1363 0.1843 0.2159 2.0682 0.7522 -0.0971 0.549 0.708 4.0249 -0.0691 0.0691 0.361 0 0
63 40 1468 0 0 0 0 0 1.0004 0 0.8835 0.0099 0.1428 0.1762 1.0792 0.9894 -0.058 0.1776 0.2296 4.2798 0.7078 -0.0923 0.5429 0.7261 4.0889 -0.0029 0.0029 0.3742 0 0
63 41 1555 0 0 0 0 0 1.0004 0 0.6268 -0.0399 0.1362 0.1765 1.1233 0.9915 0.049 0.2331 0.2978 4.7094 0.7447 0.0547 0.536 0.6899 4.0785 -0.0269 0.0269 0.3878 0 0
63 42 1394 0 0 0 0 0 1.0003 0 0.1041 -0.0633 0.1996 0.2374 0.9656 0.9566 0.2431 0.3824 0.5032 4.9646 0.6697 0.1266 0.5911 0.7475 4.2942 -0.1384 0.1384 0.5582 0 0
63 43 1631 0 0 0 0 0 1.0003 0 0.8289 -0.0782 0.1128 0.1236 0.8933 0.9745 0.0977 0.3323 0.4568 6.3506 0.636 0.0076 0.5948 0.7697 4.116 -0.1061 0.1061 0.4889 0 0
63 44 1367 0 0 0 0 0 1.0009 0 0.5786 -0.105 0.1061 0.1519 0.9566 0.9902 0.0722 0.3421 0.423 5.5432 0.5894 0.0143 0.6424 0.7917 4.1626 -0.0164 0.0164 0.5146 0 0
63 45 1531 0 0 0 0 0 1.0004 0 0.9416 0.0461 0.0804 0.0983 0.9542 0.9792 0.1151 0.2285 0.2972 2.7927 0.6985 0.0486 0.6194 0.773 4.092 -0.0427 0.0427 0.4402 0 0
63 46 1462 0 0 0 0 0 1.0006 0 0.8624 -0.0681 0.1107 0.132 1.0459 0.9832 0.0457 0.1904 0.2296 3.1463 0.6604 0.0863 0.5609 0.7282 4.2989 -0.0786 0.0786 0.472 0 0
63 47 1577 0 0 0 0 0 1.0006 0 0.9298 -0.0075 0.0533 0.0601 0.9062 0.9933 0.0448 0.1122 0.144 2.7769 0.7429 0.087 0.5451 0.6961 4.1574 -0.1418 0.1418 0.4381 0 0
63 48 1514 0 0 0 0 0 1.0002 0 0.9759 0.0421 0.0732 0.09 1.01 0.9972 -0.1943 0.1943 0.2331 1.5228 0.7246 -0.0384 0.5587 0.719 4.1712 0.0491 0.0491 0.3847 0 0
63 49 1578 0 0 0 0 0 1.0008 0 0.7342 0.0375 0.1038 0.1199 0.8417 0.9936 -0.0292 0.1022 0.1224 1.4768 0.712 -0.0072 0.5508 0.7243 4.0484 -0.0697 0.0697 0.365 0 0
63 50 1459 0 0 0 0 0 1.0005 0 0.715 -0.035 0.1923 0.2432 1.0254 0.9729 -0.0505 0.2106 0.2633 2.9397 0.7512 -0.0818 0.5599 0.7317 4.0852 -0.0507 0.0507 0.4129 0 0
63 51 1562 0 0 0 0 0 1.0002 0 0.711 -0.0507 0.1984 0.2345 0.9497 0.9875 0.0337 0.1701 0.2366 3.1348 0.7198 0.0705 0.5622 0.7111 4.3155 0.1615 0.1615 0.3461 0 0
63 52 1530 0 0 0 0 0 1.0002 0 0.7462 -0.0576 0.1877 0.2171 0.9573 0.9815 -0.0912 0.2773 0.3923 5.4474 0.6981 -0.0306 0.587 0.7599 4.1511 0.0122 0.0122 0.4485 0 0
63 53 1524 0 0 0 0 0 1.0004 0 0.9265 0.1308 0.1523 0.1957 0.9441 0.9888 -0.0312 0.157 0.1953 2.549 0.7036 -0.045 0.6141 0.7831 4.172 0.0674 0.0674 0.3641 0 0
63 54 1437 0 0 0 0 0 1.0004 0 0.9406 -0.0899 0.1023 0.1202 1.0759 0.9955 0.0419 0.171 0.2038 3.3815 0.7031 0.0235 0.5708 0.7236 4.1946 0.0159 0.0159 0.4596 0 0
63 55 1452 0 0 0 0 0 1.0002 0 0.7462 -0.0986 0.1499 0.1634 0.9223 0.9915 0.0486 0.1614 0.2243 2.6999 0.7146 0 0.5456 0.7103 4.1254 -0.012 0.012 0.3914 0 0
63 56 1552 0 0 0 0 0 1.0004 0 0.7747 -0.0931 0.1882 0.2826 1.2034 0.98 0.0684 0.2606 0.327 3.95 0.7725 0.1146 0.4998 0.6545 4.2259 0.0537 0.0537 0.4002 0 0
63 57 1573 0 0 0 0 0 1.0009 0 0.731 0.1064 0.153 0.2086 1.0381 0.9929 -0.1164 0.159 0.2159 1.453 0.7225 -0.0749 0.5884 0.7569 4.2104 0.1082 0.1082 0.3357 0 0
63 58 1458 0 0 0 0 0 1.0003 0 0.5507 -0.0276 0.1637 0.1963 1.089 0.9618 0.3679 0.4367 0.6198 5.5281 0.6591 0.1624 0.6157 0.7763 4.1313 -0.1788 0.1788 0.4801 0 0
63 59 1400 0 0 0 0 0 1.0005 0 -0.0079 -0.0556 0.2159 0.2383 1.0728 0.977 -0.2925 0.376 0.4637 4.6816 0.6539 -0.0773 0.6173 0.8024 4.2044 -0.0277 0.0277 0.5338 0 0
63 60 1580 0 0 0 0 0 1.0002 0 0.6523 -0.1198 0.2366 0.2452 1.1231 0.9887 -0.1648 0.2436 0.3231 2.4233 0.7286 0.0335 0.505 0.6519 4.1829 -0.0148 0.0148 0.3953 0 0
63 61 1540 0 0 0 0 0 1.0006 0 0.5993 0.0765 0.1366 0.1621 0.997 0.9932 0.0356 0.1249 0.15 2.5889 0.7117 -3e-04 0.5867 0.7656 4.077 -0.0264 0.0264 0.3862 0 0
63 62 1484 0 0 0 0 0 1.0004 0 0.5804 -0.0904 0.198 0.2196 0.8932 0.9738 -0.0284 0.239 0.391 4.9747 0.674 0.0619 0.6088 0.7901 4.1531 0.0254 0.0254 0.4272 0 0
63 63 1456 0 0 0 0 0 1.0005 0 0.6991 -0.0795 0.1002 0.1365 0.8623 0.992 -0.1786 0.2214 0.3652 4.2397 0.7423 0.0864 0.52 0.6934 4.0718 -0.0936 0.0936 0.3812 0 0
63 64 1567 0 0 0 0 0 1.0003 0 0.1076 -0.0348 0.1809 0.1931 0.8568 0.9873 0.0769 0.1841 0.2542 2.8899 0.689 -0.0037 0.5752 0.7846 4.1272 0.0339 0.0339 0.3836 0 0
63 65 1492 0 0 0 0 0 1.0004 0 0.7533 -0.0381 0.11 0.1314 0.9226 0.9929 0.0428 0.1638 0.2087 2.2675 0.7583 0.0304 0.5148 0.6601 4.1645 -0.0096 0.0096 0.408 0 0
63 66 1515 0 0 0 0 0 1.0003 0 0.7435 0.0811 0.1603 0.1966 0.9847 0.986 0.0343 0.1431 0.1797 1.1156 0.7582 0.051 0.5429 0.7045 4.1326 0.0446 0.0446 0.3638 0 0
63 67 1649 0 0 0 0 0 1.0007 0 0.846 -0.045 0.139 0.176 0.9167 0.9817 0.068 0.1676 0.2575 2.3939 0.688 0.0382 0.5516 0.7287 4.1213 0.0126 0.0126 0.365 0 0
63 68 1436 0 0 0 0 0 1.0009 0 0.9809 -0.0423 0.0842 0.0979 1.0786 0.9945 0.1642 0.2009 0.2245 2.777 0.7332 0.1377 0.5778 0.7606 4.2363 0.0934 0.0934 0.3595 0 0
63 69 1516 0 0 0 0 0 1.0003 0 0.692 -0.1045 0.216 0.2944 1.0042 0.9931 -0.1056 0.178 0.2221 2.8956 0.671 0.0187 0.5496 0.7309 4.0782 -0.2502 0.2502 0.3953 0 0
63 70 1515 0 0 0 0 0 1.0005 0 0.9213 -0.1881 0.1965 0.2223 1.1374 0.9824 -0.0792 0.5004 0.6599 6.1583 0.6408 -0.1891 0.598 0.7591 4.1147 -0.1954 0.1954 0.4722 0 0
63 71 1604 0 0 0 0 0 1.0007 0 0.6676 -0.0731 0.1618 0.189 0.9643 0.9866 -0.028 0.2764 0.3772 4.1204 0.7275 0.0525 0.5322 0.6953 4.2067 -0.0969 0.0969 0.434 0 0
63 72 1441 0 0 0 0 0 1.0005 0 0.8882 -0.074 0.2036 0.2386 1.2661 0.976 0.2119 0.3174 0.4413 4.5856 0.7053 0.0621 0.5709 0.7357 4.1425 0.0064 0.0064 0.4172 0 0
63 73 1438 0 0 0 0 0 1.0003 0 0.377 -0.0591 0.1383 0.1931 0.9158 0.9394 0.0757 0.3189 0.621 7.5184 0.6741 -0.1196 0.5784 0.7525 4.1226 -0.0635 0.0635 0.4546 0 0
63 74 1520 0 0 0 0 0 1.0006 0 0.7913 -0.0908 0.1181 0.1234 1.0467 0.9934 0.037 0.1509 0.1976 3.5265 0.6492 0.0227 0.5971 0.7541 4.143 -0.3372 0.3372 0.5533 0 0
63 75 1446 0 0 0 0 0 1.0003 0 0.5355 0.0667 0.224 0.2779 1.013 0.9871 0.1665 0.1977 0.2484 1.4889 0.7252 0.081 0.6031 0.766 4.1183 -0.0114 0.0114 0.3812 0 0
63 76 1486 0 0 0 0 0 1.0006 0 0.7488 -0.2495 0.2608 0.3489 1.0555 0.9557 0.1662 0.4859 0.7547 7.6814 0.7176 0.0454 0.5526 0.7267 4.1446 0.0646 0.0646 0.4143 0 0
63 77 1442 0 0 0 0 0 1.0009 0 0.9733 -0.1557 0.1707 0.1896 1.2618 0.9905 0.3362 0.3764 0.5073 5.7221 0.6543 0.159 0.5985 0.7647 4.0949 -0.0775 0.0775 0.4504 0 0
63 78 1488 0 0 0 0 0 1.0002 0 0.7795 -0.0713 0.1822 0.2163 1.0049 0.9803 -0.0466 0.2219 0.2986 7.604 0.6743 -0.0251 0.61 0.774 4.0535 -0.1306 0.1306 0.4547 0 0
63 79 1487 0 0 0 0 0 1.0004 0 0.6529 -0.108 0.1975 0.2401 1.0102 0.9778 0.077 0.2639 0.3594 3.1475 0.6949 -0.0297 0.515 0.6651 4.0611 -0.1885 0.1885 0.3962 0 0
63 80 1452 0 0 0 0 0 1.0004 0 0.3888 -0.07 0.2094 0.2507 0.9577 0.9785 0.1163 0.237 0.3776 4.1208 0.664 0.0441 0.5965 0.7842 4.2468 0.0781 0.0781 0.3994 0 0
63 81 1467 0 0 0 0 0 1.0003 0 0.706 -0.1061 0.1552 0.188 0.8524 0.9951 0.0462 0.2649 0.3427 3.7163 0.6347 0.0527 0.6046 0.7759 4.0695 -0.1188 0.1188 0.4726 0 0
63 82 1454 0 0 0 0 0 1.0004 0 0.8774 -0.09 0.0993 0.1231 0.8381 0.9926 0.0429 0.2011 0.2908 4.4187 0.6613 -0.0429 0.5737 0.7457 4.2338 0.0384 0.0384 0.4477 0 0
63 83 1506 0 0 0 0 0 1.0004 0 0.4598 -0.0964 0.3081 0.3344 1.0445 0.9588 -0.0529 0.3657 0.5662 4.964 0.6667 0.063 0.5612 0.725 4.3077 0.1443 0.1443 0.4855 0 0
63 84 1500 0 0 0 0 0 1.0018 0 0.9219 0.0507 0.0991 0.1502 0.9593 0.9684 0.0478 0.2292 0.3219 1.7753 0.7524 -0.0037 0.5327 0.6851 4.1404 -0.0525 0.0525 0.3878 0 0
63 85 1573 0 0 0 0 0 1.0007 0 0.8046 0.0298 0.14 0.1615 1.0102 0.9831 -0.1013 0.1903 0.2543 3.1322 0.7592 -0.0837 0.519 0.6565 4.1537 -0.0256 0.0256 0.3952 0 0
63 86 1574 0 0 0 0 0 1.0009 0 0.7682 -0.027 0.2292 0.2595 1.5096 0.983 -0.0196 0.1866 0.2374 2.6514 0.7077 0.0496 0.5697 0.7121 4.0306 -0.117 0.117 0.3893 0 0
63 87 1552 0 0 0 0 0 1.0002 0 0.8801 -0.0296 0.1133 0.1555 0.8462 0.9811 -0.1239 0.165 0.2417 1.4729 0.7204 -0.0488 0.5278 0.6969 4.1362 0.0074 0.0074 0.3887 0 0
63 88 1535 0 0 0 0 0 1.0008 0 0.9373 -0.0706 0.0994 0.1215 0.8181 0.9918 0.0506 0.2334 0.3191 6.045 0.683 -0.1155 0.5797 0.7509 4.3032 0.1244 0.1244 0.3895 0 0
63 89 1530 0 0 0 0 0 1.0003 0 0.379 0.0825 0.1884 0.2506 1.0256 0.9955 0.013 0.1018 0.1274 1.9686 0.7377 0.0217 0.5551 0.7149 4.2046 0.0748 0.0748 0.3318 0 0
63 90 1527 0 0 0 0 0 1.0006 0 0.5833 -0.0494 0.1542 0.1639 0.9139 0.989 0.1776 0.215 0.2747 2.3493 0.6797 0.0348 0.5813 0.7561 4.2448 0.1182 0.1182 0.3603 0 0
63 91 1500 0 0 0 0 0 1.0013 0 0.9405 0.0646 0.1639 0.1872 1.2215 0.9742 0.0651 0.2592 0.306 2.5486 0.7415 0.151 0.5596 0.7465 4.0829 -0.025 0.025 0.3721 0 0
63 92 1533 0 0 0 0 0 1.0009 0 0.9669 -0.0742 0.1524 0.1846 1.4111 0.972 -0.1222 0.261 0.4571 6.3684 0.7662 0.0427 0.5068 0.6764 4.1296 0.0034 0.0034 0.3358 0 0
63 93 1405 0 0 0 0 0 1.0006 0 -0.7755 -0.1643 0.2324 0.292 1.0447 0.9729 -0.0786 0.6182 0.9374 9.2504 0.6539 6e-04 0.5987 0.7594 4.2342 -0.0788 0.0788 0.6143 0 0
63 94 1435 0 0 0 0 0 1.0009 0 0.7268 0.0062 0.1602 0.1932 1.0393 0.9886 0.0563 0.1618 0.1992 2.4479 0.7017 -0.0138 0.5717 0.7286 4.1479 0.059 0.059 0.4286 0 0
63 95 1490 0 0 0 0 0 1.0001 0 0.3289 -0.1907 0.2088 0.2559 0.9035 0.9912 0.1555 0.2903 0.4287 4.6228 0.7133 0.1376 0.5467 0.6919 4.1834 -0.0513 0.0513 0.4208 0 0
63 96 1638 0 0 0 0 0 1.0005 0 0.9205 -0.0025 0.0833 0.1166 0.9581 0.9873 0.1453 0.1719 0.2063 1.7284 0.7656 0.1525 0.487 0.6451 4.0579 -0.0524 0.0524 0.3586 0 0
63 97 1476 0 0 0 0 0 1.0003 0 0.8114 -0.0316 0.1173 0.124 0.9962 0.9832 -0.0483 0.1791 0.2321 2.8143 0.6775 0.014 0.5477 0.7048 4.1016 -0.1914 0.1914 0.453 0 0
63 98 1506 0 0 0 0 0 1.0005 0 0.787 -0.1312 0.1312 0.1633 0.8701 0.994 0.0315 0.1482 0.1973 2.4403 0.7058 -0.051 0.5737 0.7365 4.1599 -0.1003 0.1003 0.4547 0 0
63 99 1488 0 0 0 0 0 1.0005 0 0.4155 0.0532 0.1758 0.2223 0.9688 0.9821 0.0815 0.1842 0.2406 2.4847 0.7325 0.0264 0.5657 0.7488 4.0571 -0.0978 0.0978 0.3931 0 0
63 100 1575 0 0 0 0 0 1.0004 0 0.7889 -0.118 0.231 0.2669 1.1881 0.9776 0.0928 0.3084 0.4393 3.18 0.6928 0.004 0.5589 0.7036 4.2033 0.0741 0.0741 0.4043 0 0
63 101 1503 0 0 0 0 0 1.0009 0 0.6158 -0.0552 0.1888 0.2298 1.013 0.9867 -0.0864 0.1839 0.2535 2.6313 0.7292 0.0166 0.552 0.7206 4.1388 -0.0199 0.0199 0.4025 0 0
63 102 1560 0 0 0 0 0 1.0002 0 0.938 0.0179 0.0601 0.0989 0.9409 0.992 0.1904 0.207 0.2366 2.5199 0.7598 0.1198 0.5488 0.7164 4.1496 0.052 0.052 0.3576 0 0
63 103 1426 0 0 0 0 0 1.0006 0 0.8698 -0.1417 0.1738 0.2149 1.0353 0.9952 -0.0842 0.1976 0.2227 4.2338 0.706 -0.0795 0.5719 0.7469 4.2124 -0.0074 0.0074 0.4382 0 0
63 104 1539 0 0 0 0 0 1.0005 0 0.7188 -0.0582 0.2111 0.2532 1.3915 0.9875 -0.04 0.2936 0.3976 5.1079 0.6924 -0.1135 0.5735 0.7276 4.1187 -0.1848 0.1848 0.4932 0 0
63 105 1534 0 0 0 0 0 1.0004 0 0.6539 0.0914 0.1237 0.1518 0.7972 0.9885 -0.2602 0.2805 0.329 2.2667 0.7477 -0.1567 0.605 0.759 4.1644 0.1548 0.1548 0.3454 0 0
63 106 1513 0 0 0 0 0 1.0006 0 0.6922 -0.0415 0.1631 0.1757 1.1061 0.9738 0.2147 0.3865 0.4764 5.4495 0.674 0.0628 0.6227 0.7825 4.1797 0.021 0.021 0.4646 0 0
63 107 1550 0 0 0 0 0 1.0003 0 0.8911 0.0678 0.1763 0.2036 1.0966 0.9887 0.0937 0.1813 0.2239 3.5798 0.7379 0.0746 0.5653 0.728 4.1245 -0.0043 0.0043 0.357 0 0
63 108 1495 0 0 0 0 0 1.0003 0 0.7423 1e-04 0.1239 0.1635 0.9913 0.9778 0.1844 0.2299 0.3892 4.3208 0.7332 0.0681 0.5803 0.7409 4.2202 0.0535 0.0535 0.3903 0 0
63 109 1478 0 0 0 0 0 1.0009 0 0.8422 -0.0798 0.1139 0.1351 1.0614 0.9706 0.1104 0.2688 0.3675 6.2942 0.6645 -0.0138 0.5957 0.7452 4.12 -0.0987 0.0987 0.5046 0 0
63 110 1564 0 0 0 0 0 1.0002 0 0.8751 -0.0675 0.1577 0.1963 1.0352 0.9909 0.1145 0.2265 0.3428 5.2326 0.7306 -0.0015 0.516 0.6799 4.1292 0.0227 0.0227 0.3461 0 0
63 111 1443 0 0 0 0 0 1.0004 0 0.9247 -0.0092 0.0975 0.1131 1.0153 0.9918 0.0432 0.1474 0.2127 2.5749 0.7589 -0.0145 0.5534 0.7068 4.1498 -0.0419 0.0419 0.3814 0 0
63 112 1331 0 0 0 0 0 1.0003 0 -0.1607 -0.1135 0.249 0.2995 1.3543 0.9725 -0.0386 0.4477 0.6048 8.1357 0.6454 0.0225 0.6041 0.7631 4.2063 -0.0956 0.0956 0.5449 0 0
63 113 1460 0 0 0 0 0 1.0003 0 0.6385 -0.1164 0.136 0.1509 0.8895 0.992 -0.0705 0.1896 0.2608 4.3088 0.582 0.0258 0.6166 0.8116 4.2032 0.0113 0.0113 0.4881 0 0
63 114 1450 0 0 0 0 0 1.0007 0 0.9205 0.0191 0.1218 0.1487 1.083 0.9761 -0.1207 0.1792 0.247 2.7015 0.6455 -0.0708 0.6344 0.8176 4.1965 -0.1462 0.1462 0.4708 0 0
63 115 1482 0 0 0 0 0 1.0003 0 0.9073 -0.0285 0.1216 0.1444 1.1288 0.9957 -0.2336 0.2598 0.3098 3.8654 0.6673 -0.0831 0.5638 0.7411 4.0572 -0.0606 0.0606 0.4325 0 0
63 116 1514 0 0 0 0 0 1.0006 0 0.9314 0.0475 0.0927 0.1206 1.0863 0.9837 0.4143 0.4143 0.6309 8.999 0.7011 0.1149 0.6168 0.7858 4.031 -0.1482 0.1482 0.3985 0 0
63 117 1527 0 0 0 0 0 1.0007 0 0.6631 -0.1466 0.2243 0.2723 0.8612 0.9837 0.1154 0.3819 0.4596 4.2405 0.6673 0.108 0.5592 0.709 4.0992 -0.0256 0.0256 0.4396 0 0
63 118 1575 0 0 0 0 0 1.0004 0 0.8017 0.109 0.1272 0.1554 0.9369 0.9898 -0.1738 0.1952 0.2346 2.1497 0.732 -0.1298 0.5521 0.7153 4.104 -0.0091 0.0091 0.3815 0 0
63 119 1495 0 0 0 0 0 1.001 0 0.9693 -0.0569 0.0879 0.104 1.0096 0.993 -0.0258 0.1092 0.1514 1.981 0.7354 -0.0055 0.5086 0.6454 4.0616 -0.138 0.138 0.4082 0 0
63 120 1409 0 0 0 0 0 1.0002 0 0.9502 -0.0228 0.0699 0.0757 1.1173 0.9928 -0.1097 0.1885 0.2336 3.0902 0.7062 -0.0391 0.6223 0.7946 4.124 0.0219 0.0219 0.4175 0 0
63 121 1575 0 0 0 0 0 1.0006 0 0.9713 -0.0142 0.1175 0.1601 1.0439 0.9532 -0.294 0.3073 0.5809 7.8294 0.7573 -0.0248 0.4938 0.6552 4.0391 -0.0321 0.0321 0.3434 0 0
63 122 1565 0 0 0 0 0 1.0006 0 0.936 -0.0274 0.0992 0.1188 0.9443 0.982 -0.147 0.1983 0.278 2.092 0.7658 -0.1151 0.4976 0.6947 4.121 0.0245 0.0245 0.3472 0 0
63 123 1430 0 0 0 0 0 1.0003 0 0.8566 -0.0363 0.1619 0.1898 1.3335 0.9907 0.121 0.2137 0.2797 3.1279 0.6877 0.0866 0.5808 0.7756 4.0721 -0.0928 0.0928 0.3738 0 0
63 124 1435 0 0 0 0 0 1.0002 0 0.7794 -0.0839 0.198 0.2132 1.0998 0.9792 -0.0482 0.2142 0.3207 3.5835 0.7142 -0.0389 0.6236 0.7853 4.0825 -0.0747 0.0747 0.4636 0 0
63 125 1543 0 0 0 0 0 1.0005 0 0.6233 -0.1107 0.1858 0.2145 1.0171 0.9927 -0.1769 0.2466 0.3111 4.8085 0.722 -0.0021 0.6002 0.753 4.3142 0.1369 0.1369 0.3506 0 0
63 126 1519 0 0 0 0 0 1.0005 0 0.2218 -0.1982 0.2925 0.3867 0.931 0.9818 0.0493 0.2437 0.2991 3.0471 0.7579 0.1039 0.5386 0.7028 4.154 0.093 0.093 0.3392 0 0
63 127 1516 1 0 0 0 0 1.0009 0 -0.7106 -0.2829 0.3168 0.4157 1.0755 0.9477 -0.407 0.817 1.4206 13.6297 0.6219 0.0226 0.5967 0.761 4.172 0.018 0.018 0.4578 1 0
63 128 1540 0 0 0 0 0 1.0006 0 0.8225 0.1004 0.1222 0.1634 0.9415 0.9936 0.0798 0.1557 0.1865 1.7382 0.766 0.0018 0.5114 0.6537 4.003 -0.1059 0.1059 0.3515 0 0
63 129 1540 0 0 0 0 0 1.001 0 0.839 -0.0659 0.1194 0.1555 1.0092 0.9965 -0.0097 0.1068 0.133 2.093 0.748 0.0567 0.5385 0.718 4.1824 0.0572 0.0572 0.3312 0 0
63 130 1463 0 0 0 0 0 1.0004 0 0.7877 -0.1454 0.2087 0.2313 1.0268 0.9715 -0.1057 0.4036 0.539 4.3946 0.6896 0.0692 0.608 0.7889 4.1419 -0.0805 0.0805 0.4666 0 0
63 131 1499 0 0 0 0 0 1.0012 0 0.7564 0.0146 0.1168 0.1512 0.9294 0.9843 0.0969 0.1566 0.229 2.1316 0.7127 0.0827 0.6199 0.7945 4.3121 0.1176 0.1176 0.3767 0 0
63 132 1532 0 0 0 0 0 1.0004 0 0.9499 0.0285 0.1358 0.1668 1.177 0.985 0.0205 0.1957 0.2344 3.2701 0.7418 0.0038 0.5606 0.7248 4.1582 0.0285 0.0285 0.3898 0 0
63 133 1494 0 0 0 0 0 1.0008 0 0.8977 0.0231 0.121 0.1311 1.0941 0.9923 -0.0229 0.1452 0.1911 4.3392 0.6951 -0.0291 0.5678 0.7391 4.1313 -0.1843 0.1843 0.434 0 0
63 134 1484 0 0 0 0 0 1.0004 0 0.9702 0.0631 0.0973 0.1349 1.0178 0.9909 0.0429 0.1373 0.1963 4.0808 0.7099 0.0443 0.5702 0.7402 4.3672 0.1694 0.1694 0.3362 0 0
63 135 1443 0 0 0 0 0 1.0006 0 0.831 0.1249 0.1749 0.2369 1.2327 0.9848 -0.1218 0.2159 0.2502 2.8009 0.7033 -0.0047 0.5736 0.7315 4.0486 -0.0683 0.0683 0.4111 0 0
63 136 1497 0 0 0 0 0 1.0008 0 0.803 0.103 0.1981 0.2195 1.1144 0.9873 -0.1091 0.204 0.2469 3.4004 0.7209 -0.0404 0.606 0.7775 4.0686 -0.1925 0.1925 0.4072 0 0
63 137 1483 0 0 0 0 0 1.0006 0 0.6639 -0.0859 0.2559 0.2956 1.0142 0.9854 -0.1443 0.2741 0.3892 3.5587 0.6799 -0.0393 0.5684 0.7394 4.1588 0.0012 0.0012 0.4273 0 0
63 138 1469 0 0 0 0 0 1.0004 0 0.9197 -0.1939 0.1939 0.2146 0.926 0.993 0.1449 0.3333 0.4371 5.9808 0.6695 0.0491 0.5535 0.728 4.1772 0.0412 0.0412 0.4608 0 0
63 139 1492 0 0 0 0 0 1.0005 0 0.8924 -0.0615 0.1807 0.2188 1.2046 0.9687 0.2197 0.3188 0.444 3.8016 0.7099 0.0541 0.5528 0.7237 4.1372 0.0312 0.0312 0.3983 0 0
63 140 1472 0 0 0 0 0 1.0006 0 0.3155 -0.0847 0.2594 0.2903 1.0076 0.9729 0.0206 0.2369 0.3423 3.342 0.6959 0.0068 0.5557 0.7155 4.1483 -0.0305 0.0305 0.4524 0 0
63 141 1547 0 0 0 0 0 1.0002 0 0.8617 -0.1278 0.13 0.1702 0.9567 0.9963 0.0772 0.1208 0.1547 2.9018 0.709 -0.0203 0.5536 0.7328 4.3169 0.17 0.17 0.346 0 0
63 142 1544 0 0 0 0 0 1.0008 0 0.9116 0.0381 0.1599 0.2023 1.2834 0.9869 0.0862 0.1665 0.2197 2.7161 0.6863 -0.0117 0.5852 0.7574 4.0731 -0.0905 0.0905 0.3922 0 0
63 143 1479 0 0 0 0 0 1.0013 0 0.6794 0.0635 0.1711 0.2154 1.0503 0.9741 0.0178 0.1945 0.3033 5.0977 0.7402 0.0326 0.5688 0.7415 4.1079 -0.2002 0.2002 0.4321 0 0
63 144 1494 0 0 0 0 0 1.0004 0 0.8512 -0.0346 0.1708 0.1801 1.095 0.9785 -0.0585 0.2707 0.3685 3.4843 0.7348 0.0348 0.573 0.7295 4.1674 0.0579 0.0579 0.3788 0 0
63 145 1459 0 0 0 0 0 1.0003 0 0.8224 -0.0667 0.1363 0.1553 1.016 0.9786 0.1179 0.1993 0.2715 1.8303 0.6961 0.0667 0.5744 0.7221 4.1425 0.0621 0.0621 0.41 0 0
63 146 1461 0 0 0 0 0 1.0004 0 0.7688 0.1355 0.1386 0.1891 0.9393 0.979 -0.0544 0.2315 0.2654 2.8291 0.6909 0.0282 0.5854 0.743 4.1115 -0.083 0.083 0.4552 0 0
63 147 1523 0 0 0 0 0 1.0003 0 0.8498 -0.031 0.071 0.093 0.9426 0.9932 0.0336 0.1302 0.1729 2.6022 0.703 0.0391 0.5656 0.7347 4.085 -0.0133 0.0133 0.3729 0 0
63 148 1420 0 0 0 0 0 1.0004 0 0.9294 -0.0439 0.1252 0.1326 0.9269 0.9811 0.1606 0.226 0.4108 5.3006 0.6945 -0.0074 0.5689 0.7465 4.118 0.0322 0.0322 0.3635 0 0
63 149 1516 0 0 0 0 0 1.0004 0 0.8407 -0.0198 0.118 0.1667 0.8986 0.9808 0.084 0.1872 0.2494 1.5034 0.7535 0.1134 0.5441 0.6945 4.2849 0.1328 0.1328 0.3094 0 0
63 150 1507 0 0 0 0 0 1.0007 0 0.8151 -0.106 0.1206 0.1841 0.8491 0.9923 0.1617 0.1793 0.2556 2.102 0.7527 -0.0185 0.5235 0.688 4.2236 0.0895 0.0895 0.3807 0 0
63 151 1531 0 0 0 0 0 1.0004 0 0.8308 0.0282 0.0966 0.1173 0.84 0.9844 0.1076 0.1719 0.2011 1.2227 0.78 -0.0012 0.5075 0.6268 4.2634 0.1382 0.1382 0.3339 0 0
63 152 1496 0 0 0 0 0 1.0008 0 0.7499 0.1278 0.196 0.2393 0.9954 0.9763 0.0728 0.1793 0.2445 3.2424 0.729 0 0.5538 0.7267 4.1446 0.0308 0.0308 0.3686 0 0
63 153 1549 0 0 0 0 0 1.0012 0 0.8125 -0.0962 0.1533 0.2035 1.0037 0.985 -0.1486 0.2157 0.3075 3.4423 0.7566 0.012 0.4886 0.6286 4.1516 -0.1062 0.1062 0.4131 0 0
63 154 1393 0 0 0 0 0 1.0004 0 0.8403 -0.0458 0.1025 0.1171 0.8744 0.9915 -0.0755 0.1747 0.2198 2.6612 0.7201 0.0768 0.5389 0.7081 4.0724 -0.0969 0.0969 0.4188 0 0
63 155 1498 0 0 0 0 0 1.0008 0 0.9251 -0.1861 0.2032 0.2961 0.9438 0.9926 0.0447 0.1426 0.1891 2.1702 0.6935 0.014 0.5357 0.7362 4.0992 -0.0074 0.0074 0.3835 0 0
63 156 1441 0 0 0 0 0 1.0006 0 0.9319 0.2162 0.2162 0.2341 0.9172 0.9945 -0.031 0.1247 0.1712 1.6175 0.7368 -0.0554 0.5331 0.7073 4.0862 -0.0495 0.0495 0.3889 0 0
63 157 1506 0 0 0 0 0 1.0009 0 0.855 0.0439 0.1176 0.1411 1.0465 0.9852 0.0059 0.1352 0.1747 1.6836 0.7569 0.0046 0.5287 0.6844 4.0942 -0.0171 0.0171 0.3439 0 0
63 158 1404 0 0 0 0 0 1.0012 0 0.8035 -0.0615 0.1255 0.1783 1.0018 0.9823 0.0081 0.2168 0.2981 4.05 0.7307 0.1267 0.5546 0.7227 4.1341 0.0296 0.0296 0.3932 0 0
63 159 1490 0 0 0 0 0 1.0007 0 0.3366 -0.1618 0.2469 0.2695 0.9987 0.9809 0.1155 0.2996 0.4765 7.6341 0.6534 -0.0624 0.5628 0.7516 4.0806 -0.3176 0.3176 0.4864 0 0
63 160 1500 0 0 0 0 0 1.0004 0 0.3645 0.0302 0.1829 0.2178 1.005 0.9805 -0.0797 0.2025 0.2452 2.1928 0.6698 -0.0517 0.555 0.7259 4.0838 -0.0811 0.0811 0.416 0 0
63 161 1480 0 0 0 0 0 1.0008 0 0.9038 0.0059 0.0384 0.046 0.8869 0.9926 0.2708 0.2708 0.3146 2.7178 0.6599 0.2322 0.6324 0.8273 4.1944 0.0579 0.0579 0.4486 0 0
63 162 1439 0 0 0 0 0 1.0003 0 0.6961 0.104 0.2275 0.3816 1.4954 0.9889 -0.1393 0.2003 0.2299 2.428 0.6865 -0.0853 0.6084 0.7867 4.1916 -0.1262 0.1262 0.4514 0 0
63 163 1457 0 0 0 0 0 1.0007 0 0.4274 -0.0444 0.2054 0.2534 1.126 0.9738 0.0842 0.2934 0.3989 4.3174 0.6391 0.0702 0.5698 0.7673 4.1959 -0.2644 0.2644 0.4709 0 0
63 164 1468 0 0 0 0 0 1.001 0 0.4374 -0.0815 0.1791 0.2041 0.9283 0.9838 0.0962 0.2296 0.2963 2.9809 0.6814 0.0353 0.635 0.818 4.2238 -0.0636 0.0636 0.5179 0 0
63 165 1408 0 0 0 0 0 1.0005 0 0.8033 -0.1335 0.2018 0.226 1.1647 0.9616 0.177 0.6534 1.0096 11.5038 0.6026 0.017 0.6256 0.7968 4.25 -0.0783 0.0783 0.5919 0 0
63 166 1455 0 0 0 0 0 1.0002 0 0.8827 -0.0997 0.1525 0.1771 1.1896 0.9947 -0.0457 0.165 0.2063 5.8354 0.6926 -0.0076 0.5749 0.7334 4.0829 -0.1399 0.1399 0.4402 0 0
63 167 1505 0 0 0 0 0 1.0006 0 0.7605 -0.0625 0.1962 0.2415 1.1674 0.9877 0.2464 0.3151 0.4626 6.4167 0.676 0.0239 0.5625 0.7235 4.0637 -0.1792 0.1792 0.3931 0 0
63 168 1514 0 0 0 0 0 1.0004 0 0.1304 -0.1265 0.2462 0.3073 0.9783 0.9827 0.1747 0.2275 0.4333 3.9559 0.6765 0.0166 0.6177 0.7794 4.1624 -0.0593 0.0593 0.4835 0 0
63 169 1458 0 0 0 0 0 1.0005 0 0.6134 0.0161 0.2791 0.3025 1.1015 0.9738 0.019 0.2505 0.3376 3.1081 0.6975 0.1542 0.6029 0.7779 4.0635 -0.1103 0.1103 0.4279 0 0
63 170 1475 0 0 0 0 0 1.0002 0 0.94 -0.0636 0.1629 0.181 1.2562 0.9898 0.1146 0.2314 0.275 3.0047 0.743 0.0908 0.5435 0.7154 4.147 -0.129 0.129 0.4511 0 0
63 171 1496 0 0 0 0 0 1.0003 0 0.8791 -0.0974 0.1148 0.158 0.9188 0.9746 -0.0448 0.2956 0.444 7.8547 0.6906 0.0378 0.5909 0.7537 4.3108 0.133 0.133 0.4559 0 0
63 172 1350 0 0 0 0 0 1.0014 0 0.8573 -0.2471 0.2471 0.277 1.2649 0.9104 0.1398 0.5666 0.9852 12.1752 0.6211 0.0193 0.6197 0.789 4.0923 -0.1081 0.1081 0.5196 0 0
63 173 1487 0 0 0 0 0 1.0005 0 0.5346 -0.1011 0.1547 0.2067 0.9534 0.956 -0.0442 0.3262 0.4937 6.3977 0.6897 0.004 0.5537 0.7013 4.1711 0.0306 0.0306 0.4679 0 0
63 174 1522 0 0 0 0 0 1.0005 0 0.9792 -0.0689 0.0733 0.0901 1.1385 0.9955 0.0851 0.1507 0.1826 3.4308 0.7121 0.0602 0.567 0.7385 4.1051 -0.2188 0.2188 0.4694 0 0
63 175 1476 0 0 0 0 0 1.0005 0 0.6488 -0.128 0.2461 0.3137 0.9415 0.9648 0.1322 0.4976 0.706 7.5486 0.606 -0.0055 0.6235 0.8 4.1095 -0.0083 0.0083 0.4541 0 0
63 176 1415 0 0 0 0 0 1.0004 0 0.8593 -0.0717 0.109 0.1669 1.0457 0.8958 -0.4652 0.5892 1.1699 13.4903 0.6485 0.0398 0.5802 0.7453 4.1566 -0.0179 0.0179 0.422 0 0
63 177 1470 0 0 0 0 0 1.0013 0 0.5073 -0.2056 0.229 0.2983 0.9564 0.9389 -0.0104 0.6065 0.8777 10.2535 0.6788 -0.1148 0.5924 0.7379 4.1163 -0.0813 0.0813 0.5462 0 0
63 178 1436 0 0 0 0 0 1.0003 0 0.3173 -0.0015 0.2798 0.3075 1.1573 0.9957 -0.1369 0.1893 0.243 4.3512 0.7308 0.0054 0.5719 0.7368 4.1682 0.0415 0.0415 0.3876 0 0
63 179 1520 0 0 0 0 0 1.0002 0 0.3039 -0.1549 0.2871 0.3036 0.8864 0.9748 -0.1632 0.2896 0.4222 3.6309 0.6752 -0.0869 0.5709 0.7592 4.1815 0.0594 0.0594 0.4086 0 0
63 180 1478 0 0 0 0 0 1.0003 0 0.8764 -0.0236 0.0872 0.104 0.9144 0.9912 0.0271 0.1107 0.155 2.4166 0.7299 -0.0556 0.5721 0.7375 4.1354 -0.1536 0.1536 0.4179 0 0
63 181 1460 0 0 0 0 0 1.0003 0 0.8822 0.0095 0.1864 0.2227 0.916 0.9814 0.1591 0.2334 0.2689 1.4159 0.7478 0.0318 0.5398 0.7244 4.1011 -0.016 0.016 0.3597 0 0
63 182 1444 0 0 0 0 0 1.0004 0 0.8617 0.0042 0.1181 0.1343 1.1016 0.972 -0.0563 0.2278 0.2811 2.7936 0.6783 -0.0101 0.5797 0.733 4.2289 -0.0931 0.0931 0.5573 0 0
63 183 1465 0 0 0 0 0 1.0008 0 0.4394 0.0606 0.3109 0.4255 1.2877 0.979 -0.0525 0.2287 0.2964 3.4798 0.6166 -0.0433 0.6291 0.8075 4.1534 -0.0975 0.0975 0.4545 0 0
63 184 1392 0 0 0 0 0 1.0004 0 0.6444 -0.1111 0.1753 0.1948 0.973 0.9745 0.1672 0.3717 0.551 6.7302 0.6295 -0.0933 0.6292 0.8042 4.1164 -0.0124 0.0124 0.5037 0 0
63 185 1396 0 0 0 0 0 1.0006 0 0.2083 -0.0482 0.187 0.2604 1.1709 0.9564 -0.2447 0.4114 0.5983 6.4144 0.5845 0.0622 0.6855 0.8779 4.1578 -0.1374 0.1374 0.6072 0 0
63 186 1538 0 0 0 0 0 1.0005 0 0.1441 -0.1784 0.2251 0.2901 0.9235 0.9821 -0.1274 0.3357 0.5079 6.2736 0.7057 0.0708 0.5533 0.711 4.0894 -0.1057 0.1057 0.4628 0 0
63 187 1447 0 0 0 0 0 1.0009 0 0.926 -0.1663 0.1663 0.1833 0.9584 0.9905 0.0353 0.3133 0.4504 6.7433 0.6538 0.0969 0.573 0.7418 4.2196 -0.2925 0.2925 0.6006 0 0
63 188 1524 0 0 0 0 0 1.0002 0 0.8561 -0.0529 0.1693 0.2049 1.1773 0.9826 -0.0925 0.2587 0.3626 4.0998 0.7208 -0.0171 0.5804 0.7275 4.1039 -0.1155 0.1155 0.4069 0 0
63 189 1500 0 0 0 0 0 1.0003 0 0.4559 -0.0371 0.114 0.146 0.8792 0.9857 -0.0024 0.1341 0.1778 1.5967 0.7223 -0.0633 0.5444 0.6888 4.0814 -0.0687 0.0687 0.3813 0 0
63 190 1438 0 0 0 0 0 1.0004 0 0.9375 0.1756 0.2287 0.2531 1.187 0.9584 0.0289 0.2341 0.3289 3.1749 0.7344 0.0666 0.5518 0.717 4.2789 0.1438 0.1438 0.335 0 0
63 191 1465 0 0 0 0 0 1.0002 0 -0.1396 0.0305 0.2466 0.275 1.0085 0.9647 0.192 0.2659 0.3574 2.3779 0.6671 -0.0662 0.6069 0.7878 4.1339 -0.063 0.063 0.4738 0 0
63 192 1469 0 0 0 0 0 1.0007 0 0.5804 -0.2165 0.2255 0.2691 0.9222 0.9938 0.0338 0.2785 0.376 2.7882 0.6881 0.0225 0.5497 0.7011 4.1953 0.023 0.023 0.3998 0 0
63 193 1495 0 0 0 0 0 1.0003 0 0.6639 -0.0831 0.1728 0.2009 1.0035 0.9865 0.0435 0.214 0.298 3.8089 0.7164 0.0572 0.5151 0.667 4.0616 -0.0441 0.0441 0.3869 0 0
63 194 1477 0 0 0 0 0 1.0004 0 0.8255 -0.0349 0.0813 0.1169 1.0619 0.9823 0.0246 0.1711 0.2152 2.8389 0.6636 -0.0159 0.569 0.724 4.1185 -0.1952 0.1952 0.5195 0 0
63 195 1441 0 0 0 0 0 1.0003 0 0.352 0.1117 0.2156 0.2695 1.1453 0.9871 0.0302 0.1505 0.1916 1.7703 0.6678 0.0281 0.6365 0.8025 4.1826 0.0565 0.0565 0.3616 0 0
63 196 1536 0 0 0 0 0 1.0003 0 0.8149 -0.0703 0.1377 0.1685 0.9689 0.9829 -0.014 0.176 0.2466 2.1858 0.768 -0.064 0.5329 0.6705 4.2781 0.1185 0.1185 0.3547 0 0
63 197 1451 0 0 0 0 0 1.0002 0 0.6966 -0.0583 0.1914 0.2264 1.045 0.9901 -0.0837 0.2211 0.2816 3.8945 0.655 -0.0454 0.5996 0.7943 4.0515 -0.2319 0.2319 0.4223 0 0
63 198 1511 0 0 0 0 0 1.0004 0 0.8461 -0.0696 0.1574 0.1937 0.9786 0.9561 -0.2054 0.3105 0.5727 5.8985 0.688 -0.1145 0.5977 0.7506 4.3108 0.1323 0.1323 0.4032 0 0
63 199 1433 0 0 0 0 0 1.001 0 0.2929 0.0534 0.1088 0.1515 0.8694 0.9878 -0.0397 0.1417 0.1735 1.6252 0.7517 0.0689 0.5758 0.7298 4.1435 0.0364 0.0364 0.3916 0 0
63 200 1516 0 0 0 0 0 1.0008 0 0.8994 -0.0093 0.0962 0.1094 0.9774 0.9946 -0.0506 0.0879 0.113 1.7913 0.7252 -0.0723 0.5781 0.7463 4.0777 -0.1059 0.1059 0.4109 0 0
63 201 1378 0 0 0 0 0 1.0016 0 -0.1123 -0.2013 0.2798 0.3149 1.0393 0.9926 -0.1076 0.3585 0.4846 4.3322 0.6379 -0.0051 0.5779 0.7318 4.136 -0.3628 0.3628 0.5171 0 0
63 202 1427 0 0 0 0 0 1.0008 0 0.1737 -0.124 0.1707 0.188 1.0455 0.9692 -0.0064 0.431 0.5607 5.8196 0.6022 0.0495 0.6508 0.8319 4.3291 0.0587 0.0587 0.5991 0 0
63 203 1500 0 0 0 0 0 1.0003 0 0.9073 -3e-04 0.1092 0.1165 0.9874 0.9911 -0.0595 0.1342 0.1909 2.4945 0.7228 -0.017 0.5441 0.7133 4.1521 0.0214 0.0214 0.3964 0 0
63 204 1546 0 0 0 0 0 1.0004 0 0.6763 -0.038 0.2064 0.2558 1.0358 0.9822 -0.1977 0.2881 0.3947 3.9935 0.7368 -0.1091 0.5444 0.6935 4.134 0.0376 0.0376 0.3977 0 0
63 205 1440 0 0 0 0 0 1.0007 0 0.8091 0.0402 0.1612 0.2233 1.0152 0.9662 -0.0978 0.2509 0.3025 3.3962 0.6904 -0.0381 0.5716 0.7562 4.1459 0.0518 0.0518 0.3716 0 0
63 206 1432 0 0 0 0 0 1.0004 0 0.8918 -0.0263 0.1285 0.1442 1.125 0.9897 0.0027 0.1411 0.1673 1.9885 0.7242 0.0296 0.5553 0.692 4.0761 -0.1335 0.1335 0.4271 0 0
63 207 1462 0 0 0 0 0 1.0002 0 0.956 -0.1283 0.1283 0.1605 0.9947 0.9912 -0.1383 0.219 0.2799 2.822 0.7502 -0.0576 0.5189 0.6763 4.2043 0.0608 0.0608 0.3638 0 0
63 208 1493 0 0 0 0 0 1.001 0 0.438 -0.0077 0.1662 0.1833 0.9452 0.9715 0.1231 0.2394 0.281 1.8432 0.7566 0.1074 0.5628 0.7095 4.1298 -0.0329 0.0329 0.4234 0 0
63 209 1533 0 0 0 0 0 1.0003 0 0.8973 0.0165 0.1502 0.1862 1.0027 0.9817 -0.0376 0.1712 0.2983 4.7758 0.7699 0.1212 0.5546 0.7116 4.2474 0.1043 0.1043 0.3469 0 0
63 210 1456 0 0 0 0 0 1.0003 0 0.0348 0.0369 0.2661 0.3465 1.0163 0.9583 -0.0474 0.2569 0.3701 3.0493 0.6628 -0.0633 0.5927 0.7486 4.0733 -0.0704 0.0704 0.3931 0 0
63 211 1545 0 0 0 0 0 1.0002 0 0.8144 -0.0602 0.2295 0.236 1.0018 0.9822 0.1368 0.1922 0.2682 2.8187 0.7605 0.1459 0.4976 0.6574 4.063 -0.0622 0.0622 0.3357 0 0
63 212 1525 0 0 0 0 0 1.0006 0 0.8851 -0.0755 0.0883 0.1163 0.92 0.9947 0.0528 0.106 0.1455 1.9694 0.7675 0.0641 0.4943 0.636 4.1198 0.0173 0.0173 0.4242 0 0
63 213 1465 0 0 0 0 0 1.0007 0 0.9236 -0.1408 0.1408 0.1642 1.062 0.9849 -0.134 0.2403 0.3035 3.5015 0.7093 -0.0393 0.5301 0.7025 4.0041 -0.2406 0.2406 0.391 0 0
63 214 1463 0 0 0 0 0 1.0001 0 0.8796 0.0092 0.1306 0.1433 1.0546 0.9906 0.1152 0.1608 0.2032 2.2095 0.726 0.0575 0.5451 0.6931 4.0951 -0.0423 0.0423 0.3921 0 0
63 215 1457 0 0 0 0 0 1.0004 0 0.8563 -0.0235 0.138 0.1615 1.0055 0.9913 -0.0401 0.1346 0.1894 2.3508 0.734 -0.1046 0.5528 0.7216 4.2622 0.0865 0.0865 0.3882 0 0
63 216 1476 0 0 0 0 0 1.0004 0 0.9272 -0.11 0.1153 0.1407 0.9429 0.9866 0.1266 0.2589 0.3368 3.1357 0.6724 0.0582 0.5636 0.7374 4.0978 -0.0402 0.0402 0.42 0 0
63 217 1508 0 0 0 0 0 1.0004 0 0.9837 -0.0777 0.0827 0.11 1.0631 0.9932 0.1336 0.2207 0.3221 5.0785 0.7094 0.0211 0.5674 0.7202 4.2227 -0.1106 0.1106 0.5231 0 0
63 218 1491 0 0 0 0 0 1.0006 0 0.725 -0.1065 0.1731 0.217 1.0407 0.9826 0.0542 0.2041 0.2997 3.4359 0.7419 -0.0243 0.5235 0.6697 4.112 0.003 0.003 0.4037 0 0
63 219 1485 0 0 0 0 0 1.0009 0 0.8704 0.1075 0.1528 0.2012 1.3249 0.9846 0.1317 0.2105 0.2925 3.0087 0.681 0.0222 0.5426 0.7033 4.0978 -0.1479 0.1479 0.3985 0 0
63 220 1527 0 0 0 0 0 1.0004 0 0.6028 0.0367 0.1645 0.1759 1.1261 0.9775 0.2342 0.2918 0.3536 3.2614 0.676 0.1206 0.6071 0.774 4.0518 -0.154 0.154 0.4327 0 0
63 221 1472 0 0 0 0 0 1.0005 0 0.3423 0.0429 0.2601 0.3307 0.9141 0.9873 -0.1735 0.1898 0.2473 1.8954 0.7144 -0.0223 0.5849 0.7579 4.1054 -0.0019 0.0019 0.3872 0 0
63 222 1498 0 0 0 0 0 1.0002 0 0.8859 -0.189 0.189 0.2306 1.01 0.9884 0.3272 0.39 0.7396 10.533 0.7227 0.0992 0.551 0.7163 4.1897 -0.015 0.015 0.3851 0 0
63 223 1367 0 0 0 0 0 1.0004 0 0.8955 0.0807 0.1091 0.1495 1.1237 0.9872 -0.0874 0.1498 0.1948 2.2405 0.6368 -0.0708 0.6547 0.8456 4.1002 -0.0584 0.0584 0.4214 0 0
63 224 1479 0 0 0 0 0 1.0006 0 0.6811 -0.0066 0.1799 0.2111 0.9096 0.9849 0.2777 0.2928 0.3769 2.969 0.7692 0.1075 0.5445 0.7009 4.1038 -0.0058 0.0058 0.3725 0 0
63 225 1477 0 0 0 0 0 1.0005 0 0.9485 -0.0565 0.1297 0.1754 1.0204 0.9653 0.0714 0.3084 0.4548 4.9873 0.6845 0.0169 0.5765 0.7482 4.1399 -0.0309 0.0309 0.4584 0 0
63 226 1536 0 0 0 0 0 1.0003 0 0.8375 -0.0994 0.1027 0.1453 0.9401 0.9923 -0.019 0.1208 0.1505 1.6161 0.7416 -0.0181 0.5521 0.7151 4.166 0.0816 0.0816 0.3577 0 0
63 227 1533 0 0 0 0 0 1.0004 0 0.7152 0.1274 0.2472 0.3036 1.0692 0.9876 -0.2152 0.2463 0.3003 1.9872 0.7365 -0.1392 0.5655 0.7245 4.1142 -0.1576 0.1576 0.3971 0 0
63 228 1442 0 0 0 0 0 1.0007 0 0.7814 -0.1755 0.1755 0.2231 0.9937 0.9687 0.2923 0.3633 0.6671 7.0179 0.694 0.0467 0.5768 0.7379 4.1892 0.0714 0.0714 0.4261 0 0
63 229 1412 0 0 0 0 0 1.0002 0 -0.1215 -0.2026 0.2905 0.3257 1.0034 0.9681 0.5461 0.8981 1.2449 13.1772 0.6233 -0.0104 0.6137 0.781 4.5072 0.1895 0.1895 0.5078 0 0
63 230 1500 0 0 0 0 0 1.0002 0 0.9275 0.1266 0.228 0.3049 1.2905 0.9907 0.1374 0.1795 0.2261 2.7047 0.7783 0.0124 0.5272 0.6688 4.0796 -0.0076 0.0076 0.3607 0 0
63 231 1460 0 0 0 0 0 1.0008 0 0.9208 0.0227 0.122 0.1312 1.028 0.978 -0.0659 0.1873 0.235 2.1548 0.6943 0.0443 0.5681 0.7272 4.2152 0.0563 0.0563 0.4171 0 0
63 232 1498 0 0 0 0 0 1.0003 0 0.9575 -0.0445 0.081 0.1079 1.1626 0.9897 0.1522 0.1762 0.2363 2.224 0.7355 0.1653 0.5295 0.6897 4.0605 -0.0272 0.0272 0.3916 0 0
63 233 1495 0 0 0 0 0 1.0014 0 0.9341 -0.0809 0.1656 0.18 1.034 0.9658 0.1521 0.2738 0.4094 4.3239 0.7475 0.0473 0.5425 0.7054 4.4056 0.1923 0.1923 0.3807 0 0
63 234 1599 0 0 0 0 0 1.0003 0 0.7422 0.0671 0.1389 0.1697 0.8252 0.9883 -0.0204 0.1438 0.2111 1.5692 0.7982 0.0541 0.4756 0.6268 4.1364 0.0437 0.0437 0.3275 0 0
63 235 1548 0 0 0 0 0 1.0003 0 0.8007 -0.0501 0.1804 0.1901 1.0456 0.9874 0.0679 0.1935 0.2751 3.4343 0.7354 0.0368 0.5159 0.6587 4.0808 -0.0716 0.0716 0.3703 0 0
63 236 1508 0 0 0 0 0 1.0003 0 0.3267 -0.035 0.2134 0.2384 1.004 0.9841 0.2328 0.2544 0.3303 3.6275 0.6682 0.0998 0.5949 0.773 4.0864 -0.2506 0.2506 0.4555 0 0
63 237 1574 0 0 0 0 0 1.0007 0 -0.0195 -0.1545 0.2887 0.3258 0.98 0.9663 0.0928 0.2675 0.4327 3.0687 0.7564 -0.0025 0.5059 0.6492 4.2849 0.1629 0.1629 0.3353 0 0
63 238 1525 0 0 0 0 0 1.0004 0 0.5712 -0.0575 0.2144 0.2324 1.1814 0.9789 0.3205 0.3881 0.5387 6.1482 0.6922 0.1168 0.6006 0.7778 4.0524 -0.0894 0.0894 0.4364 0 0
63 239 1524 0 0 0 0 0 1.0005 0 0.595 0.0252 0.2048 0.2393 1.1048 0.9832 0.0852 0.1698 0.2255 2.1709 0.7675 0.138 0.5213 0.6565 4.0765 -0.0151 0.0151 0.3464 0 0
63 240 1472 0 0 0 0 0 1.0004 0 0.8492 -0.0875 0.1371 0.1474 0.9082 0.991 0.0257 0.177 0.2113 3.2886 0.6961 0.0629 0.4932 0.6406 4.1387 -0.0828 0.0828 0.4287 0 0
63 241 1504 0 0 0 0 0 1.0003 0 0.7813 -0.0567 0.1624 0.2085 0.8903 0.988 -0.0084 0.1594 0.2048 2.3935 0.7188 0.115 0.5841 0.7547 4.4324 0.215 0.215 0.3175 0 0
63 242 1489 0 0 0 0 0 1.0004 0 0.9236 0.0122 0.0735 0.1006 0.9006 0.9934 -0.1215 0.1729 0.209 3.1658 0.6954 -0.1155 0.5659 0.7185 4.2285 0.1219 0.1219 0.3791 0 0
63 243 1441 0 0 0 0 0 1.0003 0 0.8971 0.0247 0.1098 0.1376 1.0348 0.9913 0.0859 0.1695 0.2388 1.8518 0.7564 0.0469 0.5484 0.7293 4.0856 0.0194 0.0194 0.3564 0 0
63 244 1557 0 0 0 0 0 1.0003 0 0.7948 0.0033 0.1278 0.1534 0.9045 0.9801 0.2234 0.2999 0.5502 7.3664 0.7422 6e-04 0.5132 0.652 4.0842 -0.0968 0.0968 0.373 0 0
63 245 1506 0 0 0 0 0 1.0011 0 0.9127 -0.1062 0.1492 0.1909 1.0346 0.9903 -0.0024 0.2101 0.3309 4.7236 0.7154 -0.0517 0.5377 0.7125 4.2138 0.1267 0.1267 0.3624 0 0
63 246 1487 0 0 0 0 0 1.0003 0 0.7333 -0.124 0.1673 0.2038 0.8312 0.994 0.0064 0.1417 0.19 3.2685 0.7063 -0.0813 0.5402 0.7107 4.1383 -0.0338 0.0338 0.435 0 0
63 247 1497 0 0 0 0 0 1.0005 0 0.5795 -0.0337 0.1631 0.2212 0.9261 0.9774 0.1706 0.2404 0.3147 1.9187 0.7048 0.01 0.5756 0.7313 4.12 0.0293 0.0293 0.3986 0 0
63 248 1497 0 0 0 0 0 1.0003 0 0.9506 -0.1432 0.1432 0.1798 0.9796 0.9908 -0.0403 0.2011 0.2716 2.662 0.6857 -0.0894 0.5298 0.671 4.1175 0.0135 0.0135 0.4501 0 0
63 249 1375 0 0 0 0 0 1.0004 0 0.6189 -0.0598 0.1382 0.1889 0.9893 0.9825 0.1157 0.2559 0.3665 7.2948 0.6944 0.0181 0.5593 0.6975 4.5407 0.0346 0.0346 0.6364 0 0
63 250 1477 0 0 0 0 0 1.0005 0 0.2933 0.0765 0.3291 0.4742 1.7352 0.9789 0.2115 0.3317 0.4299 4.1115 0.5951 0.0168 0.6615 0.8407 4.0515 -0.1939 0.1939 0.4369 0 0
63 251 1363 0 0 0 0 0 1.0002 0 0.7757 0.0538 0.1717 0.2116 1.1646 0.9755 0.1145 0.2418 0.3152 2.4742 0.6607 -0.0307 0.5676 0.7553 4.1556 0.0296 0.0296 0.431 0 0
63 252 1353 0 0 0 0 0 1.0004 0 0.8432 -0.0074 0.1123 0.1519 1.0705 0.9917 -0.0999 0.1694 0.2266 3.1718 0.7 0.0584 0.5671 0.7504 4.1493 -0.0725 0.0725 0.49 0 0
63 253 1518 0 0 0 0 0 1.001 0 0.6045 -0.182 0.3168 0.3438 1.6503 0.9947 -0.0974 0.4651 0.6716 6.0324 0.6739 0.0189 0.5616 0.7386 4.059 -0.1032 0.1032 0.4408 0 0
63 254 1555 0 0 0 0 0 1.0004 0 0.1626 -0.0508 0.2183 0.2477 0.8638 0.9792 0.1765 0.3417 0.431 3.9863 0.7202 0.0936 0.5651 0.7246 4.1626 0.0672 0.0672 0.3753 0 0
63 255 1523 0 0 0 0 0 1.0004 0 0.7084 -0.1137 0.2126 0.2358 1.2534 0.9815 0.0683 0.2562 0.3121 3.0816 0.6963 0.0642 0.5868 0.742 4.1641 0.062 0.062 0.4066 0 0
63 256 1474 0 0 0 0 0 1.0002 0 0.7532 0.069 0.138 0.1663 0.944 0.9769 -0.1157 0.232 0.3179 3.0135 0.7331 0.0215 0.5746 0.728 4.1098 0.0499 0.0499 0.3687 0 0
63 257 1533 0 0 0 0 0 1.0005 0 0.6493 0.0288 0.1714 0.1911 0.9795 0.9869 0.0924 0.1773 0.2408 2.4486 0.7604 0.0489 0.5374 0.6994 4.2317 0.0958 0.0958 0.3416 0 0
63 258 1539 0 0 0 0 0 1.0006 0 0.6683 -0.0346 0.1797 0.216 1.0168 0.9931 -0.1563 0.1657 0.2374 3.4697 0.7404 -0.0792 0.5524 0.7158 4.0573 -0.1183 0.1183 0.4019 0 0
63 259 1475 0 0 0 0 0 1.0009 0 0.882 -0.0931 0.1649 0.2238 1.0599 0.9887 -0.1463 0.2077 0.2555 3.3034 0.7117 -0.107 0.5259 0.6967 4.0435 -0.0206 0.0206 0.3647 0 0
63 260 1498 0 0 0 0 0 1.0011 0 0.017 0.2089 0.2568 0.3565 1.1084 0.9722 0.068 0.1899 0.2308 2.1944 0.7516 0.0317 0.571 0.7311 4.1759 0.0521 0.0521 0.3587 0 0
63 261 1483 0 0 0 0 0 1.0005 0 0.9362 -0.0622 0.1484 0.1512 0.9887 0.9907 0.0285 0.1262 0.1742 3.1435 0.6978 0.0739 0.5767 0.7772 4.1303 -0.1859 0.1859 0.4426 0 0
63 262 1427 0 0 0 0 0 1.0003 0 -0.3038 -0.0685 0.227 0.2637 1.2418 0.9636 -0.209 0.3189 0.4734 5.3757 0.6707 -0.0786 0.5783 0.7458 4.1685 0.0016 0.0016 0.4399 0 0
63 263 1516 0 0 0 0 0 1.0003 0 0.926 -0.1108 0.2041 0.2479 1.0486 0.973 0.0203 0.2236 0.2889 2.2459 0.7724 -0.0265 0.4758 0.6245 4.0544 -0.0223 0.0223 0.3403 0 0
63 264 1496 0 0 0 0 0 1.0003 0 0.565 -0.0705 0.2676 0.3235 1.3043 0.9393 -0.1868 0.524 0.9406 11.801 0.6995 0.1381 0.557 0.7376 4.0763 -0.0668 0.0668 0.4095 0 0
63 265 1476 0 0 0 0 0 1.0006 0 0.5922 -0.0721 0.1662 0.2126 1.1403 0.9637 -0.0126 0.2435 0.3084 3.1588 0.6642 -0.0014 0.5972 0.7707 4.0405 -0.1679 0.1679 0.4408 0 0
63 266 1493 0 0 0 0 0 1.0005 0 0.6592 -0.0795 0.123 0.1755 0.9769 0.9812 0.0373 0.2053 0.3436 3.7355 0.6978 0.1039 0.5394 0.6943 4.1384 -4e-04 4e-04 0.4786 0 0
63 267 1496 0 0 0 0 0 1.0008 0 0.6958 -0.1204 0.189 0.2537 1.0206 0.9934 -0.0683 0.2422 0.3067 4.0433 0.6925 -0.0468 0.566 0.7487 4.1895 0.0637 0.0637 0.4615 0 0
63 268 1559 0 0 0 0 0 1.0005 0 0.9415 0.0783 0.1694 0.2025 1.0443 0.9891 -0.0361 0.1557 0.1999 2.2817 0.7611 -0.0309 0.5169 0.673 4.1285 0.0163 0.0163 0.3424 0 0
63 269 1554 0 0 0 0 0 1.0003 0 0.9241 -0.1227 0.1336 0.1584 0.9232 0.9919 0.1172 0.2115 0.252 2.7992 0.7298 0.0207 0.5381 0.691 4.1323 -0.1442 0.1442 0.5039 0 0
63 270 1478 0 0 0 0 0 1.0003 0 0.0169 -0.0516 0.2104 0.2572 0.9954 0.9857 0.1136 0.2341 0.2844 3.6618 0.6612 0.0556 0.5762 0.7329 4.1486 -0.2523 0.2523 0.5291 0 0
63 271 1475 0 0 0 0 0 1.0003 0 0.931 0.0544 0.0855 0.0986 0.9461 0.9869 -0.1091 0.1874 0.2211 1.609 0.7464 -0.0999 0.5662 0.729 4.0901 -0.003 0.003 0.3845 0 0
63 272 1517 0 0 0 0 0 1.0004 0 0.9484 -0.0635 0.0979 0.1081 0.8794 0.9876 -0.0164 0.2061 0.2655 2.5939 0.7789 0.0404 0.5456 0.6977 4.2927 0.19 0.19 0.3449 0 0
63 273 1512 0 0 0 0 0 1.0005 0 0.2656 -0.126 0.2154 0.2399 1.0045 0.9921 0.2076 0.2348 0.2863 2.4962 0.7394 0.1183 0.5199 0.6628 4.1866 0.0237 0.0237 0.4161 0 0
63 274 1508 0 0 0 0 0 1.0009 0 0.5245 -0.0432 0.2401 0.2529 1.0784 0.9577 0.2842 0.421 0.8987 12.127 0.6675 0.0686 0.6147 0.7777 4.1238 -0.0351 0.0351 0.4534 0 0
63 275 1459 0 0 0 0 0 1.0003 0 0.911 -0.1257 0.1405 0.1599 1.0145 0.9949 -0.1003 0.1582 0.1946 2.4237 0.7155 -0.0814 0.54 0.699 4.2028 -0.0871 0.0871 0.4644 0 0
63 276 1493 0 0 0 0 0 1.001 0 0.7527 -0.0056 0.1603 0.1949 1.1069 0.9822 -0.1101 0.18 0.2294 2.3798 0.7457 -0.1246 0.5417 0.6977 4.037 -0.0783 0.0783 0.3656 0 0
63 277 1557 0 0 0 0 0 1.0006 0 0.7629 0.1418 0.1695 0.22 1.0636 0.9954 -0.1327 0.1753 0.2142 1.187 0.8078 -0.0903 0.5118 0.6532 4.1057 -0.0439 0.0439 0.3353 0 0
63 278 1429 0 0 0 0 0 1.0006 0 0.7111 0.0889 0.1167 0.1559 0.9046 0.9837 0.0436 0.174 0.2076 2.0762 0.675 0.041 0.5613 0.711 4.0572 -0.1434 0.1434 0.4669 0 0
63 279 1557 0 0 0 0 0 1.003 0 0.852 -0.0706 0.1904 0.2239 1.6212 0.9729 0.0152 0.4217 0.5848 6.642 0.7167 -0.1468 0.608 0.7604 4.2582 -0.0971 0.0971 0.4797 0 0
63 280 1368 0 0 0 0 0 1.001 0 0.0176 0.0595 0.219 0.243 0.9687 0.9856 0.1484 0.2486 0.3212 6.4447 0.674 0.0706 0.6069 0.7888 4.1677 -0.0282 0.0282 0.4572 0 0
63 281 1571 0 0 0 0 0 1.0003 0 0.9713 -0.2136 0.2171 0.2447 1.0786 0.9957 -0.0171 0.2391 0.3086 3.4294 0.723 0.0444 0.5068 0.6623 4.2935 0.0137 0.0137 0.4756 0 0
63 282 1453 0 0 0 0 0 1.0003 0 0.291 -0.1719 0.1871 0.3388 1.0849 0.9764 0.301 0.48 0.8997 11.782 0.6333 0.014 0.6367 0.8044 4.1251 -0.0233 0.0233 0.4519 0 0
63 283 1517 0 0 0 0 0 1.0007 0 0.3864 -0.0358 0.1263 0.192 1.0021 0.9824 -0.01 0.2597 0.3411 4.8719 0.7284 -0.0706 0.5711 0.7429 4.0399 -0.0474 0.0474 0.3839 0 0
63 284 1509 0 0 0 0 0 1.0003 0 0.881 -0.1055 0.1224 0.1508 0.8529 0.992 0.0209 0.14 0.2129 2.4443 0.7575 0.0322 0.4903 0.6319 4.0808 -0.0297 0.0297 0.3724 0 0
63 285 1540 0 0 0 0 0 1.0003 0 0.2865 -0.0944 0.2013 0.2827 0.9446 0.9537 -0.1091 0.2933 0.4815 3.9326 0.7034 0.0474 0.5505 0.7277 4.0884 -0.0086 0.0086 0.4056 0 0
63 286 1403 0 0 0 0 0 1.0006 0 0.8564 -0.0499 0.0989 0.1181 1.0477 0.9788 0.0029 0.1984 0.276 2.8094 0.7249 0.092 0.5705 0.7373 4.147 -0.0491 0.0491 0.4353 0 0
63 287 1412 0 0 0 0 0 1.0004 0 -0.1462 0.0628 0.1887 0.2329 0.9626 0.9617 0.1694 0.2877 0.3222 2.013 0.6672 -0.0246 0.5918 0.758 4.1555 -0.0041 0.0041 0.4515 0 0
63 288 1451 0 0 0 0 0 1.0005 0 0.8332 -0.0183 0.1009 0.1178 0.8899 0.9899 0.0999 0.1549 0.193 2.7472 0.6915 0.0807 0.5536 0.7553 4.128 0.0122 0.0122 0.3934 0 0
63 289 1476 0 0 0 0 0 1.0007 0 0.8475 -0.0882 0.1457 0.1982 0.9582 0.9911 0.0669 0.1622 0.2011 2.4445 0.7227 0.0839 0.5428 0.7086 4.1377 0.0667 0.0667 0.3442 0 0
63 290 1503 0 0 0 0 0 1.0007 0 0.9609 0.0028 0.1198 0.1284 1.3742 0.9555 0.0064 0.2413 0.3408 4.4808 0.7606 -0.021 0.5246 0.6787 4.1523 -0.188 0.188 0.4326 0 0
63 291 1425 0 0 0 0 0 1.0006 0 0.1102 -0.0699 0.2553 0.3113 1.4161 0.9858 -0.4246 0.6261 0.8923 10.7002 0.595 0.0042 0.5937 0.7464 4.1718 -0.1275 0.1275 0.5425 0 0
63 292 1469 0 0 0 0 0 1.001 0 0.5722 -0.1451 0.1678 0.2078 0.9611 0.9761 -0.1033 0.3027 0.3989 4.1627 0.6651 -0.0073 0.5782 0.748 4.2301 0.0557 0.0557 0.4829 0 0
63 293 1501 0 0 0 0 0 1.0007 0 0.8565 -0.1166 0.1631 0.2 1.1535 0.9855 0.0135 0.2944 0.3979 3.8345 0.6364 0.0393 0.6567 0.8399 4.235 0.1479 0.1479 0.3788 0 0
63 294 1889 0 0 0 0 0 1.0008 0 0.4885 -0.215 0.2509 0.2738 0.9451 0.9758 0.2085 0.5417 0.7841 9.8311 0.6818 -0.1402 0.5615 0.7091 4.1918 0.0852 0.0852 0.4912 0 0
63 295 1461 0 0 0 0 0 1.0005 0 0.8615 0.2051 0.2051 0.2451 1.1035 0.976 0.0013 0.1925 0.2368 1.6945 0.7154 0.0359 0.5998 0.7862 4.1061 -0.0337 0.0337 0.4208 0 0
63 296 1458 0 0 0 0 0 1.0011 0 0.8948 -0.1515 0.2388 0.2715 1.3793 0.9516 -0.1094 0.5489 0.9642 10.6378 0.6577 -0.0907 0.5609 0.7428 4.1847 0.044 0.044 0.4691 0 0
63 297 1484 0 0 0 0 0 1.0009 0 0.6227 0.0382 0.1523 0.2091 1.1097 0.9971 0.0883 0.1176 0.1516 3.2498 0.7373 0.1535 0.5758 0.7416 4.1313 -0.0738 0.0738 0.4879 0 0
63 298 1555 0 0 0 0 0 1.0002 0 0.9009 -0.0995 0.1994 0.3248 0.8825 0.9941 0.0408 0.1252 0.1613 1.8244 0.766 -0.0191 0.5495 0.6996 4.0431 -0.0646 0.0646 0.358 0 0
63 299 1452 0 0 0 0 0 1.0004 0 0.3659 -0.0994 0.3001 0.3234 1.1386 0.9841 0.11 0.5095 0.7586 6.3716 0.716 0.0644 0.5391 0.6969 4.1965 0.0597 0.0597 0.4052 0 0
63 300 1499 0 0 0 0 0 1.0003 0 0.9091 -0.0238 0.0934 0.1122 0.8545 0.9934 0.2261 0.2423 0.2983 4.4587 0.6889 0.1663 0.6488 0.817 4.3484 0.1467 0.1467 0.3555 0 0
63 301 1469 0 0 0 0 0 1.0006 0 0.3036 -0.0567 0.2073 0.2319 1.1132 0.9771 0.0158 0.3233 0.4762 5.0041 0.6395 0.005 0.596 0.7428 4.0927 -0.1305 0.1305 0.4679 0 0
63 302 1473 0 0 0 0 0 1.0003 0 0.923 -0.0268 0.0821 0.1181 1.0948 0.9912 0.027 0.1619 0.2097 3.2678 0.6894 -0.0505 0.5589 0.7235 4.104 -0.0343 0.0343 0.3935 0 0
63 303 1524 0 0 0 0 0 1.0015 0 0.877 -0.0191 0.1762 0.2074 1.1561 0.9801 0.0492 0.2329 0.3112 4.7606 0.6785 -0.0064 0.5503 0.7345 4.0592 -0.068 0.068 0.4152 0 0
63 304 1444 0 0 0 0 0 1.0002 0 0.6944 -0.0474 0.1969 0.2287 0.9704 0.9275 0.1686 0.3297 0.544 5.7552 0.7162 -0.0011 0.5748 0.7403 4.2374 0.033 0.033 0.4438 0 0
63 305 1508 0 0 0 0 0 1.0003 0 0.9228 -0.1369 0.1369 0.1689 1.0691 0.9826 -0.1 0.2842 0.4266 5.3159 0.6959 -0.0347 0.5747 0.7297 4.2198 0.0582 0.0582 0.4523 0 0
63 306 1453 0 0 0 0 0 1.0007 0 0.8019 0.0048 0.1599 0.1929 0.9922 0.9917 -0.056 0.1334 0.173 3.6512 0.7612 0.0236 0.5044 0.6649 4.1651 0.0562 0.0562 0.4089 0 0
63 307 1538 0 0 0 0 0 1.0007 0 0.5988 -0.206 0.2236 0.2508 0.8894 0.9957 -0.0189 0.2048 0.2587 4.5473 0.7274 -0.1353 0.5665 0.7363 4.1388 0.0219 0.0219 0.4017 0 0
63 308 1457 0 0 0 0 0 1.0004 0 0.7144 0.0947 0.1706 0.1773 0.946 0.9887 -0.194 0.2314 0.2675 4.3065 0.6736 -0.1135 0.6128 0.7844 4.0966 -0.0932 0.0932 0.4313 0 0
63 309 1490 0 0 0 0 0 1.0005 0 0.8936 -0.1253 0.1344 0.1621 1.0155 0.9939 0.05 0.1616 0.2282 3.1796 0.6965 0.0123 0.5591 0.7242 4.2531 0.1015 0.1015 0.4232 0 0
63 310 1479 0 0 0 0 0 1.0006 0 0.7429 -0.1055 0.1924 0.2129 1.0198 0.986 -0.0722 0.2213 0.3895 5.9523 0.7318 0.0858 0.5561 0.7115 4.1046 -0.0804 0.0804 0.4339 0 0
63 311 1446 0 0 0 0 0 1.0006 0 0.7962 -0.0823 0.1606 0.2163 1.0307 0.9667 0.068 0.3163 0.4233 5.2897 0.6742 0.0625 0.5584 0.7244 4.1203 -0.0159 0.0159 0.4389 0 0
63 312 1480 0 0 0 0 0 1.0003 0 0.6972 -0.1057 0.1126 0.1469 0.857 0.9905 0.0957 0.1794 0.2117 3.8125 0.692 0.1337 0.5927 0.7343 4.2249 0.1008 0.1008 0.3949 0 0
63 313 1547 0 0 0 0 0 1.0014 0 0.6335 0.0693 0.2078 0.2352 0.9752 0.985 -0.0567 0.2048 0.2639 3.0061 0.7134 0.0441 0.539 0.6919 4.0552 -0.0444 0.0444 0.3659 0 0
63 314 1433 0 0 0 0 0 1.0005 0 0.5603 0.0173 0.1366 0.1759 0.9413 0.9752 -0.1313 0.2852 0.3615 3.2237 0.6154 -0.01 0.6608 0.845 4.0815 -0.1414 0.1414 0.4287 0 0
63 315 1508 0 0 0 0 0 1.0002 0 0.8721 0.0315 0.1612 0.1796 0.969 0.987 0.0909 0.1449 0.1921 1.6825 0.7366 0.0393 0.5806 0.7743 4.1249 0.015 0.015 0.3999 0 0
63 316 1528 0 0 0 0 0 1.0004 0 0.9129 -0.1701 0.1785 0.2198 0.8836 0.9941 0.077 0.2001 0.2719 2.2048 0.6929 0.0891 0.559 0.7441 4.0761 -0.0852 0.0852 0.4181 0 0
63 317 1501 0 0 0 0 0 1.0004 0 0.8472 0.006 0.1798 0.2051 1.026 0.982 -0.1189 0.2109 0.2823 2.4079 0.714 -0.0324 0.555 0.7383 4.1468 0.0274 0.0274 0.3711 0 0
63 318 1439 0 0 0 0 0 1.0006 0 0.7056 0.0621 0.1062 0.1225 0.9749 0.9906 -0.1458 0.2072 0.2345 1.9087 0.7075 -0.0818 0.5703 0.7314 4.1113 -0.1133 0.1133 0.436 0 0
63 319 1431 0 0 0 0 0 1.0003 0 0.5332 -0.0129 0.1355 0.1768 1.0606 0.9923 0.1217 0.1949 0.2385 4.1275 0.7104 0.0433 0.5758 0.7265 4.212 0.0785 0.0785 0.3805 0 0
63 320 1477 0 0 0 0 0 1.0007 0 0.7831 0.1013 0.1166 0.1525 0.9609 0.9882 -0.0246 0.1986 0.2459 2.0049 0.7234 -0.0341 0.5456 0.7116 4.144 0.0325 0.0325 0.3918 0 0
63 321 1537 0 0 0 0 0 1.0002 0 0.5833 -0.0239 0.1993 0.2186 0.8738 0.9805 -0.0054 0.1805 0.2227 2.5805 0.7693 -0.0702 0.5387 0.6898 4.0531 0.0216 0.0216 0.3483 0 0
63 322 1505 0 0 0 0 0 1.0007 0 0.6639 -0.0201 0.3112 0.3501 1.2183 0.9496 0.0182 0.4023 0.5548 5.4722 0.6988 -0.0956 0.5904 0.761 4.1216 0.0502 0.0502 0.3885 0 0
63 323 1534 0 0 0 0 0 1.0002 0 -0.0611 0.1375 0.1956 0.2014 0.8804 0.99 -0.0048 0.2124 0.2406 1.7584 0.7333 -0.0024 0.5451 0.6909 4.079 0.005 0.005 0.3467 0 0
63 324 1475 0 0 0 0 0 1.0004 0 0.0593 -0.0598 0.1428 0.1555 0.8894 0.9866 0.0816 0.2365 0.3116 4.6349 0.6655 0.1209 0.6251 0.7742 4.1994 0.0326 0.0326 0.54 0 0
63 325 1468 0 0 0 0 0 1.0005 0 0.8377 0.0103 0.1582 0.1735 1.1822 0.9782 0.0671 0.1921 0.2563 2.1329 0.7527 -0.068 0.5489 0.6899 4.1155 -0.0512 0.0512 0.4253 0 0
63 326 1497 0 0 0 0 0 1.0004 0 0.8636 -0.0402 0.0962 0.1085 0.9373 0.99 -0.01 0.1492 0.1788 2.9323 0.6751 0.0313 0.5788 0.74 4.1626 -0.0588 0.0588 0.48 0 0
63 327 1529 0 0 0 0 0 1.0007 0 0.9388 0.0081 0.0681 0.0762 0.8527 0.9933 0.0509 0.1343 0.1527 2.1952 0.7356 0.0394 0.5429 0.7261 4.2494 0.1451 0.1451 0.3641 0 0
63 328 1509 0 0 0 0 0 1.0014 0 0.8772 -0.0472 0.185 0.2164 1.3257 0.9891 -0.1328 0.3079 0.4656 7.7651 0.6813 0.0774 0.5871 0.7819 4.1677 -0.2224 0.2224 0.4282 0 0
63 329 1448 0 0 0 0 0 1.0002 0 0.9933 0.0822 0.0845 0.1003 0.9726 0.9825 -0.0804 0.1662 0.196 1.6303 0.7386 -0.0137 0.574 0.7395 4.397 0.1683 0.1683 0.3528 0 0
63 330 1470 0 0 0 0 0 1.0009 0 0.682 -0.0083 0.1917 0.2198 0.9846 0.9395 -0.4329 0.4962 1.0403 11.4602 0.6835 -0.0319 0.5539 0.7099 4.2288 0.0897 0.0897 0.4038 0 0
63 331 1457 0 0 0 0 0 1.0007 0 0.8043 0.0326 0.1037 0.1161 0.9819 0.9876 -0.0817 0.1739 0.2281 2.8356 0.6726 -0.0456 0.5892 0.7438 4.2292 -0.0589 0.0589 0.5029 0 0
63 332 1431 0 0 0 0 0 1.0005 0 0.7019 -0.1439 0.1634 0.2164 1.1205 0.966 0.4425 0.5061 0.8359 9.2284 0.625 0.2021 0.6064 0.7984 4.1502 -0.0526 0.0526 0.5486 0 0
63 333 1476 0 0 0 0 0 1.0008 0 0.3592 -0.2066 0.2639 0.3357 1.1088 0.8428 -0.7049 1.0323 2.0458 24.0244 0.5955 -0.0584 0.6332 0.8045 4.2591 0.0574 0.0574 0.5287 0 0
63 334 1546 0 0 0 0 0 1.0005 0 0.9523 0.0311 0.0604 0.0892 1.0127 0.9935 -0.1655 0.1952 0.2296 3.3086 0.7296 -0.1176 0.5728 0.7276 4.1278 0.0427 0.0427 0.3958 0 0
63 335 1482 0 0 0 0 0 1.0006 0 0.7701 -0.0766 0.1606 0.1917 0.8832 0.9836 -0.0791 0.2155 0.2447 2.6141 0.6787 -0.1473 0.5843 0.7851 4.1991 0.0892 0.0892 0.3843 0 0
63 336 1431 0 0 0 0 0 1.0004 0 0.8234 0.0411 0.1433 0.1698 1.064 0.9878 -0.2155 0.2285 0.3 3.3218 0.6566 -0.0807 0.6246 0.7971 4.1576 0.0553 0.0553 0.4229 0 0
63 337 1460 0 0 0 0 0 1.0006 0 0.4539 -0.127 0.1803 0.2198 0.964 0.9887 0.201 0.3025 0.3691 4.708 0.6252 0.0085 0.6323 0.7944 4.2249 -0.0643 0.0643 0.5694 0 0
63 338 1553 0 0 0 0 0 1.0004 0 0.6828 -0.0692 0.1865 0.1966 0.9176 0.987 0.0429 0.2078 0.2868 3.3238 0.73 0.1422 0.5747 0.7207 4.0331 -0.1167 0.1167 0.4067 0 0
63 339 1439 0 0 0 0 0 1.0007 0 0.7905 -0.0969 0.168 0.2016 0.9436 0.9709 0.135 0.2724 0.3399 3.3769 0.6766 0.1079 0.5933 0.7508 4.2994 0.1418 0.1418 0.3937 0 0
63 340 1431 0 0 0 0 0 1.0003 0 0.9392 -0.124 0.1817 0.1986 1.2204 0.991 0.0974 0.1784 0.2405 2.8826 0.6936 0.0528 0.5729 0.7253 4.0932 -0.1494 0.1494 0.4715 0 0
63 341 1463 0 0 0 0 0 1.001 0 0.9559 -0.0884 0.0983 0.1264 1.1131 0.9914 -0.0682 0.1842 0.2521 3.5954 0.666 -0.0728 0.5686 0.739 4.1507 -0.2162 0.2162 0.475 0 0
63 342 1502 0 0 0 0 0 1.0005 0 0.9296 -0.018 0.117 0.127 0.9813 0.9928 0.1376 0.1678 0.2142 1.9276 0.7354 0.026 0.5242 0.6846 4.0743 -0.1648 0.1648 0.4085 0 0
63 343 1508 0 0 0 0 0 1.0001 0 0.7401 0.0627 0.1655 0.1827 0.9853 0.9703 -0.1067 0.2463 0.3324 2.1943 0.7296 -0.0026 0.5393 0.7008 4.1801 -0.1002 0.1002 0.4237 0 0
63 344 1575 0 0 0 0 0 1.0001 0 0.8234 0.0118 0.1742 0.2153 1.1193 0.9927 0.1265 0.183 0.2172 2.503 0.6941 0.1234 0.5436 0.7065 4.0598 -0.1007 0.1007 0.3771 0 0
63 345 1429 0 0 0 0 0 1.0003 0 0.6615 -0.0019 0.1766 0.2592 1.2472 0.9864 -0.2601 0.329 0.4983 4.7782 0.6228 -0.0398 0.6246 0.8209 4.1997 0.0575 0.0575 0.4151 0 0
63 346 1462 0 0 0 0 0 1.0005 0 0.4438 -0.1531 0.2221 0.4249 1.0861 0.9935 0.0611 0.1622 0.2278 3.7802 0.7592 -0.0541 0.5632 0.7124 4.2265 0.0344 0.0344 0.4286 0 0
63 347 1428 0 0 0 0 0 1.0004 0 0.8892 -0.0931 0.1055 0.1466 0.9425 0.9964 -0.0298 0.0901 0.1225 2.0523 0.7038 -0.0316 0.5366 0.7019 4.1057 -0.1194 0.1194 0.4084 0 0
63 348 1523 0 0 0 0 0 1.0003 0 0.6976 0.0306 0.1822 0.2203 0.9496 0.9814 0.0238 0.1791 0.2312 2.1508 0.7307 2e-04 0.566 0.7588 4.1026 0.0033 0.0033 0.3669 0 0
63 349 1485 0 0 0 0 0 1.0012 0 0.123 0.2053 0.242 0.2623 0.9181 0.9857 -0.0084 0.155 0.1879 1.154 0.7292 0.0322 0.6001 0.7766 4.0765 -0.1093 0.1093 0.4031 0 0
63 350 1446 0 0 0 0 0 1.0002 0 0.8554 -0.0121 0.0709 0.0839 0.9234 0.9969 0.0718 0.1235 0.1409 3.0668 0.6919 -0.0105 0.5603 0.7249 4.1439 -0.1779 0.1779 0.4283 0 0
63 351 1509 0 0 0 0 0 1.001 0 0.7005 -0.0807 0.1444 0.1606 0.9359 0.992 -0.2435 0.2933 0.3873 3.017 0.7125 -0.1619 0.552 0.7183 4.153 0.0518 0.0518 0.3555 0 0
63 352 1528 0 0 0 0 0 1.0001 0 0.9135 0.0108 0.103 0.1217 0.9756 0.9628 -0.1033 0.2678 0.3331 3.7373 0.7041 0.0255 0.6048 0.7787 4.1323 -0.0082 0.0082 0.4305 0 0
63 353 1412 0 0 0 0 0 1.0006 0 0.7803 -0.0691 0.2609 0.2772 1.1113 0.9675 -0.0938 0.4666 0.6012 5.318 0.6439 -0.1055 0.6276 0.8047 4.1896 0.0607 0.0607 0.4149 0 0
63 354 1456 0 0 0 0 0 1.001 0 0.0194 0.0466 0.1257 0.173 0.9438 0.9871 0.0684 0.1497 0.1804 2.1862 0.7066 0.0441 0.5706 0.757 4.0751 -0.1036 0.1036 0.4219 0 0
63 355 1602 0 0 0 0 0 1.0008 0 0.5051 -0.0048 0.2134 0.2378 0.8904 0.986 -0.2674 0.2735 0.3451 1.5873 0.7639 -0.1166 0.5166 0.6935 4.0825 -0.1456 0.1456 0.3673 0 0
63 356 1478 0 0 0 0 0 1.0003 0 0.8878 -0.0015 0.1157 0.1319 0.8826 0.9917 0.0368 0.1774 0.2117 2.9867 0.7222 0.012 0.5844 0.7653 4.2119 0.0816 0.0816 0.3951 0 0
63 357 1521 0 0 0 0 0 1.0007 0 0.899 0.1023 0.1416 0.2351 1.1928 0.9972 -0.1929 0.1966 0.2316 3.2084 0.7358 -0.101 0.5782 0.7296 4.1089 0.0475 0.0475 0.3403 0 0
63 358 1475 0 0 0 0 0 1.0003 0 0.7575 -0.0096 0.0964 0.1218 1.0655 0.9863 0.0406 0.2105 0.2739 4.707 0.7114 -0.0437 0.5867 0.7381 4.1232 -0.0506 0.0506 0.4552 0 0
63 359 1585 0 0 0 0 0 1.0004 0 0.9112 -0.1889 0.1995 0.2482 1.1151 0.989 -0.0789 0.2449 0.3332 3.8193 0.6956 0.1836 0.5749 0.7437 4.2672 -0.0082 0.0082 0.4909 0 0
63 360 1484 0 0 0 0 0 1.0002 0 0.9278 -0.2378 0.2378 0.2636 0.9981 0.9847 -0.1991 0.2696 0.4296 4.1773 0.682 -0.0178 0.5564 0.7291 4.0478 -0.1174 0.1174 0.3949 0 0
63 361 1518 0 0 0 0 0 1.0005 0 0.5034 0.0176 0.285 0.3138 1.1679 0.9266 0.2766 0.6001 0.7846 8.5912 0.7042 0.0817 0.6041 0.748 4.1 -0.2284 0.2284 0.4424 0 0
63 362 1454 0 0 0 0 0 1.0003 0 0.5976 -0.0066 0.2378 0.3214 1.56 0.9945 0.129 0.1706 0.2107 2.9934 0.679 0.1265 0.5764 0.7577 4.1117 -0.0114 0.0114 0.4129 0 0
63 363 1547 0 0 0 0 0 1.0005 0 0.8496 -0.1701 0.2138 0.2463 1.0604 0.9844 0.3168 0.4315 0.6082 6.2662 0.7408 0.1038 0.5514 0.703 4.1321 0.0485 0.0485 0.3814 0 0
63 364 1533 0 0 0 0 0 1.0006 0 0.7428 -0.0146 0.1409 0.1954 0.9411 0.9086 0.3671 0.5628 1.0334 11.0997 0.72 0.0479 0.5675 0.7242 4.1139 -0.0853 0.0853 0.4376 0 0
63 365 1413 0 0 0 0 0 1.0006 0 0.47 0.0583 0.2286 0.2415 1.0838 0.9481 -0.0079 0.3847 0.4629 5.12 0.6351 0.068 0.6018 0.7567 4.0375 -0.1922 0.1922 0.4936 0 0
63 366 1532 0 0 0 0 0 1.0005 0 0.8794 0.0442 0.1672 0.1853 1.2127 0.9891 0.0398 0.1424 0.1789 2.447 0.6858 0.0406 0.5756 0.7403 4.046 -0.0452 0.0452 0.3651 0 0
63 367 1521 0 0 0 0 0 1.0001 0 0.7048 0.1323 0.2204 0.2593 1.0483 0.988 -0.0175 0.1655 0.207 2.2792 0.7016 0.0396 0.5718 0.7286 4.0949 -0.0484 0.0484 0.3758 0 0
63 368 1478 0 0 0 0 0 1.0003 0 0.8326 0.1207 0.1295 0.1974 1.0995 0.9874 -0.0479 0.2211 0.2617 2.2092 0.7079 -0.0638 0.5503 0.6844 4.2122 -0.0355 0.0355 0.459 0 0
63 369 1482 0 0 0 0 0 1.0004 0 0.3396 0.0131 0.2472 0.274 0.9807 0.9594 0.0887 0.3027 0.3851 3.8087 0.7053 0.0144 0.5967 0.7622 4.0832 -0.0215 0.0215 0.3668 0 0
63 370 1520 0 0 0 0 0 1.0005 0 0.8667 -0.0836 0.1221 0.1716 0.9769 0.9864 0.0842 0.1886 0.2693 3.8085 0.7147 -0.0115 0.5522 0.7071 4.2551 0.0703 0.0703 0.3801 0 0
63 371 1466 0 0 0 0 0 1.0009 0 0.8449 0.0825 0.1351 0.1516 1.0036 0.9889 -0.0994 0.1946 0.2431 2.5925 0.6694 -0.0232 0.6103 0.7955 4.2835 0.1319 0.1319 0.3923 0 0
63 372 1527 0 0 0 0 0 1.0005 0 0.8993 0.0171 0.1098 0.1342 1.0217 0.995 0.0958 0.1331 0.1743 2.5502 0.7755 0.0044 0.5124 0.6469 4.0252 -0.1679 0.1679 0.3544 0 0
63 373 1556 0 0 0 0 0 1.0005 0 0.9842 -0.1416 0.1437 0.1817 0.9196 0.9974 -0.0497 0.1131 0.1286 2.6112 0.7346 -0.0275 0.516 0.6773 4.0795 0.0428 0.0428 0.4159 0 0
63 374 1499 0 0 0 0 0 1.0009 0 0.363 -0.2493 0.2493 0.297 0.9661 0.9654 -0.4954 0.6746 1.1122 12.3454 0.6753 -0.0031 0.6044 0.7586 4.3335 0.0888 0.0888 0.5764 0 0
63 375 1534 0 0 0 0 0 1.0011 0 0.7287 -0.1505 0.173 0.2221 1.0388 0.9709 0.0396 0.2374 0.3466 2.5024 0.7027 -0.0143 0.5574 0.7288 4.159 0.0348 0.0348 0.4282 0 0
63 376 1459 0 0 0 0 0 1.0006 0 0.9099 0.0461 0.16 0.1719 1.1114 0.9846 0.0183 0.1679 0.2369 2.7842 0.7112 0.0188 0.5899 0.7658 4.058 -0.0449 0.0449 0.3693 0 0
63 377 1371 0 0 0 0 0 1.0011 0 -0.269 -0.0127 0.284 0.3791 1.4196 0.9576 -0.3041 0.5609 0.9844 12.1951 0.6391 0.0274 0.5875 0.7655 4.218 -0.1885 0.1885 0.5629 0 0
63 378 1497 0 0 0 0 0 1.0003 0 0.8792 0.1371 0.179 0.1978 0.9315 0.9916 -0.0231 0.1791 0.2307 1.7227 0.7822 -0.0319 0.5229 0.6696 4.1042 0.0539 0.0539 0.3321 0 0
63 379 1418 0 0 0 0 0 1.0009 0 0.6254 -0.0786 0.1551 0.1694 0.9355 0.9742 -0.0305 0.2619 0.3289 3.1457 0.6208 -0.0061 0.6067 0.7818 4.2359 -0.0905 0.0905 0.5579 0 0
63 380 1451 0 0 0 0 0 1.0005 0 0.7077 0.0642 0.2188 0.2751 1.2779 0.9621 -0.0233 0.2566 0.3622 3.1869 0.7229 0.0138 0.5752 0.7467 4.1655 0.0249 0.0249 0.38 0 0
63 381 1524 0 0 0 0 0 1.0002 0 0.9028 0.0394 0.1736 0.1901 1.0731 0.9734 -0.0638 0.2157 0.2798 2.6372 0.6839 -0.0512 0.5731 0.7372 4.1223 -0.0078 0.0078 0.4424 0 0
63 382 1449 0 0 0 0 0 1.001 0 0.7189 -0.0252 0.2186 0.2263 0.9858 0.9837 0.2369 0.2749 0.3526 2.4399 0.7512 0.084 0.5741 0.7407 4.1412 0.0306 0.0306 0.3801 0 0
63 383 1477 0 0 0 0 0 1.0009 0 0.9703 -0.0674 0.0791 0.1026 1.1129 0.9921 0.0581 0.1255 0.1666 2.7416 0.7451 0.0068 0.5308 0.6664 4.1731 0.0429 0.0429 0.4149 0 0
63 384 1575 0 0 0 0 0 1.0005 0 0.9787 -0.1272 0.1272 0.1456 0.9757 0.9879 0.196 0.2461 0.306 2.344 0.7917 0.1136 0.5031 0.6705 4.1039 0.0224 0.0224 0.384 0 0
63 385 1506 0 0 0 0 0 1.0004 0 0.9212 -0.0128 0.1096 0.1443 1.1088 0.9841 -0.0507 0.1859 0.2619 3.2521 0.7488 0.0101 0.5153 0.6741 4.1364 -0.0076 0.0076 0.3753 0 0
63 386 1469 0 0 0 0 0 1.0002 0 0.8792 -0.1669 0.184 0.2169 1.1014 0.9897 -0.1431 0.2993 0.4692 6.036 0.7083 0.0582 0.519 0.6639 4.1674 0.0508 0.0508 0.4347 0 0
63 387 1578 0 0 0 0 0 1.0002 0 0.8527 0.0061 0.1489 0.1651 0.9207 0.9709 0.0538 0.1862 0.255 1.9399 0.7484 0.0493 0.5109 0.68 4.0663 -0.1038 0.1038 0.3702 0 0
63 388 1511 0 0 0 0 0 1.0004 0 0.6042 0.0883 0.17 0.2251 1.0767 0.9666 0.1189 0.2529 0.3262 3.4206 0.6886 0.0868 0.5724 0.7246 4.0983 -0.0524 0.0524 0.4063 0 0
63 389 1515 0 0 0 0 0 1.0002 0 0.9072 -0.1251 0.1479 0.1848 1.0307 0.9915 0.1948 0.3096 0.3634 2.9649 0.7124 0.1046 0.5614 0.7383 4.1874 0.0556 0.0556 0.3949 0 0
63 390 1464 0 0 0 0 0 1.0004 0 0.8624 -0.11 0.1739 0.18 1.1151 0.9903 -0.1713 0.2361 0.2943 3.2877 0.6947 0.0161 0.5724 0.7332 4.1776 0.0864 0.0864 0.3886 0 0
63 391 1473 0 0 0 0 0 1.0008 0 0.697 -0.0186 0.1125 0.135 0.8527 0.9909 0.0684 0.1491 0.1866 2.9251 0.6969 0.0299 0.5786 0.7576 4.2232 0.1102 0.1102 0.3661 0 0
63 392 1499 0 0 0 0 0 1.0006 0 0.7252 -0.009 0.1359 0.1848 0.8778 0.9902 -0.1443 0.2105 0.2532 1.8961 0.7089 -0.0678 0.5527 0.7102 4.1995 0.0795 0.0795 0.3712 0 0
63 393 1551 0 0 0 0 0 1.0002 0 0.763 -0.1912 0.239 0.2567 0.9637 0.9867 0.1602 0.383 0.4993 3.6797 0.6552 0.0141 0.5928 0.7779 4.4332 0.1951 0.1951 0.3338 0 0
63 394 1481 0 0 0 0 0 1.0014 0 0.8763 -0.0893 0.1215 0.1566 1.0736 0.9925 0.0768 0.1334 0.2126 2.4191 0.6976 0.0568 0.589 0.7782 4.2175 -0.0489 0.0489 0.4216 0 0
63 395 1522 0 0 0 0 0 1.0007 0 0.5212 0.0522 0.1779 0.2144 0.9182 0.9661 0.1526 0.2836 0.4454 4.5752 0.7112 -0.0383 0.5691 0.7211 4.0265 -0.1276 0.1276 0.3857 0 0
63 396 1385 0 0 0 0 0 1.0015 0 0.4629 -0.0332 0.1567 0.1958 0.9037 0.9832 0.1072 0.2271 0.3088 4.335 0.6742 0.0359 0.6081 0.7886 4.21 0.0632 0.0632 0.4187 0 0
63 397 1460 0 0 0 0 0 1.0003 0 0.9566 -0.0209 0.094 0.127 0.986 0.9956 -0.032 0.1541 0.2058 4.6269 0.7519 -0.0228 0.4983 0.6634 4.1087 0.0256 0.0256 0.3611 0 0
63 398 1544 0 0 0 0 0 1.0002 0 0.8316 -0.211 0.2118 0.2508 0.8759 0.985 -0.0498 0.2714 0.3934 3.7084 0.6703 -0.0663 0.6155 0.7751 4.462 0.2346 0.2346 0.3319 0 0
63 399 1528 0 0 0 0 0 1.0002 0 0.7439 -0.1596 0.2129 0.2354 0.8991 0.9884 -0.0761 0.233 0.3192 3.584 0.6899 -0.021 0.6046 0.7619 4.1735 0.1339 0.1339 0.3812 0 0
63 400 1543 0 0 0 0 0 1.0005 0 0.6969 0.0968 0.1195 0.1703 0.865 0.9879 0.1502 0.1828 0.2168 1.3306 0.7543 0.0769 0.5549 0.7164 4.0661 -0.1204 0.1204 0.3903 0 0
63 401 1462 0 0 0 0 0 1.0009 0 0.6589 0.0333 0.1142 0.1723 0.955 0.9669 -0.2183 0.3604 0.4097 4.5244 0.6658 -0.1478 0.6165 0.8128 4.0674 -0.0769 0.0769 0.4574 0 0
63 402 1568 0 0 0 0 0 1.0014 0 0.8703 -0.0734 0.1339 0.1497 0.9098 0.9647 0.1192 0.3005 0.4665 5.6997 0.7438 -0.0118 0.5077 0.6563 4.1805 -0.079 0.079 0.4306 0 0
63 403 1494 0 0 0 0 0 1.0005 0 0.3736 -0.0965 0.2106 0.2301 1.2734 0.9883 0.2405 0.553 0.7757 11.0391 0.589 0.0102 0.6248 0.8072 4.1039 -0.0344 0.0344 0.4998 0 0
63 404 1417 0 0 0 0 0 1.0014 0 0.7978 0.0284 0.1272 0.1431 0.8903 0.9814 -0.1375 0.2107 0.2646 2.1656 0.6722 -0.0999 0.5934 0.7547 4.0979 -0.033 0.033 0.4043 0 0
63 405 1494 0 0 0 0 0 1.0008 0 0.5932 -0.0402 0.1588 0.1714 0.8628 0.9829 0.0036 0.1974 0.2412 2.096 0.7013 -0.0135 0.5509 0.7242 4.1812 0.0728 0.0728 0.37 0 0
63 406 1413 0 0 0 0 0 1.0002 0 0.4949 -0.0452 0.3083 0.3955 1.576 0.9832 0.215 0.301 0.4502 4.1761 0.6723 0.1008 0.6031 0.7729 4.0759 -0.1788 0.1788 0.4207 0 0
63 407 1417 0 0 0 0 0 1.0008 0 0.8616 0.0166 0.1097 0.1339 0.9987 0.9828 0.1147 0.2142 0.2581 2.6905 0.701 0.0342 0.5657 0.7398 4.2124 0.0975 0.0975 0.3796 0 0
63 408 1498 0 0 0 0 0 1.0016 0 0.3366 -0.0851 0.1571 0.1661 0.9359 0.9897 -0.0373 0.1381 0.1834 1.6494 0.708 0.0023 0.5556 0.7097 4.173 0.0198 0.0198 0.3798 0 0
63 409 1438 0 0 0 0 0 1.0003 0 0.9558 -0.0071 0.1046 0.1375 1.2845 0.9949 -0.0702 0.1373 0.1798 2.7877 0.6909 -0.0345 0.5675 0.7371 4.158 0.0409 0.0409 0.3533 0 0
63 410 1466 0 0 0 0 0 1.0012 0 0.985 0.0463 0.0509 0.0803 1.0871 0.9979 0.1341 0.1458 0.1731 2.0873 0.7729 0.0247 0.5119 0.6668 4.0684 -0.0928 0.0928 0.3762 0 0
63 411 1478 0 0 0 0 0 1.0002 0 0.8345 -0.0193 0.1097 0.1598 1.0506 0.992 -0.0937 0.1679 0.1985 2.2365 0.7371 -0.1213 0.5529 0.7069 4.1191 -0.2035 0.2035 0.4105 0 0
63 412 1482 0 0 0 0 0 1.0003 0 0.8593 0.0582 0.1367 0.1509 0.9199 0.978 -0.1409 0.2234 0.3279 4.7907 0.7551 -0.0381 0.5439 0.7022 4.2778 0.1214 0.1214 0.3723 0 0
63 413 1449 0 0 0 0 0 1.0008 0 0.6675 -0.0745 0.1903 0.2306 1.0279 0.9698 0.0085 0.3043 0.4105 6.1194 0.6549 -0.0609 0.5903 0.777 4.2727 -0.0215 0.0215 0.4861 0 0
63 414 1592 0 0 0 0 0 1.0003 0 0.7839 -0.016 0.1953 0.2754 1.4276 0.9889 -0.0589 0.154 0.2056 3.2642 0.7309 0.0145 0.5441 0.7041 4.1444 0.0432 0.0432 0.3659 0 0
63 415 1457 0 0 0 0 0 1.0002 0 0.5167 -0.0676 0.189 0.2029 0.918 0.9927 -0.1556 0.3182 0.4064 4.3511 0.6473 0.0045 0.5806 0.7613 4.1244 -0.0185 0.0185 0.4309 0 0
63 416 1527 0 0 0 0 0 1.0003 0 0.8828 -0.1641 0.1755 0.212 0.9842 0.9693 0.1341 0.3487 0.5118 4.9195 0.7241 0.0228 0.567 0.7331 4.3042 0.1454 0.1454 0.4242 0 0
63 417 1511 0 0 0 0 0 1.0002 0 0.8365 -0.0144 0.1076 0.1206 0.8456 0.9948 0.0022 0.128 0.188 5.4402 0.793 -0.0239 0.521 0.6788 4.1246 -0.0058 0.0058 0.3414 0 0
63 418 1525 0 0 0 0 0 1.0003 0 0.9124 -0.074 0.1554 0.1628 1.0589 0.9875 0.1387 0.2131 0.2809 3.7059 0.6572 0.0017 0.6403 0.8188 4.2132 0.0827 0.0827 0.3755 0 0
63 419 1319 0 0 0 0 0 1.0009 0 0.6966 -0.1794 0.2368 0.2444 0.9445 0.9732 -0.0252 0.3185 0.4774 6.1172 0.6363 0.0042 0.6217 0.8017 4.3777 -0.0161 0.0161 0.6839 0 0
63 420 1502 0 0 0 0 0 1.0002 0 0.8721 -0.2519 0.2602 0.3018 1.0682 0.9877 -0.2242 0.3384 0.4592 3.0542 0.7337 -0.0387 0.5057 0.6797 4.1149 -0.0231 0.0231 0.3495 0 0
63 421 1564 0 0 0 0 0 1.0003 0 0.5967 4e-04 0.1257 0.1475 0.8824 0.9898 0.2466 0.2511 0.3052 1.8983 0.7764 0.1484 0.5314 0.6846 4.2361 0.1079 0.1079 0.3252 0 0
63 422 1538 0 0 0 0 0 1.0008 0 0.4424 -0.0853 0.188 0.2138 0.9597 0.9846 -0.0147 0.2217 0.3099 2.6497 0.714 0.0357 0.5223 0.6755 4.0739 -0.0687 0.0687 0.4055 0 0
63 423 1527 0 0 0 0 0 1.0016 0 0.8821 -0.0531 0.1125 0.1263 0.9307 0.9771 0.0795 0.1955 0.2724 2.5493 0.7396 0.0296 0.5484 0.711 4.1173 0.0135 0.0135 0.3914 0 0
63 424 1487 0 0 0 0 0 1.0003 0 0.839 0.0928 0.1498 0.1643 0.9638 0.9876 0.2575 0.2684 0.303 1.7172 0.7623 0.0292 0.5098 0.6819 4.1602 0.0656 0.0656 0.3526 0 0
63 425 1458 0 0 0 0 0 1.0005 0 0.2169 -0.1841 0.302 0.3904 0.939 0.9919 0.1485 0.3215 0.4592 3.9005 0.683 0.0746 0.5462 0.7034 4.1567 0.0572 0.0572 0.3833 0 0
63 426 1480 0 0 0 0 0 1.0004 0 0.623 0.038 0.1892 0.2728 1.2308 0.9803 0.532 0.5549 1.0817 17.3035 0.6983 0.0524 0.5956 0.7623 4.0919 -0.0258 0.0258 0.4079 0 0
63 427 1456 0 0 0 0 0 1.0004 0 0.8413 -0.0561 0.1429 0.1561 0.8923 0.9773 -0.0418 0.2256 0.2786 2.6923 0.674 -0.0187 0.5917 0.7682 4.0844 -0.0593 0.0593 0.4279 0 0
63 428 1487 0 0 0 0 0 1.0005 0 0.8668 0.1493 0.174 0.2107 1.0201 0.9948 -0.0614 0.215 0.2602 1.7127 0.7685 -0.1062 0.551 0.7069 4.1553 0.0306 0.0306 0.3454 0 0
63 429 1446 0 0 0 0 0 1.0009 0 0.9173 -0.1232 0.1232 0.1381 0.8723 0.9859 0.0393 0.2232 0.2756 3.7998 0.6188 -0.0096 0.6015 0.7622 4.1524 0.007 0.007 0.4813 0 0
63 430 1499 0 0 0 0 0 1.0006 0 0.1621 -0.1302 0.2109 0.2336 0.9268 0.9902 0.0951 0.2254 0.2972 3.8418 0.6795 -0.0239 0.5829 0.7481 4.2376 0.113 0.113 0.4512 0 0
63 431 1416 0 0 0 0 0 1.0003 0 0.9607 -0.0858 0.1193 0.1407 0.9441 0.9949 0.0258 0.143 0.1781 3.1566 0.6888 -0.0251 0.5588 0.7441 4.1695 -0.0257 0.0257 0.4533 0 0
63 432 1462 0 0 0 0 0 1.0004 0 0.5637 -0.1677 0.2468 0.2964 0.9714 0.9514 0.1172 0.3532 0.5187 6.5761 0.6458 0.0635 0.6124 0.7804 4.1364 -0.0759 0.0759 0.4817 0 0
63 433 1461 0 0 0 0 0 1.0002 0 0.4774 -0.1407 0.2508 0.2724 0.9608 0.9757 0.0224 0.252 0.3607 2.8956 0.6862 -0.0829 0.5897 0.7566 4.1537 -0.0076 0.0076 0.4175 0 0
63 434 1483 0 0 0 0 0 1.0006 0 0.6059 -0.0639 0.2355 0.2764 1.1913 0.9319 0.3725 0.5646 0.942 9.911 0.6189 0.0535 0.6475 0.8284 4.2742 -0.1772 0.1772 0.5888 0 0
63 435 1497 0 0 0 0 0 1.0001 0 0.8846 -0.15 0.2238 0.2598 1.1556 0.9564 0.0955 0.4093 0.6605 5.2686 0.7127 -0.0099 0.5386 0.7093 4.0404 -0.1393 0.1393 0.4107 0 0
63 436 1417 0 0 0 0 0 1.0007 0 0.8731 -0.0495 0.2 0.2191 1.1958 0.9646 -0.0104 0.2342 0.3298 3.5071 0.6218 -0.0077 0.6207 0.8127 4.1306 -0.209 0.209 0.5064 0 0
63 437 1499 0 0 0 0 0 1.0007 0 0.5367 -0.0467 0.2907 0.3437 1.1474 0.9246 -0.0486 0.3464 0.6529 6.8245 0.7203 0.0983 0.5341 0.6896 4.0755 -0.0604 0.0604 0.3398 0 0
63 438 1517 0 0 0 0 0 1.0004 0 0.8018 -0.1126 0.1562 0.2201 0.8479 0.9885 -0.0037 0.1781 0.2372 3.2992 0.7193 0.0097 0.5418 0.6986 4.1297 -0.0698 0.0698 0.4397 0 0
63 439 1495 0 0 0 0 0 1.0007 0 0.9773 0.1209 0.1523 0.1818 1.0525 0.9872 0.0119 0.1296 0.1559 1.5787 0.7281 3e-04 0.5365 0.7126 4.1995 -0.1232 0.1232 0.4087 0 0
63 440 1445 0 0 0 0 0 1.0004 0 0.6353 -0.1826 0.2085 0.2498 1.041 0.9771 -0.2537 0.5246 0.708 6.0993 0.6434 -0.0438 0.5801 0.7307 4.2249 0.0813 0.0813 0.4706 0 0
63 441 1496 0 0 0 0 0 1.0013 0 0.6565 -0.2113 0.263 0.278 1.4174 0.9857 -0.3324 0.5323 0.6985 6.4336 0.6239 0.0872 0.6326 0.8002 4.2404 -0.0388 0.0388 0.5835 0 0
63 442 1501 0 0 0 0 0 1.0006 0 0.5039 -0.0169 0.1527 0.2151 1.0609 0.9924 -0.126 0.1804 0.2582 4.372 0.7225 -0.0167 0.5699 0.7368 4.051 -0.0705 0.0705 0.4181 0 0
63 443 1474 0 0 0 0 0 1.0004 0 0.9514 0.0473 0.0998 0.1041 0.9267 0.9884 -0.1957 0.2058 0.2801 4.1097 0.7006 -0.01 0.579 0.7543 4.069 -0.035 0.035 0.3782 0 0
63 444 1475 0 0 0 0 0 1.0012 0 0.7996 0.1938 0.2604 0.3002 1.2122 0.992 0.172 0.1987 0.2556 2.7112 0.7603 0.0569 0.5519 0.7121 4.1192 0.017 0.017 0.3779 0 0
63 445 1536 0 0 0 0 0 1.0007 0 0.8934 0.0367 0.1455 0.1652 0.9181 0.9921 -0.0779 0.1854 0.2349 1.9773 0.7003 -0.1369 0.5764 0.7403 4.2 -0.0022 0.0022 0.4168 0 0
63 446 1474 0 0 0 0 0 1.0002 0 0.9381 -0.1063 0.1235 0.1333 0.9231 0.9926 -0.179 0.2429 0.3684 4.3365 0.6533 -0.0176 0.5995 0.7686 4.2286 0.0851 0.0851 0.4294 0 0
63 447 1399 0 0 0 0 0 1.0004 0 -0.1034 -0.0883 0.246 0.3135 1.0077 0.9728 0.1148 0.2916 0.375 3.9067 0.6809 -0.0115 0.5812 0.7379 4.1254 0.0016 0.0016 0.4123 0 0
63 448 1565 0 0 0 0 0 1.001 0 0.8963 0.0137 0.088 0.1299 0.8686 0.9902 0.1735 0.1984 0.2611 2.3914 0.6941 0.087 0.564 0.7407 4.17 0.0698 0.0698 0.4069 0 0
63 449 1470 0 0 0 0 0 1.0004 0 0.3935 0.0045 0.0902 0.107 0.8122 0.9909 -0.1223 0.2023 0.2474 3.1474 0.6747 -0.0507 0.6378 0.8089 4.3839 0.1666 0.1666 0.4355 0 0
63 450 1377 0 0 0 0 0 1.0006 0 0.1433 -0.1966 0.2663 0.3075 0.9517 0.986 0.0977 0.5785 0.8719 7.8457 0.6294 0.0061 0.6129 0.7922 4.3892 0.1771 0.1771 0.4015 0 0
63 451 1452 0 0 0 0 0 1.0003 0 0.7394 -0.0444 0.1577 0.1796 0.8852 0.9916 -0.0754 0.1505 0.1799 2.0864 0.6697 -0.0273 0.6605 0.8185 4.1834 0.0778 0.0778 0.3947 0 0
63 452 1483 0 0 0 0 0 1.0003 0 0.5463 -0.0144 0.1832 0.2677 1.3092 0.9901 -0.1061 0.1653 0.215 2.3217 0.6706 -0.031 0.622 0.8128 4.1199 -0.0418 0.0418 0.387 0 0
63 453 1466 0 0 0 0 0 1.0005 0 0.8118 -0.0786 0.1566 0.1941 0.8303 0.9912 -0.0516 0.1597 0.1986 1.7571 0.7672 -0.1149 0.5256 0.6861 4.3352 0.1662 0.1662 0.3493 0 0
63 454 1464 0 0 0 0 0 1.0006 0 0.9224 -0.0337 0.1022 0.1478 1.037 0.9451 0.3481 0.4699 0.9922 14.1337 0.7242 0.0125 0.5264 0.689 4.1581 0.0094 0.0094 0.3551 0 0
63 455 1458 0 0 0 0 0 1.0003 0 0.6954 0.1633 0.1759 0.2244 1.0589 0.9957 0.0275 0.1339 0.1583 2.2607 0.7464 0.0618 0.5589 0.7211 4.2102 0.0397 0.0397 0.3337 0 0
63 456 1475 0 0 0 0 0 1.0015 0 0.8203 0.0105 0.1031 0.1151 1.0537 0.982 -0.0341 0.1963 0.2566 3.758 0.6923 0.0217 0.5951 0.757 4.0671 -0.1105 0.1105 0.4565 0 0
63 457 1525 0 0 0 0 0 1.0005 0 0.8934 -0.0263 0.1297 0.1513 0.9618 0.9708 0.1583 0.2843 0.3461 2.7131 0.7152 0.134 0.594 0.7616 4.1457 0.0347 0.0347 0.414 0 0
63 458 1476 0 0 0 0 0 1.0012 0 0.4799 -0.0124 0.1809 0.205 0.959 0.9944 -0.0131 0.1392 0.1745 2.5141 0.7556 0.0124 0.5268 0.705 4.2261 0.1002 0.1002 0.3939 0 0
63 459 1491 0 0 0 0 0 1.0008 0 0.8845 -0.1075 0.1796 0.2145 1.144 0.9699 -0.1186 0.4858 0.7383 6.8176 0.7143 0.0255 0.5022 0.6756 4.2756 0.1056 0.1056 0.4189 0 0
63 460 1493 0 0 0 0 0 1.0002 0 0.9016 0.0556 0.1349 0.1866 1.0699 0.989 0.297 0.297 0.3537 2.4092 0.677 0.1525 0.6041 0.803 4.1048 -0.0338 0.0338 0.394 0 0
63 461 1466 0 0 0 0 0 1.0007 0 0.7141 -0.0059 0.0977 0.1126 0.8635 0.9793 0.0541 0.2217 0.2433 2.7607 0.6491 -0.0169 0.635 0.791 4.1487 0.067 0.067 0.4213 0 0
63 462 1559 0 0 0 0 0 1.0003 0 0.9559 0.1738 0.1738 0.2114 1.0018 0.9951 0.0647 0.1469 0.1908 2.7007 0.7708 0.0625 0.5134 0.6643 4.0907 -0.0426 0.0426 0.4173 0 0
63 463 1520 0 0 0 0 0 1.0005 0 0.7935 -0.0554 0.1204 0.1918 1.1924 0.9837 0.2694 0.3077 0.362 2.7069 0.7604 0.2703 0.5617 0.7445 4.197 0.0971 0.0971 0.3694 0 0
63 464 1475 0 0 0 0 0 1.0003 0 0.9128 3e-04 0.1314 0.1392 1.1256 0.9869 -3e-04 0.2019 0.2523 2.3157 0.7524 0.0294 0.5338 0.6781 4.0536 -0.022 0.022 0.3768 0 0
63 465 1539 0 0 0 0 0 1.0009 0 0.118 -0.0093 0.1776 0.2078 0.8967 0.979 -0.1255 0.2164 0.2631 2.4552 0.7391 -0.0624 0.5385 0.6785 4.2354 0.0859 0.0859 0.4047 0 0
63 466 1509 0 0 0 0 0 1.0003 0 0.8417 -0.1395 0.1474 0.1785 0.9341 0.9794 0.0386 0.2928 0.3971 7.4963 0.6683 -0.141 0.6214 0.7804 4.1399 0.0341 0.0341 0.4609 0 0
63 467 1448 0 0 0 0 0 1.0002 0 0.9021 -0.0754 0.0796 0.1095 0.8878 0.9792 -0.1518 0.2476 0.3164 2.6414 0.6839 -0.144 0.6073 0.7699 4.2428 -0.1645 0.1645 0.5005 0 0
63 468 1449 0 0 0 0 0 1.0005 0 0.7144 -0.0547 0.1962 0.2394 1.135 0.9935 -0.0785 0.1772 0.2211 3.7799 0.6966 -0.0178 0.5819 0.7332 4.1166 -0.0984 0.0984 0.4495 0 0
63 469 1530 0 0 0 0 0 1.0005 0 0.8762 0.1518 0.1845 0.2118 0.9474 0.9911 -0.2708 0.2802 0.3751 1.6962 0.7867 -0.148 0.5121 0.6813 4.1768 0.0787 0.0787 0.3531 0 0
63 470 1516 0 0 0 0 0 1.0003 0 0.7583 0.0387 0.1262 0.1316 0.9118 0.992 -0.2167 0.2208 0.297 2.9256 0.7142 -0.1083 0.557 0.712 4.0844 -0.0534 0.0534 0.396 0 0
63 471 1495 0 0 0 0 0 1.0008 0 0.6549 -0.1138 0.1774 0.2206 0.9918 0.9844 -0.1481 0.2111 0.3148 2.3721 0.7611 -0.0461 0.5339 0.7056 4.0778 1e-04 1e-04 0.4167 0 0
63 472 1459 0 0 0 0 0 1.0002 0 -0.1892 -0.0525 0.1593 0.1937 1.0156 0.9493 0.1546 0.3081 0.4358 4.165 0.6361 -0.0785 0.6733 0.874 4.307 -0.1203 0.1203 0.5431 0 0
63 473 1491 0 0 0 0 0 1.0008 0 0.3207 0.0733 0.2128 0.323 1.9392 0.982 0.0585 0.2006 0.2763 3.2254 0.6698 -0.0411 0.5852 0.744 4.1417 -0.1434 0.1434 0.4583 0 0
63 474 1423 0 0 0 0 0 1.0004 0 0.4938 -0.0055 0.1979 0.2267 1.0542 0.9533 0.1525 0.2317 0.3915 4.4905 0.689 0.0845 0.5762 0.7526 4.1027 -0.0351 0.0351 0.4655 0 0
63 475 1481 0 0 0 0 0 1.0005 0 0.8732 -0.0018 0.1067 0.1422 1.0577 0.9717 -0.1953 0.244 0.4558 5.4121 0.7059 -0.0526 0.5639 0.7406 4.0512 -0.181 0.181 0.391 0 0
63 476 1406 0 0 0 0 0 1.0004 0 0.7991 -0.1186 0.1186 0.1519 1.0264 0.9925 0.1615 0.2404 0.2932 3.0649 0.6566 0.0191 0.5937 0.7657 4.1206 -0.1395 0.1395 0.5296 0 0
63 477 1484 0 0 0 0 0 1.0012 0 0.807 -0.078 0.201 0.2274 0.9916 0.9816 -0.0104 0.2393 0.3481 5.1565 0.7587 -0.0171 0.4798 0.6291 4.1574 -0.0187 0.0187 0.4182 0 0
63 478 1420 0 0 0 0 0 1.0004 0 0.7626 0.0487 0.1665 0.1935 0.9873 0.9875 0.2322 0.2495 0.3204 1.8813 0.7357 0.0638 0.5801 0.73 4.1266 -0.0046 0.0046 0.3777 0 0
63 479 1534 0 0 0 0 0 1.0003 0 0.8576 -0.0041 0.0984 0.1192 0.848 0.98 0.0943 0.2025 0.2605 2.0762 0.7113 0.0206 0.5805 0.7521 4.0792 0.0756 0.0756 0.3659 0 0
63 480 1432 0 0 0 0 0 1.0011 0 0.4614 0.049 0.2055 0.2379 1.0684 0.979 -9e-04 0.241 0.3031 3.2261 0.6743 0.0614 0.6074 0.7654 4.1084 -0.1375 0.1375 0.4455 0 0
63 481 1469 0 0 0 0 0 1.0004 0 0.7958 0.1204 0.1813 0.2056 0.9735 0.9905 -0.1497 0.2042 0.2437 2.3959 0.7082 -0.1222 0.5677 0.7359 4.0519 -0.0268 0.0268 0.3699 0 0
63 482 1413 0 0 0 0 0 1.0005 0 0.5113 -0.0952 0.1616 0.2087 1.0591 0.9696 0.3145 0.4329 0.6083 8.5862 0.6332 -0.0017 0.5986 0.7649 4.2292 -0.144 0.144 0.528 0 0
63 483 1510 0 0 0 0 0 1.0003 0 0.9621 -0.1314 0.1358 0.1866 1.0818 0.97 0.1731 0.2842 0.4261 4.9379 0.7752 -0.035 0.4667 0.6252 4.1299 0.0183 0.0183 0.3655 0 0
63 484 1433 0 0 0 0 0 1.0003 0 0.4824 0.0097 0.1492 0.2061 1.2513 0.9929 -0.0445 0.1321 0.1586 2.4466 0.7029 0.001 0.5425 0.7051 4.1091 -0.0371 0.0371 0.4111 0 0
63 485 1462 0 0 0 0 0 1.0003 0 0.7992 -0.0183 0.0923 0.1294 1.0094 0.9928 -0.1 0.1305 0.1657 1.8999 0.7309 -0.1073 0.5577 0.7485 4.0955 -0.0923 0.0923 0.4346 0 0
63 486 1536 0 0 0 0 0 1.0006 0 0.8229 -0.0128 0.2596 0.2812 1.0486 0.97 -0.0151 0.2228 0.2961 2.9706 0.7493 -0.0755 0.5312 0.6915 4.1383 0.0057 0.0057 0.3294 0 0
63 487 1453 0 0 0 0 0 1.0004 0 0.3736 -0.1126 0.2356 0.2845 0.9882 0.9807 -0.2463 0.4124 0.5196 3.8845 0.6291 -0.1406 0.6074 0.7956 4.1605 -0.0632 0.0632 0.4243 0 0
63 488 1535 0 0 0 0 0 1.0003 0 0.9431 -0.1231 0.1609 0.1698 0.8871 0.9731 0.0131 0.2518 0.3743 2.9902 0.7293 -0.0697 0.515 0.681 4.2456 0.0987 0.0987 0.334 0 0
63 489 1409 0 0 0 0 0 1.0006 0 0.4469 -0.1065 0.1506 0.17 0.934 0.9902 0.0782 0.2064 0.3117 4.0598 0.6636 0.0202 0.5663 0.7295 4.1667 -0.1111 0.1111 0.5124 0 0
63 490 1384 0 0 0 0 0 1.0002 0 0.5925 -0.1508 0.216 0.2464 1.0892 0.9734 0.0557 0.4165 0.5448 5.0563 0.7075 0.1127 0.5638 0.7262 4.2967 0.124 0.124 0.4033 0 0
63 491 1551 0 0 0 0 0 1.0005 0 -0.0619 -0.1744 0.2392 0.2662 0.8997 0.9686 0.2516 0.3765 0.5335 5.4875 0.6592 -0.0773 0.5929 0.7519 4.3133 0.0688 0.0688 0.5801 0 0
63 492 1417 0 0 0 0 0 1.0003 0 0.7867 -0.1083 0.1582 0.1789 1.0162 0.9914 0.0444 0.1371 0.1698 1.8615 0.6582 0.0078 0.5503 0.739 4.2789 0.0353 0.0353 0.3894 0 0
63 493 1425 0 0 0 0 0 1.0003 0 0.9092 -0.016 0.0972 0.1201 0.9837 0.9525 0.1192 0.3111 0.4147 4.5331 0.6776 0.0722 0.6182 0.7677 4.07 -0.0895 0.0895 0.4547 0 0
63 494 1398 0 0 0 0 0 1.0004 0 0.816 -0.0854 0.1635 0.184 1.2907 0.9862 0.0236 0.2052 0.3251 5.1801 0.7095 -0.0721 0.57 0.708 4.2128 -0.1026 0.1026 0.4937 0 0
63 495 1537 0 0 0 0 0 1.0001 0 0.6926 -0.1169 0.1722 0.2025 0.8897 0.9791 0.0864 0.2082 0.2631 2.3346 0.6767 0.0336 0.5634 0.7453 4.2168 0.0347 0.0347 0.4407 0 0
63 496 1460 0 0 0 0 0 1.0011 0 0.501 -0.1695 0.1853 0.2102 0.824 0.9745 0.1981 0.3957 0.4881 3.386 0.6508 0.1981 0.6251 0.8043 4.3409 0.2093 0.2093 0.4258 0 0
63 497 1438 0 0 0 0 0 1.0006 0 0.9978 0.0563 0.0588 0.0903 1.2402 0.9946 0.0319 0.1243 0.1655 2.7511 0.6622 -0.0178 0.602 0.7824 4.0789 -0.0202 0.0202 0.3892 0 0
63 498 1524 0 0 0 0 0 1.0006 0 0.4609 -0.03 0.2234 0.2345 1.2362 0.8925 -0.1314 0.518 0.6504 6.496 0.5973 0.064 0.65 0.8289 4.217 -0.0481 0.0481 0.5206 0 0
63 499 1533 0 0 0 0 0 1.0009 0 0.8362 -0.0124 0.142 0.1563 1.1545 0.973 -0.1084 0.261 0.3838 5.2057 0.703 0.0157 0.5789 0.7198 4.1688 0.043 0.043 0.3904 0 0
63 500 1450 0 0 0 0 0 1.0011 0 0.9641 0.0737 0.0825 0.1107 0.9637 0.9888 -0.0764 0.2295 0.2763 3.6246 0.7098 -0.0185 0.6061 0.7757 4.0906 -0.0213 0.0213 0.4474 0 0
