cond r run.time ndiv nbfmi ntree nbulk ntail maxRhat nRhat beta.cor beta.bias beta.abbias beta.rmse beta.cover beta.CI theta.cor theta.bias theta.abbias theta.rmse theta.cover theta.CI attra.cor attra.bias attra.abbias attra.rmse attra.cover attra.CI lambda.bias lambda.abbias lambda.rbias lambda.rbias2 lambda.cover lambda.CI pvar.bias pvar.abbias pvar.rbias pvar.rbias2 pvar.cover pvar.CI sigma2.bias sigma2.abbias sigma2.rbias sigma2.rbias2 sigma2.cover sigma2.CI corrupt efficiency
7 1 3963 0 0 0 0 0 1.0091 0 0.937 -0.1952 0.258 0.3332 0.9167 1.0907 0.9317 -0.1305 0.3533 0.4531 0.97 1.8196 0.969 -0.1752 0.2054 0.2531 1 1.0131 -0.074 0.074 NA NA 1 0.2818 -0.0473 0.0473 -0.0473 0.9527 1 0.5214 -0.0575 0.0575 -0.0575 0.9425 1 0.5132 0 0
7 2 6307 0 0 0 0 0 1.009 0 0.9838 0.2612 0.327 0.4006 0.9167 1.1716 0.9308 0.22 0.4116 0.5134 0.92 1.7631 0.9813 0.2299 0.2334 0.269 1 1.0052 0.0458 0.0458 NA NA 1 0.3215 -0.3698 0.3698 -0.3698 0.6302 0 0.3583 -0.3756 0.3756 -0.3756 0.6244 0 0.3526 0 0
7 3 4953 0 0 0 0 0 1.0085 0 0.9815 -0.0457 0.1649 0.3418 0.9583 1.2994 0.9298 0 0.345 0.4351 0.98 1.9714 0.9652 -0.0166 0.1756 0.2026 1 1.1041 0.0252 0.0252 NA NA 1 0.2885 0.0749 0.0749 0.0749 1.0749 1 0.5707 0.0683 0.0683 0.0683 1.0683 1 0.5647 0 0
7 4 4259 0 0 0 0 0 1.0069 0 0.9841 -0.1697 0.2197 0.2656 0.9583 1.1443 0.9407 -0.1367 0.3636 0.4523 0.97 1.8981 0.9913 -0.1088 0.1244 0.1582 1 1.0526 -0.0469 0.0469 NA NA 1 0.2775 0.1203 0.1203 0.1203 1.1203 1 0.6113 0.1121 0.1121 0.1121 1.1121 1 0.6045 0 0
7 5 4125 0 0 0 0 0 1.0065 0 0.9821 0.3177 0.328 0.3821 0.875 1.1479 0.9291 0.314 0.4351 0.5368 0.91 1.8459 0.9775 0.3282 0.3392 0.3818 0.7533 1.0533 0.072 0.072 NA NA 1 0.2912 -0.0815 0.0815 -0.0815 0.9185 1 0.4999 -0.0914 0.0914 -0.0914 0.9086 1 0.4925 0 0
7 6 4889 0 0 0 0 0 1.0082 0 0.9702 0.8605 0.8605 0.9235 0.1667 1.2108 0.9217 0.7805 0.805 0.9105 0.6133 1.9056 0.9717 0.8015 0.8015 0.8188 0.04 1.0392 0.0811 0.0811 NA NA 1 0.302 -0.1745 0.1745 -0.1745 0.8255 1 0.4735 -0.1851 0.1851 -0.1851 0.8149 1 0.4614 0 0
7 7 4885 0 0 0 0 0 1.0126 0 0.9726 -0.1865 0.254 0.3033 0.9167 1.1357 0.9389 -0.1834 0.3792 0.4813 0.9533 1.8497 0.9776 -0.1487 0.1757 0.2156 1 1.0364 -0.006 0.006 NA NA 1 0.2842 -0.0193 0.0193 -0.0193 0.9807 1 0.5339 -0.0247 0.0247 -0.0247 0.9753 1 0.5302 0 0
7 8 4367 0 0 0 0 0 1.0087 0 0.9763 -0.7541 0.7541 0.7854 0.2917 1.1697 0.918 -0.7931 0.8072 0.9192 0.6267 1.9679 0.973 -0.8104 0.8104 0.8278 0.0833 1.1031 0.111 0.111 NA NA 1 0.2915 0.0891 0.0891 0.0891 1.0891 1 0.6144 0.0692 0.0692 0.0692 1.0692 1 0.5948 0 0
7 9 4318 0 0 0 0 0 1.0046 0 0.988 -0.2971 0.3066 0.4071 0.9167 1.2669 0.9277 -0.2312 0.4145 0.5174 0.9367 1.8991 0.978 -0.1869 0.2343 0.2898 0.9167 1.0385 0.0355 0.0355 NA NA 1 0.29 -0.0461 0.0461 -0.0461 0.9539 1 0.518 -0.0524 0.0524 -0.0524 0.9476 1 0.5143 0 0
7 10 5345 0 0 0 0 0 1.0045 0 0.9736 -0.1616 0.2351 0.277 1 1.1311 0.9338 -0.1493 0.3833 0.4768 0.96 1.8607 0.9857 -0.1325 0.1543 0.1799 1 1.0319 -0.0736 0.0736 NA NA 1 0.2831 -0.0299 0.0299 -0.0299 0.9701 1 0.5316 -0.0403 0.0403 -0.0403 0.9597 1 0.5254 0 0
7 11 5583 0 0 0 0 0 1.003 0 0.9868 0.5391 0.5414 0.609 0.5833 1.3166 0.9197 0.4764 0.5605 0.6563 0.8367 1.9263 0.9794 0.4314 0.4325 0.4661 0.6667 1.0289 0.014 0.014 NA NA 1 0.2981 -0.2201 0.2201 -0.2201 0.7799 1 0.4448 -0.2248 0.2248 -0.2248 0.7752 1 0.4387 0 0
7 12 4228 0 0 0 0 0 1.0046 0 0.9824 -0.2229 0.2748 0.3568 0.9167 1.1905 0.9283 -0.168 0.4192 0.5187 0.92 1.7836 0.9926 -0.2696 0.27 0.304 1 0.9495 -0.1634 0.1634 NA NA 0 0.3049 -0.2758 0.2758 -0.2758 0.7242 0 0.4105 -0.2997 0.2997 -0.2997 0.7003 0 0.3992 0 0
7 13 4302 0 0 0 0 0 1.004 0 0.9725 -0.2174 0.2868 0.3352 0.9583 1.1563 0.9386 -0.2117 0.4062 0.5025 0.9667 1.975 0.9826 -0.2569 0.2569 0.2966 0.9767 1.117 0.015 0.015 NA NA 1 0.2717 0.2656 0.2656 0.2656 1.2656 1 0.6798 0.259 0.259 0.259 1.259 1 0.6739 0 0
7 14 5218 0 0 0 0 0 1.0106 0 0.9793 -0.65 0.65 0.6838 0.3333 1.1435 0.9295 -0.6018 0.6368 0.7495 0.7767 1.8941 0.9736 -0.5977 0.5977 0.6273 0.3333 1.0802 0.1081 0.1081 NA NA 1 0.2984 -0.0142 0.0142 -0.0142 0.9858 1 0.5301 -0.0319 0.0319 -0.0319 0.9681 1 0.5164 0 0
7 15 5295 0 0 0 0 0 1.0054 0 0.9863 0.1196 0.1594 0.2049 1 1.1192 0.9278 0.1124 0.3734 0.4626 0.9633 1.881 0.9932 -0.0396 0.0794 0.0965 1 1.0284 -0.0885 0.0885 NA NA 1 0.2795 0.024 0.024 0.024 1.024 1 0.5507 0.0105 0.0105 0.0105 1.0105 1 0.5487 0 0
7 16 4983 0 0 0 0 0 1.01 0 0.9766 -0.1029 0.2036 0.2568 0.9583 1.1253 0.928 -0.1731 0.3817 0.4839 0.9667 1.8831 0.9829 -0.1388 0.1538 0.1906 1 1.0407 -0.0032 0.0032 NA NA 1 0.2884 -0.0194 0.0194 -0.0194 0.9806 1 0.5195 -0.0248 0.0248 -0.0248 0.9752 1 0.5196 0 0
7 17 4182 0 0 0 0 0 1.0053 0 0.9735 0.0346 0.2285 0.3097 0.9583 1.1837 0.9319 -0.0109 0.3683 0.4585 0.96 1.8159 0.9909 0.0451 0.0996 0.1172 1 1.0063 -0.0858 0.0858 NA NA 1 0.2977 -0.2011 0.2011 -0.2011 0.7989 1 0.432 -0.2116 0.2116 -0.2116 0.7884 1 0.4322 0 0
7 18 4377 0 0 0 0 0 1.0065 0 0.9816 0.4518 0.4518 0.5139 0.7083 1.1746 0.9278 0.3772 0.4994 0.6156 0.8367 1.8206 0.9776 0.3512 0.3512 0.4176 0.7833 1.0462 0.0695 0.0695 NA NA 1 0.285 -0.1866 0.1866 -0.1866 0.8134 1 0.4375 -0.1951 0.1951 -0.1951 0.8049 1 0.4286 0 0
7 19 3551 0 0 0 0 0 1.0092 0 0.9861 -0.0976 0.1749 0.2429 0.9583 1.1456 0.9444 -0.0655 0.3474 0.4345 0.98 1.8642 0.9895 -0.2224 0.2258 0.2551 1 1.0081 -0.0363 0.0363 NA NA 1 0.2941 -0.0597 0.0597 -0.0597 0.9403 1 0.5113 -0.0664 0.0664 -0.0664 0.9336 1 0.5107 0 0
7 20 4265 0 0 0 0 0 1.0073 0 0.9837 0.1086 0.2378 0.2683 1 1.1738 0.9342 0.1041 0.3686 0.4602 0.9633 1.943 0.9912 0.0933 0.1461 0.1871 1 1.1016 -0.0018 0.0018 NA NA 1 0.2698 0.2581 0.2581 0.2581 1.2581 1 0.6638 0.2521 0.2521 0.2521 1.2521 1 0.6571 0 0
7 21 4949 0 0 0 0 0 1.0017 0 0.9825 -0.1646 0.2023 0.2455 1 1.104 0.9317 -0.1521 0.3669 0.4654 0.97 1.8258 0.9841 -0.2221 0.2427 0.2929 0.96 1.0179 -0.0439 0.0439 NA NA 1 0.2938 -0.1002 0.1002 -0.1002 0.8998 1 0.4821 -0.1068 0.1068 -0.1068 0.8932 1 0.4785 0 0
7 22 4237 0 0 0 0 0 1.007 0 0.9788 -0.3704 0.3804 0.512 0.7917 1.2347 0.942 -0.3313 0.4547 0.5504 0.9333 1.8911 0.9762 -0.3297 0.3414 0.3661 0.9467 1.0697 0.0404 0.0404 NA NA 1 0.3043 -0.1427 0.1427 -0.1427 0.8573 1 0.4834 -0.1492 0.1492 -0.1492 0.8508 1 0.4819 0 0
7 23 5102 0 0 0 0 0 1.0113 0 0.9796 -0.3247 0.3311 0.377 0.875 1.1399 0.932 -0.3455 0.4573 0.5652 0.8933 1.8988 0.9801 -0.4198 0.4198 0.446 0.78 1.053 -0.0192 0.0192 NA NA 1 0.2876 -0.015 0.015 -0.015 0.985 1 0.5151 -0.0208 0.0208 -0.0208 0.9792 1 0.5089 0 0
7 24 3791 0 0 0 0 0 1.0102 0 0.9793 1.2846 1.2846 1.319 0 1.3267 0.9246 1.199 1.2073 1.2883 0.28 2.0488 0.9543 1.1639 1.1639 1.1843 0.0433 1.1143 0.0476 0.0476 NA NA 1 0.3037 -0.0053 0.0053 -0.0053 0.9947 1 0.5614 -0.0136 0.0136 -0.0136 0.9864 1 0.5517 0 0
7 25 4200 0 0 0 0 0 1.004 0 0.9849 0.4028 0.4104 0.4411 0.8333 1.1253 0.9347 0.4993 0.5538 0.6811 0.8467 2.0254 0.9825 0.4398 0.4398 0.4592 0.8633 1.1498 0.0594 0.0594 NA NA 1 0.2707 0.4236 0.4236 0.4236 1.4236 0 0.7303 0.4118 0.4118 0.4118 1.4118 0 0.7232 0 0
7 26 3174 0 0 0 0 0 1.0088 0 0.9677 -0.6661 0.6661 0.6957 0.2917 1.1279 0.9214 -0.6497 0.6955 0.7949 0.7333 1.9137 0.9756 -0.6339 0.6339 0.653 0.23 1.0084 -0.1033 0.1033 NA NA 1 0.2939 0.0204 0.0204 0.0204 1.0204 1 0.5473 0.0037 0.0037 0.0037 1.0037 1 0.5353 0 0
7 27 5424 0 0 0 0 0 1.0061 0 0.9612 0.5906 0.5906 0.6375 0.375 1.1667 0.9365 0.5948 0.6379 0.7361 0.7667 1.8956 0.9838 0.641 0.641 0.6536 0.2167 1.0517 0.0236 0.0236 NA NA 1 0.298 -0.1323 0.1323 -0.1323 0.8677 1 0.4752 -0.138 0.138 -0.138 0.862 1 0.4716 0 0
7 28 4205 0 0 0 0 0 1.0054 0 0.9787 -0.7925 0.7925 0.8548 0.2083 1.2321 0.9203 -0.681 0.7316 0.8433 0.67 1.8377 0.979 -0.6569 0.6569 0.6732 0.11 0.9883 0.016 0.016 NA NA 1 0.3095 -0.2635 0.2635 -0.2635 0.7365 0 0.4307 -0.2685 0.2685 -0.2685 0.7315 0 0.4275 0 0
7 29 5132 0 0 0 0 0 1.0078 0 0.9818 -0.3808 0.4149 0.4673 0.7917 1.1866 0.935 -0.3717 0.4776 0.5785 0.89 1.9151 0.9942 -0.3211 0.3211 0.3318 1 1.0198 -0.0713 0.0713 NA NA 1 0.2916 -0.0238 0.0238 -0.0238 0.9762 1 0.5263 -0.0343 0.0343 -0.0343 0.9657 1 0.5202 0 0
7 30 3772 0 0 0 0 0 1.0056 0 0.9917 -0.0853 0.1564 0.1993 1 1.1513 0.9402 -0.0888 0.3498 0.4338 0.9733 1.8666 0.9953 -0.1312 0.1507 0.1885 1 0.9987 -0.106 0.106 NA NA 1 0.2818 -0.0551 0.0551 -0.0551 0.9449 1 0.4968 -0.0707 0.0707 -0.0707 0.9293 1 0.4929 0 0
7 31 6346 0 0 0 0 0 1.0081 0 0.9868 -0.6548 0.6548 0.678 0.4583 1.199 0.931 -0.6896 0.7235 0.826 0.7033 1.9788 0.9502 -0.7539 0.7539 0.7855 0.1467 1.0694 -0.0266 0.0266 NA NA 1 0.2957 0.0886 0.0886 0.0886 1.0886 1 0.5963 0.0818 0.0818 0.0818 1.0818 1 0.5895 0 0
7 32 5424 0 0 0 0 0 1.0056 0 0.9855 -0.3206 0.3229 0.3759 0.9583 1.1803 0.9292 -0.3638 0.4742 0.5828 0.9 1.9358 0.9792 -0.3391 0.3391 0.3709 0.86 1.1114 0.0518 0.0518 NA NA 1 0.2864 0.1222 0.1222 0.1222 1.1222 1 0.6014 0.1131 0.1131 0.1131 1.1131 1 0.5947 0 0
7 33 4094 0 0 0 0 0 1.0031 0 0.9838 -0.3242 0.3805 0.4515 0.9167 1.2346 0.9242 -0.3322 0.4767 0.584 0.9133 1.8954 0.9894 -0.3032 0.3032 0.3339 0.8633 1.014 -0.0432 0.0432 NA NA 1 0.2927 -0.0973 0.0973 -0.0973 0.9027 1 0.4931 -0.104 0.104 -0.104 0.896 1 0.4912 0 0
7 34 5242 0 0 0 0 0 1.0056 0 0.9551 0.043 0.3016 0.5737 0.9583 1.3077 0.9276 0.2215 0.3971 0.5088 0.9233 1.9528 0.9886 0.1447 0.1495 0.1799 1 1.0915 0.1187 0.1187 NA NA 1 0.3028 -0.0825 0.0825 -0.0825 0.9175 1 0.4983 -0.1013 0.1013 -0.1013 0.8987 1 0.4821 0 0
7 35 4787 0 0 0 0 0 1.0027 0 0.9874 0.0013 0.1275 0.169 1 1.1262 0.9284 0.0681 0.3479 0.4416 0.97 1.8592 0.9758 0.048 0.1435 0.1762 1 1.0879 0.0522 0.0522 NA NA 1 0.2892 -0.0064 0.0064 -0.0064 0.9936 1 0.5342 -0.0148 0.0148 -0.0148 0.9852 1 0.5291 0 0
7 36 4537 0 0 0 0 0 1.0102 0 0.9715 -0.247 0.275 0.3348 0.9167 1.131 0.9377 -0.2595 0.4099 0.513 0.9467 1.8915 0.9654 -0.3293 0.3293 0.3796 0.8167 1.0741 0.0283 0.0283 NA NA 1 0.2816 -0.0369 0.0369 -0.0369 0.9631 1 0.5274 -0.0429 0.0429 -0.0429 0.9571 1 0.5207 0 0
7 37 4126 0 0 0 0 0 1.0045 0 0.9765 0.3095 0.3319 0.4466 0.9583 1.2454 0.9284 0.226 0.405 0.5182 0.92 1.8993 0.9648 0.3044 0.312 0.3586 0.8033 1.0466 -0.0589 0.0589 NA NA 1 0.2927 0.0204 0.0204 0.0204 1.0204 1 0.5301 0.0113 0.0113 0.0113 1.0113 1 0.5365 0 0
7 38 5554 0 0 0 0 0 1.0058 0 0.9864 -0.6866 0.6866 0.7141 0.2917 1.1756 0.9334 -0.6974 0.7399 0.8385 0.6933 1.9477 0.9878 -0.7624 0.7624 0.7734 0.0133 1.0354 -0.0744 0.0744 NA NA 1 0.298 -0.1008 0.1008 -0.1008 0.8992 1 0.4717 -0.1112 0.1112 -0.1112 0.8888 1 0.471 0 0
7 39 5236 0 0 0 0 0 1.0082 0 0.9723 0.0879 0.1854 0.2373 1 1.0989 0.9352 0.0864 0.3713 0.472 0.9667 1.8782 0.9695 0.1067 0.1672 0.2141 1 1.0723 0.0688 0.0688 NA NA 1 0.2885 0.0281 0.0281 0.0281 1.0281 1 0.546 0.0175 0.0175 0.0175 1.0175 1 0.5449 0 0
7 40 4037 0 0 0 0 0 1.0026 0 0.9798 0.7984 0.7984 0.8444 0.2083 1.2637 0.9114 0.7155 0.7554 0.8761 0.6833 2.037 0.9832 0.6779 0.6779 0.6948 0.28 1.1292 0.0978 0.0978 NA NA 1 0.2916 0.1215 0.1215 0.1215 1.1215 1 0.6048 0.104 0.104 0.104 1.104 1 0.5944 0 0
7 41 4044 0 0 0 0 0 1.0041 0 0.9896 0.0228 0.2209 0.2887 1 1.2739 0.9203 0.0053 0.3817 0.4809 0.9467 1.9346 0.9848 -0.1002 0.1238 0.1616 1 0.9939 -0.0994 0.0994 NA NA 1 0.3024 -0.0383 0.0383 -0.0383 0.9617 1 0.5346 -0.0536 0.0536 -0.0536 0.9464 1 0.5342 0 0
7 42 3784 0 0 0 0 0 1.0076 0 0.9489 0.5116 0.5116 0.722 0.75 1.2912 0.9146 0.345 0.4842 0.5808 0.8933 1.8355 0.9714 0.3783 0.3859 0.4221 0.7133 1.0747 0.1611 0.1611 NA NA 0 0.3098 -0.2576 0.2576 -0.2576 0.7424 0 0.4205 -0.2819 0.2819 -0.2819 0.7181 0 0.4021 0 0
7 43 3748 0 0 0 0 0 1.0086 0 0.9667 -0.6117 0.6117 0.656 0.2917 1.1366 0.9044 -0.6141 0.66 0.7657 0.7133 1.8136 0.9628 -0.6514 0.6514 0.685 0.2567 1.0044 0.0111 0.0111 NA NA 1 0.3149 -0.2553 0.2553 -0.2553 0.7447 0 0.4103 -0.2602 0.2602 -0.2602 0.7398 0 0.4041 0 0
7 44 6531 0 0 0 0 0 1.0065 0 0.9387 -0.4952 0.4952 0.5672 0.5417 1.135 0.9251 -0.4709 0.5478 0.6531 0.82 1.8686 0.9639 -0.3878 0.3903 0.4329 0.71 1.1018 0.1193 0.1193 NA NA 1 0.2968 0.0047 0.0047 0.0047 1.0047 1 0.5404 -0.0157 0.0157 -0.0157 0.9843 1 0.5211 0 0
7 45 5557 0 0 0 0 0 1.0096 0 0.989 -0.2921 0.3102 0.3502 0.9167 1.1258 0.9449 -0.2621 0.403 0.5157 0.9333 1.9002 0.985 -0.1978 0.2044 0.2324 1 1.0974 0.1112 0.1112 NA NA 1 0.2784 0.1293 0.1293 0.1293 1.1293 1 0.6042 0.1094 0.1094 0.1094 1.1094 1 0.586 0 0
7 46 5358 0 0 0 0 0 1.0067 0 0.9708 -0.3778 0.3778 0.4499 0.7083 1.1349 0.9322 -0.3682 0.484 0.5884 0.88 1.833 0.9925 -0.4553 0.4553 0.4664 0.5933 1.0035 -0.013 0.013 NA NA 1 0.2914 -0.2349 0.2349 -0.2349 0.7651 0 0.4271 -0.2393 0.2393 -0.2393 0.7607 0 0.4256 0 0
7 47 3572 0 0 0 0 0 1.0066 0 0.992 0.1993 0.2403 0.2733 0.9583 1.2196 0.9249 0.1877 0.395 0.5051 0.94 1.9432 0.9821 0.1484 0.1678 0.2014 1 1.0562 -0.0125 0.0125 NA NA 1 0.2877 0.0659 0.0659 0.0659 1.0659 1 0.5528 0.0601 0.0601 0.0601 1.0601 1 0.5496 0 0
7 48 5865 0 0 0 0 0 1.0042 0 0.9928 0.4135 0.4135 0.482 0.9167 1.2628 0.9287 0.3819 0.4992 0.5922 0.8833 1.8425 0.9947 0.4108 0.4108 0.4231 0.8167 1.007 -0.0312 0.0312 NA NA 1 0.3047 -0.2841 0.2841 -0.2841 0.7159 0 0.401 -0.2892 0.2892 -0.2892 0.7108 0 0.3996 0 0
7 49 3852 0 0 0 0 0 1.0026 0 0.9941 0.1131 0.1915 0.2278 1 1.1581 0.9359 0.0935 0.3549 0.4494 0.9533 1.8399 0.9703 -0.0037 0.141 0.171 1 0.973 -0.1352 0.1352 NA NA 1 0.3036 -0.2033 0.2033 -0.2033 0.7967 1 0.4346 -0.2227 0.2227 -0.2227 0.7773 1 0.424 0 0
7 50 5062 0 0 0 0 0 1.004 0 0.988 -0.123 0.1443 0.1808 1 1.1263 0.9307 -0.1304 0.377 0.4778 0.9633 1.9469 0.978 -0.0685 0.1428 0.1801 1 1.1516 0.0833 0.0833 NA NA 1 0.28 0.2993 0.2993 0.2993 1.2993 0 0.643 0.2833 0.2833 0.2833 1.2833 1 0.633 0 0
7 51 4331 0 0 0 0 0 1.0101 0 0.9844 -0.5583 0.5583 0.6134 0.5833 1.1975 0.9268 -0.5659 0.6529 0.7481 0.77 1.8967 0.959 -0.5771 0.5771 0.6118 0.5467 1.0331 0.0083 0.0083 NA NA 1 0.2899 -0.103 0.103 -0.103 0.897 1 0.4906 -0.108 0.108 -0.108 0.892 1 0.4818 0 0
7 52 4704 0 0 0 0 0 1.0051 0 0.9748 -0.7246 0.7246 0.7846 0.375 1.2113 0.936 -0.7143 0.7262 0.8336 0.7467 1.9455 0.9786 -0.5633 0.5633 0.5819 0.5533 1.0912 0.0798 0.0798 NA NA 1 0.2843 0.0251 0.0251 0.0251 1.0251 1 0.5431 0.0131 0.0131 0.0131 1.0131 1 0.5313 0 0
7 53 4455 0 0 0 0 0 1.0118 0 0.9767 -0.6329 0.6329 0.7119 0.4583 1.2326 0.9408 -0.6223 0.6612 0.7525 0.7033 1.8196 0.9846 -0.6438 0.6438 0.6564 0.1233 0.9921 0.0234 0.0234 NA NA 1 0.2929 -0.2645 0.2645 -0.2645 0.7355 0 0.4262 -0.2691 0.2691 -0.2691 0.7309 0 0.4232 0 0
7 54 5276 0 0 0 0 0 1.0021 0 0.977 -0.0716 0.2169 0.2925 0.9167 1.1298 0.9321 -0.0675 0.3597 0.4746 0.9467 1.8032 0.9727 -0.0489 0.1538 0.1826 1 1.0288 0.02 0.02 NA NA 1 0.2965 -0.1746 0.1746 -0.1746 0.8254 1 0.439 -0.1799 0.1799 -0.1799 0.8201 1 0.4342 0 0
7 55 4347 0 0 0 0 0 1.0072 0 0.9849 0.2552 0.2609 0.3323 0.9583 1.1803 0.928 0.2208 0.4163 0.52 0.94 1.9459 0.9755 0.254 0.254 0.2979 0.9467 1.0932 -0.0125 0.0125 NA NA 1 0.2834 0.1255 0.1255 0.1255 1.1255 1 0.5801 0.1194 0.1194 0.1194 1.1194 1 0.5809 0 0
7 56 5449 0 0 0 0 0 1.0044 0 0.9805 0.2699 0.2765 0.3369 0.875 1.1137 0.9355 0.3006 0.4475 0.551 0.9167 1.8433 0.9905 0.1891 0.2107 0.2377 1 1.0737 0.0946 0.0946 NA NA 1 0.2911 -0.025 0.025 -0.025 0.975 1 0.5136 -0.0394 0.0394 -0.0394 0.9606 1 0.505 0 0
7 57 4110 0 0 0 0 0 1.0016 0 0.9892 0.278 0.278 0.3212 0.9583 1.1334 0.9315 0.2873 0.4183 0.5263 0.92 1.8574 0.989 0.2735 0.2739 0.2929 1 1.0295 -0.0142 0.0142 NA NA 1 0.2967 -0.156 0.156 -0.156 0.844 1 0.4564 -0.161 0.161 -0.161 0.839 1 0.4536 0 0
7 58 4905 0 0 0 0 0 1.0122 0 0.9819 0.3994 0.3994 0.4377 0.7917 1.1363 0.932 0.4384 0.5158 0.6183 0.8767 1.9022 0.9871 0.3706 0.3764 0.3878 0.91 1.094 0.0457 0.0457 NA NA 1 0.2861 0.0459 0.0459 0.0459 1.0459 1 0.556 0.0381 0.0381 0.0381 1.0381 1 0.5505 0 0
7 59 4424 0 0 0 0 0 1.0037 0 0.9642 -0.4542 0.4542 0.5668 0.7083 1.2152 0.9315 -0.3951 0.4912 0.6038 0.8867 1.8829 0.9944 -0.4274 0.4274 0.4415 0.8867 1.0644 0.0483 0.0483 NA NA 1 0.2966 -0.0563 0.0563 -0.0563 0.9437 1 0.5155 -0.0641 0.0641 -0.0641 0.9359 1 0.508 0 0
7 60 5117 0 0 0 0 0 1.0059 0 0.9821 -0.2989 0.3109 0.3871 0.7917 1.1722 0.935 -0.3119 0.4429 0.5564 0.92 1.9252 0.9365 -0.3713 0.3899 0.4481 0.7 1.0549 0.0281 0.0281 NA NA 1 0.2937 0.0265 0.0265 0.0265 1.0265 1 0.5491 0.0199 0.0199 0.0199 1.0199 1 0.542 0 0
7 61 4213 0 0 0 0 0 1.0071 0 0.9508 0.169 0.274 0.3553 0.9583 1.1111 0.9234 0.0862 0.3862 0.4826 0.9367 1.7905 0.9941 0.1756 0.1756 0.1917 1 0.9813 -0.005 0.005 NA NA 1 0.2919 -0.1673 0.1673 -0.1673 0.8327 1 0.4604 -0.172 0.172 -0.172 0.828 1 0.4594 0 0
7 62 4095 0 0 0 0 0 1.0061 0 0.9844 -0.7342 0.7342 0.7587 0.25 1.1597 0.9334 -0.7397 0.7645 0.8685 0.6767 1.9829 0.9871 -0.7892 0.7892 0.8003 0.01 1.0612 -0.0142 0.0142 NA NA 1 0.2745 0.1774 0.1774 0.1774 1.1774 1 0.6149 0.1712 0.1712 0.1712 1.1712 1 0.6106 0 0
7 63 3593 0 0 0 0 0 1.003 0 0.9796 0.1589 0.2432 0.4416 0.9167 1.2433 0.9354 0.1121 0.3668 0.4616 0.98 1.8947 0.9813 0.2012 0.215 0.2487 1 0.9779 -0.1421 0.1421 NA NA 1 0.2954 -0.1074 0.1074 -0.1074 0.8926 1 0.4911 -0.1307 0.1307 -0.1307 0.8693 1 0.4765 0 0
7 64 4063 0 0 0 0 0 1.0055 0 0.9744 0.3651 0.3881 0.4554 0.875 1.1513 0.9314 0.323 0.4429 0.5338 0.89 1.8138 0.9872 0.2886 0.2886 0.3442 0.7733 0.9615 -0.1665 0.1665 NA NA 0 0.2951 -0.162 0.162 -0.162 0.838 1 0.4541 -0.1903 0.1903 -0.1903 0.8097 1 0.4319 0 0
7 65 4301 0 0 0 0 0 1.0082 0 0.9255 0.742 0.7624 0.8471 0.2917 1.2156 0.924 0.6625 0.7168 0.8086 0.6167 1.8235 0.9822 0.6655 0.6655 0.6801 0.16 0.9986 -0.0589 0.0589 NA NA 1 0.3107 -0.3415 0.3415 -0.3415 0.6585 0 0.3788 -0.348 0.348 -0.348 0.652 0 0.3744 0 0
7 66 4087 0 0 0 0 0 1.0105 0 0.989 -0.0739 0.1414 0.1691 1 1.1023 0.9411 -0.0614 0.3445 0.4417 0.9467 1.8696 0.9777 -0.0588 0.1422 0.1626 1 1.0024 -0.0998 0.0998 NA NA 1 0.2868 -0.005 0.005 -0.005 0.995 1 0.5284 -0.0203 0.0203 -0.0203 0.9797 1 0.5193 0 0
7 67 4160 0 0 0 0 0 1.011 0 0.9816 -0.0852 0.1914 0.2362 1 1.1629 0.9333 -0.0775 0.3427 0.4296 0.9733 1.8907 0.9679 -0.1421 0.2027 0.2325 1 1.0817 0.0833 0.0833 NA NA 1 0.2891 -0.0073 0.0073 -0.0073 0.9927 1 0.5264 -0.0198 0.0198 -0.0198 0.9802 1 0.5118 0 0
7 68 3747 0 0 0 0 0 1.0157 0 0.99 -0.1685 0.1909 0.2375 0.9583 1.1668 0.9293 -0.2006 0.3642 0.4623 0.9533 1.8487 0.9695 -0.215 0.2223 0.2918 0.8733 1.0487 0.0841 0.0841 NA NA 1 0.282 -0.1341 0.1341 -0.1341 0.8659 1 0.4597 -0.1449 0.1449 -0.1449 0.8551 1 0.4524 0 0
7 69 4861 0 0 0 0 0 1.0157 0 0.9892 0.0115 0.1483 0.1914 1 1.1659 0.9271 -0.0158 0.3436 0.453 0.9667 1.8564 0.9852 0.0199 0.1093 0.1229 1 1.0241 -0.035 0.035 NA NA 1 0.2994 -0.1459 0.1459 -0.1459 0.8541 1 0.4563 -0.1519 0.1519 -0.1519 0.8481 1 0.4539 0 0
7 70 6392 0 0 0 0 0 1.0034 0 0.981 -0.3641 0.3641 0.4162 0.875 1.1585 0.9482 -0.3763 0.4514 0.5573 0.9133 1.9305 0.9901 -0.487 0.487 0.5051 0.52 1.0545 -0.0329 0.0329 NA NA 1 0.2984 0.0422 0.0422 0.0422 1.0422 1 0.57 0.0349 0.0349 0.0349 1.0349 1 0.5647 0 0
7 71 6221 0 0 0 0 0 1.0053 0 0.9539 0.0239 0.2409 0.3596 0.9167 1.1756 0.934 0.0431 0.3476 0.4302 0.9767 1.8765 0.9843 0.0263 0.1022 0.1281 1 1.0434 -0.0403 0.0403 NA NA 1 0.2769 -0.0653 0.0653 -0.0653 0.9347 1 0.4932 -0.0717 0.0717 -0.0717 0.9283 1 0.4917 0 0
7 72 4435 0 0 0 0 0 1.0059 0 0.9819 0.0957 0.184 0.2348 1 1.1369 0.9264 0.1268 0.3849 0.4821 0.9467 1.8411 0.9758 0.1682 0.1876 0.2329 1 1.0164 2e-04 2e-04 NA NA 1 0.2963 -0.108 0.108 -0.108 0.892 1 0.486 -0.1132 0.1132 -0.1132 0.8868 1 0.4814 0 0
7 73 4459 0 0 0 0 0 1.0036 0 0.9525 -0.3106 0.3254 0.4347 0.875 1.1481 0.9386 -0.265 0.4221 0.5218 0.9267 1.8353 0.9865 -0.3185 0.3185 0.3401 1 1.067 0.1071 0.1071 NA NA 1 0.3032 -0.1398 0.1398 -0.1398 0.8602 1 0.4661 -0.155 0.155 -0.155 0.845 1 0.4558 0 0
7 74 3974 0 0 0 0 0 1.0037 0 0.9782 0.2177 0.2645 0.3375 0.8333 1.1477 0.9282 0.1728 0.4043 0.4996 0.95 1.8824 0.983 0.2515 0.252 0.2833 0.92 1.0242 -0.0497 0.0497 NA NA 1 0.2823 -0.0504 0.0504 -0.0504 0.9496 1 0.5275 -0.0577 0.0577 -0.0577 0.9423 1 0.5209 0 0
7 75 5524 0 0 0 0 0 1.009 0 0.98 -0.4994 0.4994 0.5475 0.5833 1.1574 0.9367 -0.437 0.5159 0.6287 0.87 1.9039 0.9752 -0.4709 0.4709 0.4964 0.6067 1.059 -0.0273 0.0273 NA NA 1 0.2853 -0.0244 0.0244 -0.0244 0.9756 1 0.5253 -0.0303 0.0303 -0.0303 0.9697 1 0.5182 0 0
7 76 5072 0 0 0 0 0 1.0094 0 0.9766 0.6326 0.6326 0.6717 0.2917 1.1238 0.9402 0.7057 0.7265 0.8368 0.6967 2.0335 0.9939 0.6548 0.6548 0.6641 0.11 1.0576 -0.0919 0.0919 NA NA 1 0.2857 0.2317 0.2317 0.2317 1.2317 1 0.6382 0.2146 0.2146 0.2146 1.2146 1 0.6293 0 0
7 77 4344 0 0 0 0 0 1.0015 0 0.9871 0.0034 0.1817 0.2217 1 1.1806 0.9393 -0.0062 0.3522 0.4504 0.9733 1.9125 0.9802 -0.0452 0.1404 0.1697 1 1.08 0.0715 0.0715 NA NA 1 0.3056 0.0051 0.0051 0.0051 1.0051 1 0.5448 -0.0062 0.0062 -0.0062 0.9938 1 0.5302 0 0
7 78 5224 0 0 0 0 0 1.0081 0 0.9831 0.132 0.2271 0.2843 1 1.1497 0.9351 0.1517 0.3685 0.4642 0.95 1.8241 0.9871 0.179 0.1812 0.22 1 1.0735 0.124 0.124 NA NA 1 0.2903 -0.1568 0.1568 -0.1568 0.8432 1 0.4557 -0.1747 0.1747 -0.1747 0.8253 1 0.4449 0 0
7 79 5504 0 0 0 0 0 1.0055 0 0.9536 -0.2129 0.2804 0.3365 0.9167 1.1248 0.9316 -0.1766 0.3692 0.4631 0.9667 1.8095 0.9835 -0.26 0.26 0.2916 1 1.0587 0.1 0.1 NA NA 1 0.2976 -0.1748 0.1748 -0.1748 0.8252 1 0.4406 -0.188 0.188 -0.188 0.812 1 0.4313 0 0
7 80 4251 0 0 0 0 0 1.0045 0 0.9907 -0.002 0.1785 0.2205 1 1.1411 0.9322 0.0287 0.3445 0.4436 0.9567 1.836 0.9772 -0.0061 0.1795 0.2176 1 0.9845 -0.1162 0.1162 NA NA 1 0.2776 -0.057 0.057 -0.057 0.943 1 0.5013 -0.0748 0.0748 -0.0748 0.9252 1 0.4914 0 0
7 81 5209 0 0 0 0 0 1.0108 0 0.9835 -0.1501 0.2673 0.3423 0.9583 1.2093 0.9251 -0.1574 0.4067 0.507 0.95 1.889 0.9853 -0.1896 0.212 0.2381 1 1.0743 0.0912 0.0912 NA NA 1 0.3109 -0.1896 0.1896 -0.1896 0.8104 1 0.4638 -0.2016 0.2016 -0.2016 0.7984 1 0.4565 0 0
7 82 4449 0 0 0 0 0 1.0048 0 0.984 -0.1919 0.2615 0.3245 0.9167 1.2414 0.9191 -0.2124 0.417 0.5351 0.9167 1.8496 0.9826 -0.1669 0.185 0.2316 1 1.0509 0.1246 0.1246 NA NA 1 0.3036 -0.2448 0.2448 -0.2448 0.7552 0 0.4259 -0.2613 0.2613 -0.2613 0.7387 0 0.4134 0 0
7 83 4025 0 0 0 0 0 1.0018 0 0.9764 0.0511 0.1795 0.2551 0.9583 1.0972 0.9335 0.0788 0.3293 0.4158 0.9567 1.7499 0.9833 0.075 0.1309 0.1791 1 1.0031 0.0473 0.0473 NA NA 1 0.2883 -0.2882 0.2882 -0.2882 0.7118 0 0.3947 -0.2938 0.2938 -0.2938 0.7062 0 0.3898 0 0
7 84 4307 0 0 0 0 0 1.0169 0 0.989 -0.0116 0.1843 0.2263 1 1.2136 0.931 -0.0115 0.3611 0.4518 0.9667 1.9651 0.9606 -0.0551 0.1805 0.2041 1 1.1353 0.148 0.148 NA NA 0 0.2857 0.1215 0.1215 0.1215 1.1215 1 0.5944 0.0906 0.0906 0.0906 1.0906 1 0.5761 0 0
7 85 4044 1 0 0 0 0 1.0088 0 0.985 -0.7773 0.7773 0.8079 0.2083 1.2233 0.9164 -0.7362 0.7887 0.8874 0.6033 1.842 0.9812 -0.7199 0.7199 0.7351 0.08 1.06 0.2153 0.2153 NA NA 0 0.3015 -0.252 0.252 -0.252 0.748 0 0.4396 -0.2916 0.2916 -0.2916 0.7084 0 0.4177 1 0
7 86 3983 0 0 0 0 0 1.0018 0 0.9836 0.1478 0.305 0.4714 0.9583 1.3286 0.9248 0.1657 0.4166 0.5219 0.9267 1.9265 0.9834 0.1972 0.1973 0.24 1 1.0231 0.0262 0.0262 NA NA 1 0.3161 -0.2449 0.2449 -0.2449 0.7551 0 0.4311 -0.2503 0.2503 -0.2503 0.7497 0 0.4279 0 0
7 87 3535 0 0 0 0 0 1.0028 0 0.9813 0.0351 0.2738 0.3778 0.9583 1.287 0.9326 0.0098 0.3643 0.4678 0.9567 1.9418 0.9857 0.0771 0.1092 0.1419 1 1.0141 -0.0982 0.0982 NA NA 1 0.2988 -0.0234 0.0234 -0.0234 0.9766 1 0.5313 -0.0384 0.0384 -0.0384 0.9616 1 0.5298 0 0
7 88 4039 0 0 0 0 0 1.0029 0 0.9743 -0.4362 0.5041 0.6092 0.7083 1.266 0.9245 -0.3796 0.5081 0.6249 0.87 1.8645 0.9846 -0.465 0.465 0.5098 0.56 1.0098 -0.0653 0.0653 NA NA 1 0.2987 -0.2253 0.2253 -0.2253 0.7747 1 0.4437 -0.233 0.233 -0.233 0.767 1 0.4426 0 0
7 89 4289 0 0 0 0 0 1.0115 0 0.9816 -0.2915 0.3026 0.376 0.875 1.1581 0.9391 -0.2662 0.4103 0.5224 0.93 1.8634 0.9418 -0.2426 0.2857 0.3412 0.82 1.0719 0.1124 0.1124 NA NA 1 0.2803 -0.0328 0.0328 -0.0328 0.9672 1 0.5035 -0.0503 0.0503 -0.0503 0.9497 1 0.4932 0 0
7 90 4142 0 0 0 0 0 1.0097 0 0.9719 0.263 0.2672 0.3226 0.9583 1.1104 0.9454 0.2528 0.3736 0.4711 0.9533 1.8321 0.9868 0.1817 0.1817 0.2147 1 1.0445 0.0375 0.0375 NA NA 1 0.2974 -0.1337 0.1337 -0.1337 0.8663 1 0.4559 -0.1399 0.1399 -0.1399 0.8601 1 0.4548 0 0
7 91 4458 0 0 0 0 0 1.0048 0 0.9836 -0.6194 0.6194 0.6516 0.375 1.1541 0.9403 -0.5857 0.6184 0.7119 0.78 1.8756 0.9923 -0.5252 0.5252 0.5326 0.35 1.0432 0.0439 0.0439 NA NA 1 0.2958 -0.1399 0.1399 -0.1399 0.8601 1 0.4642 -0.1466 0.1466 -0.1466 0.8534 1 0.4586 0 0
7 92 4337 0 0 0 0 0 1.0127 0 0.9822 -0.1698 0.2169 0.2736 0.9583 1.1355 0.9236 -0.1197 0.3866 0.4901 0.9533 1.8758 0.9701 -0.0861 0.1997 0.2285 1 1.0638 0.0339 0.0339 NA NA 1 0.2844 0.0515 0.0515 0.0515 1.0515 1 0.5675 0.0448 0.0448 0.0448 1.0448 1 0.5663 0 0
7 93 4353 0 0 0 0 0 1.0077 0 0.9805 -0.2625 0.268 0.3157 0.9583 1.1321 0.9277 -0.2505 0.4094 0.5133 0.93 1.8578 0.9856 -0.3326 0.3326 0.3576 0.8033 1.0155 -0.1062 0.1062 NA NA 1 0.2778 -0.0235 0.0235 -0.0235 0.9765 1 0.5316 -0.0394 0.0394 -0.0394 0.9606 1 0.5267 0 0
7 94 4589 0 0 0 0 0 1.005 0 0.9832 0.28 0.3105 0.3573 0.9167 1.1529 0.933 0.2997 0.43 0.529 0.9267 1.9165 0.9858 0.3294 0.3294 0.3503 0.86 1.0612 0.0091 0.0091 NA NA 1 0.296 -0.003 0.003 -0.003 0.997 1 0.5363 -0.0089 0.0089 -0.0089 0.9911 1 0.5295 0 0
7 95 3937 0 0 0 0 0 1.0041 0 0.98 0.1129 0.2422 0.2931 0.9583 1.1405 0.9274 0.0609 0.3922 0.4947 0.93 1.7725 0.9965 0.0671 0.1531 0.18 1 0.9957 0.0054 0.0054 NA NA 1 0.2861 -0.2907 0.2907 -0.2907 0.7093 0 0.3816 -0.2945 0.2945 -0.2945 0.7055 0 0.3778 0 0
7 96 4203 0 0 0 0 0 1.0052 0 0.9806 -0.2462 0.249 0.3099 0.9583 1.121 0.9357 -0.2385 0.3913 0.4816 0.96 1.8122 0.9705 -0.3564 0.364 0.4002 0.8167 0.9971 -0.078 0.078 NA NA 1 0.2827 -0.1444 0.1444 -0.1444 0.8556 1 0.4624 -0.1542 0.1542 -0.1542 0.8458 1 0.4566 0 0
7 97 4082 0 0 0 0 0 1.006 0 0.9944 -0.3039 0.3098 0.3607 1 1.2167 0.939 -0.2371 0.4111 0.518 0.9433 1.9699 0.975 -0.2771 0.2771 0.3323 0.9633 1.0781 -0.0517 0.0517 NA NA 1 0.291 0.0856 0.0856 0.0856 1.0856 1 0.5862 0.0768 0.0768 0.0768 1.0768 1 0.5873 0 0
7 98 4314 0 0 0 0 0 1.008 0 0.9742 -0.0803 0.1573 0.1951 1 1.1175 0.9367 -0.0624 0.3455 0.4334 0.97 1.8862 0.9688 -0.0647 0.1289 0.1962 1 1.0931 0.0565 0.0565 NA NA 1 0.2904 0.0216 0.0216 0.0216 1.0216 1 0.5272 0.0127 0.0127 0.0127 1.0127 1 0.5172 0 0
7 99 4074 0 0 0 0 0 1.0067 0 0.987 -0.2624 0.2768 0.3388 0.9167 1.2026 0.9226 -0.2203 0.3894 0.4929 0.94 1.8558 0.9706 -0.1944 0.2047 0.2634 0.97 1.0515 0.0443 0.0443 NA NA 1 0.2913 -0.1993 0.1993 -0.1993 0.8007 1 0.4556 -0.2054 0.2054 -0.2054 0.7946 1 0.453 0 0
7 100 4304 0 0 0 0 0 1.0057 0 0.9824 0.3422 0.3652 0.399 0.8333 1.1613 0.9363 0.3388 0.4415 0.5349 0.9367 1.8926 0.9366 0.2958 0.3007 0.3861 0.78 1.0882 0.0757 0.0757 NA NA 1 0.2852 -0.0114 0.0114 -0.0114 0.9886 1 0.5241 -0.0225 0.0225 -0.0225 0.9775 1 0.5132 0 0
7 101 5153 0 0 0 0 0 1.0094 0 0.9698 -0.4026 0.4041 0.4556 0.7917 1.1381 0.9321 -0.3842 0.4801 0.5935 0.8933 1.9308 0.977 -0.3982 0.3997 0.4263 0.82 1.076 -0.1 0.1 NA NA 1 0.278 0.0841 0.0841 0.0841 1.0841 1 0.5764 0.0676 0.0676 0.0676 1.0676 1 0.5624 0 0
7 102 3999 0 0 0 0 0 1.0037 0 0.9773 -0.3255 0.3562 0.4556 0.875 1.2552 0.9343 -0.306 0.4314 0.5369 0.93 1.9194 0.9904 -0.4623 0.4623 0.4752 0.77 1.0547 0.0308 0.0308 NA NA 1 0.2919 -0.0675 0.0675 -0.0675 0.9325 1 0.5311 -0.0737 0.0737 -0.0737 0.9263 1 0.5257 0 0
7 103 5508 0 0 0 0 0 1.0051 0 0.9897 -0.003 0.1503 0.2001 1 1.1952 0.9391 -0.0199 0.3539 0.4443 0.97 1.8799 0.9793 -0.0711 0.1418 0.185 1 1.0484 -0.0203 0.0203 NA NA 1 0.2964 -0.1608 0.1608 -0.1608 0.8392 1 0.4637 -0.166 0.166 -0.166 0.834 1 0.4577 0 0
7 104 4935 0 0 0 0 0 1.0044 0 0.9763 0.581 0.581 0.6236 0.625 1.1869 0.9442 0.6413 0.6704 0.7613 0.8 1.9826 0.9829 0.6739 0.6739 0.6877 0.1833 1.0842 -0.011 0.011 NA NA 1 0.2926 0.1219 0.1219 0.1219 1.1219 1 0.6033 0.1154 0.1154 0.1154 1.1154 1 0.6004 0 0
7 105 3745 0 0 0 0 0 1.0053 0 0.9725 -0.3822 0.4373 0.604 0.9167 1.2889 0.9358 -0.2655 0.4009 0.5194 0.9133 1.9216 0.9728 -0.2397 0.2652 0.2904 1 1.0273 -0.0453 0.0453 NA NA 1 0.2923 -0.044 0.044 -0.044 0.956 1 0.5171 -0.0513 0.0513 -0.0513 0.9487 1 0.5118 0 0
7 106 5510 0 0 0 0 0 1.0085 0 0.9752 0.1384 0.1957 0.238 1 1.106 0.9262 0.1377 0.4019 0.4924 0.9667 1.8386 0.9933 0.1071 0.1115 0.1481 1 1.0335 -0.0023 0.0023 NA NA 1 0.2842 -0.0485 0.0485 -0.0485 0.9515 1 0.5041 -0.0536 0.0536 -0.0536 0.9464 1 0.502 0 0
7 107 4352 0 0 0 0 0 1.0047 0 0.9816 -0.2666 0.2712 0.3399 0.9167 1.1527 0.9291 -0.2777 0.4003 0.4982 0.94 1.8741 0.977 -0.2866 0.3073 0.3327 1 1.0267 -0.0549 0.0549 NA NA 1 0.2991 -0.0416 0.0416 -0.0416 0.9584 1 0.5143 -0.0502 0.0502 -0.0502 0.9498 1 0.5076 0 0
7 108 5581 0 0 0 0 0 1.0066 0 0.9724 -0.8172 0.8172 0.8579 0.1667 1.1956 0.9254 -0.7651 0.7951 0.8992 0.6167 1.9231 0.9441 -0.7619 0.7619 0.7973 0.1533 1.0163 -0.1066 0.1066 NA NA 1 0.2976 -0.068 0.068 -0.068 0.932 1 0.4968 -0.0841 0.0841 -0.0841 0.9159 1 0.4936 0 0
7 109 5213 0 0 0 0 0 1.0152 0 0.9849 0.1935 0.2181 0.2597 1 1.1488 0.9373 0.1857 0.3645 0.4588 0.95 1.9081 0.9868 0.106 0.1311 0.1655 1 1.0882 0.0337 0.0337 NA NA 1 0.2774 0.1045 0.1045 0.1045 1.1045 1 0.5865 0.0976 0.0976 0.0976 1.0976 1 0.5794 0 0
7 110 4156 0 0 0 0 0 1.0064 0 0.971 -0.4902 0.5844 0.6662 0.5833 1.3316 0.9211 -0.4681 0.5621 0.6836 0.8367 1.9515 0.978 -0.481 0.4838 0.5047 0.5 1.097 0.131 0.131 NA NA 1 0.2992 -0.0878 0.0878 -0.0878 0.9122 1 0.527 -0.1092 0.1092 -0.1092 0.8908 1 0.5103 0 0
7 111 4884 0 0 0 0 0 1.0136 0 0.9909 0.3719 0.379 0.4487 0.8333 1.2432 0.9336 0.3198 0.455 0.5662 0.92 1.9471 0.9482 0.281 0.2952 0.3699 0.9167 1.0417 -0.0542 0.0542 NA NA 1 0.2869 0.0081 0.0081 0.0081 1.0081 1 0.5314 -3e-04 3e-04 -3e-04 0.9997 1 0.5318 0 0
7 112 5270 0 0 0 0 0 1.0065 0 0.9757 0.3299 0.3419 0.4021 0.9167 1.1316 0.9376 0.3126 0.4395 0.552 0.9033 1.795 0.9821 0.3995 0.3995 0.4219 0.79 1.0513 0.1629 0.1629 NA NA 0 0.2883 -0.2505 0.2505 -0.2505 0.7495 0 0.4259 -0.2749 0.2749 -0.2749 0.7251 0 0.4058 0 0
7 113 3724 0 0 0 0 0 1.012 0 0.9866 0.2323 0.2752 0.3143 0.9583 1.2168 0.9334 0.2554 0.4053 0.5056 0.9533 1.9372 0.9847 0.2768 0.2784 0.3138 1 1.0746 0.0115 0.0115 NA NA 1 0.2731 0.0499 0.0499 0.0499 1.0499 1 0.5712 0.0445 0.0445 0.0445 1.0445 1 0.5645 0 0
7 114 4409 0 0 0 0 0 1.0089 0 0.983 0.3374 0.3439 0.4065 0.875 1.1938 0.9342 0.3615 0.4575 0.5599 0.93 1.9094 0.9951 0.3557 0.3557 0.3648 1 1.0908 0.0938 0.0938 NA NA 1 0.2901 -0.0102 0.0102 -0.0102 0.9898 1 0.5509 -0.0244 0.0244 -0.0244 0.9756 1 0.5346 0 0
7 115 5499 0 0 0 0 0 1.0135 0 0.9782 -0.3204 0.3245 0.369 0.875 1.1245 0.9355 -0.3018 0.4356 0.5345 0.9333 1.9383 0.9789 -0.2712 0.2712 0.3098 1 1.0846 -0.0204 0.0204 NA NA 1 0.2789 0.2095 0.2095 0.2095 1.2095 1 0.625 0.2029 0.2029 0.2029 1.2029 1 0.6198 0 0
7 116 3619 0 0 0 0 0 1.0035 0 0.9345 -0.9534 0.9534 1.0409 0.1667 1.2852 0.9175 -0.8841 0.9067 1.0114 0.5033 1.943 0.9762 -0.921 0.921 0.934 0 1.0192 -0.1666 0.1666 NA NA 0 0.3012 -0.1823 0.1823 -0.1823 0.8177 1 0.4759 -0.21 0.21 -0.21 0.79 1 0.4589 0 0
7 117 4208 0 0 0 0 0 1.0045 0 0.9815 0.0932 0.1696 0.2524 1 1.1513 0.9329 0.0214 0.3369 0.437 0.9667 1.834 0.9708 0.1009 0.1782 0.2105 1 1.003 3e-04 3e-04 NA NA 1 0.2904 -0.1438 0.1438 -0.1438 0.8562 1 0.4687 -0.1485 0.1485 -0.1485 0.8515 1 0.4691 0 0
7 118 3610 0 0 0 0 0 1.0025 0 0.9811 -0.1705 0.3524 0.4401 0.9167 1.2929 0.9102 -0.1719 0.4098 0.519 0.93 1.879 0.9843 -0.0708 0.2002 0.2428 1 0.9925 -0.1015 0.1015 NA NA 1 0.3031 -0.1882 0.1882 -0.1882 0.8118 1 0.4526 -0.2014 0.2014 -0.2014 0.7986 1 0.4544 0 0
7 119 5229 0 0 0 0 0 1.0045 0 0.9866 -0.44 0.4493 0.4865 0.7917 1.1899 0.9248 -0.4159 0.5046 0.6139 0.8733 1.8935 0.99 -0.495 0.495 0.5089 0.5633 1.0864 0.1025 0.1025 NA NA 1 0.2716 -0.0746 0.0746 -0.0746 0.9254 1 0.4923 -0.089 0.089 -0.089 0.911 1 0.4783 0 0
7 120 4476 0 0 0 0 0 1.0034 0 0.9603 -0.433 0.433 0.5081 0.7083 1.1308 0.9347 -0.3649 0.4828 0.5822 0.9133 1.9383 0.9953 -0.3355 0.3355 0.3424 1 1.1063 0.0587 0.0587 NA NA 1 0.2891 0.1702 0.1702 0.1702 1.1702 1 0.5912 0.1595 0.1595 0.1595 1.1595 1 0.5814 0 0
7 121 6510 0 0 0 0 0 1.0056 0 0.9879 -0.3114 0.3149 0.3435 0.9583 1.1161 0.9405 -0.2698 0.4042 0.4887 0.95 1.8469 0.9926 -0.2585 0.2606 0.2742 1 1.0246 -0.0528 0.0528 NA NA 1 0.2939 -0.0709 0.0709 -0.0709 0.9291 1 0.4898 -0.0788 0.0788 -0.0788 0.9212 1 0.4833 0 0
7 122 3758 0 0 0 0 0 1.0087 0 0.9862 0.2729 0.3212 0.3906 0.8333 1.1795 0.931 0.2501 0.4361 0.5447 0.8933 1.8394 0.9908 0.1544 0.1626 0.1925 1 1.0333 0.063 0.063 NA NA 1 0.2822 -0.1556 0.1556 -0.1556 0.8444 1 0.4664 -0.1634 0.1634 -0.1634 0.8366 1 0.4619 0 0
7 123 3885 0 0 0 0 0 1.0065 0 0.9873 -0.4325 0.4416 0.4858 0.7917 1.1839 0.9256 -0.4308 0.4964 0.6185 0.83 1.8174 0.9767 -0.3541 0.3541 0.3997 0.7467 1.0206 -0.0201 0.0201 NA NA 1 0.2994 -0.212 0.212 -0.212 0.788 1 0.4392 -0.217 0.217 -0.217 0.783 1 0.433 0 0
7 124 4218 0 0 0 0 0 1.0088 0 0.9785 -0.5023 0.5023 0.5497 0.625 1.1367 0.9312 -0.4953 0.5378 0.6445 0.8533 1.8991 0.9844 -0.5101 0.5101 0.5361 0.4433 1.0107 -0.0555 0.0555 NA NA 1 0.2778 0.0428 0.0428 0.0428 1.0428 1 0.5546 0.0343 0.0343 0.0343 1.0343 1 0.5466 0 0
7 125 4143 0 0 0 0 0 1.0075 0 0.9807 -0.3919 0.4131 0.4646 0.8333 1.1356 0.9333 -0.3274 0.451 0.5708 0.9067 1.8363 0.9887 -0.3388 0.3388 0.3562 0.9733 0.9778 -0.1219 0.1219 NA NA 1 0.2871 -0.1461 0.1461 -0.1461 0.8539 1 0.4552 -0.1635 0.1635 -0.1635 0.8365 1 0.4495 0 0
7 126 4240 0 0 0 0 0 1.006 0 0.9757 0.0026 0.2723 0.3143 1 1.2304 0.9322 0.0356 0.3657 0.4731 0.95 1.988 0.9345 0.0069 0.2003 0.2721 0.9667 1.1164 0.0076 0.0076 NA NA 1 0.2813 0.1297 0.1297 0.1297 1.1297 1 0.6005 0.1236 0.1236 0.1236 1.1236 1 0.599 0 0
7 127 4416 0 0 0 0 0 1.01 0 0.9722 -0.111 0.1652 0.2156 0.9583 1.0535 0.9387 -0.0721 0.3354 0.4284 0.97 1.8662 0.9717 -0.1211 0.1414 0.2065 1 1.0346 0.0369 0.0369 NA NA 1 0.2985 0.0708 0.0708 0.0708 1.0708 1 0.5557 0.063 0.063 0.063 1.063 1 0.5475 0 0
7 128 4401 0 0 0 0 0 1.0101 0 0.9818 -0.1092 0.1856 0.2359 1 1.1181 0.9279 -0.0793 0.3739 0.4856 0.95 1.9005 0.9752 -0.1325 0.155 0.2059 0.9667 1.0367 -0.049 0.049 NA NA 1 0.2758 0.1413 0.1413 0.1413 1.1413 1 0.5935 0.1329 0.1329 0.1329 1.1329 1 0.5876 0 0
7 129 4291 0 0 0 0 0 1.0047 0 0.9875 -0.2459 0.2472 0.3033 1 1.1683 0.9353 -0.2574 0.3829 0.4814 0.96 1.8581 0.99 -0.3216 0.3258 0.3397 1 1.0571 0.0722 0.0722 NA NA 1 0.307 -0.1229 0.1229 -0.1229 0.8771 1 0.4756 -0.1328 0.1328 -0.1328 0.8672 1 0.4675 0 0
7 130 4149 0 0 0 0 0 1.0136 0 0.989 -0.1256 0.2865 0.3835 0.9167 1.2491 0.9134 -0.0937 0.4198 0.5468 0.9167 1.8625 0.9819 0.0028 0.1712 0.2022 1 1.0071 -0.0374 0.0374 NA NA 1 0.2929 -0.1611 0.1611 -0.1611 0.8389 1 0.4492 -0.1669 0.1669 -0.1669 0.8331 1 0.4478 0 0
7 131 5228 0 0 0 0 0 1.0066 0 0.9658 -0.206 0.2821 0.3447 0.9583 1.1179 0.9269 -0.2173 0.399 0.5177 0.9133 1.8328 0.9873 -0.1423 0.1461 0.183 1 1.0067 -0.071 0.071 NA NA 1 0.2916 -0.1214 0.1214 -0.1214 0.8786 1 0.4704 -0.1305 0.1305 -0.1305 0.8695 1 0.466 0 0
7 132 4986 0 0 0 0 0 1.0086 0 0.9849 0.8081 0.8081 0.8374 0.125 1.1925 0.9409 0.7573 0.7719 0.8622 0.65 1.9378 0.9795 0.7671 0.7671 0.7841 0.1367 1.1224 0.1943 0.1943 NA NA 0 0.2832 0.0014 0.0014 0.0014 1.0014 1 0.5649 -0.0425 0.0425 -0.0425 0.9575 1 0.5297 0 0
7 133 4374 0 0 0 0 0 1.0051 0 0.9787 0.3737 0.3737 0.4092 0.875 1.1484 0.9288 0.4047 0.5035 0.6013 0.8967 1.898 0.976 0.4544 0.4545 0.4829 0.54 1.0354 -0.0398 0.0398 NA NA 1 0.2831 -0.0245 0.0245 -0.0245 0.9755 1 0.5185 -0.0313 0.0313 -0.0313 0.9687 1 0.5105 0 0
7 134 6209 0 0 0 0 0 1.0037 0 0.9776 -0.1054 0.1774 0.2152 1 1.1202 0.9349 -0.1405 0.3421 0.4372 0.97 1.8498 0.9584 -0.2014 0.2534 0.301 0.9133 1.0534 0.0312 0.0312 NA NA 1 0.2843 -0.0281 0.0281 -0.0281 0.9719 1 0.505 -0.0344 0.0344 -0.0344 0.9656 1 0.4993 0 0
7 135 3741 0 0 0 0 0 1.0055 0 0.9907 0.1137 0.184 0.2173 1 1.1853 0.9358 0.1645 0.3763 0.4802 0.97 1.9337 0.9965 0.0651 0.0999 0.1154 1 1.0785 0.0101 0.0101 NA NA 1 0.2821 0.0872 0.0872 0.0872 1.0872 1 0.5656 0.0813 0.0813 0.0813 1.0813 1 0.5602 0 0
7 136 5010 0 0 0 0 0 1.0133 0 0.9661 0.2247 0.2566 0.3679 0.9167 1.1194 0.938 0.1606 0.3642 0.4631 0.9533 1.8475 0.9531 0.2213 0.2507 0.3126 0.9267 0.9894 -0.1581 0.1581 NA NA 0 0.2936 -0.1111 0.1111 -0.1111 0.8889 1 0.4782 -0.1385 0.1385 -0.1385 0.8615 1 0.4665 0 0
7 137 3926 0 0 0 0 0 1.0025 0 0.9865 0.5222 0.5222 0.5528 0.5833 1.1349 0.9169 0.4758 0.5619 0.6778 0.83 1.8449 0.987 0.5403 0.5403 0.5652 0.37 0.9887 -0.0811 0.0811 NA NA 1 0.3058 -0.1647 0.1647 -0.1647 0.8353 1 0.4394 -0.1752 0.1752 -0.1752 0.8248 1 0.433 0 0
7 138 4275 0 0 0 0 0 1.0047 0 0.9679 -0.432 0.4647 0.5415 0.6667 1.2286 0.9382 -0.4158 0.5033 0.6077 0.9033 1.9523 0.9932 -0.451 0.451 0.4602 0.84 1.1118 0.0854 0.0854 NA NA 1 0.2903 0.0585 0.0585 0.0585 1.0585 1 0.5953 0.0447 0.0447 0.0447 1.0447 1 0.576 0 0
7 139 4072 0 0 0 0 0 1.0048 0 0.9872 -0.2425 0.2425 0.2795 1 1.119 0.9372 -0.1915 0.3929 0.481 0.9667 1.8563 0.9878 -0.2086 0.2086 0.2363 1 1.0354 -0.0551 0.0551 NA NA 1 0.2864 -0.078 0.078 -0.078 0.922 1 0.4984 -0.0856 0.0856 -0.0856 0.9144 1 0.4935 0 0
7 140 3627 0 0 0 0 0 1.0056 0 0.9781 -0.0859 0.164 0.2076 1 1.0767 0.921 -0.1039 0.3538 0.4635 0.9433 1.7527 0.9937 -0.0875 0.1 0.1222 1 0.9421 -0.0828 0.0828 NA NA 1 0.3083 -0.287 0.287 -0.287 0.713 0 0.4 -0.2962 0.2962 -0.2962 0.7038 0 0.3883 0 0
7 141 3817 0 0 0 0 0 1.0087 0 0.9739 0.396 0.4038 0.4511 0.875 1.1413 0.9341 0.3803 0.479 0.5816 0.8933 1.9022 0.9839 0.4665 0.4665 0.4926 0.59 1.0286 -0.0856 0.0856 NA NA 1 0.2743 0.0467 0.0467 0.0467 1.0467 1 0.549 0.0337 0.0337 0.0337 1.0337 1 0.5412 0 0
7 142 4536 0 0 0 0 0 1.0068 0 0.9872 0.0878 0.202 0.2604 0.9583 1.2192 0.934 0.0962 0.3611 0.4603 0.9533 1.8977 0.9886 0.1594 0.1594 0.1918 1 1.135 0.1884 0.1884 NA NA 0 0.282 -0.0999 0.0999 -0.0999 0.9001 1 0.5269 -0.1376 0.1376 -0.1376 0.8624 1 0.494 0 0
7 143 3742 0 0 0 0 0 1.0052 0 0.9605 0.3767 0.3918 0.4533 0.8333 1.1363 0.924 0.3564 0.4647 0.5633 0.9033 1.8481 0.9778 0.4539 0.4562 0.481 0.6 0.9973 -0.0434 0.0434 NA NA 1 0.282 -0.1416 0.1416 -0.1416 0.8584 1 0.4599 -0.1478 0.1478 -0.1478 0.8522 1 0.4588 0 0
7 144 3933 0 0 0 0 0 1.0041 0 0.9871 -0.3158 0.3533 0.3965 0.9167 1.1583 0.9376 -0.2856 0.4366 0.5289 0.93 1.8707 0.988 -0.1736 0.1824 0.2147 1 1.0184 -0.0151 0.0151 NA NA 1 0.3017 -0.0325 0.0325 -0.0325 0.9675 1 0.5163 -0.0384 0.0384 -0.0384 0.9616 1 0.5125 0 0
7 145 5981 0 0 0 0 0 1.009 0 0.9679 -0.0729 0.1977 0.2242 1 1.1193 0.9414 -0.0869 0.3505 0.4412 0.98 1.8274 0.9609 0.0328 0.1627 0.2091 1 1.0611 0.0724 0.0724 NA NA 1 0.2963 -0.1379 0.1379 -0.1379 0.8621 1 0.4791 -0.1477 0.1477 -0.1477 0.8523 1 0.464 0 0
7 146 5321 0 0 0 0 0 1.0048 0 0.9859 0.0866 0.1727 0.2171 1 1.1814 0.942 0.0698 0.3382 0.4199 0.98 1.9197 0.9805 0.0366 0.1152 0.1491 1 1.0907 0.075 0.075 NA NA 1 0.2932 0.0818 0.0818 0.0818 1.0818 1 0.5743 0.0695 0.0695 0.0695 1.0695 1 0.5658 0 0
7 147 4961 0 0 0 0 0 1.0009 0 0.9745 0.2263 0.2758 0.3183 0.9583 1.1225 0.9271 0.2579 0.4272 0.5211 0.92 1.8276 0.9881 0.2508 0.2508 0.2947 0.8567 1.0049 -0.101 0.101 NA NA 1 0.2815 -0.0834 0.0834 -0.0834 0.9166 1 0.4852 -0.0978 0.0978 -0.0978 0.9022 1 0.4766 0 0
7 148 5137 0 0 0 0 0 1.0051 0 0.9843 0.055 0.186 0.2311 1 1.1464 0.9321 0.0609 0.3506 0.4339 0.9767 1.8034 0.9827 2e-04 0.1477 0.1732 1 1.0252 0.0664 0.0664 NA NA 1 0.2879 -0.1653 0.1653 -0.1653 0.8347 1 0.4487 -0.1736 0.1736 -0.1736 0.8264 1 0.4429 0 0
7 149 7080 0 0 0 0 0 1.0094 0 0.9762 -0.4177 0.424 0.5139 0.75 1.2056 0.9238 -0.4186 0.5109 0.6182 0.8533 1.8739 0.9677 -0.3497 0.3793 0.4003 0.8 1.0311 -0.064 0.064 NA NA 1 0.2852 -0.1187 0.1187 -0.1187 0.8813 1 0.4792 -0.1272 0.1272 -0.1272 0.8728 1 0.4716 0 0
7 150 4344 0 0 0 0 0 1.0037 0 0.9718 0.3548 0.4183 0.5316 0.875 1.3045 0.9287 0.3635 0.4732 0.577 0.8833 1.8525 0.9925 0.3783 0.3783 0.3943 0.9133 1.053 0.0799 0.0799 NA NA 1 0.3028 -0.286 0.286 -0.286 0.714 0 0.4196 -0.2948 0.2948 -0.2948 0.7052 0 0.4156 0 0
7 151 5035 0 0 0 0 0 1.0029 0 0.973 -0.2429 0.3085 0.3701 0.9167 1.1668 0.9274 -0.2074 0.4462 0.5545 0.93 1.8476 0.9753 -0.2908 0.3067 0.3372 0.9533 1.0284 -0.0273 0.0273 NA NA 1 0.2934 -0.1734 0.1734 -0.1734 0.8266 1 0.4539 -0.1788 0.1788 -0.1788 0.8212 1 0.4514 0 0
7 152 4900 0 0 0 0 0 1.0039 0 0.9718 -0.4124 0.4487 0.6181 0.75 1.2519 0.9294 -0.3538 0.463 0.5842 0.89 1.821 0.9818 -0.3333 0.3333 0.3698 0.8267 0.9893 0.0567 0.0567 NA NA 1 0.3218 -0.273 0.273 -0.273 0.727 0 0.4173 -0.2803 0.2803 -0.2803 0.7197 0 0.4124 0 0
7 153 4058 0 0 0 0 0 1.0022 0 0.981 -0.382 0.439 0.4997 0.75 1.2863 0.9098 -0.3774 0.5031 0.6274 0.87 1.8956 0.9634 -0.3087 0.3478 0.4188 0.66 1.042 0.0309 0.0309 NA NA 1 0.2886 -0.1448 0.1448 -0.1448 0.8552 1 0.4839 -0.1503 0.1503 -0.1503 0.8497 1 0.48 0 0
7 154 4154 0 0 0 0 0 1.0127 0 0.9794 0.2659 0.3273 0.41 0.875 1.1909 0.9268 0.2492 0.4248 0.5422 0.88 1.7856 0.9886 0.271 0.2784 0.3296 0.85 0.9794 -0.028 0.028 NA NA 1 0.2926 -0.2472 0.2472 -0.2472 0.7528 0 0.3958 -0.2523 0.2523 -0.2523 0.7477 0 0.3974 0 0
7 155 5472 0 0 0 0 0 1.008 0 0.9778 -0.0753 0.3115 0.4118 0.875 1.2264 0.9266 -0.0879 0.3982 0.5124 0.94 1.8789 0.9844 -0.0102 0.1253 0.1457 1 1.0611 0.067 0.067 NA NA 1 0.2892 -0.082 0.082 -0.082 0.918 1 0.5029 -0.0914 0.0914 -0.0914 0.9086 1 0.4981 0 0
7 156 4362 0 0 0 0 0 1.0057 0 0.9849 -0.0833 0.1545 0.1849 1 1.0892 0.9286 -0.1138 0.3512 0.473 0.9533 1.851 0.985 -0.1314 0.1407 0.1861 1 1.0527 0.0739 0.0739 NA NA 1 0.2795 -0.0716 0.0716 -0.0716 0.9284 1 0.4933 -0.0815 0.0815 -0.0815 0.9185 1 0.4876 0 0
7 157 4566 0 0 0 0 0 1.0108 0 0.9872 0.1955 0.2218 0.2835 0.9583 1.1685 0.9305 0.187 0.3833 0.4754 0.9533 1.9071 0.9648 0.1106 0.183 0.2221 1 1.0749 0.0722 0.0722 NA NA 1 0.2789 0.1148 0.1148 0.1148 1.1148 1 0.6044 0.1033 0.1033 0.1033 1.1033 1 0.5972 0 0
7 158 4130 0 0 0 0 0 1.0077 0 0.9541 -0.7309 0.7309 0.8043 0.2917 1.1787 0.9272 -0.7105 0.7359 0.823 0.6633 1.8545 0.9834 -0.6956 0.6956 0.7181 0.1467 1.0191 0.0189 0.0189 NA NA 1 0.303 -0.2044 0.2044 -0.2044 0.7956 1 0.4272 -0.2095 0.2095 -0.2095 0.7905 1 0.4256 0 0
7 159 4330 0 0 0 0 0 1.0027 0 0.971 0.0223 0.2327 0.3205 0.9583 1.1781 0.9221 0.0373 0.3839 0.4812 0.9367 1.7992 0.9738 0.0669 0.1679 0.1915 1 1.0227 4e-04 4e-04 NA NA 1 0.3105 -0.2822 0.2822 -0.2822 0.7178 0 0.3868 -0.2868 0.2868 -0.2868 0.7132 0 0.3797 0 0
7 160 4333 0 0 0 0 0 1.0116 0 0.974 -0.271 0.2872 0.3516 0.9583 1.1011 0.938 -0.2351 0.4017 0.5211 0.9233 1.8658 0.9555 -0.2488 0.262 0.3255 0.7933 1.0417 0.0255 0.0255 NA NA 1 0.291 -0.0107 0.0107 -0.0107 0.9893 1 0.5217 -0.017 0.017 -0.017 0.983 1 0.5135 0 0
7 161 4020 0 0 0 0 0 1.0026 0 0.9765 -0.0569 0.2775 0.3851 1 1.2641 0.9301 -0.0155 0.3633 0.4723 0.9467 1.8922 0.9636 0.0289 0.2145 0.2461 1 1.0553 0.0292 0.0292 NA NA 1 0.2838 -0.0595 0.0595 -0.0595 0.9405 1 0.5108 -0.0654 0.0654 -0.0654 0.9346 1 0.5062 0 0
7 162 5283 0 0 0 0 0 1.0081 0 0.9582 -0.3659 0.3749 0.4375 0.75 1.1034 0.9346 -0.3622 0.4773 0.5821 0.91 1.911 0.9797 -0.3558 0.3607 0.3946 0.8233 1.0464 -0.0116 0.0116 NA NA 1 0.2876 0.0258 0.0258 0.0258 1.0258 1 0.533 0.0202 0.0202 0.0202 1.0202 1 0.5315 0 0
7 163 4185 0 0 0 0 0 1.0112 0 0.9814 0.1081 0.158 0.1981 1 1.1173 0.9302 0.0767 0.3534 0.4539 0.96 1.8947 0.9621 0.182 0.228 0.2917 0.92 1.0659 -0.0353 0.0353 NA NA 1 0.2804 0.0987 0.0987 0.0987 1.0987 1 0.5566 0.0916 0.0916 0.0916 1.0916 1 0.5504 0 0
7 164 4387 0 0 0 0 0 1.0056 0 0.9507 -0.3003 0.3469 0.4099 0.8333 1.0967 0.918 -0.2162 0.4025 0.5183 0.92 1.8423 0.9726 -0.2437 0.2645 0.3497 0.7867 1.0396 0.0273 0.0273 NA NA 1 0.2856 0.0513 0.0513 0.0513 1.0513 1 0.5292 0.0448 0.0448 0.0448 1.0448 1 0.523 0 0
7 165 4336 0 0 0 0 0 1.0049 0 0.9854 0.135 0.1989 0.2428 1 1.1557 0.9315 0.1491 0.3748 0.4736 0.9433 1.8557 0.9808 0.1944 0.1984 0.2541 0.95 1.0156 -0.0581 0.0581 NA NA 1 0.2854 -0.0615 0.0615 -0.0615 0.9385 1 0.4835 -0.0697 0.0697 -0.0697 0.9303 1 0.4799 0 0
7 166 5427 0 0 0 0 0 1.006 0 0.9813 0.1745 0.2775 0.3364 0.9583 1.2094 0.9357 0.15 0.3832 0.478 0.9767 1.9508 0.9912 0.0582 0.1084 0.1239 1 1.1028 0.1081 0.1081 NA NA 1 0.2874 0.0246 0.0246 0.0246 1.0246 1 0.5517 0.0068 0.0068 0.0068 1.0068 1 0.536 0 0
7 167 5032 0 0 0 0 0 1.0034 0 0.9874 -0.705 0.705 0.7426 0.3333 1.2539 0.9419 -0.6731 0.6906 0.7966 0.73 1.979 0.9924 -0.7276 0.7276 0.7401 0.0733 1.0725 0.0203 0.0203 NA NA 1 0.3074 -0.0551 0.0551 -0.0551 0.9449 1 0.5336 -0.0614 0.0614 -0.0614 0.9386 1 0.532 0 0
7 168 4686 0 0 0 17 0 1.0166 0 0.985 -0.0732 0.1948 0.235 1 1.1748 0.9257 -0.0931 0.3568 0.4525 0.9533 1.8032 0.9878 -0.0053 0.1122 0.1529 1 1.071 0.1272 0.1272 NA NA 1 0.2886 -0.2459 0.2459 -0.2459 0.7541 0 0.4196 -0.2626 0.2626 -0.2626 0.7374 0 0.4095 0 1
7 169 4180 0 0 0 0 0 1.0106 0 0.994 0.0931 0.1506 0.1811 1 1.1449 0.934 0.0487 0.3522 0.4503 0.9733 1.906 0.9809 0.0692 0.131 0.1558 1 1.0368 -0.0231 0.0231 NA NA 1 0.2884 0.0717 0.0717 0.0717 1.0717 1 0.5698 0.0652 0.0652 0.0652 1.0652 1 0.5657 0 0
7 170 4317 0 0 0 0 0 1.0188 0 0.9805 -0.4486 0.4486 0.4891 0.75 1.132 0.9348 -0.4501 0.5331 0.6459 0.8467 1.9013 0.9438 -0.4442 0.4466 0.504 0.5767 1.0288 -0.0717 0.0717 NA NA 1 0.2921 0.1137 0.1137 0.1137 1.1137 1 0.598 0.1017 0.1017 0.1017 1.1017 1 0.5867 0 0
7 171 4277 0 0 0 0 0 1.0061 0 0.987 -0.4632 0.48 0.5208 0.6667 1.1756 0.9324 -0.3986 0.5081 0.6088 0.8633 1.8797 0.9828 -0.4839 0.4839 0.5022 0.6 1.0254 0.0098 0.0098 NA NA 1 0.2857 -0.123 0.123 -0.123 0.877 1 0.4781 -0.1278 0.1278 -0.1278 0.8722 1 0.4725 0 0
7 172 3634 0 0 0 0 0 1.0038 0 0.9848 0.3617 0.3617 0.4053 0.8333 1.1465 0.9252 0.3911 0.4981 0.6105 0.8767 1.8767 0.9833 0.3404 0.3404 0.364 0.8833 1.0035 -0.1257 0.1257 NA NA 1 0.2898 -0.036 0.036 -0.036 0.964 1 0.5239 -0.0567 0.0567 -0.0567 0.9433 1 0.5018 0 0
7 173 4207 0 0 0 0 0 1.0097 0 0.9904 0.7634 0.7634 0.7779 0.125 1.2164 0.9166 0.7976 0.8203 0.9431 0.6233 2.0373 0.9932 0.8178 0.8178 0.823 0.02 1.1402 0.0786 0.0786 NA NA 1 0.2859 0.1443 0.1443 0.1443 1.1443 1 0.6464 0.1309 0.1309 0.1309 1.1309 1 0.6337 0 0
7 174 3534 0 0 0 0 0 1.0043 0 0.9775 0.6795 0.6795 0.7252 0.4583 1.2642 0.9214 0.6595 0.6877 0.7904 0.74 1.9142 0.9812 0.7171 0.7171 0.742 0.2667 1.0516 0.0431 0.0431 NA NA 1 0.2924 -0.1152 0.1152 -0.1152 0.8848 1 0.482 -0.1219 0.1219 -0.1219 0.8781 1 0.4738 0 0
7 175 4865 0 0 0 0 0 1.0021 0 0.9752 -0.3301 0.3465 0.4725 0.875 1.2461 0.9236 -0.2983 0.4575 0.5563 0.93 1.921 0.978 -0.4292 0.4292 0.4539 0.6267 1.0112 -0.0422 0.0422 NA NA 1 0.2932 -0.1017 0.1017 -0.1017 0.8983 1 0.4998 -0.1085 0.1085 -0.1085 0.8915 1 0.4932 0 0
7 176 4129 0 0 0 0 0 1.0055 0 0.9753 0.1077 0.1826 0.2266 0.9583 1.1042 0.9252 0.0739 0.3795 0.4855 0.9467 1.8551 0.97 0.0355 0.1588 0.1851 1 1.0602 0.0402 0.0402 NA NA 1 0.2991 -0.0782 0.0782 -0.0782 0.9218 1 0.4888 -0.0852 0.0852 -0.0852 0.9148 1 0.4837 0 0
7 177 5196 0 0 0 0 0 1.0136 0 0.9801 0.0752 0.1448 0.1699 1 1.0823 0.9397 0.0519 0.3207 0.4116 0.9667 1.8586 0.979 0.0565 0.1148 0.1663 1 1.0746 0.0914 0.0914 NA NA 1 0.2764 0.0483 0.0483 0.0483 1.0483 1 0.5613 0.0339 0.0339 0.0339 1.0339 1 0.5512 0 0
7 178 4700 0 0 0 0 0 1.0104 0 0.9812 -0.3109 0.3253 0.3559 1 1.1155 0.9402 -0.3305 0.45 0.5509 0.92 1.9301 0.9674 -0.2864 0.2881 0.3402 0.8667 1.0605 -0.0692 0.0692 NA NA 1 0.2833 0.1129 0.1129 0.1129 1.1129 1 0.5773 0.1015 0.1015 0.1015 1.1015 1 0.5712 0 0
7 179 4159 0 0 0 0 0 1.0024 0 0.9933 -0.1044 0.1667 0.2067 1 1.1373 0.9415 -0.1003 0.3524 0.4425 0.9733 1.8346 0.9876 -0.1429 0.1579 0.181 1 0.9848 -0.0315 0.0315 NA NA 1 0.3064 -0.1473 0.1473 -0.1473 0.8527 1 0.4628 -0.1534 0.1534 -0.1534 0.8466 1 0.4562 0 0
7 180 4427 0 0 0 0 0 1.0088 0 0.9838 -0.2186 0.2473 0.2952 1 1.1779 0.9241 -0.2049 0.3954 0.5004 0.9333 1.8669 0.9765 -0.1586 0.2208 0.2553 1 1.1035 0.0879 0.0879 NA NA 1 0.2978 -0.0628 0.0628 -0.0628 0.9372 1 0.4897 -0.0754 0.0754 -0.0754 0.9246 1 0.4785 0 0
7 181 4039 0 0 0 0 0 1.007 0 0.9648 -1.1008 1.1008 1.1423 0.125 1.2929 0.9316 -1.0296 1.0438 1.1293 0.43 2.0805 0.9923 -1.0757 1.0757 1.0804 0 1.1213 0.0607 0.0607 NA NA 1 0.2886 0.0989 0.0989 0.0989 1.0989 1 0.6141 0.0889 0.0889 0.0889 1.0889 1 0.606 0 0
7 182 4320 0 0 0 0 0 1.0018 0 0.983 0.68 0.68 0.7628 0.5 1.2942 0.9231 0.5826 0.6534 0.7724 0.7733 1.8898 0.9583 0.6399 0.6399 0.6788 0.38 1.0668 0.1429 0.1429 NA NA 1 0.2918 -0.192 0.192 -0.192 0.808 1 0.4635 -0.2132 0.2132 -0.2132 0.7868 1 0.4511 0 0
7 183 4656 0 0 0 0 0 1.003 0 0.9721 0.1831 0.2519 0.3297 0.9167 1.1273 0.9382 0.1315 0.37 0.4698 0.95 1.7515 0.9805 0.1361 0.1656 0.1988 1 0.9828 -0.0585 0.0585 NA NA 1 0.3026 -0.3095 0.3095 -0.3095 0.6905 0 0.3763 -0.316 0.316 -0.316 0.684 0 0.37 0 0
7 184 3988 0 0 0 0 0 1.0077 0 0.9622 -0.64 0.64 0.727 0.5 1.1851 0.9164 -0.6005 0.6818 0.7935 0.6967 1.8361 0.9932 -0.7427 0.7427 0.7478 0.0267 0.956 -0.1224 0.1224 NA NA 1 0.3177 -0.2784 0.2784 -0.2784 0.7216 0 0.4094 -0.2941 0.2941 -0.2941 0.7059 0 0.4034 0 0
7 185 4022 0 0 0 0 0 1.0022 0 0.9753 -0.4285 0.4393 0.4952 0.7083 1.137 0.929 -0.4002 0.4857 0.5997 0.8567 1.8681 0.9851 -0.3625 0.3625 0.3823 0.8567 1.0271 0.0401 0.0401 NA NA 1 0.304 -0.0796 0.0796 -0.0796 0.9204 1 0.4895 -0.0867 0.0867 -0.0867 0.9133 1 0.4816 0 0
7 186 4259 0 0 0 0 0 1.0069 0 0.9825 0.0051 0.1532 0.1864 1 1.1157 0.9332 -0.0184 0.3528 0.4436 0.9633 1.8956 0.9758 0.0106 0.1237 0.1566 1 1.0325 -0.0677 0.0677 NA NA 1 0.279 0.1287 0.1287 0.1287 1.1287 1 0.592 0.1177 0.1177 0.1177 1.1177 1 0.5851 0 0
7 187 4063 0 0 0 0 0 1.0081 0 0.9605 0.5274 0.5274 0.5809 0.5833 1.1758 0.929 0.5383 0.594 0.6961 0.8267 1.9471 0.9687 0.6661 0.6661 0.6913 0.28 1.0939 0.08 0.08 NA NA 1 0.2802 0.0334 0.0334 0.0334 1.0334 1 0.57 0.0212 0.0212 0.0212 1.0212 1 0.5564 0 0
7 188 4257 0 0 0 0 0 1.0087 0 0.9878 -0.6663 0.6663 0.7003 0.3333 1.1731 0.932 -0.6355 0.6643 0.7668 0.7833 1.9135 0.994 -0.6248 0.6248 0.6325 0.2167 1.0348 0.03 0.03 NA NA 1 0.2884 0.0176 0.0176 0.0176 1.0176 1 0.5401 0.0111 0.0111 0.0111 1.0111 1 0.534 0 0
7 189 3962 0 0 0 0 0 1.0035 0 0.987 -0.0629 0.1851 0.2251 1 1.174 0.9293 -0.0636 0.3738 0.4646 0.9633 1.9135 0.9412 -0.0246 0.1969 0.2403 0.9667 1.0112 -0.1365 0.1365 NA NA 1 0.2814 0.0126 0.0126 0.0126 1.0126 1 0.5262 -0.0119 0.0119 -0.0119 0.9881 1 0.5137 0 0
7 190 4413 0 0 0 0 0 1.0057 0 0.9825 -0.3191 0.3805 0.4126 0.9167 1.2164 0.9343 -0.386 0.4855 0.6057 0.8767 1.9341 0.9818 -0.4748 0.4749 0.5105 0.5 1.0094 -0.147 0.147 NA NA 1 0.2882 -0.049 0.049 -0.049 0.951 1 0.5159 -0.0748 0.0748 -0.0748 0.9252 1 0.505 0 0
7 191 4217 0 0 0 0 0 1.0054 0 0.9772 -0.1368 0.2065 0.2513 1 1.1334 0.9265 -0.1229 0.3554 0.4549 0.96 1.8432 0.9881 -0.1493 0.1788 0.2043 1 1.0507 0.0562 0.0562 NA NA 1 0.288 -0.0802 0.0802 -0.0802 0.9198 1 0.49 -0.0883 0.0883 -0.0883 0.9117 1 0.4797 0 0
7 192 4350 0 0 0 0 0 1.0036 0 0.9721 0.213 0.2713 0.3297 0.9583 1.1588 0.922 0.1936 0.398 0.5107 0.9267 1.861 0.9404 0.1618 0.1991 0.294 0.8833 1.045 -0.0163 0.0163 NA NA 1 0.2952 -0.0365 0.0365 -0.0365 0.9635 1 0.5158 -0.0421 0.0421 -0.0421 0.9579 1 0.5106 0 0
7 193 6272 0 0 0 0 0 1.0039 0 0.9846 -0.8546 0.8546 0.9119 0.2083 1.2497 0.9264 -0.8083 0.835 0.9439 0.6 1.9656 0.993 -0.7111 0.7111 0.716 0.0367 1.0601 0.0391 0.0391 NA NA 1 0.302 -0.1078 0.1078 -0.1078 0.8922 1 0.4975 -0.1145 0.1145 -0.1145 0.8855 1 0.4926 0 0
7 194 5271 0 0 0 0 0 1.0035 0 0.9677 0.4185 0.4185 0.4945 0.75 1.1366 0.9394 0.4365 0.4894 0.5917 0.89 1.8764 0.9899 0.4494 0.4494 0.4623 0.6267 1.0255 -0.0222 0.0222 NA NA 1 0.2987 -0.0909 0.0909 -0.0909 0.9091 1 0.4893 -0.0969 0.0969 -0.0969 0.9031 1 0.4836 0 0
7 195 6589 0 0 0 0 0 1.0045 0 0.9643 0.3645 0.3936 0.4605 0.7083 1.128 0.9359 0.3458 0.4696 0.5755 0.8833 1.8114 0.9774 0.3037 0.3068 0.3423 0.99 1.0058 -0.0333 0.0333 NA NA 1 0.3026 -0.2148 0.2148 -0.2148 0.7852 1 0.4317 -0.2204 0.2204 -0.2204 0.7796 1 0.4321 0 0
7 196 5153 0 0 0 0 0 1.0065 0 0.9836 -0.0327 0.2605 0.3621 1 1.2276 0.9282 -0.069 0.3739 0.4705 0.9533 1.8178 0.9838 -0.1329 0.1466 0.199 1 0.9943 -0.067 0.067 NA NA 1 0.2919 -0.2508 0.2508 -0.2508 0.7492 0 0.4176 -0.2584 0.2584 -0.2584 0.7416 0 0.4096 0 0
7 197 5448 0 0 0 0 0 1.0024 0 0.9833 0.0356 0.1434 0.1903 1 1.1404 0.934 0.0238 0.3432 0.4347 0.9667 1.8182 0.9959 0.0635 0.0734 0.0912 1 1.0275 0.012 0.012 NA NA 1 0.2909 -0.2128 0.2128 -0.2128 0.7872 1 0.432 -0.2174 0.2174 -0.2174 0.7826 1 0.4309 0 0
7 198 5566 0 0 0 0 0 1.0052 0 0.9744 0.2272 0.2727 0.3224 0.9583 1.1546 0.9299 0.2127 0.4092 0.5098 0.95 1.9003 0.9719 0.2222 0.2568 0.2842 1 1.0879 0.0295 0.0295 NA NA 1 0.2882 -0.0311 0.0311 -0.0311 0.9689 1 0.513 -0.0372 0.0372 -0.0372 0.9628 1 0.5104 0 0
7 199 3802 0 0 0 0 0 1.0089 0 0.9812 -0.4484 0.4484 0.4878 0.6667 1.1266 0.9417 -0.436 0.5266 0.6289 0.8467 1.8184 0.9927 -0.3843 0.3843 0.3945 0.8833 0.9904 -0.0945 0.0945 NA NA 1 0.2812 -0.1543 0.1543 -0.1543 0.8457 1 0.4597 -0.1662 0.1662 -0.1662 0.8338 1 0.4515 0 0
7 200 4171 0 0 0 0 0 1.0035 0 0.9855 0.2692 0.2891 0.3981 0.9167 1.2089 0.9293 0.1681 0.3811 0.4973 0.94 1.9013 0.9877 0.246 0.246 0.2754 1 1.0404 -0.0228 0.0228 NA NA 1 0.293 -0.0086 0.0086 -0.0086 0.9914 1 0.5162 -0.0146 0.0146 -0.0146 0.9854 1 0.5168 0 0
