cond r run.time ndiv nbfmi ntree nbulk ntail maxRhat nRhat beta.cor beta.bias beta.abbias beta.rbias beta.rbias2 beta.rmse beta.cover theta.cor theta.bias theta.abbias theta.rbias theta.rbias2 theta.rmse theta.cover attra.cor attra.bias attra.abbias attra.rbias attra.rbias2 attra.rmse attra.cover lambda.bias lambda.abbias lambda.rbias lambda.rbias2 lambda.cover pvar.bias pvar.abbias pvar.rbias pvar.rbias2 pvar.cover sigma2.bias sigma2.abbias sigma2.rbias sigma2.rbias2 sigma2.cover corrupt efficiency
3 1 1865 0 0 0 0 0 1.0044 0 0.9845 0.2995 0.3319 0.1589 1.1589 0.3896 0.875 0.9686 0.2949 0.4943 -0.8154 0.1846 0.622 0.895 0.9802 0.0818 0.2488 Inf Inf 0.3221 1 0.0038 0.0038 0.0076 1.0076 1 -0.1099 0.1099 -0.0824 0.9176 1 -0.1074 0.1074 -0.1074 0.8926 1 0 0
3 2 1509 1 0 0 0 0 1.0075 0 0.9788 -0.7676 0.7676 -1.1899 -0.1899 0.8026 0.2917 0.9577 -0.6341 0.71 -0.1467 0.8533 0.8366 0.76 0.967 -0.5884 0.6316 -Inf -Inf 0.7093 0.55 -0.1756 0.1756 -0.3512 0.6488 1 -0.2363 0.2363 -0.1772 0.8228 1 -0.0332 0.0332 -0.0332 0.9668 1 1 0
3 3 1763 0 0 0 0 0 1.0058 0 0.9817 2e-04 0.2032 0.2224 1.2224 0.258 1 0.9713 -0.0023 0.3516 -0.0113 0.9887 0.4583 0.975 0.9859 0.1343 0.2675 Inf Inf 0.328 1 -0.0541 0.0541 -0.1083 0.8917 1 -0.1381 0.1381 -0.1036 0.8964 1 -0.058 0.058 -0.058 0.942 1 0 0
3 4 1738 2 0 0 0 0 1.009 0 0.958 0.0402 0.2706 -0.5153 0.4847 0.3708 0.9167 0.966 0.0737 0.3852 0.2409 1.2409 0.5137 0.955 0.9917 -0.2306 0.2531 -Inf -Inf 0.3062 1 -0.1122 0.1122 -0.2243 0.7757 1 -0.3968 0.3968 -0.2976 0.7024 1 -0.2173 0.2173 -0.2173 0.7827 1 1 0
3 5 1487 2 0 0 0 0 1.0024 0 0.9588 -0.0453 0.2191 0.1587 1.1587 0.264 1 0.9596 -0.0672 0.4479 -1.6165 -0.6165 0.5969 0.945 0.9861 -0.0273 0.1953 -Inf -Inf 0.2603 1 -0.1568 0.1568 -0.3136 0.6864 1 -0.3989 0.3989 -0.2992 0.7008 1 -0.1867 0.1867 -0.1867 0.8133 1 1 0
3 6 1393 2 0 0 0 0 1.0046 0 0.9677 0.2656 0.3061 -13.3635 -12.3635 0.3527 0.9583 0.9514 0.2547 0.4637 -0.0996 0.9004 0.5969 0.89 0.9952 0.3667 0.4175 Inf Inf 0.4845 0.785 -0.1132 0.1132 -0.2264 0.7736 1 -0.3363 0.3363 -0.2522 0.7478 1 -0.1636 0.1636 -0.1636 0.8364 1 1 0
3 7 2178 4 0 0 0 0 1.0041 0 0.9816 0.0669 0.1783 0.1832 1.1832 0.2203 1 0.9624 0.0373 0.4146 0.858 1.858 0.5321 0.95 0.9629 -0.0336 0.3686 -Inf -Inf 0.4256 1 0.0546 0.0546 0.1093 1.1093 1 0.053 0.053 0.0398 1.0398 1 -0.0609 0.0609 -0.0609 0.9391 1 1 0
3 8 1726 0 0 0 0 0 1.012 0 0.9417 0.3336 0.3846 -3.5375 -2.5375 0.4833 0.7917 0.9652 0.2923 0.4841 -0.0915 0.9085 0.6129 0.9 0.9966 0.499 0.499 Inf Inf 0.592 0.585 -0.016 0.016 -0.0321 0.9679 1 -0.3565 0.3565 -0.2674 0.7326 1 -0.2642 0.2642 -0.2642 0.7358 1 0 0
3 9 1771 1 0 0 0 0 1.0104 0 0.9758 0.0381 0.2539 -0.1125 0.8875 0.331 0.9583 0.9643 0.0543 0.414 -0.4382 0.5618 0.5646 0.945 0.9903 -0.0611 0.1879 -Inf -Inf 0.2271 1 -0.0603 0.0603 -0.1206 0.8794 1 0.0388 0.0388 0.0291 1.0291 1 0.0889 0.0889 0.0889 1.0889 1 1 0
3 10 1817 2 0 0 0 0 1.0062 0 0.893 0.245 0.3336 -0.0417 0.9583 0.4326 0.875 0.9657 0.1955 0.4536 -0.3093 0.6907 0.589 0.925 0.9856 0.1723 0.2823 Inf Inf 0.3238 1 -0.0087 0.0087 -0.0174 0.9826 1 -0.4532 0.4532 -0.3399 0.6601 0 -0.346 0.346 -0.346 0.654 0 1 0
3 11 1797 0 0 0 0 0 1.0112 0 0.9704 -0.3679 0.4059 -0.1723 0.8277 0.4519 0.9167 0.9525 -0.361 0.5468 -0.295 0.705 0.6908 0.855 0.985 -0.351 0.4333 -Inf -Inf 0.5544 0.815 -0.0979 0.0979 -0.1958 0.8042 1 -0.4348 0.4348 -0.3261 0.6739 0 -0.258 0.258 -0.258 0.742 1 0 0
3 12 2002 57 0 0 0 28 1.0097 0 0.9768 0.3397 0.3468 -0.0918 0.9082 0.4218 0.875 0.9644 0.2546 0.4672 0.0339 1.0339 0.5964 0.92 0.994 0.3727 0.3727 Inf Inf 0.4235 1 0.1571 0.1571 0.3141 1.3141 1 -0.0279 0.0279 -0.021 0.979 1 -0.2815 0.2815 -0.2815 0.7185 1 1 1
3 13 1611 9 0 0 0 0 1.0128 0 0.9682 -0.0084 0.2728 0.1298 1.1298 0.3103 1 0.9589 0.0317 0.4074 -0.0042 0.9958 0.5347 0.955 0.9839 -0.3269 0.3537 Inf Inf 0.501 0.785 -0.0213 0.0213 -0.0425 0.9575 1 -0.1398 0.1398 -0.1049 0.8951 1 -0.0973 0.0973 -0.0973 0.9027 1 1 0
3 14 1485 1 0 0 0 0 1.0151 0 0.9721 0.4559 0.4559 -0.6603 0.3397 0.5954 0.7917 0.9619 0.3538 0.5059 1.0366 2.0366 0.6284 0.895 0.9857 0.4565 0.4565 Inf Inf 0.6231 0.76 -0.0376 0.0376 -0.0751 0.9249 1 0.0433 0.0433 0.0325 1.0325 1 0.066 0.066 0.066 1.066 1 1 0
3 15 2023 3 0 0 0 0 1.0038 0 0.9807 -0.2705 0.2977 0.0321 1.0321 0.3782 0.9583 0.9558 -0.3009 0.4636 -0.8718 0.1282 0.5837 0.905 0.9719 -0.3438 0.424 -Inf -Inf 0.5792 0.72 0.0743 0.0743 0.1486 1.1486 1 -0.126 0.126 -0.0945 0.9055 1 -0.208 0.208 -0.208 0.792 1 1 0
3 16 2034 1 0 0 0 0 1.004 0 0.9709 -0.2346 0.3216 -0.0538 0.9462 0.3939 0.9583 0.965 -0.1855 0.4155 -0.1348 0.8652 0.5293 0.93 0.9865 -0.2079 0.2858 -Inf -Inf 0.3597 1 -0.0907 0.0907 -0.1814 0.8186 1 -0.3619 0.3619 -0.2714 0.7286 1 -0.2037 0.2037 -0.2037 0.7963 1 1 0
3 17 1789 3 0 0 0 0 1.0065 0 0.9608 0.215 0.2726 5.0213 6.0213 0.336 0.9583 0.9648 0.205 0.4382 0.2066 1.2066 0.5527 0.95 0.9993 0.1797 0.1797 Inf Inf 0.1888 1 0.0359 0.0359 0.0718 1.0718 1 -0.0133 0.0133 -0.01 0.99 1 -0.0772 0.0772 -0.0772 0.9228 1 1 0
3 18 2198 0 0 0 0 0 1.0102 0 0.9697 -0.1107 0.2128 -0.102 0.898 0.2763 1 0.9647 -0.0867 0.3814 10.072 11.072 0.4964 0.96 0.9846 -0.1885 0.2861 Inf Inf 0.3669 0.89 -0.0508 0.0508 -0.1015 0.8985 1 -0.212 0.212 -0.159 0.841 1 -0.1186 0.1186 -0.1186 0.8814 1 0 0
3 19 1359 1 0 0 0 0 1.0063 0 0.9516 0.9158 0.9158 -0.3898 0.6102 0.9696 0.2083 0.9565 0.8558 0.8871 -0.121 0.879 1.0038 0.58 0.9898 1.0467 1.0467 Inf Inf 1.0835 0.025 -0.1681 0.1681 -0.3362 0.6638 1 -0.4808 0.4808 -0.3606 0.6394 0 -0.2519 0.2519 -0.2519 0.7481 1 1 0
3 20 1873 6 0 0 0 0 1.0083 0 0.9586 -0.0635 0.2981 -0.5551 0.4449 0.3441 0.9583 0.9652 -0.0807 0.4268 -0.1158 0.8842 0.5495 0.92 0.9913 -0.158 0.472 -Inf -Inf 0.527 0.855 0.0218 0.0218 0.0435 1.0435 1 -0.075 0.075 -0.0562 0.9438 1 -0.1012 0.1012 -0.1012 0.8988 1 1 0
3 21 1390 5 0 0 0 0 1.0086 0 0.9807 -0.076 0.285 -0.1289 0.8711 0.3435 1 0.9557 -0.0447 0.4388 -0.1075 0.8925 0.566 0.945 0.9906 0.0128 0.3629 -Inf -Inf 0.4141 1 -0.1216 0.1216 -0.2431 0.7569 1 -0.3384 0.3384 -0.2538 0.7462 1 -0.1592 0.1592 -0.1592 0.8408 1 1 0
3 22 1834 5 0 0 0 0 1.0047 0 0.9721 0.5502 0.5721 0.8523 1.8523 0.6268 0.6667 0.9664 0.5312 0.6143 0.121 1.121 0.7404 0.84 0.9923 0.4781 0.4781 Inf Inf 0.521 1 0.079 0.079 0.158 1.158 1 0.2035 0.2035 0.1526 1.1526 1 -0.0034 0.0034 -0.0034 0.9966 1 1 0
3 23 2059 4 0 0 0 0 1.0035 0 0.9486 0.3554 0.3817 -0.0925 0.9075 0.4809 0.8333 0.9597 0.4179 0.542 0.1819 1.1819 0.6687 0.89 0.9915 0.4062 0.4091 Inf Inf 0.4652 1 0.0849 0.0849 0.1697 1.1697 1 -0.0571 0.0571 -0.0429 0.9571 1 -0.183 0.183 -0.183 0.817 1 1 0
3 24 1564 7 0 0 0 0 1.0105 0 0.9875 -0.0655 0.2476 -0.2496 0.7504 0.3197 0.9583 0.9581 -0.0641 0.4303 -0.18 0.82 0.5648 0.925 0.9965 -0.1042 0.3979 -Inf -Inf 0.4345 1 0.1117 0.1117 0.2234 1.2234 1 -0.4413 0.4413 -0.331 0.669 1 -0.4543 0.4543 -0.4543 0.5457 0 1 0
