cond r run.time ndiv nbfmi ntree nbulk ntail maxRhat nRhat alpha.cor alpha.bias alpha.abbias alpha.rmse alpha.CI beta.cor beta.bias beta.abbias beta.rmse beta.CI theta.cor theta.bias theta.abbias theta.rmse theta.CI lambda.bias lambda.abbias lambda.CI corrupt efficiency
7 1 1989 0 0 0 0 0 1.0004 0 0.7811 0.05 0.1338 0.1421 0.8576 0.9663 0.1449 0.2711 0.3757 4.6571 0.7315 0.021 0.5198 0.6656 3.0889 -0.0477 0.0477 0.3709 0 0
7 2 1985 0 0 0 0 0 1.0004 0 0.4509 -0.0926 0.2099 0.2742 0.8325 0.9417 0.0395 0.2939 0.4172 3.4224 0.7384 -0.0444 0.5297 0.6507 3.0317 0.1323 0.1323 0.3506 0 0
7 3 2010 0 0 0 0 0 1.0003 0 0.908 -0.0836 0.0981 0.1294 0.8335 0.9933 -0.0013 0.1858 0.218 1.8814 0.8086 0.0659 0.4593 0.5903 2.8954 -0.0338 0.0338 0.3457 0 0
7 4 1983 0 0 0 0 0 1.0004 0 0.9346 0.0134 0.1077 0.1212 0.9635 0.9906 0.0814 0.1927 0.2445 3.782 0.8035 -0.0515 0.5068 0.6253 2.9925 -0.0555 0.0555 0.3507 0 0
7 5 2027 0 0 0 0 0 1.0007 0 0.9849 -0.0088 0.0347 0.0434 0.8144 0.9946 0.0835 0.1172 0.1512 1.4772 0.8283 0.0579 0.4487 0.5586 2.7128 -0.0418 0.0418 0.3224 0 0
7 6 2028 0 0 0 0 0 1.0005 0 0.1334 -0.1495 0.1865 0.2154 0.9703 0.9668 -0.0552 0.353 0.4803 4.502 0.7279 0.0144 0.5092 0.6592 3.19 0.0837 0.0837 0.4541 0 0
7 7 2044 0 0 0 0 0 1.0005 0 0.6663 -0.0277 0.1182 0.1483 0.955 0.979 -0.1306 0.232 0.3462 4.4071 0.7184 -0.0127 0.5612 0.7093 3.129 -0.1024 0.1024 0.414 0 0
7 8 1970 0 0 0 0 0 1.0006 0 0.4484 -0.0777 0.1459 0.2205 0.909 0.9692 0.0755 0.3201 0.509 5.5626 0.76 -0.0115 0.5074 0.636 3.0928 0.192 0.192 0.3819 0 0
7 9 2020 0 0 0 0 0 1.0003 0 0.8605 0.0162 0.1706 0.1815 1.0754 0.9872 -0.0995 0.1988 0.2538 2.2305 0.8361 -0.0238 0.448 0.5767 2.6556 0.0281 0.0281 0.2994 0 0
7 10 1967 0 0 0 0 0 1.0003 0 0.2227 -0.0647 0.209 0.2616 0.8132 0.9763 -0.0886 0.2149 0.3164 2.4576 0.7755 0.0345 0.5091 0.6472 2.8431 -0.0052 0.0052 0.3489 0 0
7 11 1963 0 0 0 0 0 1.0003 0 0.7363 -0.06 0.2116 0.2581 0.8697 0.9466 -0.4348 0.5146 1.1204 11.2812 0.788 -0.0187 0.4841 0.6152 2.8586 0.1227 0.1227 0.3321 0 0
7 12 1994 0 0 0 0 0 1.0002 0 0.5113 -0.149 0.1748 0.246 0.8766 0.991 0.0618 0.2514 0.3084 3.2083 0.7737 0.0975 0.5191 0.6278 2.9916 -0.0886 0.0886 0.3644 0 0
7 13 1980 0 0 0 0 0 1.0003 0 0.9747 -0.0108 0.0952 0.1032 1.1503 0.9898 -0.0181 0.1447 0.189 2.485 0.8425 0.0228 0.4425 0.5658 2.71 -0.0028 0.0028 0.2964 0 0
7 14 2008 0 0 0 0 0 1.0002 0 0.9862 -0.0473 0.0625 0.0778 0.837 0.975 -0.0427 0.22 0.2927 4.2967 0.8437 -0.1354 0.4426 0.5485 2.8087 0.137 0.137 0.3074 0 0
7 15 2011 0 0 0 0 0 1.0003 0 0.7627 -0.0732 0.1515 0.1755 0.8957 0.9902 0.179 0.3142 0.3812 3.954 0.7747 0.186 0.5231 0.6457 2.9418 0.1014 0.1014 0.3753 0 0
7 16 1990 0 0 0 0 0 1.0001 0 0.8959 0.0486 0.0738 0.0902 0.7952 0.9922 -0.191 0.2098 0.245 1.5431 0.8103 -0.0692 0.457 0.59 2.8274 -0.0989 0.0989 0.3325 0 0
7 17 2028 0 0 0 0 0 1.0003 0 0.8518 -0.0618 0.143 0.1607 0.8608 0.9815 0.0084 0.219 0.3145 2.7699 0.7389 -0.0532 0.5238 0.6612 2.9871 -0.1526 0.1526 0.3613 0 0
7 18 1986 0 0 0 0 0 1.0007 0 0.4191 -0.0271 0.2327 0.2597 0.7794 0.9836 0.0731 0.2621 0.3218 3.4414 0.7868 0.0107 0.513 0.6516 2.8603 -0.0564 0.0564 0.3461 0 0
7 19 1968 0 0 0 0 0 1.0007 0 0.8872 0.0378 0.1194 0.1472 0.8348 0.9854 0.1764 0.1953 0.2398 1.3496 0.8151 0.1343 0.4796 0.6116 2.6988 -0.0484 0.0484 0.3167 0 0
7 20 1996 0 0 0 0 0 1.0003 0 0.9916 0.1322 0.1322 0.174 1.2079 0.9906 -0.0301 0.1622 0.2011 1.4882 0.8344 0.019 0.4941 0.6236 2.6668 0.0285 0.0285 0.2926 0 0
7 21 1964 0 0 0 0 0 1.0004 0 0.7281 0.0545 0.1666 0.1894 0.9708 0.9818 0.0958 0.1741 0.2241 1.7366 0.7859 0.0518 0.4954 0.6311 2.7639 -0.0582 0.0582 0.3282 0 0
7 22 1983 0 0 0 0 0 1.0009 0 0.8856 -0.1338 0.177 0.1911 0.9388 0.9793 0.1896 0.3109 0.4721 3.5925 0.7855 -0.0217 0.486 0.6109 2.9268 0.1182 0.1182 0.341 0 0
7 23 1978 0 0 0 0 0 1.0002 0 0.5194 -0.0225 0.1777 0.2037 0.8028 0.983 0.0732 0.169 0.2455 3.548 0.7559 0.0253 0.5252 0.6497 3.0464 -0.0087 0.0087 0.3754 0 0
7 24 1998 0 0 0 0 0 1.0006 0 0.3554 -0.0664 0.2227 0.2633 0.9957 0.9859 0.1439 0.2308 0.3261 2.8513 0.794 0.0375 0.5071 0.6346 2.7827 0.0464 0.0464 0.3345 0 0
7 25 1953 0 0 0 0 0 1.0003 0 0.8709 0.0136 0.154 0.2288 1.2136 0.9726 -0.0581 0.2607 0.4738 4.4098 0.8056 0.0103 0.4681 0.5817 2.8283 -0.0245 0.0245 0.3202 0 0
7 26 2010 0 0 0 0 0 1.0012 0 0.8756 -0.0862 0.1214 0.1678 0.8782 0.9911 0.0083 0.1602 0.196 3.3606 0.7849 -0.0043 0.4699 0.5937 2.8506 -0.0678 0.0678 0.3613 0 0
7 27 2003 0 0 0 0 0 1.0005 0 0.8931 -0.0943 0.1779 0.2508 0.9023 0.989 -0.0837 0.166 0.1873 1.577 0.8069 -0.0284 0.4664 0.5909 2.7855 -0.0417 0.0417 0.32 0 0
7 28 1984 0 0 0 0 0 1.0005 0 0.6326 -0.0862 0.1901 0.2345 1.0423 0.9601 -0.0028 0.297 0.4012 4.7061 0.7438 -0.003 0.5287 0.6534 3.1317 -0.043 0.043 0.4044 0 0
7 29 1968 0 0 0 0 0 1.0002 0 0.4028 -0.026 0.0695 0.0969 0.7882 0.9938 -0.1166 0.1594 0.1957 2.2856 0.7956 -0.0552 0.4864 0.6168 2.8001 0.0687 0.0687 0.3642 0 0
7 30 2023 0 0 0 0 0 1.0005 0 0.9368 0.0081 0.0934 0.1055 1.0466 0.9909 0.0506 0.1326 0.1709 2.3678 0.8165 0.0605 0.4548 0.5848 2.8655 -0.0432 0.0432 0.3245 0 0
7 31 2008 0 0 0 0 0 1.0002 0 0.7523 0.0893 0.1041 0.1433 0.8379 0.9948 -0.0343 0.096 0.1287 0.9826 0.8624 0.0186 0.4202 0.5247 2.5574 -0.0401 0.0401 0.2937 0 0
7 32 2022 0 0 0 0 0 1.0005 0 0.9897 -0.0543 0.0718 0.0802 0.8929 0.9949 -0.0475 0.1165 0.153 2.3323 0.8616 -0.0471 0.4137 0.5225 2.6586 -0.0403 0.0403 0.3044 0 0
7 33 1982 0 0 0 0 0 1.0003 0 0.9041 0.0614 0.0993 0.1249 0.9382 0.9939 -0.0578 0.1069 0.1196 1.812 0.8206 -0.0633 0.4672 0.5971 2.7247 -0.1947 0.1947 0.3051 0 0
7 34 2032 0 0 0 0 0 1.0001 0 0.7922 -0.0068 0.1583 0.239 0.7969 0.9819 0.037 0.2093 0.2574 2.1918 0.7909 0.0367 0.4933 0.6123 2.8389 0.0224 0.0224 0.3348 0 0
7 35 2010 0 0 0 0 0 1.0003 0 0.8528 -0.0296 0.1323 0.1539 0.9016 0.9958 0.0449 0.1434 0.1723 3.0048 0.8075 0.0257 0.461 0.5802 2.7558 0.0674 0.0674 0.2997 0 0
7 36 1988 0 0 0 0 0 1.0007 0 0.6526 0.0314 0.223 0.2552 0.8093 0.9819 -0.0298 0.1824 0.2242 2.0269 0.8068 0.037 0.4771 0.595 2.6933 -0.0046 0.0046 0.3103 0 0
7 37 1971 0 0 0 0 0 1.0004 0 0.9678 -0.1152 0.1175 0.1468 0.8473 0.9958 -0.014 0.1598 0.2075 2.6845 0.7543 -0.0159 0.5333 0.6676 3.0764 0.0508 0.0508 0.3968 0 0
7 38 2006 0 0 0 0 0 1.0005 0 0.9042 -0.2062 0.2311 0.2855 0.881 0.9805 0.0204 0.252 0.3726 2.6749 0.8351 0.0378 0.4488 0.5491 2.8088 -0.0333 0.0333 0.3599 0 0
7 39 1987 0 0 0 0 0 1.0006 0 0.4416 -0.0015 0.1122 0.1155 0.8609 0.9518 0.0026 0.3006 0.3621 2.9592 0.7142 -0.0394 0.5597 0.7198 3.2315 0.2111 0.2111 0.4041 0 0
7 40 1953 0 0 0 0 0 1.0002 0 0.6253 -0.0417 0.1606 0.199 0.9057 0.9919 -0.1508 0.2533 0.3052 4.8796 0.7216 0.0398 0.5702 0.7156 3.0215 0.1303 0.1303 0.3575 0 0
7 41 1955 0 0 0 0 0 1.0001 0 0.9734 -0.0284 0.0568 0.061 0.9611 0.9934 0.1091 0.1446 0.1764 2.4728 0.791 0.0745 0.503 0.6354 2.9518 0.0536 0.0536 0.351 0 0
7 42 2045 0 0 0 0 0 1.0004 0 0.8387 -0.0829 0.1427 0.1636 0.8479 0.9881 -0.1029 0.2268 0.3244 4.3108 0.7833 -0.0133 0.4599 0.5829 3.0081 0.0131 0.0131 0.3753 0 0
7 43 1947 0 0 0 0 0 1.0009 0 0.6953 -0.1632 0.2122 0.2406 1.2327 0.9406 -0.3612 0.5574 0.887 9.1436 0.6942 0.0757 0.5357 0.6643 3.29 -0.1042 0.1042 0.5342 0 0
7 44 2003 0 0 0 0 0 1.0002 0 0.7278 -0.0653 0.1571 0.1792 0.7741 0.988 0.0066 0.1937 0.2812 4.0773 0.7964 -0.0865 0.4844 0.61 2.9728 0.0615 0.0615 0.3754 0 0
7 45 1988 0 0 0 0 0 1.0007 0 0.7317 0.0392 0.1203 0.1631 0.8474 0.98 0.0212 0.1704 0.228 2.1411 0.8061 -0.0226 0.4992 0.6394 2.7768 0.162 0.162 0.3205 0 0
7 46 1977 0 0 0 0 0 1.0002 0 0.1904 -0.004 0.0643 0.0699 0.7324 0.9911 0.0645 0.1468 0.189 1.7016 0.7619 0.0308 0.5241 0.6459 2.9176 -0.0394 0.0394 0.333 0 0
7 47 1967 0 0 0 0 0 1.0007 0 0.822 0.0494 0.1947 0.2536 1.2171 0.989 0.0144 0.1375 0.1696 1.6855 0.8405 0.0357 0.4454 0.5638 2.6457 -0.0993 0.0993 0.2854 0 0
7 48 1983 0 0 0 0 0 1.0006 0 0.8206 0.0633 0.1467 0.1888 0.9472 0.9937 -0.0625 0.168 0.2218 3.516 0.7933 -0.0196 0.459 0.5816 2.7954 -0.0548 0.0548 0.3459 0 0
7 49 1988 0 0 0 0 0 1.0006 0 0.8751 -0.1622 0.1818 0.22 0.8863 0.9934 0.0608 0.2492 0.3399 4.1358 0.8004 0.0934 0.4827 0.5874 2.9044 -0.0813 0.0813 0.3617 0 0
7 50 1980 0 0 0 0 0 1.0002 0 0.9549 0.0492 0.1203 0.151 0.9056 0.9713 9e-04 0.2332 0.3329 4.8299 0.8081 -0.0785 0.4852 0.609 2.7418 0.0743 0.0743 0.3046 0 0
7 51 1980 0 0 0 0 0 1.0005 0 0.636 0.0342 0.1209 0.1317 0.7744 0.9897 -0.0406 0.1439 0.1687 1.6518 0.812 -0.0221 0.4639 0.5969 2.7938 0.0686 0.0686 0.3309 0 0
7 52 1988 0 0 0 0 0 1.0004 0 0.8014 -0.0254 0.1421 0.1549 0.8622 0.9781 -0.2037 0.2326 0.3594 4.2773 0.7668 -0.1079 0.5287 0.6513 3.0639 0.1103 0.1103 0.3334 0 0
7 53 1993 0 0 0 0 0 1.0003 0 0.9439 -0.0294 0.085 0.1126 0.9836 0.9919 0.0172 0.1513 0.2029 1.9465 0.808 0.0221 0.4522 0.5685 2.7746 -0.0474 0.0474 0.318 0 0
7 54 1998 0 0 0 0 0 1.0006 0 0.8442 -0.0716 0.1356 0.1549 0.8043 0.9888 0.0273 0.1766 0.2322 2.5217 0.7986 0.0017 0.4809 0.6035 2.8368 0.1022 0.1022 0.3389 0 0
7 55 1938 0 0 0 0 0 1.0003 0 0.6193 0.036 0.1008 0.1147 0.8187 0.9783 -2e-04 0.1532 0.215 2.5698 0.7424 -0.0357 0.5507 0.6932 2.9582 0.0047 0.0047 0.3879 0 0
7 56 2045 0 0 0 0 0 1.0003 0 0.8515 0.0878 0.097 0.1267 0.7724 0.9945 -0.0411 0.1175 0.167 1.2037 0.8286 0.0349 0.4604 0.5782 2.671 0.1936 0.1936 0.2945 0 0
7 57 2036 0 0 0 0 0 1.0007 0 0.293 -0.0408 0.2092 0.2954 1.1029 0.9856 -0.0186 0.2486 0.3509 3.2373 0.7647 0.0253 0.4946 0.6209 2.9873 0.0482 0.0482 0.3841 0 0
7 58 2013 0 0 0 0 0 1.0004 0 0.991 0.0404 0.0462 0.0645 0.8812 0.9973 -0.0564 0.0991 0.1152 2.751 0.8006 0.0116 0.4717 0.5923 2.715 0.0829 0.0829 0.3147 0 0
7 59 1996 0 0 0 0 0 1.0003 0 0.6404 0.0372 0.1609 0.1815 0.7458 0.9932 -0.0019 0.0938 0.1176 1.3192 0.8359 0.0028 0.4313 0.5427 2.6965 0.0076 0.0076 0.3235 0 0
7 60 1969 0 0 0 0 0 1.0004 0 0.7046 0.0768 0.1474 0.1954 0.8976 0.988 0.0101 0.1496 0.1915 1.7555 0.8171 0.0416 0.4999 0.6214 2.7872 0.0074 0.0074 0.3311 0 0
7 61 1959 0 0 0 0 0 1.0008 0 0.4921 0.0074 0.0881 0.1259 0.8457 0.9938 -0.0495 0.1542 0.1893 3.3264 0.7397 -0.0877 0.5234 0.6537 3.0646 -0.0347 0.0347 0.3831 0 0
7 62 2014 0 0 0 0 0 1.0004 0 0.6014 0.0112 0.1131 0.1438 0.8102 0.9885 0.0097 0.1561 0.1949 1.7395 0.8415 0.0389 0.4465 0.5466 2.6277 -0.0473 0.0473 0.2949 0 0
7 63 2002 0 0 0 0 0 1.0003 0 0.7773 -0.058 0.1321 0.1503 0.968 0.9938 -0.0169 0.1493 0.1898 2.5127 0.7832 -0.0659 0.4977 0.6296 2.9086 -0.2053 0.2053 0.3589 0 0
7 64 1996 0 0 0 0 0 1.0003 0 0.8285 -0.0534 0.113 0.1433 0.9024 0.988 0.044 0.1612 0.237 2.7553 0.7831 0.0283 0.479 0.5952 2.8833 -0.1122 0.1122 0.345 0 0
7 65 1985 0 0 0 0 0 1.0004 0 0.2719 -0.0628 0.2004 0.219 0.8477 0.9542 -0.0104 0.308 0.4425 3.9643 0.691 0.0299 0.5405 0.6719 3.1811 -0.0997 0.0997 0.3811 0 0
7 66 1989 0 0 0 0 0 1.0008 0 0.4944 0.0681 0.1159 0.156 0.8416 0.9928 0.0219 0.1168 0.1576 2.1226 0.7406 0.0164 0.5372 0.6665 2.9517 -0.02 0.02 0.3642 0 0
7 67 1971 0 0 0 0 0 1.0008 0 0.8035 0.0037 0.1827 0.1894 1.1366 0.9845 0.1833 0.2307 0.3165 4.2378 0.7688 0.0289 0.497 0.6297 2.9315 0.0263 0.0263 0.3694 0 0
7 68 1999 0 0 0 0 0 1.0003 0 -0.0512 -0.109 0.1241 0.1625 0.8432 0.9863 -0.1211 0.2458 0.3117 3.5595 0.7048 0.0067 0.5196 0.6727 3.3573 0.1126 0.1126 0.4389 0 0
7 69 1998 0 0 0 0 0 1.0011 0 0.9779 -0.0153 0.119 0.1346 0.8812 0.9812 -0.0294 0.1817 0.2742 3.3986 0.8373 -0.0448 0.4325 0.5462 2.5755 0.0015 0.0015 0.296 0 0
7 70 1976 0 0 0 0 0 1.0003 0 0.902 0.0946 0.108 0.1396 0.864 0.993 0.0643 0.0974 0.1279 1.7204 0.8269 0.0763 0.46 0.5734 2.7694 -0.0614 0.0614 0.3453 0 0
7 71 1960 0 0 0 0 0 1.0005 0 0.9339 -0.0447 0.1018 0.1372 0.9447 0.9697 -0.0582 0.1836 0.2487 3.0706 0.7998 -0.087 0.4748 0.5942 2.8602 -0.0776 0.0776 0.3343 0 0
7 72 1988 0 0 0 0 0 1.0002 0 0.7842 0.0597 0.1049 0.1134 0.8092 0.9958 -0.0418 0.0697 0.0923 1.2152 0.8099 -0.0305 0.4639 0.5847 2.6274 -0.014 0.014 0.3034 0 0
7 73 2010 0 0 0 0 0 1.0004 0 0.8668 0.0101 0.0921 0.1145 0.835 0.994 0.1126 0.1249 0.1778 2.0886 0.7988 0.0911 0.49 0.6075 2.814 0.1173 0.1173 0.3361 0 0
7 74 1994 0 0 0 0 0 1.0007 0 0.5177 -0.1478 0.1953 0.2419 0.7707 0.9708 0.3194 0.485 0.8931 9.9545 0.7563 -0.0722 0.519 0.6546 3.0506 -0.1581 0.1581 0.3505 0 0
7 75 2012 0 0 0 0 0 1.0002 0 0.4382 0.0305 0.1878 0.1983 0.8672 0.9845 -0.1487 0.2195 0.2523 2.1327 0.7809 -0.0408 0.5109 0.6532 2.8409 -0.117 0.117 0.3223 0 0
7 76 2001 0 0 0 0 0 1.0004 0 -0.2205 -0.0013 0.1364 0.1638 0.8227 0.9928 0.0397 0.1182 0.1495 1.7206 0.7716 0.0237 0.5068 0.6477 2.9047 -0.1562 0.1562 0.3613 0 0
7 77 1999 0 0 0 0 0 1.0003 0 0.9253 -0.1109 0.1664 0.1886 0.7937 0.9944 0.0129 0.1321 0.1492 2.1659 0.8142 0.1071 0.4727 0.6013 2.8272 0.2482 0.2482 0.3429 0 0
7 78 1955 0 0 0 0 0 1.001 0 0.9263 0.0432 0.1638 0.227 1.1785 0.9842 -0.1269 0.2037 0.2747 2.9944 0.7945 -0.0479 0.4852 0.6009 2.8884 0.0654 0.0654 0.3206 0 0
7 79 1966 0 0 0 0 0 1.0009 0 0.8441 0.0498 0.1392 0.1556 1.0601 0.9922 0.1644 0.1979 0.2356 2.6174 0.7755 0.0948 0.4785 0.596 2.8307 0.131 0.131 0.3096 0 0
7 80 2038 0 0 0 0 0 1.0002 0 0.7973 0.0366 0.1522 0.1699 0.7641 0.9936 0.0902 0.1483 0.1764 2.2936 0.8298 0.0577 0.4685 0.5816 2.554 -0.0089 0.0089 0.314 0 0
7 81 1993 0 0 0 0 0 1.0003 0 -0.0622 -0.118 0.2404 0.2946 0.9858 0.9742 0.2419 0.3966 0.6088 4.8599 0.6988 -0.0209 0.5778 0.7079 3.1808 0.1601 0.1601 0.4426 0 0
7 82 2024 0 0 0 0 0 1.0004 0 0.7966 -0.1747 0.1949 0.2368 0.8373 0.9837 -0.0927 0.2843 0.3626 2.5252 0.781 -0.0229 0.4781 0.6153 3.0156 0.0252 0.0252 0.3665 0 0
7 83 1963 0 0 0 0 0 1.0007 0 0.1258 -0.0732 0.3248 0.398 1.577 0.9337 -0.7026 0.7908 1.4307 14.7115 0.643 0.0279 0.5722 0.7205 3.0389 -0.0488 0.0488 0.3902 0 0
7 84 2003 0 0 0 0 0 1.0001 0 0.8111 0.0117 0.1399 0.1852 0.8154 0.994 0.0297 0.1309 0.1611 2.7179 0.7758 -0.006 0.5289 0.6481 2.895 3e-04 3e-04 0.3385 0 0
7 85 2005 0 0 0 0 0 1.0003 0 0.4789 -0.0106 0.1898 0.1979 0.9249 0.9713 -0.1033 0.4657 0.7047 9.6046 0.7309 -0.0093 0.5402 0.6724 2.9908 0.1744 0.1744 0.372 0 0
7 86 1982 0 0 0 0 0 1.0003 0 0.7428 -0.0705 0.1733 0.206 0.8547 0.8921 -0.1433 0.3281 0.6048 6.3708 0.7966 -0.0054 0.4842 0.6075 3.0752 -0.1344 0.1344 0.3892 0 0
7 87 1999 0 0 0 0 0 1.0003 0 0.853 -0.0043 0.1023 0.1409 0.8193 0.9928 -0.0069 0.1696 0.1951 2.8163 0.8113 -0.0212 0.4852 0.6108 2.7225 0.1541 0.1541 0.3174 0 0
7 88 1999 0 0 0 0 0 1.0007 0 0.3386 0.0358 0.1291 0.1403 0.7504 0.9948 -0.0056 0.1425 0.1927 1.5086 0.8134 0.0165 0.467 0.5908 2.6283 -0.0498 0.0498 0.2897 0 0
7 89 1984 0 0 0 0 0 1.0007 0 0.7758 0.0404 0.1225 0.149 0.9786 0.9757 -0.1276 0.2202 0.292 2.1845 0.7471 -0.0121 0.5608 0.7096 2.9576 0.0159 0.0159 0.3853 0 0
7 90 2024 0 0 0 0 0 1.0004 0 0.4967 -0.1312 0.1667 0.2048 0.7479 0.9886 0.1068 0.2582 0.3572 3.2215 0.7757 0.0579 0.4624 0.5935 2.9976 0.1619 0.1619 0.3631 0 0
7 91 1990 0 0 0 0 0 1.0006 0 0.5724 0.064 0.206 0.2447 0.8465 0.9935 -0.0687 0.1201 0.1407 1.1711 0.8342 -0.0995 0.4102 0.5193 2.5993 -0.0083 0.0083 0.2966 0 0
7 92 2022 0 0 0 0 0 1.0012 0 0.9128 0.0913 0.1233 0.1962 0.9153 0.9906 -0.0662 0.144 0.1864 1.4469 0.8695 -0.0298 0.3962 0.5223 2.5025 -0.003 0.003 0.284 0 0
7 93 1966 0 0 0 0 0 1.0004 0 0.9837 -0.0204 0.0779 0.1017 0.9217 0.994 0.0986 0.137 0.1674 1.592 0.7789 0.0724 0.4961 0.6172 2.8752 0.0164 0.0164 0.3472 0 0
7 94 1985 0 0 0 0 0 1.0004 0 0.9585 0.0245 0.1284 0.1705 1.1372 0.9833 0.0387 0.1799 0.2648 3.7818 0.7847 -0.0084 0.4886 0.6059 2.7677 -0.0882 0.0882 0.3388 0 0
7 95 1980 0 0 0 0 0 1.0003 0 0.8954 -0.0431 0.1641 0.1815 1.0606 0.992 -0.0298 0.1511 0.1987 2.4021 0.818 0.0085 0.4444 0.5638 2.7284 -0.0921 0.0921 0.3012 0 0
7 96 2009 0 0 0 0 0 1.0003 0 0.7033 -0.0619 0.1307 0.1478 0.8958 0.9927 0.1362 0.2114 0.2998 3.9009 0.7667 0.0775 0.5007 0.6242 3.0349 -0.0329 0.0329 0.3652 0 0
7 97 2055 0 0 0 0 0 1.0004 0 0.8463 0.09 0.1357 0.2158 0.8837 0.989 -0.0247 0.1207 0.1901 2.2301 0.8599 -0.003 0.4296 0.5459 2.6344 -0.0177 0.0177 0.2921 0 0
7 98 1985 0 0 0 0 0 1.0005 0 0.8371 -0.1045 0.1745 0.2203 1.0773 0.9858 -0.0374 0.1908 0.3167 4.7407 0.7862 0.0571 0.4675 0.5939 2.9261 0.0531 0.0531 0.3484 0 0
7 99 2005 0 0 0 0 0 1.0005 0 0.6255 -0.147 0.1562 0.2027 0.7368 0.992 -0.0692 0.1486 0.1715 1.5441 0.8418 -0.0154 0.4123 0.5133 2.5659 0.133 0.133 0.2985 0 0
7 100 1965 0 0 0 0 0 1.0004 0 0.3763 -0.0066 0.1724 0.2119 0.8407 0.972 -0.0777 0.2361 0.442 4.6357 0.7248 0.005 0.561 0.7007 3.0332 0.1262 0.1262 0.3814 0 0
7 101 1995 0 0 0 0 0 1.0008 0 0.8938 -0.1361 0.1361 0.1721 0.9899 0.9859 0.1544 0.2695 0.4238 4.7688 0.7592 0.0241 0.5221 0.6602 3.0813 -0.0456 0.0456 0.3859 0 0
7 102 1954 0 0 0 0 0 1.0004 0 0.9034 -0.1182 0.1382 0.1733 0.8296 0.9649 -0.1663 0.3961 0.7281 8.7846 0.7924 0.0448 0.4687 0.5965 2.9544 0.0529 0.0529 0.3828 0 0
7 103 2038 0 0 0 0 0 1.0003 0 0.7491 -0.0298 0.1438 0.1518 0.8691 0.9854 0.0035 0.197 0.244 3.424 0.8207 0.102 0.4628 0.5768 2.8271 0.1228 0.1228 0.3201 0 0
7 104 1962 0 0 0 0 0 1.0006 0 0.7666 -0.0495 0.1384 0.1655 0.9995 0.9926 -0.0037 0.1573 0.2666 3.7957 0.7945 -0.0156 0.4994 0.6242 2.8414 -0.0464 0.0464 0.3197 0 0
7 105 1954 0 0 0 0 0 1.0007 0 0.4598 0.0404 0.1681 0.2031 1.0698 0.9906 0.0445 0.2296 0.2732 5.0722 0.7208 0.0108 0.5478 0.7137 2.9969 0.0902 0.0902 0.3459 0 0
7 106 2102 0 0 0 0 0 1.0006 0 0.442 0.0377 0.1472 0.2137 0.9226 0.9893 0.0732 0.1398 0.1703 1.4367 0.8194 0.0245 0.4671 0.5778 2.6022 0.0015 0.0015 0.3013 0 0
7 107 2024 0 0 0 0 0 1.0003 0 0.8383 -0.1419 0.184 0.1976 1.0127 0.9831 0.1681 0.3455 0.5408 7.0575 0.726 0.0173 0.526 0.6466 3.201 0.008 0.008 0.4163 0 0
7 108 1990 0 0 0 0 0 1.0006 0 0.9452 0.0868 0.23 0.3484 1.513 0.9816 -0.0612 0.2529 0.3752 4.1942 0.7834 -0.0525 0.5095 0.6459 2.7357 0.0629 0.0629 0.3144 0 0
7 109 1981 0 0 0 0 0 1.0005 0 0.9027 -0.0585 0.0964 0.1157 0.8121 0.9903 0.0656 0.1523 0.1737 1.4926 0.7861 0.0763 0.4873 0.6209 2.7664 -0.1148 0.1148 0.3276 0 0
7 110 1978 0 0 0 0 0 1.0001 0 0.9779 -0.012 0.0577 0.0638 1.0007 0.9899 0.0024 0.1743 0.21 1.8729 0.8272 0.0227 0.4857 0.6124 2.8289 0.0962 0.0962 0.3275 0 0
7 111 2033 0 0 0 0 0 1.0006 0 0.985 -0.0046 0.0463 0.0539 0.8446 0.995 0.0558 0.1209 0.1411 1.9266 0.8343 0.0451 0.4665 0.592 2.7825 -0.0108 0.0108 0.3109 0 0
7 112 1972 0 0 0 0 0 1.0004 0 0.7307 -0.1558 0.1828 0.2261 0.9525 0.9933 -0.3018 0.3351 0.436 4.1044 0.7043 -0.0301 0.5543 0.6954 3.0934 -0.0426 0.0426 0.3795 0 0
7 113 1960 0 0 0 0 0 1.0008 0 0.8626 -0.0426 0.1603 0.1879 1.0972 0.9857 -0.1066 0.2713 0.3662 3.8149 0.7727 -0.0285 0.5204 0.635 2.8814 -0.0316 0.0316 0.3384 0 0
7 114 1990 0 0 0 0 0 1.0004 0 0.2605 -0.0904 0.1645 0.2029 0.7098 0.9921 0.0084 0.1149 0.1476 1.6216 0.7889 -0.0141 0.4833 0.6035 2.9159 0.2524 0.2524 0.324 0 0
7 115 2022 0 0 0 0 0 1.0007 0 0.8195 0.1212 0.2331 0.2547 0.8638 0.9833 0.0935 0.1556 0.2153 1.3866 0.8446 0.0128 0.4523 0.5571 2.5456 0.0432 0.0432 0.287 0 0
7 116 2005 0 0 0 0 0 1.0002 0 0.8134 -0.1314 0.1905 0.2447 1.042 0.99 0.1076 0.234 0.2763 3.6056 0.811 0.0224 0.4682 0.5752 2.8346 -0.1201 0.1201 0.3262 0 0
7 117 2011 0 0 0 0 0 1.0003 0 0.9764 -0.0534 0.0909 0.1033 0.8217 0.9907 -0.0575 0.1562 0.2201 3.8982 0.7829 -0.0801 0.5027 0.629 2.8293 0.103 0.103 0.3126 0 0
7 118 1994 0 0 0 0 0 1.0004 0 0.9319 -0.0136 0.1378 0.1708 1.02 0.995 -0.1011 0.1484 0.2007 3.1302 0.8044 -0.081 0.4743 0.5954 2.8138 0.0633 0.0633 0.3178 0 0
7 119 1971 0 0 0 0 0 1.0005 0 0.7324 0.0237 0.1031 0.116 0.8513 0.9908 0.1695 0.2023 0.242 2.3332 0.7751 0.0787 0.4883 0.6213 2.9436 -0.0781 0.0781 0.3215 0 0
7 120 1974 0 0 0 0 0 1.0005 0 0.3978 -0.1277 0.2751 0.3109 1.0413 0.9877 -0.1059 0.279 0.3893 2.9293 0.8097 -0.0387 0.4817 0.5964 2.8023 -0.0446 0.0446 0.3249 0 0
7 121 1966 0 0 0 0 0 1.0003 0 0.7872 -0.0867 0.0943 0.1601 0.8319 0.9964 -0.0619 0.1633 0.2224 3.8518 0.7757 0.0368 0.4828 0.6054 3.0629 -0.0409 0.0409 0.3828 0 0
7 122 2025 0 0 0 0 0 1.0004 0 0.8001 0.0366 0.1463 0.1866 0.9788 0.985 0.1286 0.1703 0.2282 1.7558 0.801 0.0901 0.5021 0.6265 2.8118 0.0471 0.0471 0.3037 0 0
7 123 1975 0 0 0 0 0 1.0002 0 0.7774 -0.095 0.142 0.239 0.9544 0.9942 -0.0921 0.1457 0.2049 2.3222 0.7875 -0.0553 0.4584 0.5978 2.9243 -0.0185 0.0185 0.3528 0 0
7 124 1958 0 0 0 0 0 1.0002 0 0.9784 -0.0344 0.0482 0.0741 0.8241 0.9904 -0.187 0.2032 0.3436 6.6095 0.7707 -0.0222 0.5064 0.6265 3.0509 -0.2134 0.2134 0.3486 0 0
7 125 1970 0 0 0 0 0 1.0004 0 0.9279 -0.074 0.1566 0.1865 0.9603 0.9957 0.0596 0.1042 0.1496 3.1912 0.8681 0.0121 0.4076 0.5054 2.5917 -0.0227 0.0227 0.2849 0 0
7 126 1978 0 0 0 0 0 1.0004 0 0.7882 0.1203 0.1806 0.2082 0.8319 0.9731 0.0165 0.2054 0.279 2.8995 0.7477 0.0447 0.5579 0.6921 2.7516 -0.0121 0.0121 0.3497 0 0
7 127 1978 0 0 0 0 0 1.0005 0 0.9911 -0.0221 0.0414 0.0465 1.1599 0.9866 -0.0519 0.1338 0.1974 2.5114 0.7328 -0.016 0.5247 0.6662 3.0554 0.1527 0.1527 0.3497 0 0
7 128 1978 0 0 0 0 0 1.0002 0 0.6615 0.1767 0.2182 0.2642 0.9705 0.9855 0.0302 0.2336 0.3151 1.192 0.8315 0.0229 0.479 0.6044 2.6125 0.0247 0.0247 0.298 0 0
7 129 1960 0 0 0 0 0 1.0004 0 0.6122 -0.0148 0.222 0.2875 1.1768 0.9809 0.1077 0.2452 0.3431 4.4172 0.7915 -0.0222 0.4541 0.5674 2.7115 0.0139 0.0139 0.3208 0 0
7 130 2003 0 0 0 0 0 1.0005 0 0.897 0.0618 0.0852 0.1177 0.8244 0.9916 -0.082 0.1505 0.1719 1.5561 0.7917 -0.0666 0.5276 0.6574 2.7455 -0.2054 0.2054 0.3184 0 0
7 131 1983 0 0 0 0 0 1.0003 0 0.4395 -0.0614 0.1697 0.2081 0.8313 0.964 0.0978 0.2391 0.3728 1.8826 0.765 -0.0046 0.4912 0.6287 2.9236 0.0313 0.0313 0.3341 0 0
7 132 2017 0 0 0 0 0 1.0004 0 0.6551 0.0078 0.1587 0.2152 0.9727 0.9862 -0.0948 0.1959 0.2563 2.5057 0.7889 -0.062 0.4952 0.6059 2.7492 0.1976 0.1976 0.3054 0 0
7 133 1989 0 0 0 0 0 1.0014 0 0.9434 0.0433 0.103 0.1319 0.9725 0.9924 -0.0123 0.1134 0.1559 2.1903 0.8116 -0.0587 0.4493 0.5751 2.66 -0.0373 0.0373 0.3109 0 0
7 134 2000 0 0 0 0 0 1.0002 0 0.7827 -0.159 0.2951 0.3194 1.2132 0.9876 -0.3836 0.6249 0.8921 7.9445 0.7314 0.0456 0.5117 0.651 3.3045 0.0184 0.0184 0.3518 0 0
7 135 1983 0 0 0 0 0 1.0006 0 -0.0565 0.0489 0.1876 0.1987 0.8503 0.9684 -0.0033 0.2062 0.2747 2.5245 0.7525 0.0779 0.5559 0.6959 2.887 -0.0225 0.0225 0.3536 0 0
7 136 2002 0 0 0 0 0 1.0002 0 0.8384 0.026 0.142 0.1788 1.1496 0.9928 -0.0043 0.1476 0.1823 2.429 0.7781 -0.0562 0.5135 0.6407 2.7821 -0.0524 0.0524 0.3297 0 0
7 137 1994 0 0 0 0 0 1.0003 0 0.5202 -0.1024 0.2105 0.2411 0.7982 0.9923 -0.0109 0.1641 0.2194 3.0823 0.8327 -0.0856 0.439 0.5392 2.6584 0.0431 0.0431 0.3191 0 0
7 138 1953 0 0 0 0 0 1.0004 0 0.8409 0.028 0.0784 0.1305 0.9577 0.9919 0.0188 0.1319 0.1576 2.7378 0.7206 -0.0258 0.5591 0.7096 2.9151 -0.0346 0.0346 0.3408 0 0
7 139 1995 0 0 0 0 0 1.0002 0 0.6097 -0.0938 0.1579 0.2088 0.8479 0.9939 -0.0127 0.1716 0.2323 3.4758 0.7648 0.014 0.4988 0.6406 3.0779 -0.0136 0.0136 0.3582 0 0
7 140 2007 0 0 0 0 0 1.0008 0 0.9164 -0.0593 0.1728 0.2077 1.0473 0.9857 -0.1051 0.26 0.4437 5.2391 0.8118 0.0247 0.422 0.5311 2.8281 -0.0909 0.0909 0.3133 0 0
7 141 1981 0 0 0 0 0 1.0003 0 0.9372 -0.0296 0.0747 0.0924 0.8678 0.9909 -0.146 0.1804 0.2256 2.0886 0.7896 -0.0379 0.4843 0.6123 2.8209 -0.0461 0.0461 0.3251 0 0
7 142 2012 0 0 0 0 0 1.0003 0 -0.0399 -0.0537 0.1555 0.2 0.7921 0.978 -0.1779 0.207 0.3473 2.7804 0.8254 -0.0043 0.4491 0.5659 2.7492 0.0437 0.0437 0.3322 0 0
7 143 2020 0 0 0 0 0 1.0003 0 0.5232 -0.0052 0.1636 0.2016 0.9304 0.9955 0.0593 0.1814 0.2734 5.7755 0.8142 -0.1029 0.4424 0.5836 2.7918 4e-04 4e-04 0.3048 0 0
7 144 2015 0 0 0 0 0 1.0004 0 0.7388 0.0924 0.1877 0.2123 0.8885 0.9928 -0.1224 0.163 0.1964 1.4816 0.8031 -0.1272 0.4887 0.6251 2.8522 0.016 0.016 0.3215 0 0
7 145 1987 0 0 0 0 0 1.0003 0 0.6439 0.0022 0.1812 0.203 0.8512 0.9744 -0.0217 0.2001 0.3122 2.877 0.7707 -0.0924 0.5114 0.6401 2.983 -0.0284 0.0284 0.3803 0 0
7 146 2031 0 0 0 0 0 1.0005 0 0.6544 -0.1132 0.1197 0.1533 0.7423 0.9921 6e-04 0.1917 0.2292 1.7657 0.7951 0.0297 0.4769 0.5872 2.9218 0.1247 0.1247 0.3443 0 0
7 147 1958 0 0 0 0 0 1.001 0 0.7415 -0.0784 0.1448 0.1955 0.9507 0.9879 -0.2043 0.3211 0.5007 4.9031 0.7852 0.0055 0.5001 0.6114 2.9829 -0.052 0.052 0.3647 0 0
7 148 1977 0 0 0 0 0 1.0003 0 0.4433 -0.1007 0.2105 0.2743 0.8799 0.9721 0.1456 0.2984 0.5071 4.5336 0.7933 0.022 0.4643 0.5968 2.8132 0.087 0.087 0.3201 0 0
7 149 1994 0 0 0 0 0 1.0005 0 0.8496 0.0348 0.1231 0.1627 0.9794 0.9932 -0.0966 0.1291 0.1696 2.208 0.7713 -0.099 0.5087 0.6372 2.8144 -0.0078 0.0078 0.32 0 0
7 150 1977 0 0 0 0 0 1.0005 0 0.9529 -0.1152 0.122 0.154 0.9528 0.9915 -0.0019 0.1264 0.1595 1.4326 0.8435 -0.0054 0.3931 0.5015 2.7201 0.0225 0.0225 0.3065 0 0
7 151 1988 0 0 0 0 0 1.0002 0 0.6442 0.0156 0.1975 0.2124 0.777 0.9854 0.0701 0.1682 0.2051 1.461 0.8052 0.0706 0.4979 0.6206 2.9345 -0.1557 0.1557 0.3353 0 0
7 152 2021 0 0 0 0 0 1.0007 0 0.5352 -0.0295 0.1197 0.1342 0.7875 0.9876 -0.0152 0.1738 0.2074 1.7194 0.76 -0.0431 0.5126 0.6393 2.9954 -0.0488 0.0488 0.352 0 0
7 153 2013 0 0 0 0 0 1.0005 0 0.6098 -0.0357 0.1332 0.1639 0.9119 0.9838 -0.0028 0.2041 0.2949 3.1868 0.7538 -0.0612 0.5277 0.6625 3.0474 0.0771 0.0771 0.3821 0 0
7 154 1978 0 0 0 0 0 1.0001 0 0.7913 0.0556 0.1837 0.226 0.9554 0.9844 -0.018 0.2309 0.3087 1.9794 0.788 -0.0307 0.4954 0.6205 2.8107 -0.1273 0.1273 0.3051 0 0
7 155 1989 0 0 0 0 0 1.0005 0 0.9623 0.1997 0.1997 0.2079 0.825 0.9964 -0.008 0.1643 0.1932 1.3777 0.8365 -0.0227 0.4872 0.6082 2.633 -0.0258 0.0258 0.2853 0 0
7 156 1982 0 0 0 0 0 1.0003 0 0.7786 -0.065 0.1341 0.2055 0.9638 0.9282 -1.0797 1.1633 2.7103 31.9535 0.7487 -0.0123 0.5086 0.6676 3.0038 0.0376 0.0376 0.3411 0 0
7 157 1985 0 0 0 0 0 1.0005 0 0.7503 -0.0511 0.1615 0.1935 0.8094 0.9898 0.1165 0.1737 0.2048 1.7281 0.787 0.1127 0.486 0.6153 2.8553 -0.028 0.028 0.3284 0 0
7 158 1999 0 0 0 0 0 1.0003 0 0.8686 -0.0908 0.1412 0.1654 0.8874 0.8948 -0.4858 0.5387 1.0933 12.2683 0.7524 0.0226 0.4942 0.6134 3.1061 -0.0148 0.0148 0.3894 0 0
7 159 1997 0 0 0 0 0 1.0007 0 0.8578 -0.0614 0.1528 0.1566 0.9136 0.9904 0.0903 0.2101 0.2943 3.2257 0.7414 -0.05 0.5141 0.6466 3.0642 -0.0775 0.0775 0.4281 0 0
7 160 1966 0 0 0 0 0 1.0004 0 0.6938 -0.0982 0.1462 0.2508 0.8555 0.9939 -0.0334 0.1553 0.2183 3.5104 0.7904 0.0468 0.5198 0.6572 2.9554 0.0299 0.0299 0.3802 0 0
7 161 1996 0 0 0 0 0 1.0001 0 0.762 0.0299 0.1135 0.1525 0.9013 0.9804 -0.0977 0.1904 0.2408 2.1755 0.8234 -0.0474 0.4593 0.6035 2.8905 0.0057 0.0057 0.3435 0 0
7 162 1975 0 0 0 0 0 1.0007 0 0.8596 -0.0978 0.1826 0.227 1.1364 0.9904 0.0626 0.1564 0.1953 1.7977 0.8095 0.0329 0.4608 0.5794 2.8319 0.0246 0.0246 0.3115 0 0
7 163 2013 0 0 0 0 0 1.0004 0 0.9454 -0.0017 0.0915 0.0997 0.9509 0.9932 -0.0674 0.12 0.1488 1.5876 0.786 -0.0903 0.493 0.6406 2.7646 -0.0369 0.0369 0.3071 0 0
7 164 2009 0 0 0 0 0 1.0004 0 0.8279 -0.1122 0.1747 0.1922 0.8647 0.9915 0.0398 0.1968 0.2674 2.7722 0.8224 0.0441 0.4723 0.5882 2.6881 -0.0075 0.0075 0.3069 0 0
7 165 2016 0 0 0 0 0 1.0004 0 0.955 -0.1512 0.1512 0.1987 0.8019 0.9961 -0.0605 0.1249 0.1541 1.3809 0.8362 -0.0948 0.4633 0.5701 2.7389 -0.1043 0.1043 0.3038 0 0
7 166 2006 0 0 0 0 0 1.0002 0 0.7939 -0.1018 0.1953 0.2398 0.7854 0.9867 -0.0205 0.1524 0.2302 2.2019 0.7857 0.0215 0.4791 0.609 2.938 0.1435 0.1435 0.3612 0 0
7 167 2005 0 0 0 0 0 1.0005 0 0.5639 0.0905 0.1452 0.1624 0.842 0.9933 0.0857 0.1394 0.1727 1.0697 0.8273 0.0592 0.4344 0.5551 2.6383 0.005 0.005 0.2894 0 0
7 168 1973 0 0 0 0 0 1.001 0 0.882 -0.1276 0.1519 0.1768 1.0743 0.9908 -0.4517 0.5218 0.821 9.0932 0.7071 -0.0672 0.5106 0.6496 3.1089 0.0156 0.0156 0.4416 0 0
7 169 1973 0 0 0 0 0 1.0009 0 0.9597 -0.0915 0.1058 0.1178 0.9338 0.9826 -0.1041 0.1665 0.2367 2.1187 0.8194 -0.0279 0.4801 0.5852 2.8642 0.0329 0.0329 0.3456 0 0
7 170 2003 0 0 0 0 0 1.0003 0 0.3377 0.0407 0.149 0.1896 0.8023 0.9885 0.0487 0.139 0.1739 1.3211 0.836 -0.0157 0.4816 0.6192 2.7215 -0.0517 0.0517 0.3248 0 0
7 171 1999 0 0 0 0 0 1.0003 0 0.7743 0.0267 0.1638 0.1881 0.8854 0.9883 0.0328 0.1394 0.1787 1.6929 0.8123 0.0587 0.4605 0.583 2.7057 0.0099 0.0099 0.3051 0 0
7 172 1959 0 0 0 0 0 1.0005 0 0.6211 -0.0627 0.1706 0.2196 1.1411 0.9877 0.0321 0.1674 0.2336 2.391 0.774 0.0233 0.4904 0.6222 2.9132 0.0397 0.0397 0.386 0 0
7 173 1954 0 0 0 0 0 1.0002 0 0.8012 -0.0035 0.1072 0.1548 0.928 0.9806 0.0745 0.3376 0.4227 5.6979 0.7583 -9e-04 0.5115 0.6557 3.0399 0.0341 0.0341 0.3359 0 0
7 174 1955 0 0 0 0 0 1.0004 0 0.8872 -0.0743 0.1671 0.1759 0.96 0.9948 -0.0324 0.2308 0.338 4.4974 0.7354 0.0322 0.505 0.6412 2.9664 0.1133 0.1133 0.3466 0 0
7 175 2012 0 0 0 0 0 1.0004 0 0.8252 -0.0637 0.201 0.2963 0.8726 0.9907 0.1162 0.1677 0.2099 3.042 0.8329 0.152 0.4572 0.5726 2.7866 -2e-04 2e-04 0.3108 0 0
7 176 1973 0 0 0 0 0 1.0002 0 0.7644 0.0174 0.1813 0.2386 0.8387 0.9934 -0.0562 0.1341 0.1711 1.8503 0.7979 -0.0329 0.4966 0.6276 2.8017 -0.0089 0.0089 0.3254 0 0
7 177 1997 0 0 0 0 0 1.0002 0 0.9205 0.0315 0.1463 0.2194 1.1063 0.9868 0.1176 0.1795 0.2159 1.9421 0.7968 9e-04 0.4754 0.599 2.7615 -0.1059 0.1059 0.3165 0 0
7 178 2030 0 0 0 0 0 1.0004 0 0.8558 0.1115 0.1285 0.1534 0.7909 0.993 -0.0525 0.1335 0.16 0.8432 0.8728 -0.051 0.4139 0.5257 2.4447 0.0151 0.0151 0.2718 0 0
7 179 2012 0 0 0 0 0 1.0002 0 0.4804 -0.0045 0.1245 0.1698 0.8394 0.9895 -0.0227 0.1234 0.1672 1.7732 0.799 0.0419 0.4825 0.6063 2.8507 -0.0071 0.0071 0.3499 0 0
7 180 2055 0 0 0 0 0 1.0007 0 0.6967 0.0863 0.1279 0.1509 0.8256 0.997 -0.0259 0.0684 0.0831 1.4548 0.799 -0.0349 0.4694 0.5993 2.6713 -0.058 0.058 0.3206 0 0
7 181 2004 0 0 0 0 0 1.0004 0 0.9004 -0.0184 0.0844 0.1179 0.8627 0.9935 -0.0379 0.1357 0.1739 2.4768 0.7656 -0.0127 0.5444 0.6839 2.9225 0.1058 0.1058 0.3542 0 0
7 182 2026 0 0 0 0 0 1.0003 0 0.7164 0.0315 0.1461 0.2053 0.9445 0.9914 -0.1644 0.1917 0.2305 2.1397 0.7571 -0.0543 0.5427 0.6829 2.9931 0.1002 0.1002 0.3321 0 0
7 183 1952 0 0 0 0 0 1.0003 0 0.9781 -0.1743 0.1931 0.2194 1.0372 0.842 0.5362 0.8455 1.678 20.5332 0.6988 -0.0149 0.5346 0.6781 3.1692 -0.1197 0.1197 0.3861 0 0
7 184 2020 0 0 0 0 0 1.0005 0 0.6955 0.0437 0.1348 0.1738 0.7615 0.9873 0.1969 0.2054 0.2572 1.9728 0.7874 0.1205 0.5166 0.6374 2.7788 -0.0075 0.0075 0.3447 0 0
7 185 1986 0 0 0 0 0 1.0002 0 0.8719 0.0289 0.0953 0.1067 0.7913 0.9903 -0.1 0.1374 0.2126 3.0476 0.7162 -0.0449 0.5491 0.692 2.8696 -0.0915 0.0915 0.3565 0 0
7 186 1999 0 0 0 0 0 1.0003 0 0.943 0.0222 0.1401 0.1473 0.9805 0.9838 0.0591 0.1644 0.1928 1.4834 0.8265 -0.0487 0.4598 0.5742 2.7963 -0.0476 0.0476 0.3113 0 0
7 187 1992 0 0 0 0 0 1.0004 0 0.6741 0.0436 0.1221 0.1535 0.8433 0.9862 0.0355 0.1376 0.1881 1.636 0.8192 -0.0044 0.443 0.5652 2.7271 0.0979 0.0979 0.2957 0 0
7 188 1992 0 0 0 0 0 1.0003 0 0.8996 -0.0742 0.0795 0.1109 0.8244 0.9829 0.0314 0.1792 0.2684 2.6553 0.764 -0.0297 0.4977 0.6183 2.9885 -0.0918 0.0918 0.3687 0 0
7 189 2009 0 0 0 0 0 1.0003 0 0.5768 -0.1471 0.172 0.2223 0.8831 0.9814 -0.0895 0.4169 0.5603 4.0896 0.6998 -0.0113 0.5686 0.7145 3.2363 -0.3008 0.3008 0.4722 0 0
7 190 1993 0 0 0 0 0 1.0002 0 0.8744 -0.0019 0.161 0.185 0.9394 0.9881 0.0083 0.1617 0.2125 2.5173 0.805 0.0227 0.4813 0.6092 2.8373 -0.0469 0.0469 0.2947 0 0
7 191 1983 0 0 0 0 0 1.0004 0 0.4524 -0.1612 0.1703 0.2145 0.8316 0.9783 0.2614 0.3245 0.5323 4.5419 0.7551 -0.0346 0.4769 0.6087 3.1128 0.0392 0.0392 0.3637 0 0
7 192 1987 0 0 0 0 0 1.0005 0 0.4036 -0.1023 0.1576 0.1918 0.8053 0.9842 -0.0088 0.1778 0.2318 2.0721 0.7563 0.0158 0.5242 0.6622 3.1169 -0.0069 0.0069 0.4096 0 0
7 193 2019 0 0 0 0 0 1.0002 0 0.4623 -0.0372 0.1236 0.1436 0.7977 0.989 -0.0957 0.1789 0.2234 1.968 0.8004 -0.112 0.5076 0.631 2.7813 0.0497 0.0497 0.331 0 0
7 194 2003 0 0 0 0 0 1.0005 0 0.8198 -0.0814 0.1585 0.1942 0.9057 0.9916 -0.0535 0.1459 0.214 2.6073 0.7941 -0.0172 0.4672 0.5905 2.8558 -0.0362 0.0362 0.3246 0 0
7 195 1965 0 0 0 0 0 1.0005 0 0.8625 0.0052 0.1486 0.1855 1.1408 0.9806 0.1282 0.2424 0.352 3.6286 0.7639 0.0674 0.5079 0.6541 2.8796 -0.0782 0.0782 0.3622 0 0
7 196 1997 0 0 0 0 0 1.0003 0 0.3578 -0.0426 0.3005 0.3171 0.9704 0.9736 0.0559 0.3207 0.3739 2.4294 0.7664 0.025 0.4995 0.6234 2.9501 0.0017 0.0017 0.3399 0 0
7 197 2000 0 0 0 0 0 1.0004 0 0.1095 -0.1373 0.1961 0.2205 0.7539 0.982 -0.088 0.2483 0.3422 2.4949 0.766 -0.0039 0.4652 0.5954 3.1611 -0.0931 0.0931 0.3737 0 0
7 198 1979 0 0 0 0 0 1.0004 0 0.9296 -0.015 0.1019 0.1176 0.8449 0.9947 -0.0699 0.1468 0.1715 3.2033 0.774 0.0419 0.506 0.6361 2.8953 0.0171 0.0171 0.3679 0 0
7 199 1976 0 0 0 0 0 1.0013 0 0.9879 0.0815 0.0815 0.089 0.8484 0.9947 -0.041 0.1291 0.153 1.9566 0.8389 -0.0289 0.4539 0.5545 2.6641 -0.127 0.127 0.3175 0 0
7 200 1991 0 0 0 0 0 1.0003 0 0.8827 -0.1722 0.1722 0.1972 0.8447 0.9945 -0.2171 0.3101 0.4197 4.2034 0.75 -0.099 0.5315 0.6669 3.1482 -0.0978 0.0978 0.3981 0 0
7 201 2007 0 0 0 0 0 1.0008 0 0.7995 0.014 0.1135 0.1176 0.8165 0.9924 -0.0099 0.1227 0.1476 2.042 0.7443 0.0277 0.524 0.6521 2.8841 -0.1274 0.1274 0.3327 0 0
7 202 2022 0 0 0 0 0 1.001 0 0.5903 0.11 0.1674 0.2187 0.8141 0.9768 -0.129 0.2404 0.3163 2.5644 0.7844 -0.0183 0.5096 0.6458 2.8225 -0.0651 0.0651 0.3253 0 0
7 203 1974 0 0 0 0 0 1.0003 0 0.8641 -0.0373 0.2088 0.2167 1.1566 0.9748 0.0472 0.1772 0.2378 1.9665 0.7974 0.0493 0.4655 0.5733 2.7656 0.029 0.029 0.3219 0 0
7 204 1996 0 0 0 0 0 1.0004 0 0.6348 -0.1034 0.1807 0.2518 0.8915 0.9889 -0.0368 0.1785 0.2499 2.8163 0.8185 0.0089 0.4472 0.5639 2.771 0.0953 0.0953 0.3372 0 0
7 205 2025 0 0 0 0 0 1.0004 0 0.6501 -0.0567 0.0794 0.1596 0.8479 0.9776 -0.1484 0.2531 0.4635 6.0324 0.6814 0.0122 0.5313 0.6898 3.1102 -0.082 0.082 0.4274 0 0
7 206 2053 0 0 0 0 0 1.0003 0 0.9782 -0.0554 0.1199 0.1273 1.0401 0.9967 0.0087 0.1557 0.175 2.1816 0.845 0.0532 0.4234 0.5262 2.7507 0.0201 0.0201 0.3226 0 0
7 207 1997 0 0 0 0 0 1.0004 0 0.9953 -0.0245 0.0399 0.0618 0.8319 0.9898 0.0837 0.1387 0.1724 1.191 0.8104 -0.0303 0.4726 0.584 2.7557 -0.0346 0.0346 0.3317 0 0
7 208 1971 0 0 0 0 0 1.0006 0 0.6932 -0.0309 0.1767 0.2203 1.032 0.9905 0.0611 0.1942 0.3185 3.6296 0.7892 0.0089 0.4631 0.581 2.862 0.1462 0.1462 0.3396 0 0
7 209 2019 0 0 0 0 0 1.0004 0 0.9482 -0.0447 0.0864 0.0952 0.8633 0.981 -0.0381 0.163 0.2067 2.6756 0.7939 -0.0027 0.4716 0.6022 2.7834 -0.0532 0.0532 0.3361 0 0
7 210 1951 0 0 0 0 0 1.0003 0 0.8938 -0.0454 0.1083 0.1427 0.9357 0.9574 0.1752 0.2871 0.4415 4.7933 0.7725 -0.0703 0.5284 0.6635 3.05 0.0324 0.0324 0.4013 0 0
7 211 1976 0 0 0 0 0 1.0004 0 0.4285 0.0669 0.1937 0.2012 0.8747 0.9892 0.0527 0.1824 0.2326 1.9548 0.7963 0.0739 0.5245 0.6496 2.7871 -0.0396 0.0396 0.3231 0 0
7 212 2015 0 0 0 0 0 1.0004 0 0.8576 -0.0342 0.1384 0.1657 0.9374 0.994 0.0082 0.1149 0.1336 1.9328 0.8494 -0.0029 0.4429 0.5611 2.6454 0.0467 0.0467 0.296 0 0
7 213 1994 0 0 0 0 0 1.0002 0 0.2717 -0.0796 0.2177 0.2372 0.8876 0.9687 0.3235 0.3533 0.5011 3.8969 0.7488 -0.0088 0.5079 0.6343 2.9959 -0.129 0.129 0.3669 0 0
7 214 1994 0 0 0 0 0 1.0004 0 0.9369 -0.038 0.1021 0.1183 0.8772 0.9968 -0.1248 0.1386 0.1586 1.7186 0.8202 -0.0455 0.4376 0.5569 2.7624 0.0211 0.0211 0.3337 0 0
7 215 1979 0 0 0 0 0 1.0005 0 0.4854 -0.1453 0.1802 0.2298 0.8735 0.9686 -0.0836 0.2621 0.4115 3.1452 0.7723 -0.0546 0.4768 0.6005 3.0441 0.1219 0.1219 0.3724 0 0
7 216 1988 0 0 0 0 0 1.0006 0 0.9795 0.0349 0.0557 0.0745 0.9558 0.9963 0.029 0.0805 0.1072 2.1597 0.7995 0.0327 0.4798 0.618 2.7176 -0.0729 0.0729 0.3338 0 0
7 217 2015 0 0 0 0 0 1.0003 0 0.7575 -0.1206 0.149 0.1942 0.935 0.9771 0.0432 0.233 0.3518 3.6641 0.7333 0.0293 0.5171 0.6501 3.2288 0.0421 0.0421 0.3753 0 0
7 218 1994 0 0 0 0 0 1.0003 0 0.9168 0.0583 0.1011 0.1382 0.8679 0.9939 0.0667 0.1123 0.1481 1.8544 0.7663 -0.0363 0.5368 0.6738 2.8393 0.0111 0.0111 0.3363 0 0
7 219 2001 0 0 0 0 0 1.0002 0 0.7401 0.0074 0.1312 0.1537 0.8407 0.9838 -0.0711 0.1981 0.2717 2.4725 0.7872 -0.0114 0.501 0.6144 2.8683 -2e-04 2e-04 0.3569 0 0
7 220 1989 0 0 0 0 0 1.0002 0 0.6396 -0.0846 0.1327 0.1674 0.7771 0.9936 0.1526 0.2423 0.3242 3.695 0.7279 0.0688 0.5003 0.6352 3.1465 -0.0275 0.0275 0.3922 0 0
7 221 1957 0 0 0 0 0 1.0006 0 0.7122 -0.012 0.1955 0.2519 1.1471 0.9882 -0.0101 0.2192 0.2815 4.0221 0.7869 -0.1048 0.5277 0.6515 2.8858 0.0821 0.0821 0.3338 0 0
7 222 1962 0 0 0 0 0 1.0003 0 0.948 -0.0759 0.1086 0.1235 0.8118 0.9966 0.0262 0.1491 0.1934 5.375 0.7888 0.1045 0.4677 0.6116 2.9382 0.1257 0.1257 0.3671 0 0
7 223 1964 0 0 0 0 0 1.0003 0 0.8112 0.0351 0.1126 0.128 0.8805 0.9969 0.1304 0.1579 0.19 2.8555 0.8045 0.1019 0.4653 0.5899 2.843 0.0252 0.0252 0.3286 0 0
7 224 1996 0 0 0 0 0 1.0003 0 0.2158 -0.1332 0.1947 0.2128 0.8517 0.9804 0.1105 0.3235 0.4153 3.5391 0.7492 0.073 0.5148 0.6349 3.0856 0.1766 0.1766 0.3857 0 0
7 225 1972 0 0 0 0 0 1.0004 0 0.905 -0.049 0.1345 0.1614 1.1101 0.9895 0.0509 0.1511 0.2476 2.7618 0.8102 -0.0361 0.4675 0.5886 2.767 0.1217 0.1217 0.3214 0 0
7 226 2010 0 0 0 0 0 1.0002 0 0.3851 0.1288 0.2049 0.2468 0.8333 0.9836 -0.0476 0.1714 0.2211 1.2455 0.8177 1e-04 0.4525 0.5744 2.6939 0.1548 0.1548 0.3239 0 0
7 227 1973 0 0 0 0 0 1.0002 0 0.7938 0.056 0.1296 0.1893 1.0574 0.9855 -0.1489 0.191 0.2636 2.3037 0.7947 -0.0718 0.4869 0.6056 2.7263 0.0619 0.0619 0.3214 0 0
7 228 2015 0 0 0 0 0 1.0002 0 0.9097 0.1397 0.1397 0.1728 0.8361 0.9895 0.0211 0.1556 0.1859 1.2118 0.8453 -0.0114 0.4387 0.5566 2.529 0.1157 0.1157 0.2797 0 0
7 229 2024 0 0 0 0 0 1.0003 0 0.689 0.0394 0.1458 0.1775 0.8454 0.9819 -0.04 0.2089 0.3048 2.4098 0.7926 -0.0069 0.4807 0.6039 2.754 -0.0877 0.0877 0.3163 0 0
7 230 2049 0 0 0 0 0 1.0006 0 0.7444 -0.0966 0.1189 0.1598 0.8558 0.9895 0.0864 0.2089 0.3032 2.8478 0.7521 0.0123 0.5052 0.6232 3.0195 0.1073 0.1073 0.3548 0 0
7 231 1995 0 0 0 0 0 1.0002 0 0.8436 0.0603 0.089 0.1063 0.7789 0.9938 0.153 0.1587 0.1943 1.1856 0.8222 0.1058 0.4426 0.5648 2.7478 0.0825 0.0825 0.3182 0 0
7 232 1978 0 0 0 0 0 1.0005 0 0.7212 -0.0483 0.2012 0.2535 1.3015 0.9864 2e-04 0.2247 0.2775 2.394 0.7467 0.0383 0.5416 0.6891 2.9444 0.0516 0.0516 0.3917 0 0
7 233 2013 0 0 0 0 0 1.0004 0 0.5916 -0.0264 0.182 0.225 0.93 0.9865 0.0298 0.1882 0.2618 2.312 0.8196 -0.0401 0.4599 0.5732 2.6651 0.0051 0.0051 0.3217 0 0
7 234 2030 0 0 0 0 0 1.0003 0 0.2865 0.0708 0.2227 0.2433 0.9287 0.9623 -0.0224 0.2722 0.372 3.0569 0.8178 -0.0111 0.4804 0.6275 2.8513 -0.0105 0.0105 0.329 0 0
7 235 1991 0 0 0 0 0 1.0005 0 0.6482 0.0101 0.1419 0.1828 0.8752 0.9706 -0.1232 0.2405 0.344 2.6065 0.8104 -0.0838 0.4734 0.6012 2.6942 0.0107 0.0107 0.312 0 0
7 236 1961 0 0 0 0 0 1.0004 0 0.5112 0.0051 0.1433 0.1721 0.8841 0.9708 0.0077 0.2158 0.2849 3.6224 0.661 0.0185 0.5869 0.7295 3.1942 0.0613 0.0613 0.4401 0 0
7 237 2015 0 0 0 0 0 1.0003 0 0.8971 0.048 0.1569 0.2417 1.0238 0.9951 0.0378 0.1085 0.1434 1.1998 0.8847 9e-04 0.4049 0.5198 2.4587 -0.0477 0.0477 0.2796 0 0
7 238 1976 0 0 0 0 0 1.0003 0 0.3888 -0.0213 0.2027 0.2344 0.8201 0.9924 -0.0665 0.1556 0.2014 2.0973 0.8376 -0.0615 0.4676 0.5883 2.7372 0.075 0.075 0.3143 0 0
7 239 1983 0 0 0 0 0 1.0003 0 0.3358 0.0203 0.1851 0.2117 0.8349 0.9631 -0.0839 0.2819 0.356 2.0268 0.76 0.0026 0.498 0.6379 2.9417 0.1243 0.1243 0.3707 0 0
7 240 2015 0 0 0 0 0 1.0004 0 0.8073 -0.0073 0.1391 0.1532 0.884 0.9865 0.0934 0.1643 0.1941 1.5261 0.8183 0.0456 0.486 0.6091 2.6764 0.0727 0.0727 0.3379 0 0
7 241 2005 0 0 0 0 0 1.0007 0 0.6566 0.0647 0.131 0.1714 0.8035 0.9933 0.0545 0.121 0.1481 1.5912 0.7803 0.0438 0.4855 0.6094 2.7603 -0.0508 0.0508 0.3153 0 0
7 242 1993 0 0 0 0 0 1.0001 0 0.8608 -0.0105 0.0669 0.0862 0.8407 0.9886 0.0459 0.133 0.1534 1.3653 0.7884 0.0298 0.4789 0.6185 2.8079 0.04 0.04 0.3615 0 0
7 243 2026 0 0 0 0 0 1.0009 0 0.8739 -0.0913 0.121 0.187 0.8977 0.9954 -0.0473 0.2013 0.2427 2.0921 0.7732 -0.0552 0.4917 0.6239 2.8293 -0.0628 0.0628 0.3163 0 0
7 244 1988 0 0 0 0 0 1.0003 0 0.9067 0.1392 0.1674 0.2051 1.0715 0.992 -0.0678 0.1376 0.1739 1.6449 0.8111 -0.0304 0.4878 0.6199 2.7475 -0.0178 0.0178 0.3039 0 0
7 245 2013 0 0 0 0 0 1.0003 0 0.7461 -0.0038 0.1536 0.2092 0.9161 0.9726 -0.0096 0.1924 0.2542 1.7501 0.7774 -0.0723 0.4793 0.6177 2.7663 0.0214 0.0214 0.3217 0 0
7 246 1992 0 0 0 0 0 1.0004 0 0.7737 -0.0391 0.1328 0.1665 0.857 0.9865 0.0606 0.1682 0.2555 2.891 0.7601 -0.0053 0.5152 0.6571 2.987 -0.1268 0.1268 0.3452 0 0
7 247 2000 0 0 0 0 0 1.0005 0 0.9227 0.0264 0.1214 0.1438 0.9041 0.9895 -0.0546 0.123 0.1857 2.1375 0.8461 0.0126 0.4381 0.5505 2.6432 -0.1154 0.1154 0.2886 0 0
7 248 1994 0 0 0 0 0 1.0008 0 0.2694 -0.0589 0.1973 0.2391 1.0354 0.9905 0.0038 0.1497 0.2039 2.5286 0.7714 0.0424 0.4922 0.6158 2.9388 -0.1184 0.1184 0.3582 0 0
7 249 2033 0 0 0 0 0 1.0005 0 0.7792 -0.035 0.1539 0.193 0.9462 0.9821 0.0404 0.2312 0.2825 2.6995 0.7791 0.1124 0.507 0.6421 2.9163 0.0085 0.0085 0.3315 0 0
7 250 2017 0 0 0 0 0 1.0003 0 0.411 0.1379 0.2034 0.2733 0.8189 0.98 0.0644 0.1628 0.2397 1.1999 0.8518 0.0756 0.4374 0.564 2.5255 -0.0657 0.0657 0.2874 0 0
7 251 1992 0 0 0 0 0 1.0009 0 0.8307 -0.1004 0.1943 0.2233 0.8138 0.9932 -0.0816 0.1458 0.1766 1.2851 0.8475 -0.0346 0.4131 0.5296 2.5796 0.0516 0.0516 0.2958 0 0
7 252 2008 0 0 0 0 0 1.0003 0 0.868 -0.0614 0.1314 0.1416 0.8409 0.993 0.1167 0.1567 0.2269 3.0096 0.816 0.0375 0.4396 0.5589 2.86 -0.0766 0.0766 0.342 0 0
7 253 2007 0 0 0 0 0 1.0004 0 0.4599 -0.0521 0.1498 0.1922 0.883 0.9829 -0.0852 0.2321 0.2937 2.4878 0.7941 -0.0465 0.4716 0.5807 3.0604 0.0924 0.0924 0.352 0 0
7 254 2048 0 0 0 0 0 1.0006 0 0.9676 -0.1979 0.2176 0.2381 0.9723 0.9953 0.0063 0.1908 0.2846 2.7599 0.8414 -0.014 0.3948 0.5077 2.7238 0.0632 0.0632 0.3184 0 0
7 255 1963 0 0 0 0 0 1.0004 0 0.5755 -0.0049 0.1439 0.1823 0.8208 0.9931 -0.2177 0.2584 0.2881 2.855 0.7223 -0.0949 0.5892 0.7275 3.19 -0.1752 0.1752 0.3833 0 0
7 256 2001 0 0 0 0 0 1.0004 0 0.6254 -0.1473 0.1728 0.1953 0.8756 0.9709 -0.0597 0.3849 0.5391 5.503 0.7101 0.0384 0.5513 0.6887 3.2122 0.1363 0.1363 0.459 0 0
7 257 1977 0 0 0 0 0 1.0007 0 0.9615 0.071 0.1335 0.1539 0.9673 0.9875 -0.1248 0.1967 0.2377 3.0892 0.795 -0.0359 0.5326 0.6533 2.8526 -0.0081 0.0081 0.3179 0 0
7 258 2059 0 0 0 0 0 1.0006 0 0.8651 -0.1243 0.1411 0.2006 0.9666 0.9876 -0.1271 0.2211 0.287 1.9597 0.8372 0.0118 0.4359 0.5421 2.6861 0.169 0.169 0.3077 0 0
7 259 2019 0 0 0 0 0 1.0002 0 0.9073 -0.0571 0.1324 0.16 0.9638 0.9795 0.082 0.1832 0.3333 3.0422 0.8017 -0.0465 0.457 0.5906 2.9154 0.0283 0.0283 0.3339 0 0
7 260 2001 0 0 0 0 0 1.0004 0 0.4802 0.0397 0.1736 0.1943 0.8653 0.978 0.0418 0.1701 0.1977 2.1214 0.7496 -0.0023 0.5119 0.6539 2.9426 0.095 0.095 0.3369 0 0
7 261 1987 0 0 0 0 0 1.0009 0 0.6973 0.0776 0.1427 0.1599 1.0005 0.9756 -0.0587 0.2477 0.3037 2.5336 0.7817 -0.057 0.5423 0.6686 2.8678 0.0922 0.0922 0.3353 0 0
7 262 2030 0 0 0 0 0 1.0003 0 0.96 -0.1182 0.1453 0.1532 0.8783 0.9607 -0.2429 0.3299 0.5368 5.4382 0.7793 -0.0253 0.4812 0.5973 2.9838 -0.0695 0.0695 0.3341 0 0
7 263 1970 0 0 0 0 0 1.0008 0 0.767 -0.1109 0.1688 0.2098 1.1202 0.9872 -0.339 0.5149 0.7688 8.8489 0.7115 -0.0707 0.5726 0.7231 3.1983 -0.0459 0.0459 0.4231 0 0
7 264 1988 0 0 0 0 0 1.0004 0 -0.1801 0.0653 0.1289 0.175 0.784 0.9824 -0.0592 0.2017 0.2916 1.8083 0.796 -0.046 0.5436 0.6717 2.7575 0.0121 0.0121 0.3109 0 0
7 265 2009 0 0 0 0 0 1.0002 0 0.8942 0.0457 0.101 0.1199 0.9155 0.9936 0.0355 0.12 0.142 1.7367 0.7982 0.0301 0.4782 0.6061 2.7181 -0.0384 0.0384 0.3131 0 0
7 266 1955 0 0 0 0 0 1.0007 0 0.7732 -0.0886 0.1365 0.2078 1.0744 0.9713 -0.1483 0.3058 0.4572 5.4682 0.7762 -5e-04 0.4803 0.6097 3.0101 0.0434 0.0434 0.3644 0 0
7 267 1979 0 0 0 0 0 1.0003 0 0.6203 -0.0771 0.1078 0.1811 0.9013 0.9844 0.0598 0.1388 0.3091 3.47 0.8087 0.0359 0.4463 0.5683 2.8746 -0.0473 0.0473 0.3474 0 0
7 268 2015 0 0 0 0 0 1.0002 0 0.596 0.0125 0.2184 0.2753 1.118 0.9906 -0.0975 0.1798 0.2542 2.9312 0.8117 -0.0207 0.4282 0.5379 2.7366 -0.0263 0.0263 0.3178 0 0
7 269 2006 0 0 0 0 0 1.0011 0 0.9044 0.0606 0.1365 0.2451 1.4846 0.9904 0.0161 0.1707 0.2072 2.1602 0.7624 -0.0228 0.5387 0.6847 2.8278 -0.0299 0.0299 0.3477 0 0
7 270 1997 0 0 0 0 0 1.0007 0 0.9042 0.0097 0.1379 0.1612 0.9842 0.9914 -0.1895 0.1953 0.2512 1.505 0.8347 -0.0861 0.4659 0.585 2.6168 0.0186 0.0186 0.3118 0 0
7 271 1990 0 0 0 0 0 1.0006 0 0.5522 -0.021 0.1064 0.1436 0.8674 0.9802 0.1652 0.2516 0.3478 2.108 0.7643 0.0712 0.5234 0.6475 2.9495 -0.0081 0.0081 0.3894 0 0
7 272 1984 0 0 0 0 0 1.0003 0 0.8181 -0.0909 0.1389 0.2088 0.9771 0.9885 -0.0136 0.138 0.1694 1.3738 0.815 0.0374 0.473 0.582 2.9283 -0.1298 0.1298 0.3416 0 0
7 273 2008 0 0 0 0 0 1.0003 0 0.4293 -0.0878 0.163 0.1703 0.8166 0.9934 -0.2335 0.3157 0.3931 5.24 0.7593 -0.0673 0.506 0.6476 3.1067 -0.0227 0.0227 0.3826 0 0
7 274 1957 0 0 0 0 0 1.0004 0 0.4985 0.0432 0.1848 0.2208 0.9111 0.9815 0.1335 0.2497 0.3187 1.7865 0.767 0.0889 0.5184 0.6719 2.8575 -0.0728 0.0728 0.3341 0 0
7 275 1976 0 0 0 0 0 1.0004 0 0.9197 0.0498 0.1255 0.1476 0.7862 0.9891 -0.0442 0.2051 0.257 1.6414 0.7925 0.0299 0.4962 0.6164 2.7818 -0.0094 0.0094 0.3348 0 0
7 276 1987 0 0 0 0 0 1.0003 0 0.6828 0.0295 0.1076 0.1415 0.8485 0.9924 0.0816 0.1742 0.2124 3.1422 0.7937 0.0218 0.481 0.5942 2.8321 -0.1505 0.1505 0.3191 0 0
7 277 1999 0 0 0 0 0 1.0003 0 0.7571 -0.1949 0.2788 0.3147 0.8972 0.9711 0.0881 0.3044 0.4997 6.5848 0.7936 0.0494 0.4527 0.5891 3.0187 0.1145 0.1145 0.361 0 0
7 278 1968 0 0 0 0 0 1.0004 0 0.9211 -0.0491 0.1459 0.1659 0.9018 0.9911 0.0149 0.1114 0.1674 1.9911 0.8116 0.0268 0.5009 0.6292 2.845 -0.0227 0.0227 0.3282 0 0
7 279 2030 0 0 0 0 0 1.0002 0 0.8328 -0.1321 0.1346 0.1846 0.8702 0.9821 0.0322 0.2341 0.3051 1.8722 0.7701 0.0473 0.4666 0.5761 2.8938 0.0318 0.0318 0.3611 0 0
7 280 2013 0 0 0 0 0 1.0005 0 0.9828 -0.0306 0.0432 0.0637 0.9099 0.9974 0.1189 0.1219 0.1406 2.6007 0.8326 0.0654 0.4632 0.5737 2.8474 0.006 0.006 0.3343 0 0
7 281 2020 0 0 0 0 0 1.0004 0 0.949 -0.0652 0.0773 0.0927 0.7953 0.9936 0.0526 0.1586 0.2134 2.2723 0.8157 0.049 0.4466 0.567 2.8286 0.0248 0.0248 0.3319 0 0
7 282 2031 0 0 0 0 0 1.0004 0 0.8572 0.0393 0.1107 0.1289 0.9317 0.9892 -0.0748 0.1399 0.1857 2.4407 0.7793 -0.0914 0.4934 0.625 2.8915 0.0337 0.0337 0.3266 0 0
7 283 1965 0 0 0 0 0 1.0004 0 0.2237 -0.0021 0.2835 0.3027 0.8162 0.9787 0.0757 0.2254 0.2803 2.4477 0.7587 -0.0456 0.5006 0.6233 2.9103 -0.0022 0.0022 0.3716 0 0
7 284 2003 0 0 0 0 0 1.0002 0 0.647 -0.1191 0.1488 0.1892 0.7844 0.9837 -0.0302 0.1822 0.2604 1.8798 0.7637 0.1182 0.5059 0.6374 2.988 -0.0282 0.0282 0.3461 0 0
7 285 2000 0 0 0 0 0 1.0002 0 0.4094 -0.0124 0.1282 0.1396 0.8133 0.9917 -0.0771 0.154 0.1738 1.6031 0.8179 -0.0368 0.4492 0.5681 2.6631 -0.0045 0.0045 0.3012 0 0
7 286 1989 0 0 0 0 0 1.0003 0 0.429 0.0319 0.1508 0.1974 0.8056 0.9908 0.0101 0.1169 0.1644 1.7121 0.7894 -0.0221 0.549 0.6734 2.8905 0.1715 0.1715 0.3293 0 0
7 287 1984 0 0 0 0 0 1.0005 0 0.882 0.0866 0.1406 0.1881 0.9484 0.9872 -0.1706 0.193 0.242 2.1166 0.8385 -0.0435 0.4416 0.5613 2.6607 0.0666 0.0666 0.3053 0 0
7 288 2003 0 0 0 0 0 1.0004 0 0.8629 0.0177 0.0994 0.1146 0.7753 0.9943 0.027 0.1031 0.1228 1.1858 0.8195 0.0327 0.4363 0.5457 2.5815 0.0844 0.0844 0.2994 0 0
7 289 1982 0 0 0 0 0 1.0008 0 0.6097 0.0364 0.1584 0.2033 0.9024 0.9839 0.0489 0.1391 0.1742 1.6671 0.8003 0.0537 0.4795 0.6111 2.7566 0.0139 0.0139 0.3298 0 0
7 290 1985 0 0 0 0 0 1.0005 0 -0.0818 -0.0756 0.2354 0.2923 0.8446 0.9495 -0.4203 0.5916 1.1018 10.1564 0.724 -0.0537 0.5146 0.6591 3.1308 0.1366 0.1366 0.3824 0 0
7 291 2061 0 0 0 0 0 1.0004 0 0.6455 -0.1439 0.2085 0.2291 0.8154 0.9924 -0.0218 0.2907 0.4209 2.7057 0.772 0.0204 0.4728 0.5976 2.8474 0.0075 0.0075 0.3485 0 0
7 292 2012 0 0 0 0 0 1.0002 0 0.8307 -0.1159 0.1658 0.192 0.8013 0.9825 -0.0791 0.2568 0.3768 3.5931 0.8309 0.0811 0.4763 0.5839 2.7718 0.1557 0.1557 0.3367 0 0
7 293 2002 0 0 0 0 0 1.0004 0 0.8189 -0.0316 0.1353 0.1655 0.8244 0.9863 -0.128 0.2025 0.2496 3.1881 0.7978 0.0515 0.4771 0.602 3.0554 0.0523 0.0523 0.3744 0 0
7 294 1972 0 0 0 0 0 1.0004 0 0.9729 0.0137 0.055 0.0779 0.9656 0.9931 -0.0636 0.1297 0.1547 1.6779 0.8401 -0.0675 0.4449 0.5659 2.711 0.0011 0.0011 0.3086 0 0
7 295 1992 0 0 0 0 0 1.0003 0 0.9507 -0.167 0.187 0.2648 0.8542 0.987 -0.0739 0.1852 0.2292 2.3543 0.8639 -0.1149 0.4116 0.5197 2.8132 -0.1048 0.1048 0.3179 0 0
7 296 2010 0 0 0 0 0 1.0004 0 0.7869 0.0507 0.201 0.2113 0.9638 0.9878 -0.1197 0.1896 0.2391 2.1463 0.8186 -0.0217 0.4753 0.5861 2.7656 0.0638 0.0638 0.2986 0 0
7 297 1971 0 0 0 0 0 1.0001 0 0.1068 0.0554 0.2388 0.2578 0.8654 0.9691 0.0632 0.3289 0.4114 3.9785 0.7426 -0.107 0.5472 0.6808 2.9372 0.1243 0.1243 0.3692 0 0
7 298 1970 0 0 0 0 0 1.0003 0 0.3739 -0.0543 0.189 0.2374 0.991 0.9862 0.2794 0.3345 0.4084 3.8325 0.7743 0.1717 0.5559 0.6817 3.1319 -0.032 0.032 0.3926 0 0
7 299 1964 0 0 0 0 0 1.0007 0 0.9243 0.0424 0.0996 0.1087 0.9231 0.9868 -0.0899 0.1391 0.2062 2.1011 0.7756 -0.0332 0.5155 0.6383 2.8873 -0.0638 0.0638 0.3452 0 0
7 300 2001 0 0 0 0 0 1.0006 0 0.877 -0.0346 0.1081 0.1372 0.9178 0.989 -0.142 0.2301 0.3454 4.0946 0.7859 0.0214 0.4806 0.6076 2.9276 -0.0363 0.0363 0.3424 0 0
7 301 1996 0 0 0 0 0 1.0002 0 0.7413 0.0549 0.1172 0.1281 0.7694 0.9742 -0.1076 0.1891 0.2321 1.9851 0.7329 0.0215 0.5139 0.6421 2.9183 -0.0787 0.0787 0.3691 0 0
7 302 1968 0 0 0 0 0 1.0002 0 0.6482 -0.0613 0.1128 0.1305 0.7922 0.9931 -0.0395 0.1138 0.1583 2.548 0.7797 -0.0063 0.4962 0.6304 2.8712 0.0631 0.0631 0.3521 0 0
7 303 2033 0 0 0 0 0 1.0004 0 0.8103 0.0103 0.1257 0.176 0.8737 0.9924 0.1102 0.1323 0.173 1.2216 0.8553 0.0753 0.3971 0.5177 2.5405 0.0059 0.0059 0.2933 0 0
7 304 2026 0 0 0 0 0 1.0008 0 0.8467 -0.0486 0.1439 0.1719 0.9048 0.9894 -0.0716 0.2054 0.2761 3.0752 0.785 0.0046 0.5162 0.6463 3.0687 0.1169 0.1169 0.3453 0 0
7 305 2018 0 0 0 0 0 1.0001 0 0.7912 -0.08 0.1738 0.2412 1.0052 0.9809 0.0173 0.2057 0.2774 2.0204 0.7829 0.1369 0.4788 0.5981 2.8391 -0.0181 0.0181 0.3476 0 0
7 306 2018 0 0 0 0 0 1.0004 0 0.9216 0.073 0.1155 0.1612 0.992 0.9852 -0.074 0.155 0.1903 1.246 0.8567 -0.0495 0.4408 0.556 2.7018 -0.0369 0.0369 0.3115 0 0
7 307 1966 0 0 0 0 0 1.0006 0 0.6086 0.0681 0.1399 0.1588 0.8482 0.9789 -0.0052 0.1301 0.1857 2.0973 0.7499 -0.0061 0.5306 0.6628 2.8465 -0.0243 0.0243 0.3534 0 0
7 308 1986 0 0 0 0 0 1.0001 0 0.8551 -0.0171 0.0767 0.1034 0.7674 0.9954 -0.0868 0.1247 0.153 2.3205 0.8027 -0.0436 0.4706 0.5778 2.8059 -0.0957 0.0957 0.3279 0 0
7 309 1968 0 0 0 0 0 1.0005 0 0.9569 -0.1282 0.1282 0.1851 1.1851 0.9942 0.2738 0.3143 0.5328 6.5149 0.8399 -0.025 0.4406 0.5535 2.8095 0.0233 0.0233 0.3242 0 0
7 310 1964 0 0 0 0 0 1.0006 0 0.9526 -0.0965 0.1885 0.2228 1.3027 0.9873 0.1104 0.2306 0.3368 3.8777 0.7384 -0.029 0.5228 0.6537 2.9487 -0.1226 0.1226 0.3404 0 0
7 311 1997 0 0 0 0 0 1.0004 0 0.995 0.0086 0.1203 0.1602 1.3547 0.9967 0.0824 0.0961 0.1207 1.6864 0.8516 0.0838 0.4196 0.5292 2.5506 -0.0377 0.0377 0.2976 0 0
7 312 1984 0 0 0 0 0 1.0005 0 0.5031 -0.1508 0.2447 0.2634 1.0228 0.9797 -0.2402 0.3461 0.4676 3.7416 0.7141 -0.0178 0.5162 0.6619 3.1394 -0.1374 0.1374 0.3967 0 0
7 313 1998 0 0 0 0 0 1.0006 0 0.6531 -0.1083 0.1289 0.1703 0.7596 0.9964 0.0258 0.1386 0.1803 2.1335 0.8083 -0.0055 0.4381 0.5506 2.9146 -0.0348 0.0348 0.3809 0 0
7 314 1968 0 0 0 0 0 1.0005 0 0.4836 -0.0601 0.2186 0.2453 0.8872 0.9792 0.2788 0.3197 0.4995 4.4104 0.8206 0.0232 0.4944 0.6216 2.8924 -0.035 0.035 0.3508 0 0
7 315 2030 0 0 0 0 0 1.0002 0 0.6766 0.0128 0.1365 0.1441 0.8247 0.9839 0.0621 0.1779 0.2101 1.8108 0.7723 0.0699 0.4998 0.6311 2.7378 -0.026 0.026 0.3273 0 0
7 316 1962 0 0 0 0 0 1.0004 0 0.5377 0.0765 0.2853 0.3282 1.0183 0.9572 -0.2026 0.2753 0.5417 6.8279 0.811 -0.0511 0.4955 0.6341 2.7615 -0.1348 0.1348 0.3118 0 0
7 317 1976 0 0 0 0 0 1.0007 0 0.8322 0.0218 0.158 0.1967 0.9976 0.9509 -0.3293 0.3917 0.6981 7.5549 0.7625 -0.0035 0.5447 0.6904 3.1163 -0.1717 0.1717 0.3533 0 0
7 318 2032 0 0 0 0 0 1.0004 0 0.5491 -0.0656 0.1589 0.2009 0.9214 0.9862 0.017 0.2016 0.2612 2.5073 0.8174 0.0092 0.4249 0.5672 2.8417 -0.1705 0.1705 0.3059 0 0
7 319 1995 0 0 0 0 0 1.0006 0 0.8554 -0.0131 0.1296 0.1526 0.9109 0.988 0.047 0.1437 0.2181 2.6284 0.8132 -0.031 0.4762 0.6153 2.8039 -0.0206 0.0206 0.3176 0 0
7 320 1963 0 0 0 0 0 1.0006 0 0.7672 -0.0839 0.1463 0.1766 1.0663 0.9917 -0.0428 0.2029 0.2951 3.2415 0.7422 -0.0058 0.5051 0.6421 3.1246 0.0497 0.0497 0.3683 0 0
7 321 1991 0 0 0 0 0 1.0007 0 0.4393 0.0086 0.2439 0.2675 0.9871 0.9829 -0.3225 0.3413 0.5284 4.5668 0.7997 -0.0257 0.479 0.6096 2.9247 0.0062 0.0062 0.3269 0 0
7 322 2009 0 0 0 0 0 1.0007 0 0.922 -0.0813 0.1311 0.1444 1.0501 0.989 -0.0981 0.2003 0.2785 3.3052 0.7584 -0.0029 0.5316 0.6559 2.9274 0.0401 0.0401 0.3565 0 0
7 323 2003 0 0 0 0 0 1.0003 0 0.6187 -0.0068 0.1424 0.157 0.7775 0.9822 -0.1619 0.2192 0.2877 2.6247 0.8147 -0.1222 0.4763 0.6122 2.7732 -0.0469 0.0469 0.3189 0 0
7 324 1972 0 0 0 0 0 1.0006 0 0.9345 -0.0729 0.1067 0.1194 0.9634 0.9928 0.1218 0.1925 0.2464 3.11 0.7092 0.0433 0.5469 0.6867 3.0445 -0.0706 0.0706 0.361 0 0
7 325 2034 0 0 0 0 0 1.0004 0 0.592 0.0676 0.2421 0.308 1.0881 0.9803 0.1106 0.2216 0.2937 2.5769 0.7484 0.0398 0.5341 0.6628 2.8381 -0.0641 0.0641 0.3389 0 0
7 326 1967 0 0 0 0 0 1.0004 0 0.9659 -0.1037 0.1261 0.1929 0.988 0.997 -0.0647 0.0958 0.1262 1.7996 0.8197 0.0295 0.4694 0.5883 2.9708 -0.0186 0.0186 0.3547 0 0
7 327 2020 0 0 0 0 0 1.0005 0 0.5428 0.0044 0.13 0.1603 0.8073 0.9783 -0.0203 0.209 0.271 3.2476 0.7789 -0.0293 0.501 0.6152 2.8037 -0.0903 0.0903 0.3249 0 0
7 328 2004 0 0 0 0 0 1.0006 0 0.905 -0.0733 0.2201 0.2402 1.1357 0.9903 -0.109 0.2853 0.4282 4.1016 0.8393 -0.0083 0.4419 0.5612 2.7419 0.1221 0.1221 0.3133 0 0
7 329 2005 0 0 0 0 0 1.0004 0 0.7986 -0.2045 0.2363 0.2491 0.8909 0.991 0.0499 0.2372 0.3109 2.5918 0.8022 0.1144 0.4552 0.5739 2.91 0.028 0.028 0.3262 0 0
7 330 2002 0 0 0 0 0 1.0003 0 0.8191 -0.0369 0.1319 0.1474 0.9137 0.9828 0.0245 0.2082 0.267 2.6045 0.7813 0.0557 0.4828 0.6208 2.9354 -0.1032 0.1032 0.3735 0 0
7 331 1963 0 0 0 0 0 1.0004 0 0.8292 0.0763 0.1168 0.1406 0.8219 0.9931 0.0201 0.0894 0.1263 2.3976 0.7744 -0.0303 0.5067 0.6278 2.8273 -0.0052 0.0052 0.3427 0 0
7 332 2047 0 0 0 0 0 1.0003 0 0.2961 0.0155 0.1664 0.1889 0.8138 0.9901 -0.0211 0.1372 0.1688 2.1536 0.7954 -0.0255 0.4787 0.5991 2.707 0.0326 0.0326 0.3283 0 0
7 333 2012 0 0 0 0 0 1.0002 0 0.602 -0.0435 0.2188 0.3083 0.9716 0.982 0.2362 0.3456 0.4829 5.1579 0.7909 0.1152 0.4868 0.6074 2.8811 0.1026 0.1026 0.3271 0 0
7 334 2000 0 0 0 0 0 1.0006 0 0.8087 -0.0468 0.0689 0.1085 0.7503 0.9922 -0.0581 0.1148 0.1504 1.481 0.8338 -0.0161 0.4731 0.581 2.7405 0.1282 0.1282 0.3157 0 0
7 335 1977 0 0 0 0 0 1.0003 0 0.904 0.0248 0.0934 0.1236 0.9495 0.9877 -0.015 0.1665 0.2014 2.6234 0.7483 -0.0035 0.5542 0.6896 2.9586 -0.0979 0.0979 0.3841 0 0
7 336 1979 0 0 0 0 0 1.0003 0 0.6784 0.134 0.2425 0.3169 0.8241 0.972 0.2496 0.3104 0.4337 3.5259 0.8258 0.1299 0.4955 0.6052 2.6155 0.0268 0.0268 0.2926 0 0
7 337 1993 0 0 0 0 0 1.0006 0 0.2048 0.0809 0.1595 0.1811 0.8035 0.9892 0.1947 0.2432 0.2828 2.8411 0.7692 0.1138 0.5538 0.6888 2.8807 0.0971 0.0971 0.3435 0 0
7 338 1957 0 0 0 0 0 1.0002 0 0.9577 0.002 0.0927 0.1137 1.0971 0.9949 -0.077 0.1503 0.1846 2.7221 0.7841 -0.085 0.4787 0.6213 2.8404 -0.1281 0.1281 0.3495 0 0
7 339 1974 0 0 0 0 0 1.0002 0 0.9088 -0.0156 0.0755 0.0883 0.8513 0.9913 -0.072 0.117 0.1535 1.6511 0.7688 -0.0107 0.4971 0.6261 2.802 -0.088 0.088 0.3359 0 0
7 340 1944 0 0 0 0 0 1.0005 0 0.8794 0.0961 0.1383 0.187 0.9536 0.9915 -0.0505 0.1368 0.1807 4.3244 0.7771 0.0146 0.498 0.6321 2.72 -0.0308 0.0308 0.3255 0 0
7 341 2012 0 0 0 0 0 1.0006 0 0.9764 0.0797 0.1098 0.1133 0.9205 0.9884 0.0924 0.1444 0.1827 2.3252 0.8137 0.0913 0.4839 0.6087 2.7289 -0.0062 0.0062 0.3202 0 0
7 342 2046 0 0 0 0 0 1.001 0 0.9625 0.0746 0.1247 0.1674 1.1941 0.9948 0.085 0.1172 0.1395 1.7592 0.8051 0.079 0.4901 0.6256 2.6747 -0.1248 0.1248 0.2967 0 0
7 343 1996 0 0 0 0 0 1.0002 0 0.8277 -0.0072 0.1338 0.1624 0.869 0.9852 0.1114 0.2288 0.292 2.5566 0.7717 0.0469 0.5374 0.6585 2.9069 -0.0488 0.0488 0.3355 0 0
7 344 1993 0 0 0 0 0 1.0006 0 0.8938 -0.0477 0.131 0.1612 1.0543 0.9924 -0.0058 0.135 0.1758 2.2368 0.8232 0.0763 0.4602 0.5634 2.6578 0.0334 0.0334 0.2967 0 0
7 345 1977 0 0 0 0 0 1.0002 0 0.5095 -0.067 0.1238 0.1407 0.8027 0.9761 -0.1337 0.3449 0.424 4.2592 0.67 -0.1044 0.5276 0.6725 3.2436 0.0471 0.0471 0.4754 0 0
7 346 2015 0 0 0 0 0 1.0008 0 0.7339 -0.0557 0.1403 0.1712 0.812 0.9911 0.0933 0.1504 0.2393 2.5663 0.8366 0.0185 0.427 0.5473 2.8237 0.0268 0.0268 0.3248 0 0
7 347 2010 0 0 0 0 0 1.0004 0 0.9815 -0.0055 0.0973 0.1011 1.0383 0.9922 0.0931 0.1585 0.1941 2.6618 0.835 0.1044 0.4662 0.5903 2.7101 0.0428 0.0428 0.3243 0 0
7 348 1971 0 0 0 0 0 1.0004 0 0.4165 0.0695 0.1944 0.2002 0.789 0.9755 -0.1068 0.1871 0.2483 1.8537 0.7752 -0.0534 0.5242 0.6549 2.7552 0.0632 0.0632 0.3277 0 0
7 349 2005 0 0 0 0 0 1.0004 0 0.8321 -0.0012 0.1503 0.1802 0.9656 0.986 0.0262 0.1713 0.2389 3.3173 0.778 -0.1211 0.5023 0.623 2.8271 0.0952 0.0952 0.3357 0 0
7 350 2029 0 0 0 0 0 1.0004 0 0.8878 0.0196 0.1142 0.1199 0.867 0.9906 -0.0064 0.1382 0.1613 2.4329 0.8241 0.0097 0.4686 0.5843 2.7184 -0.0529 0.0529 0.3237 0 0
7 351 1971 0 0 0 0 0 1.0002 0 0.9224 -0.0619 0.1255 0.1388 0.932 0.9919 0.232 0.2662 0.349 3.5614 0.7964 0.0071 0.4674 0.5781 2.9526 -0.0669 0.0669 0.3408 0 0
7 352 2047 0 0 0 0 0 1.0006 0 0.9276 -0.0671 0.1098 0.148 0.9695 0.9846 0.1569 0.2135 0.331 3.3348 0.8132 0.0316 0.4561 0.5786 2.8215 0.0458 0.0458 0.3195 0 0
7 353 1968 0 0 0 0 0 1.0005 0 0.9921 -0.0603 0.1625 0.1654 1.0698 0.974 0.3894 0.4421 0.6833 6.5197 0.7579 0.1461 0.5119 0.6465 2.8757 0.1595 0.1595 0.3525 0 0
7 354 1970 0 0 0 0 0 1.0003 0 0.8359 0.0594 0.1233 0.1314 0.8005 0.9896 -0.0054 0.1801 0.2143 1.9223 0.8144 0.0225 0.47 0.5936 2.8407 -0.0681 0.0681 0.3466 0 0
7 355 1983 0 0 0 0 0 1.0002 0 0.8567 -0.1222 0.1273 0.1601 0.8334 0.9939 0.0605 0.2138 0.3077 4.3921 0.7377 -0.1335 0.4944 0.6212 2.9643 0.0673 0.0673 0.3478 0 0
7 356 2001 0 0 0 0 0 1.0005 0 0.8585 -0.1121 0.1813 0.2074 0.9806 0.9917 0.2255 0.2273 0.3227 2.4911 0.8456 0.0925 0.4128 0.5079 2.7758 0.0261 0.0261 0.3262 0 0
7 357 1996 0 0 0 0 0 1.0002 0 0.9308 0.0451 0.1484 0.19 1.0829 0.9894 4e-04 0.1594 0.1978 1.929 0.869 0.0393 0.4304 0.5449 2.6428 0.0765 0.0765 0.2835 0 0
7 358 1995 0 0 0 0 0 1.0003 0 0.3767 0.018 0.1955 0.2282 0.8423 0.9799 0.1823 0.2129 0.3164 3.4409 0.8538 0.046 0.4537 0.5743 2.657 -0.0244 0.0244 0.3146 0 0
7 359 1929 0 0 0 0 0 1.0004 0 0.5109 0.0057 0.2136 0.2363 0.9185 0.9578 -0.0039 0.3375 0.4856 5.7003 0.6725 0.0554 0.5782 0.7443 3.1389 0.1775 0.1775 0.3994 0 0
7 360 1975 0 0 0 0 0 1.0003 0 0.8239 0.0633 0.1853 0.2414 1.0714 0.9612 0.1901 0.3186 0.4764 6.4174 0.7897 0.0568 0.4974 0.6138 2.7446 -0.0447 0.0447 0.3362 0 0
7 361 1971 0 0 0 0 0 1.001 0 0.895 0.0253 0.209 0.2712 1.3591 0.9895 0.0177 0.2774 0.3318 3.565 0.761 0.022 0.5035 0.645 2.8465 0.0386 0.0386 0.314 0 0
7 362 1969 0 0 0 0 0 1.0004 0 0.6359 -0.0113 0.1374 0.1717 0.9438 0.9659 -0.0594 0.2329 0.3992 3.8858 0.7207 -0.0195 0.5371 0.6706 3.0789 0.0271 0.0271 0.392 0 0
7 363 1980 0 0 0 0 0 1.0006 0 0.8674 0.1232 0.1778 0.1945 0.8691 0.9871 0.1477 0.2036 0.2898 1.7259 0.8513 -0.0059 0.4429 0.5561 2.5295 -0.0184 0.0184 0.277 0 0
7 364 1962 0 0 0 0 0 1.0003 0 0.6256 0.0821 0.2179 0.2729 0.9672 0.9708 0.0818 0.2263 0.2754 1.5492 0.7733 0.0781 0.5021 0.6444 2.8441 -0.052 0.052 0.3199 0 0
7 365 1981 0 0 0 0 0 1.0001 0 0.8906 0.0227 0.1447 0.1887 1.0265 0.9787 -0.0055 0.1538 0.2383 3.3404 0.7642 0.1165 0.5171 0.6489 2.8412 -0.0474 0.0474 0.3645 0 0
7 366 2020 0 0 0 0 0 1.0006 0 0.7878 0.0668 0.1515 0.205 0.8711 0.9917 -0.0527 0.1066 0.1763 2.2387 0.8539 -0.0047 0.4601 0.5871 2.7442 -0.0474 0.0474 0.3033 0 0
7 367 2013 0 0 0 0 0 1.0006 0 0.6012 -0.0938 0.1513 0.2053 0.7842 0.9852 -0.1009 0.203 0.2905 3.0023 0.811 -0.0613 0.4847 0.6162 2.9062 0.0639 0.0639 0.362 0 0
7 368 1976 0 0 0 0 0 1.0005 0 0.3912 -0.0976 0.1535 0.1735 0.798 0.992 0.0136 0.1912 0.2343 2.4649 0.7287 0.1279 0.525 0.6653 3.048 0.1155 0.1155 0.3813 0 0
7 369 1966 0 0 0 0 0 1.0003 0 0.9273 -0.0448 0.1551 0.1886 1.2044 0.9956 -0.0312 0.1779 0.265 4.907 0.7849 0.1041 0.4888 0.6195 2.868 -0.039 0.039 0.3471 0 0
7 370 2008 0 0 0 0 0 1.0002 0 0.9491 -0.0394 0.0756 0.0971 0.9626 0.9889 0.0105 0.1241 0.1532 1.6994 0.8132 -0.0118 0.4679 0.5796 2.8377 0.0267 0.0267 0.3355 0 0
7 371 2009 0 0 0 0 0 1.0002 0 0.2879 -0.0356 0.2459 0.3129 1.0133 0.9567 0.0726 0.2806 0.5023 6.3742 0.7829 0.0243 0.4946 0.6213 2.8038 -0.0372 0.0372 0.3403 0 0
7 372 1975 0 0 0 0 0 1.0009 0 0.679 -0.01 0.1871 0.2142 0.8847 0.9805 -0.0728 0.2237 0.3316 1.8525 0.8327 -0.0021 0.4418 0.5608 2.7431 0.0167 0.0167 0.3077 0 0
7 373 1954 0 0 0 0 0 1.0002 0 0.4615 -0.0465 0.1748 0.2035 0.8681 0.987 0.1071 0.3534 0.4844 7.1333 0.7351 0.0421 0.5409 0.6603 3.0062 -0.1099 0.1099 0.3816 0 0
7 374 2006 0 0 0 0 0 1.0003 0 0.8563 0.0455 0.1894 0.1929 0.9009 0.9634 0.0334 0.2818 0.3711 4.6863 0.7822 0.0704 0.4825 0.606 2.9254 -0.1142 0.1142 0.3746 0 0
7 375 1992 0 0 0 0 0 1.0003 0 0.625 -0.1515 0.2467 0.3439 1.0616 0.9926 0.1569 0.2764 0.3464 2.738 0.7468 -0.0283 0.4922 0.6141 2.9218 -0.0876 0.0876 0.3673 0 0
7 376 1969 0 0 0 0 0 1.0003 0 0.7185 0.0514 0.1356 0.1511 0.8442 0.9932 -0.0544 0.1118 0.1422 1.2908 0.8049 -0.0629 0.4776 0.5985 2.7998 -0.0743 0.0743 0.3246 0 0
7 377 2044 0 0 0 0 0 1.0006 0 0.7355 -0.0965 0.1389 0.1848 0.8558 0.9917 0.0767 0.193 0.273 2.4041 0.7759 -0.052 0.4781 0.5956 2.7436 0.1492 0.1492 0.3228 0 0
7 378 1955 0 0 0 0 0 1.0003 0 0.9777 0.1026 0.133 0.1493 0.9318 0.9776 -0.0992 0.254 0.2888 2.9401 0.7594 -0.0814 0.5233 0.6644 2.9468 -0.0741 0.0741 0.3477 0 0
7 379 1995 0 0 0 0 0 1.0013 0 0.8645 0.0229 0.2195 0.255 1.3777 0.9858 0.0808 0.2162 0.2905 3.1246 0.7679 -0.0404 0.5083 0.6329 2.9287 -0.0622 0.0622 0.3338 0 0
7 380 2037 0 0 0 0 0 1.0003 0 0.7686 -0.1011 0.1616 0.1817 0.8166 0.9919 -0.0578 0.1779 0.2569 2.6833 0.7533 -0.0346 0.5049 0.6274 2.9905 0.1675 0.1675 0.3381 0 0
7 381 1997 0 0 0 0 0 1.0005 0 0.9482 -0.0469 0.203 0.2243 1.0698 0.9812 0.3196 0.3369 0.5936 6.9705 0.8262 0.0612 0.4445 0.5445 2.5439 -0.0041 0.0041 0.3099 0 0
7 382 2008 0 0 0 0 0 1.0003 0 0.8804 -0.0092 0.333 0.3708 1.3893 0.9521 0.0305 0.33 0.5213 3.8888 0.7832 0.069 0.484 0.611 2.7069 -0.0829 0.0829 0.3072 0 0
7 383 2028 0 0 0 0 0 1.0004 0 0.9055 0.0248 0.0784 0.1075 0.8374 0.9927 -0.0187 0.1287 0.1606 1.3543 0.814 -0.0165 0.4635 0.5917 2.8201 0.0163 0.0163 0.3173 0 0
7 384 2044 0 0 0 0 0 1.0003 0 0.8517 -0.1775 0.2195 0.2888 0.824 0.9894 0.0392 0.2442 0.3115 2.9357 0.8198 -0.0164 0.4625 0.5686 2.9452 -0.0318 0.0318 0.3698 0 0
7 385 1968 0 0 0 0 0 1.0003 0 0.4942 -0.0267 0.2353 0.2558 0.9119 0.9757 -0.0364 0.2193 0.274 3.0291 0.8144 -0.0571 0.4555 0.578 2.8239 -0.1297 0.1297 0.3185 0 0
7 386 1984 0 0 0 0 0 1.0008 0 0.9075 -0.0315 0.0926 0.1102 0.8014 0.9862 0.1247 0.2263 0.3672 4.46 0.7928 0.029 0.4831 0.6117 2.9456 0.1301 0.1301 0.3439 0 0
7 387 1967 0 0 0 0 0 1.0005 0 0.7743 -0.0541 0.1216 0.1645 1.0208 0.9804 0.0242 0.1862 0.2666 2.8314 0.775 0.0107 0.4976 0.6271 2.9552 0.0785 0.0785 0.3761 0 0
7 388 2000 0 0 0 0 0 1.0002 0 0.3445 0.0095 0.1934 0.2347 0.9213 0.9745 0.0729 0.2637 0.3618 3.533 0.7633 0.0769 0.5105 0.658 2.8593 -8e-04 8e-04 0.3191 0 0
7 389 1994 0 0 0 0 0 1.0002 0 0.6509 0.0416 0.1761 0.1964 0.8698 0.9898 -0.1698 0.2556 0.3376 4.4882 0.8175 -0.0711 0.4718 0.589 2.7678 2e-04 2e-04 0.3348 0 0
7 390 1993 0 0 0 0 0 1.0008 0 0.8623 0.1517 0.1788 0.2316 0.8173 0.9815 -0.0318 0.2253 0.272 5.2997 0.799 -0.0987 0.5373 0.6692 2.6471 0.0013 0.0013 0.2998 0 0
7 391 2004 0 0 0 0 0 1.0003 0 0.8436 -0.1606 0.2096 0.2406 0.9584 0.9729 -0.2038 0.3369 0.4783 3.8608 0.7792 -0.0686 0.4735 0.602 3.0191 -0.1066 0.1066 0.365 0 0
7 392 1973 0 0 0 0 0 1.0005 0 0.8264 -0.0355 0.1589 0.1692 0.9166 0.9826 0.0808 0.2568 0.3436 3.3954 0.7836 0.0458 0.5078 0.6533 2.9919 0.0248 0.0248 0.3538 0 0
7 393 1982 0 0 0 0 0 1.0005 0 0.899 -0.0192 0.0954 0.1203 0.8409 0.9928 -0.1254 0.1628 0.2004 2.4118 0.7863 -0.0478 0.4793 0.6149 2.7697 -0.0206 0.0206 0.3394 0 0
7 394 1992 0 0 0 0 0 1.0007 0 0.7825 -0.0587 0.1125 0.1681 0.7978 0.9748 -0.1795 0.2401 0.4402 5.319 0.757 0.0102 0.5251 0.6501 2.8879 -0.0204 0.0204 0.3662 0 0
7 395 1978 0 0 0 0 0 1.0003 0 0.7514 0.0703 0.1281 0.144 0.8452 0.9813 -0.046 0.1821 0.2501 1.5144 0.8224 -0.0413 0.4825 0.608 2.6841 0.0171 0.0171 0.315 0 0
7 396 2025 0 0 0 0 0 1.0006 0 0.9488 -0.0484 0.1425 0.1521 1.0856 0.9888 0.2249 0.2754 0.3825 4.3996 0.7697 0.1373 0.5008 0.6343 2.937 -0.0518 0.0518 0.3402 0 0
7 397 1999 0 0 0 0 0 1.0004 0 0.6622 -0.125 0.2405 0.3035 0.9607 0.972 -0.078 0.3128 0.4218 4.1903 0.8067 -0.0421 0.4746 0.6043 2.8862 0.1106 0.1106 0.3372 0 0
7 398 2012 0 0 0 0 0 1.0002 0 0.5046 0.0519 0.138 0.155 0.7188 0.9847 0.0502 0.17 0.1955 1.2181 0.8162 0.0138 0.4531 0.5629 2.7106 -0.0345 0.0345 0.3147 0 0
7 399 1990 0 0 0 0 0 1.0012 0 0.9687 0.0448 0.0861 0.0973 0.9563 0.9942 -0.0841 0.1182 0.1435 1.2805 0.8299 -0.0842 0.4298 0.5548 2.6966 0.0368 0.0368 0.3032 0 0
7 400 1992 0 0 0 0 0 1.0004 0 0.8572 -0.0573 0.1002 0.1057 0.8875 0.988 -0.0174 0.1926 0.2628 2.9297 0.7326 -0.0605 0.5096 0.641 3.1487 -0.0729 0.0729 0.3887 0 0
7 401 2008 0 0 0 0 0 1.0002 0 0.3885 -0.031 0.2306 0.2667 0.9663 0.9691 0.1138 0.3672 0.5792 4.7339 0.7363 0.0508 0.5399 0.6711 2.9924 0.0874 0.0874 0.3645 0 0
7 402 2023 0 0 0 0 0 1.0006 0 0.9839 0.0015 0.1262 0.1776 1.0713 0.9901 0.0185 0.175 0.2278 2.8628 0.7878 -0.0705 0.481 0.6076 2.8158 0.1981 0.1981 0.3359 0 0
7 403 1997 0 0 0 0 0 1.0003 0 0.4654 0.1529 0.2398 0.2702 0.9166 0.9914 0.0206 0.1391 0.1841 2.6761 0.8009 -0.0708 0.4941 0.6308 2.7276 0.1027 0.1027 0.3132 0 0
7 404 1951 0 0 0 0 0 1.0003 0 0.7339 -0.0876 0.1663 0.179 0.9063 0.9867 -0.0579 0.3071 0.4238 4.2003 0.7766 0.0278 0.496 0.6141 3.0279 -0.0889 0.0889 0.3638 0 0
7 405 1959 0 0 0 0 0 1.0001 0 -0.153 -0.0526 0.2292 0.2493 0.9111 0.986 -0.033 0.2347 0.2913 2.828 0.766 -0.0075 0.457 0.5839 2.9917 -0.0174 0.0174 0.3565 0 0
7 406 1989 0 0 0 0 0 1.0005 0 0.7325 -0.0521 0.1349 0.1503 0.865 0.977 -0.0421 0.1881 0.2525 2.7533 0.7842 -0.0953 0.5277 0.6512 2.9925 0.1365 0.1365 0.3481 0 0
7 407 2013 0 0 0 0 0 1.0003 0 0.4312 -0.0522 0.1694 0.1896 0.8037 0.9842 -0.1439 0.2088 0.266 1.9288 0.7988 -0.0698 0.5016 0.6211 2.8983 0.0861 0.0861 0.3269 0 0
7 408 2151 0 0 0 0 0 1.0004 0 0.7403 0.1091 0.2252 0.2551 0.8752 0.9803 -0.1941 0.2457 0.3529 3.2595 0.7762 0.0458 0.564 0.7139 2.8402 -0.0672 0.0672 0.3087 0 0
7 409 2008 0 0 0 0 0 1.0005 0 0.4989 0.0716 0.1333 0.1609 0.7998 0.9923 0.1887 0.1903 0.2417 1.2792 0.8349 0.1888 0.4832 0.6086 2.6639 0.0715 0.0715 0.3021 0 0
7 410 1984 0 0 0 0 0 1.0003 0 0.566 -0.158 0.1829 0.2571 0.8585 0.9851 -0.0217 0.1796 0.2449 1.8706 0.8202 -0.0633 0.4311 0.5475 2.8844 0.0487 0.0487 0.3317 0 0
7 411 1985 0 0 0 0 0 1.0007 0 0.2137 0.0152 0.2101 0.2419 0.8712 0.9786 -0.1624 0.2317 0.3266 2.6595 0.7767 -0.0475 0.5119 0.6433 2.9803 -0.0175 0.0175 0.3482 0 0
7 412 2010 0 0 0 0 0 1.0007 0 0.9123 0.0014 0.1261 0.1377 1.0846 0.987 -0.0861 0.1646 0.2122 2.5983 0.7964 -0.0727 0.4558 0.5949 2.7818 -0.0214 0.0214 0.3373 0 0
7 413 2009 0 0 0 0 0 1.0005 0 0.8023 0.0182 0.1318 0.1429 0.8371 0.9897 0.0385 0.1284 0.1525 1.8342 0.8098 0.013 0.4835 0.5987 2.6894 -0.0296 0.0296 0.3081 0 0
7 414 1943 0 0 0 0 0 1.0002 0 0.7832 -0.1391 0.2264 0.2464 0.87 0.9913 0.0852 0.2927 0.4608 7.4 0.8059 -0.0335 0.4779 0.5961 2.9599 -0.0761 0.0761 0.3644 0 0
7 415 2006 0 0 0 0 0 1.0002 0 0.96 -0.0331 0.0431 0.0728 0.9425 0.9915 0.0115 0.1186 0.1667 1.6924 0.7944 0.0343 0.4682 0.5808 2.8501 0.0446 0.0446 0.3589 0 0
7 416 1986 0 0 0 0 0 1.0002 0 0.5836 0.0091 0.1451 0.1627 0.8474 0.9899 0.0843 0.1564 0.2043 2.3416 0.7713 0.0404 0.4965 0.6213 2.8209 0.0432 0.0432 0.3389 0 0
7 417 1971 0 0 0 0 0 1.0002 0 0.5232 -0.0538 0.1262 0.1622 0.8985 0.9857 0.0099 0.1791 0.2577 3.0158 0.8021 0.0828 0.4624 0.5937 2.8828 -0.0223 0.0223 0.3541 0 0
7 418 2010 0 0 0 0 0 1.0004 0 0.9256 -0.1621 0.1732 0.2363 0.9932 0.9861 -0.249 0.3482 0.6368 6.9385 0.8545 -0.0103 0.3979 0.4964 2.5791 0.0787 0.0787 0.3039 0 0
7 419 1973 0 0 0 0 0 1.0002 0 0.6311 -0.0715 0.1894 0.1964 0.9566 0.991 -0.0174 0.1589 0.2091 2.6733 0.7709 -0.0674 0.5199 0.6466 2.9977 0.0136 0.0136 0.3583 0 0
7 420 2024 0 0 0 0 0 1.0004 0 0.7829 0.0573 0.1967 0.2431 0.9664 0.9894 0.1163 0.1698 0.2277 2.645 0.8119 -0.0034 0.4652 0.5854 2.7881 0.0126 0.0126 0.3071 0 0
7 421 1985 0 0 0 0 0 1.0004 0 0.917 -0.0719 0.0807 0.1086 0.8551 0.991 -0.1112 0.1539 0.2078 2.2928 0.7529 0.0072 0.4917 0.6183 2.9802 -0.1348 0.1348 0.3913 0 0
7 422 2066 0 0 0 0 0 1.0003 0 0.9265 0.0396 0.1418 0.1616 1.0507 0.9854 -0.0441 0.1485 0.1781 1.7602 0.809 -0.0426 0.468 0.5938 2.8816 -0.0262 0.0262 0.3189 0 0
7 423 1986 0 0 0 0 0 1.0009 0 0.6661 -0.0911 0.1806 0.2387 0.8585 0.9906 0.1238 0.1829 0.2225 2.7209 0.7836 0.1228 0.5218 0.6539 2.8144 0.1373 0.1373 0.3406 0 0
7 424 1979 0 0 0 0 0 1.0002 0 0.7618 -0.0916 0.1565 0.2103 0.9762 0.9583 -0.126 0.2511 0.4075 4.2787 0.7816 -0.0118 0.4777 0.6072 3.1706 0.0588 0.0588 0.3705 0 0
7 425 2038 0 0 0 0 0 1.0005 0 0.9678 -0.1044 0.1382 0.1737 1.2109 0.9836 -0.027 0.3322 0.535 6.2831 0.8429 -0.0861 0.4482 0.5544 2.8097 0.0507 0.0507 0.3107 0 0
7 426 1959 0 0 0 0 0 1.0001 0 0.8594 -0.1735 0.1735 0.1964 0.8089 0.9948 0.0704 0.2441 0.3187 5.4117 0.758 -0.1233 0.4983 0.632 3.0207 -0.033 0.033 0.3898 0 0
7 427 1996 0 0 0 0 0 1.0008 0 0.9085 -0.0445 0.1878 0.2169 1.2754 0.9875 -0.0415 0.1828 0.257 2.5285 0.8319 -0.0018 0.4672 0.5847 2.7433 -0.0602 0.0602 0.3125 0 0
7 428 2037 0 0 0 0 0 1.0001 0 0.8209 -0.0569 0.1172 0.1657 0.7953 0.9823 -0.0384 0.1914 0.2423 1.8848 0.7771 0.0029 0.4754 0.603 2.9015 -0.0879 0.0879 0.3508 0 0
7 429 1984 0 0 0 0 0 1.0004 0 0.8822 0.0677 0.154 0.1822 0.8606 0.986 0.1403 0.1736 0.2395 1.3583 0.8553 0.0253 0.4315 0.5355 2.5943 0.0378 0.0378 0.3121 0 0
7 430 1979 0 0 0 0 0 1.0002 0 0.562 -0.0848 0.2114 0.23 0.8892 0.9869 -0.0757 0.1715 0.2304 2.5198 0.782 -0.0345 0.5189 0.6463 2.8989 -0.1677 0.1677 0.352 0 0
7 431 1988 0 0 0 0 0 1.0007 0 0.7688 0.1453 0.1618 0.1809 0.7879 0.993 0.0594 0.1477 0.2056 1.6285 0.8005 0.0448 0.5023 0.6256 2.7852 -0.0537 0.0537 0.3169 0 0
7 432 1973 0 0 0 0 0 1.0003 0 0.8448 0.0267 0.1141 0.1322 0.9492 0.9797 0.0518 0.2138 0.2488 2.2108 0.7216 0.0981 0.572 0.7137 3.0128 -0.0621 0.0621 0.3665 0 0
7 433 1956 0 0 0 0 0 1.0007 0 0.6565 -0.0113 0.1224 0.1657 0.9176 0.9924 -0.1736 0.1954 0.3238 4.6794 0.7564 -0.0727 0.5293 0.6609 2.9097 0.0713 0.0713 0.3578 0 0
7 434 1985 0 0 0 0 0 1.0003 0 0.7867 0.0442 0.1185 0.1455 0.7547 0.9887 -0.0699 0.1278 0.1646 1.4037 0.7954 -0.0216 0.4672 0.5884 2.7476 0.0947 0.0947 0.3173 0 0
7 435 1989 0 0 0 0 0 1.0008 0 0.0222 -0.0977 0.1929 0.2267 0.8845 0.9877 0.1658 0.3428 0.475 4.3509 0.7387 0.0082 0.5524 0.6827 3.0599 0.275 0.275 0.3279 0 0
7 436 1970 0 0 0 0 0 1.0009 0 0.6081 -0.042 0.192 0.2514 0.9213 0.9883 0.0181 0.2212 0.2806 3.0627 0.7491 0.119 0.5418 0.6772 2.9525 0.1234 0.1234 0.3582 0 0
7 437 1965 0 0 0 0 0 1.0006 0 0.9793 -0.015 0.1464 0.1584 1.3485 0.9612 0.0138 0.2557 0.4596 6.3831 0.8191 -0.0401 0.4579 0.565 2.8673 0.002 0.002 0.3547 0 0
7 438 1961 0 0 0 0 0 1.0011 0 0.9639 -0.0514 0.0919 0.113 0.9199 0.9965 -0.1171 0.164 0.2145 3.0127 0.7898 -0.0821 0.5058 0.6285 2.9147 -0.0382 0.0382 0.3534 0 0
7 439 1988 0 0 0 0 0 1.0005 0 0.9618 0.2056 0.228 0.2937 0.9972 0.9842 0.1039 0.1673 0.2234 1.5815 0.8239 0.0189 0.4685 0.5915 2.6171 0.0605 0.0605 0.2856 0 0
7 440 1950 0 0 0 0 0 1.0004 0 0.6309 -0.0836 0.2108 0.2484 1.0025 0.9026 0.2611 0.4875 0.8777 10.7315 0.7335 0.0428 0.5226 0.6647 3.0791 0.0061 0.0061 0.3744 0 0
7 441 1995 0 0 0 0 0 1.0002 0 0.1563 -0.0208 0.1284 0.1625 0.7716 0.9848 0.026 0.1893 0.2492 2.389 0.7865 -0.0231 0.462 0.593 2.8349 -0.0027 0.0027 0.3482 0 0
7 442 2009 0 0 0 0 0 1.0006 0 0.5959 -0.096 0.1662 0.2037 0.8629 0.9865 -0.109 0.2509 0.3229 2.5233 0.8266 -0.0206 0.4492 0.5641 2.9367 0.0869 0.0869 0.3418 0 0
7 443 1993 0 0 0 0 0 1.0003 0 0.9696 0.037 0.1319 0.1436 1.0855 0.9908 0.2384 0.2668 0.4269 3.4244 0.8278 0.0198 0.424 0.5393 2.6679 -0.0227 0.0227 0.2934 0 0
7 444 1981 0 0 0 0 0 1.0004 0 0.9101 -0.0438 0.1086 0.1278 0.821 0.995 0.0466 0.0925 0.1205 1.8614 0.8162 0.0336 0.4691 0.5804 2.791 -0.068 0.068 0.3327 0 0
7 445 1993 0 0 0 0 0 1.0004 0 0.9837 0.1592 0.1745 0.2722 1.2681 0.9884 0.0794 0.2176 0.2726 3.7606 0.8468 0.086 0.4794 0.6038 2.6225 0.0308 0.0308 0.2795 0 0
7 446 1978 0 0 0 0 0 1.0003 0 0.9559 0.0848 0.1037 0.1246 0.9019 0.9901 -0.0529 0.1108 0.1587 1.6114 0.8357 -0.0719 0.4541 0.5838 2.7277 -0.0308 0.0308 0.3085 0 0
7 447 2007 0 0 0 0 0 1.0003 0 0.9329 0.0018 0.074 0.0901 0.8738 0.9952 -0.0494 0.1108 0.1477 2.1817 0.8067 -0.0375 0.4617 0.5858 2.8053 0.0167 0.0167 0.3136 0 0
7 448 1987 0 0 0 0 0 1.0003 0 0.8277 -0.2442 0.2442 0.3771 0.8371 0.9935 -0.0019 0.1323 0.1646 3.175 0.8328 -0.0954 0.4121 0.5244 2.7617 0.0844 0.0844 0.3309 0 0
7 449 1979 0 0 0 0 0 1.0005 0 0.6725 0.0493 0.1773 0.2073 0.8932 0.9887 -0.0425 0.1685 0.2043 2.3842 0.7533 0.0036 0.539 0.6735 2.9157 -0.0472 0.0472 0.3445 0 0
7 450 1979 0 0 0 0 0 1.0006 0 0.3527 -0.0768 0.154 0.1783 0.8076 0.9932 0.1175 0.2194 0.3188 3.2432 0.7727 -0.0332 0.5055 0.6223 2.9538 -0.0038 0.0038 0.3803 0 0
7 451 1997 0 0 0 0 0 1.0004 0 0.8819 -0.0705 0.1484 0.2247 0.8905 0.9962 0.0038 0.1475 0.1906 3.6437 0.8027 0.0378 0.4343 0.5709 2.9166 -0.0324 0.0324 0.3405 0 0
7 452 1995 0 0 0 0 0 1.0004 0 0.6369 -0.04 0.2532 0.2838 0.9833 0.9823 -0.0795 0.2052 0.2526 1.646 0.8064 0.029 0.4558 0.5709 2.7195 -0.0842 0.0842 0.2942 0 0
7 453 1967 0 0 0 0 0 1.0004 0 0.7583 -0.0559 0.1561 0.1831 0.8981 0.9898 -0.0498 0.1929 0.2443 2.7686 0.7734 -0.0545 0.5172 0.6466 2.8543 -0.0038 0.0038 0.346 0 0
7 454 2001 0 0 0 0 0 1.0004 0 0.613 -0.0856 0.1312 0.1725 0.8568 0.9411 0.042 0.2166 0.4233 5.0469 0.7767 -0.0098 0.4883 0.6196 3.0914 -0.1136 0.1136 0.3821 0 0
7 455 2001 0 0 0 0 0 1.0004 0 0.7782 -0.0284 0.183 0.2229 0.9432 0.9934 -0.0066 0.1409 0.1678 1.5325 0.8482 -0.0079 0.4091 0.522 2.6147 -0.0832 0.0832 0.279 0 0
7 456 1978 0 0 0 0 0 1.0002 0 0.8106 -0.0223 0.1884 0.2358 1.2127 0.9261 0.1175 0.3396 0.6282 7.9803 0.7902 -0.0654 0.4943 0.6296 2.8624 0.0343 0.0343 0.3226 0 0
7 457 1990 0 0 0 0 0 1.0006 0 0.9046 0.0645 0.1761 0.1982 1.0786 0.982 0.0117 0.2089 0.3024 4.6686 0.8046 0.0827 0.484 0.6004 2.6957 -0.0189 0.0189 0.2986 0 0
7 458 1974 0 0 0 0 0 1.0004 0 0.8624 0.0483 0.0682 0.1024 0.8716 0.995 -0.0829 0.1144 0.1354 2.0215 0.7891 -0.0355 0.5178 0.6316 2.79 -0.0664 0.0664 0.3324 0 0
7 459 1981 0 0 0 0 0 1.0002 0 0.7468 -0.1244 0.1914 0.2127 0.9458 0.9855 0.1028 0.2123 0.2849 2.411 0.7538 -0.0139 0.5058 0.6329 2.9844 0.2044 0.2044 0.3435 0 0
7 460 2008 0 0 0 0 0 1.0003 0 0.7716 -0.0292 0.1922 0.2338 1.0973 0.9669 -0.0281 0.2163 0.3661 4.5075 0.7938 0.0331 0.4979 0.6084 2.8291 -0.0692 0.0692 0.3529 0 0
7 461 1979 0 0 0 0 0 1.0013 0 0.9202 -0.0306 0.1 0.1083 0.9025 0.9859 0.0805 0.1932 0.2498 2.5999 0.7712 0.0644 0.512 0.6451 2.962 0.0215 0.0215 0.3791 0 0
7 462 1992 0 0 0 0 0 1.0003 0 0.8309 -0.1211 0.1655 0.2091 0.8141 0.9895 0.0093 0.1662 0.2367 2.754 0.8114 0.1447 0.4726 0.6025 2.8157 0.0772 0.0772 0.3264 0 0
7 463 1994 0 0 0 0 0 1.0005 0 0.9377 -0.0034 0.0761 0.0911 0.7983 0.9945 -0.0088 0.1195 0.1442 2.9729 0.7597 -0.0348 0.5034 0.6526 2.9017 0.0195 0.0195 0.3512 0 0
7 464 1950 0 0 0 0 0 1.0004 0 0.9114 -0.0927 0.1099 0.1359 0.9924 0.9955 -0.0592 0.2001 0.249 3.2887 0.7744 0.0378 0.5218 0.6495 2.9342 0.102 0.102 0.3553 0 0
7 465 2004 0 0 0 0 0 1.0001 0 0.8654 -0.0473 0.1103 0.1334 0.8313 0.9957 0.0584 0.1158 0.1471 2.0026 0.8159 0.035 0.4686 0.5906 2.8034 -0.2369 0.2369 0.3003 0 0
7 466 1962 0 0 0 0 0 1.0003 0 0.6113 0.02 0.1446 0.1762 0.9363 0.9928 0.1311 0.1799 0.2447 3.6212 0.7869 -0.0147 0.5127 0.6393 2.8445 -0.0535 0.0535 0.3655 0 0
7 467 1984 0 0 0 0 0 1.0006 0 0.9016 -0.0386 0.0929 0.1242 0.899 0.9915 -0.082 0.1342 0.1623 1.7389 0.7644 -0.0757 0.5052 0.638 2.8351 0.0501 0.0501 0.3546 0 0
7 468 1986 0 0 0 0 0 1.0005 0 0.9738 0.0124 0.0552 0.0764 0.7515 0.9961 -0.0466 0.0931 0.1207 1.7068 0.8233 0.0087 0.4442 0.5573 2.7429 -0.125 0.125 0.3214 0 0
7 469 1997 0 0 0 0 0 1.0006 0 0.863 -0.2411 0.2411 0.2738 0.9735 0.9789 0.3805 0.5098 0.7678 7.5777 0.7346 -0.0058 0.4818 0.6044 3.2812 -0.0739 0.0739 0.4176 0 0
7 470 1956 0 0 0 0 0 1.0003 0 0.3114 -0.1128 0.153 0.211 0.7908 0.9915 0.0018 0.2475 0.3839 5.0206 0.7149 0.0527 0.585 0.7262 3.1763 -0.0745 0.0745 0.4455 0 0
7 471 2039 0 0 0 0 0 1.0001 0 0.87 0.0292 0.1468 0.1557 0.8999 0.9912 -0.0654 0.1618 0.2102 2.588 0.8073 0.0077 0.4444 0.5599 2.7493 -0.0033 0.0033 0.3125 0 0
7 472 2013 0 0 0 0 0 1.0004 0 0.6286 -0.1278 0.2384 0.2602 0.855 0.9882 0.0175 0.1895 0.2597 3.4563 0.8038 0.0291 0.4536 0.5727 2.9242 0.0259 0.0259 0.3788 0 0
7 473 2036 0 0 0 0 0 1.0002 0 0.7383 -0.0772 0.1775 0.1898 0.8157 0.9897 0.0173 0.2112 0.2688 3.1501 0.8315 0.1047 0.4587 0.5783 2.7626 -0.0135 0.0135 0.3245 0 0
7 474 2009 0 0 0 0 0 1.0004 0 0.8737 -0.0234 0.1709 0.2052 0.8917 0.9778 0.1198 0.2138 0.3413 3.3943 0.8239 -0.0222 0.4453 0.5518 2.6329 0.04 0.04 0.2963 0 0
7 475 1968 0 0 0 0 0 1.0004 0 0.8956 0.0185 0.0977 0.1178 0.8164 0.9906 -0.0294 0.1253 0.165 1.539 0.8413 -0.0518 0.4711 0.5803 2.6018 -0.065 0.065 0.3041 0 0
7 476 1972 0 0 0 0 0 1.0005 0 0.5141 -0.1809 0.264 0.2875 0.966 0.9766 -0.1439 0.8038 1.0794 8.5337 0.7259 -0.0041 0.4995 0.6234 3.25 0.0099 0.0099 0.4221 0 0
7 477 1981 0 0 0 0 0 1.0005 0 0.5693 -0.0413 0.2294 0.2918 0.9334 0.9373 -0.2551 0.411 0.701 6.6825 0.7663 0.0182 0.4939 0.6394 2.9793 0.0015 0.0015 0.3387 0 0
7 478 2005 0 0 0 0 0 1.0003 0 0.9738 0.1246 0.1507 0.1754 1.1463 0.9903 -0.0967 0.1796 0.2293 2.6126 0.806 -0.0756 0.5003 0.6357 2.8386 0.0756 0.0756 0.3249 0 0
7 479 2017 0 0 0 0 0 1.0002 0 0.2787 0.0426 0.1382 0.1477 0.7612 0.9755 -0.0473 0.2126 0.2746 1.4201 0.7926 -0.0336 0.4978 0.6352 2.737 -0.0472 0.0472 0.3122 0 0
7 480 1998 0 0 0 0 0 1.0005 0 0.7404 0.0448 0.1727 0.2181 0.7598 0.9847 -0.0295 0.1646 0.2139 1.85 0.7966 -0.0816 0.5005 0.6272 2.8628 0.0769 0.0769 0.3426 0 0
7 481 1983 0 0 0 0 0 1.0004 0 0.7634 -0.0187 0.1578 0.2025 0.8684 0.9921 0.0491 0.1925 0.2347 3.4022 0.7766 0.1246 0.498 0.6357 2.8916 -0.1003 0.1003 0.3384 0 0
7 482 1973 0 0 0 0 0 1.0014 0 0.1679 -0.136 0.1801 0.2127 0.8404 0.9855 0.0461 0.2521 0.3698 3.0389 0.7684 -0.0112 0.4969 0.6248 3.0277 0.0447 0.0447 0.3867 0 0
7 483 2001 0 0 0 0 0 1.0004 0 0.9534 -0.0395 0.076 0.0899 0.8259 0.9964 -0.0097 0.0932 0.1082 1.7671 0.7912 0.0022 0.4693 0.6054 2.8508 0.0331 0.0331 0.3473 0 0
7 484 1943 0 0 0 0 0 1.0003 0 0.8862 -0.0278 0.1498 0.1609 1.0545 0.9933 -0.0495 0.1987 0.2834 4.245 0.7883 -0.0668 0.5063 0.6482 2.9772 0.1125 0.1125 0.3311 0 0
7 485 1977 0 0 0 0 0 1.0002 0 0.2019 -0.013 0.1387 0.1665 0.8492 0.9935 0.0451 0.1287 0.1634 1.5972 0.8119 0.0882 0.475 0.5928 2.6611 -0.0327 0.0327 0.3234 0 0
7 486 1997 0 0 0 0 0 1.0005 0 0.9397 -0.1055 0.1085 0.1594 0.9187 0.9927 -0.11 0.1362 0.2079 2.0124 0.8488 -0.0658 0.4543 0.5562 2.6938 0.0418 0.0418 0.2921 0 0
7 487 1978 0 0 0 0 0 1.0003 0 0.8776 -0.0075 0.1057 0.1178 0.8295 0.9846 0.0481 0.1699 0.2118 2.5659 0.803 0.0143 0.4676 0.5983 2.7126 -0.0626 0.0626 0.3271 0 0
7 488 1989 0 0 0 0 0 1.0003 0 0.1751 0.0686 0.1979 0.2592 0.9069 0.983 0.0035 0.2001 0.2349 1.8119 0.7666 -0.0246 0.5069 0.6377 2.7538 -0.0212 0.0212 0.3221 0 0
7 489 2023 0 0 0 0 0 1.0002 0 0.8772 -0.0655 0.1072 0.1201 0.8859 0.9919 0.0504 0.1879 0.2179 3.5786 0.8033 -0.0323 0.4891 0.6139 2.8909 -0.003 0.003 0.3386 0 0
7 490 2017 0 0 0 0 0 1.0012 0 0.9717 -0.0135 0.0684 0.0744 0.9228 0.9943 -0.1398 0.1547 0.1944 1.7129 0.7824 -0.1674 0.4977 0.636 2.81 0.1004 0.1004 0.3152 0 0
7 491 1959 0 0 0 0 0 1.0005 0 0.9294 -0.0336 0.1147 0.1406 1.1757 0.9888 0.119 0.2978 0.4621 6.1647 0.7447 0.0701 0.556 0.7075 3.0608 -0.0665 0.0665 0.3786 0 0
7 492 2006 0 0 0 0 0 1.0002 0 0.3061 -0.0876 0.1513 0.1803 0.8293 0.9805 -0.0113 0.1878 0.2367 2.2025 0.7494 -0.0309 0.52 0.638 3.0699 -0.0373 0.0373 0.4018 0 0
7 493 1962 0 0 0 0 0 1.0004 0 0.7188 -0.1571 0.2106 0.2723 0.9483 0.9903 0.0868 0.2403 0.294 4.2148 0.8208 0.0676 0.4648 0.5821 2.8924 0.0162 0.0162 0.345 0 0
7 494 2000 0 0 0 0 0 1.0006 0 0.7651 -0.0451 0.0882 0.1087 0.8511 0.9902 -0.0672 0.1772 0.2092 2.6595 0.7893 -0.0517 0.4833 0.606 3.0088 -0.0242 0.0242 0.3594 0 0
7 495 2050 0 0 0 0 0 1.0007 0 0.4275 -0.0376 0.226 0.2885 1.0539 0.9936 0.0477 0.2628 0.3862 4.7065 0.8098 -0.0262 0.4555 0.5815 2.7634 -0.0924 0.0924 0.2976 0 0
7 496 2005 0 0 0 0 0 1.0002 0 0.9001 -0.1374 0.1848 0.2088 1.0478 0.9885 -0.104 0.1987 0.2788 3.5015 0.8225 -0.0384 0.4409 0.5511 2.7028 -0.102 0.102 0.3419 0 0
7 497 1991 0 0 0 0 0 1.0005 0 0.5686 -0.1388 0.2371 0.2961 0.9407 0.8668 0.0742 0.9247 1.6863 16.9243 0.6948 0.0132 0.536 0.6917 3.161 0.0642 0.0642 0.4097 0 0
7 498 1986 0 0 0 0 0 1.0003 0 0.9582 -0.0664 0.0993 0.1068 0.8097 0.9974 0.0397 0.1284 0.1619 4.1906 0.8095 0.0449 0.4544 0.5766 3.034 8e-04 8e-04 0.3482 0 0
7 499 2003 0 0 0 0 0 1.0005 0 0.3001 -0.1612 0.216 0.2371 0.8727 0.9877 0.1736 0.2599 0.3687 3.7765 0.7705 -0.0148 0.4975 0.6352 2.9368 -0.0617 0.0617 0.3568 0 0
7 500 2002 0 0 0 0 0 1.0004 0 0.9466 -0.0542 0.1298 0.1564 0.8715 0.9913 0.0171 0.1479 0.1748 4.601 0.8373 0.0076 0.4297 0.5396 2.6613 0.0252 0.0252 0.3093 0 0
