cond r run.time ndiv nbfmi ntree nbulk ntail maxRhat nRhat alpha.cor alpha.bias alpha.abbias alpha.rmse alpha.CI beta.cor beta.bias beta.abbias beta.rmse beta.CI theta.cor theta.bias theta.abbias theta.rmse theta.CI lambda.bias lambda.abbias lambda.CI corrupt efficiency
10 1 577 0 0 0 0 0 1.003 0 0.8891 -0.0027 0.1666 0.1783 2.4888 0.9913 -0.3094 0.4588 0.6492 12.3931 0.6866 -0.0323 0.6315 0.7765 3.699 -0.0366 0.0366 0.5669 0 0
10 2 602 0 0 0 0 0 1.0006 0 0.9408 -0.0573 0.1541 0.1555 1.6452 0.9063 -0.0561 0.4798 0.6665 6.9822 0.6907 0.0407 0.5923 0.7571 3.7174 0.193 0.193 0.4908 0 0
10 3 600 0 0 0 0 0 1.0005 0 0.3466 -0.1732 0.286 0.3212 1.245 0.9886 -0.2232 0.3105 0.4345 6.3208 0.7118 0.0101 0.5623 0.725 3.7638 0.2213 0.2213 0.4695 0 0
10 4 588 0 0 0 0 0 1.001 0 0.1144 0.0519 0.3891 0.4132 1.916 0.8941 0.3597 0.415 0.7035 7.2981 0.5758 0.116 0.6726 0.856 3.4552 -0.0521 0.0521 0.4935 0 0
10 5 589 1 0 0 0 0 1.0007 0 0.5128 0.1916 0.2223 0.2558 1.3678 0.9901 -0.3959 0.3959 0.4577 2.3709 0.6834 -0.1709 0.6456 0.8115 3.5625 0.1509 0.1509 0.4859 1 0
10 6 596 0 0 0 0 0 1.0009 0 -0.3182 0.0733 0.4523 0.5147 2.9584 0.896 0.0737 0.5045 0.5898 4.9207 0.5801 -0.0314 0.6519 0.815 3.5333 -0.2528 0.2528 0.669 0 0
10 7 593 0 0 0 0 0 1.001 0 -0.7059 0.1884 0.7217 0.8639 3.1483 0.9701 -0.8138 0.8909 1.2909 10.4783 0.5608 -0.1221 0.6829 0.8386 3.1779 -0.1879 0.1879 0.5561 0 0
10 8 585 917 0 0 42 131 1.0459 83 -0.9319 -0.1528 0.5106 0.6168 1.9709 0.9201 1.3957 1.5836 2.6856 26.3905 0.5938 0.0376 0.6378 0.8309 5.1325 0.0748 0.0748 0.9479 1 1
10 9 588 0 0 0 0 0 1.0004 0 0.9691 0.1816 0.1816 0.2423 1.5474 0.9935 0.0274 0.1331 0.1819 3.3073 0.7118 0.1084 0.5695 0.7318 3.2341 -0.1564 0.1564 0.5091 0 0
10 10 599 0 0 0 0 0 1.0018 0 0.2608 0.0833 0.2525 0.3107 1.834 0.9808 -0.005 0.2123 0.2642 2.4074 0.7597 -0.0217 0.5465 0.6805 3.1615 0.121 0.121 0.4711 0 0
10 11 591 0 0 0 0 0 1.0011 0 0.9056 -0.0059 0.0966 0.1017 2.1012 0.9917 -0.0829 0.161 0.2256 4.1553 0.7551 0.0437 0.5563 0.7186 3.5808 -0.1359 0.1359 0.6669 0 0
10 12 605 0 0 0 0 0 1.0004 0 0.9493 0.2225 0.2225 0.2512 1.5838 0.9911 0.1691 0.1798 0.2253 2.6606 0.7971 -0.0344 0.5525 0.7046 2.8639 -0.1047 0.1047 0.4509 0 0
10 13 593 17 0 0 0 0 1.0019 0 0.1189 -0.2912 0.4846 0.6853 1.5042 0.9684 0.5822 0.641 0.9011 7.0713 0.627 -0.0116 0.6162 0.7743 4.024 0.101 0.101 0.7552 1 0
10 14 620 5 0 0 0 0 1.0043 0 -0.9869 -0.1239 0.5679 0.6293 3.0819 0.9576 -0.7077 0.9482 1.4832 12.7859 0.6096 0.0488 0.6119 0.7708 3.9173 -0.046 0.046 0.7996 1 0
10 15 580 0 0 0 0 0 1.0007 0 0.0468 0.0305 0.1036 0.1245 1.6318 0.9972 -0.162 0.162 0.1862 2.483 0.6872 -0.05 0.6055 0.761 3.2202 -0.0598 0.0598 0.4792 0 0
10 16 553 0 0 0 0 0 1.0021 0 0.4978 0.0685 0.1791 0.1826 1.6385 0.9839 0.2768 0.2792 0.3806 3.0335 0.6867 0.0365 0.6305 0.8088 3.4637 -0.1189 0.1189 0.5462 0 0
10 17 594 0 0 0 0 0 1.0016 0 -0.4758 -0.0069 0.2489 0.3018 2.2055 0.9672 0.1953 0.3516 0.5023 6.097 0.6581 -0.0328 0.654 0.7993 3.7735 -0.2294 0.2294 0.6856 0 0
10 18 596 0 0 0 0 0 1.0007 0 0.7411 0.1286 0.148 0.2344 1.5832 0.9915 -0.0529 0.1083 0.1522 2.328 0.6528 -0.0308 0.6481 0.791 3.3627 -0.0768 0.0768 0.6333 0 0
10 19 586 116 0 0 0 0 1.0014 0 0.2928 0.1923 0.2728 0.3724 1.6773 0.9589 0.2031 0.3418 0.424 2.4081 0.668 -0.0082 0.6072 0.7946 3.4757 0.059 0.059 0.5967 1 0
10 20 607 0 0 0 0 0 1.001 0 -0.8898 0.398 1.0001 1.2715 4.4998 0.9526 -0.6386 1.104 1.3384 9.0131 0.357 -0.0595 0.8531 1.0413 3.2381 -0.6015 0.6015 0.4476 0 0
10 21 1144 2753 0 0 34 51 1.0416 44 0.9887 -0.173 0.173 0.1744 1.342 0.9777 -0.1876 0.5076 0.6884 8.6151 0.5109 0.3166 0.7743 0.9409 6.5331 0.2715 0.2715 1.0217 1 1
10 22 591 0 0 0 0 0 1.0025 0 1 0.3026 0.3026 0.359 1.9422 0.9832 -0.1095 0.1696 0.1935 2.6159 0.6781 -0.0286 0.6514 0.8001 3.2875 0.0228 0.0228 0.5182 0 0
10 23 602 137 0 0 0 0 1.0045 0 0.9819 -0.2099 0.2099 0.2142 1.5361 0.9864 -0.0148 0.8037 0.9659 12.4123 0.4937 -0.1637 0.7369 0.9064 4.4658 -0.3619 0.3619 1.3263 1 0
10 24 594 0 0 0 0 0 1.0006 0 0.9887 0.0749 0.2583 0.269 1.4781 0.9064 -0.0528 0.3364 0.3905 2.8665 0.7874 -0.1142 0.5504 0.7149 3.0989 0.1005 0.1005 0.4153 0 0
10 25 596 0 0 0 0 0 1.0018 0 0.9667 0.1571 0.3725 0.3817 2.3483 0.9451 0.3186 0.4285 0.694 5.7057 0.7891 -0.0558 0.4618 0.5969 3.0108 -0.0324 0.0324 0.4378 0 0
10 26 564 0 0 0 0 0 1.0021 0 0.3254 0 0.2831 0.3077 2.2629 0.9754 0.2351 0.3289 0.4746 5.0977 0.5645 0.0502 0.6761 0.8458 3.9111 -0.0736 0.0736 0.6535 0 0
10 27 581 0 0 0 0 0 1.0009 0 -0.0267 0.1571 0.2525 0.3169 1.529 0.9912 0.1337 0.242 0.2665 4.0794 0.7086 0.0931 0.6074 0.765 3.2506 0.0607 0.0607 0.4914 0 0
10 28 592 10 0 0 0 0 1.0004 0 0.9635 -0.2636 0.2636 0.2651 1.3672 0.9912 0.1441 0.4172 0.546 4.78 0.7049 -0.0904 0.6034 0.7493 4.0489 0.0868 0.0868 0.8033 1 0
10 29 590 0 0 0 0 0 1.0025 0 -0.8907 0.1374 0.288 0.3739 2.4744 0.9559 -0.0052 0.2389 0.3347 4.4915 0.6518 0.0542 0.5751 0.7257 3.5205 -0.1663 0.1663 0.6091 0 0
10 30 593 0 0 0 0 0 1.0019 0 0.2517 0.1434 0.2703 0.2851 2.169 0.9472 0.046 0.233 0.3721 4.418 0.6367 -0.0664 0.6384 0.792 3.6214 -0.123 0.123 0.7015 0 0
10 31 601 0 0 0 0 0 1.0005 0 0.7854 0.0645 0.2316 0.2544 1.6173 0.9761 0.0343 0.2088 0.3021 3.8087 0.7721 -0.0777 0.4991 0.6783 3.0458 -0.0471 0.0471 0.4625 0 0
10 32 597 0 0 0 0 0 1.0002 0 0.9735 -0.0035 0.0457 0.0541 1.4323 0.9871 0.0362 0.1476 0.1808 2.8782 0.7036 0.0965 0.5453 0.6796 3.3738 -0.1411 0.1411 0.5169 0 0
10 33 596 0 0 0 0 0 1.0003 0 -0.5846 -0.1263 0.3474 0.3682 1.2371 0.991 -0.0879 0.1905 0.2507 2.6364 0.7133 0.0835 0.5543 0.714 3.2645 0.0705 0.0705 0.471 0 0
10 34 595 0 0 0 0 0 1.0008 0 0.5549 -0.2401 0.2401 0.2955 1.4088 0.9728 0.457 0.5201 0.7891 6.8975 0.7067 0.0458 0.552 0.7207 3.7884 0.1577 0.1577 0.5138 0 0
10 35 598 0 0 0 0 0 1.0014 0 0.9539 -0.1243 0.1439 0.182 1.8971 0.9715 -0.3169 0.4627 0.6907 6.4306 0.6635 -0.0955 0.581 0.7304 3.6097 -0.3761 0.3761 0.6342 0 0
10 36 587 0 0 0 0 0 1.0011 0 -0.5589 -0.1131 0.405 0.4834 2.4578 0.9637 0.3259 0.4755 0.7897 9.1976 0.6591 -0.1521 0.6257 0.7951 3.6785 0.067 0.067 0.5635 0 0
10 37 601 0 0 0 0 0 1.0013 0 0.9417 0.2063 0.3547 0.4116 2.3272 0.9625 0.0052 0.2171 0.2953 2.6502 0.7236 -0.0619 0.5904 0.7226 3.283 0.1219 0.1219 0.4354 0 0
10 38 579 0 0 0 0 0 1.0007 0 -0.9991 -0.0609 0.3752 0.3924 2.1384 0.9894 -0.1075 0.1671 0.2109 3.3359 0.687 0.0725 0.5759 0.7161 3.3024 -0.2182 0.2182 0.5083 0 0
10 39 627 213 0 0 0 0 1.0009 0 0.7165 -0.3466 0.3466 0.3858 1.2992 0.9592 -0.616 0.7199 1.0613 8.4959 0.6213 -0.3526 0.729 0.893 4.6732 0.3024 0.3024 0.6531 1 0
10 40 769 3 0 0 0 0 1.0028 0 -0.6831 -0.1818 0.336 0.3641 2.0589 0.9853 -0.7567 1.042 1.4869 16.1098 0.5659 0.1464 0.6873 0.8526 3.9132 -0.1095 0.1095 0.8361 1 0
10 41 590 1 0 0 0 0 1.001 0 0.9872 -0.086 0.086 0.1049 1.6154 0.9669 -0.3601 0.5412 0.6871 6.9212 0.5362 -3e-04 0.7373 0.933 3.8255 -0.1679 0.1679 0.8717 1 0
10 42 609 0 0 0 0 0 1.0004 0 0.9984 -0.1172 0.1172 0.1233 1.3059 0.9809 0.1416 0.2416 0.3034 2.314 0.7589 0.1554 0.5638 0.6847 3.3678 0.0069 0.0069 0.4937 0 0
10 43 602 0 0 0 0 0 1.0005 0 0.2048 0.1911 0.1911 0.2257 1.334 0.994 0.1093 0.1469 0.1828 1.7194 0.748 0.0498 0.5146 0.6643 3.0545 -0.1003 0.1003 0.4362 0 0
10 44 587 0 0 0 0 0 1.0005 0 0.896 -0.0332 0.0929 0.1152 1.4136 0.9955 -0.0098 0.0858 0.1093 1.7246 0.7737 0.0855 0.5355 0.6994 3.1194 -0.1906 0.1906 0.4934 0 0
10 45 603 2 0 0 0 0 1.0005 0 0.9842 -0.1 0.1125 0.1571 1.1456 0.9796 0.0859 0.232 0.2782 3.1453 0.7496 0.1639 0.5898 0.7531 3.5438 0.2668 0.2668 0.4468 1 0
10 46 576 0 0 0 0 0 1.0008 0 0.0526 0.2014 0.2813 0.3664 1.8929 0.9951 0.0093 0.0903 0.1128 2.4844 0.7254 -0.0609 0.5705 0.7284 3.2006 -0.0289 0.0289 0.4949 0 0
10 47 596 0 0 0 0 0 1.0002 0 -0.4395 0.0621 0.1781 0.2235 1.5699 0.9564 -0.0402 0.3384 0.407 4.0757 0.671 0.0072 0.5602 0.7193 3.4594 -0.0945 0.0945 0.6338 0 0
10 48 589 0 0 0 0 0 1.0022 0 0.882 -0.1319 0.1319 0.1701 1.7815 0.9383 -0.368 0.5838 0.8769 9.2547 0.66 0.0343 0.6072 0.758 3.9704 -0.0097 0.0097 0.6427 0 0
10 49 596 0 0 0 0 0 1.0012 0 0.9985 -0.3161 0.3161 0.3217 2.0783 0.9769 -0.9108 1.3211 1.8623 19.49 0.5144 0.0794 0.6648 0.849 4.1251 -0.006 0.006 0.7798 0 0
10 50 603 0 0 0 0 0 1.0004 0 0.8335 0.0087 0.1299 0.1506 1.3402 0.9915 -0.1166 0.1609 0.1871 1.6539 0.789 -0.1103 0.4586 0.5886 3.1618 -0.1095 0.1095 0.4456 0 0
10 51 594 4 0 0 0 0 1.0012 0 -0.1297 -0.1762 0.1762 0.2044 1.8554 0.9941 -0.072 0.4532 0.5742 6.975 0.6673 0.0323 0.5659 0.7171 4.0397 -0.1138 0.1138 0.9404 1 0
10 52 597 0 0 0 0 0 1.0011 0 0.9112 0.3031 0.3031 0.3515 1.5668 0.9868 -0.1592 0.2487 0.2779 1.2177 0.7648 -0.1989 0.5461 0.724 3.143 -0.0994 0.0994 0.4333 0 0
10 53 606 0 0 0 0 0 1.0011 0 -0.5554 -0.207 0.2368 0.385 1.7474 0.9539 0.2475 0.4756 0.7919 7.4873 0.6971 -0.0516 0.5415 0.6693 3.6642 0.05 0.05 0.5714 0 0
10 54 598 0 0 0 0 0 1.0014 0 -0.0771 -0.2769 0.2769 0.4076 2.0642 0.9319 -0.3782 1.0998 1.7215 16.3455 0.6198 0.0605 0.6071 0.7599 3.8622 -0.1804 0.1804 0.9027 0 0
10 55 577 0 0 0 0 0 1.0004 0 -0.8207 -0.0336 0.1331 0.1368 1.662 0.9923 0.1395 0.1623 0.1968 2.244 0.7854 0.1764 0.5495 0.7024 3.3376 -0.005 0.005 0.4382 0 0
10 56 577 0 0 0 0 0 1.0018 0 0.1627 0.0178 0.4838 0.5203 2.2432 0.8286 -0.6478 0.8451 1.2688 11.8019 0.6333 -0.1172 0.6465 0.8048 3.4733 -0.1789 0.1789 0.6681 0 0
10 57 621 2 0 0 0 0 1.0014 0 0.8758 -0.3624 0.3624 0.3727 1.5027 0.9676 -0.0771 0.6513 0.8755 8.7234 0.6501 -0.279 0.6045 0.7853 3.9233 -0.0573 0.0573 0.8173 1 0
10 58 587 0 0 0 0 0 1.0009 0 0.7029 0.0986 0.2223 0.2952 2.5255 0.9673 0.146 0.2483 0.2927 3.4748 0.6396 -0.0526 0.575 0.7251 3.4343 -0.1344 0.1344 0.5645 0 0
10 59 600 0 0 0 0 0 1.0008 0 0.1875 -0.348 0.3767 0.5405 1.1506 0.9911 0.123 0.2537 0.332 4.4401 0.752 0.037 0.5311 0.6542 3.3613 -0.0105 0.0105 0.5408 0 0
10 60 587 0 0 0 0 0 1.0012 0 0.8536 -0.2273 0.2273 0.2516 1.6477 0.9911 -0.3529 0.4254 0.5702 7.3336 0.7117 0.1018 0.5263 0.6723 3.5388 0.0211 0.0211 0.5767 0 0
10 61 590 0 0 0 0 0 1.0009 0 0.8469 -0.07 0.1257 0.1576 1.7834 0.9873 -0.0528 0.2314 0.3071 5.9715 0.6901 0.0197 0.5963 0.7505 3.5979 -0.2204 0.2204 0.6767 0 0
10 62 611 0 0 0 0 0 1.0002 0 0.3237 0.0669 0.1777 0.2264 1.2105 0.9888 0.1647 0.1884 0.3184 1.7701 0.7967 0.0862 0.5232 0.6529 3.1312 1e-04 1e-04 0.4814 0 0
10 63 624 5 0 0 0 0 1.0002 0 0.7853 -0.4212 0.4212 0.4346 1.1097 0.9903 -0.0918 0.7641 0.9004 6.0845 0.6414 0.0597 0.6887 0.831 4.184 0.282 0.282 0.6133 1 0
10 64 598 0 0 0 0 0 1.001 0 0.8988 -0.0924 0.1355 0.1884 1.285 0.9509 0.1453 0.6232 0.9673 11.1646 0.451 0.0291 0.7394 0.9254 4.3442 0.2815 0.2815 0.5413 0 0
10 65 595 0 0 0 0 0 1.0008 0 0.7782 -0.0218 0.1113 0.1232 1.4496 0.9968 -0.0962 0.1308 0.1601 3.7412 0.7725 -0.0066 0.4964 0.6275 3.3015 -0.0946 0.0946 0.5129 0 0
10 66 588 0 0 0 0 0 1.0013 0 0.993 0.3332 0.3332 0.3729 1.5171 0.9868 -0.1279 0.2563 0.3146 2.037 0.6952 0.0138 0.6297 0.8031 3.3395 0.0736 0.0736 0.5083 0 0
10 67 596 0 0 0 0 0 1.0005 0 -0.7816 -0.0965 0.4535 0.5383 2.1348 0.9393 -0.2357 0.3976 0.7956 6.7986 0.5814 0.0277 0.6086 0.7875 3.4616 -0.0293 0.0293 0.6343 0 0
10 68 607 0 0 0 0 0 1.0021 0 -0.8038 -0.037 0.5804 0.611 2.2941 0.9811 -0.1778 0.58 0.7345 7.1997 0.5923 0.0539 0.6814 0.8537 3.4858 0.1041 0.1041 0.4954 0 0
10 69 595 0 0 0 0 0 1.001 0 -0.7584 0.0075 0.3026 0.32 1.5583 0.9664 -0.1781 0.252 0.3355 3.1431 0.6541 -0.1002 0.614 0.7633 3.5285 -0.0423 0.0423 0.6145 0 0
10 70 590 0 0 0 0 0 1.0004 0 0.9304 0.2149 0.2149 0.2675 2.0146 0.9829 0.1783 0.2107 0.2628 2.3712 0.7438 0.1306 0.5364 0.6798 3.0154 -0.1504 0.1504 0.5225 0 0
10 71 609 0 0 0 0 0 1.0005 0 -0.5112 -0.1156 0.1595 0.2215 1.4117 0.9923 -0.0472 0.2416 0.3514 4.2023 0.6573 0.1005 0.5828 0.7376 3.6116 -0.1414 0.1414 0.6211 0 0
10 72 601 2 0 0 0 0 1.0041 0 0.9839 -0.0591 0.0591 0.0671 2.4095 0.9527 0.3941 0.7899 1.0066 13.626 0.5518 -0.0855 0.6881 0.8707 3.9961 -0.1504 0.1504 0.8696 1 0
10 73 607 0 0 0 0 0 1.0008 0 0.1932 -0.1274 0.1756 0.1922 1.3847 0.9921 -0.0127 0.3221 0.4064 4.7678 0.6378 0.1244 0.6176 0.7621 3.8554 0.1031 0.1031 0.5768 0 0
10 74 598 0 0 0 0 0 1.0009 0 0.976 0.1368 0.1368 0.1695 1.6149 0.9899 0.0044 0.1586 0.178 2.0643 0.7678 -0.0442 0.5245 0.6466 3.0752 -0.1865 0.1865 0.5701 0 0
10 75 596 0 0 0 0 0 1.0013 0 0.9658 0.1579 0.1579 0.1934 1.7835 0.9874 0.0173 0.0883 0.1271 2.3354 0.6412 0.0484 0.6679 0.826 3.4905 0.0022 0.0022 0.5394 0 0
10 76 586 0 0 0 0 0 1.0005 0 0.7352 0.159 0.2518 0.2898 2.153 0.9972 0.1104 0.1262 0.1524 3.2704 0.6953 0.074 0.5922 0.739 3.2134 0.0252 0.0252 0.5068 0 0
10 77 607 0 0 0 0 0 1.0011 0 0.4326 -0.1021 0.5221 0.5353 1.8728 0.9494 -0.4811 0.643 0.8136 4.953 0.7624 -0.1003 0.5663 0.7012 3.387 0.2678 0.2678 0.3705 0 0
10 78 604 0 0 0 0 0 1.0004 0 -0.2091 0.1928 0.2329 0.3067 1.6011 0.992 -0.0244 0.1301 0.1556 2.0692 0.6749 -0.0345 0.6144 0.7679 3.3057 -0.0313 0.0313 0.5598 0 0
10 79 590 0 0 0 0 0 1.0005 0 0.772 0.0239 0.1562 0.1686 1.4715 0.9735 0.1567 0.2273 0.3177 4.6371 0.668 -0.0988 0.6506 0.808 3.6673 -0.0796 0.0796 0.6903 0 0
10 80 602 0 0 0 0 0 1.0006 0 0.9998 -0.0473 0.1185 0.1193 1.7278 0.9832 0.0143 0.3829 0.5418 6.8295 0.5815 0.0574 0.6902 0.8779 3.8029 0.0733 0.0733 0.6468 0 0
10 81 590 0 0 0 0 0 1.0005 0 0.5979 -0.053 0.1622 0.1679 1.5385 0.9866 -0.1137 0.1492 0.2046 1.8256 0.7383 -0.0163 0.588 0.7443 3.3403 -0.0054 0.0054 0.5262 0 0
10 82 596 0 0 0 0 0 1.0006 0 -0.9555 -0.025 0.2741 0.3253 1.8198 0.9874 0.2093 0.2518 0.3322 2.9823 0.7285 0.1191 0.5184 0.6595 3.4731 -0.1898 0.1898 0.4807 0 0
10 83 618 0 0 0 0 0 1.0022 0 0.3067 0.3741 0.5882 0.6425 3.6184 0.9035 -0.138 0.404 0.5963 5.644 0.5756 -0.0744 0.6445 0.7921 3.2547 -0.2291 0.2291 0.5091 0 0
10 84 597 0 0 0 0 0 1.0021 0 -0.8555 -0.1742 0.2987 0.3308 1.8965 0.9697 -0.1123 0.6094 0.8686 8.1431 0.6379 -0.0111 0.5498 0.6961 3.7099 -0.1134 0.1134 0.8366 0 0
10 85 589 0 0 0 0 0 1.0005 0 -0.99 0.1387 0.4118 0.5311 2.0677 0.9563 -0.1043 0.2902 0.3769 3.3377 0.705 -0.0987 0.6161 0.7584 3.276 -0.0809 0.0809 0.602 0 0
10 86 565 0 0 0 0 0 1.0015 0 0.9992 0.0749 0.2529 0.3143 2.3897 0.9624 -0.1732 0.3437 0.373 5.394 0.6117 -0.2066 0.6618 0.827 3.4473 -0.2082 0.2082 0.5451 0 0
10 87 605 0 0 0 0 0 1.0012 0 -0.7836 0.4178 0.4284 0.5575 1.96 0.9581 -0.179 0.2085 0.3118 1.9791 0.6859 -0.0766 0.575 0.7371 3.1633 -0.1848 0.1848 0.5192 0 0
10 88 606 0 0 0 0 0 1.0003 0 -0.0776 0.0513 0.3879 0.4338 1.5213 0.9716 -0.179 0.2735 0.3472 1.9092 0.8208 -0.1313 0.4926 0.6138 3.1692 0.061 0.061 0.4438 0 0
10 89 584 0 0 0 0 0 1.0011 0 0.9716 -0.0202 0.0725 0.0865 1.8432 0.9835 -0.2893 0.4695 0.5266 7.5032 0.6508 -0.1556 0.6518 0.8032 3.7346 -0.1259 0.1259 0.7583 0 0
10 90 595 0 0 0 0 0 1.0011 0 -0.8199 -0.1508 0.2316 0.2495 2.0801 0.9906 0.1226 0.3039 0.4151 5.2975 0.6941 0.0276 0.5969 0.7373 3.726 -0.2062 0.2062 0.8065 0 0
10 91 608 0 0 0 0 0 1.0004 0 0.9845 0.0208 0.1096 0.1122 1.3675 0.9867 0.1662 0.2089 0.233 1.5685 0.7932 0.1041 0.5561 0.6829 3.1362 0.1558 0.1558 0.4242 0 0
10 92 612 0 0 0 0 0 1.0005 0 -0.2249 -0.0773 0.256 0.2673 1.3093 0.9871 0.2013 0.2379 0.3304 2.8915 0.6844 0.0535 0.6378 0.8024 3.5481 0.3309 0.3309 0.4063 0 0
10 93 598 0 0 0 0 0 1.0014 0 0.9238 0.2822 0.3522 0.3959 2.1568 0.9863 0.0095 0.1672 0.2008 4.3773 0.7469 0.022 0.5563 0.7155 3.2838 0.0176 0.0176 0.5003 0 0
10 94 593 0 0 0 0 0 1.0003 0 0.8831 -0.1054 0.1463 0.1868 1.2621 0.9937 -0.0345 0.1056 0.14 1.9129 0.7908 -0.0159 0.5305 0.6584 3.0963 -0.0475 0.0475 0.4174 0 0
10 95 586 0 0 0 0 0 1.0013 0 -0.0931 -0.1045 0.2673 0.2792 1.8183 0.9562 0.5321 0.6385 0.8037 6.9055 0.697 0.1295 0.5978 0.7208 3.5808 -0.1546 0.1546 0.6509 0 0
10 96 607 2 0 0 0 0 1.0008 0 -0.9945 -0.0697 0.2969 0.3568 1.2283 0.9031 -0.3158 0.64 0.7135 4.2072 0.5408 -0.0596 0.7526 0.9213 4.0641 0.3082 0.3082 0.5267 1 0
10 97 581 0 0 0 0 0 1.0017 0 0.0993 -0.1777 0.1974 0.3126 1.4013 0.9934 -0.1147 0.1848 0.2339 3.732 0.7539 0.0857 0.5346 0.698 3.4646 0.0268 0.0268 0.5059 0 0
10 98 599 3 0 0 0 0 1.0006 0 0.7548 -0.4583 0.4583 0.4661 1.266 0.9864 0.0455 0.5513 0.642 4.0469 0.7149 -0.0777 0.5239 0.6809 3.8116 0.1781 0.1781 0.6484 1 0
10 99 595 0 0 0 0 0 1.0008 0 -0.66 -0.0544 0.4003 0.4184 2.06 0.9534 -0.1756 0.4013 0.5661 5.558 0.5825 0.0631 0.6487 0.7947 3.3817 0.0849 0.0849 0.5266 0 0
10 100 601 0 0 0 0 0 1.001 0 0.998 0.0927 0.0927 0.1028 1.3523 0.9844 0.1225 0.2396 0.2779 3.1345 0.7018 0.0371 0.593 0.7437 3.4692 -0.0359 0.0359 0.5246 0 0
10 101 591 0 0 0 0 0 1.0009 0 0.9953 -0.0337 0.0779 0.0783 1.4007 0.9933 -0.0693 0.123 0.1687 4.028 0.5999 0.0036 0.6464 0.8522 3.6702 -0.4939 0.4939 0.7143 0 0
10 102 583 0 0 0 0 0 1.0012 0 0.9204 0.1433 0.1433 0.2095 1.8908 0.9931 -0.2273 0.2363 0.2834 1.8286 0.809 -0.151 0.5001 0.6154 3.0188 -0.0179 0.0179 0.4137 0 0
10 103 597 0 0 0 0 0 1.0005 0 0.8773 0.1086 0.1367 0.1546 1.6601 0.9941 0.016 0.114 0.1266 2.0434 0.6958 -0.0222 0.5966 0.7576 3.4657 0.1268 0.1268 0.5526 0 0
10 104 584 0 0 0 0 0 1.0011 0 0.8895 0.1106 0.3045 0.3848 2.3651 0.9923 0.1226 0.2445 0.325 3.5795 0.7432 -0.008 0.5349 0.6787 3.1864 -0.0309 0.0309 0.4704 0 0
10 105 598 0 0 0 0 0 1.0003 0 0.6341 0.0187 0.1859 0.2146 1.453 0.9842 0.0971 0.1569 0.1993 1.8723 0.7956 0.0057 0.5987 0.7475 3.0834 -0.1375 0.1375 0.4988 0 0
10 106 730 45 0 0 0 0 1.0017 0 -0.9984 -0.3005 0.3005 0.3424 1.5106 0.9896 0.1161 1.5593 1.8617 19.172 0.4998 -0.0979 0.6452 0.8294 4.1391 -0.1936 0.1936 1.2191 1 0
10 107 615 2 0 0 0 0 1.0004 0 -0.1623 -0.3645 0.3645 0.4285 0.984 0.976 -0.1164 0.3203 0.395 2.1778 0.7635 -0.1192 0.4977 0.6217 3.5346 0.2572 0.2572 0.4343 1 0
10 108 599 0 0 0 0 0 1.0012 0 -0.1978 0.2198 0.2198 0.2966 1.5865 0.9956 -0.0073 0.0824 0.1068 2.2964 0.7043 -0.0549 0.6085 0.7626 3.4139 0.1297 0.1297 0.5186 0 0
10 109 581 7 0 0 0 0 1.0012 0 -0.4073 -0.1731 0.1942 0.3028 1.6651 0.9237 -0.4298 0.5611 0.9374 11.3829 0.536 0.0626 0.6573 0.8453 3.7861 -0.0895 0.0895 0.8 1 0
10 110 591 0 0 0 0 0 1.0018 0 -0.8682 0.1788 0.5048 0.6277 2.3114 0.9573 0.4568 0.5296 0.6473 5.9529 0.5826 0.0316 0.6329 0.7777 3.221 -0.1267 0.1267 0.5453 0 0
10 111 597 0 0 0 0 0 1.0008 0 0.9786 0.254 0.3036 0.3763 1.7726 0.987 0.1016 0.2345 0.2594 5.1495 0.6723 -0.0537 0.6044 0.768 3.223 0.0337 0.0337 0.4712 0 0
10 112 601 0 0 0 0 0 1.0037 0 -0.4252 -0.3853 0.4542 0.632 1.8879 0.9834 0.4798 1.1325 1.4744 11.8165 0.6512 0.0339 0.5972 0.7338 4.0019 -0.1543 0.1543 0.7825 0 0
10 113 595 0 0 0 0 0 1.0001 0 0.9997 -0.3972 0.3972 0.4072 1.2603 0.9971 0.004 0.2779 0.34 3.9169 0.8062 0.1392 0.5198 0.6656 3.3394 0.0935 0.0935 0.5473 0 0
10 114 602 10 0 0 0 0 1.0012 0 0.419 -0.2508 0.4464 0.4926 2.1736 0.9735 -0.282 0.4456 0.5996 6.6356 0.7495 0.0432 0.5367 0.6735 3.9068 7e-04 7e-04 0.7691 1 0
10 115 595 0 0 0 0 0 1.0015 0 -0.8005 -0.2543 0.406 0.4252 1.8964 0.9567 -0.2195 0.6025 0.8371 6.7635 0.6264 0.0538 0.6342 0.7889 3.9001 -9e-04 9e-04 0.7068 0 0
10 116 599 0 0 0 0 0 1.0007 0 0.568 -0.1917 0.2146 0.2521 1.2871 0.9955 0.1678 0.2011 0.2465 2.2408 0.8019 0.136 0.5169 0.64 3.2539 0.157 0.157 0.4535 0 0
10 117 594 0 0 0 0 0 1.0013 0 0.9975 -0.1178 0.1348 0.1618 2.185 0.9795 0.2631 0.6148 0.8222 7.637 0.6196 -0.0997 0.578 0.7378 3.7455 -0.0228 0.0228 0.6987 0 0
10 118 742 3 0 0 0 0 1.0018 0 0.6481 -0.1032 0.1968 0.2009 1.8888 0.9551 0.3881 0.4802 0.8051 9.4598 0.6389 -0.0829 0.6105 0.7938 4.065 -0.0377 0.0377 1.0937 1 0
10 119 593 0 0 0 0 0 1.0005 0 0.9078 0.1612 0.3183 0.3352 1.63 0.9801 0.2272 0.3183 0.3984 4.7276 0.7207 0.1747 0.6312 0.7904 3.137 0.0862 0.0862 0.4217 0 0
10 120 587 0 0 0 0 0 1.0016 0 0.7698 0.0215 0.1586 0.1794 1.5067 0.9943 0.0703 0.1014 0.1284 1.8984 0.7162 0.036 0.5468 0.6882 3.3043 -0.0147 0.0147 0.5348 0 0
10 121 591 0 0 0 0 0 1.0029 0 0.9536 -0.0324 0.1337 0.1347 1.5809 0.9604 0.326 0.3638 0.4592 3.216 0.7317 0.059 0.5737 0.7096 3.431 -0.2025 0.2025 0.59 0 0
10 122 589 0 0 0 0 0 1.0007 0 0.9273 0.1197 0.1197 0.1383 1.9816 0.9875 -0.3586 0.3693 0.4354 4.8162 0.6442 -0.2185 0.7378 0.9279 3.7455 8e-04 8e-04 0.6781 0 0
10 123 584 0 0 0 0 0 1.0008 0 0.3514 0.1969 0.3354 0.3538 2.1462 0.9797 0.0514 0.1556 0.1895 1.6019 0.7099 0.0748 0.6131 0.776 3.2022 -0.189 0.189 0.4856 0 0
10 124 566 0 0 0 0 0 1.0005 0 0.9443 -0.0222 0.0982 0.1232 1.5916 0.9859 -0.0878 0.4306 0.6582 9.0654 0.7135 0.0243 0.5923 0.7395 3.6413 -0.0205 0.0205 0.7758 0 0
10 125 572 1096 0 0 61 185 1.0432 135 0.2335 -0.1356 0.4168 0.4168 2.5756 0.8504 -0.7847 0.9444 1.3852 13.4874 0.6374 0.2838 0.6551 0.824 6.7229 0.1468 0.1468 0.8688 1 1
10 126 591 6 0 0 0 0 1.0006 0 0.9927 0.1022 0.1022 0.1119 1.4217 0.9832 -0.2788 0.2845 0.3206 3.2274 0.7013 -0.2327 0.6279 0.769 3.5456 0.1265 0.1265 0.5507 1 0
10 127 605 0 0 0 0 0 1.002 0 0.9981 0.0278 0.1095 0.1135 2.0955 0.9866 -0.1932 0.2878 0.3965 8.0247 0.6414 0.0413 0.64 0.792 3.6361 -0.2993 0.2993 0.6442 0 0
10 128 600 3 0 0 0 0 1.0007 0 0.5096 -0.2024 0.2345 0.2729 1.641 0.965 0.5053 0.8801 1.0766 10.132 0.6264 -0.0949 0.6228 0.7974 4.0379 -0.0176 0.0176 0.919 1 0
10 129 590 0 0 0 0 0 1.0013 0 -0.6696 0.0888 0.3803 0.3842 2.231 0.9434 0.3168 0.4541 0.7333 8.8819 0.63 0.023 0.6352 0.8078 3.5728 -0.1131 0.1131 0.5606 0 0
10 130 587 0 0 0 0 0 1.0005 0 -0.031 0.2133 0.3229 0.4362 1.7709 0.9733 -0.2149 0.3139 0.5245 4.2641 0.7058 -0.0243 0.6546 0.8046 3.2887 -0.0962 0.0962 0.6239 0 0
10 131 587 0 0 0 0 0 1.0005 0 0.3244 0.3377 0.6121 0.7706 3.1183 0.9809 -0.1785 0.3079 0.354 4.0361 0.7051 0.0983 0.5638 0.7137 2.9456 -0.0122 0.0122 0.4183 0 0
10 132 584 0 0 0 0 0 1.0008 0 -0.8821 -0.0906 0.483 0.5991 1.9135 0.9386 0.3054 0.4903 0.9374 10.2975 0.5899 0.0047 0.68 0.8582 3.369 -0.1254 0.1254 0.5617 0 0
10 133 621 0 0 0 0 0 1.0008 0 -0.9042 0.109 0.2737 0.3557 2.364 0.9827 0.0629 0.1832 0.2237 2.0599 0.6835 0.074 0.5581 0.7192 3.2854 -0.097 0.097 0.5988 0 0
10 134 721 3 0 0 0 0 1.0026 0 -0.5498 -0.3117 0.3117 0.4687 2.3566 0.9779 1.1442 1.6203 2.5875 27.8052 0.6657 -0.0958 0.6021 0.7611 4.0394 0.0827 0.0827 0.7087 1 0
10 135 600 0 0 0 0 0 1.0008 0 -0.48 0.1353 0.3698 0.426 2.101 0.9479 0.2031 0.3545 0.4874 4.4282 0.6425 -0.0696 0.6599 0.8397 3.5732 -0.0054 0.0054 0.6091 0 0
10 136 612 0 0 0 0 0 1.0016 0 0.9713 0.1707 0.6579 0.7786 3.148 0.9574 0.0298 0.5011 0.5971 3.6227 0.721 0.1795 0.5658 0.7199 3.0979 0.0818 0.0818 0.4172 0 0
10 137 591 0 0 0 0 0 1.0007 0 0.9779 0.1003 0.1748 0.2206 1.8632 0.9895 0.1006 0.237 0.3238 6.2123 0.6775 0.0108 0.6095 0.7723 3.56 0.01 0.01 0.5855 0 0
10 138 582 0 0 0 0 0 1.0018 0 0.8643 -0.0712 0.4264 0.4351 2.234 0.9472 0.7464 1.2394 1.9793 18.355 0.5488 -0.0674 0.6991 0.8747 3.5493 0.0351 0.0351 0.5339 0 0
10 139 588 0 0 0 0 0 1.001 0 -0.4285 -0.0337 0.3002 0.3533 2.4207 0.9306 -0.1707 0.5267 0.6954 6.2054 0.6198 -0.0778 0.6087 0.7555 3.7468 0.0366 0.0366 0.6022 0 0
10 140 596 14 0 0 0 0 1.0033 0 0.2348 -0.4393 0.4393 0.5282 1.4324 0.9368 -0.7541 1.5249 1.8142 14.4105 0.5646 -0.0449 0.6876 0.8619 4.1915 -0.1423 0.1423 1.081 1 0
10 141 595 0 0 0 0 0 1.0008 0 -0.9797 0.1516 0.3741 0.4352 2.0867 0.9284 0.0691 0.3213 0.4079 2.8798 0.6458 0.0039 0.6585 0.8156 3.3318 0.0339 0.0339 0.5079 0 0
10 142 592 0 0 0 0 0 1.0005 0 0.9981 0.1756 0.1756 0.178 1.5171 0.9902 -0.0304 0.1073 0.1406 1.8293 0.724 -0.0678 0.5778 0.7438 3.2265 0.0462 0.0462 0.4712 0 0
10 143 700 0 0 0 0 0 1.0029 0 -0.1725 -0.1634 0.1928 0.2608 1.5174 0.9612 0.4433 0.579 1.0157 11.3229 0.6209 0.0932 0.6748 0.8533 3.9259 0.1374 0.1374 0.6229 0 0
10 144 597 0 0 0 0 0 1.0007 0 -0.4001 -0.0215 0.4482 0.4782 2.0172 0.9508 -0.0841 0.2717 0.3933 3.0978 0.7142 0.0467 0.5943 0.739 3.3099 -0.1233 0.1233 0.559 0 0
10 145 591 0 0 0 0 0 1.0013 0 0.0545 -0.0354 0.1524 0.165 1.5839 0.9593 -0.1737 0.3689 0.3956 3.6002 0.5837 -0.2039 0.6213 0.7585 3.4975 -0.0487 0.0487 0.5642 0 0
10 146 610 0 0 0 0 0 1.0002 0 0.9459 -0.2779 0.2779 0.2961 1.2696 0.9896 -0.1244 0.2819 0.3733 2.5829 0.7631 -0.122 0.5084 0.6455 3.3567 0.1705 0.1705 0.432 0 0
10 147 601 3 0 0 0 0 1.0021 0 0.947 -0.2756 0.2756 0.3017 2.0687 0.9846 -0.4753 0.8305 1.0962 9.4808 0.6434 -0.1415 0.6108 0.7517 4.0384 0.1156 0.1156 0.6665 1 0
10 148 577 1 0 0 0 0 1.0007 0 -0.9029 0.0188 0.2739 0.2993 1.7559 0.9653 0.1104 0.3934 0.5558 10.1311 0.5952 -0.1506 0.7046 0.8727 3.8237 -0.1351 0.1351 0.8633 1 0
10 149 572 1 0 0 0 0 1.0011 0 -0.065 0.091 0.358 0.4351 2.5141 0.8878 -0.1351 0.5784 0.9586 11.2423 0.5099 0.0106 0.7349 0.9334 3.5467 -0.0386 0.0386 0.6686 1 0
10 150 594 0 0 0 0 0 1.0003 0 1 0.1215 0.2497 0.2682 1.4809 0.982 -0.1736 0.2096 0.2508 1.4186 0.7283 -0.0698 0.5943 0.7424 3.1081 0.0884 0.0884 0.4271 0 0
10 151 2893 3075 0 0 0 0 1.0003 0 -0.229 -0.2231 0.9197 0.9278 4.305 0.8442 2.2326 2.3246 2.8192 7.7802 0.4415 3.1451 3.1451 3.3611 7.187 0.709 0.709 0.0931 1 0
10 152 601 0 0 0 0 0 1.0009 0 -0.9999 0.0791 0.1427 0.1978 1.3556 0.9834 -0.1501 0.2246 0.3076 2.1507 0.7313 -0.0152 0.5441 0.72 3.3832 0.0207 0.0207 0.5998 0 0
10 153 603 0 0 0 0 0 1.0012 0 0.0273 -0.1429 0.2349 0.2623 2.1021 0.979 -0.0413 0.4309 0.624 7.3927 0.6991 0.1222 0.6298 0.7861 3.8047 0.0643 0.0643 0.6423 0 0
10 154 594 0 0 0 0 0 1.0015 0 -0.2492 -0.1107 0.3533 0.4356 1.7295 0.9295 0.0781 0.3948 0.6103 4.9546 0.6458 -0.0474 0.6338 0.8087 3.4811 0.0806 0.0806 0.6005 0 0
10 155 596 0 0 0 0 0 1.0014 0 -0.9997 -0.007 0.5433 0.5752 2.9696 0.9789 0.3333 0.7116 1.0176 9.3606 0.6784 0.0196 0.5928 0.7367 3.604 0.0572 0.0572 0.6189 0 0
10 156 574 0 0 0 0 0 1.0007 0 0.5255 0.2391 0.2891 0.3949 2.3051 0.9649 -0.3833 0.4003 0.4638 3.9551 0.4678 -0.1223 0.7065 0.8895 3.5477 -0.3342 0.3342 0.7487 0 0
10 157 604 0 0 0 0 0 1.0003 0 0.6294 0.0421 0.4003 0.4729 2.0772 0.8607 -0.647 1.5662 2.5801 22.8778 0.6274 -0.0685 0.6378 0.8222 3.61 0.1065 0.1065 0.5735 0 0
10 158 599 0 0 0 0 0 1.0011 0 -0.6797 0.1016 0.2298 0.3075 1.5486 0.9675 0.0365 0.2198 0.2461 3.193 0.6201 0.0131 0.6394 0.785 3.2697 -0.1874 0.1874 0.5479 0 0
10 159 599 0 0 0 0 0 1.0006 0 0.8491 0.1012 0.1704 0.2392 1.84 0.9721 0.2716 0.4056 0.5843 8.6499 0.75 0.0172 0.5615 0.7041 3.676 0.1655 0.1655 0.466 0 0
10 160 593 0 0 0 0 0 1.0008 0 0.9877 -0.078 0.101 0.1125 1.7796 0.9932 -0.0249 0.1434 0.1713 2.3293 0.7519 -0.0246 0.5109 0.6458 3.428 -0.1877 0.1877 0.6488 0 0
10 161 593 0 0 0 0 0 1.0005 0 -0.378 -0.0893 0.355 0.3595 1.3801 0.9922 0.198 0.2152 0.2867 3.2089 0.7474 0.0432 0.5573 0.7031 3.134 -0.1077 0.1077 0.5442 0 0
10 162 579 4 0 0 0 0 1.0011 0 0.9287 -0.1238 0.3418 0.3433 2.0181 0.9654 -0.5807 0.8184 1.0743 9.4892 0.6397 -0.2174 0.6028 0.7578 3.8362 0.1959 0.1959 0.5823 1 0
10 163 600 5 0 0 0 0 1.0007 0 0.9631 -0.5231 0.5231 0.5355 1.2688 0.9755 0.6322 1.5569 2.3067 22.8412 0.6744 -0.1115 0.5779 0.7402 4.1502 0.2533 0.2533 0.5926 1 0
10 164 591 0 0 0 0 0 1.0046 0 -0.8285 -0.0285 0.3339 0.41 2.624 0.9293 -0.1192 0.4749 0.6686 7.3431 0.6051 -0.1248 0.6151 0.7859 3.876 -0.0313 0.0313 0.7619 0 0
10 165 608 0 0 0 0 0 1.001 0 0.9794 -0.0563 0.0713 0.1037 1.3803 0.9966 0.2392 0.2694 0.2934 4.816 0.773 0.1092 0.508 0.6337 3.3156 -0.0133 0.0133 0.4558 0 0
10 166 587 0 0 0 0 0 1.0014 0 0.3608 -0.0812 0.1989 0.2562 1.4144 0.9643 -0.0162 0.3244 0.3903 4.2256 0.7284 -0.2082 0.5779 0.7342 3.7388 0.0762 0.0762 0.6324 0 0
10 167 553 0 0 0 0 0 1.0008 0 0.5705 0.249 0.249 0.2947 1.6052 0.9945 -0.131 0.1642 0.2193 1.5344 0.6988 -0.0485 0.594 0.7384 3.0196 -0.1688 0.1688 0.471 0 0
10 168 604 1 0 0 0 0 1.0008 0 0.1108 -0.2102 0.2102 0.2895 1.5877 0.968 0.0901 0.2577 0.3846 3.2151 0.7395 0.0958 0.5443 0.6796 3.5251 0.0795 0.0795 0.6484 1 0
10 169 615 21 0 0 0 0 1.0098 0 0.6604 -0.2788 0.2788 0.3229 1.8834 0.9844 0.4527 0.8678 1.0127 11.3243 0.6165 -0.0504 0.6227 0.7651 4.2135 0.0151 0.0151 1.0166 1 0
10 170 599 0 0 0 0 0 1.0006 0 0.2277 -0.0563 0.3138 0.3232 1.7148 0.9837 0.0713 0.2045 0.2378 3.4386 0.7375 0.0199 0.5716 0.7517 3.302 0.02 0.02 0.5381 0 0
10 171 587 0 0 0 0 0 1.0021 0 0.5409 -0.1111 0.371 0.4255 1.9356 0.9893 -0.1934 0.2372 0.3717 4.9236 0.7707 -0.107 0.5698 0.7155 3.4699 0.0433 0.0433 0.6109 0 0
10 172 611 1 0 0 0 0 1.0004 0 0.9747 -0.3567 0.3567 0.3569 1.1013 0.9925 -0.1456 0.4684 0.551 4.2223 0.7033 0.0149 0.5531 0.6896 3.7187 0.1645 0.1645 0.5649 1 0
10 173 592 0 0 0 0 0 1.0013 0 0.4335 0.0253 0.0784 0.0958 1.4274 0.9788 0.1749 0.207 0.3241 2.7348 0.6201 -0.0358 0.6455 0.8185 3.4469 -0.3314 0.3314 0.6077 0 0
10 174 606 68 0 0 0 0 1.0005 0 0.3908 -0.2057 0.2057 0.2376 1.1915 0.9479 0.0118 0.3509 0.4298 4.0171 0.6515 0.2716 0.6718 0.8653 4.1532 0.2311 0.2311 0.5806 1 0
10 175 600 0 0 0 0 0 1.0006 0 0.7674 -0.1998 0.1998 0.2306 1.5894 0.9783 0.1906 0.3916 0.5308 5.3233 0.7066 -0.058 0.6026 0.7353 3.8406 -0.01 0.01 0.6412 0 0
10 176 596 0 0 0 0 0 1.0018 0 0.9824 -0.26 0.26 0.2802 1.5254 0.9886 0.046 0.3516 0.4106 4.587 0.7012 0.2064 0.5874 0.7355 3.713 0.0448 0.0448 0.617 0 0
10 177 596 0 0 0 0 0 1.0005 0 0.9307 0.2898 0.2898 0.3294 1.7786 0.9696 0.0476 0.168 0.2491 1.1767 0.7476 -0.117 0.5983 0.7671 2.9839 0.0465 0.0465 0.4344 0 0
10 178 612 0 0 0 0 0 1.0005 0 0.9292 -0.1261 0.1676 0.1957 1.3572 0.9903 -0.2374 0.2709 0.347 2.4634 0.8252 -0.0966 0.4622 0.5645 3.2832 0.1013 0.1013 0.433 0 0
10 179 585 1 0 0 0 0 1.0029 0 -0.1803 -0.0661 0.4965 0.5852 3.1718 0.9348 0.7485 1.0356 1.595 15.1818 0.5328 -0.1365 0.6894 0.8753 3.7184 -0.1976 0.1976 0.8298 1 0
10 180 596 0 0 0 0 0 1.0006 0 -0.0612 0.0527 0.2298 0.2685 1.3553 0.9924 -0.0657 0.1481 0.1899 3.5835 0.7383 0.0421 0.5804 0.7286 3.5346 0.0508 0.0508 0.5147 0 0
10 181 591 0 0 0 0 0 1.0005 0 0.4148 -0.3256 0.3256 0.3865 1.4553 0.9906 -0.7747 0.8617 1.3167 12.7996 0.6663 -0.0849 0.6313 0.784 3.626 0.0065 0.0065 0.6076 0 0
10 182 587 0 0 0 0 0 1.0004 0 0.9908 0.0403 0.0794 0.0845 1.3441 0.9942 0.0325 0.1395 0.1759 3.4318 0.6675 -0.0069 0.6017 0.7575 3.4009 0.0529 0.0529 0.5027 0 0
10 183 601 0 0 0 0 0 1.0005 0 0.0026 -0.008 0.3213 0.3908 1.8011 0.9677 0.147 0.2448 0.3034 1.8324 0.7139 0.1837 0.5605 0.7311 3.359 -0.151 0.151 0.5236 0 0
10 184 603 10 0 0 0 0 1.0014 0 0.8823 -0.2071 0.2394 0.276 1.7169 0.985 -0.0451 0.4773 0.6066 7.6133 0.7074 -0.0053 0.6012 0.7641 4.0995 0.0406 0.0406 0.8464 1 0
10 185 590 0 0 0 0 0 1.0014 0 0.8861 -0.3644 0.3644 0.4272 1.5565 0.9917 -0.1586 0.7768 0.9681 9.807 0.6728 -0.035 0.5495 0.7049 4.024 -0.0048 0.0048 0.8349 0 0
10 186 596 0 0 0 0 0 1.001 0 0.1401 0.0513 0.2746 0.3248 2.3847 0.9747 0.2806 0.3973 0.5097 5.7897 0.6145 0.0716 0.6566 0.7975 3.6705 -0.196 0.196 0.7561 0 0
10 187 600 62 0 0 0 0 1.0005 0 0.7586 -0.3247 0.3247 0.4069 1.7031 0.996 0.0347 0.3959 0.5157 5.6088 0.7215 -0.1548 0.5567 0.6913 3.8736 0.1647 0.1647 0.6261 1 0
10 188 599 0 0 0 0 0 1.0015 0 0.9802 0.1297 0.3045 0.3091 1.7264 0.9322 -0.1275 0.4177 0.4758 3.9977 0.7013 -0.0586 0.5864 0.7313 3.3295 0.022 0.022 0.5034 0 0
10 189 602 0 0 0 0 0 1.0005 0 0.7271 0.191 0.3077 0.4383 1.7203 0.983 0.0012 0.1636 0.2192 2.5998 0.8021 -0.0379 0.5272 0.6633 3.3359 0.2401 0.2401 0.3577 0 0
10 190 603 0 0 0 0 0 1.0005 0 -0.5763 -0.1308 0.3294 0.4169 1.4878 0.9679 -0.2905 0.3404 0.4292 2.0021 0.7617 -0.1901 0.5514 0.6974 3.3779 0.0925 0.0925 0.4848 0 0
10 191 595 3 0 0 0 0 1.001 0 -0.3137 -0.33 0.3507 0.4284 1.7949 0.9817 0.2927 1.073 1.4364 16.1741 0.6557 -0.1077 0.5903 0.7313 3.9895 -0.1439 0.1439 0.9028 1 0
10 192 1427 161 0 0 0 0 1.0003 0 0.9381 -0.4536 0.4536 0.4765 1.0237 0.9587 0.0406 0.7167 0.9506 5.9653 0.643 -0.0709 0.7014 0.8744 4.7197 0.4435 0.4435 0.5246 1 0
10 193 595 0 0 0 0 0 1.0003 0 0.9 0.0903 0.2032 0.2059 1.2435 0.9915 -0.4447 0.4447 0.488 1.6944 0.7653 -0.2844 0.6192 0.7683 3.1137 0.1053 0.1053 0.4485 0 0
10 194 594 0 0 0 0 0 1.0009 0 0.5575 -0.0113 0.2852 0.303 1.7112 0.933 -0.1028 0.3656 0.4576 3.8183 0.7028 -0.014 0.5818 0.7123 3.6077 0.0271 0.0271 0.5887 0 0
10 195 605 0 0 0 0 0 1.0007 0 -0.4363 0.2283 0.6232 0.628 1.5252 0.9393 0.2118 0.3873 0.4839 2.3123 0.7053 0.0702 0.64 0.7844 3.0262 0.0147 0.0147 0.4748 0 0
10 196 594 0 0 0 0 0 1.0032 0 0.4917 -0.0308 0.1537 0.1778 2.4355 0.9802 0.1185 0.2949 0.3216 3.5893 0.666 -0.0261 0.5914 0.7436 3.7045 -0.178 0.178 0.6915 0 0
10 197 589 0 0 0 0 0 1.0009 0 0.216 0.0423 0.3444 0.3581 1.767 0.991 0.1877 0.2414 0.2732 3.3212 0.6872 0.1459 0.5991 0.7496 3.3058 0.1492 0.1492 0.446 0 0
10 198 612 0 0 0 0 0 1.0002 0 0.5154 -0.1633 0.3144 0.4243 1.3424 0.9676 -0.0954 0.2161 0.3027 1.6873 0.8255 -0.0696 0.4877 0.6173 3.1085 0.1955 0.1955 0.3954 0 0
10 199 596 77 0 0 0 0 1.0012 0 -0.9706 -0.3265 0.3265 0.4019 1.8494 0.9889 -1.2201 1.2685 1.7087 15.6451 0.6273 0.0015 0.6132 0.7444 3.8924 -0.1825 0.1825 0.9381 1 0
10 200 611 0 0 0 0 0 1.0004 0 0.4184 -0.1075 0.1764 0.2091 1.261 0.9912 0.4981 0.4981 0.6942 4.7038 0.7835 0.176 0.5482 0.6793 3.3794 0.0107 0.0107 0.4814 0 0
10 201 611 0 0 0 0 0 1.0008 0 0.8877 -0.0457 0.2039 0.2457 1.4667 0.9877 0.1572 0.2062 0.2586 3.7684 0.7344 0.1263 0.5527 0.6911 3.5302 0.1359 0.1359 0.4899 0 0
10 202 607 0 0 0 0 0 1.0005 0 0.2938 -0.1825 0.1825 0.2461 1.8639 0.9754 -0.2228 0.4593 0.601 5.9264 0.6905 0.0145 0.598 0.7666 3.9795 -0.0608 0.0608 0.6939 0 0
10 203 615 0 0 0 0 0 1.0004 0 0.962 -0.2802 0.2802 0.2933 1.4003 0.996 -0.2483 0.4071 0.5029 4.7553 0.6873 0.0276 0.5416 0.6874 3.5802 0.0506 0.0506 0.6089 0 0
10 204 610 0 0 0 0 0 1.0005 0 0.7408 0.0229 0.181 0.2075 1.3906 0.9808 0.0629 0.2622 0.3019 3.206 0.6011 0.0269 0.6338 0.8095 3.5194 -0.4061 0.4061 0.7256 0 0
10 205 601 0 0 0 0 0 1.0009 0 0.604 -0.1879 0.3236 0.3382 1.9402 0.9367 0.5797 1.0772 1.8214 17.7671 0.6323 0.0419 0.6181 0.7605 3.643 -0.3543 0.3543 0.8336 0 0
10 206 603 4 0 0 0 0 1.0002 0 -0.944 -0.0189 0.2785 0.326 1.4946 0.9237 -0.3029 0.6253 0.7785 6.1173 0.5193 -0.0656 0.688 0.8402 3.7511 0.0281 0.0281 0.6908 1 0
10 207 592 0 0 0 0 0 1.0007 0 -0.9143 0.0491 0.2307 0.2841 1.6901 0.9691 0.0519 0.2381 0.3166 3.9286 0.6007 0.0184 0.6315 0.8028 3.6287 0.1043 0.1043 0.5859 0 0
10 208 590 0 0 0 0 0 1.0018 0 0.4623 0.2156 0.3922 0.5384 3.6699 0.9648 0.2576 0.4175 0.5213 8.1168 0.5779 0.0559 0.6972 0.8676 3.6531 -0.3385 0.3385 0.8224 0 0
10 209 592 0 0 0 0 0 1.0003 0 0.9963 0.0633 0.0633 0.0744 1.8632 0.9917 0.1831 0.1983 0.227 2.3914 0.7665 0.0905 0.5297 0.6835 3.1021 -0.0349 0.0349 0.4976 0 0
10 210 604 83 0 0 0 0 1.0006 0 0.0016 -0.4144 0.4144 0.4987 1.9094 0.9433 -1.5926 2.179 2.807 25.1859 0.5806 0.1024 0.6954 0.8599 4.1621 -0.0463 0.0463 1.0858 1 0
10 211 585 0 0 0 0 0 1.0002 0 -0.9695 0.3522 0.586 0.8139 2.7742 0.982 -0.4239 0.4239 0.4846 2.4517 0.7369 -0.2159 0.5917 0.7399 3.0156 -0.052 0.052 0.4722 0 0
10 212 597 0 0 0 0 0 1.0009 0 0.5214 -0.2008 0.2008 0.2111 1.4137 0.9925 0.078 0.3554 0.406 4.0232 0.6836 0.1023 0.5901 0.7632 3.6726 -0.118 0.118 0.7311 0 0
10 213 597 28 0 0 0 0 1.0014 0 -0.4596 -0.3162 0.3162 0.3559 1.7688 0.989 0.9285 1.4382 1.8993 17.2805 0.6274 0.051 0.6484 0.8434 4.279 -0.0909 0.0909 1.1808 1 0
10 214 590 2 0 0 0 0 1.001 0 0.8585 0.1454 0.1459 0.1788 2.1985 0.973 0.1213 0.2784 0.3436 6.3151 0.588 -0.0253 0.6864 0.8543 3.6978 0.0415 0.0415 0.665 1 0
10 215 592 0 0 0 0 0 1.0004 0 0.8834 -0.087 0.1875 0.2507 1.5569 0.9954 -0.1061 0.1324 0.1562 2.994 0.7943 -0.1413 0.5386 0.6803 3.5001 -0.0147 0.0147 0.5342 0 0
10 216 603 13 0 0 0 0 1.0014 0 -0.9228 -0.1069 0.1533 0.1948 1.5059 0.9865 0.0157 0.3452 0.3853 4.9766 0.5944 0.0327 0.6382 0.8059 3.9436 0.1408 0.1408 0.7268 1 0
10 217 592 0 0 0 0 0 1.0003 0 -0.9836 -0.1546 0.2732 0.3669 2.2771 0.9685 -0.5408 0.6731 1.0643 11.4221 0.628 -0.2456 0.6507 0.8363 3.6947 -0.2655 0.2655 0.783 0 0
10 218 578 0 0 0 0 0 1.0023 0 0.6772 -0.122 0.3036 0.3102 2.3346 0.958 0.0663 0.7302 1.0771 9.403 0.5812 -0.1956 0.6549 0.8119 3.7534 -0.1066 0.1066 0.6388 0 0
10 219 598 1 0 0 0 0 1.0017 0 0.8322 -0.0074 0.175 0.2032 2.0808 0.9887 0.0579 0.2085 0.2497 4.7244 0.6539 0.0517 0.67 0.8253 3.5163 -0.067 0.067 0.6619 1 0
10 220 593 2 0 0 0 0 1.0019 0 0.9874 0.1034 0.173 0.184 2.3163 0.9854 0.3982 0.4129 0.5106 6.3445 0.7022 0.236 0.6762 0.8495 3.8965 0.1548 0.1548 0.5511 1 0
10 221 590 0 0 0 0 0 1.0005 0 -0.7316 -0.0876 0.2065 0.2418 1.5509 0.9783 -0.213 0.3928 0.5284 5.2879 0.6521 -0.1462 0.5889 0.75 3.6944 -0.0801 0.0801 0.6389 0 0
10 222 523 0 0 0 0 0 1.0013 0 0.1296 -0.1244 0.2313 0.2516 1.4652 0.9786 0.0111 0.335 0.3697 3.3719 0.6937 0.0149 0.5551 0.714 3.7255 0.146 0.146 0.554 0 0
10 223 593 0 0 0 0 0 1.001 0 0.368 0.0056 0.3245 0.3464 2.0127 0.8891 0.1376 0.6046 0.8654 7.3401 0.6642 -0.0329 0.6178 0.7907 3.5659 -0.099 0.099 0.5572 0 0
10 224 597 1 0 0 0 0 1.0022 0 -0.0456 -0.1889 0.2633 0.2893 1.7197 0.8889 -0.7293 1.0206 1.407 13.9817 0.489 2e-04 0.6344 0.809 3.9779 -0.2298 0.2298 0.9524 1 0
10 225 604 0 0 0 0 0 1.0023 0 0.7806 0.0547 0.2127 0.2195 2.1018 0.9735 0.1005 0.1351 0.2175 2.05 0.6862 0.049 0.6007 0.7414 3.362 -0.1318 0.1318 0.5452 0 0
10 226 606 30 0 0 0 0 1.0009 0 -0.9996 -0.2407 0.2407 0.2651 1.3029 0.9931 0.1538 0.4901 0.5848 7.3879 0.6343 -0.2237 0.6543 0.8451 4.3823 0.1239 0.1239 0.8843 1 0
10 227 611 86 0 0 0 0 1.0013 0 0.7711 -0.4632 0.4632 0.4752 1.3288 0.9852 -0.5693 1.3984 2.0305 19.4789 0.6127 -0.3331 0.6665 0.8255 4.3784 -0.3636 0.3636 1.1839 1 0
10 228 599 0 0 0 0 0 1.0019 0 -0.0664 0.1714 0.3315 0.4497 3.3676 0.8677 -0.2083 0.4987 0.6503 6.092 0.4804 -0.1325 0.7742 0.9674 3.918 0.1863 0.1863 0.6008 0 0
10 229 576 0 0 0 0 0 1.0017 0 0.6798 0.1212 0.2457 0.2899 2.3244 0.9869 0.0675 0.176 0.224 4.5929 0.6523 0.1028 0.5957 0.7514 3.4169 -0.2673 0.2673 0.6146 0 0
10 230 607 0 0 0 0 0 1.0005 0 -0.9984 -0.147 0.2152 0.2988 1.2588 0.9638 -0.0127 0.295 0.4124 2.8888 0.773 -0.0382 0.5458 0.6759 3.3925 0.1004 0.1004 0.4842 0 0
10 231 592 0 0 0 0 0 1.0029 0 0.3206 0.2072 0.3678 0.3787 2.183 0.9283 0.2017 0.33 0.4369 4.1013 0.5271 0.1015 0.7116 0.8804 3.5243 -0.0254 0.0254 0.5673 0 0
10 232 584 31 0 0 0 0 1.0025 0 0.5633 -0.145 0.2436 0.3061 2.2539 0.9844 0.6116 1.4187 2.0354 19.1004 0.555 -0.136 0.6613 0.8205 3.7454 -0.2049 0.2049 0.8444 1 0
10 233 596 0 0 0 0 0 1.0014 0 0.6011 0.0576 0.2249 0.2394 1.9141 0.9596 -0.2084 0.3251 0.4786 5.8145 0.6718 -0.0029 0.6419 0.8043 3.4445 -0.1063 0.1063 0.583 0 0
10 234 589 0 0 0 0 0 1.0016 0 -0.9963 -0.1842 0.4606 0.4617 1.9044 0.9901 -0.1072 0.8309 1.1638 11.4541 0.6151 0.085 0.6497 0.8175 3.6847 0.1671 0.1671 0.5612 0 0
10 235 582 0 0 0 0 0 1.0011 0 0.0608 0.0511 0.2145 0.2635 1.6291 0.9801 0.1196 0.2079 0.2473 3.1406 0.6781 0.1621 0.6182 0.7673 3.436 0.1189 0.1189 0.5263 0 0
10 236 594 2 0 0 0 0 1.0009 0 -0.2495 -0.2649 0.3078 0.3803 1.6884 0.9886 -0.4773 1.1214 1.4376 15.368 0.5903 0.0602 0.6128 0.773 4.0628 0.1238 0.1238 0.7428 1 0
10 237 608 0 0 0 0 0 1.0008 0 0.972 -0.2461 0.2461 0.3162 1.4988 0.9234 -0.3582 0.5581 0.8634 8.9198 0.7256 0.0808 0.5628 0.7037 3.7604 0.1109 0.1109 0.5317 0 0
10 238 562 6 0 0 0 0 1.0001 0 -0.7269 -0.0689 0.4052 0.4125 1.9848 0.9823 0.731 0.7926 0.9654 9.5625 0.4774 0.11 0.6959 0.8807 3.8606 -0.0691 0.0691 0.8141 1 0
10 239 588 0 0 0 0 0 1.0008 0 0.9097 -0.237 0.237 0.2698 1.8077 0.9852 -0.4567 0.4788 0.7058 6.176 0.705 -0.0893 0.606 0.7532 3.7804 0.0946 0.0946 0.6549 0 0
10 240 575 40 0 0 0 0 1.0004 0 -0.5427 0.0742 0.3687 0.3738 1.7533 0.8946 -0.0418 0.4615 0.6469 6.2276 0.6416 0.0866 0.5871 0.7574 3.6375 0.079 0.079 0.6644 1 0
10 241 594 0 0 0 0 0 1.0004 0 0.964 -0.0227 0.0982 0.0989 1.4608 0.9964 -0.0233 0.1028 0.1407 4.2031 0.751 0.15 0.5525 0.6852 3.3681 -0.0025 0.0025 0.5231 0 0
10 242 599 0 0 0 0 0 1.0004 0 -0.2345 0.0476 0.1923 0.2286 1.6519 0.9764 -0.1495 0.2799 0.3312 2.3809 0.6329 -0.1518 0.6034 0.7596 3.544 -0.0619 0.0619 0.5341 0 0
10 243 578 0 0 0 0 0 1.0004 0 -0.9904 0.1673 0.212 0.2913 1.7687 0.9934 -0.1086 0.1415 0.1651 1.8014 0.7219 0.0291 0.5924 0.753 3.1839 0.0804 0.0804 0.4724 0 0
10 244 584 2 0 0 0 0 1.0032 0 0.4536 -0.0168 0.2138 0.2598 1.9211 0.9342 0.4563 0.5767 0.8571 10.11 0.6262 0.0152 0.6098 0.7833 3.6176 -0.1535 0.1535 0.7595 1 0
10 245 589 0 0 0 0 0 1.0009 0 -0.178 -0.1818 0.1818 0.2212 1.7583 0.9966 0.2534 0.3264 0.4242 5.7918 0.622 -0.0177 0.6906 0.8569 3.7175 -0.0116 0.0116 0.6426 0 0
10 246 604 0 0 0 0 0 1.0022 0 0.6922 -0.0698 0.2696 0.2751 1.9001 0.9623 -0.401 0.5269 0.7503 7.834 0.6988 -0.0268 0.6042 0.7467 3.6245 0.0778 0.0778 0.5818 0 0
10 247 590 0 0 0 0 0 1.0013 0 -0.0256 0.0379 0.3106 0.3298 2.0083 0.9769 -0.037 0.1964 0.2212 2.5856 0.7218 -0.0431 0.5668 0.7215 3.478 -0.1422 0.1422 0.6477 0 0
10 248 600 0 0 0 0 0 1.001 0 0.9509 -0.0934 0.0938 0.1149 1.7545 0.993 0.2145 0.2698 0.3342 4.9139 0.7373 0.1343 0.5638 0.7068 3.5395 -0.1103 0.1103 0.5287 0 0
10 249 594 0 0 0 0 0 1.0005 0 0.3518 0.0692 0.1835 0.2297 1.9276 0.9927 0.0674 0.1641 0.2286 3.6667 0.6893 -0.0969 0.6093 0.7608 3.4561 -0.0361 0.0361 0.6035 0 0
10 250 608 0 0 0 0 0 1.0005 0 0.9947 -0.0616 0.1703 0.1706 1.7161 0.9768 -0.0237 0.1866 0.2631 3.2103 0.7126 0.1216 0.5834 0.7224 3.4745 -0.0281 0.0281 0.5544 0 0
10 251 770 12 0 0 0 0 1.0129 1 -0.3676 -0.1876 0.1876 0.251 2.772 0.959 0.1054 0.601 0.739 7.5575 0.6461 0.0222 0.6064 0.7768 4.6374 -0.0638 0.0638 1.0981 1 0
10 252 601 0 0 0 0 0 1.007 0 -0.9896 0.0275 0.5533 0.6006 4.7361 0.9712 -0.1096 0.5154 0.6563 7.9334 0.6178 0.1013 0.6657 0.8181 3.6669 -0.1446 0.1446 0.7568 0 0
10 253 601 1 0 0 0 0 1.0009 0 0.9923 -0.209 0.209 0.2681 1.4484 0.9547 0.4999 0.6704 1.1484 11.161 0.7027 -0.0458 0.5991 0.7571 3.7555 0.1526 0.1526 0.6036 1 0
10 254 611 1 0 0 0 0 1.001 0 -0.9577 -0.2933 0.2933 0.368 1.8869 0.914 -1.202 1.3471 1.9363 15.7442 0.6444 -0.1397 0.5828 0.732 4.0624 -0.2064 0.2064 0.9273 1 0
10 255 759 47 0 0 0 0 1.0022 0 -0.6952 -0.3509 0.3509 0.3539 1.3141 0.9977 0.0614 0.9515 1.1231 8.9595 0.658 0.1834 0.6278 0.7894 4.3139 0.1944 0.1944 0.8116 1 0
10 256 594 0 0 0 0 0 1.0028 0 0.6373 -0.1653 0.1653 0.1717 1.5714 0.988 0.1632 0.2721 0.3563 4.6558 0.6413 0.0039 0.5952 0.7583 3.7488 -0.0466 0.0466 0.5798 0 0
10 257 589 0 0 0 0 0 1.0004 0 0.8064 -0.0323 0.1347 0.1463 1.5407 0.9898 -0.4754 0.4754 0.7253 8.601 0.6221 -0.0439 0.6766 0.8677 3.5507 -0.059 0.059 0.667 0 0
10 258 588 0 0 0 0 0 1.0012 0 -0.4144 0.1463 0.3224 0.3706 2.4969 0.9399 0.127 0.3437 0.3921 4.4221 0.6371 0.1017 0.6657 0.8169 3.6088 -0.0965 0.0965 0.5892 0 0
10 259 602 0 0 0 0 0 1.0004 0 0.5554 -0.0037 0.3306 0.3515 1.4282 0.9617 -0.0271 0.2304 0.2801 2.1131 0.7852 0.062 0.4935 0.6142 3.1029 0.0031 0.0031 0.4492 0 0
10 260 581 0 0 0 0 0 1.0007 0 0.9573 0.1316 0.1656 0.1844 1.5014 0.9903 0.115 0.1812 0.2174 3.8477 0.6658 -0.0167 0.6971 0.8669 3.5313 0.1285 0.1285 0.4828 0 0
10 261 594 0 0 0 0 0 1.0012 0 0.0342 -0.0817 0.1788 0.1804 1.6245 0.9974 -0.0705 0.1339 0.1721 3.374 0.7025 -0.1039 0.5553 0.6909 3.4211 -0.2321 0.2321 0.5632 0 0
10 262 611 0 0 0 0 0 1.0009 0 1 -0.2134 0.2134 0.217 1.2452 0.9926 0.2481 0.3102 0.3836 5.1908 0.7732 0.2387 0.5879 0.7298 3.4363 0.1587 0.1587 0.4732 0 0
10 263 597 0 0 0 0 0 1.0006 0 0.9795 -0.2396 0.2396 0.2807 1.4305 0.9784 -0.0097 0.2304 0.2642 1.9437 0.8377 -0.0284 0.4711 0.5856 3.2772 0.1268 0.1268 0.4559 0 0
10 264 588 0 0 0 0 0 1.0004 0 0.7295 -0.0619 0.2394 0.2864 1.4225 0.9796 -0.1981 0.2801 0.3449 2.1636 0.7529 -0.1481 0.601 0.7438 3.2966 0.0501 0.0501 0.5083 0 0
10 265 1432 654 0 0 0 0 1.0017 0 0.7585 -0.2787 0.2787 0.3028 1.1418 0.9318 0.321 0.7003 0.9808 12.788 0.5744 -0.374 0.705 0.8841 5.2041 0.2522 0.2522 0.8757 1 0
10 266 583 30 0 0 0 0 1.001 0 0.3621 -0.0451 0.2487 0.2885 3.244 0.9216 0.7634 0.9199 1.2946 14.4347 0.5609 -0.0212 0.6685 0.8415 4.3489 -0.0781 0.0781 0.9271 1 0
10 267 581 0 0 0 0 0 1.0012 0 0.9938 -0.0269 0.0461 0.0592 1.4618 0.9911 -0.1804 0.2132 0.2796 4.7054 0.7128 -0.1274 0.5883 0.7377 3.4669 0.0067 0.0067 0.5533 0 0
10 268 613 0 0 0 0 0 1.0002 0 -0.4773 -0.2294 0.3962 0.4205 1.717 0.9383 0.3535 1.0415 1.5717 11.7543 0.5111 0.0333 0.6759 0.845 3.9462 0.1275 0.1275 0.593 0 0
10 269 603 4 0 0 0 0 1.0008 0 -0.8335 -0.2391 0.2665 0.4152 1.5756 0.9849 -0.3292 0.3794 0.7222 5.7338 0.7397 -0.1442 0.5561 0.7172 3.7782 0.11 0.11 0.6714 1 0
10 270 1131 4300 0 0 192 165 1.147 190 -0.3676 -0.382 0.5829 0.6602 3.1553 0.9966 0.9851 1.684 2.1068 19.0429 0.575 -0.303 0.7381 0.8958 8.3524 0.0604 0.0604 1.2554 1 1
10 271 584 6 0 0 0 0 1.0012 0 -0.7134 -0.16 0.2938 0.4019 1.7097 0.9231 0.0613 0.4884 0.7518 7.3627 0.5862 -0.0245 0.607 0.7998 3.7971 0.0023 0.0023 0.7537 1 0
10 272 624 860 0 0 0 0 1.0036 0 -0.6798 -0.1521 0.4344 0.4424 2.8 0.8067 0.5101 1.0292 1.4622 13.4279 0.5956 -0.1555 0.6841 0.8296 4.6274 0.0995 0.0995 1.0825 1 0
10 273 595 0 0 0 0 0 1.0004 0 0.8354 0.005 0.2694 0.2913 1.9513 0.8682 -0.1555 0.3664 0.6611 7.7659 0.7348 -0.0531 0.562 0.7146 3.3524 -0.122 0.122 0.4937 0 0
10 274 609 0 0 0 0 0 1.0003 0 0.525 -0.2757 0.2757 0.3357 1.5468 0.9862 -0.0476 0.4184 0.5299 5.2344 0.727 -0.1591 0.5657 0.7034 3.4957 0.1912 0.1912 0.5178 0 0
10 275 602 0 0 0 0 0 1.0009 0 0.9247 0.1604 0.1663 0.2816 2.1142 0.9797 -0.0246 0.1645 0.2075 2.0072 0.7047 -0.0646 0.5868 0.7413 3.2747 0.0071 0.0071 0.5454 0 0
10 276 596 0 0 0 0 0 1.0011 0 -0.6772 -0.152 0.3175 0.3685 1.526 0.9918 0.0398 0.1479 0.1766 2.9978 0.7606 -0.0367 0.5042 0.632 3.2924 -0.0902 0.0902 0.5094 0 0
10 277 621 0 0 0 0 0 1.0011 0 0.9202 -0.3012 0.3012 0.3389 1.2074 0.9932 0.0325 0.3249 0.4121 2.8601 0.8289 0.0492 0.4483 0.5584 3.4768 0.0721 0.0721 0.5499 0 0
10 278 611 0 0 0 0 0 1.0009 0 0.5655 -0.3666 0.3666 0.3996 1.5529 0.984 0.2258 0.6161 0.7578 6.9369 0.7341 -0.0955 0.5201 0.6401 3.7783 -0.0196 0.0196 0.6856 0 0
10 279 609 55 0 0 0 0 1.0022 0 0.9924 -0.0387 0.1091 0.1404 1.5632 0.9758 0.0267 0.3303 0.4509 6.359 0.6822 0.1119 0.5574 0.7095 4.0067 0.1033 0.1033 0.7136 1 0
10 280 590 0 0 0 0 0 1.0003 0 0.4589 0.1101 0.2489 0.3132 1.6772 0.9889 -0.2306 0.2563 0.3349 3.4365 0.7242 -0.1416 0.5877 0.7625 3.4513 -0.0056 0.0056 0.5642 0 0
10 281 590 0 0 0 0 0 1.0002 0 -0.3635 -0.0692 0.4431 0.4542 1.8039 0.9775 0.4717 0.4799 0.6017 6.1021 0.6407 0.0511 0.6211 0.7797 3.2974 -0.1923 0.1923 0.5747 0 0
10 282 583 0 0 0 0 0 1.0006 0 0.9993 0.199 0.384 0.3958 2.3434 0.942 0.6635 0.6635 1.0614 10.7577 0.6048 0.0858 0.7269 0.8922 3.4816 0.0017 0.0017 0.5506 0 0
10 283 600 0 0 0 0 0 1.0007 0 0.608 0.0519 0.185 0.2211 1.5696 0.9829 -0.0561 0.1955 0.2299 4.1051 0.7277 -0.1064 0.5693 0.7118 3.4685 -0.0472 0.0472 0.5609 0 0
10 284 594 21 0 0 0 0 1.0005 0 0.0799 -0.179 0.2346 0.2584 1.3164 0.9163 0.7564 0.7564 1.0153 9.9332 0.6473 -0.0112 0.5773 0.7236 3.9486 0.0086 0.0086 0.831 1 0
10 285 597 0 0 0 0 0 1.0003 0 0.2176 -0.2605 0.2605 0.288 1.4062 0.9902 0.0153 0.3831 0.531 4.8325 0.7292 -0.0787 0.5997 0.7491 3.7243 0.1137 0.1137 0.6081 0 0
10 286 626 0 0 0 0 0 1.0004 0 0.8045 -0.2042 0.2289 0.2676 1.3439 0.9868 0.0377 0.1778 0.2276 2.5781 0.8098 -0.0022 0.4833 0.609 3.2178 0.0855 0.0855 0.4153 0 0
10 287 602 0 0 0 0 0 1.0048 0 0.2684 0.1246 0.4101 0.4813 3.1902 0.9512 -0.2467 0.5028 0.8919 9.8747 0.5455 0.0713 0.6688 0.8412 3.5019 -0.2676 0.2676 0.6265 0 0
10 288 752 53 0 0 0 0 1.0003 0 -0.1049 -0.5358 0.5358 0.5611 1.2407 0.9943 1.0779 1.928 2.5151 22.1876 0.6976 -0.2016 0.6228 0.7553 4.2401 0.0856 0.0856 0.8942 1 0
10 289 602 1 0 0 0 0 1.0003 0 -0.7858 -0.2702 0.2702 0.3774 1.3716 0.9767 -0.3882 0.6225 0.7676 6.2713 0.6383 0.0565 0.6212 0.8012 3.9504 0.184 0.184 0.5826 1 0
10 290 589 0 0 0 0 0 1.0004 0 0.9486 0.0171 0.1994 0.2389 1.5937 0.9654 0.4591 0.5876 0.9876 12.0546 0.6646 -0.1396 0.5975 0.7669 3.5939 0.0887 0.0887 0.5376 0 0
10 291 608 0 0 0 0 0 1.0017 0 -0.5135 -0.0689 0.4374 0.5006 2.4132 0.7979 -0.0391 0.9537 1.5168 11.7628 0.6155 0.0339 0.5692 0.6994 3.8599 -0.0873 0.0873 0.7896 0 0
10 292 583 3 0 0 0 0 1.0024 0 -0.8613 -0.0232 0.5762 0.6055 2.4756 0.9667 0.2947 0.8145 1.0424 7.6 0.6082 0.0336 0.6556 0.8164 3.6855 0.0316 0.0316 0.7203 1 0
10 293 601 0 0 0 0 0 1.0004 0 0.9312 -0.0303 0.0597 0.0665 1.5936 0.9891 -0.0049 0.1877 0.2767 4.4727 0.6983 0.0796 0.5998 0.7591 3.4246 -0.3885 0.3885 0.6347 0 0
10 294 581 0 0 0 0 0 1.0006 0 0.9923 -0.0897 0.0897 0.0987 1.3279 0.9812 -0.2552 0.3149 0.4135 5.2998 0.7635 -0.134 0.5801 0.7225 3.4523 -0.1124 0.1124 0.624 0 0
10 295 607 0 0 0 0 0 1.001 0 0.2288 -0.0913 0.3382 0.349 1.7453 0.9366 -0.12 0.3795 0.6144 5.8365 0.6769 -0.0773 0.6189 0.7659 3.6082 -0.0075 0.0075 0.6089 0 0
10 296 606 0 0 0 0 0 1.0007 0 0.3593 -0.0132 0.2992 0.3448 1.4724 0.9552 -0.0919 0.3623 0.4857 4.3046 0.7723 0.0098 0.5324 0.6665 3.0924 -0.0401 0.0401 0.4669 0 0
10 297 602 11 0 0 0 0 1.0011 0 0.5876 -0.3567 0.3567 0.39 1.4193 0.9569 -0.2208 0.6496 0.8462 7.4891 0.618 0.0112 0.5761 0.7128 4.0402 0.1467 0.1467 0.7609 1 0
10 298 595 26 0 0 0 0 1.0027 0 -0.9986 -0.2287 0.2287 0.2665 1.7072 0.9797 0.3994 1.0295 1.2946 12.5889 0.5489 -0.1554 0.7765 0.9463 4.1395 -0.2251 0.2251 1.2066 1 0
10 299 595 2 0 0 0 0 1.0066 0 0.8204 0.0251 0.1117 0.1361 2.0179 0.9838 -0.3678 0.4572 0.6925 11.5755 0.6222 -0.0683 0.7452 0.9303 3.9672 -0.1016 0.1016 0.8686 1 0
10 300 592 3 0 0 0 0 1.0036 0 0.702 -0.1625 0.1625 0.1867 1.7563 0.9828 0.1131 0.3805 0.5159 6.1394 0.7221 -0.0619 0.594 0.7493 4.0655 -0.0866 0.0866 0.9139 1 0
10 301 603 0 0 0 0 0 1.0005 0 0.3904 -0.3092 0.3092 0.3602 1.3724 0.9923 0.2044 0.475 0.6174 5.8876 0.678 -0.0928 0.6135 0.7488 3.5559 0.0486 0.0486 0.6457 0 0
10 302 585 0 0 0 0 0 1.001 0 1 0.0622 0.181 0.2299 2.5609 0.969 -0.1813 0.2902 0.4011 4.6807 0.7525 0.002 0.5535 0.696 3.1954 0.0293 0.0293 0.5236 0 0
10 303 596 3 0 0 0 0 1.002 0 0.5248 -0.2314 0.293 0.3497 1.4643 0.9711 -0.1191 0.667 0.8203 6.9573 0.6571 -0.0698 0.6073 0.7807 3.9319 -0.017 0.017 0.7872 1 0
10 304 591 0 0 0 0 0 1.0014 0 -0.969 -0.1546 0.4366 0.5519 2.0948 0.9223 -0.4387 0.5744 0.8783 8.2342 0.6397 -0.0792 0.6223 0.7519 3.4772 -0.178 0.178 0.6301 0 0
10 305 576 0 0 0 0 0 1.0005 0 0.5366 -0.0401 0.2166 0.2451 1.4376 0.9823 -0.1678 0.2387 0.2869 2.3961 0.7488 -0.155 0.5485 0.6687 3.3293 -0.0176 0.0176 0.5226 0 0
10 306 593 0 0 0 0 0 1.0002 0 0.635 0.0785 0.2366 0.2502 1.5642 0.9789 0.147 0.2558 0.3222 2.3494 0.7285 -0.0969 0.5861 0.7255 3.1723 4e-04 4e-04 0.4655 0 0
10 307 599 1 0 0 0 0 1.0006 0 -0.4125 -0.1891 0.2866 0.3037 1.7715 0.9576 0.0266 0.5253 0.7237 6.8675 0.6869 0.1294 0.6131 0.766 3.8525 -0.0453 0.0453 0.8911 1 0
10 308 594 36 0 0 0 0 1.0022 0 0.9936 0.0283 0.1162 0.1464 1.8361 0.9889 0.2928 0.3339 0.3745 5.119 0.6506 0.2219 0.6435 0.7983 3.7747 0.1073 0.1073 0.6937 1 0
10 309 589 0 0 0 0 0 1.0013 0 0.9507 0.0653 0.0653 0.0719 1.4406 0.9892 0.1255 0.1579 0.1935 2.4142 0.6617 -0.0255 0.6644 0.822 3.4518 -0.0141 0.0141 0.6461 0 0
10 310 600 0 0 0 0 0 1.0003 0 -0.8512 -0.12 0.5077 0.5955 1.8138 0.9411 -0.6484 0.714 1.2616 10.1751 0.5544 0.1066 0.6962 0.872 3.751 0.2378 0.2378 0.4846 0 0
10 311 583 2 0 0 0 0 1.0018 0 0.9183 -0.3283 0.3283 0.37 1.8758 0.9849 -0.3162 0.5864 0.7147 6.9376 0.7057 0.0449 0.5767 0.7303 3.6792 -0.1089 0.1089 0.6442 1 0
10 312 592 1 0 0 0 0 1.0005 0 0.5846 -0.0914 0.1358 0.1774 1.4088 0.977 -0.0298 0.1627 0.2213 3.8435 0.736 -0.0276 0.5584 0.6997 3.4408 0.1115 0.1115 0.5237 1 0
10 313 605 0 0 0 0 0 1.0006 0 -0.0041 -0.1274 0.1716 0.2232 1.3255 0.9841 0.1283 0.2418 0.311 3.7666 0.7051 -0.0712 0.5684 0.715 3.6295 0.1663 0.1663 0.4947 0 0
10 314 578 0 0 0 0 0 1.0004 0 0.6796 0.086 0.1584 0.2197 1.9324 0.9957 0.0962 0.1537 0.289 5.8411 0.6802 -0.0704 0.6166 0.7643 3.5558 -0.2496 0.2496 0.5746 0 0
10 315 604 0 0 0 0 0 1.0005 0 0.7257 0.0548 0.0772 0.1156 1.217 0.9926 -0.0546 0.1246 0.1484 1.57 0.7816 0.0163 0.5277 0.6633 3.3109 0.0942 0.0942 0.4715 0 0
10 316 589 0 0 0 0 0 1.0019 0 0.8372 -0.0236 0.1479 0.1605 1.9171 0.9839 -0.3746 0.4258 0.511 6.6342 0.7039 -0.0979 0.6682 0.8093 3.5658 0.0073 0.0073 0.541 0 0
10 317 588 2 0 0 0 0 1.0006 0 0.1736 -0.2889 0.2889 0.3571 1.7587 0.9635 -0.6365 0.8517 1.1568 11.7747 0.6297 0.1224 0.6085 0.7629 4.0362 -0.1237 0.1237 0.812 1 0
10 318 589 0 0 0 0 0 1.0006 0 0.1933 -0.1157 0.2388 0.2524 1.6589 0.9796 -0.3926 0.4353 0.7603 9.2254 0.6843 -0.028 0.5788 0.7619 3.6278 -0.0838 0.0838 0.6458 0 0
10 319 606 0 0 0 0 0 1.0029 0 0.2182 -0.0664 0.336 0.355 2.5255 0.9469 -0.4788 0.5431 0.8186 7.709 0.6318 0.0302 0.647 0.8214 3.8862 0.0136 0.0136 0.6391 0 0
10 320 606 0 0 0 0 0 1.0011 0 0.7736 0.0651 0.3407 0.4043 1.3613 0.9815 -0.2686 0.2686 0.3284 1.9348 0.798 -0.0959 0.5481 0.6929 3.0743 0.1914 0.1914 0.3908 0 0
10 321 617 0 0 0 0 0 1.001 0 0.9012 0.0352 0.118 0.1365 1.6744 0.9797 0.0631 0.2022 0.2398 2.3183 0.7876 0.1594 0.5781 0.725 3.5277 0.2193 0.2193 0.4606 0 0
10 322 559 0 0 0 0 0 1.0026 0 0.1684 0.4238 0.52 0.602 2.3327 0.9534 -0.2176 0.3694 0.4433 2.0415 0.6426 -0.097 0.6111 0.7749 3.1642 -0.0589 0.0589 0.4839 0 0
10 323 591 0 0 0 0 0 1.0001 0 0.1152 0.0459 0.2605 0.2745 1.7256 0.9921 0.026 0.1211 0.1638 2.4803 0.675 0.0244 0.6359 0.777 3.3309 -0.0095 0.0095 0.528 0 0
10 324 597 0 0 0 0 0 1.0005 0 0.1892 0.057 0.3397 0.418 1.7222 0.8884 0.3436 0.5294 0.7768 6.3007 0.7217 0.2187 0.6051 0.7424 3.2385 -0.0237 0.0237 0.4626 0 0
10 325 588 0 0 0 0 0 1.0017 0 0.2935 -0.0245 0.5245 0.5596 2.5951 0.9362 -0.2899 0.5591 0.7491 6.103 0.5639 0.1131 0.6846 0.8527 3.3808 0.1235 0.1235 0.4704 0 0
10 326 590 0 0 0 0 0 1.0003 0 -0.1496 0.0561 0.4178 0.4768 1.8771 0.9375 -0.7336 0.8291 1.0284 8.3119 0.6492 -0.1173 0.6987 0.8748 3.4284 0.0993 0.0993 0.4815 0 0
10 327 587 0 0 0 0 0 1.0007 0 -0.5419 0.0939 0.1616 0.1733 1.6658 0.9708 0.0163 0.2449 0.3199 3.6593 0.6634 -0.1077 0.6409 0.787 3.6321 -0.109 0.109 0.5833 0 0
10 328 605 121 0 0 0 0 1.0012 0 0.9346 -0.4271 0.4271 0.5439 1.6539 0.9903 -0.1794 0.3651 0.4549 6.6992 0.7393 0.105 0.5216 0.6843 4.2057 0.159 0.159 0.7054 1 0
10 329 587 0 0 0 0 0 1.0019 0 -0.8262 0.1608 0.4218 0.4331 1.8206 0.9675 0.2143 0.3561 0.5577 7.0455 0.5915 -0.0909 0.6703 0.81 3.3372 -0.0932 0.0932 0.5947 0 0
10 330 596 13 0 0 0 0 1.0021 0 0.6748 -0.0296 0.2224 0.268 1.792 0.8051 -0.5108 0.8366 1.477 15.9021 0.6322 0.2423 0.6722 0.8518 3.8512 0.0474 0.0474 0.6782 1 0
10 331 604 0 0 0 0 0 1.0004 0 0.9986 0.0428 0.0468 0.0566 1.3721 0.9938 0.1846 0.2529 0.3007 2.2161 0.8384 0.0143 0.5023 0.6098 3.2749 0.1891 0.1891 0.3695 0 0
10 332 595 0 0 0 0 0 1.0007 0 0.961 0.2428 0.2428 0.3041 1.8377 0.9947 0.0147 0.0873 0.1182 3.0077 0.7008 0.0671 0.6519 0.8064 3.3693 0.0933 0.0933 0.4499 0 0
10 333 600 0 0 0 0 0 1.0009 0 0.9322 -0.0019 0.1418 0.1724 1.2793 0.9957 0.1317 0.1594 0.1915 2.5792 0.7968 0.0976 0.5736 0.732 3.5399 0.1514 0.1514 0.507 0 0
10 334 588 0 0 0 0 0 1.0031 0 -0.8339 -0.1571 0.1959 0.3074 1.7741 0.9485 -0.0568 0.3394 0.5014 5.4739 0.657 0.0636 0.6108 0.7649 3.8245 -0.0186 0.0186 0.7093 0 0
10 335 589 0 0 0 0 0 1.0011 0 -0.1319 0.2963 0.6653 0.6736 2.5335 0.9529 0.9662 1.0179 1.5302 13.3375 0.6479 0.0129 0.6237 0.792 3.2079 -0.3236 0.3236 0.5864 0 0
10 336 590 0 0 0 0 0 1.0009 0 0.2659 0.0103 0.41 0.4386 2.9483 0.9856 -0.3562 0.3562 0.4634 6.1098 0.6401 0.0179 0.6035 0.7483 3.5146 -0.0942 0.0942 0.6913 0 0
10 337 584 0 0 0 0 0 1.0008 0 0.9583 -0.0731 0.3073 0.3829 1.4683 0.984 0.1679 0.2296 0.2968 3.2937 0.748 0.1738 0.5481 0.7052 3.4327 0.087 0.087 0.5259 0 0
10 338 601 0 0 0 0 0 1.0003 0 -0.9995 0.0061 0.144 0.166 1.5757 0.9901 -0.0924 0.1797 0.1988 2.3657 0.7679 -0.0083 0.5615 0.7252 3.1178 -0.0394 0.0394 0.4426 0 0
10 339 594 0 0 0 0 0 1.0006 0 0.7319 0.218 0.2277 0.327 1.8036 0.9953 0.2434 0.2532 0.283 1.9393 0.7803 0.0872 0.5508 0.6869 3.0194 0.0622 0.0622 0.4573 0 0
10 340 584 23 0 0 0 0 1.0016 0 0.8546 -0.1694 0.1927 0.2253 1.7962 0.9617 0.407 0.5523 0.8154 8.8097 0.6114 -0.0153 0.5784 0.7341 4.2608 -0.0772 0.0772 1.0791 1 0
10 341 578 0 0 0 0 0 1.0006 0 0.0328 -0.1074 0.2443 0.2652 1.4991 0.9835 -0.1694 0.4624 0.6224 6.5577 0.6699 0.1304 0.656 0.8043 3.5773 0.0843 0.0843 0.491 0 0
10 342 593 0 0 0 0 0 1.0025 0 0.0493 -0.0066 0.2404 0.2527 2.3811 0.9715 -0.1683 0.2492 0.3573 5.6409 0.6321 -0.0044 0.6161 0.7564 3.621 -0.3174 0.3174 0.6924 0 0
10 343 606 0 0 0 0 0 1.0015 0 0.5629 0.1181 0.2999 0.3797 2.3056 0.9678 -0.2132 0.3179 0.3936 3.721 0.7041 -0.2508 0.6865 0.8453 3.5187 -0.1051 0.1051 0.6385 0 0
10 344 617 1 0 0 0 0 1.0005 0 0.2223 -0.2447 0.2447 0.3253 1.5154 0.9899 -0.1094 0.4849 0.6456 6.1383 0.6257 -0.0701 0.5932 0.7529 3.8515 0.0657 0.0657 0.6979 1 0
10 345 609 1 0 0 0 0 1.0009 0 0.9527 -0.068 0.1221 0.1264 1.8379 0.9852 -0.0694 0.3384 0.4698 5.2134 0.6334 -0.0607 0.5765 0.7237 3.8403 0.1181 0.1181 0.6437 1 0
10 346 600 0 0 0 0 0 1.0005 0 0.6383 0.1501 0.2216 0.2382 1.395 0.9799 0.1118 0.2007 0.2536 1.4192 0.8033 -0.0196 0.4839 0.6244 3.157 0.0307 0.0307 0.4377 0 0
10 347 591 2 0 0 0 0 1.0002 0 0.9324 0.1508 0.1721 0.2033 1.5959 0.9948 0.2444 0.2444 0.2802 2.5274 0.7712 0.115 0.6 0.7239 3.1302 0.0795 0.0795 0.4651 1 0
10 348 586 0 0 0 0 0 1.0007 0 0.7627 0.0475 0.1289 0.1632 1.5235 0.9937 -0.0298 0.1067 0.1285 2.2793 0.8191 -0.091 0.5289 0.6522 3.061 -0.0903 0.0903 0.4485 0 0
10 349 769 8 0 0 0 0 1.0004 0 -0.8171 -0.1178 0.3658 0.3899 2.0268 0.8772 0.1611 1.1481 1.7035 13.6487 0.4439 0.0043 0.7031 0.8953 4.3809 0.1477 0.1477 0.8703 1 0
10 350 588 0 0 0 0 0 1.0007 0 0.4191 0.1723 0.2098 0.2901 1.7875 0.996 -0.1078 0.181 0.2105 2.9334 0.737 -0.2004 0.5881 0.7337 3.3176 -0.3046 0.3046 0.5744 0 0
10 351 601 0 0 0 0 0 1.0003 0 -0.3908 0.187 0.2693 0.3227 1.6323 0.9953 0.0065 0.0736 0.0993 1.5659 0.7415 -0.0224 0.5779 0.6996 3.0695 -0.0167 0.0167 0.4449 0 0
10 352 610 0 0 0 0 0 1.0007 0 0.2617 0.1535 0.3564 0.4653 1.9223 0.9428 0.0576 0.2574 0.3418 2.4299 0.7251 -0.0023 0.5786 0.7037 3.2454 0.0364 0.0364 0.517 0 0
10 353 583 1 0 0 0 0 1.0014 0 0.759 -0.038 0.0768 0.1039 2.1662 0.9944 -0.0804 0.1744 0.2408 4.1877 0.7 0.0699 0.6184 0.7842 3.6897 0.0154 0.0154 0.6083 1 0
10 354 598 0 0 0 0 0 1.0004 0 -0.6783 -0.0431 0.2757 0.3182 1.7323 0.9612 -0.1788 0.3063 0.4788 4.3386 0.716 -0.0545 0.5345 0.6954 3.4657 -0.0856 0.0856 0.595 0 0
10 355 584 0 0 0 0 0 1.0009 0 -0.9605 -0.1132 0.3779 0.4148 2.2096 0.9319 0.4241 0.6401 1.0357 11.5522 0.6898 0.0201 0.6221 0.7782 3.6709 -0.069 0.069 0.6767 0 0
10 356 624 2 0 0 0 0 1.0015 0 0.989 -0.1892 0.1892 0.2046 1.0598 0.9962 -0.0507 0.1935 0.2269 2.3623 0.727 -0.0579 0.5957 0.7627 3.6814 0.2942 0.2942 0.4888 1 0
10 357 595 0 0 0 0 0 1.0016 0 0.9147 -0.0765 0.1607 0.1865 1.6133 0.9941 -0.0584 0.1438 0.2161 3.1486 0.7399 -0.0213 0.5195 0.6736 3.6301 -0.0911 0.0911 0.6395 0 0
10 358 585 0 0 0 0 0 1.0029 0 0.1896 0.0453 0.3128 0.3716 2.0627 0.9583 0.1075 0.338 0.4034 4.4847 0.611 -0.0472 0.6355 0.8127 3.6683 -0.0544 0.0544 0.727 0 0
10 359 604 0 0 0 0 0 1.0013 0 0.9173 -0.2127 0.2738 0.3034 1.5384 0.9806 -0.2023 0.2361 0.3398 2.6004 0.7876 -0.1473 0.478 0.6165 3.3092 0.0072 0.0072 0.4417 0 0
10 360 597 0 0 0 0 0 1.0003 0 0.0887 0.0188 0.1839 0.193 1.4903 0.9924 0.1668 0.2369 0.2615 3.2263 0.7599 0.055 0.5574 0.686 3.3904 0.0221 0.0221 0.4985 0 0
10 361 594 0 0 0 0 0 1.002 0 0.3559 -0.2157 0.2339 0.2803 1.6874 0.9858 -0.2066 0.5453 0.734 6.2802 0.5994 -0.0763 0.5954 0.7573 3.8077 0.1141 0.1141 0.6283 0 0
10 362 2956 5423 0 0 138 73 1.0877 129 0.2233 -0.4713 0.4713 0.5596 1.5055 0.7679 -0.5779 1.0509 1.1617 8.3399 0.6085 -1.6499 1.6698 1.8697 6.679 0.5511 0.5511 0.648 1 1
10 363 596 0 0 0 0 0 1.0011 0 -0.1023 0.2356 0.3653 0.5081 3.775 0.8948 -0.1725 0.5746 0.7757 8.3629 0.545 0.0257 0.6642 0.8283 3.6893 -0.0365 0.0365 0.6648 0 0
10 364 595 0 0 0 0 0 1.0017 0 -0.1028 -0.1271 0.2006 0.2527 1.7805 0.9926 0.4964 0.6965 1.0335 13.513 0.6329 -0.0544 0.6131 0.7866 3.8883 -0.0206 0.0206 0.6241 0 0
10 365 598 0 0 0 0 0 1.0012 0 0.3371 -0.1161 0.3072 0.3603 1.8408 0.9949 -0.155 0.4288 0.5447 7.3389 0.6495 -0.0583 0.6312 0.8035 3.6093 -0.1996 0.1996 0.72 0 0
10 366 592 0 0 0 0 0 1.0018 0 0.0386 -0.2665 0.3026 0.3518 2.3371 0.9682 0.4957 0.6036 0.8536 9.1065 0.6471 0.0064 0.6322 0.7964 3.765 -0.0939 0.0939 0.7186 0 0
10 367 597 0 0 0 0 0 1.0012 0 -0.9607 -0.112 0.4601 0.4622 2.7395 0.9908 -0.0433 0.4957 0.5987 5.6539 0.6569 -0.0486 0.6173 0.7794 3.6308 -0.0808 0.0808 0.6921 0 0
10 368 598 0 0 0 0 0 1.0008 0 0.1643 -0.1856 0.3129 0.3356 1.6784 0.9709 -0.3721 0.4641 0.7745 8.4374 0.719 0.0491 0.5565 0.7046 3.5858 0.094 0.094 0.6274 0 0
10 369 592 0 0 0 0 0 1.0008 0 -0.8946 -0.2238 0.6021 0.6223 1.8512 0.9344 -0.3066 0.5114 0.6442 5.7713 0.7014 -0.0124 0.5978 0.7493 3.4026 -0.1624 0.1624 0.6903 0 0
10 370 596 0 0 0 0 0 1.0008 0 0.5323 -0.2621 0.3524 0.3959 1.6158 0.9715 -0.4871 0.5093 0.7854 7.5838 0.7293 -0.1251 0.56 0.7085 3.2917 -0.0837 0.0837 0.5253 0 0
10 371 600 0 0 0 0 0 1.0005 0 0.9799 0.0637 0.1689 0.1809 1.3539 0.9813 0.1053 0.21 0.2978 2.6164 0.7008 -0.0667 0.5477 0.6779 3.1579 0.0154 0.0154 0.4714 0 0
10 372 611 0 0 0 0 0 1.0021 0 0.7195 -0.3267 0.4122 0.5188 1.5082 0.9398 0.2354 0.4992 0.7098 6.9226 0.7271 0.1147 0.5856 0.7397 3.5047 0.0161 0.0161 0.5814 0 0
10 373 601 2 0 0 0 0 1.0008 0 0.8004 0.0321 0.0706 0.094 1.4098 0.9874 -0.095 0.1467 0.199 2.5177 0.7532 0.0452 0.5507 0.7103 3.483 0.1008 0.1008 0.5852 1 0
10 374 586 5 0 0 0 0 1.0011 0 0.4596 -0.0307 0.2232 0.2456 1.7976 0.9446 0.4145 0.7312 1.1159 13.8471 0.6194 -0.2084 0.654 0.8454 4.0077 0.1746 0.1746 0.6192 1 0
10 375 582 6 0 0 0 0 1.002 0 -0.1102 -0.3162 0.4939 0.5221 2.1278 0.9558 -0.4867 0.8373 1.221 12.6144 0.6814 0.0238 0.5066 0.6419 3.8446 -0.2259 0.2259 0.936 1 0
10 376 529 1 0 0 0 0 1.0004 0 -0.7909 -0.3076 0.3453 0.4068 1.7351 0.9915 0.1239 1.1268 1.3636 10.9572 0.6746 0.0622 0.5943 0.7442 3.9013 -0.159 0.159 0.8209 1 0
10 377 595 0 0 0 0 0 1.0008 0 0.1511 -0.0601 0.473 0.5094 2.4593 0.9735 0.2876 0.4928 0.658 9.7444 0.7184 -0.0342 0.57 0.7222 3.5002 -0.0551 0.0551 0.5324 0 0
10 378 598 221 0 0 0 0 1.005 0 -0.9988 0.1385 0.5441 0.5725 1.8598 0.6392 0.041 0.857 1.1129 9.7265 0.5583 -0.2829 0.7441 0.9173 3.8885 0.2387 0.2387 0.6092 1 0
10 379 604 0 0 0 0 0 1.0006 0 0.9284 -0.0194 0.2072 0.244 1.5989 0.9896 0.1111 0.1637 0.2312 3.9456 0.7869 0.0035 0.5494 0.6956 3.2632 0.1464 0.1464 0.4805 0 0
10 380 582 0 0 0 0 0 1.0015 0 -0.8214 0.0516 0.3814 0.3958 2.4999 0.9553 0.4216 0.6007 0.997 10.0982 0.5848 0.051 0.6329 0.7857 3.5588 -0.3488 0.3488 0.6241 0 0
10 381 594 0 0 0 0 0 1.0036 0 0.6949 -0.301 0.301 0.3333 1.5611 0.9797 0.1359 0.7399 0.9177 9.9119 0.661 0.0103 0.6189 0.7796 3.9307 -0.1387 0.1387 0.7304 0 0
10 382 594 0 0 0 0 0 1.0004 0 0.9805 -0.1965 0.1965 0.2036 1.3201 0.9958 -0.2061 0.4079 0.4807 3.829 0.694 -0.0438 0.5472 0.6846 3.6043 0.0658 0.0658 0.6348 0 0
10 383 601 12 0 0 0 0 1.0006 0 -0.0888 -0.2106 0.2106 0.2383 1.4199 0.9815 0.0669 0.3569 0.4418 5.2285 0.7321 -0.0237 0.5944 0.7386 4.3499 0.1148 0.1148 0.7629 1 0
10 384 600 17 0 0 0 0 1.001 0 -0.2783 -0.3502 0.5958 0.8343 1.6184 0.9424 -0.5506 0.6508 1.1751 8.4326 0.6644 0.181 0.6071 0.7504 3.6878 0.1989 0.1989 0.5428 1 0
10 385 591 0 0 0 0 0 1.0009 0 0.9964 -0.1101 0.2145 0.2223 1.7097 0.9926 -0.4733 0.4895 0.6777 6.7471 0.6902 -0.0794 0.6131 0.763 3.643 0.0944 0.0944 0.6357 0 0
10 386 591 5 0 0 0 0 1.0021 0 -0.3684 -0.2587 0.3272 0.3644 1.7746 0.9433 0.3964 0.7961 1.0518 9.6056 0.6932 -0.0559 0.5839 0.737 3.8967 -0.029 0.029 0.7989 1 0
10 387 591 0 0 0 0 0 1.0007 0 0.0823 0.0511 0.1832 0.2221 1.3789 0.9695 0.4747 0.5362 0.6714 6.2627 0.6694 0.0542 0.6873 0.8659 3.6219 -0.062 0.062 0.6478 0 0
10 388 940 289 0 0 0 0 1.0016 0 0.2765 -0.5135 0.5135 0.5845 1.9961 0.993 -0.1001 1.9118 2.3467 16.2799 0.6368 -0.1299 0.5738 0.7343 4.989 0.2274 0.2274 0.8607 1 0
10 389 591 1 0 0 0 0 1.0011 0 0.2645 -0.0241 0.1302 0.1613 1.569 0.9756 0.3209 0.4924 0.5692 6.1436 0.5261 0.2047 0.6372 0.845 3.9482 -0.0038 0.0038 0.7767 1 0
10 390 614 4 0 0 0 0 1.0009 0 0.5245 -0.238 0.238 0.277 1.2159 0.9888 -0.28 0.4456 0.5269 5.0789 0.719 -0.0164 0.563 0.7168 3.7782 0.0927 0.0927 0.6999 1 0
10 391 600 1 0 0 0 0 1.0008 0 0.1987 -0.044 0.0757 0.1067 1.3676 0.9918 0.1426 0.2617 0.3055 3.0777 0.6742 -0.0148 0.6232 0.7949 3.6426 -0.1388 0.1388 0.7169 1 0
10 392 603 1 0 0 0 0 1.0027 0 0.871 -0.089 0.1113 0.1465 1.5063 0.9794 0.2219 0.4181 0.5524 8.3849 0.5593 0.0267 0.7343 0.9139 4.0063 0.0619 0.0619 0.7116 1 0
10 393 595 12 0 0 0 0 1.0012 0 -0.0724 -0.3167 0.3167 0.3844 1.3437 0.9881 0.7212 0.8276 1.0723 8.8036 0.7357 0.0201 0.5799 0.7492 4.0301 0.0275 0.0275 0.8442 1 0
10 394 599 0 0 0 0 0 1.0007 0 -0.403 -0.0992 0.3273 0.4098 2.3968 0.9437 -0.142 0.4039 0.5148 4.2353 0.7255 -0.0722 0.5818 0.7253 3.5396 -0.1232 0.1232 0.5942 0 0
10 395 592 0 0 0 0 0 1.0005 0 0.1769 -0.0661 0.5418 0.5599 2.401 0.9842 0.6322 0.6827 0.9036 5.7261 0.7314 0.2946 0.6074 0.7797 3.2526 0.1547 0.1547 0.5131 0 0
10 396 607 0 0 0 0 0 1.0004 0 0.735 -0.1125 0.1125 0.1599 1.6327 0.9821 -0.0731 0.2152 0.244 2.787 0.7758 -0.1051 0.5293 0.6642 3.67 0.0709 0.0709 0.5166 0 0
10 397 632 14 0 0 0 0 1.0009 0 0.2312 -0.3846 0.3846 0.4364 1.2773 0.978 -0.1868 0.5008 0.6777 5.3592 0.7881 0.1256 0.5661 0.7245 4.012 0.3787 0.3787 0.4527 1 0
10 398 582 0 0 0 0 0 1.001 0 -0.0332 0.2487 0.5596 0.7357 3.096 0.9688 0.1214 0.168 0.2287 2.9996 0.6299 0.0532 0.6524 0.8197 2.9917 -0.1892 0.1892 0.5309 0 0
10 399 581 0 0 0 0 0 1.0018 0 0.9227 0.036 0.1477 0.1734 1.9265 0.983 0.0547 0.2159 0.2566 4.087 0.6567 -0.0641 0.5745 0.7375 3.4686 -0.1477 0.1477 0.5833 0 0
10 400 586 12 0 0 0 0 1.003 0 -0.3563 -0.1692 0.2913 0.3067 2.0549 0.9722 0.3707 1.0278 1.3084 12.7736 0.5036 -0.048 0.7032 0.8902 4.33 0.0942 0.0942 0.879 1 0
10 401 613 0 0 0 0 0 1.0003 0 0.7558 0.0641 0.121 0.1313 1.4327 0.9905 0.0303 0.1295 0.1535 2.6923 0.6255 0.0955 0.6078 0.7607 3.2479 -0.1717 0.1717 0.6362 0 0
10 402 603 0 0 0 0 0 1.0005 0 -0.9895 -0.2667 0.2667 0.2894 1.1964 0.9927 -0.0686 0.3458 0.4243 3.733 0.7022 -0.1342 0.6041 0.778 3.766 0.1946 0.1946 0.5529 0 0
10 403 605 0 0 0 0 0 1.0003 0 -0.8643 -0.1235 0.3837 0.3982 1.4952 0.9329 0.0328 0.3314 0.3804 2.7217 0.7104 0.0696 0.5727 0.7382 3.692 0.2261 0.2261 0.4732 0 0
10 404 4387 1414 0 1023 0 0 1.0049 0 0.9932 -0.5757 0.5757 0.5949 1.4888 0.9854 2.2433 3.0237 4.7225 40.3994 0.5668 0.5385 0.8429 1.0369 7.7663 0.3986 0.3986 0.7485 1 1
10 405 593 0 0 0 0 0 1.0003 0 -0.8964 -0.3501 0.4692 0.558 1.5564 0.9739 -0.3931 0.831 1.2494 11.0304 0.7027 -0.0596 0.5538 0.7062 3.6243 -0.0867 0.0867 0.6339 0 0
10 406 586 0 0 0 0 0 1.0004 0 -0.0103 -0.0982 0.2309 0.236 1.6755 0.9858 0.1114 0.1897 0.2414 3.2381 0.725 -0.0903 0.5521 0.6844 3.3888 -0.0838 0.0838 0.5722 0 0
10 407 587 0 0 0 0 0 1.0004 0 0.6771 0.2335 0.2335 0.295 1.9221 0.9927 0.2525 0.2576 0.3002 2.2739 0.6625 0.1281 0.6196 0.7967 3.2253 -0.1435 0.1435 0.5367 0 0
10 408 589 2 0 0 0 0 1.0009 0 -0.9652 -0.151 0.2312 0.2543 1.3068 0.976 0.3536 0.6865 0.9432 8.7469 0.5147 0.0569 0.6696 0.8288 4.1665 -0.489 0.489 0.8378 1 0
10 409 604 0 0 0 0 0 1.0009 0 -0.1792 -0.2249 0.365 0.4872 1.3342 0.9782 0.0713 0.3232 0.3956 3.4629 0.7252 0.0549 0.5273 0.6462 3.5909 -0.0561 0.0561 0.6713 0 0
10 410 586 0 0 0 0 0 1.0009 0 0.1199 -0.2238 0.423 0.4517 1.796 0.9749 -1.8257 1.8257 2.4941 23.4132 0.6014 -0.0774 0.6419 0.8007 3.7037 0.0718 0.0718 0.6254 0 0
10 411 970 181 0 0 0 0 1.0014 0 0.991 -0.099 0.1401 0.155 1.1037 0.9885 0.1262 0.276 0.3309 3.8839 0.6942 -0.131 0.5978 0.755 4.2805 0.2659 0.2659 0.7133 1 0
10 412 710 339 0 0 0 0 1.0007 0 0.9032 -0.2824 0.2824 0.3055 1.1514 0.9883 0.3502 0.8477 1.1123 8.6656 0.6008 0.2769 0.702 0.8701 4.6816 0.2949 0.2949 0.7308 1 0
10 413 618 11 0 0 0 0 1.001 0 0.1445 -0.3568 0.3568 0.3921 1.2374 0.9587 -0.2287 0.5998 0.8108 8.0688 0.6773 0.3066 0.6806 0.8291 3.934 0.155 0.155 0.6225 1 0
10 414 615 0 0 0 0 0 1.0011 0 0.9322 -0.1843 0.1843 0.2129 1.1252 0.9967 0.0047 0.0815 0.1051 2.0502 0.7857 -0.0064 0.4894 0.6012 3.2407 0.0795 0.0795 0.422 0 0
10 415 591 8 0 0 0 0 1.0032 0 -0.8884 0.0732 0.297 0.3173 2.1708 0.928 -0.3842 0.5913 0.99 13.3863 0.5746 0.0473 0.6772 0.857 3.9041 -0.1378 0.1378 0.8436 1 0
10 416 770 884 0 0 0 0 1.0061 0 0.333 -0.1781 0.1865 0.2304 1.2858 0.9739 -0.3098 0.5999 0.7514 11.8205 0.572 0.3991 0.7374 0.9048 4.8604 0.2492 0.2492 0.846 1 0
10 417 620 0 0 0 0 0 1.0009 0 -0.0253 -0.2264 0.2264 0.28 1.1566 0.9926 -0.3805 0.4249 0.5766 4.1924 0.8145 -0.1108 0.4653 0.5961 3.2384 -0.0067 0.0067 0.5093 0 0
10 418 575 0 0 0 0 0 1.0002 0 0.1381 0.3036 0.3838 0.5495 2.2067 0.9878 -0.3556 0.3603 0.4257 4.2719 0.6683 -0.2629 0.6 0.7638 3.1149 -0.0503 0.0503 0.4296 0 0
10 419 579 0 0 0 0 0 1.0028 0 0.0345 -0.047 0.0839 0.1165 1.6907 0.9828 0.3167 0.3956 0.6082 9.517 0.6383 -0.0356 0.6858 0.8528 3.8662 0.0155 0.0155 0.7403 0 0
10 420 607 0 0 0 0 0 1.002 0 -0.5456 -0.1774 0.2139 0.3279 1.8067 0.9777 0.1438 0.2417 0.4219 4.6597 0.7373 0.0788 0.5329 0.6719 3.599 -0.1447 0.1447 0.6503 0 0
10 421 581 0 0 0 0 0 1.0006 0 -0.7496 -0.0563 0.3597 0.4062 2.3581 0.966 -0.1121 0.4797 0.6541 8.5433 0.6161 0.0711 0.6266 0.8254 3.6965 -0.1929 0.1929 0.709 0 0
10 422 601 0 0 0 0 0 1.0004 0 0.9989 -0.1246 0.159 0.1763 1.4153 0.9917 0.0434 0.1142 0.1642 2.385 0.7951 -0.0012 0.5268 0.6568 3.4572 -0.1407 0.1407 0.5434 0 0
10 423 610 277 0 0 0 0 1.0015 0 0.9574 -0.361 0.361 0.4075 1.0868 0.9808 0.3393 0.5169 0.7207 8.131 0.7046 -0.2597 0.6271 0.7949 4.0511 0.2272 0.2272 0.7137 1 0
10 424 595 0 0 0 0 0 1.0006 0 -0.1923 -0.063 0.2587 0.2667 1.9402 0.9642 -0.233 0.4592 0.5856 6.3478 0.5956 0.0758 0.5846 0.747 3.6792 -0.1152 0.1152 0.7022 0 0
10 425 596 0 0 0 0 0 1.0007 0 0.9919 0.0473 0.0998 0.1112 1.7624 0.9916 0.4268 0.4268 0.4741 5.8324 0.7156 0.2482 0.6364 0.7919 3.4219 -0.1355 0.1355 0.5246 0 0
10 426 594 0 0 0 0 0 1.0018 0 0.6214 0.1628 0.2841 0.2943 1.9908 0.9715 -0.1095 0.1954 0.2729 3.9391 0.6517 -0.0219 0.6321 0.78 3.4242 -0.1816 0.1816 0.6409 0 0
10 427 586 0 0 0 0 0 1.0012 0 0.0381 0.1333 0.205 0.2722 1.5647 0.9635 0.103 0.3454 0.3863 4.0973 0.6272 -0.0347 0.6161 0.7826 3.586 0.0646 0.0646 0.588 0 0
10 428 591 0 0 0 0 0 1.0003 0 0.9993 -0.2748 0.2748 0.2855 1.7815 0.9852 -0.1014 0.2287 0.2981 3.5102 0.7855 -0.1186 0.5071 0.6559 3.2344 0.0388 0.0388 0.4553 0 0
10 429 581 1 0 0 0 0 1.001 0 -0.0576 -0.2544 0.4852 0.5333 2.013 0.9874 1.8258 1.8787 3.1127 27.8191 0.7018 0.0825 0.601 0.7697 3.483 0.0213 0.0213 0.6056 1 0
10 430 599 3 0 0 0 0 1.002 0 -0.7791 -0.2639 0.3216 0.4286 1.7973 0.9887 0.029 0.5287 0.7007 7.2868 0.631 0.1316 0.6368 0.7987 3.8914 0.1523 0.1523 0.6166 1 0
10 431 585 0 0 0 0 0 1.0012 0 -0.0989 -0.0732 0.4481 0.5271 2.6842 0.9738 0.2739 0.3946 0.5248 4.7299 0.6735 0.0677 0.6032 0.7602 3.5499 -0.2678 0.2678 0.6544 0 0
10 432 575 0 0 0 0 0 1.0004 0 0.8726 0.0374 0.1733 0.1833 1.8052 0.9882 -0.0457 0.1757 0.2314 3.2528 0.6544 -0.1118 0.6224 0.7866 3.4869 0.0173 0.0173 0.5645 0 0
10 433 588 0 0 0 0 0 1.0011 0 0.9035 0.0409 0.1307 0.1598 1.7353 0.989 -0.1595 0.26 0.3619 3.7875 0.7744 -0.1865 0.542 0.6699 3.403 -0.0139 0.0139 0.6014 0 0
10 434 605 1 0 0 0 0 1.0015 0 -0.3196 -0.2711 0.4384 0.46 1.368 0.9586 0.0252 0.2802 0.3339 2.9723 0.7777 -0.171 0.5204 0.6577 3.4499 0.0323 0.0323 0.6086 1 0
10 435 576 0 0 0 0 0 1.0013 0 0.7309 0.1532 0.311 0.3712 2.2557 0.9531 0.2206 0.3179 0.4538 3.6733 0.6369 0.131 0.6503 0.8244 3.3834 0.0691 0.0691 0.548 0 0
10 436 602 0 0 0 0 0 1.0019 0 0.5353 0.1329 0.1329 0.1574 1.6017 0.9844 -0.0563 0.1744 0.2111 3.1664 0.5261 -0.0917 0.6794 0.8394 3.5291 -0.4982 0.4982 0.5949 0 0
10 437 605 0 0 0 0 0 1.0004 0 -0.6913 -0.1629 0.2629 0.2815 1.2334 0.9962 -0.1422 0.1787 0.2107 2.167 0.7692 -0.0979 0.5193 0.6471 3.3145 0.136 0.136 0.4223 0 0
10 438 575 0 0 0 0 0 1.0002 0 0.9087 0.1765 0.1765 0.2293 1.5573 0.9974 0.0785 0.0953 0.1256 4.3096 0.6802 0.0059 0.6105 0.7507 3.4003 -0.1377 0.1377 0.5175 0 0
10 439 581 0 0 0 0 0 1.0002 0 -0.1071 0.1485 0.5481 0.6194 2.6251 0.9892 -0.1079 0.178 0.2202 2.3325 0.7134 -0.1333 0.582 0.722 3.0016 -0.0104 0.0104 0.4483 0 0
10 440 582 0 0 0 0 0 1.0012 0 -0.4456 0.3323 0.5385 0.7671 3.3879 0.9175 0.4136 0.4597 0.6773 6.3102 0.5317 0.0824 0.7696 0.9378 3.3086 -0.1873 0.1873 0.6822 0 0
10 441 597 0 0 0 0 0 1.0003 0 0.4483 -0.0152 0.293 0.3083 1.891 0.9667 0.2035 0.3582 0.4384 5.8343 0.6638 0.1104 0.6422 0.8044 3.5956 -0.0558 0.0558 0.6187 0 0
10 442 595 38 0 0 0 0 1.0006 0 0.9985 -0.2491 0.2491 0.2553 1.5011 0.9842 0.3655 0.521 0.7062 7.7744 0.701 -0.0548 0.5882 0.769 3.6346 0.0545 0.0545 0.5702 1 0
10 443 596 0 0 0 0 0 1.0009 0 0.5956 0.0242 0.1488 0.1527 1.373 0.9886 0.3043 0.3043 0.3474 2.3705 0.7753 0.2115 0.5082 0.6555 3.2194 -0.1939 0.1939 0.5819 0 0
10 444 603 0 0 0 0 0 1.0004 0 0.148 -0.1302 0.177 0.2169 1.6842 0.9854 0.2794 0.3815 0.5961 8.7241 0.6686 0.0725 0.6296 0.7883 3.907 -0.0018 0.0018 0.7156 0 0
10 445 610 8 0 0 0 0 1.0013 0 -0.9524 -0.0351 0.3839 0.4532 3.0065 0.9156 -0.3633 1.047 1.7543 20.1644 0.5177 0.0888 0.773 0.9639 4.3687 -0.2314 0.2314 1.0194 1 0
10 446 609 0 0 0 0 0 1.0004 0 -0.147 -0.092 0.2354 0.2545 1.371 0.9732 -0.0827 0.3178 0.4351 4.6833 0.7264 0.0673 0.5541 0.7028 3.7065 0.1483 0.1483 0.573 0 0
10 447 600 0 0 0 0 0 1.0015 0 -0.2481 -0.2805 0.2892 0.3489 1.3108 0.9664 0.0183 0.5611 0.7325 5.9487 0.7147 -0.0447 0.5673 0.7056 3.8442 0.0668 0.0668 0.7101 0 0
10 448 598 0 0 0 0 0 1.001 0 -0.0337 -0.137 0.3479 0.3489 1.8046 0.9783 -0.6238 0.8092 1.1093 11.7 0.6575 -0.0079 0.6215 0.7727 3.7869 -0.0748 0.0748 0.751 0 0
10 449 595 0 0 0 0 0 1.0022 0 0.1836 0.0783 0.1683 0.202 1.5854 0.9882 0.0514 0.1962 0.2494 4.5067 0.6103 -0.009 0.6035 0.7632 3.5755 -0.0139 0.0139 0.641 0 0
10 450 587 0 0 0 0 0 1.0025 0 -0.3716 0.0952 0.5804 0.6563 3.1082 0.9907 -0.1244 0.2146 0.2913 4.3155 0.7447 0.0233 0.5555 0.696 3.0617 -0.2467 0.2467 0.4952 0 0
10 451 610 0 0 0 0 0 1.0003 0 0.7709 -0.1252 0.1652 0.185 1.2113 0.9774 0.0344 0.3177 0.3906 3.2758 0.7664 0.1008 0.5562 0.6993 3.5449 0.1293 0.1293 0.4707 0 0
10 452 594 0 0 0 0 0 1.0004 0 0.4605 -0.0885 0.2267 0.2435 1.2929 0.9798 -0.108 0.2783 0.3349 3.2406 0.7382 -0.045 0.5052 0.6265 3.3199 -0.0254 0.0254 0.5184 0 0
10 453 593 0 0 0 0 0 1.0016 0 -0.2499 0.2197 0.485 0.5736 2.2127 0.9596 0.0125 0.3117 0.3586 3.018 0.7078 0.0607 0.628 0.7855 3.107 0.0553 0.0553 0.4587 0 0
10 454 600 0 0 0 0 0 1.0014 0 0.9287 -0.1438 0.1438 0.1894 1.7203 0.9953 0.0019 0.153 0.1895 2.8491 0.7832 0.0357 0.5479 0.7019 3.5824 0.0953 0.0953 0.5019 0 0
10 455 599 0 0 0 0 0 1.0009 0 0.9043 -0.1091 0.2011 0.244 2.0751 0.9941 -0.0053 0.1602 0.2093 5.1204 0.7718 0.1326 0.5235 0.6754 3.3169 -0.0595 0.0595 0.6354 0 0
10 456 575 0 0 0 0 0 1.0006 0 0.8774 -0.0288 0.1055 0.1326 1.4818 0.9786 -0.0926 0.2152 0.2576 2.0351 0.7326 -0.2372 0.5791 0.7275 3.4614 0.0147 0.0147 0.6727 0 0
10 457 618 1 0 0 0 0 1.0004 0 -0.8183 -0.1592 0.1592 0.2318 1.0557 0.9895 0.1575 0.2971 0.371 3.7974 0.5981 0.173 0.6871 0.8321 3.7977 0.2463 0.2463 0.5639 1 0
10 458 608 0 0 0 0 0 1.0009 0 -0.5285 0.0313 0.5897 0.6391 2.6277 0.9254 -0.0795 0.6144 0.8046 5.9983 0.5676 -0.0407 0.7063 0.8655 3.435 -0.1139 0.1139 0.6561 0 0
10 459 1794 1594 0 0 209 212 1.1139 213 -0.706 -0.5307 0.5307 0.7695 1.8231 0.9733 1.3422 2.2875 3.0688 27.7862 0.4803 -0.4116 0.7403 0.9097 9.7127 0.0724 0.0724 1.2862 1 1
10 460 590 0 0 0 0 0 1.0017 0 -0.7576 -0.2629 0.7615 0.8347 2.343 0.9807 -0.038 0.8135 1.0444 9.0963 0.5734 0.1243 0.6425 0.8153 3.6975 -0.078 0.078 0.6598 0 0
10 461 607 0 0 0 0 0 1.0004 0 0.6158 0.0919 0.1296 0.1409 1.5492 0.9849 -0.1393 0.1956 0.2134 1.5702 0.7004 0.019 0.568 0.7256 3.2862 0.0221 0.0221 0.4786 0 0
10 462 567 0 0 0 0 0 1.0006 0 0.5555 0.0397 0.2185 0.2703 1.7449 0.9797 0.0593 0.271 0.3382 7.1143 0.6428 0.0267 0.6372 0.809 3.5581 -0.18 0.18 0.6274 0 0
10 463 603 5 0 0 0 0 1.0071 0 -0.6123 -0.0966 0.4451 0.5078 3.3337 0.9843 -0.9806 1.0537 1.6875 18.1099 0.6079 -0.141 0.7585 0.9458 3.8806 -0.0591 0.0591 0.827 1 0
10 464 594 0 0 0 0 0 1.0022 0 -0.4649 -0.1011 0.149 0.1831 1.853 0.9903 -0.1736 0.366 0.5508 6.6837 0.6718 -0.0504 0.6089 0.7484 3.8856 -0.0288 0.0288 0.7193 0 0
10 465 611 0 0 0 0 0 1.0012 0 -0.9718 -0.2242 0.2242 0.2985 1.4395 0.9788 -0.1125 0.5003 0.6127 4.6649 0.6853 -0.0134 0.5394 0.6699 3.6497 -0.0729 0.0729 0.6601 0 0
10 466 602 0 0 0 0 0 1.0006 0 0.9482 0.2739 0.2787 0.3387 1.7886 0.9909 0.0247 0.1724 0.2108 2.1006 0.8151 0.0547 0.5365 0.6855 3.001 0.0315 0.0315 0.4173 0 0
10 467 594 0 0 0 0 0 1.0007 0 0.616 0.0682 0.1658 0.213 1.3466 0.9957 -0.1778 0.2204 0.2675 4.8523 0.7052 -0.1447 0.6005 0.77 3.6985 0.1857 0.1857 0.5272 0 0
10 468 581 0 0 0 0 0 1.0018 0 0.7109 0.093 0.2753 0.2756 1.6494 0.9601 -0.1624 0.3078 0.3683 2.73 0.6815 -0.1432 0.6435 0.8302 3.5056 -0.1472 0.1472 0.6609 0 0
10 469 583 28 0 0 0 0 1.001 0 -0.7681 -0.0232 0.3444 0.3586 2.028 0.7399 -0.4815 0.9159 1.0847 11.0287 0.5749 0.1095 0.7074 0.8762 3.9782 -0.0154 0.0154 0.896 1 0
10 470 611 32 0 0 0 0 1.0006 0 0.8319 -0.234 0.234 0.2402 1.335 0.9796 -0.0247 0.5614 0.674 5.6693 0.5446 -0.0447 0.7181 0.8831 4.5415 0.2427 0.2427 0.6976 1 0
10 471 595 0 0 0 0 0 1.0006 0 -0.8625 -0.1942 0.2432 0.3119 1.5295 0.9609 -0.4041 0.4541 0.6891 6.3636 0.699 -0.1651 0.56 0.7179 3.5783 0.0273 0.0273 0.6711 0 0
10 472 598 5 0 0 0 0 1.0013 0 0.6388 0.0832 0.2783 0.3188 2.1714 0.934 0.3351 0.5061 0.8075 10.3289 0.6075 0.055 0.6516 0.8417 3.8323 0.125 0.125 0.6704 1 0
10 473 590 0 0 0 0 0 1.0009 0 0.1754 0.2083 0.2083 0.2699 1.7063 0.9866 -0.0438 0.1466 0.2009 1.4323 0.7625 0.1299 0.583 0.7314 3.1471 -0.156 0.156 0.4624 0 0
10 474 727 0 0 0 0 0 1.0029 0 -0.6424 -0.1335 0.2187 0.3105 2.3273 0.9849 0.4352 0.5735 0.9509 9.3417 0.6814 -0.0348 0.6047 0.7409 3.6309 -0.0865 0.0865 0.5625 0 0
10 475 603 0 0 0 0 0 1.0003 0 0.9459 -0.0774 0.2463 0.2466 1.4743 0.9871 -0.0751 0.1471 0.1833 1.7308 0.7693 -0.0022 0.5374 0.665 3.2968 0.0183 0.0183 0.5042 0 0
10 476 612 0 0 0 0 0 1.0005 0 0.7285 -0.3585 0.3585 0.43 1.5237 0.9714 -0.2498 0.6685 0.9475 7.922 0.7424 -0.0433 0.5325 0.6547 3.6271 0.0602 0.0602 0.5146 0 0
10 477 595 0 0 0 0 0 1.0007 0 -0.2074 0.3185 0.3892 0.4377 1.894 0.9815 -0.1949 0.28 0.3874 1.6746 0.6125 0.0767 0.6379 0.813 3.2166 -0.241 0.241 0.5102 0 0
10 478 597 0 0 0 0 0 1.0005 0 -0.5488 -0.1358 0.2594 0.2751 1.3224 0.9817 0.0528 0.192 0.2389 2.0026 0.7009 0.0252 0.5523 0.6921 3.588 0.0229 0.0229 0.6015 0 0
10 479 604 91 0 0 0 0 1.0028 0 -0.9086 -0.1147 0.2419 0.2451 2.1201 0.9751 -0.2016 0.4008 0.5738 8.3155 0.6873 0.0975 0.6731 0.833 3.8305 -0.1302 0.1302 0.8691 1 0
10 480 605 0 0 0 0 0 1.002 0 0.989 0.0198 0.1229 0.1389 1.8112 0.9914 0.0251 0.1757 0.2069 4.2095 0.7299 0.0544 0.5717 0.7061 3.4147 -0.1415 0.1415 0.5533 0 0
10 481 692 0 0 0 0 0 1.003 0 0.6791 -0.1785 0.2124 0.2707 2.2921 0.9844 0.8314 1.0186 1.6177 19.7941 0.5649 -0.0186 0.6442 0.823 3.8436 -0.1466 0.1466 0.7777 0 0
10 482 758 0 0 0 0 0 1.0031 0 -0.9887 0.0663 0.3918 0.4777 4.3877 0.9841 -0.2073 0.4784 0.5621 8.2512 0.5477 -0.033 0.6839 0.8535 4.1406 -0.2366 0.2366 0.8482 0 0
10 483 588 1 0 0 0 0 1.0005 0 0.0697 -0.25 0.3113 0.3929 1.1344 0.9911 -0.0397 0.3149 0.4559 5.6127 0.6312 -0.0135 0.717 0.8913 3.8535 0.2097 0.2097 0.5532 1 0
10 484 609 0 0 0 0 0 1.0003 0 0.6849 -0.6799 0.6799 0.8935 1.3201 0.9884 0.3617 0.6983 0.8325 5.7404 0.7412 -0.1257 0.5374 0.6743 3.7151 0.042 0.042 0.5411 0 0
10 485 572 0 0 0 0 0 1.0031 0 -0.9951 0.0543 0.4425 0.4919 3.1964 0.9564 0.2516 0.5554 0.6934 8.5498 0.5229 -0.0766 0.7238 0.9016 3.6176 -0.11 0.11 0.6686 0 0
10 486 607 0 0 0 0 0 1.0009 0 0.9993 -0.0975 0.1762 0.2258 1.3331 0.9957 -0.0337 0.121 0.1409 3.0323 0.7985 0.03 0.5408 0.6731 3.5524 0.0943 0.0943 0.4624 0 0
10 487 604 0 0 0 0 0 1.0007 0 0.9991 -0.1539 0.2012 0.2326 1.2958 0.9946 0.031 0.1727 0.2324 3.5549 0.764 0.0119 0.514 0.6672 3.4442 -0.1164 0.1164 0.6165 0 0
10 488 560 0 0 0 0 0 1.0002 0 0.9062 -0.0353 0.1497 0.1535 1.621 0.9819 0.062 0.1649 0.2279 2.8195 0.7224 0.0667 0.5847 0.75 3.2732 -0.2121 0.2121 0.556 0 0
10 489 599 0 0 0 0 0 1.0009 0 0.9709 0.0181 0.0863 0.1006 1.7987 0.9867 0.0333 0.1654 0.1985 2.7878 0.6896 0.0411 0.6015 0.7619 3.5847 -0.1147 0.1147 0.5328 0 0
10 490 596 0 0 0 0 0 1.0003 0 0.9885 0.0349 0.0369 0.0447 1.5356 0.9971 0.033 0.1083 0.1424 3.609 0.7244 0.0514 0.5847 0.7332 3.5189 -0.0289 0.0289 0.6618 0 0
10 491 614 0 0 0 0 0 1.0006 0 0.8968 -0.1303 0.1872 0.2106 1.7564 0.9825 -0.1265 0.361 0.5189 5.5348 0.7368 -0.0031 0.5937 0.7401 3.5448 0.0633 0.0633 0.6256 0 0
10 492 588 0 0 0 0 0 1.0007 0 0.9838 0.0397 0.2314 0.253 1.9267 0.9861 -0.267 0.3064 0.41 6.1144 0.6734 -0.0217 0.5863 0.7583 3.3621 -0.118 0.118 0.5719 0 0
10 493 590 0 0 0 0 0 1.0019 0 -0.9102 0.1115 0.5294 0.6142 2.8288 0.8833 0.2532 0.6915 0.826 8.0935 0.4784 -0.0661 0.7193 0.8874 3.4135 -0.1768 0.1768 0.693 0 0
10 494 589 0 0 0 0 0 1.0009 0 -0.9726 0.3086 0.3086 0.4107 2.4156 0.9906 0.0162 0.1161 0.167 3.9766 0.6212 0.1244 0.6609 0.8009 3.3965 -0.1107 0.1107 0.627 0 0
10 495 592 0 0 0 0 0 1.0008 0 0.7184 0.2357 0.2449 0.3006 1.5838 0.973 -0.1196 0.2535 0.3102 2.7109 0.7114 0.005 0.5944 0.7494 3.2811 0.0072 0.0072 0.5559 0 0
10 496 587 6 0 0 0 0 1.0032 0 0.8871 0.059 0.1328 0.1754 2.8526 0.9566 -0.1901 0.4244 0.5862 8.5521 0.475 0.1791 0.7454 0.9415 4.1529 0.0037 0.0037 0.8492 1 0
10 497 593 2 0 0 0 0 1.0015 0 0.9434 -0.0624 0.1259 0.1332 1.6339 0.9827 0.0287 0.3638 0.4208 4.921 0.7062 -0.0748 0.6013 0.7484 3.875 0.041 0.041 0.819 1 0
10 498 603 0 0 0 0 0 1.0016 0 0.346 -0.0549 0.1084 0.1421 1.5342 0.9739 -0.1912 0.2792 0.3996 3.6404 0.6962 -0.0429 0.5694 0.7014 3.7502 -0.0794 0.0794 0.7031 0 0
10 499 596 47 0 0 0 0 1.0015 0 -0.1577 -0.2253 0.2253 0.2542 1.4294 0.9812 -0.0869 0.7183 0.8638 8.1916 0.6341 -0.1185 0.5852 0.7464 4.1002 0.001 0.001 0.9477 1 0
10 500 592 0 0 0 0 0 1.0015 0 -0.7802 0.1653 0.2832 0.3952 1.6888 0.9635 -0.21 0.3143 0.4045 3.8406 0.6644 -0.1898 0.6009 0.7681 3.3877 -0.2024 0.2024 0.6288 0 0
