cond r run.time ndiv nbfmi ntree nbulk ntail maxRhat nRhat beta.cor beta.bias beta.abbias beta.rmse beta.CI theta.cor theta.bias theta.abbias theta.rmse theta.CI lambda.bias lambda.abbias lambda.CI corrupt efficiency
40 1 1804 0 0 0 0 0 1.0005 0 0.9892 0.0651 0.1358 0.1796 1.4845 0.8427 0.0163 0.3991 0.531 4.0872 -0.0175 0.0175 0.2595 0 0
40 2 1807 0 0 0 0 0 1.0008 0 0.9939 -0.0173 0.1134 0.1293 1.4377 0.8337 -0.0093 0.4186 0.5663 4.0393 -0.1437 0.1437 0.2468 0 0
40 3 1788 0 0 0 0 0 1.0003 0 0.9811 -0.0095 0.2292 0.2988 2.4393 0.8514 -0.0237 0.4028 0.5246 4.0083 -0.1028 0.1028 0.2456 0 0
40 4 1905 0 0 0 0 0 1.0013 0 0.9899 -0.1414 0.1718 0.2328 1.4917 0.8304 -0.0873 0.3964 0.5329 4.038 -0.0253 0.0253 0.2428 0 0
40 5 1823 0 0 0 0 0 1.0001 0 0.9481 -0.2233 0.2704 0.4202 1.6567 0.8397 -0.1224 0.4423 0.5948 3.9995 -0.1198 0.1198 0.2504 0 0
40 6 1842 0 0 0 0 0 1.0009 0 0.9812 0.2163 0.2567 0.3073 1.8407 0.8365 0.1537 0.4545 0.5804 4.1063 0.0488 0.0488 0.2369 0 0
40 7 1731 0 0 0 0 0 1.0004 0 0.9923 0.1362 0.1522 0.1851 1.2893 0.8402 0.1172 0.4287 0.5578 4.0128 -0.1417 0.1417 0.2488 0 0
40 8 1817 0 0 0 0 0 1.0004 0 0.9777 -0.0435 0.2051 0.2569 1.6729 0.8193 0.016 0.4037 0.5529 4.1174 -0.0051 0.0051 0.2442 0 0
40 9 1863 0 0 0 0 0 1.0002 0 0.9756 -0.1884 0.2258 0.3366 1.9729 0.8608 -0.1371 0.4172 0.5634 4.0203 0.0272 0.0272 0.2266 0 0
40 10 1807 0 0 0 0 0 1.0002 0 0.9866 -0.0506 0.1662 0.2011 1.5493 0.8559 -0.0809 0.4006 0.5391 4.0837 0.0773 0.0773 0.2254 0 0
40 11 1866 0 0 0 0 0 1.0002 0 0.9846 -0.0661 0.1428 0.1883 1.0363 0.8748 -0.0496 0.3986 0.5266 4.1884 0.0888 0.0888 0.2215 0 0
40 12 1803 0 0 0 0 0 1.0004 0 0.9871 0.0424 0.1884 0.2425 1.5602 0.835 -6e-04 0.4109 0.5554 4.0933 0.0508 0.0508 0.2396 0 0
40 13 1850 0 0 0 0 0 1.0008 0 0.9843 -0.05 0.1221 0.1555 0.9449 0.8597 -0.0473 0.3768 0.5258 3.9944 -0.0397 0.0397 0.2306 0 0
40 14 1789 0 0 0 0 0 1.0002 0 0.9866 0.0226 0.1183 0.1573 1.0399 0.8611 0.0134 0.3846 0.5324 4.0521 -0.0315 0.0315 0.2288 0 0
40 15 1811 0 0 0 0 0 1.0009 0 0.9898 -0.0671 0.1351 0.1582 1.1673 0.8643 -0.0698 0.4147 0.5507 4.0372 4e-04 4e-04 0.2387 0 0
40 16 1808 0 0 0 0 0 1.0018 0 0.982 -0.0776 0.1692 0.2067 1.4815 0.8312 -0.0622 0.4129 0.5541 4.0141 -0.0612 0.0612 0.2572 0 0
40 17 1797 0 0 0 0 0 1.0007 0 0.9834 -0.0736 0.1478 0.1937 1.1512 0.8291 -0.0556 0.435 0.5976 4.0169 -0.0319 0.0319 0.2361 0 0
40 18 1833 0 0 0 0 0 1.0003 0 0.9935 0.0202 0.1608 0.1865 1.5974 0.8684 0.0875 0.4016 0.5419 4.1419 0.0189 0.0189 0.2361 0 0
40 19 1813 0 0 0 0 0 1.0006 0 0.9835 0.1015 0.1615 0.2613 2.2644 0.853 0.0193 0.4288 0.5664 4.1622 0.089 0.089 0.2171 0 0
40 20 1875 0 0 0 0 0 1.0003 0 0.9715 0.0066 0.1895 0.2584 1.2349 0.8575 0.0174 0.3753 0.5042 3.9902 -0.0358 0.0358 0.2367 0 0
40 21 1853 0 0 0 0 0 1.0006 0 0.9845 0.0152 0.1715 0.2168 1.3599 0.8302 0.0521 0.4165 0.5814 4.0427 -0.0744 0.0744 0.241 0 0
40 22 1815 0 0 0 0 0 1.0008 0 0.9782 -0.1409 0.1813 0.343 2.0552 0.8625 -0.0989 0.4085 0.5435 4.1112 0.0605 0.0605 0.2298 0 0
40 23 1818 0 0 0 0 0 1.0003 0 0.9794 0.0083 0.1603 0.2177 1.1727 0.8381 0.0454 0.3893 0.5303 4.0024 0.0055 0.0055 0.2342 0 0
40 24 1875 0 0 0 0 0 1.0005 0 0.9667 -0.0765 0.1724 0.356 2.1408 0.8409 -0.052 0.4067 0.5356 4.0744 -0.0098 0.0098 0.2509 0 0
40 25 1843 0 0 0 0 0 1.0003 0 0.9712 0.1077 0.2071 0.2859 1.61 0.8671 0.0597 0.3836 0.5086 4.1183 0.0353 0.0353 0.2291 0 0
40 26 1854 0 0 0 0 0 1.0005 0 0.9894 -0.0372 0.1122 0.1508 1.0778 0.8331 -0.0534 0.4067 0.549 3.9984 -0.0039 0.0039 0.2351 0 0
40 27 1752 0 0 0 0 0 1.001 0 0.9955 -0.001 0.0716 0.0979 1.1824 0.8259 0.0102 0.4198 0.5675 4.1518 0.0305 0.0305 0.2263 0 0
40 28 1806 0 0 0 0 0 1.0006 0 0.9573 -0.0152 0.182 0.2739 1.5779 0.8423 0.0228 0.4282 0.5722 4.0785 0.0301 0.0301 0.2354 0 0
40 29 1788 0 0 0 0 0 1.0002 0 0.9783 0.0795 0.2536 0.3327 2.1273 0.8611 0.063 0.3949 0.5197 4.0535 -0.0057 0.0057 0.2353 0 0
40 30 1810 0 0 0 0 0 1.0007 0 0.9863 -0.0069 0.114 0.1515 1.2095 0.833 -0.012 0.4197 0.5763 4.0556 -0.0151 0.0151 0.2437 0 0
40 31 1785 0 0 0 0 0 1.0005 0 0.9894 -0.0368 0.1298 0.1576 1.43 0.8779 -0.0372 0.3849 0.4958 4.0915 -0.0062 0.0062 0.2315 0 0
40 32 1829 0 0 0 0 0 1.0009 0 0.9887 -0.0414 0.1234 0.1456 0.9506 0.861 -0.0036 0.3761 0.5237 4.0866 0.0401 0.0401 0.2338 0 0
40 33 1823 0 0 0 0 0 1.0009 0 0.9639 0.1022 0.1623 0.1971 0.9205 0.8471 0.0835 0.3955 0.548 4.0359 -0.0514 0.0514 0.2338 0 0
40 34 1841 0 0 0 0 0 1.0004 0 0.9835 -0.0997 0.1683 0.2355 2.1093 0.8463 -0.0503 0.4046 0.5646 4.0947 0.0162 0.0162 0.2338 0 0
40 35 1834 0 0 0 0 0 1.0004 0 0.9887 -0.167 0.181 0.2176 1.1305 0.8348 -0.1624 0.4266 0.587 4.1228 0.0856 0.0856 0.2261 0 0
40 36 1786 0 0 0 0 0 1.001 0 0.9793 -0.0365 0.2079 0.3482 2.2082 0.8496 0.0105 0.4113 0.55 4.168 0.0742 0.0742 0.2235 0 0
40 37 1817 0 0 0 0 0 1.0017 0 0.9842 0.0049 0.1397 0.1965 1.3854 0.8327 0.0442 0.4213 0.5622 4.15 0.0629 0.0629 0.2421 0 0
40 38 1800 0 0 0 0 0 1.0011 0 0.987 0.0614 0.1754 0.2203 1.9057 0.8437 0.0916 0.406 0.5506 4.0398 -0.0048 0.0048 0.2463 0 0
40 39 1851 0 0 0 0 0 1.0007 0 0.9915 0.0161 0.1273 0.152 1.3548 0.8579 0.0213 0.3852 0.5346 4.0035 0.0088 0.0088 0.2293 0 0
40 40 1790 0 0 0 0 0 1.0008 0 0.9643 -0.0725 0.2071 0.2584 1.1795 0.8532 0.0067 0.4036 0.5462 4.0932 0.0322 0.0322 0.2271 0 0
40 41 1848 0 0 0 0 0 1.0006 0 0.9571 -0.1107 0.1982 0.3541 1.9914 0.8464 -0.0668 0.4219 0.5541 4.0182 0.0072 0.0072 0.2574 0 0
40 42 1825 0 0 0 0 0 1.0002 0 0.9838 0.0333 0.1671 0.2615 1.7218 0.8416 0.044 0.4336 0.5697 3.9906 -0.0196 0.0196 0.2369 0 0
40 43 1839 0 0 0 0 0 1.0003 0 0.9836 0.0876 0.1671 0.2066 1.1675 0.8577 0.1072 0.3834 0.5287 4.1435 0.0722 0.0722 0.2217 0 0
40 44 1806 0 0 0 0 0 1.0003 0 0.9756 0.0056 0.1693 0.2091 1.1283 0.8738 0.0509 0.3697 0.4902 3.9976 -0.1047 0.1047 0.2502 0 0
40 45 1820 0 0 0 0 0 1.0005 0 0.9815 -0.0256 0.186 0.2512 2.0911 0.8387 -0.0363 0.4256 0.5623 4.1373 0.0258 0.0258 0.239 0 0
40 46 1817 0 0 0 0 0 1.0009 0 0.9909 -0.047 0.0941 0.1341 1.1889 0.8404 -0.0419 0.4131 0.5536 4.1505 0.0634 0.0634 0.2266 0 0
40 47 1791 0 0 0 0 0 1.0004 0 0.9806 -0.0417 0.1867 0.249 1.666 0.8162 -0.0329 0.4285 0.5937 4.0185 -0.0259 0.0259 0.2594 0 0
40 48 1820 0 0 0 0 0 1.0003 0 0.9828 0.021 0.1584 0.2002 1.6115 0.8302 0.0109 0.4313 0.5907 4.0046 -0.0182 0.0182 0.231 0 0
40 49 1835 0 0 0 0 0 1.0008 0 0.9907 -0.0589 0.1499 0.1901 1.5852 0.8636 -0.0503 0.414 0.5547 4.0454 0.0845 0.0845 0.2237 0 0
40 50 1867 0 0 0 0 0 1.0002 0 0.9847 0.2147 0.2437 0.3317 1.9076 0.8635 0.1692 0.4351 0.5704 3.9834 -0.0068 0.0068 0.2219 0 0
40 51 1880 0 0 0 0 0 1.0009 0 0.9877 0.104 0.1565 0.2004 1.5241 0.8651 0.0528 0.3866 0.502 4.0143 0.0228 0.0228 0.2302 0 0
40 52 1850 0 0 0 0 0 1.0003 0 0.9924 -0.0221 0.1218 0.1444 1.6544 0.8355 0.007 0.4303 0.5723 4.1204 0.0693 0.0693 0.2341 0 0
40 53 1763 0 0 0 0 0 1.0007 0 0.9849 0.1148 0.2121 0.2863 1.9553 0.8539 0.0899 0.4507 0.5778 4.2234 0.1002 0.1002 0.2354 0 0
40 54 1809 0 0 0 0 0 1.0003 0 0.9879 0.065 0.1336 0.1932 1.3744 0.8524 0.0298 0.413 0.5519 4.0956 -0.0271 0.0271 0.2385 0 0
40 55 1803 0 0 0 0 0 1.0004 0 0.9789 0.1365 0.2309 0.3042 1.3802 0.8521 0.1245 0.4361 0.5812 4.0507 -0.0168 0.0168 0.2351 0 0
40 56 1788 0 0 0 0 0 1.0008 0 0.9897 -0.1282 0.1686 0.2114 1.6752 0.8483 -0.0647 0.4143 0.5506 3.9945 -0.0603 0.0603 0.2495 0 0
40 57 1812 0 0 0 0 0 1.0002 0 0.9799 0.0075 0.1607 0.1907 0.9904 0.8493 -0.0025 0.388 0.5401 4.1157 0.0153 0.0153 0.2346 0 0
40 58 1830 0 0 0 0 0 1.0005 0 0.9805 -0.0333 0.1536 0.1828 1.1161 0.8355 -0.0459 0.4146 0.5679 4.0443 -0.0864 0.0864 0.2441 0 0
40 59 1755 0 0 0 0 0 1.0002 0 0.9866 0.0812 0.1429 0.172 1.0687 0.8306 0.0615 0.4202 0.5692 4.0862 0.0351 0.0351 0.2361 0 0
40 60 1818 0 0 0 0 0 1.0003 0 0.977 -0.1247 0.2422 0.3364 2.4092 0.8413 0.0127 0.4078 0.5332 4.0059 -0.0101 0.0101 0.2319 0 0
40 61 1801 0 0 0 0 0 1.0002 0 0.9818 0.1073 0.1732 0.2184 1.7114 0.8418 0.0715 0.4053 0.5455 4.0792 0.0045 0.0045 0.2364 0 0
40 62 1820 0 0 0 0 0 1.0003 0 0.9801 -0.0227 0.1219 0.1591 1.0602 0.8536 0.0121 0.4109 0.5592 4.1309 0.0149 0.0149 0.226 0 0
40 63 1770 0 0 0 0 0 1.0003 0 0.9439 -0.1699 0.4309 0.8361 3.0144 0.8213 0.013 0.4752 0.6163 4.1322 0.0774 0.0774 0.2437 0 0
40 64 1788 0 0 0 0 0 1.0009 0 0.9906 0.0288 0.1543 0.186 1.4351 0.851 0.0375 0.4155 0.5431 4.0415 0.0044 0.0044 0.2424 0 0
40 65 1749 0 0 0 0 0 1.0017 0 0.9887 0.0214 0.1029 0.134 1.0658 0.8144 -0.0111 0.4079 0.5744 4.0624 -0.1068 0.1068 0.2581 0 0
40 66 1771 0 0 0 0 0 1.0004 0 0.9665 -0.0234 0.1871 0.2445 1.6879 0.8148 0.0066 0.4305 0.594 4.092 0.0585 0.0585 0.2484 0 0
40 67 1769 0 0 0 0 0 1.0002 0 0.957 0.1607 0.2357 0.3783 1.9635 0.8517 0.0412 0.415 0.5456 4.0831 0.0142 0.0142 0.2565 0 0
40 68 1833 0 0 0 0 0 1.0009 0 0.9886 0.047 0.1603 0.2221 1.4538 0.8659 0.0493 0.4107 0.5486 4.1293 0.1269 0.1269 0.2143 0 0
40 69 1841 0 0 0 0 0 1.0003 0 0.9849 -0.0811 0.1777 0.2454 1.7215 0.8514 -0.009 0.4092 0.5437 4.1159 0.0134 0.0134 0.2372 0 0
40 70 1851 0 0 0 0 0 1.0005 0 0.9942 0.0996 0.1938 0.2458 1.3914 0.8683 0.0511 0.389 0.5198 4.0336 -0.0076 0.0076 0.2421 0 0
40 71 1806 0 0 0 0 0 1.0009 0 0.9767 -0.0722 0.2699 0.4458 2.6501 0.8301 -0.0891 0.4556 0.6146 4.0308 -0.0143 0.0143 0.2357 0 0
40 72 1860 0 0 0 0 0 1.0007 0 0.9898 0.0064 0.1228 0.1468 1.3685 0.8615 -0.0038 0.4085 0.5502 3.9856 0.0049 0.0049 0.2241 0 0
40 73 1803 0 0 0 0 0 1.0017 0 0.9611 -0.1081 0.2814 0.5216 2.7055 0.8475 -0.0266 0.4041 0.5337 4.0759 0.0708 0.0708 0.2314 0 0
40 74 1807 0 0 0 0 0 1.0003 0 0.9689 0.0572 0.1661 0.2254 1.6915 0.8406 0.0213 0.4244 0.5561 3.9915 0.0076 0.0076 0.2472 0 0
40 75 1785 0 0 0 0 0 1.0006 0 0.973 0.0503 0.1911 0.2273 1.347 0.8428 -0.0156 0.4259 0.5697 4.119 0.0659 0.0659 0.2402 0 0
40 76 1875 0 0 0 0 0 1.0001 0 0.9753 0.1632 0.222 0.2943 1.3537 0.8496 0.1163 0.4186 0.5545 4.0193 -0.029 0.029 0.2273 0 0
40 77 1809 0 0 0 0 0 1.0003 0 0.9713 -0.1246 0.2467 0.4693 2.2556 0.8517 -0.0701 0.4292 0.5787 4.0399 -0.0165 0.0165 0.2556 0 0
40 78 1796 0 0 0 0 0 1.0002 0 0.9717 0.016 0.2096 0.2976 1.4407 0.835 0.0075 0.4125 0.5812 4.028 -0.0531 0.0531 0.2281 0 0
40 79 1810 0 0 0 0 0 1.0005 0 0.9923 -0.0871 0.11 0.1342 0.8193 0.8662 -0.0257 0.3908 0.5281 4.0181 -0.0492 0.0492 0.2283 0 0
40 80 1799 0 0 0 0 0 1.0006 0 0.99 0.1622 0.1816 0.2212 1.5417 0.8351 0.1063 0.4206 0.5985 4.1451 0.0076 0.0076 0.2356 0 0
40 81 1779 0 0 0 0 0 1.0002 0 0.9811 -0.0286 0.1523 0.188 1.1427 0.8585 0.0115 0.4041 0.542 4.1298 0.0302 0.0302 0.2339 0 0
40 82 1818 0 0 0 0 0 1.0002 0 0.9786 0.0036 0.1962 0.2509 1.3698 0.8473 -0.033 0.4012 0.5366 4.0682 0.0222 0.0222 0.2261 0 0
40 83 1786 0 0 0 0 0 1.0009 0 0.9957 -0.066 0.1175 0.1563 1.8484 0.8263 -0.0611 0.4328 0.5807 4.1274 0.0265 0.0265 0.2371 0 0
40 84 1892 0 0 0 0 0 1.0014 0 0.9839 0.0357 0.1683 0.1995 1.2922 0.8576 0.0296 0.3983 0.5257 4.0176 0.0269 0.0269 0.2305 0 0
40 85 1772 0 0 0 0 0 1.0011 0 0.9851 0.0046 0.1405 0.1873 1.2824 0.8377 0.0906 0.3949 0.5365 3.9938 -0.0812 0.0812 0.2575 0 0
40 86 1764 0 0 0 0 0 1.0002 0 0.9644 -0.0611 0.2033 0.3347 2.0692 0.8346 -0.0809 0.4134 0.5436 4.0925 0.0412 0.0412 0.2413 0 0
40 87 1790 0 0 0 0 0 1.0015 0 0.9737 0.2097 0.2804 0.4328 2.2609 0.8641 0.0768 0.4082 0.523 4.0385 -0.0223 0.0223 0.2533 0 0
40 88 1798 0 0 0 0 0 1.0004 0 0.9897 0.0298 0.1619 0.2413 2.2315 0.8248 0.0564 0.4331 0.5849 3.9969 -0.0571 0.0571 0.248 0 0
40 89 1789 0 0 0 0 0 1.0004 0 0.9926 -0.0484 0.1399 0.1729 1.5493 0.84 -0.0514 0.3871 0.537 3.9783 -0.0286 0.0286 0.2472 0 0
40 90 1846 0 0 0 0 0 1.0011 0 0.9714 -0.0065 0.1593 0.268 1.9398 0.832 -0.0441 0.3999 0.5688 3.9887 -0.0085 0.0085 0.2448 0 0
40 91 1839 0 0 0 0 0 1.0008 0 0.9836 -0.0646 0.178 0.2345 1.3484 0.8466 -0.0728 0.3889 0.5545 4.0302 -0.0109 0.0109 0.2412 0 0
40 92 1812 0 0 0 0 0 1.0004 0 0.9683 0.0461 0.1989 0.2589 1.5375 0.8439 0.0183 0.3757 0.5184 3.9976 -0.0815 0.0815 0.2369 0 0
40 93 1766 0 0 0 0 0 1.0003 0 0.9819 0.163 0.2328 0.3688 2.4918 0.7975 0.0116 0.4507 0.6125 4.0788 -0.0205 0.0205 0.2419 0 0
40 94 1855 0 0 0 0 0 1.0003 0 0.9857 -0.0199 0.1645 0.2029 1.5324 0.8465 0.0413 0.4044 0.5459 4.0758 0.0809 0.0809 0.2433 0 0
40 95 1882 0 0 0 0 0 1.0004 0 0.9842 -0.0436 0.1994 0.2698 2.428 0.8644 -0.0075 0.3893 0.5158 4.0793 0.0369 0.0369 0.2289 0 0
40 96 1902 0 0 0 0 0 1.001 0 0.9902 -0.0731 0.1419 0.1971 1.8778 0.8626 -0.0469 0.401 0.5328 4.1591 0.0425 0.0425 0.2273 0 0
40 97 1837 0 0 0 0 0 1.0002 0 0.985 0.0714 0.1468 0.168 0.8797 0.8585 0.0438 0.3846 0.5238 4.0204 -0.1392 0.1392 0.2383 0 0
40 98 1890 0 0 0 0 0 1.0003 0 0.9917 -0.0602 0.1166 0.1383 1.1308 0.8642 -0.0295 0.3901 0.5252 4.1644 0.0675 0.0675 0.2269 0 0
40 99 1903 0 0 0 0 0 1.0005 0 0.9858 -0.0277 0.1486 0.193 1.2127 0.8675 -0.008 0.3946 0.5297 4.1065 0.1225 0.1225 0.2119 0 0
40 100 1773 0 0 0 0 0 1.0005 0 0.9777 -0.0355 0.1511 0.2539 1.9721 0.8316 -0.035 0.4041 0.56 4.0584 -0.0038 0.0038 0.2382 0 0
40 101 1823 0 0 0 0 0 1.0002 0 0.9797 -0.0364 0.2022 0.2921 2.0747 0.8554 0.0433 0.398 0.5369 4.0098 -0.0495 0.0495 0.2609 0 0
40 102 1773 0 0 0 0 0 1.0001 0 0.9872 -0.0056 0.1262 0.1619 1.5542 0.8209 0.0059 0.4237 0.5648 4.0465 -0.0013 0.0013 0.2454 0 0
40 103 1776 0 0 0 0 0 1.0009 0 0.9842 -0.084 0.1627 0.2199 1.6545 0.8423 -0.0874 0.3925 0.5258 4.0475 -0.0634 0.0634 0.2462 0 0
40 104 1903 0 0 0 0 0 1.0007 0 0.9738 0.0411 0.2046 0.3202 2.0266 0.8707 0.0019 0.3951 0.5026 3.9716 -0.0032 0.0032 0.2293 0 0
40 105 1784 0 0 0 0 0 1.0002 0 0.9747 0.0541 0.2273 0.4089 2.5756 0.8419 0.0327 0.4005 0.5405 4.0478 -0.0166 0.0166 0.2429 0 0
40 106 1796 0 0 0 0 0 1.0006 0 0.9868 -0.0899 0.1861 0.2481 1.6846 0.834 -0.0729 0.4456 0.5925 4.0602 -0.0106 0.0106 0.2271 0 0
40 107 1804 0 0 0 0 0 1.0007 0 0.98 0.0262 0.151 0.2391 1.7261 0.8514 -0.0081 0.4036 0.559 4.0627 -0.0484 0.0484 0.2328 0 0
40 108 1786 0 0 0 0 0 1.0002 0 0.9557 0.0936 0.1978 0.3744 1.8944 0.8526 0.1122 0.4328 0.5628 4.0152 -0.0531 0.0531 0.2335 0 0
40 109 1886 0 0 0 0 0 1.0003 0 0.9871 -0.0091 0.1513 0.2162 2.1554 0.8503 -0.0187 0.3915 0.5243 3.9983 0.0365 0.0365 0.2301 0 0
40 110 1845 0 0 0 0 0 1.0008 0 0.9907 -0.0785 0.187 0.2357 2.0002 0.8458 -0.0273 0.4209 0.5642 4.1884 0.0227 0.0227 0.2311 0 0
40 111 1809 0 0 0 0 0 1.0006 0 0.9848 -0.0226 0.136 0.1661 1.2023 0.8509 -0.0507 0.4236 0.5783 4.0919 0.0324 0.0324 0.2277 0 0
40 112 1813 0 0 0 0 0 1.0005 0 0.9849 0.0787 0.1467 0.1873 1.2501 0.8487 0.1196 0.3913 0.5247 3.9827 -0.0336 0.0336 0.2449 0 0
40 113 1803 0 0 0 0 0 1.0003 0 0.9726 -0.0167 0.1747 0.2493 1.5404 0.8444 0.0161 0.4154 0.5743 4.1683 0.0733 0.0733 0.2209 0 0
40 114 1746 0 0 0 0 0 1.0006 0 0.9798 -0.0779 0.2244 0.3074 2.4403 0.8495 -0.021 0.4006 0.5264 4.0659 -0.0678 0.0678 0.2704 0 0
40 115 1798 0 0 0 0 0 1.0008 0 0.9931 0.0393 0.11 0.148 1.6582 0.8471 -0.0023 0.3939 0.528 4.1067 0.0251 0.0251 0.2362 0 0
40 116 1772 0 0 0 0 0 1.0001 0 0.9859 0.0498 0.1597 0.2123 1.714 0.8696 0.0232 0.3793 0.4971 4.1096 0.0348 0.0348 0.2259 0 0
40 117 1798 0 0 0 0 0 1.0003 0 0.9897 0.0589 0.1711 0.2094 1.5098 0.8525 0.1058 0.4169 0.5436 4.007 -0.0681 0.0681 0.2478 0 0
40 118 1855 0 0 0 0 0 1.0004 0 0.9903 0.0153 0.1181 0.139 1.0753 0.8693 0.0327 0.3798 0.5007 3.9879 -0.0794 0.0794 0.2317 0 0
40 119 1776 0 0 0 0 0 1.0004 0 0.9892 -0.037 0.1781 0.2258 2.0136 0.8334 -0.0245 0.4209 0.5597 4.001 -0.1208 0.1208 0.2668 0 0
40 120 1836 0 0 0 0 0 1.0004 0 0.9836 -0.0619 0.1876 0.2234 1.2977 0.8347 -0.0558 0.4176 0.5614 4.0434 -0.0236 0.0236 0.2301 0 0
40 121 1773 0 0 0 0 0 1.0006 0 0.9855 0.077 0.2169 0.3319 2.2314 0.85 0.0516 0.4214 0.5579 4.2088 0.1269 0.1269 0.2353 0 0
40 122 1820 0 0 0 0 0 1.0003 0 0.9766 0.1749 0.2381 0.2894 2.2121 0.8411 0.0954 0.4388 0.5905 4.0866 0.0211 0.0211 0.2317 0 0
40 123 1840 0 0 0 0 0 1.0011 0 0.9844 -0.0864 0.1355 0.2195 1.4136 0.849 -0.0479 0.4124 0.5499 3.9843 -0.0573 0.0573 0.2447 0 0
40 124 1775 0 0 0 0 0 1.0004 0 0.9807 -0.0891 0.2367 0.3309 2.4034 0.862 -0.0698 0.3993 0.5191 4.0202 -0.0447 0.0447 0.243 0 0
40 125 1813 0 0 0 0 0 1.0003 0 0.9913 -0.0478 0.1528 0.1825 1.6024 0.8594 -0.0488 0.4098 0.5413 4.0777 -0.0283 0.0283 0.238 0 0
40 126 1794 0 0 0 0 0 1.0001 0 0.9734 -0.0456 0.1793 0.2565 1.3597 0.8674 -0.0156 0.4014 0.5251 3.9904 -0.0452 0.0452 0.2519 0 0
40 127 1785 0 0 0 0 0 1.0004 0 0.9773 -0.0167 0.1641 0.1948 1.2492 0.849 -0.0091 0.3926 0.5353 4.1264 0.0576 0.0576 0.2389 0 0
40 128 1820 0 0 0 0 0 1.0004 0 0.9844 -0.1527 0.1752 0.2346 1.1022 0.8672 -0.1131 0.416 0.5458 4.1212 0.0056 0.0056 0.2335 0 0
40 129 1825 0 0 0 0 0 1.0002 0 0.9939 -0.0088 0.0912 0.1161 1.3506 0.855 -0.0327 0.4154 0.5594 4.1411 0.1005 0.1005 0.2171 0 0
40 130 1775 0 0 0 0 0 1.0009 0 0.9885 0.0499 0.1014 0.1423 1.1611 0.8527 0.0866 0.4045 0.5418 4.0086 0.0731 0.0731 0.2192 0 0
40 131 1787 0 0 0 0 0 1.0005 0 0.9841 -0.0167 0.1271 0.1598 1.1994 0.8318 0.0204 0.4188 0.5679 3.9783 -0.0856 0.0856 0.2358 0 0
40 132 1753 0 0 0 0 0 1.0004 0 0.9718 -0.0987 0.2086 0.4242 2.3535 0.8186 -0.0325 0.4268 0.5815 4.092 0.0011 0.0011 0.2406 0 0
40 133 1787 0 0 0 0 0 1.0001 0 0.9889 -0.1218 0.1816 0.2174 1.7831 0.847 -0.0799 0.4104 0.5594 4.0199 -0.0233 0.0233 0.247 0 0
40 134 1814 0 0 0 0 0 1.0005 0 0.987 -0.0844 0.1604 0.2152 1.6245 0.837 -0.0667 0.4127 0.5696 3.976 0.0942 0.0942 0.2212 0 0
40 135 1868 0 0 0 0 0 1.0004 0 0.9834 0.0229 0.1467 0.1872 1.1983 0.8468 0.0359 0.3834 0.5131 4.0806 -0.0052 0.0052 0.2295 0 0
40 136 1807 0 0 0 0 0 1.0001 0 0.9821 -0.0115 0.2165 0.2883 2.1421 0.8644 0.0041 0.3993 0.5168 4.046 7e-04 7e-04 0.243 0 0
40 137 1799 0 0 0 0 0 1.0006 0 0.9834 0.1343 0.1985 0.2961 1.6658 0.8747 0.0523 0.4091 0.5357 4.0948 0.0269 0.0269 0.2294 0 0
40 138 1819 0 0 0 0 0 1.0005 0 0.9732 -0.1031 0.261 0.3988 1.8983 0.8545 -0.0879 0.4266 0.5701 4.0089 -0.0185 0.0185 0.2357 0 0
40 139 1858 0 0 0 0 0 1.0008 0 0.967 -0.0286 0.1884 0.2834 2.1405 0.8582 -0.0437 0.4033 0.5517 4.0575 0.0042 0.0042 0.2201 0 0
40 140 1831 0 0 0 0 0 1.0015 0 0.983 -0.0735 0.206 0.2392 1.118 0.8785 -0.0723 0.3753 0.5036 3.9693 -0.006 0.006 0.2235 0 0
40 141 1786 0 0 0 0 0 1.0002 0 0.9784 0.0326 0.1332 0.1552 0.9314 0.846 0.0366 0.3861 0.5325 3.9729 -0.0763 0.0763 0.2479 0 0
40 142 1812 0 0 0 0 0 1.001 0 0.9911 0.007 0.1283 0.1635 1.3401 0.8492 0.0351 0.408 0.5354 4.048 -0.0722 0.0722 0.2462 0 0
40 143 1812 0 0 0 0 0 1.0021 0 0.9811 -0.1173 0.2102 0.325 2.4775 0.8613 -0.0359 0.4213 0.5612 4.0308 0.0517 0.0517 0.2334 0 0
40 144 1859 0 0 0 0 0 1.0009 0 0.9927 -0.002 0.1242 0.1536 2.2983 0.8481 0.0234 0.4124 0.5477 4.1599 0.0361 0.0361 0.236 0 0
40 145 1874 0 0 0 0 0 1.0001 0 0.9869 0.0144 0.1286 0.1592 1.0232 0.8695 0.0216 0.4152 0.5458 4.0735 0.0735 0.0735 0.2176 0 0
40 146 1764 0 0 0 0 0 1.001 0 0.9757 -0.0245 0.2364 0.3738 2.4603 0.8581 0.0725 0.3973 0.5387 4.0636 -0.0283 0.0283 0.2513 0 0
40 147 1826 0 0 0 0 0 1.0001 0 0.9501 -0.1254 0.2211 0.4316 2.5677 0.8541 -0.1102 0.4052 0.554 3.9832 0.0647 0.0647 0.2278 0 0
40 148 1795 0 0 0 0 0 1.0014 0 0.9769 0.1236 0.1881 0.3061 1.9068 0.8801 0.0175 0.3922 0.5134 3.9715 0.0258 0.0258 0.2324 0 0
40 149 1795 0 0 0 0 0 1.0005 0 0.9772 -0.0816 0.159 0.1875 1.2267 0.8477 -0.0723 0.3985 0.5331 4.0629 -0.0434 0.0434 0.2424 0 0
40 150 1857 0 0 0 0 0 1.0005 0 0.9804 -0.0877 0.2206 0.4165 2.5547 0.8434 0.0079 0.4301 0.5705 4.0733 0.0603 0.0603 0.2262 0 0
40 151 1811 0 0 0 0 0 1.0013 0 0.9842 0.0509 0.147 0.1766 1.5874 0.8438 0.0791 0.4232 0.5925 4.125 0.0115 0.0115 0.23 0 0
40 152 1793 0 0 0 0 0 1.0008 0 0.9905 0.0615 0.12 0.1558 1.2104 0.8307 0.0642 0.3937 0.5542 4.0366 -0.0955 0.0955 0.2622 0 0
40 153 1788 0 0 0 0 0 1.0003 0 0.9939 -0.004 0.1344 0.1758 2.0187 0.865 -0.0211 0.3922 0.5136 4.1131 0.0822 0.0822 0.2309 0 0
40 154 1808 0 0 0 0 0 1.0003 0 0.9921 -0.1274 0.1503 0.1899 1.4051 0.8095 -0.0972 0.4338 0.6074 3.9819 -0.0038 0.0038 0.2357 0 0
40 155 1809 0 0 0 0 0 1.0011 0 0.9841 0.0863 0.1484 0.2109 1.4347 0.8472 0.0996 0.4473 0.6063 4.0641 0.0122 0.0122 0.2398 0 0
40 156 1794 0 0 0 0 0 1.0003 0 0.9896 -0.0937 0.1821 0.2167 1.7835 0.8659 -0.0467 0.4059 0.5344 4.1315 0.0271 0.0271 0.2191 0 0
40 157 1797 0 0 0 0 0 1.0008 0 0.953 0.3186 0.3573 0.6614 2.8707 0.8468 0.1368 0.4495 0.579 4.0323 -0.0174 0.0174 0.2519 0 0
40 158 1850 0 0 0 0 0 1.0007 0 0.9595 -0.1869 0.2296 0.2934 1.2223 0.8737 -0.1094 0.409 0.531 3.9845 0.0048 0.0048 0.2271 0 0
40 159 1765 0 0 0 0 0 1.0004 0 0.9818 0.036 0.2005 0.2775 1.8058 0.8643 0.0437 0.4099 0.5412 4.081 -0.0353 0.0353 0.245 0 0
40 160 1808 0 0 0 0 0 1.0009 0 0.9942 0.0558 0.1164 0.1467 1.5381 0.8473 0.053 0.4064 0.5522 4.0905 0.0445 0.0445 0.227 0 0
40 161 1807 0 0 0 0 0 1.0013 0 0.9827 0.0065 0.1663 0.2261 1.6358 0.8534 -0.002 0.3993 0.5359 4.0743 0.0089 0.0089 0.2356 0 0
40 162 1832 0 0 0 0 0 1.0005 0 0.9887 0.0589 0.1601 0.1919 1.6412 0.8495 0.0817 0.4143 0.5636 4.1369 0.0788 0.0788 0.2162 0 0
40 163 1844 0 0 0 0 0 1.0003 0 0.9775 -0.0532 0.1356 0.1829 1.1736 0.8433 -0.0254 0.4185 0.5766 4.0544 0.017 0.017 0.2341 0 0
40 164 1822 0 0 0 0 0 1.0005 0 0.9904 -0.048 0.1386 0.1711 1.1341 0.8602 -0.0653 0.4052 0.5309 3.9914 -0.1369 0.1369 0.2472 0 0
40 165 1758 0 0 0 0 0 1.001 0 0.9838 0.0043 0.1858 0.22 1.3327 0.831 0.0488 0.4114 0.5636 3.9967 -0.0707 0.0707 0.2591 0 0
40 166 1841 0 0 0 0 0 1.0004 0 0.99 0.0449 0.1337 0.1596 1.1353 0.846 0.0662 0.4219 0.5639 3.9791 -0.0407 0.0407 0.2376 0 0
40 167 1836 0 0 0 0 0 1.001 0 0.9871 0.0705 0.1591 0.197 1.2252 0.86 0.0574 0.411 0.5638 4.0793 0.0297 0.0297 0.223 0 0
40 168 1868 0 0 0 0 0 1.002 0 0.9914 0.0167 0.1245 0.1452 1.4624 0.854 2e-04 0.4179 0.5535 3.982 0.0544 0.0544 0.2297 0 0
40 169 1844 0 0 0 0 0 1.0008 0 0.9906 -0.0144 0.1044 0.1335 1.4478 0.8305 0.0023 0.4171 0.5694 4.0415 0.049 0.049 0.2415 0 0
40 170 1838 0 0 0 0 0 1.0007 0 0.9923 -0.0333 0.1181 0.1389 1.227 0.8444 -0.0588 0.4095 0.5618 4.0813 0.047 0.047 0.2223 0 0
40 171 1794 0 0 0 0 0 1.001 0 0.991 0.0293 0.1117 0.1347 1.0964 0.857 0.0269 0.4035 0.5308 4.0297 -0.0499 0.0499 0.2335 0 0
40 172 1774 0 0 0 0 0 1.0006 0 0.9903 0.0211 0.1168 0.1511 1.265 0.7973 0.0352 0.439 0.6019 4.0612 -0.0095 0.0095 0.236 0 0
40 173 1806 0 0 0 0 0 1.0015 0 0.988 -0.2067 0.2327 0.3191 1.648 0.8536 -0.1072 0.4331 0.5594 4.0815 -0.007 0.007 0.2404 0 0
40 174 1754 0 0 0 0 0 1.0006 0 0.9911 -0.0822 0.1348 0.172 1.3429 0.8435 -0.0281 0.4084 0.5603 4.0558 -0.0303 0.0303 0.2448 0 0
40 175 1803 0 0 0 0 0 1.0002 0 0.9743 -0.0984 0.2532 0.3334 1.7853 0.834 -0.1468 0.4359 0.5916 3.997 0.008 0.008 0.2484 0 0
40 176 1878 0 0 0 0 0 1.0009 0 0.9808 0.0417 0.1308 0.1688 1.0431 0.8654 0.0591 0.386 0.5124 3.9699 -0.0832 0.0832 0.232 0 0
40 177 1773 0 0 0 0 0 1.0004 0 0.9536 -6e-04 0.1984 0.3164 1.877 0.8562 -0.0078 0.4081 0.529 4.0805 -0.0772 0.0772 0.2558 0 0
40 178 1824 0 0 0 0 0 1.0002 0 0.9863 0.0149 0.1395 0.1559 1.3148 0.8641 0.0109 0.381 0.501 4.0235 -0.0367 0.0367 0.2513 0 0
40 179 1812 0 0 0 0 0 1.0004 0 0.9769 0.0052 0.2064 0.3022 2.4176 0.8581 0.0078 0.3926 0.5347 4.0274 -0.0938 0.0938 0.2555 0 0
40 180 1801 0 0 0 0 0 1.0002 0 0.9868 0.0479 0.1519 0.1853 1.3158 0.8519 0.075 0.4055 0.5378 4.0307 -0.0675 0.0675 0.2469 0 0
40 181 1791 0 0 0 0 0 1.0008 0 0.9871 -0.0301 0.1418 0.1884 1.7103 0.8223 -0.0559 0.4119 0.5595 4.032 -0.129 0.129 0.2471 0 0
40 182 1810 0 0 0 0 0 1.0009 0 0.9735 -0.0734 0.1749 0.3352 1.8927 0.8604 0.0054 0.4009 0.5261 4.0485 -0.0277 0.0277 0.2276 0 0
40 183 1797 0 0 0 0 0 1.0002 0 0.9842 0.1155 0.1721 0.218 1.0381 0.8353 0.1197 0.4182 0.5469 4.0612 -0.0237 0.0237 0.2327 0 0
40 184 1842 0 0 0 0 0 1.0004 0 0.9708 -0.197 0.2703 0.3733 2.3602 0.8214 -0.1189 0.433 0.5807 4.0079 -0.0599 0.0599 0.2638 0 0
40 185 1771 0 0 0 0 0 1.0002 0 0.9897 0.0328 0.1511 0.2373 1.9996 0.8357 0.0187 0.4228 0.5583 4.1011 0.0113 0.0113 0.24 0 0
40 186 1776 0 0 0 0 0 1.0013 0 0.9917 0.0654 0.157 0.1759 1.65 0.8046 0.0393 0.4427 0.5982 4.0525 -0.0044 0.0044 0.2569 0 0
40 187 1825 0 0 0 0 0 1.0009 0 0.989 -0.0407 0.1854 0.2205 2.1438 0.8477 -0.0262 0.4028 0.5461 4.0183 0.0291 0.0291 0.2357 0 0
40 188 1746 0 0 0 0 0 1.0001 0 0.9916 0.0071 0.1317 0.1796 1.4383 0.8481 0.0102 0.4203 0.538 3.9911 -0.0504 0.0504 0.2485 0 0
40 189 1787 0 0 0 0 0 1.0004 0 0.9812 0.0441 0.1989 0.2359 1.8904 0.8163 0.0669 0.4388 0.6038 4.0215 -0.0506 0.0506 0.2352 0 0
40 190 1860 0 0 0 0 0 1.0014 0 0.9789 -0.0377 0.1596 0.2503 2.0277 0.8392 -0.0096 0.399 0.5424 4.0204 -0.0688 0.0688 0.2478 0 0
40 191 1771 0 0 0 0 0 1.0002 0 0.9737 0.0764 0.1745 0.3139 2.3716 0.8079 0.0154 0.4179 0.5653 3.9756 -0.0573 0.0573 0.2593 0 0
40 192 1886 0 0 0 0 0 1.0006 0 0.9743 0.0689 0.1838 0.2232 1.0566 0.86 0.1165 0.4054 0.5394 4.0581 0.046 0.046 0.2277 0 0
40 193 1815 0 0 0 0 0 1.0003 0 0.9829 -0.0276 0.133 0.2089 1.4152 0.8585 -0.0192 0.3971 0.5291 4.0245 -0.0334 0.0334 0.2351 0 0
40 194 1770 0 0 0 0 0 1.0002 0 0.9902 0.0179 0.1435 0.221 1.7303 0.8301 -0.021 0.4073 0.5572 3.9968 -0.0731 0.0731 0.2474 0 0
40 195 1784 0 0 0 0 0 1.0005 0 0.9486 -0.1259 0.2594 0.4864 2.6171 0.8313 -0.007 0.4188 0.5803 4.0252 -0.016 0.016 0.2489 0 0
40 196 1852 0 0 0 0 0 1.0006 0 0.9756 -0.1048 0.1958 0.2568 1.0888 0.8499 -0.1431 0.4227 0.5727 4.0369 -0.032 0.032 0.2334 0 0
40 197 1826 0 0 0 0 0 1.0008 0 0.9927 0.0497 0.1633 0.1975 1.9172 0.8244 0.0508 0.441 0.5983 4.0115 0.102 0.102 0.2255 0 0
40 198 1778 0 0 0 0 0 1.0001 0 0.9713 -0.0496 0.1992 0.243 1.3311 0.8585 -0.063 0.4097 0.5542 4.0246 -0.0573 0.0573 0.2325 0 0
40 199 1878 0 0 0 0 0 1.0002 0 0.994 -0.0419 0.1055 0.1253 2.0284 0.8134 -0.0305 0.4258 0.5755 4.0201 -0.048 0.048 0.2502 0 0
40 200 1759 0 0 0 0 0 1.0006 0 0.9812 0.0355 0.1814 0.2152 1.3376 0.8426 0.0423 0.3978 0.5469 3.9845 -0.0459 0.0459 0.2456 0 0
40 201 1833 0 0 0 0 0 1.0014 0 0.9901 -0.1022 0.1768 0.2115 1.6218 0.8398 -0.0774 0.4158 0.5643 4.1898 0.0601 0.0601 0.2214 0 0
40 202 1764 0 0 0 0 0 1.0002 0 0.9867 0.0289 0.133 0.1718 1.0817 0.861 0.0395 0.381 0.5223 4.0614 -0.0591 0.0591 0.2413 0 0
40 203 1782 0 0 0 0 0 1.0003 0 0.9942 -0.0472 0.111 0.1505 1.758 0.8349 -0.0639 0.4291 0.5739 4.1693 0.0603 0.0603 0.2234 0 0
40 204 1850 0 0 0 0 0 1.0003 0 0.9925 0.0488 0.1128 0.1431 1.2649 0.842 0.0362 0.3821 0.5264 4.0531 -0.0879 0.0879 0.2357 0 0
40 205 1796 0 0 0 0 0 1.0009 0 0.9946 0.0114 0.1018 0.1295 2.0302 0.8447 0.0172 0.3876 0.5323 4.0275 -0.0083 0.0083 0.2484 0 0
40 206 1779 0 0 0 0 0 1.0003 0 0.9792 0.0476 0.1678 0.2569 1.474 0.8428 0.011 0.419 0.5499 4.0156 0.0476 0.0476 0.2403 0 0
40 207 1804 0 0 0 0 0 1.0006 0 0.9819 -0.0578 0.1382 0.1761 1.0008 0.8625 -0.0476 0.3799 0.5188 4.001 -0.042 0.042 0.2456 0 0
40 208 1800 0 0 0 0 0 1.0002 0 0.991 -0.0447 0.1329 0.1821 2.0386 0.8374 -0.0257 0.4338 0.5823 3.9915 -0.0371 0.0371 0.2456 0 0
40 209 1830 0 0 0 0 0 1.001 0 0.9676 0.0281 0.1499 0.2138 1.4272 0.8281 -0.0085 0.4075 0.5761 4.0649 -0.0066 0.0066 0.2391 0 0
40 210 1810 0 0 0 0 0 1.0007 0 0.9826 0.0584 0.158 0.2461 1.1522 0.8664 0.0147 0.3775 0.5117 4.0986 0.0197 0.0197 0.2244 0 0
40 211 1796 0 0 0 0 0 1.0003 0 0.982 -0.1223 0.2319 0.3977 2.6555 0.8563 -0.0905 0.4287 0.5586 4.0285 -0.0152 0.0152 0.2407 0 0
40 212 1769 0 0 0 0 0 1.0029 0 0.9828 0.0613 0.1874 0.2689 2.2268 0.8483 0.0591 0.3973 0.5442 4.1212 0.035 0.035 0.2511 0 0
40 213 1765 0 0 0 0 0 1.0003 0 0.9838 -0.044 0.1999 0.2485 1.45 0.8615 0.0013 0.4073 0.545 4.228 0.0581 0.0581 0.2261 0 0
40 214 1862 0 0 0 0 0 1.0003 0 0.9852 -0.0278 0.155 0.2018 1.3175 0.8674 -0.0173 0.3869 0.5495 3.9802 0.0615 0.0615 0.2284 0 0
40 215 1891 0 0 0 0 0 1.0003 0 0.9919 0.0489 0.1035 0.1364 1.2283 0.8614 0.0403 0.4022 0.5547 4.0037 0.0468 0.0468 0.2215 0 0
40 216 1833 0 0 0 0 0 1.0009 0 0.9883 -0.0587 0.1408 0.1721 1.2328 0.8486 -0.0074 0.414 0.546 4.0955 0.0662 0.0662 0.2236 0 0
40 217 1779 0 0 0 0 0 1.0004 0 0.9838 -0.0431 0.149 0.2127 1.8251 0.8508 0.008 0.4051 0.5298 4.0288 -0.0554 0.0554 0.2437 0 0
40 218 1828 0 0 0 0 0 1.0005 0 0.9783 0.0193 0.1634 0.1865 1.0912 0.8597 -0.0267 0.3741 0.5135 3.9871 -0.0435 0.0435 0.2382 0 0
40 219 1805 0 0 0 0 0 1.0006 0 0.9945 -0.0243 0.0944 0.1293 1.6919 0.8414 -0.0506 0.4214 0.5605 3.9813 0.0335 0.0335 0.2236 0 0
40 220 1775 0 0 0 0 0 1.0003 0 0.9892 0.0897 0.2364 0.3133 2.5217 0.817 -0.0129 0.4495 0.5884 4.0552 0.0185 0.0185 0.2479 0 0
40 221 1788 0 0 0 0 0 1.0009 0 0.9452 0.1643 0.2766 0.5711 2.7375 0.8462 0.0373 0.4105 0.541 4.1052 0.0234 0.0234 0.2486 0 0
40 222 1772 0 0 0 0 0 1.0002 0 0.9876 -0.0618 0.1323 0.1622 1.014 0.8382 -0.0804 0.4153 0.561 4.0378 0.0035 0.0035 0.2373 0 0
40 223 1849 0 0 0 0 0 1.0005 0 0.9886 -0.0584 0.1297 0.1582 1.3065 0.8619 -0.0627 0.3997 0.5421 4.0383 -0.0545 0.0545 0.2285 0 0
40 224 1860 0 0 0 0 0 1.0022 0 0.9907 -0.0179 0.1107 0.1328 0.9445 0.8741 -0.0063 0.3825 0.5168 4.1135 0.0712 0.0712 0.2244 0 0
40 225 1799 0 0 0 0 0 1.0005 0 0.9904 -0.0649 0.1312 0.1564 1.9101 0.8361 -0.073 0.4152 0.5677 4.0395 4e-04 4e-04 0.2472 0 0
40 226 1795 0 0 0 0 0 1.0002 0 0.9852 -0.0121 0.1664 0.2107 1.235 0.8386 0.0266 0.3988 0.5494 4.0274 -0.0093 0.0093 0.2408 0 0
40 227 1781 0 0 0 0 0 1.001 0 0.986 -0.0826 0.1433 0.1725 0.9589 0.8568 -0.121 0.4274 0.5581 4.1516 0.0638 0.0638 0.2336 0 0
40 228 1855 0 0 0 0 0 1.0003 0 0.9851 -0.0124 0.1784 0.2043 1.3274 0.8309 -0.0336 0.419 0.5666 3.9985 0.0747 0.0747 0.2302 0 0
40 229 1727 0 0 0 0 0 1.0002 0 0.9948 0.0419 0.1079 0.1395 1.9336 0.7959 0.0754 0.4211 0.5872 4.0378 -0.0663 0.0663 0.2619 0 0
40 230 1794 0 0 0 0 0 1.0003 0 0.9846 0.1128 0.1518 0.1893 0.918 0.8574 0.0841 0.3973 0.5382 4.0106 -0.0156 0.0156 0.2329 0 0
40 231 1828 0 0 0 0 0 1.0009 0 0.9859 0.116 0.1614 0.227 1.9414 0.8621 0.0628 0.3905 0.5304 4.0949 0.0464 0.0464 0.2273 0 0
40 232 1788 0 0 0 0 0 1.0008 0 0.9895 0.09 0.196 0.2462 1.6495 0.8344 -0.0094 0.4132 0.5693 3.9883 -0.0406 0.0406 0.2484 0 0
40 233 1802 0 0 0 0 0 1.001 0 0.9841 -0.1429 0.1966 0.2933 2.3249 0.8598 -0.0725 0.4044 0.5227 4.0146 -0.04 0.04 0.2388 0 0
40 234 1790 0 0 0 0 0 1.0008 0 0.9871 -0.0516 0.1381 0.1765 1.2008 0.8376 -0.0296 0.4351 0.5821 4.0092 -0.1112 0.1112 0.242 0 0
40 235 1794 0 0 0 0 0 1.0002 0 0.9882 -0.0347 0.1108 0.1338 1.0309 0.8365 -0.0634 0.4005 0.556 4.0021 -0.0487 0.0487 0.2415 0 0
40 236 1748 0 0 0 0 0 1.0004 0 0.9738 0.2235 0.2647 0.4215 2.0119 0.8171 0.1377 0.4758 0.6331 4.0281 0.0329 0.0329 0.2342 0 0
40 237 1837 0 0 0 0 0 1.0002 0 0.982 0.0064 0.2001 0.2496 1.4191 0.8734 -0.0411 0.395 0.5259 3.9751 0.053 0.053 0.2246 0 0
40 238 1833 0 0 0 0 0 1.001 0 0.9685 -0.0915 0.2477 0.3734 1.7848 0.8356 -0.0852 0.4267 0.5717 4.0881 -0.0037 0.0037 0.2371 0 0
40 239 1802 0 0 0 0 0 1.0008 0 0.9806 0.0538 0.1685 0.2189 1.8537 0.8415 0.0172 0.4054 0.5473 4.0242 0.0039 0.0039 0.2467 0 0
40 240 1880 0 0 0 0 0 1.0006 0 0.9847 -0.1404 0.2241 0.3033 2.0935 0.8763 -0.0903 0.3972 0.5077 4.1101 0.0428 0.0428 0.2326 0 0
40 241 1834 0 0 0 0 0 1.0004 0 0.9886 0.0582 0.1551 0.1851 1.234 0.8408 0.0519 0.3989 0.5477 3.9815 -0.0935 0.0935 0.2453 0 0
40 242 1866 0 0 0 0 0 1.0005 0 0.9834 0.2169 0.2294 0.2937 1.4142 0.8512 0.0989 0.4274 0.5738 3.9772 0.0412 0.0412 0.2291 0 0
40 243 1795 0 0 0 0 0 1.0006 0 0.9872 -0.0552 0.1484 0.19 1.4685 0.8575 -0.0514 0.3859 0.5244 4.0981 -0.005 0.005 0.2414 0 0
40 244 1817 0 0 0 0 0 1.0002 0 0.9918 -0.065 0.1292 0.1839 1.5508 0.8446 -0.0048 0.4079 0.5475 4.1147 0.0245 0.0245 0.2272 0 0
40 245 1858 0 0 0 0 0 1.0002 0 0.9887 0.1426 0.2638 0.3379 2.1659 0.8264 0.0462 0.4492 0.6078 4.0869 -0.0113 0.0113 0.236 0 0
40 246 1836 0 0 0 0 0 1.0006 0 0.9689 -0.0072 0.1517 0.1885 1.029 0.8578 -0.023 0.3929 0.5382 4.1392 0.029 0.029 0.2295 0 0
40 247 1809 0 0 0 0 0 1.0005 0 0.9668 0.195 0.2763 0.4378 2.5762 0.8466 0.0666 0.4464 0.5911 4.0667 -0.018 0.018 0.2456 0 0
40 248 1761 0 0 0 0 0 1.001 0 0.9952 0.1499 0.1655 0.208 2.1291 0.8092 0.0802 0.4536 0.6088 4.0214 -0.0656 0.0656 0.2543 0 0
40 249 1855 0 0 0 0 0 1.0016 0 0.9814 0.1183 0.1658 0.2042 0.909 0.8714 0.0743 0.3987 0.5334 4.0959 0.0411 0.0411 0.2386 0 0
40 250 1763 0 0 0 0 0 1.0006 0 0.9871 -0.0854 0.1934 0.2224 1.345 0.8488 -0.0842 0.4192 0.5763 4.034 -0.0291 0.0291 0.253 0 0
40 251 1819 0 0 0 0 0 1.0003 0 0.9702 -0.1029 0.2277 0.2751 1.2266 0.8544 -0.0463 0.4096 0.5438 4.1384 0.1082 0.1082 0.2136 0 0
40 252 1787 0 0 0 0 0 1.0007 0 0.9836 -0.0544 0.1968 0.2128 1.357 0.8404 -0.0431 0.4245 0.5746 4.0017 -0.0576 0.0576 0.2587 0 0
40 253 1788 0 0 0 0 0 1.0012 0 0.9948 0.0811 0.1569 0.1873 2.0071 0.833 0.0777 0.4306 0.5769 4.1104 0.0471 0.0471 0.2361 0 0
40 254 1774 0 0 0 0 0 1.0006 0 0.9695 -0.1467 0.2517 0.3486 1.5553 0.8373 -0.0925 0.422 0.5772 4.1365 0.0293 0.0293 0.2538 0 0
40 255 1756 0 0 0 0 0 1.0009 0 0.9908 -0.088 0.1503 0.1931 1.5612 0.8372 -0.0101 0.4016 0.5382 4.0401 -0.0426 0.0426 0.2399 0 0
40 256 1806 0 0 0 0 0 1.0002 0 0.9907 0.0125 0.1458 0.1923 1.6906 0.8352 0.0324 0.4125 0.56 4.0712 0.0082 0.0082 0.2441 0 0
40 257 1824 0 0 0 0 0 1.0006 0 0.9855 -0.0158 0.1444 0.1978 1.1587 0.8756 -0.0361 0.3832 0.503 4.1648 0.1144 0.1144 0.2214 0 0
40 258 1765 0 0 0 0 0 1.0005 0 0.9833 0.0832 0.2014 0.2757 1.6877 0.8573 0.0356 0.4151 0.5541 4.094 0.0338 0.0338 0.2341 0 0
40 259 1806 0 0 0 0 0 1.0002 0 0.9835 0.1525 0.2064 0.2871 2.0515 0.8303 0.0543 0.4284 0.5654 4.0696 -0.0156 0.0156 0.2414 0 0
40 260 1812 0 0 0 0 0 1.0002 0 0.9915 -0.1034 0.1419 0.1705 1.2925 0.8406 -0.0558 0.4285 0.5861 4.1421 0.0318 0.0318 0.2223 0 0
40 261 1785 0 0 0 0 0 1.0007 0 0.9748 0.0537 0.1838 0.2823 1.7093 0.8541 0.0318 0.4037 0.5409 4.0257 -0.0153 0.0153 0.2484 0 0
40 262 1837 0 0 0 0 0 1.0007 0 0.984 -0.1231 0.1607 0.2041 1.8895 0.8024 -0.0328 0.4657 0.6292 4.0083 0.088 0.088 0.2365 0 0
40 263 1846 0 0 0 0 0 1.0003 0 0.9829 0.024 0.1729 0.2251 1.3276 0.8598 -0.0046 0.3741 0.4986 4.0934 0.0344 0.0344 0.2337 0 0
40 264 1889 0 0 0 0 0 1.0003 0 0.9875 0.0275 0.1201 0.1597 1.0909 0.8486 0.0437 0.4046 0.5422 4.0326 -0.0313 0.0313 0.2311 0 0
40 265 1830 0 0 0 0 0 1.0001 0 0.9836 -0.0176 0.2248 0.3368 1.9014 0.835 -0.0391 0.4334 0.5811 4.1355 0.0405 0.0405 0.2279 0 0
40 266 1799 0 0 0 0 0 1.0017 0 0.9872 -0.0209 0.1635 0.1932 1.4576 0.8193 -0.0158 0.4092 0.5654 4.0531 -0.1202 0.1202 0.2592 0 0
40 267 1823 0 0 0 0 0 1.0009 0 0.9792 -0.1752 0.2091 0.2623 1.8132 0.8453 -0.0964 0.4204 0.5518 4.0079 0.0116 0.0116 0.2399 0 0
40 268 1788 0 0 0 0 0 1.0012 0 0.9919 -0.0086 0.1288 0.1556 1.4895 0.8222 -0.0361 0.4316 0.5749 4.0076 -0.0742 0.0742 0.2471 0 0
40 269 1838 0 0 0 0 0 1.0005 0 0.983 0.1251 0.2503 0.3436 2.1856 0.852 0.0795 0.4166 0.5411 4.0249 -0.0571 0.0571 0.2409 0 0
40 270 1776 0 0 0 0 0 1.0003 0 0.9798 0.1859 0.1979 0.2517 0.8875 0.8532 0.1784 0.4422 0.5794 4.0424 0.0347 0.0347 0.2256 0 0
40 271 1799 0 0 0 0 0 1.0007 0 0.973 0.1038 0.2268 0.4392 2.497 0.8364 0.0352 0.4202 0.558 4.0498 -0.0271 0.0271 0.2531 0 0
40 272 1903 0 0 0 0 0 1.0002 0 0.9779 -0.0335 0.1583 0.238 1.6712 0.8562 -0.0768 0.4006 0.5306 4.1207 0.0386 0.0386 0.2337 0 0
40 273 1825 0 0 0 0 0 1.0018 0 0.9837 0.0457 0.1704 0.2349 1.4669 0.8688 0.0075 0.4086 0.5267 3.997 -0.08 0.08 0.2436 0 0
40 274 1822 0 0 0 0 0 1.0006 0 0.9767 0.003 0.1951 0.2823 1.5886 0.8433 -0.0485 0.42 0.5483 4.0178 0.0299 0.0299 0.2374 0 0
40 275 1791 0 0 0 0 0 1.0003 0 0.9697 0.0231 0.2011 0.266 1.7501 0.839 0.0092 0.3898 0.5415 4.1797 0.1102 0.1102 0.226 0 0
40 276 1766 0 0 0 0 0 1.0003 0 0.9756 -0.1504 0.1905 0.2536 1.502 0.8396 -0.1619 0.4331 0.5714 4.0276 -0.018 0.018 0.2496 0 0
40 277 1787 0 0 0 0 0 1.0013 0 0.9857 -0.0806 0.1351 0.1777 1.4201 0.8255 -0.0724 0.4424 0.5934 4.0992 0.0805 0.0805 0.2367 0 0
40 278 1854 0 0 0 0 0 1.0005 0 0.9952 -0.0278 0.1052 0.1267 1.365 0.8508 -0.0499 0.4185 0.5606 4.317 0.1104 0.1104 0.213 0 0
40 279 1811 0 0 0 0 0 1.0003 0 0.9658 0.0254 0.157 0.1911 0.746 0.8377 -0.0138 0.3915 0.5298 4.0065 -0.0414 0.0414 0.2488 0 0
40 280 1802 0 0 0 0 0 1.0003 0 0.9884 -0.0332 0.1545 0.2126 1.6273 0.8392 -0.0069 0.4242 0.5939 3.9731 0.0179 0.0179 0.2388 0 0
40 281 1746 0 0 0 0 0 1.001 0 0.9835 -0.0826 0.1517 0.1804 1.0162 0.8048 -0.0102 0.4228 0.5903 4.0165 -0.1788 0.1788 0.2617 0 0
40 282 1825 0 0 0 0 0 1.0006 0 0.9848 -0.0101 0.154 0.1998 1.5111 0.8574 -0.0363 0.3759 0.5062 3.9841 -0.0072 0.0072 0.2358 0 0
40 283 1741 0 0 0 0 0 1.0005 0 0.988 0.2357 0.2574 0.3427 2.3834 0.8249 0.0483 0.4552 0.5929 4.0322 -0.0311 0.0311 0.268 0 0
40 284 1818 0 0 0 0 0 1.0025 0 0.9938 0.066 0.1173 0.1552 1.5382 0.8647 0.0564 0.373 0.5119 3.9892 -0.0446 0.0446 0.2395 0 0
40 285 1793 0 0 0 0 0 1.0004 0 0.9918 -0.0346 0.1313 0.1584 1.3357 0.8402 -0.0514 0.4137 0.5609 4.0247 -0.0015 0.0015 0.2309 0 0
40 286 1768 0 0 0 0 0 1.0001 0 0.9829 0.0402 0.1845 0.2802 1.8352 0.8498 0.0318 0.4019 0.5126 4.0314 -0.067 0.067 0.2801 0 0
40 287 1849 0 0 0 0 0 1.0003 0 0.9737 -0.0985 0.1988 0.3639 2.1576 0.8526 -0.0595 0.4064 0.5279 3.9932 -0.0394 0.0394 0.2475 0 0
40 288 1817 0 0 0 0 0 1.0009 0 0.9812 -0.0281 0.1681 0.2242 1.1151 0.8456 -0.0134 0.4078 0.5446 4.0264 -0.0801 0.0801 0.2471 0 0
40 289 1805 0 0 0 0 0 1.0007 0 0.9858 0.0998 0.1689 0.2101 1.1121 0.8524 0.0583 0.4069 0.5444 4.0016 -0.0084 0.0084 0.227 0 0
40 290 1805 0 0 0 0 0 1.0006 0 0.9807 0.2004 0.2396 0.2809 1.1293 0.8276 0.1778 0.442 0.6086 3.9881 0.1048 0.1048 0.2251 0 0
40 291 1774 0 0 0 0 0 1.0007 0 0.9911 -0.0869 0.1445 0.1957 1.5879 0.868 -0.0536 0.403 0.5238 4.0292 -0.0401 0.0401 0.2391 0 0
40 292 1778 0 0 0 0 0 1.0005 0 0.9751 0.0092 0.1762 0.2446 1.3134 0.8387 -0.0229 0.4124 0.5614 4.0511 -0.0601 0.0601 0.2527 0 0
40 293 1781 0 0 0 0 0 1.0004 0 0.9837 -0.0081 0.2078 0.2882 1.6891 0.8154 0.0124 0.4652 0.6382 4.0141 -0.166 0.166 0.2629 0 0
40 294 1750 0 0 0 0 0 1.0007 0 0.9751 0.1386 0.1743 0.2771 1.5027 0.8259 0.0354 0.452 0.6145 4.0584 -0.0531 0.0531 0.256 0 0
40 295 1834 0 0 0 0 0 1.0005 0 0.9848 0.1331 0.2075 0.2477 1.6587 0.8671 0.1134 0.3913 0.5078 4.0971 0.0336 0.0336 0.2266 0 0
40 296 1751 0 0 0 0 0 1.0011 0 0.9855 0.0215 0.1637 0.2026 1.4127 0.8606 -0.0078 0.4171 0.5452 4.0585 0.0417 0.0417 0.2339 0 0
40 297 1845 0 0 0 0 0 1.0003 0 0.9848 0.0947 0.1828 0.2342 1.5666 0.862 0.0384 0.4246 0.5705 4.248 0.0791 0.0791 0.2142 0 0
40 298 1866 0 0 0 0 0 1.0003 0 0.988 0.041 0.1158 0.1366 1.1597 0.8521 0.0348 0.3888 0.5123 4.0607 -0.036 0.036 0.2328 0 0
40 299 1827 0 0 0 0 0 1.0004 0 0.9886 -0.1781 0.2227 0.2792 1.5364 0.8675 -0.1591 0.4235 0.5531 4.029 0.0196 0.0196 0.2295 0 0
40 300 1843 0 0 0 0 0 1.0002 0 0.9879 0.0386 0.1222 0.149 0.9569 0.8251 0.0147 0.4278 0.6122 4.1047 0.038 0.038 0.2218 0 0
40 301 1785 0 0 0 0 0 1.0001 0 0.991 -0.0663 0.1328 0.1866 1.4789 0.8215 -0.0633 0.4168 0.5609 4.0615 0.0021 0.0021 0.2391 0 0
40 302 1753 0 0 0 0 0 1.0011 0 0.9905 0.1019 0.165 0.2162 1.5316 0.8292 0.0776 0.4388 0.5821 4.1017 0.0469 0.0469 0.2322 0 0
40 303 1885 0 0 0 0 0 1.0004 0 0.9789 -0.0983 0.1612 0.1967 0.9689 0.8744 -0.0583 0.4018 0.5257 3.9663 -0.0446 0.0446 0.2206 0 0
40 304 1800 0 0 0 0 0 1.0009 0 0.9907 -0.01 0.1448 0.2021 1.2963 0.819 -0.0053 0.4233 0.5778 4.0378 -0.0105 0.0105 0.2416 0 0
40 305 1789 0 0 0 0 0 1.0004 0 0.9798 0.0119 0.136 0.1696 0.9573 0.8326 -0.0344 0.3893 0.5438 4.0511 -0.1662 0.1662 0.2508 0 0
40 306 1836 0 0 0 0 0 1.0001 0 0.9587 0.2183 0.2885 0.3961 2.0637 0.8137 0.1398 0.4649 0.6095 4.1051 0.0539 0.0539 0.2508 0 0
40 307 1794 0 0 0 0 0 1.0001 0 0.9892 -0.0128 0.183 0.2572 2.1127 0.8429 0.0532 0.4285 0.561 4.0165 -0.0334 0.0334 0.2474 0 0
40 308 1739 0 0 0 0 0 1.0004 0 0.9847 0.0738 0.1577 0.2029 1.5396 0.8245 0.0614 0.4266 0.5863 4.0627 -0.0506 0.0506 0.248 0 0
40 309 1851 0 0 0 0 0 1.0008 0 0.9886 0.0177 0.1418 0.1755 1.5548 0.8579 0.0186 0.3922 0.5196 4.2073 0.1352 0.1352 0.2157 0 0
40 310 1799 0 0 0 0 0 1.0005 0 0.9705 -0.1459 0.2313 0.3349 1.9276 0.8468 -0.1167 0.4045 0.5272 4.0036 -0.057 0.057 0.2453 0 0
40 311 1779 0 0 0 0 0 1.0006 0 0.9897 0.0483 0.115 0.1559 1.3388 0.8311 0.0173 0.3889 0.522 4.1061 -0.063 0.063 0.2603 0 0
40 312 1813 0 0 0 0 0 1.0004 0 0.9836 -0.0217 0.1669 0.241 1.5748 0.827 -0.0124 0.4293 0.5825 4.0574 -0.0988 0.0988 0.2524 0 0
40 313 1819 0 0 0 0 0 1.0002 0 0.9802 0.0856 0.2047 0.3398 2.2718 0.8423 0.0631 0.4124 0.5566 3.9756 -0.0578 0.0578 0.2378 0 0
40 314 1764 0 0 0 0 0 1.0002 0 0.9819 0.016 0.1447 0.1886 1.2191 0.8689 0.0065 0.3869 0.5118 4.0875 0.0184 0.0184 0.2405 0 0
40 315 1789 0 0 0 0 0 1.0006 0 0.9772 0.0213 0.2012 0.2725 2.271 0.8534 -0.0491 0.425 0.5724 4.0132 0.1549 0.1549 0.2277 0 0
40 316 1843 0 0 0 0 0 1.0004 0 0.9904 -0.0414 0.1307 0.1669 1.5829 0.8586 -0.0439 0.4183 0.5653 4.032 -0.0252 0.0252 0.2299 0 0
40 317 1830 0 0 0 0 0 1.0002 0 0.9912 0.0033 0.1173 0.1581 1.3328 0.8599 -0.0236 0.3705 0.5044 4.0795 0.0325 0.0325 0.2277 0 0
40 318 1753 0 0 0 0 0 1.0002 0 0.9809 0.0152 0.1523 0.1787 1.5855 0.8319 0.0269 0.4184 0.5629 3.9906 -0.0825 0.0825 0.2549 0 0
40 319 1724 0 0 0 0 0 1.0001 0 0.9564 0.0756 0.2264 0.4254 2.5773 0.846 0.006 0.3867 0.5141 4.0046 -0.0623 0.0623 0.2613 0 0
40 320 1814 0 0 0 0 0 1.0002 0 0.9935 -0.0857 0.118 0.148 1.6174 0.8444 -0.0706 0.421 0.5446 3.9814 -0.0449 0.0449 0.2534 0 0
40 321 1850 0 0 0 0 0 1.0002 0 0.9855 -0.0363 0.1498 0.1802 1.0465 0.8744 -0.0281 0.3753 0.5034 3.9778 0.1168 0.1168 0.2089 0 0
40 322 1821 0 0 0 0 0 1.0006 0 0.9691 -0.1032 0.2011 0.3355 2.0802 0.8519 -0.0249 0.4174 0.5427 4.1535 0.0557 0.0557 0.2376 0 0
40 323 1813 0 0 0 0 0 1.0007 0 0.9759 0.0217 0.1754 0.2138 1.222 0.8457 0.0331 0.4106 0.5644 3.9926 -0.0958 0.0958 0.2529 0 0
40 324 1840 0 0 0 0 0 1.0004 0 0.986 0.0433 0.1652 0.2093 1.3725 0.85 0.0096 0.4057 0.5457 4.0531 0.0532 0.0532 0.2342 0 0
40 325 1774 0 0 0 0 0 1.001 0 0.9789 -0.1604 0.2171 0.2546 1.0236 0.8546 -0.1088 0.4085 0.544 4.0233 -0.1149 0.1149 0.2546 0 0
40 326 1824 0 0 0 0 0 1.0007 0 0.9878 -0.0643 0.1613 0.2247 1.9224 0.8737 -0.0316 0.3939 0.5225 3.9989 0.0119 0.0119 0.2427 0 0
40 327 1829 0 0 0 0 0 1.0009 0 0.9886 -0.0426 0.1973 0.2482 2.1925 0.8466 0.059 0.4185 0.5489 4.1935 0.0817 0.0817 0.239 0 0
40 328 1791 0 0 0 0 0 1.0006 0 0.9927 0.0918 0.1524 0.1853 2.2602 0.8498 0.0803 0.4082 0.526 3.998 -0.0721 0.0721 0.2549 0 0
40 329 1822 0 0 0 0 0 1.0003 0 0.9866 -0.0551 0.211 0.2676 2.1223 0.8345 -0.0465 0.4383 0.5954 4.0299 5e-04 5e-04 0.2318 0 0
40 330 1746 0 0 0 0 0 1.0007 0 0.9745 -0.0721 0.1837 0.3537 2.0663 0.8346 0.0277 0.4041 0.5465 3.9989 -0.1396 0.1396 0.2606 0 0
40 331 1842 0 0 0 0 0 1.0004 0 0.9868 -0.0677 0.1132 0.163 0.9983 0.851 -0.0531 0.3894 0.5431 4.0277 -0.0179 0.0179 0.2242 0 0
40 332 1829 0 0 0 0 0 1.0007 0 0.9852 -0.0827 0.1468 0.1922 1.4234 0.8512 -0.0599 0.3976 0.5349 4.0141 -0.0445 0.0445 0.2368 0 0
40 333 1750 0 0 0 0 0 1.0013 0 0.9727 0.1097 0.1761 0.2245 0.9485 0.825 0.0174 0.4325 0.6012 4.0471 -0.0484 0.0484 0.2417 0 0
40 334 1838 0 0 0 0 0 1.0004 0 0.977 0.1694 0.2474 0.3352 2.3975 0.8401 0.1539 0.4349 0.5783 4.0166 -0.0919 0.0919 0.2406 0 0
40 335 1814 0 0 0 0 0 1.0002 0 0.9871 -0.1423 0.1722 0.2159 1.1867 0.8419 -0.1358 0.4474 0.5948 4.0224 -0.0101 0.0101 0.2319 0 0
40 336 1851 0 0 0 0 0 1.0001 0 0.9877 0.1512 0.2056 0.292 1.9971 0.8716 0.0674 0.3993 0.5312 4.0936 0.0051 0.0051 0.2358 0 0
40 337 1870 0 0 0 0 0 1.0006 0 0.9827 0.0658 0.1592 0.2642 2.699 0.8515 0.0143 0.4055 0.5256 3.9792 0.0063 0.0063 0.2358 0 0
40 338 1870 0 0 0 0 0 1.0004 0 0.9844 -0.0689 0.1365 0.1725 1.2489 0.8626 -0.0433 0.3893 0.5224 4.0355 -0.0471 0.0471 0.2365 0 0
40 339 1810 0 0 0 0 0 1.0002 0 0.9888 -0.1126 0.147 0.1984 1.6607 0.8656 -0.0429 0.4196 0.5446 4.1279 0.0016 0.0016 0.2489 0 0
40 340 1845 0 0 0 0 0 1.0001 0 0.9906 -0.0433 0.1598 0.2007 1.434 0.8502 -0.0376 0.4026 0.5464 4.0378 -0.078 0.078 0.2325 0 0
40 341 1818 0 0 0 0 0 1.0002 0 0.9849 0.0507 0.1499 0.2452 2.0051 0.8173 -0.0035 0.4171 0.5771 4.0084 -0.0777 0.0777 0.2513 0 0
40 342 1741 0 0 0 0 0 1.0007 0 0.9712 -0.013 0.1832 0.2794 1.9171 0.784 0.0172 0.4535 0.631 4.0122 -0.0767 0.0767 0.2615 0 0
40 343 1809 0 0 0 0 0 1.0005 0 0.9909 0.0178 0.1196 0.146 1.2939 0.8425 0.0553 0.4366 0.5852 4.0645 -0.0299 0.0299 0.24 0 0
40 344 1819 0 0 0 0 0 1.0005 0 0.9756 0.0148 0.1816 0.2518 1.1571 0.8617 0.0038 0.3986 0.5387 4.0899 0.0317 0.0317 0.2287 0 0
40 345 1867 0 0 0 0 0 1.0005 0 0.9889 0.025 0.1359 0.1721 1.3447 0.8509 0.0153 0.4144 0.5564 4.0013 0.0371 0.0371 0.2224 0 0
40 346 1820 0 0 0 0 0 1.001 0 0.9812 0.0899 0.1438 0.2038 1.1505 0.8158 0.0816 0.4368 0.5979 4.1525 0.0974 0.0974 0.2401 0 0
40 347 1840 0 0 0 0 0 1.0005 0 0.983 0.0127 0.2106 0.275 2.2207 0.8616 0.1094 0.4214 0.546 4.0177 -0.0354 0.0354 0.2372 0 0
40 348 1783 0 0 0 0 0 1.0006 0 0.989 -0.0522 0.168 0.2037 2.0304 0.8504 -0.051 0.4007 0.5147 4.0677 0.0249 0.0249 0.2461 0 0
40 349 1810 0 0 0 0 0 1.0002 0 0.9887 0.0233 0.1447 0.1815 1.1572 0.8519 0.0495 0.4163 0.5832 4.0171 -0.0084 0.0084 0.2277 0 0
40 350 1803 0 0 0 0 0 1.0015 0 0.9914 0.0703 0.1476 0.176 1.1279 0.8357 0.0916 0.4367 0.6034 4.0441 -0.0088 0.0088 0.2224 0 0
40 351 1840 0 0 0 0 0 1.0002 0 0.9787 0.1099 0.2574 0.3916 2.4563 0.8523 0.018 0.4184 0.5598 4.0035 -0.1196 0.1196 0.2507 0 0
40 352 1804 0 0 0 0 0 1.0005 0 0.9886 0.0047 0.1361 0.1781 1.2069 0.8202 0.0395 0.4124 0.5545 4.044 5e-04 5e-04 0.2401 0 0
40 353 1779 0 0 0 0 0 1.0004 0 0.9698 0.0711 0.171 0.211 1.248 0.8686 0.0877 0.4146 0.5519 4.0575 -0.0171 0.0171 0.2298 0 0
40 354 1756 0 0 0 0 0 1.0012 0 0.9547 -0.2256 0.2775 0.6105 2.8881 0.8469 -0.0908 0.4368 0.5816 4.1008 0.0081 0.0081 0.2429 0 0
40 355 1799 0 0 0 0 0 1.0002 0 0.9791 -0.0013 0.1168 0.1483 0.9113 0.8783 0.01 0.387 0.5169 4.012 -0.0714 0.0714 0.2331 0 0
40 356 1914 0 0 0 0 0 1.0009 0 0.9423 -0.0877 0.2339 0.3435 2.6428 0.8401 -0.025 0.4234 0.5462 4.0688 -0.0462 0.0462 0.2774 0 0
40 357 1813 0 0 0 0 0 1.0003 0 0.9808 0.0257 0.1684 0.216 1.2586 0.8382 -0.0154 0.4186 0.5618 3.9962 -0.036 0.036 0.2479 0 0
40 358 1828 0 0 0 0 0 1.0003 0 0.9902 -0.017 0.1359 0.2197 1.4056 0.8541 -0.0129 0.4195 0.5727 4.0286 -0.041 0.041 0.2433 0 0
40 359 1862 0 0 0 0 0 1.0004 0 0.9912 -0.0659 0.1689 0.2304 1.6892 0.8223 -0.0234 0.4392 0.5908 4.032 0.0586 0.0586 0.242 0 0
40 360 1853 0 0 0 0 0 1.0006 0 0.9733 -0.082 0.1866 0.3779 2.5572 0.8383 -0.0217 0.4141 0.5547 3.9856 0.0062 0.0062 0.2305 0 0
40 361 1832 0 0 0 0 0 1.0002 0 0.9781 0.0317 0.1845 0.2946 2.6435 0.8479 -0.0077 0.4005 0.5438 4.079 -0.0119 0.0119 0.2553 0 0
40 362 1764 0 0 0 0 0 1.0006 0 0.9888 0.0395 0.1249 0.1513 1.2691 0.8474 0.0735 0.3991 0.5497 4.0053 0.0018 0.0018 0.2409 0 0
40 363 1798 0 0 0 0 0 1.0005 0 0.9742 0.2306 0.2585 0.3187 1.7396 0.8302 0.2387 0.4564 0.5941 4.0173 0.0046 0.0046 0.2425 0 0
40 364 1759 0 0 0 0 0 1.0004 0 0.9876 0.0862 0.1647 0.2128 1.2742 0.8422 0.0515 0.4153 0.5476 4.0077 -0.0716 0.0716 0.2539 0 0
40 365 1822 0 0 0 0 0 1.0007 0 0.9911 -0.0142 0.1218 0.1642 1.4026 0.8411 -0.022 0.4184 0.5544 3.9759 -0.0518 0.0518 0.238 0 0
40 366 1852 0 0 0 0 0 1.0012 0 0.9868 -0.1401 0.197 0.2504 1.2732 0.8428 -0.1102 0.4285 0.5778 4.0023 -0.1463 0.1463 0.2502 0 0
40 367 1828 0 0 0 0 0 1.0005 0 0.9827 0.0071 0.1188 0.1442 0.8534 0.8673 8e-04 0.3647 0.4888 4.0049 -4e-04 4e-04 0.2318 0 0
40 368 1823 0 0 0 0 0 1.0003 0 0.9891 0.003 0.1582 0.2016 1.6641 0.8642 -0.0283 0.3969 0.5395 4.0244 -0.0251 0.0251 0.2214 0 0
40 369 1835 0 0 0 0 0 1.0004 0 0.9797 -0.0637 0.1425 0.1862 1.1462 0.8672 -0.0308 0.3777 0.5159 3.998 -0.0249 0.0249 0.2305 0 0
40 370 1831 0 0 0 0 0 1.0003 0 0.9429 -0.086 0.2163 0.3129 1.8098 0.7961 -0.019 0.4481 0.6106 3.99 -0.0802 0.0802 0.2609 0 0
40 371 1789 0 0 0 0 0 1.0023 0 0.9848 -0.0376 0.1524 0.1981 1.1737 0.854 -0.021 0.4033 0.5355 4.1234 -0.003 0.003 0.2316 0 0
40 372 1743 0 0 0 0 0 1.0005 0 0.9822 -0.0569 0.2098 0.2992 1.9685 0.8202 -0.0031 0.4474 0.6157 4.0338 -0.0257 0.0257 0.2596 0 0
40 373 1876 0 0 0 0 0 1.0004 0 0.9938 -0.0602 0.1113 0.1416 1.5004 0.853 -0.0471 0.3957 0.535 3.9982 0.05 0.05 0.2249 0 0
40 374 1800 0 0 0 0 0 1.0002 0 0.9611 0.1184 0.2289 0.337 1.6891 0.8525 0.003 0.4167 0.5424 4.0668 -0.051 0.051 0.2472 0 0
40 375 1795 0 0 0 0 0 1.0003 0 0.9734 0.0145 0.1767 0.2161 0.9187 0.865 -0.0027 0.3913 0.5296 4.0212 -0.0312 0.0312 0.2239 0 0
40 376 1763 0 0 0 0 0 1.0005 0 0.9762 -0.0468 0.1665 0.2911 1.8886 0.8499 0.0052 0.4095 0.5533 4.0163 -0.0061 0.0061 0.2362 0 0
40 377 1780 0 0 0 0 0 1.0003 0 0.9968 0.0259 0.1118 0.1367 1.6109 0.8427 0.0251 0.429 0.5578 4.1084 0.0348 0.0348 0.2468 0 0
40 378 1833 0 0 0 0 0 1.0003 0 0.9862 -0.0473 0.137 0.1734 1.1689 0.8528 -0.0127 0.3896 0.5437 4.1071 0.0419 0.0419 0.2322 0 0
40 379 1758 0 0 0 0 0 1.0008 0 0.9824 0.11 0.1508 0.2124 1.0682 0.8449 0.0251 0.4315 0.5939 4.038 0.064 0.064 0.2308 0 0
40 380 1761 0 0 0 0 0 1.0008 0 0.9853 0.031 0.155 0.1906 1.4671 0.8432 0.0169 0.4233 0.5659 4.0172 0.0117 0.0117 0.2385 0 0
40 381 1803 0 0 0 0 0 1.0002 0 0.9839 0.0177 0.156 0.2326 1.546 0.8252 -0.0056 0.426 0.5836 4.013 -0.0428 0.0428 0.2415 0 0
40 382 1766 0 0 0 0 0 1.0013 0 0.9685 0.0547 0.2676 0.4643 2.1037 0.8357 -0.0584 0.4218 0.5578 3.9951 0.0284 0.0284 0.2307 0 0
40 383 1824 0 0 0 0 0 1.0009 0 0.9876 0.0058 0.1267 0.1551 1.2178 0.8532 0.0037 0.395 0.5297 4.1206 0.0454 0.0454 0.2437 0 0
40 384 1896 0 0 0 0 0 1.0004 0 0.9815 0.0625 0.1334 0.1631 0.9691 0.8554 0.072 0.4041 0.5416 4.0989 0.0281 0.0281 0.2277 0 0
40 385 1789 0 0 0 0 0 1.0004 0 0.9903 0.0628 0.1348 0.1741 0.9593 0.8415 0.0129 0.4017 0.5547 4.0257 -0.0067 0.0067 0.2425 0 0
40 386 1854 0 0 0 0 0 1.0006 0 0.979 -0.0096 0.1856 0.244 2.3063 0.8298 -0.0294 0.4177 0.552 4.1366 0.0194 0.0194 0.2418 0 0
40 387 1857 0 0 0 0 0 1.0003 0 0.9928 -0.0192 0.1168 0.1512 1.3105 0.8439 -0.0441 0.4044 0.5471 4.0266 0.026 0.026 0.2396 0 0
40 388 1798 0 0 0 0 0 1.0002 0 0.985 0.0144 0.1585 0.2331 1.7255 0.8598 0.0053 0.3845 0.5121 4.0264 0.0519 0.0519 0.2316 0 0
40 389 1784 0 0 0 0 0 1.0003 0 0.9848 0.0105 0.1045 0.1515 0.9012 0.8465 -0.0019 0.4007 0.563 3.9993 -0.0747 0.0747 0.2391 0 0
40 390 1828 0 0 0 0 0 1.0012 0 0.981 -0.055 0.1382 0.177 1.3031 0.8414 -0.0325 0.4069 0.5328 4.0501 -0.1285 0.1285 0.2664 0 0
40 391 1785 0 0 0 0 0 1.0016 0 0.9742 -0.0652 0.1755 0.2723 1.9653 0.8369 0.0192 0.445 0.583 4.0161 -0.1353 0.1353 0.2493 0 0
40 392 1762 0 0 0 0 0 1.0003 0 0.9809 0.1239 0.1838 0.2538 1.4008 0.8551 0.0706 0.4072 0.546 4.0355 -0.1381 0.1381 0.245 0 0
40 393 1805 0 0 0 0 0 1.0009 0 0.9669 -0.1067 0.2106 0.2754 1.8849 0.8207 -8e-04 0.4344 0.5993 4.0085 -0.0844 0.0844 0.2494 0 0
40 394 1785 0 0 0 0 0 1.0009 0 0.9836 0.0514 0.1586 0.219 1.2567 0.8508 0.043 0.4095 0.5626 4.0133 -0.0392 0.0392 0.2376 0 0
40 395 1774 0 0 0 0 0 1.0027 0 0.9781 -0.0901 0.2081 0.3048 2.1362 0.8409 -0.0201 0.3958 0.5255 4.0301 -0.0717 0.0717 0.2551 0 0
40 396 1820 0 0 0 0 0 1.0019 0 0.9701 -0.0017 0.1734 0.2019 1.5713 0.8161 0.0306 0.4186 0.5715 4.0643 -0.0568 0.0568 0.2774 0 0
40 397 1828 0 0 0 0 0 1.0003 0 0.9925 -0.1705 0.1769 0.2366 1.6538 0.838 -0.0945 0.426 0.5725 4.1592 0.1126 0.1126 0.2227 0 0
40 398 1847 0 0 0 0 0 1.0005 0 0.9667 0.0478 0.2005 0.3526 2.3412 0.8081 0.0981 0.4404 0.59 4.065 -0.0343 0.0343 0.2632 0 0
40 399 1780 0 0 0 0 0 1.0002 0 0.9717 0.0635 0.2191 0.3172 1.6149 0.8423 0.0286 0.4101 0.5555 4.0074 -0.0662 0.0662 0.2468 0 0
40 400 1831 0 0 0 0 0 1.0003 0 0.9798 0.0103 0.2161 0.2912 1.4579 0.8681 0.0914 0.4307 0.5554 3.9647 0.1647 0.1647 0.2137 0 0
40 401 1858 0 0 0 0 0 1.0002 0 0.989 -0.0014 0.1977 0.2415 2.236 0.8135 -0.0157 0.4314 0.582 3.9698 0.0294 0.0294 0.2411 0 0
40 402 1856 0 0 0 0 0 1.0008 0 0.9798 0.032 0.1572 0.2155 1.2388 0.8517 0.0178 0.3834 0.5227 4.0769 0.0386 0.0386 0.2296 0 0
40 403 1793 0 0 0 0 0 1.0004 0 0.9838 -0.0522 0.1787 0.2322 1.7185 0.8395 -0.0324 0.407 0.5447 4.0115 -0.0079 0.0079 0.2537 0 0
40 404 1873 0 0 0 0 0 1.0001 0 0.9903 0.0309 0.1157 0.15 1.0494 0.8542 0.0172 0.4009 0.5272 3.981 0.028 0.028 0.2251 0 0
40 405 1790 0 0 0 0 0 1.0002 0 0.9382 0.095 0.2994 0.526 2.5599 0.8154 -0.0241 0.446 0.5903 4.0453 -0.0142 0.0142 0.2466 0 0
40 406 1813 0 0 0 0 0 1.0005 0 0.9712 0.1142 0.2294 0.3498 2.3249 0.8275 0.0713 0.3895 0.5391 3.9937 -0.1225 0.1225 0.2454 0 0
40 407 1842 0 0 0 0 0 1.0008 0 0.9867 0.1234 0.1744 0.2152 1.4074 0.8453 0.1046 0.4104 0.5346 4.0249 -0.0582 0.0582 0.2433 0 0
40 408 1791 0 0 0 0 0 1.0008 0 0.9862 -0.1174 0.2068 0.2546 1.5208 0.8221 -0.129 0.4486 0.6104 3.9984 0.0066 0.0066 0.2358 0 0
40 409 1810 0 0 0 0 0 1.0002 0 0.9857 -0.098 0.1509 0.2458 1.7764 0.8571 -0.0588 0.423 0.5648 4.1599 0.0565 0.0565 0.2382 0 0
40 410 1827 0 0 0 0 0 1.0003 0 0.9792 -0.0559 0.1934 0.2621 2.0654 0.8632 -0.0033 0.3707 0.4952 4.0219 -0.0595 0.0595 0.2485 0 0
40 411 1794 0 0 0 0 0 1.001 0 0.9877 -0.071 0.1331 0.1611 1.0175 0.8423 -0.0692 0.4153 0.5564 4.0478 -0.0545 0.0545 0.2451 0 0
40 412 1844 0 0 0 0 0 1.0005 0 0.971 0.0274 0.1494 0.2243 1.1509 0.8621 0.0088 0.3911 0.5426 4.165 0.0517 0.0517 0.2196 0 0
40 413 1759 0 0 0 0 0 1.0001 0 0.9798 -0.1145 0.1674 0.23 1.1901 0.8361 -0.0614 0.4237 0.5819 3.9972 -0.0707 0.0707 0.2405 0 0
40 414 1816 0 0 0 0 0 1.0002 0 0.9901 0.1652 0.1907 0.2214 1.1242 0.871 0.0996 0.4075 0.5407 4.0834 0.0362 0.0362 0.2287 0 0
40 415 1808 0 0 0 0 0 1.0012 0 0.9769 0.0754 0.1805 0.2299 1.8138 0.8239 0.0633 0.4103 0.5725 4.0684 0.0586 0.0586 0.246 0 0
40 416 1799 0 0 0 0 0 1.001 0 0.9836 0.0138 0.1447 0.1837 1.4278 0.8559 0.014 0.404 0.5221 3.9912 -0.0344 0.0344 0.2369 0 0
40 417 1793 0 0 0 0 0 1.0005 0 0.9799 -0.0598 0.1603 0.1859 0.9116 0.8425 -0.0438 0.3914 0.5572 4.0227 -0.0433 0.0433 0.2309 0 0
40 418 1753 0 0 0 0 0 1.0012 0 0.9755 -0.1073 0.1893 0.3755 2.1395 0.8131 -0.0501 0.426 0.6095 4.014 -0.0624 0.0624 0.2635 0 0
40 419 1757 0 0 0 0 0 1.0002 0 0.9867 -0.0884 0.1868 0.2357 1.7452 0.821 0.0047 0.4422 0.6202 4.0295 -0.0419 0.0419 0.2598 0 0
40 420 1798 0 0 0 0 0 1.0008 0 0.9803 0.0714 0.1988 0.2685 2.0852 0.8151 -0.0107 0.4418 0.5861 4.1082 -0.0027 0.0027 0.2573 0 0
40 421 1762 0 0 0 0 0 1.0012 0 0.9706 0.1353 0.2271 0.3612 2.3581 0.8162 0.0865 0.4483 0.6095 4.0261 -0.043 0.043 0.2519 0 0
40 422 1733 0 0 0 0 0 1.0004 0 0.9949 -0.0251 0.0935 0.1184 1.8105 0.8247 -0.0268 0.4229 0.581 4.0615 -0.0614 0.0614 0.2471 0 0
40 423 1838 0 0 0 0 0 1.0001 0 0.9839 -0.1123 0.1612 0.2 0.8804 0.871 -0.0991 0.403 0.5271 4.0049 -0.0365 0.0365 0.2329 0 0
40 424 1804 0 0 0 0 0 1.0002 0 0.9514 -0.1769 0.2443 0.4335 2.1343 0.8387 -0.0397 0.4677 0.6209 4.0657 0.038 0.038 0.2327 0 0
40 425 1803 0 0 0 0 0 1.0009 0 0.9872 0.024 0.1252 0.1474 1.015 0.8422 0.046 0.4046 0.5402 4.0668 -0.0261 0.0261 0.2399 0 0
40 426 1757 0 0 0 0 0 1.001 0 0.9825 -0.1117 0.2088 0.2732 1.859 0.83 -0.0416 0.4182 0.5858 4.0142 -0.0927 0.0927 0.2428 0 0
40 427 1770 0 0 0 0 0 1.0005 0 0.9893 0.0604 0.1479 0.2096 1.9641 0.8467 -0.0202 0.4093 0.5441 4.0538 0.002 0.002 0.2367 0 0
40 428 1795 0 0 0 0 0 1.0006 0 0.9851 -0.1088 0.192 0.2882 2.1285 0.8467 -0.0656 0.433 0.5872 4.0658 -0.008 0.008 0.2349 0 0
40 429 1800 0 0 0 0 0 1.002 0 0.9878 0.0809 0.1523 0.1958 1.2036 0.8509 0.0523 0.397 0.5411 4.1829 0.0683 0.0683 0.2328 0 0
40 430 1822 0 0 0 0 0 1.0004 0 0.9781 0.0362 0.1865 0.2205 1.4944 0.8198 0.0313 0.4209 0.572 4.0081 -0.082 0.082 0.2569 0 0
40 431 1854 0 0 0 0 0 1.0005 0 0.9012 -0.1999 0.2608 0.4776 2.3024 0.819 -0.1003 0.4611 0.6025 4.0948 0.0517 0.0517 0.2483 0 0
40 432 1838 0 0 0 0 0 1.0011 0 0.9853 0.129 0.1988 0.2574 1.5083 0.856 0.0854 0.397 0.5319 3.9766 0.0362 0.0362 0.2234 0 0
40 433 1885 0 0 0 0 0 1.0002 0 0.9864 -0.0069 0.1383 0.184 2.1257 0.8496 -0.0212 0.3875 0.5311 4.1383 0.0897 0.0897 0.2292 0 0
40 434 1889 0 0 0 0 0 1.0012 0 0.9795 0.0736 0.1747 0.2154 1.1242 0.8537 0.1291 0.4134 0.5411 4.046 -0.0347 0.0347 0.2381 0 0
40 435 1818 0 0 0 0 0 1.0005 0 0.9846 0.026 0.1539 0.1822 1.3727 0.8669 -0.0085 0.3906 0.5257 4.034 -0.0441 0.0441 0.2309 0 0
40 436 1813 0 0 0 0 0 1.0004 0 0.9838 0.0145 0.1381 0.1774 1.1944 0.8623 -0.0128 0.3896 0.5493 4.1159 0.061 0.061 0.2298 0 0
40 437 1843 0 0 0 0 0 1.0001 0 0.961 0.0304 0.2119 0.3069 2.0724 0.8292 -0.0157 0.4337 0.5931 3.9823 -0.0454 0.0454 0.2369 0 0
40 438 1796 0 0 0 0 0 1.0002 0 0.9699 -0.2167 0.2774 0.3992 2.0873 0.8366 -0.1178 0.44 0.5886 4.1142 0.0182 0.0182 0.2502 0 0
40 439 1809 0 0 0 0 0 1.0009 0 0.9776 -0.0469 0.1412 0.2069 1.7423 0.8179 0.019 0.4353 0.5966 4.0215 0.051 0.051 0.2399 0 0
40 440 1729 0 0 0 0 0 1.0003 0 0.9578 0.195 0.2596 0.5023 2.6507 0.7906 0.0941 0.4761 0.6551 4.0175 -0.0526 0.0526 0.246 0 0
40 441 1784 0 0 0 0 0 1.0005 0 0.9866 0.0486 0.1523 0.1976 1.3285 0.8299 0.032 0.4036 0.5672 4.0294 -0.0646 0.0646 0.2321 0 0
40 442 1793 0 0 0 0 0 1.0007 0 0.9968 -0.0901 0.1332 0.1586 1.9949 0.8299 -0.0608 0.4471 0.5728 4.042 -0.0322 0.0322 0.2633 0 0
40 443 1770 0 0 0 0 0 1.0006 0 0.9863 -0.0236 0.1661 0.1996 1.2766 0.8385 0.0048 0.4163 0.5631 4.1132 0.0281 0.0281 0.2281 0 0
40 444 1875 0 0 0 0 0 1.0006 0 0.9831 0.0492 0.1645 0.2081 1.1027 0.8725 0.0209 0.3863 0.5218 4.0465 0.0327 0.0327 0.2397 0 0
40 445 1784 0 0 0 0 0 1.0009 0 0.9606 0.1603 0.2452 0.4205 2.2104 0.8352 0.048 0.448 0.5812 4.0466 -0.0447 0.0447 0.2394 0 0
40 446 1813 0 0 0 0 0 1.0005 0 0.9894 -0.0523 0.1719 0.2516 2.1036 0.8036 -0.057 0.4433 0.603 4.0196 0.0308 0.0308 0.2595 0 0
40 447 1819 0 0 0 0 0 1.0006 0 0.9919 -0.025 0.1053 0.1478 1.5126 0.8312 0.0293 0.4187 0.5544 4.0804 0.036 0.036 0.238 0 0
40 448 1810 0 0 0 0 0 1.0006 0 0.9843 -0.1186 0.1795 0.2341 1.5663 0.8339 -0.0711 0.391 0.5228 3.9909 -0.1211 0.1211 0.2424 0 0
40 449 1751 0 0 0 0 0 1.0001 0 0.9904 0.0096 0.1246 0.1563 1.0506 0.8401 -0.0264 0.4175 0.5644 4.0361 -0.0329 0.0329 0.2344 0 0
40 450 1858 0 0 0 0 0 1.0012 0 0.9876 0.0202 0.1575 0.2084 1.6197 0.8554 -0.0106 0.3908 0.5215 4.1113 0.0477 0.0477 0.2283 0 0
40 451 1742 0 0 0 0 0 1.0004 0 0.9827 9e-04 0.146 0.1908 1.3099 0.8319 0.0089 0.4186 0.5642 4.0794 0.0222 0.0222 0.228 0 0
40 452 1931 0 0 0 0 0 1.0004 0 0.9733 0.0416 0.1637 0.223 1.1343 0.8684 0.0125 0.3713 0.5052 4.154 0.0966 0.0966 0.2227 0 0
40 453 1818 0 0 0 0 0 1.0004 0 0.9915 0.026 0.1336 0.1736 1.6701 0.8485 -0.0054 0.407 0.5373 4.0537 0.0201 0.0201 0.2305 0 0
40 454 1809 0 0 0 0 0 1.0003 0 0.9866 -0.1062 0.1942 0.2479 1.4168 0.8505 -0.1034 0.4231 0.5578 4.1294 0.0507 0.0507 0.2439 0 0
40 455 1858 0 0 0 0 0 1.0007 0 0.9927 -0.0647 0.1599 0.2213 1.5125 0.8541 -0.0582 0.4042 0.5336 4.0526 -0.069 0.069 0.2341 0 0
40 456 1801 0 0 0 0 0 1.0007 0 0.9869 -0.0535 0.1611 0.2026 1.8196 0.8712 -0.0871 0.389 0.5203 4.0664 -0.0027 0.0027 0.2266 0 0
40 457 1803 0 0 0 0 0 1.0004 0 0.9915 0.0013 0.1327 0.178 2.0271 0.8541 0.0251 0.4317 0.5698 4.0275 0.0025 0.0025 0.2283 0 0
40 458 1770 0 0 0 0 0 1.0009 0 0.9753 -0.1167 0.1965 0.2547 1.3558 0.822 -0.0803 0.4171 0.5795 3.9967 -0.1743 0.1743 0.2462 0 0
40 459 1821 0 0 0 0 0 1.0009 0 0.9636 0.0051 0.1957 0.2647 1.54 0.8492 0.0281 0.3867 0.5191 3.9983 -0.0285 0.0285 0.2511 0 0
40 460 1877 0 0 0 0 0 1.0002 0 0.9928 0.0315 0.1243 0.147 1.4183 0.8485 0.0227 0.3899 0.524 4.0534 -0.0367 0.0367 0.2499 0 0
40 461 1835 0 0 0 0 0 1.0005 0 0.9876 -0.2141 0.2164 0.2692 1.2343 0.8387 -0.1473 0.4006 0.5363 4.0024 -0.1314 0.1314 0.242 0 0
40 462 1844 0 0 0 0 0 1.0008 0 0.9857 0.0907 0.1337 0.1635 0.9196 0.8474 0.0653 0.419 0.5762 4.0616 -0.0481 0.0481 0.2468 0 0
40 463 1802 0 0 0 0 0 1.0003 0 0.9909 0.0756 0.1427 0.184 1.5089 0.8487 0.0173 0.3798 0.5064 4.0353 -0.0572 0.0572 0.2429 0 0
40 464 1805 0 0 0 0 0 1.0002 0 0.9857 -0.0615 0.2158 0.2637 1.8643 0.8482 -0.0735 0.4124 0.5428 4.0683 0.026 0.026 0.2361 0 0
40 465 1793 0 0 0 0 0 1.0004 0 0.9824 0.0227 0.1751 0.2763 1.9352 0.8489 0.0088 0.4056 0.5663 4.0826 0.0357 0.0357 0.2451 0 0
40 466 1779 0 0 0 0 0 1.0005 0 0.9794 0.0333 0.2327 0.3118 2.1625 0.8096 0.0289 0.432 0.5887 4.0328 -0.0273 0.0273 0.2472 0 0
40 467 1804 0 0 0 0 0 1.0002 0 0.9862 -0.0434 0.1794 0.2372 2.0779 0.8531 -0.0572 0.3999 0.5207 4.0882 0.0201 0.0201 0.2262 0 0
40 468 1788 0 0 0 0 0 1.0004 0 0.9889 0.0625 0.1245 0.1644 1.113 0.834 0.0726 0.4256 0.576 4.0964 0.0056 0.0056 0.2211 0 0
40 469 1814 0 0 0 0 0 1.0001 0 0.9832 0.0393 0.1747 0.2303 1.1184 0.8467 0.0041 0.3823 0.5326 4.0077 -0.0841 0.0841 0.2301 0 0
40 470 1803 0 0 0 0 0 1.0001 0 0.989 -0.1194 0.177 0.2256 1.7888 0.8254 -0.0995 0.4088 0.5596 4.0282 -0.0973 0.0973 0.2616 0 0
40 471 1773 0 0 0 0 0 1.0006 0 0.9834 0.039 0.1516 0.1872 1.1544 0.8435 0.0411 0.3973 0.5277 4.0179 -0.0491 0.0491 0.2609 0 0
40 472 1761 0 0 0 0 0 1.0015 0 0.9938 -0.0496 0.1393 0.1686 1.7524 0.8506 -0.0617 0.4079 0.556 4.14 0.0459 0.0459 0.2441 0 0
40 473 1790 0 0 0 0 0 1.0002 0 0.9897 0.0271 0.1339 0.156 1.3674 0.8395 0.0515 0.392 0.5489 4.0227 -0.0596 0.0596 0.2444 0 0
40 474 1777 0 0 0 0 0 1.0002 0 0.9852 0.0812 0.1315 0.1943 1.1442 0.841 0.0488 0.394 0.5087 4.0497 -0.0495 0.0495 0.245 0 0
40 475 1861 0 0 0 0 0 1.0002 0 0.9604 -0.0702 0.1936 0.3093 2.1308 0.8071 -0.0161 0.43 0.5737 4.0579 -0.0099 0.0099 0.2684 0 0
40 476 1824 0 0 0 0 0 1.0002 0 0.9918 0.0366 0.1132 0.1331 1.3445 0.8582 0.0412 0.3827 0.5386 4.0145 -0.0288 0.0288 0.2334 0 0
40 477 1926 0 0 0 0 0 1.0004 0 0.9762 0.0724 0.1977 0.2339 1.0406 0.8875 0.0774 0.3725 0.4745 4.0048 0.0675 0.0675 0.2199 0 0
40 478 1913 0 0 0 0 0 1.0004 0 0.9808 -0.002 0.1709 0.2106 1.4624 0.8568 0.0221 0.4112 0.5687 4.0568 0.0364 0.0364 0.224 0 0
40 479 1808 0 0 0 0 0 1.0003 0 0.9867 0.0574 0.1152 0.1498 0.9806 0.8392 0.0505 0.4138 0.5771 4.0948 -0.0081 0.0081 0.2318 0 0
40 480 1816 0 0 0 0 0 1.0003 0 0.9906 -0.1121 0.1623 0.188 1.1304 0.8212 -0.099 0.4502 0.6122 4.1432 0.0434 0.0434 0.2241 0 0
40 481 1821 0 0 0 0 0 1.0002 0 0.9901 0.0227 0.1208 0.144 1.1783 0.8473 -0.0182 0.3997 0.5514 4.14 0.0284 0.0284 0.2368 0 0
40 482 1835 0 0 0 0 0 1.0004 0 0.9858 0.0173 0.1298 0.156 0.9125 0.8891 0.0221 0.3521 0.4677 4.0305 -0.043 0.043 0.2441 0 0
40 483 1880 0 0 0 0 0 1.0011 0 0.9885 -0.0321 0.1414 0.1758 1.4162 0.834 -0.0215 0.4272 0.5872 4.1415 0.0685 0.0685 0.2385 0 0
40 484 1853 0 0 0 0 0 1.0002 0 0.9802 -0.0608 0.2098 0.2626 1.766 0.8113 -0.0732 0.4444 0.6179 4.0066 0.0282 0.0282 0.2366 0 0
40 485 1849 0 0 0 0 0 1.0009 0 0.9809 -0.0378 0.1876 0.2302 1.606 0.8528 -0.0729 0.3926 0.5365 4.0064 -0.0736 0.0736 0.2343 0 0
40 486 1834 0 0 0 0 0 1.0011 0 0.976 0.1108 0.2227 0.3525 1.6831 0.8193 0.0867 0.441 0.607 4.1212 0.0594 0.0594 0.2441 0 0
40 487 1797 0 0 0 0 0 1.0005 0 0.9832 0.0023 0.1796 0.2384 1.6943 0.866 0.0295 0.3924 0.5178 4.0636 0.0188 0.0188 0.2359 0 0
40 488 1828 0 0 0 0 0 1.0011 0 0.9865 0.0856 0.1571 0.2047 1.5024 0.837 0.1 0.4214 0.6041 4.1776 0.0998 0.0998 0.2261 0 0
40 489 1772 0 0 0 0 0 1.0008 0 0.9856 -0.0202 0.1712 0.2212 1.3994 0.8572 -0.028 0.4319 0.5694 4.0045 -0.0507 0.0507 0.2336 0 0
40 490 1805 0 0 0 0 0 1.0002 0 0.9894 -0.1663 0.1896 0.2217 1.3214 0.8435 -0.1255 0.4301 0.5869 4.1904 0.095 0.095 0.2303 0 0
40 491 1794 0 0 0 0 0 1.0005 0 0.9882 -0.0673 0.1414 0.1654 1.0809 0.8587 -0.0541 0.4102 0.5554 4.0519 0.0432 0.0432 0.2191 0 0
40 492 1801 0 0 0 0 0 1.001 0 0.9771 -0.0424 0.148 0.1866 0.9963 0.8493 -0.0208 0.3983 0.5293 4.0679 0.0014 0.0014 0.2398 0 0
40 493 1889 0 0 0 0 0 1.0011 0 0.9866 -0.0186 0.1481 0.1723 1.443 0.8475 -0.0991 0.4143 0.5767 4.0158 -0.0019 0.0019 0.2401 0 0
40 494 1782 0 0 0 0 0 1.0004 0 0.978 -0.0076 0.1484 0.2386 1.8534 0.8552 0.0508 0.3978 0.5321 4.0289 0.0145 0.0145 0.2379 0 0
40 495 1836 0 0 0 0 0 1.0007 0 0.9826 0.0363 0.1387 0.1719 1.1176 0.8507 0.0713 0.4099 0.5604 4.2062 0.145 0.145 0.2122 0 0
40 496 1813 0 0 0 0 0 1.0008 0 0.9701 0.0685 0.1615 0.2055 0.8936 0.8737 0.0295 0.4052 0.5458 4.004 -0.0833 0.0833 0.2456 0 0
40 497 1786 0 0 0 0 0 1.0003 0 0.9741 -0.0381 0.1739 0.2345 1.8714 0.8375 -0.0031 0.3985 0.5614 4.0885 0.007 0.007 0.2534 0 0
40 498 1814 0 0 0 0 0 1.0001 0 0.9945 0.0659 0.1201 0.1519 1.3362 0.8452 0.0644 0.4202 0.5716 3.989 -0.0584 0.0584 0.2328 0 0
40 499 1808 0 0 0 0 0 1.0001 0 0.9876 0.084 0.1436 0.1784 1.498 0.822 0.0608 0.418 0.5822 4.0908 0.0701 0.0701 0.2262 0 0
40 500 1787 0 0 0 0 0 1.0005 0 0.9732 0.1959 0.234 0.2795 1.3862 0.8193 0.1054 0.4439 0.6076 4.0846 -0.0104 0.0104 0.244 0 0
