cond r run.time ndiv nbfmi ntree nbulk ntail maxRhat nRhat beta.cor beta.bias beta.abbias beta.rmse beta.cover beta.CI theta.cor theta.bias theta.abbias theta.rmse theta.cover theta.CI attra.cor attra.bias attra.abbias attra.rmse attra.cover attra.CI lambda.bias lambda.abbias lambda.rbias lambda.rbias2 lambda.cover lambda.CI pvar.bias pvar.abbias pvar.rbias pvar.rbias2 pvar.cover pvar.CI sigma2.bias sigma2.abbias sigma2.rbias sigma2.rbias2 sigma2.cover sigma2.CI corrupt efficiency
30 1 1782 0 0 0 0 0 1.0066 0 0.9618 -0.1591 0.2429 0.3296 0.9167 1.4222 0.8269 -0.2052 0.547 0.7434 0.97 2.6706 0.9495 -0.0361 0.1992 0.2347 1 1.2764 -0.0705 0.0705 NA NA 1 0.4403 0.0289 0.0289 0.0289 1.0289 1 0.8143 0.0103 0.0103 0.0103 1.0103 1 0.8113 0 0
30 2 2109 0 0 0 0 0 1.0088 0 0.945 -0.1146 0.3083 0.3768 1 1.3712 0.8697 -0.0604 0.4395 0.5993 0.96 2.3856 0.963 -0.0123 0.1962 0.242 1 1.2295 0.0318 0.0318 NA NA 1 0.5775 -0.1868 0.1868 -0.1868 0.8132 1 0.6412 -0.2061 0.2061 -0.2061 0.7939 1 0.6172 0 0
30 3 1649 0 0 0 0 0 1.005 0 0.9729 0.0102 0.2458 0.3271 0.9583 1.3749 0.8313 -0.009 0.4861 0.6531 0.945 2.2475 0.9844 -0.1049 0.1351 0.172 1 1.1085 -0.0452 0.0452 NA NA 1 0.4723 -0.2743 0.2743 -0.2743 0.7257 1 0.5776 -0.2864 0.2864 -0.2864 0.7136 1 0.5679 0 0
30 4 2046 0 0 0 0 0 1.004 0 0.9341 -0.0238 0.2748 0.3455 1 1.4283 0.8275 -0.003 0.5244 0.7207 0.96 2.5212 0.9442 -0.0287 0.2001 0.2357 1 1.374 0.1997 0.1997 NA NA 1 0.5179 0.0159 0.0159 0.0159 1.0159 1 0.8226 -0.0456 0.0456 -0.0456 0.9544 1 0.7418 0 0
30 5 1546 0 0 0 0 0 1.0078 0 0.9809 -0.0267 0.1543 0.2011 1 1.4645 0.8208 -0.0289 0.5018 0.7013 0.95 2.7075 0.9763 -0.1067 0.1964 0.2291 1 1.3056 0.0495 0.0495 NA NA 1 0.5478 -0.033 0.033 -0.033 0.967 1 0.8196 -0.0553 0.0553 -0.0553 0.9447 1 0.7884 0 0
30 6 2409 0 0 0 0 0 1.0063 0 0.9618 -0.315 0.3578 0.4082 0.9583 1.3511 0.8689 -0.2975 0.5307 0.6868 0.905 2.2473 0.985 -0.2503 0.2587 0.3214 0.875 1.168 0.0686 0.0686 NA NA 1 0.4493 -0.2501 0.2501 -0.2501 0.7499 1 0.5896 -0.264 0.264 -0.264 0.736 1 0.5774 0 0
30 7 1470 0 0 0 0 0 1.0102 0 0.9301 0.6773 0.7126 0.9248 0.5833 1.5863 0.8185 0.5025 0.6977 0.8709 0.76 2.2215 0.9279 0.5157 0.5231 0.5821 0.62 1.1693 0.1183 0.1183 NA NA 1 0.546 -0.4296 0.4296 -0.4296 0.5704 0 0.5268 -0.4493 0.4493 -0.4493 0.5507 0 0.5006 0 0
30 8 2111 0 0 0 0 0 1.0065 0 0.9752 -0.3396 0.3541 0.4123 0.9167 1.4243 0.8679 -0.3756 0.5503 0.7596 0.915 2.5588 0.9575 -0.3591 0.366 0.4141 1 1.3234 0.1269 0.1269 NA NA 1 0.4626 0.0736 0.0736 0.0736 1.0736 1 0.8213 0.0398 0.0398 0.0398 1.0398 1 0.7829 0 0
30 9 1591 0 0 0 0 0 1.0032 0 0.9681 -0.2801 0.317 0.4388 0.9167 1.5462 0.8383 -0.394 0.563 0.7583 0.925 2.5387 0.9692 -0.4629 0.4629 0.4984 0.74 1.1634 -0.2023 0.2023 NA NA 1 0.5158 -0.1423 0.1423 -0.1423 0.8577 1 0.7181 -0.1934 0.1934 -0.1934 0.8066 1 0.6845 0 0
30 10 1441 0 0 0 0 0 1.0088 0 0.9122 0.6287 0.6287 0.7305 0.5833 1.4223 0.7707 0.5707 0.7813 0.9512 0.75 2.3665 0.9339 0.4788 0.4847 0.5619 0.675 1.2256 0.1604 0.1604 NA NA 1 0.5203 -0.2197 0.2197 -0.2197 0.7803 1 0.6214 -0.2553 0.2553 -0.2553 0.7447 1 0.5812 0 0
30 11 1500 0 0 0 0 0 1.0086 0 0.9587 -0.5704 0.6401 0.8333 0.75 1.6116 0.8551 -0.511 0.6507 0.8253 0.89 2.4647 0.9611 -0.5156 0.5156 0.552 0.765 1.2049 -0.0758 0.0758 NA NA 1 0.614 -0.2112 0.2112 -0.2112 0.7888 1 0.6784 -0.2368 0.2368 -0.2368 0.7632 1 0.6697 0 0
30 12 2007 0 0 0 0 0 1.0038 0 0.9724 -0.2766 0.3221 0.4335 0.9583 1.4507 0.842 -0.2877 0.5348 0.7043 0.91 2.3555 0.9541 -0.2874 0.3226 0.4179 0.795 1.2353 0.1334 0.1334 NA NA 1 0.5646 -0.1716 0.1716 -0.1716 0.8284 1 0.6806 -0.2054 0.2054 -0.2054 0.7946 1 0.6331 0 0
30 13 1614 0 0 0 0 0 1.0042 0 0.9607 -0.23 0.2654 0.3876 0.9583 1.391 0.8601 -0.1696 0.496 0.6525 0.935 2.4512 0.9793 -0.2522 0.2629 0.3057 1 1.2343 0.0979 0.0979 NA NA 1 0.4898 -0.1232 0.1232 -0.1232 0.8768 1 0.7079 -0.1461 0.1461 -0.1461 0.8539 1 0.6867 0 0
30 14 1299 0 0 0 0 0 1.0051 0 0.9166 0.5274 0.5471 0.6281 0.75 1.4444 0.8165 0.5728 0.7246 0.9418 0.825 2.5742 0.9203 0.6416 0.6416 0.6988 0.47 1.321 0.1092 0.1092 NA NA 1 0.4858 -0.0587 0.0587 -0.0587 0.9413 1 0.8019 -0.0863 0.0863 -0.0863 0.9137 1 0.7568 0 0
30 15 1290 0 0 0 0 0 1.011 0 0.9637 -0.1762 0.2452 0.3229 0.9167 1.3852 0.8172 -0.1643 0.5153 0.7009 0.93 2.3588 0.9516 -0.2473 0.3525 0.4333 0.735 1.1407 -0.0716 0.0716 NA NA 1 0.4662 -0.0993 0.0993 -0.0993 0.9007 1 0.7074 -0.117 0.117 -0.117 0.883 1 0.694 0 0
30 16 1775 0 0 0 0 0 1.0098 0 0.9434 0.0423 0.3034 0.3927 0.9583 1.4462 0.8034 0.0844 0.4896 0.6953 0.965 2.5655 0.8822 0.0773 0.3137 0.4085 0.945 1.2003 -0.207 0.207 NA NA 1 0.5585 0.1486 0.1486 0.1486 1.1486 1 0.8736 0.074 0.074 0.074 1.074 1 0.822 0 0
30 17 1911 0 0 0 0 0 1.0035 0 0.8912 -0.0457 0.3153 0.4023 0.9167 1.3511 0.8906 -0.0699 0.4606 0.6217 0.975 2.3398 0.9672 0.0152 0.1364 0.1821 1 1.1851 5e-04 5e-04 NA NA 1 0.434 -0.1482 0.1482 -0.1482 0.8518 1 0.69 -0.1591 0.1591 -0.1591 0.8409 1 0.6664 0 0
30 18 1874 0 0 0 0 0 1.0064 0 0.9358 0.5541 0.5786 0.6799 0.625 1.4085 0.8798 0.4254 0.642 0.8061 0.905 2.4876 0.9822 0.3484 0.3581 0.392 1 1.2429 -0.039 0.039 NA NA 1 0.4645 -0.0225 0.0225 -0.0225 0.9775 1 0.7736 -0.0389 0.0389 -0.0389 0.9611 1 0.7465 0 0
30 19 1835 0 0 0 0 0 1.0037 0 0.9615 0.4132 0.447 0.5588 0.8333 1.3935 0.8337 0.2816 0.621 0.7924 0.88 2.3066 0.938 0.2821 0.2954 0.3817 0.86 1.2034 0.069 0.069 NA NA 1 0.5449 -0.2765 0.2765 -0.2765 0.7235 1 0.6216 -0.2946 0.2946 -0.2946 0.7054 1 0.5907 0 0
30 20 2004 0 0 0 0 0 1.0026 0 0.9662 0.1789 0.2897 0.3842 0.9583 1.417 0.8814 0.2656 0.4803 0.6265 0.95 2.5694 0.9765 0.3034 0.304 0.3479 1 1.3489 0.1873 0.1873 NA NA 1 0.4757 0.0218 0.0218 0.0218 1.0218 1 0.8466 -0.0323 0.0323 -0.0323 0.9677 1 0.7662 0 0
30 21 1774 0 0 0 0 0 1.0051 0 0.9386 -0.663 0.663 0.8225 0.6667 1.4694 0.835 -0.5486 0.7098 0.8934 0.83 2.475 0.9786 -0.6093 0.6093 0.6268 0.39 1.2119 -0.0542 0.0542 NA NA 1 0.5038 -0.1802 0.1802 -0.1802 0.8198 1 0.6562 -0.1962 0.1962 -0.1962 0.8038 1 0.6418 0 0
30 22 3152 0 0 0 0 0 1.007 0 0.9628 -0.62 0.62 0.6791 0.6667 1.3708 0.8208 -0.538 0.7213 0.9019 0.775 2.4457 0.9151 -0.6065 0.6068 0.6745 0.605 1.3444 0.2378 0.2378 NA NA 0 0.439 -0.0131 0.0131 -0.0131 0.9869 1 0.7559 -0.0841 0.0841 -0.0841 0.9159 1 0.6649 0 0
30 23 2013 0 0 0 0 0 1.0042 0 0.9363 -0.6189 0.6509 0.7223 0.5417 1.4037 0.8539 -0.5239 0.6885 0.8585 0.84 2.8441 0.935 -0.4778 0.4778 0.5586 0.875 1.2984 -0.0764 0.0764 NA NA 1 0.4708 0.2831 0.2831 0.2831 1.2831 1 0.9868 0.2566 0.2566 0.2566 1.2566 1 0.9761 0 0
30 24 2068 0 0 0 0 0 1.0087 0 0.9528 -0.8862 0.8862 0.9382 0.375 1.5272 0.8208 -0.9495 1.0359 1.2141 0.665 2.8564 0.9111 -0.9275 0.9283 0.9825 0.145 1.2948 -0.0668 0.0668 NA NA 1 0.5121 0.1267 0.1267 0.1267 1.1267 1 0.9148 0.1021 0.1021 0.1021 1.1021 1 0.8915 0 0
30 25 2336 0 0 0 0 0 1.0046 0 0.9693 -0.2218 0.3105 0.4075 0.9583 1.418 0.8508 -0.1887 0.5651 0.7321 0.93 2.5162 0.9772 -0.1877 0.1963 0.2444 1 1.2211 0.025 0.025 NA NA 1 0.4594 0.0783 0.0783 0.0783 1.0783 1 0.7953 0.0624 0.0624 0.0624 1.0624 1 0.7705 0 0
30 26 1225 0 0 0 0 0 1.0076 0 0.9278 -0.1729 0.291 0.3564 0.9583 1.3945 0.8234 -0.1224 0.5307 0.6987 0.945 2.4367 0.9437 -0.1165 0.2177 0.2695 1 1.1996 -0.0296 0.0296 NA NA 1 0.5493 -0.2465 0.2465 -0.2465 0.7535 1 0.6363 -0.262 0.262 -0.262 0.738 1 0.6223 0 0
30 27 2011 0 0 0 0 0 1.0043 0 0.9508 0.5301 0.565 0.6938 0.7083 1.5389 0.8511 0.4142 0.6611 0.806 0.9 2.5974 0.97 0.5097 0.5097 0.5397 0.6 1.284 0.1042 0.1042 NA NA 1 0.4832 -0.081 0.081 -0.081 0.919 1 0.7915 -0.106 0.106 -0.106 0.894 1 0.7591 0 0
30 28 1848 0 0 0 0 0 1.0075 0 0.9483 0.0046 0.3126 0.4093 0.875 1.4155 0.8551 -0.0435 0.4855 0.6588 0.925 2.2046 0.9745 0.0793 0.1496 0.1884 1 1.1825 0.0807 0.0807 NA NA 1 0.4358 -0.3809 0.3809 -0.3809 0.6191 0 0.5249 -0.3932 0.3932 -0.3932 0.6068 0 0.5077 0 0
30 29 2593 0 0 0 0 0 1.0031 0 0.9773 -0.6331 0.6573 0.7283 0.625 1.5502 0.861 -0.5484 0.6185 0.8117 0.845 2.3333 0.9141 -0.558 0.558 0.6707 0.59 1.2438 0.1716 0.1716 NA NA 1 0.4403 -0.1055 0.1055 -0.1055 0.8945 1 0.7011 -0.1446 0.1446 -0.1446 0.8554 1 0.6606 0 0
30 30 1446 0 0 0 1 0 1.0185 0 0.9313 0.5406 0.5902 0.792 0.6667 1.4659 0.8252 0.3515 0.6046 0.7595 0.85 2.1114 0.9584 0.3865 0.3865 0.446 0.755 1.0682 -0.1421 0.1421 NA NA 1 0.5421 -0.4234 0.4234 -0.4234 0.5766 0 0.4767 -0.4468 0.4468 -0.4468 0.5532 0 0.4644 0 1
30 31 1804 0 0 0 0 0 1.0052 0 0.9435 0.0625 0.3873 0.4559 0.9583 1.4129 0.8233 0.0833 0.5104 0.6956 0.945 2.3304 0.9348 0.2025 0.2846 0.3326 1 1.1843 0.0496 0.0496 NA NA 1 0.4822 -0.2908 0.2908 -0.2908 0.7092 1 0.5808 -0.3041 0.3041 -0.3041 0.6959 1 0.5654 0 0
30 32 1865 0 0 0 0 0 1.0059 0 0.9543 -0.1915 0.2908 0.3892 0.9583 1.4225 0.8514 -0.1552 0.4931 0.6345 0.98 2.5768 0.9704 -0.173 0.212 0.2724 1 1.277 0.0568 0.0568 NA NA 1 0.475 0.1124 0.1124 0.1124 1.1124 1 0.8578 0.0925 0.0925 0.0925 1.0925 1 0.8384 0 0
30 33 1970 0 0 0 0 0 1.0081 0 0.9206 0.1985 0.32 0.3889 0.9167 1.3611 0.8516 0.0821 0.4999 0.6645 0.97 2.7234 0.9226 0.0442 0.255 0.3303 0.935 1.2758 0.0162 0.0162 NA NA 1 0.472 0.2327 0.2327 0.2327 1.2327 1 0.9443 0.214 0.214 0.214 1.214 1 0.9361 0 0
30 34 1899 0 0 0 0 0 1.0033 0 0.9794 -0.1933 0.343 0.4066 1 1.5401 0.8607 -0.244 0.5859 0.7696 0.895 2.3825 0.9852 -0.1932 0.2264 0.2843 0.965 1.2454 0.1081 0.1081 NA NA 1 0.5268 -0.1561 0.1561 -0.1561 0.8439 1 0.6655 -0.1822 0.1822 -0.1822 0.8178 1 0.6291 0 0
30 35 1908 0 0 0 0 0 1.0073 0 0.9714 0.1576 0.2352 0.311 0.9583 1.4142 0.843 0.2317 0.5591 0.7251 0.955 2.4264 0.9506 0.2568 0.2964 0.3462 0.935 1.2184 0.0147 0.0147 NA NA 1 0.4983 -0.0621 0.0621 -0.0621 0.9379 1 0.7341 -0.0784 0.0784 -0.0784 0.9216 1 0.7105 0 0
30 36 1824 0 0 0 0 0 1.0054 0 0.9794 -0.6295 0.6295 0.6847 0.6667 1.46 0.8165 -0.4351 0.701 0.8742 0.835 2.6767 0.8215 -0.53 0.5365 0.6692 0.665 1.326 0.1195 0.1195 NA NA 1 0.4602 0.2333 0.2333 0.2333 1.2333 1 0.9624 0.1967 0.1967 0.1967 1.1967 1 0.904 0 0
30 37 1563 0 0 0 0 0 1.0072 0 0.9501 -0.2613 0.3611 0.529 0.875 1.4436 0.8835 -0.1481 0.4918 0.6284 0.95 2.3163 0.9923 -0.2204 0.2204 0.2663 1 1.2204 0.1377 0.1377 NA NA 1 0.5318 -0.1836 0.1836 -0.1836 0.8164 1 0.6613 -0.2153 0.2153 -0.2153 0.7847 1 0.6234 0 0
30 38 1455 0 0 0 0 0 1.008 0 0.9839 -0.2611 0.3151 0.3761 1 1.3969 0.8343 -0.2537 0.5322 0.6993 0.925 2.2856 0.9887 -0.2556 0.2556 0.2769 1 1.1096 -0.2158 0.2158 NA NA 1 0.5073 -0.2826 0.2826 -0.2826 0.7174 1 0.6101 -0.3287 0.3287 -0.3287 0.6713 0 0.5726 0 0
30 39 2208 0 0 0 0 0 1.0035 0 0.9194 -0.2667 0.3499 0.5256 0.9583 1.4086 0.8417 -0.2687 0.5225 0.6996 0.935 2.5227 0.9328 -0.1323 0.2262 0.2916 0.945 1.3008 0.0636 0.0636 NA NA 1 0.4853 5e-04 5e-04 5e-04 1.0005 1 0.7642 -0.0198 0.0198 -0.0198 0.9802 1 0.7345 0 0
30 40 1774 0 0 0 0 0 1.0044 0 0.9627 0.7091 0.7091 0.7809 0.5417 1.5459 0.8196 0.6907 0.8442 0.9888 0.815 2.9151 0.9824 0.6779 0.6779 0.7001 0.595 1.3224 -0.0754 0.0754 NA NA 1 0.4541 0.3365 0.3365 0.3365 1.3365 1 1.0349 0.3113 0.3113 0.3113 1.3113 1 1.0268 0 0
30 41 2020 0 0 0 0 0 1.0034 0 0.9451 -0.8827 0.8827 1.0075 0.4583 1.5365 0.841 -0.8052 0.8912 1.049 0.75 2.6319 0.9801 -0.749 0.749 0.7649 0.245 1.2395 -0.0702 0.0702 NA NA 1 0.4664 0.0045 0.0045 0.0045 1.0045 1 0.8262 -0.015 0.015 -0.015 0.985 1 0.8041 0 0
30 42 1589 0 0 0 0 0 1.0081 0 0.9505 0.7173 0.7173 0.7641 0.5 1.4677 0.8446 0.6721 0.8017 0.9453 0.81 2.7869 0.9825 0.6432 0.6432 0.6593 0.495 1.3613 0.0642 0.0642 NA NA 1 0.4899 0.1488 0.1488 0.1488 1.1488 1 0.9084 0.1251 0.1251 0.1251 1.1251 1 0.8778 0 0
30 43 1812 0 0 0 0 0 1.0048 0 0.9768 0.2432 0.3051 0.3784 0.9583 1.4472 0.8143 0.2652 0.5339 0.7545 0.94 2.4647 0.9764 0.1437 0.2199 0.2493 1 1.2166 0.0167 0.0167 NA NA 1 0.4865 -0.0954 0.0954 -0.0954 0.9046 1 0.6988 -0.1101 0.1101 -0.1101 0.8899 1 0.6815 0 0
30 44 1806 0 0 0 0 0 1.0056 0 0.9753 -0.0901 0.2516 0.3326 1 1.3854 0.8376 -0.0763 0.4841 0.6808 0.945 2.2596 0.95 -0.1356 0.239 0.3029 0.955 1.1508 -0.08 0.08 NA NA 1 0.4387 -0.2635 0.2635 -0.2635 0.7365 1 0.5843 -0.2776 0.2776 -0.2776 0.7224 1 0.5736 0 0
30 45 1974 0 0 0 0 0 1.0061 0 0.9638 -0.0837 0.2228 0.3026 1 1.4248 0.8178 -0.0087 0.5393 0.7307 0.97 2.818 0.9429 -0.0326 0.2076 0.2547 1 1.3578 0.0273 0.0273 NA NA 1 0.5357 0.2638 0.2638 0.2638 1.2638 1 0.9871 0.2389 0.2389 0.2389 1.2389 1 0.9613 0 0
30 46 1903 0 0 0 0 0 1.004 0 0.9601 0.1557 0.3245 0.4077 0.9583 1.4637 0.8235 0.2207 0.5274 0.7353 0.95 2.3971 0.8926 0.2537 0.2576 0.4078 0.88 1.2206 0.0568 0.0568 NA NA 1 0.4462 -0.1466 0.1466 -0.1466 0.8534 1 0.6889 -0.1616 0.1616 -0.1616 0.8384 1 0.66 0 0
30 47 1775 0 0 0 0 0 1.0061 0 0.9874 0.1679 0.3232 0.406 1 1.5266 0.8427 0.1638 0.5185 0.6604 0.925 2.349 0.9595 0.074 0.2881 0.3357 0.9 1.1443 -0.0445 0.0445 NA NA 1 0.5223 -0.2203 0.2203 -0.2203 0.7797 1 0.618 -0.236 0.236 -0.236 0.764 1 0.5944 0 0
30 48 1373 0 0 0 0 0 1.0052 0 0.9088 -0.4158 0.5345 0.7413 0.8333 1.4927 0.8345 -0.3574 0.5988 0.7727 0.905 2.5856 0.9748 -0.4752 0.4752 0.5133 0.66 1.1999 -0.0644 0.0644 NA NA 1 0.4987 -0.0229 0.0229 -0.0229 0.9771 1 0.7859 -0.0439 0.0439 -0.0439 0.9561 1 0.7695 0 0
30 49 1497 0 0 0 0 0 1.0045 0 0.9559 -0.0729 0.2471 0.3022 1 1.4012 0.8392 -0.0623 0.4899 0.6578 0.965 2.3652 0.9577 -0.1079 0.2014 0.247 1 1.1574 -0.0691 0.0691 NA NA 1 0.5403 -0.2732 0.2732 -0.2732 0.7268 1 0.5934 -0.2913 0.2913 -0.2913 0.7087 1 0.5746 0 0
30 50 1765 0 0 0 0 0 1.0053 0 0.9695 -0.244 0.3042 0.3945 0.9583 1.4521 0.806 -0.3032 0.5621 0.7522 0.955 2.6521 0.9383 -0.2011 0.2858 0.3538 0.835 1.2727 0.0889 0.0889 NA NA 1 0.5939 0.0834 0.0834 0.0834 1.0834 1 0.8516 0.049 0.049 0.049 1.049 1 0.8134 0 0
30 51 1695 0 0 0 0 0 1.0104 0 0.946 0.143 0.3377 0.4386 0.9583 1.3987 0.8675 0.0695 0.4442 0.6368 0.95 2.2389 0.9113 0.143 0.2975 0.3606 0.88 1.1777 0.0122 0.0122 NA NA 1 0.4184 -0.1114 0.1114 -0.1114 0.8886 1 0.6733 -0.1224 0.1224 -0.1224 0.8776 1 0.6513 0 0
30 52 1592 0 0 0 0 0 1.0045 0 0.9793 -0.0081 0.2518 0.3248 1 1.4557 0.8194 0.1468 0.5044 0.6932 0.95 2.3651 0.9714 0.1172 0.2734 0.3285 1 1.2126 0.0941 0.0941 NA NA 1 0.4724 -0.0806 0.0806 -0.0806 0.9194 1 0.7211 -0.1029 0.1029 -0.1029 0.8971 1 0.695 0 0
30 53 1557 0 0 0 0 0 1.0058 0 0.9567 0.4722 0.4909 0.6068 0.9167 1.4574 0.8487 0.3786 0.6409 0.8148 0.89 2.4976 0.9282 0.4139 0.4388 0.5058 0.7 1.1558 -0.1519 0.1519 NA NA 1 0.5159 -0.0747 0.0747 -0.0747 0.9253 1 0.7504 -0.1128 0.1128 -0.1128 0.8872 1 0.7142 0 0
30 54 1501 0 0 0 0 0 1.0043 0 0.9518 0.1062 0.356 0.461 0.9167 1.4471 0.8053 0.1156 0.5127 0.7236 0.945 2.2476 0.9802 0.108 0.21 0.2431 1 1.1266 -0.0395 0.0395 NA NA 1 0.4695 -0.3173 0.3173 -0.3173 0.6827 0 0.5514 -0.3284 0.3284 -0.3284 0.6716 0 0.544 0 0
30 55 1525 0 0 0 0 0 1.0068 0 0.9554 0.0999 0.2642 0.3427 0.9583 1.4248 0.8829 0.1342 0.4479 0.5872 0.965 2.5685 0.9828 0.0582 0.1297 0.1551 1 1.2186 -0.1005 0.1005 NA NA 1 0.4757 0.1057 0.1057 0.1057 1.1057 1 0.8729 0.0774 0.0774 0.0774 1.0774 1 0.8583 0 0
30 56 2070 0 0 0 0 0 1.004 0 0.9402 0.0013 0.269 0.3445 0.9583 1.3629 0.8047 0.0668 0.5268 0.7276 0.94 2.4325 0.9267 0.0786 0.2342 0.2859 1 1.2149 0.0646 0.0646 NA NA 1 0.4537 -0.1033 0.1033 -0.1033 0.8967 1 0.7119 -0.1201 0.1201 -0.1201 0.8799 1 0.6876 0 0
30 57 1809 0 0 0 0 0 1.0036 0 0.9451 -0.1737 0.3537 0.4772 0.9167 1.4441 0.8362 -0.1517 0.5339 0.7164 0.9 2.1189 0.9462 -0.2193 0.2566 0.3169 0.91 1.1633 0.1158 0.1158 NA NA 1 0.6732 -0.491 0.491 -0.491 0.509 0 0.461 -0.5144 0.5144 -0.5144 0.4856 0 0.4376 0 0
30 58 1639 0 0 0 0 0 1.0122 0 0.9872 -0.1649 0.264 0.3193 0.9583 1.5474 0.8069 -0.0721 0.5701 0.7592 0.91 2.6041 0.9701 -0.0959 0.2467 0.2967 1 1.2912 0.1614 0.1614 NA NA 1 0.5746 -0.0788 0.0788 -0.0788 0.9212 1 0.7819 -0.1245 0.1245 -0.1245 0.8755 1 0.7428 0 0
30 59 2061 0 0 0 0 0 1.0062 0 0.98 -0.1974 0.2541 0.3132 1 1.4213 0.8089 -0.3605 0.5853 0.8117 0.935 2.5047 0.9688 -0.2257 0.2681 0.3454 0.85 1.1682 -0.1204 0.1204 NA NA 1 0.4809 -0.0327 0.0327 -0.0327 0.9673 1 0.7695 -0.0612 0.0612 -0.0612 0.9388 1 0.7593 0 0
30 60 1525 0 0 0 0 0 1.0043 0 0.8917 0.7108 0.7297 0.8067 0.5417 1.4468 0.8199 0.6326 0.7395 0.9122 0.785 2.5243 0.9826 0.6949 0.6949 0.7162 0.37 1.2906 0.1578 0.1578 NA NA 1 0.5283 -0.1284 0.1284 -0.1284 0.8716 1 0.7567 -0.1686 0.1686 -0.1686 0.8314 1 0.697 0 0
30 61 2043 0 0 0 0 0 1.0066 0 0.9502 -0.4387 0.4519 0.5297 0.8333 1.363 0.8242 -0.5492 0.6724 0.8437 0.845 2.3574 0.9339 -0.4709 0.4709 0.5382 0.615 1.1732 0.0031 0.0031 NA NA 1 0.4707 -0.2033 0.2033 -0.2033 0.7967 1 0.6481 -0.2156 0.2156 -0.2156 0.7844 1 0.6342 0 0
30 62 1962 0 0 0 0 0 1.004 0 0.958 -0.1672 0.2732 0.3383 0.9167 1.3901 0.8569 -0.1656 0.4822 0.6773 0.96 2.5783 0.9379 -0.2123 0.2919 0.3421 0.975 1.2668 -0.0156 0.0156 NA NA 1 0.4453 0.2135 0.2135 0.2135 1.2135 1 0.8877 0.1973 0.1973 0.1973 1.1973 1 0.8725 0 0
30 63 2043 0 0 0 0 0 1.005 0 0.9201 -0.4247 0.48 0.5511 0.7083 1.395 0.8284 -0.4523 0.6374 0.8598 0.89 2.5594 0.9452 -0.3983 0.3983 0.4788 0.785 1.2474 0.01 0.01 NA NA 1 0.4599 -0.0104 0.0104 -0.0104 0.9896 1 0.7716 -0.0252 0.0252 -0.0252 0.9748 1 0.7617 0 0
30 64 2662 0 0 0 0 0 1.0023 0 0.9686 0.3916 0.407 0.4628 0.9167 1.4015 0.8593 0.2689 0.5392 0.6872 0.9 2.3231 0.9762 0.3619 0.369 0.3934 0.95 1.1849 -0.0546 0.0546 NA NA 1 0.4724 -0.199 0.199 -0.199 0.801 1 0.6414 -0.2136 0.2136 -0.2136 0.7864 1 0.6218 0 0
30 65 1537 0 0 0 0 0 1.0139 0 0.9631 -0.2011 0.299 0.3704 0.9583 1.3837 0.8245 -0.2581 0.5192 0.7173 0.9 2.2803 0.9562 -0.3056 0.3379 0.3719 0.915 1.1497 0.0198 0.0198 NA NA 1 0.4654 -0.2837 0.2837 -0.2837 0.7163 1 0.5635 -0.2945 0.2945 -0.2945 0.7055 1 0.5486 0 0
30 66 1705 0 0 0 0 0 1.0067 0 0.9338 0.0544 0.3461 0.5033 0.9583 1.4844 0.8526 -0.0537 0.4917 0.6403 0.975 2.3829 0.9719 -0.1583 0.1778 0.2297 1 1.1907 -0.0569 0.0569 NA NA 1 0.453 -0.1737 0.1737 -0.1737 0.8263 1 0.6359 -0.1878 0.1878 -0.1878 0.8122 1 0.6294 0 0
30 67 2677 0 0 0 0 0 1.002 0 0.9685 0.1445 0.2529 0.3192 0.9583 1.3791 0.8384 0.0731 0.4929 0.6725 0.95 2.3294 0.9706 0.094 0.137 0.1951 1 1.2196 0.0887 0.0887 NA NA 1 0.438 -0.159 0.159 -0.159 0.841 1 0.645 -0.1767 0.1767 -0.1767 0.8233 1 0.6268 0 0
30 68 1628 0 0 0 0 0 1.0214 0 0.9491 -0.7809 0.7809 0.8698 0.4583 1.5157 0.8234 -0.6146 0.7618 0.9255 0.73 2.5225 0.9557 -0.6004 0.6004 0.6376 0.54 1.2473 0.052 0.052 NA NA 1 0.6 -0.1435 0.1435 -0.1435 0.8565 1 0.7246 -0.1675 0.1675 -0.1675 0.8325 1 0.6869 0 0
30 69 2311 0 0 0 0 0 1.0044 0 0.9681 0.2017 0.2643 0.3402 1 1.3935 0.8557 0.1548 0.4524 0.6459 0.95 2.4948 0.9927 0.1392 0.1514 0.1737 1 1.2822 0.0499 0.0499 NA NA 1 0.4682 0.079 0.079 0.079 1.079 1 0.8034 0.0604 0.0604 0.0604 1.0604 1 0.7862 0 0
30 70 1212 0 0 0 1 0 1.0368 0 0.9673 -0.4101 0.4209 0.472 0.875 1.4015 0.8605 -0.4053 0.5895 0.7379 0.93 2.5399 0.9903 -0.3671 0.3698 0.4174 0.805 1.2144 -0.0728 0.0728 NA NA 1 0.4962 0.0091 0.0091 0.0091 1.0091 1 0.7744 -0.0133 0.0133 -0.0133 0.9867 1 0.7534 0 1
30 71 1760 0 0 0 0 0 1.0079 0 0.9598 -0.282 0.3405 0.4685 0.9583 1.4774 0.8201 -0.2853 0.571 0.7736 0.9 2.5185 0.9394 -0.3056 0.3213 0.3909 0.98 1.2706 0.0793 0.0793 NA NA 1 0.5868 -0.1287 0.1287 -0.1287 0.8713 1 0.7183 -0.1556 0.1556 -0.1556 0.8444 1 0.6911 0 0
30 72 2006 0 0 0 0 0 1.0032 0 0.959 -0.1275 0.2505 0.3214 0.9583 1.3989 0.8267 -0.1579 0.5096 0.7093 0.985 2.6539 0.9809 -0.081 0.1895 0.2326 1 1.3055 0.0215 0.0215 NA NA 1 0.4851 0.1643 0.1643 0.1643 1.1643 1 0.8794 0.1452 0.1452 0.1452 1.1452 1 0.8562 0 0
30 73 1464 0 0 0 0 0 1.0058 0 0.9649 -0.2039 0.3309 0.4567 0.9167 1.4974 0.7961 -0.0099 0.5569 0.7627 0.905 2.3057 0.9621 0.0106 0.2665 0.2949 1 1.175 0.0675 0.0675 NA NA 1 0.5964 -0.3259 0.3259 -0.3259 0.6741 1 0.5749 -0.3451 0.3451 -0.3451 0.6549 0 0.5418 0 0
30 74 1973 0 0 0 0 0 1.0143 0 0.9681 0.2707 0.2828 0.3628 0.9583 1.3848 0.8546 0.2558 0.5194 0.6791 0.945 2.4876 0.985 0.3328 0.3328 0.3582 1 1.2477 0.0453 0.0453 NA NA 1 0.5008 -0.0426 0.0426 -0.0426 0.9574 1 0.7715 -0.0606 0.0606 -0.0606 0.9394 1 0.7443 0 0
30 75 1579 0 0 0 0 0 1.0061 0 0.969 0.5967 0.5967 0.6425 0.75 1.4544 0.8193 0.6368 0.7651 0.9661 0.85 2.7976 0.9836 0.5561 0.5561 0.5813 0.53 1.2817 -0.1314 0.1314 NA NA 1 0.5146 0.1008 0.1008 0.1008 1.1008 1 0.8818 0.0623 0.0623 0.0623 1.0623 1 0.8674 0 0
30 76 2089 0 0 0 0 0 1.0039 0 0.9608 0.3051 0.3529 0.3938 1 1.3728 0.7761 0.374 0.6467 0.8829 0.89 2.5521 0.9794 0.4469 0.4469 0.4745 0.79 1.2765 0.1023 0.1023 NA NA 1 0.4355 0.0488 0.0488 0.0488 1.0488 1 0.8154 0.0233 0.0233 0.0233 1.0233 1 0.7791 0 0
30 77 2138 0 0 0 0 0 1.0103 0 0.9549 -0.1132 0.3405 0.4038 0.9167 1.4421 0.8112 -0.1766 0.5162 0.7339 0.94 2.4403 0.9528 -0.0458 0.192 0.2268 1 1.2119 0.0687 0.0687 NA NA 1 0.4581 -0.1732 0.1732 -0.1732 0.8268 1 0.6793 -0.1886 0.1886 -0.1886 0.8114 1 0.6706 0 0
30 78 1786 0 0 0 0 0 1.0026 0 0.9699 -0.4176 0.434 0.5017 0.8333 1.4253 0.8675 -0.4196 0.5495 0.6956 0.89 2.3035 0.9814 -0.3221 0.3221 0.3781 0.97 1.2258 0.1159 0.1159 NA NA 1 0.4959 -0.2138 0.2138 -0.2138 0.7862 1 0.6236 -0.2377 0.2377 -0.2377 0.7623 1 0.5988 0 0
30 79 1860 0 0 0 0 0 1.0052 0 0.9363 -0.0024 0.267 0.3433 1 1.3626 0.814 0.0503 0.4944 0.7072 0.96 2.3155 0.9651 0.0574 0.2876 0.3218 1 1.1896 0.1137 0.1137 NA NA 1 0.5097 -0.1394 0.1394 -0.1394 0.8606 1 0.682 -0.1665 0.1665 -0.1665 0.8335 1 0.6346 0 0
30 80 1966 0 0 0 0 0 1.0058 0 0.8978 -0.6752 0.6752 0.773 0.5833 1.4315 0.8532 -0.5666 0.714 0.8333 0.765 2.4821 0.9947 -0.606 0.606 0.6166 0.585 1.2592 0.1171 0.1171 NA NA 1 0.4556 -0.1303 0.1303 -0.1303 0.8697 1 0.7056 -0.1545 0.1545 -0.1545 0.8455 1 0.6867 0 0
30 81 1439 0 0 0 0 0 1.0047 0 0.9195 -0.2317 0.3368 0.4187 0.875 1.3509 0.814 -0.2993 0.5643 0.7743 0.935 2.5537 0.9153 -0.275 0.3084 0.3961 0.8 1.1616 -0.1574 0.1574 NA NA 1 0.4709 0.1067 0.1067 0.1067 1.1067 1 0.8386 0.0623 0.0623 0.0623 1.0623 1 0.8037 0 0
30 82 1435 0 0 0 0 0 1.006 0 0.946 -0.5209 0.5313 0.6089 0.75 1.4522 0.8288 -0.5064 0.6553 0.8402 0.85 2.4695 0.9444 -0.5438 0.5438 0.6117 0.495 1.1523 -0.0873 0.0873 NA NA 1 0.5413 -0.178 0.178 -0.178 0.822 1 0.6987 -0.2004 0.2004 -0.2004 0.7996 1 0.6655 0 0
30 83 2059 0 0 0 0 0 1.0042 0 0.9446 0.0435 0.2645 0.4026 0.9583 1.4041 0.8578 -0.0015 0.4647 0.6259 0.965 2.2895 0.9874 0.0477 0.0985 0.1291 1 1.1854 0.0381 0.0381 NA NA 1 0.5377 -0.1546 0.1546 -0.1546 0.8454 1 0.649 -0.1724 0.1724 -0.1724 0.8276 1 0.6335 0 0
30 84 1523 0 0 0 0 0 1.0108 0 0.93 0.6778 0.6778 0.7648 0.5417 1.4567 0.8351 0.5851 0.7432 0.8979 0.795 2.6359 0.9801 0.5977 0.5984 0.6406 0.475 1.2973 0.0587 0.0587 NA NA 1 0.4849 0.0463 0.0463 0.0463 1.0463 1 0.8158 0.0257 0.0257 0.0257 1.0257 1 0.7846 0 0
30 85 1191 0 0 0 0 0 1.0118 0 0.9325 0.0618 0.2969 0.4313 0.9167 1.4287 0.8444 0.0437 0.453 0.6213 0.955 2.4799 0.9118 0.0259 0.2506 0.2916 1 1.1241 -0.1897 0.1897 NA NA 1 0.4559 -0.066 0.066 -0.066 0.934 1 0.7512 -0.1125 0.1125 -0.1125 0.8875 1 0.7157 0 0
30 86 1217 0 0 0 0 0 1.0034 0 0.9561 -0.6706 0.7042 0.8558 0.5 1.6947 0.7636 -0.5569 0.7421 0.9155 0.855 2.3711 0.9179 -0.5989 0.6084 0.7013 0.48 1.1638 0.0346 0.0346 NA NA 1 0.6413 -0.2774 0.2774 -0.2774 0.7226 1 0.62 -0.2982 0.2982 -0.2982 0.7018 1 0.5993 0 0
30 87 1449 0 0 0 0 0 1.0052 0 0.966 0.4256 0.5212 0.6461 0.8333 1.5742 0.8598 0.3947 0.5717 0.7408 0.86 2.2577 0.9679 0.3242 0.3452 0.4157 0.79 1.1603 0.0383 0.0383 NA NA 1 0.5694 -0.3669 0.3669 -0.3669 0.6331 0 0.5284 -0.3814 0.3814 -0.3814 0.6186 0 0.5122 0 0
30 88 1661 0 0 0 0 0 1.0095 0 0.9918 0.1505 0.1769 0.2147 1 1.3823 0.7976 0.0504 0.4946 0.6923 0.945 2.4592 0.9867 -0.1022 0.1528 0.1881 1 1.2895 0.1503 0.1503 NA NA 1 0.4848 -0.0457 0.0457 -0.0457 0.9543 1 0.731 -0.0835 0.0835 -0.0835 0.9165 1 0.7047 0 0
30 89 1749 0 0 0 0 0 1.0036 0 0.9615 -0.244 0.3058 0.3618 0.9583 1.3844 0.8163 -0.2104 0.5555 0.749 0.935 2.4793 0.9713 -0.2102 0.211 0.2696 1 1.1828 -0.1198 0.1198 NA NA 1 0.5342 -0.1223 0.1223 -0.1223 0.8777 1 0.6771 -0.1517 0.1517 -0.1517 0.8483 1 0.6596 0 0
30 90 1457 0 0 0 0 0 1.0102 0 0.9726 0.1438 0.2292 0.2724 1 1.4268 0.8202 0.2073 0.536 0.7394 0.955 2.6009 0.973 0.2115 0.2472 0.2883 1 1.205 -0.186 0.186 NA NA 1 0.4816 0.0418 0.0418 0.0418 1.0418 1 0.8379 -0.0105 0.0105 -0.0105 0.9895 1 0.822 0 0
30 91 1666 0 0 0 0 0 1.0035 0 0.9468 -0.29 0.421 0.5164 0.8333 1.4216 0.8482 -0.197 0.5407 0.7015 0.9 2.4822 0.9893 -0.1575 0.1895 0.227 1 1.2028 -0.0411 0.0411 NA NA 1 0.487 -0.1308 0.1308 -0.1308 0.8692 1 0.7036 -0.1458 0.1458 -0.1458 0.8542 1 0.6784 0 0
30 92 2204 0 0 0 0 0 1.0057 0 0.9437 -0.15 0.2529 0.3001 1 1.3125 0.8328 -0.1645 0.4876 0.6829 0.93 2.2885 0.9566 -0.1941 0.2433 0.2838 1 1.2097 0.0503 0.0503 NA NA 1 0.4381 -0.14 0.14 -0.14 0.86 1 0.6598 -0.1538 0.1538 -0.1538 0.8462 1 0.6442 0 0
30 93 1899 0 0 0 0 0 1.0075 0 0.9288 0.9149 0.9149 1.0206 0.3333 1.5702 0.829 0.867 0.9349 1.1159 0.66 2.659 0.9187 0.7997 0.8053 0.8514 0.265 1.2587 -0.0392 0.0392 NA NA 1 0.5291 0.0047 0.0047 0.0047 1.0047 1 0.8317 -0.0153 0.0153 -0.0153 0.9847 1 0.8151 0 0
30 94 1772 0 0 0 0 0 1.0039 0 0.9502 0.0163 0.2682 0.3454 0.9583 1.4613 0.7869 -0.0794 0.5217 0.7257 0.94 2.4727 0.9205 -0.0291 0.2773 0.3239 1 1.1787 -0.0319 0.0319 NA NA 1 0.5917 -0.2019 0.2019 -0.2019 0.7981 1 0.6682 -0.2214 0.2214 -0.2214 0.7786 1 0.6562 0 0
30 95 2120 0 0 0 0 0 1.007 0 0.9543 -0.6813 0.6813 0.7565 0.6667 1.4148 0.831 -0.6857 0.7969 1.0125 0.745 2.3323 0.973 -0.5986 0.5986 0.6383 0.56 1.3956 0.3824 0.3824 NA NA 0 0.5374 -0.2175 0.2175 -0.2175 0.7825 1 0.7059 -0.3539 0.3539 -0.3539 0.6461 0 0.5783 0 0
30 96 1861 0 0 0 0 0 1.0074 0 0.9625 -0.1293 0.2604 0.3145 1 1.4169 0.829 -0.0848 0.4855 0.6485 0.98 2.4858 0.9634 -0.1854 0.2401 0.3165 0.865 1.1907 -0.0175 0.0175 NA NA 1 0.5276 -0.0361 0.0361 -0.0361 0.9639 1 0.7264 -0.0541 0.0541 -0.0541 0.9459 1 0.7025 0 0
30 97 1843 0 0 0 0 0 1.0037 0 0.9687 -0.2829 0.3736 0.4618 0.875 1.4898 0.8418 -0.2042 0.5425 0.684 0.925 2.2283 0.9909 -0.327 0.327 0.3411 1 1.1304 -0.0065 0.0065 NA NA 1 0.4821 -0.3404 0.3404 -0.3404 0.6596 0 0.5453 -0.3507 0.3507 -0.3507 0.6493 0 0.5389 0 0
30 98 1829 0 0 0 0 0 1.006 0 0.9702 -0.4392 0.4392 0.5219 0.8333 1.4129 0.859 -0.3988 0.5742 0.7306 0.875 2.2612 0.987 -0.4268 0.4268 0.4484 0.775 1.1485 0.0149 0.0149 NA NA 1 0.5075 -0.288 0.288 -0.288 0.712 1 0.588 -0.3009 0.3009 -0.3009 0.6991 1 0.5698 0 0
30 99 1736 0 0 0 0 0 1.0063 0 0.9467 -0.1113 0.2416 0.326 0.9583 1.353 0.8849 -0.1018 0.4093 0.5341 0.98 2.6318 0.9693 -0.1025 0.2051 0.2577 1 1.2554 -0.0698 0.0698 NA NA 1 0.4719 0.2056 0.2056 0.2056 1.2056 1 0.9338 0.1821 0.1821 0.1821 1.1821 1 0.9278 0 0
30 100 1933 0 0 0 0 0 1.0118 0 0.9576 0.3497 0.3839 0.4724 0.9167 1.4281 0.7929 0.1418 0.5738 0.7728 0.92 2.5517 0.9802 0.2215 0.3017 0.3596 1 1.4012 0.2685 0.2685 NA NA 0 0.5077 -0.0078 0.0078 -0.0078 0.9922 1 0.8695 -0.101 0.101 -0.101 0.899 1 0.7425 0 0
30 101 1150 0 0 0 0 0 1.0063 0 0.9701 -0.0352 0.2559 0.3528 0.9583 1.4774 0.8177 0.033 0.5565 0.7564 0.95 2.6367 0.9696 0.0155 0.2837 0.3264 0.915 1.2168 -0.0367 0.0367 NA NA 1 0.5746 0.0058 0.0058 0.0058 1.0058 1 0.7823 -0.0183 0.0183 -0.0183 0.9817 1 0.7619 0 0
30 102 1477 0 0 0 0 0 1.0046 0 0.9571 -0.2603 0.4144 0.5391 0.875 1.4713 0.8603 -0.2062 0.5789 0.7494 0.925 2.4022 0.9065 0.0113 0.2697 0.3209 0.905 1.1741 -0.0322 0.0322 NA NA 1 0.4651 -0.1734 0.1734 -0.1734 0.8266 1 0.6564 -0.1863 0.1863 -0.1863 0.8137 1 0.6436 0 0
30 103 2501 0 0 0 0 0 1.0031 0 0.8641 -0.7776 0.8119 0.9378 0.4583 1.4788 0.8348 -0.7441 0.848 1.013 0.725 2.6295 0.9766 -0.8904 0.8904 0.9044 0.04 1.3049 0.0592 0.0592 NA NA 1 0.4407 0.0084 0.0084 0.0084 1.0084 1 0.8172 -0.0092 0.0092 -0.0092 0.9908 1 0.7854 0 0
30 104 1905 0 0 0 0 0 1.0059 0 0.9579 -0.1636 0.2495 0.3151 0.9583 1.3307 0.8118 -0.2307 0.5646 0.7542 0.905 2.3259 0.9807 -0.2236 0.238 0.2669 1 1.1291 -0.0584 0.0584 NA NA 1 0.4853 -0.2409 0.2409 -0.2409 0.7591 1 0.6052 -0.2554 0.2554 -0.2554 0.7446 1 0.597 0 0
30 105 1923 0 0 0 0 0 1.0037 0 0.9311 0.0629 0.3164 0.3925 0.9583 1.4718 0.7682 0.1305 0.572 0.8321 0.915 2.4109 0.9155 0.1015 0.2556 0.3035 0.93 1.2278 0.0562 0.0562 NA NA 1 0.5522 -0.2812 0.2812 -0.2812 0.7188 1 0.6175 -0.2982 0.2982 -0.2982 0.7018 1 0.6014 0 0
30 106 1781 0 0 0 0 0 1.0094 0 0.9579 -0.1582 0.2536 0.3004 1 1.3952 0.8022 -0.2117 0.5576 0.7669 0.95 2.5033 0.9587 -0.1615 0.2013 0.2696 0.935 1.2271 -0.0927 0.0927 NA NA 1 0.5529 -0.1488 0.1488 -0.1488 0.8512 1 0.7028 -0.1738 0.1738 -0.1738 0.8262 1 0.6759 0 0
30 107 1686 0 0 0 0 0 1.0038 0 0.9424 -0.2832 0.3626 0.4783 0.875 1.4045 0.8234 -0.2976 0.6021 0.7713 0.89 2.2738 0.9556 -0.2193 0.3107 0.3883 0.805 1.1713 0.1318 0.1318 NA NA 1 0.4717 -0.3227 0.3227 -0.3227 0.6773 1 0.591 -0.3451 0.3451 -0.3451 0.6549 0 0.5629 0 0
30 108 2215 0 0 0 0 0 1.0075 0 0.9595 0.0888 0.2963 0.3637 0.9167 1.3739 0.8391 0.0562 0.4625 0.6242 0.92 2.0868 0.9617 0.0321 0.207 0.2606 1 1.1313 0.1061 0.1061 NA NA 1 0.5009 -0.3499 0.3499 -0.3499 0.6501 0 0.5245 -0.3688 0.3688 -0.3688 0.6312 0 0.5012 0 0
30 109 2041 0 0 0 0 0 1.006 0 0.9642 0.1036 0.2864 0.3701 0.9583 1.4393 0.8466 0.1206 0.4743 0.6473 0.945 2.2641 0.9729 0.141 0.2541 0.3077 0.945 1.2411 0.1977 0.1977 NA NA 1 0.4883 -0.2147 0.2147 -0.2147 0.7853 1 0.644 -0.26 0.26 -0.26 0.74 1 0.5751 0 0
30 110 1245 0 0 0 0 0 1.01 0 0.9636 0.129 0.2516 0.3283 0.9583 1.4312 0.844 0.2555 0.5074 0.6966 0.97 2.6284 0.955 0.1911 0.2416 0.287 1 1.2849 0.1282 0.1282 NA NA 1 0.5216 0.0636 0.0636 0.0636 1.0636 1 0.8361 0.0254 0.0254 0.0254 1.0254 1 0.7862 0 0
30 111 1532 0 0 0 0 0 1.0044 0 0.9615 -0.1353 0.3052 0.3624 1 1.3851 0.8517 -0.0957 0.4992 0.6566 0.965 2.4117 0.9625 -0.1069 0.2145 0.2617 1 1.2015 -9e-04 9e-04 NA NA 1 0.5444 -0.0875 0.0875 -0.0875 0.9125 1 0.6974 -0.1052 0.1052 -0.1052 0.8948 1 0.6709 0 0
30 112 1945 0 0 0 0 0 1.0048 0 0.9471 -0.223 0.2947 0.3495 0.9583 1.3867 0.8632 -0.3135 0.5138 0.6736 0.935 2.5836 0.972 -0.3327 0.3382 0.3745 0.9 1.2359 0.0023 0.0023 NA NA 1 0.5723 0.0309 0.0309 0.0309 1.0309 1 0.7866 0.0084 0.0084 0.0084 1.0084 1 0.7681 0 0
30 113 1444 0 0 0 0 0 1.0105 0 0.9458 0.57 0.57 0.8035 0.7917 1.5483 0.8061 0.4108 0.6831 0.9122 0.82 2.2968 0.9291 0.3339 0.3454 0.4555 0.7 1.179 0.0696 0.0696 NA NA 1 0.5477 -0.3375 0.3375 -0.3375 0.6625 0 0.5488 -0.354 0.354 -0.354 0.646 0 0.5313 0 0
30 114 2374 0 0 0 0 0 1.0088 0 0.9758 -0.213 0.2706 0.3909 0.9583 1.4652 0.8361 -0.2483 0.5187 0.6664 0.945 2.4157 0.9639 -0.3263 0.3291 0.3807 0.99 1.2042 -0.0219 0.0219 NA NA 1 0.4965 -0.111 0.111 -0.111 0.889 1 0.6805 -0.126 0.126 -0.126 0.874 1 0.6632 0 0
30 115 1837 0 0 0 0 0 1.0047 0 0.9386 -0.6707 0.6757 0.9396 0.75 1.5114 0.8407 -0.5163 0.6904 0.8703 0.85 2.4417 0.9527 -0.5987 0.5987 0.6386 0.51 1.164 -0.1491 0.1491 NA NA 1 0.4417 -0.0852 0.0852 -0.0852 0.9148 1 0.7214 -0.118 0.118 -0.118 0.882 1 0.6837 0 0
30 116 1721 0 0 0 0 0 1.0056 0 0.9801 0.1784 0.369 0.4668 0.9583 1.4534 0.8404 0.2255 0.5309 0.7064 0.96 2.3482 0.9819 0.1748 0.1993 0.2406 1 1.1351 -0.1379 0.1379 NA NA 1 0.5883 -0.2399 0.2399 -0.2399 0.7601 1 0.601 -0.2719 0.2719 -0.2719 0.7281 1 0.5875 0 0
30 117 2330 0 0 0 0 0 1.006 0 0.9035 -0.2387 0.4103 0.4947 0.9167 1.3957 0.8378 -0.1717 0.5319 0.7516 0.935 2.6254 0.9731 -0.1587 0.1938 0.2277 1 1.2394 -0.046 0.046 NA NA 1 0.4872 0.1248 0.1248 0.1248 1.1248 1 0.866 0.1047 0.1047 0.1047 1.1047 1 0.8441 0 0
30 118 2468 0 0 0 0 0 1.0086 0 0.9697 0.1917 0.3694 0.4237 1 1.5346 0.8384 0.1523 0.5158 0.6847 0.965 2.4609 0.952 0.0977 0.2057 0.2403 1 1.3138 0.1518 0.1518 NA NA 1 0.5209 -0.1289 0.1289 -0.1289 0.8711 1 0.7368 -0.1659 0.1659 -0.1659 0.8341 1 0.6959 0 0
30 119 1565 0 0 0 0 0 1.0053 0 0.9486 -0.1563 0.3518 0.4798 0.9167 1.4232 0.8388 -0.2408 0.5349 0.6958 0.89 2.169 0.9267 -0.2052 0.321 0.3662 0.915 1.1021 -0.0075 0.0075 NA NA 1 0.5382 -0.4176 0.4176 -0.4176 0.5824 0 0.4968 -0.4289 0.4289 -0.4289 0.5711 0 0.4874 0 0
30 120 2257 0 0 0 0 0 1.0049 0 0.9147 0.146 0.3483 0.4076 0.9167 1.3843 0.8523 0.0845 0.4891 0.658 0.925 2.4462 0.9584 0.1199 0.2321 0.2795 1 1.2863 0.0507 0.0507 NA NA 1 0.4481 -0.1226 0.1226 -0.1226 0.8774 1 0.6704 -0.1367 0.1367 -0.1367 0.8633 1 0.6505 0 0
30 121 1581 0 0 0 0 0 1.0042 0 0.9592 -0.2111 0.361 0.5326 0.875 1.5597 0.8338 -0.1999 0.5498 0.7522 0.96 2.6081 0.9399 -0.2257 0.2754 0.3362 0.87 1.2579 0.0033 0.0033 NA NA 1 0.5044 2e-04 2e-04 2e-04 1.0002 1 0.7883 -0.0169 0.0169 -0.0169 0.9831 1 0.775 0 0
30 122 1490 0 0 0 0 0 1.0058 0 0.9676 0.7197 0.7197 0.7948 0.4167 1.4973 0.8251 0.6019 0.7206 0.9136 0.8 2.5297 0.9015 0.7824 0.7833 0.8406 0.24 1.2323 0.0103 0.0103 NA NA 1 0.5612 -0.0577 0.0577 -0.0577 0.9423 1 0.7884 -0.0781 0.0781 -0.0781 0.9219 1 0.7633 0 0
30 123 2053 0 0 0 0 0 1.0074 0 0.9562 0.035 0.2456 0.3211 1 1.4243 0.81 3e-04 0.4994 0.6979 0.915 2.2382 0.9704 0.0495 0.2091 0.2342 1 1.2051 0.1442 0.1442 NA NA 1 0.4835 -0.3727 0.3727 -0.3727 0.6273 0 0.519 -0.3959 0.3959 -0.3959 0.6041 0 0.5053 0 0
30 124 2192 0 0 0 0 0 1.0044 0 0.9344 -0.3584 0.3931 0.4591 0.9167 1.368 0.8663 -0.4419 0.5989 0.7513 0.925 2.5012 0.9781 -0.538 0.538 0.5597 0.715 1.311 0.109 0.109 NA NA 1 0.4769 0.0149 0.0149 0.0149 1.0149 1 0.815 -0.0143 0.0143 -0.0143 0.9857 1 0.7808 0 0
30 125 1245 0 0 0 0 0 1.0101 0 0.9509 0.0616 0.3506 0.4572 0.9167 1.417 0.8206 0.0187 0.5124 0.6916 0.95 2.385 0.9534 0.0424 0.2266 0.2658 1 1.1356 -0.1952 0.1952 NA NA 1 0.5229 -0.1973 0.1973 -0.1973 0.8027 1 0.6842 -0.2439 0.2439 -0.2439 0.7561 1 0.653 0 0
30 126 2072 0 0 0 0 0 1.0079 0 0.9487 0.1252 0.3207 0.3901 0.875 1.3934 0.8507 0.16 0.5295 0.7469 0.925 2.5723 0.9801 0.1458 0.1595 0.2107 1 1.2349 -0.0353 0.0353 NA NA 1 0.5348 -0.0094 0.0094 -0.0094 0.9906 1 0.7973 -0.029 0.029 -0.029 0.971 1 0.7826 0 0
30 127 2095 0 0 0 0 0 1.0087 0 0.9427 -0.2843 0.3711 0.5022 0.9167 1.4644 0.8628 -0.3001 0.5609 0.7417 0.945 2.6674 0.9615 -0.3502 0.3502 0.4084 1 1.3744 0.0966 0.0966 NA NA 1 0.507 0.213 0.213 0.213 1.213 1 0.9437 0.1788 0.1788 0.1788 1.1788 1 0.9081 0 0
30 128 2037 0 0 0 0 0 1.0051 0 0.9466 -1.3386 1.3386 1.3798 0.0417 1.5595 0.8406 -1.2569 1.2832 1.4302 0.445 2.7835 0.9604 -1.2892 1.2892 1.3044 0.035 1.3189 0.0072 0.0072 NA NA 1 0.4741 0.1231 0.1231 0.1231 1.1231 1 0.9365 0.1062 0.1062 0.1062 1.1062 1 0.917 0 0
30 129 1940 0 0 0 0 0 1.0068 0 0.9641 -0.2265 0.3107 0.3797 0.9583 1.4188 0.8262 -0.2464 0.5687 0.7213 0.93 2.2541 0.9788 -0.3045 0.3045 0.3442 0.89 1.0999 -0.1277 0.1277 NA NA 1 0.5208 -0.3329 0.3329 -0.3329 0.6671 0 0.5437 -0.3559 0.3559 -0.3559 0.6441 0 0.5319 0 0
30 130 1510 0 0 0 0 0 1.0059 0 0.9828 -0.2993 0.3719 0.4764 0.8333 1.4483 0.8285 -0.1926 0.5145 0.6894 0.915 2.2674 0.9643 -0.2234 0.2801 0.3172 1 1.1489 -0.0282 0.0282 NA NA 1 0.4917 -0.2729 0.2729 -0.2729 0.7271 1 0.5978 -0.2851 0.2851 -0.2851 0.7149 1 0.5892 0 0
30 131 1816 0 0 0 0 0 1.008 0 0.9539 0.1775 0.2414 0.3289 0.9583 1.3408 0.8598 0.2769 0.4749 0.6611 0.965 2.3232 0.947 0.1666 0.2276 0.3067 0.925 1.1288 -0.1647 0.1647 NA NA 1 0.4274 -0.114 0.114 -0.114 0.886 1 0.6923 -0.1486 0.1486 -0.1486 0.8514 1 0.6719 0 0
30 132 1773 0 0 0 0 0 1.013 0 0.9586 0.4761 0.4842 0.5516 0.8333 1.4144 0.83 0.5285 0.6912 0.8867 0.865 2.6342 0.9701 0.4629 0.4629 0.4979 0.82 1.3696 0.1733 0.1733 NA NA 1 0.4358 0.1749 0.1749 0.1749 1.1749 1 0.9426 0.1234 0.1234 0.1234 1.1234 1 0.8845 0 0
30 133 1573 0 0 0 0 0 1.0201 0 0.9594 -0.5084 0.5283 0.6174 0.7083 1.3947 0.8506 -0.3377 0.6041 0.7824 0.865 2.3326 0.9459 -0.3682 0.3737 0.4514 0.75 1.1087 -0.1385 0.1385 NA NA 1 0.4368 -0.1398 0.1398 -0.1398 0.8602 1 0.6565 -0.1676 0.1676 -0.1676 0.8324 1 0.6422 0 0
30 134 1831 0 0 0 0 0 1.0039 0 0.9256 -0.4291 0.495 0.655 0.75 1.4601 0.7859 -0.2052 0.6068 0.8109 0.85 2.1977 0.9671 -0.2783 0.2833 0.332 0.98 1.0742 -0.1747 0.1747 NA NA 1 0.504 -0.3464 0.3464 -0.3464 0.6536 0 0.5451 -0.3782 0.3782 -0.3782 0.6218 0 0.514 0 0
30 135 1724 0 0 0 1 0 1.0113 0 0.9574 0.0738 0.1877 0.239 1 1.3409 0.8446 0.118 0.474 0.6902 0.975 2.6782 0.9343 0.1077 0.242 0.2757 1 1.3266 0.0914 0.0914 NA NA 1 0.4987 0.3082 0.3082 0.3082 1.3082 1 0.9859 0.2747 0.2747 0.2747 1.2747 1 0.9425 0 1
30 136 1047 0 0 0 0 0 1.0111 0 0.9491 -0.1893 0.4384 0.5444 0.9167 1.5518 0.7572 -0.2676 0.6182 0.8482 0.88 2.3746 0.8643 -0.1498 0.3306 0.4074 0.835 1.1 -0.2127 0.2127 NA NA 1 0.603 -0.3361 0.3361 -0.3361 0.6639 1 0.5977 -0.382 0.382 -0.382 0.618 0 0.5897 0 0
30 137 1629 0 0 0 0 0 1.0037 0 0.9456 -0.9169 0.9169 0.9956 0.2917 1.51 0.7861 -0.7256 0.9025 1.0516 0.66 2.4001 0.9692 -0.7372 0.7372 0.7804 0.315 1.1334 -0.1473 0.1473 NA NA 1 0.5041 -0.256 0.256 -0.256 0.744 1 0.6305 -0.2849 0.2849 -0.2849 0.7151 1 0.6161 0 0
30 138 1316 0 0 0 0 0 1.0086 0 0.9711 -0.2283 0.3084 0.3966 0.9167 1.5028 0.7718 -0.1148 0.5874 0.811 0.925 2.595 0.9083 -0.1578 0.2891 0.3526 0.815 1.1836 -0.1798 0.1798 NA NA 1 0.5695 -0.0851 0.0851 -0.0851 0.9149 1 0.7651 -0.1351 0.1351 -0.1351 0.8649 1 0.7272 0 0
30 139 1658 0 0 0 0 0 1.0052 0 0.9674 -1.1677 1.1677 1.1992 0.1667 1.5798 0.8449 -1.1864 1.2155 1.3742 0.46 2.6393 0.9854 -1.1395 1.1395 1.146 0 1.205 -0.2244 0.2244 NA NA 1 0.4363 -0.0209 0.0209 -0.0209 0.9791 1 0.7996 -0.0834 0.0834 -0.0834 0.9166 1 0.7816 0 0
30 140 2025 0 0 0 0 0 1.0042 0 0.9149 0.4211 0.424 0.5887 0.9167 1.4278 0.8536 0.4016 0.577 0.7623 0.93 2.5648 0.9896 0.4626 0.4626 0.4923 0.715 1.2408 -0.0217 0.0217 NA NA 1 0.4551 0.0569 0.0569 0.0569 1.0569 1 0.7818 0.0418 0.0418 0.0418 1.0418 1 0.7731 0 0
30 141 2325 0 0 0 0 0 1.0091 0 0.9458 -0.174 0.4242 0.5623 0.8333 1.4896 0.867 0.0232 0.4812 0.6318 0.975 2.4466 0.925 -0.0545 0.2616 0.3181 1 1.2397 -0.0625 0.0625 NA NA 1 0.5397 -0.1573 0.1573 -0.1573 0.8427 1 0.6763 -0.1774 0.1774 -0.1774 0.8226 1 0.6723 0 0
30 142 2057 0 0 0 0 0 1.0023 0 0.9597 -0.5705 0.6592 0.7426 0.625 1.5424 0.8293 -0.545 0.7069 0.8562 0.78 2.155 0.8748 -0.4593 0.5014 0.5753 0.61 1.1753 0.1573 0.1573 NA NA 1 0.4981 -0.3992 0.3992 -0.3992 0.6008 0 0.5439 -0.4253 0.4253 -0.4253 0.5747 0 0.501 0 0
30 143 1711 0 0 0 0 0 1.0038 0 0.9656 0.6785 0.6843 0.7963 0.5833 1.5212 0.8544 0.5313 0.6841 0.851 0.845 2.5827 0.9603 0.4974 0.4986 0.5488 0.69 1.1991 -0.0677 0.0677 NA NA 1 0.4886 -0.0272 0.0272 -0.0272 0.9728 1 0.796 -0.0472 0.0472 -0.0472 0.9528 1 0.7806 0 0
30 144 1962 0 0 0 0 0 1.0116 0 0.966 0.1963 0.3161 0.3735 0.9583 1.4301 0.8403 0.2153 0.5243 0.6793 0.935 2.3161 0.9435 0.3196 0.3483 0.3991 0.91 1.1678 -0.0117 0.0117 NA NA 1 0.4603 -0.1954 0.1954 -0.1954 0.8046 1 0.6277 -0.2068 0.2068 -0.2068 0.7932 1 0.6165 0 0
30 145 1442 0 0 0 0 0 1.0111 0 0.9782 -0.0277 0.2004 0.252 1 1.397 0.8596 -0.0374 0.4732 0.6615 0.95 2.4122 0.9656 -0.0674 0.1577 0.1974 1 1.2299 0.0121 0.0121 NA NA 1 0.4754 -0.0809 0.0809 -0.0809 0.9191 1 0.7086 -0.095 0.095 -0.095 0.905 1 0.6882 0 0
30 146 1913 0 0 0 0 0 1.0091 0 0.9508 -0.009 0.2391 0.3026 1 1.3691 0.8705 0.0033 0.4757 0.6253 0.975 2.4301 0.9783 0.0776 0.1317 0.166 1 1.2362 0.0569 0.0569 NA NA 1 0.4825 -0.0863 0.0863 -0.0863 0.9137 1 0.7024 -0.1038 0.1038 -0.1038 0.8962 1 0.6732 0 0
30 147 1446 0 0 0 0 0 1.0116 0 0.9457 0.8639 0.8749 0.9875 0.375 1.581 0.808 0.6673 0.8043 0.9606 0.715 2.3928 0.975 0.7285 0.7285 0.75 0.18 1.1199 -0.2107 0.2107 NA NA 1 0.4959 -0.2183 0.2183 -0.2183 0.7817 1 0.6412 -0.2658 0.2658 -0.2658 0.7342 1 0.6177 0 0
30 148 1420 0 0 0 0 0 1.0036 0 0.9488 0.2923 0.3244 0.43 0.9167 1.4359 0.8296 0.222 0.5388 0.7272 0.96 2.6504 0.967 0.3605 0.3671 0.4035 1 1.2634 -0.0542 0.0542 NA NA 1 0.4736 0.0245 0.0245 0.0245 1.0245 1 0.8012 0.0063 0.0063 0.0063 1.0063 1 0.7898 0 0
30 149 1670 0 0 0 0 0 1.0081 0 0.9783 -0.7434 0.7434 0.7856 0.4167 1.4789 0.8613 -0.8079 0.8846 1.0427 0.725 2.678 0.9088 -0.6901 0.6926 0.7505 0.31 1.2611 -0.0675 0.0675 NA NA 1 0.4475 0.2599 0.2599 0.2599 1.2599 1 0.9953 0.237 0.237 0.237 1.237 1 0.9698 0 0
30 150 1982 0 0 0 0 0 1.0044 0 0.8773 0.5145 0.5434 0.6496 0.7083 1.4234 0.8479 0.4625 0.6095 0.7897 0.855 2.5666 0.9741 0.5024 0.5024 0.5284 0.76 1.2885 0.0622 0.0622 NA NA 1 0.4702 -0.0377 0.0377 -0.0377 0.9623 1 0.7568 -0.0564 0.0564 -0.0564 0.9436 1 0.7333 0 0
30 151 1776 0 0 0 0 0 1.0077 0 0.9528 -0.2438 0.3669 0.4706 0.9167 1.4604 0.8495 -0.1482 0.5485 0.7224 0.925 2.3228 0.9897 -0.1638 0.1733 0.1932 1 1.201 0.0204 0.0204 NA NA 1 0.4669 -0.2216 0.2216 -0.2216 0.7784 1 0.6164 -0.2336 0.2336 -0.2336 0.7664 1 0.6008 0 0
30 152 1876 0 0 0 0 0 1.0029 0 0.9376 -0.3159 0.3837 0.4604 0.9167 1.4058 0.8589 -0.2197 0.5284 0.6999 0.94 2.4698 0.9809 -0.2708 0.272 0.3058 1 1.2247 -0.0719 0.0719 NA NA 1 0.4838 -0.0899 0.0899 -0.0899 0.9101 1 0.7364 -0.1092 0.1092 -0.1092 0.8908 1 0.7258 0 0
30 153 1631 0 0 0 0 0 1.007 0 0.9292 0.586 0.586 0.6685 0.75 1.4418 0.8442 0.5098 0.6552 0.8128 0.865 2.7608 0.9808 0.5523 0.5523 0.5878 0.63 1.3265 0.0357 0.0357 NA NA 1 0.5066 0.2732 0.2732 0.2732 1.2732 1 0.9928 0.2497 0.2497 0.2497 1.2497 1 0.9631 0 0
30 154 1839 0 0 0 0 0 1.0079 0 0.9719 -0.1317 0.2078 0.2544 1 1.4052 0.806 -0.1001 0.4943 0.6778 0.955 2.6455 0.9965 -0.204 0.2638 0.3219 1 1.3239 0.1167 0.1167 NA NA 1 0.6272 0.0268 0.0268 0.0268 1.0268 1 0.8302 -0.0173 0.0173 -0.0173 0.9827 1 0.7839 0 0
30 155 1865 0 0 0 0 0 1.018 0 0.9138 0.0741 0.3666 0.5207 0.8333 1.4247 0.8434 0.0681 0.5394 0.7349 0.94 2.5162 0.9369 0.1009 0.1772 0.2681 0.95 1.2336 0.0233 0.0233 NA NA 1 0.5367 -0.0645 0.0645 -0.0645 0.9355 1 0.7416 -0.0831 0.0831 -0.0831 0.9169 1 0.7314 0 0
30 156 1871 0 0 0 0 0 1.0068 0 0.9114 0.1926 0.3095 0.353 1 1.3657 0.8217 0.1659 0.5624 0.7618 0.94 2.5261 0.957 0.2122 0.2408 0.2958 0.975 1.2039 -0.1416 0.1416 NA NA 1 0.4409 -0.0194 0.0194 -0.0194 0.9806 1 0.7829 -0.0519 0.0519 -0.0519 0.9481 1 0.748 0 0
30 157 1572 0 0 0 0 0 1.0027 0 0.9564 0.4456 0.477 0.5455 0.75 1.4756 0.8214 0.4139 0.5998 0.7796 0.88 2.5364 0.9862 0.382 0.382 0.4016 0.87 1.2518 0.047 0.047 NA NA 1 0.6193 -0.1812 0.1812 -0.1812 0.8188 1 0.7283 -0.2048 0.2048 -0.2048 0.7952 1 0.6909 0 0
30 158 1845 0 0 0 0 0 1.0085 0 0.9542 0.1586 0.35 0.436 0.9583 1.424 0.7933 0.1051 0.5373 0.7525 0.885 2.0789 0.9615 0.0979 0.2686 0.3171 1 1.0978 0.079 0.079 NA NA 1 0.5065 -0.4445 0.4445 -0.4445 0.5555 0 0.4535 -0.4574 0.4574 -0.4574 0.5426 0 0.4424 0 0
30 159 1581 0 0 0 0 0 1.0032 0 0.961 -0.263 0.3505 0.4131 0.9583 1.4581 0.784 -0.3473 0.6109 0.8148 0.875 2.3281 0.9415 -0.2989 0.3104 0.4094 0.765 1.0937 -0.1692 0.1692 NA NA 1 0.4769 -0.3053 0.3053 -0.3053 0.6947 1 0.5767 -0.3362 0.3362 -0.3362 0.6638 0 0.5524 0 0
30 160 1637 0 0 0 0 0 1.0084 0 0.9344 0.789 0.789 0.8976 0.5417 1.5301 0.8146 0.6075 0.8056 0.9547 0.82 2.5561 0.9799 0.7072 0.7072 0.7223 0.3 1.3234 0.1321 0.1321 NA NA 1 0.4786 -0.0866 0.0866 -0.0866 0.9134 1 0.7752 -0.1173 0.1173 -0.1173 0.8827 1 0.729 0 0
30 161 1349 0 0 0 0 0 1.0044 0 0.9608 0.0884 0.2855 0.3737 0.9583 1.4801 0.7474 0.197 0.5817 0.8143 0.91 2.2817 0.9675 0.1352 0.2132 0.254 1 1.1027 -0.1786 0.1786 NA NA 1 0.6156 -0.3746 0.3746 -0.3746 0.6254 0 0.5462 -0.411 0.411 -0.411 0.589 0 0.5316 0 0
30 162 1726 0 0 0 0 0 1.0021 0 0.9466 -0.4681 0.5198 0.6287 0.7083 1.4807 0.8263 -0.4318 0.6568 0.8436 0.845 2.5752 0.9673 -0.408 0.408 0.4457 0.835 1.2346 -0.0696 0.0696 NA NA 1 0.4974 -0.055 0.055 -0.055 0.945 1 0.7896 -0.0751 0.0751 -0.0751 0.9249 1 0.774 0 0
30 163 1305 0 0 0 0 0 1.0039 0 0.9564 -0.348 0.4028 0.5011 0.875 1.3983 0.8167 -0.3165 0.5811 0.7764 0.925 2.5585 0.944 -0.353 0.3885 0.503 0.75 1.1789 -0.0772 0.0772 NA NA 1 0.4534 0.0159 0.0159 0.0159 1.0159 1 0.7687 -0.0038 0.0038 -0.0038 0.9962 1 0.7515 0 0
30 164 1365 0 0 0 0 0 1.0044 0 0.9194 0.8039 0.8039 0.9675 0.5417 1.5257 0.8413 0.6115 0.7823 0.917 0.74 2.3104 0.9648 0.5407 0.5601 0.5851 0.43 1.1322 -0.1231 0.1231 NA NA 1 0.4927 -0.2744 0.2744 -0.2744 0.7256 1 0.5872 -0.2975 0.2975 -0.2975 0.7025 1 0.5771 0 0
30 165 1783 0 0 0 0 0 1.0058 0 0.9628 -0.0382 0.213 0.2598 1 1.389 0.8323 0.0281 0.4738 0.6447 0.94 2.3098 0.9805 0.0589 0.1332 0.1558 1 1.2035 0.1157 0.1157 NA NA 1 0.5446 -0.272 0.272 -0.272 0.728 1 0.6076 -0.2967 0.2967 -0.2967 0.7033 1 0.5856 0 0
30 166 1740 0 0 0 0 0 1.0023 0 0.9233 -1.1587 1.1587 1.2396 0.125 1.6265 0.784 -1.0537 1.1329 1.2724 0.465 2.5663 0.9872 -1.1119 1.1119 1.1424 0.035 1.238 0.0458 0.0458 NA NA 1 0.5498 -0.12 0.12 -0.12 0.88 1 0.762 -0.1405 0.1405 -0.1405 0.8595 1 0.7367 0 0
30 167 1595 0 0 0 0 0 1.0027 0 0.975 -0.4316 0.4823 0.5456 0.7917 1.5435 0.8464 -0.3929 0.6354 0.8089 0.9 2.6226 0.9325 -0.3556 0.3726 0.4432 0.88 1.2372 -0.0374 0.0374 NA NA 1 0.541 0.0056 0.0056 0.0056 1.0056 1 0.7955 -0.0159 0.0159 -0.0159 0.9841 1 0.7837 0 0
30 168 1305 0 0 0 0 0 1.0035 0 0.9402 -0.5258 0.6642 0.9712 0.75 1.6315 0.8064 -0.354 0.6365 0.8362 0.81 2.1001 0.9612 -0.1853 0.295 0.361 0.815 1.0486 -0.1625 0.1625 NA NA 1 0.5603 -0.53 0.53 -0.53 0.47 0 0.4411 -0.5519 0.5519 -0.5519 0.4481 0 0.4294 0 0
30 169 1441 0 0 0 0 0 1.0028 0 0.9529 -0.0563 0.3013 0.3819 0.9583 1.4431 0.8379 0.0263 0.4954 0.6944 0.945 2.5034 0.985 0.0271 0.3153 0.3528 1 1.1732 -0.0606 0.0606 NA NA 1 0.4657 -0.0136 0.0136 -0.0136 0.9864 1 0.7717 -0.0318 0.0318 -0.0318 0.9682 1 0.7366 0 0
30 170 1614 0 0 0 0 0 1.0045 0 0.9264 -0.2345 0.3726 0.4277 0.9583 1.3799 0.8473 -0.2592 0.5447 0.7251 0.95 2.4077 0.948 -0.1428 0.2223 0.2869 1 1.235 0.0853 0.0853 NA NA 1 0.5036 -0.0931 0.0931 -0.0931 0.9069 1 0.7287 -0.1152 0.1152 -0.1152 0.8848 1 0.6937 0 0
30 171 1784 0 0 0 0 0 1.0043 0 0.9501 -0.6588 0.6697 0.769 0.6667 1.5327 0.8076 -0.6161 0.7727 0.9406 0.78 2.53 0.9508 -0.5887 0.5979 0.6985 0.49 1.2406 0.0672 0.0672 NA NA 1 0.5031 -0.0166 0.0166 -0.0166 0.9834 1 0.797 -0.0393 0.0393 -0.0393 0.9607 1 0.7607 0 0
30 172 2530 0 0 0 0 0 1.0032 0 0.9552 -0.8306 0.8306 0.8978 0.3333 1.4916 0.7606 -0.7911 0.901 1.109 0.66 2.3617 0.981 -0.7507 0.7507 0.771 0.245 1.2572 0.1919 0.1919 NA NA 1 0.5262 -0.273 0.273 -0.273 0.727 1 0.6168 -0.3142 0.3142 -0.3142 0.6858 1 0.5702 0 0
30 173 2150 0 0 0 0 0 1.0071 0 0.9563 0.6445 0.6445 0.6854 0.5833 1.4199 0.8236 0.6853 0.8159 0.9693 0.775 2.5533 0.9716 0.6001 0.6001 0.623 0.66 1.2449 -0.0356 0.0356 NA NA 1 0.5121 -0.0087 0.0087 -0.0087 0.9913 1 0.8019 -0.0271 0.0271 -0.0271 0.9729 1 0.7832 0 0
30 174 1709 0 0 0 0 0 1.0152 0 0.9719 -0.2642 0.3419 0.4107 1 1.4651 0.8021 -0.2653 0.569 0.7807 0.905 2.3201 0.918 -0.3603 0.3843 0.4659 0.825 1.1515 0.0019 0.0019 NA NA 1 0.6293 -0.2859 0.2859 -0.2859 0.7141 1 0.5714 -0.3047 0.3047 -0.3047 0.6953 1 0.5562 0 0
30 175 1882 0 0 0 0 0 1.0105 0 0.9344 -0.0776 0.2873 0.4047 0.875 1.4112 0.8363 -0.0817 0.4932 0.6767 0.955 2.5411 0.9705 -0.0818 0.2226 0.2598 1 1.2478 -0.0351 0.0351 NA NA 1 0.506 0.1005 0.1005 0.1005 1.1005 1 0.86 0.0799 0.0799 0.0799 1.0799 1 0.837 0 0
30 176 1331 0 0 0 0 0 1.0046 0 0.9508 -0.029 0.3148 0.3969 0.9583 1.4425 0.8021 -0.1607 0.5506 0.7386 0.93 2.4636 0.9418 -0.1084 0.2425 0.2922 1 1.121 -0.159 0.159 NA NA 1 0.5705 -0.1703 0.1703 -0.1703 0.8297 1 0.6809 -0.2094 0.2094 -0.2094 0.7906 1 0.6754 0 0
30 177 1617 0 0 0 0 0 1.0071 0 0.9895 -0.0459 0.2377 0.3183 1 1.5435 0.7939 -0.0224 0.5596 0.724 0.955 2.4948 0.9501 -0.0535 0.2323 0.2615 1 1.2407 0.1241 0.1241 NA NA 1 0.5293 -0.1747 0.1747 -0.1747 0.8253 1 0.6679 -0.2037 0.2037 -0.2037 0.7963 1 0.6283 0 0
30 178 1916 0 0 0 0 0 1.0034 0 0.9526 0.3498 0.4263 0.4828 0.875 1.4591 0.8062 0.3621 0.6505 0.8447 0.91 2.8889 0.9143 0.3543 0.3543 0.4798 0.8 1.4783 0.2249 0.2249 NA NA 1 0.4629 0.2607 0.2607 0.2607 1.2607 1 1.0612 0.1764 0.1764 0.1764 1.1764 1 0.9825 0 0
30 179 1238 0 0 0 0 0 1.0063 0 0.9368 0.1861 0.2804 0.4596 0.9167 1.4753 0.7967 0.1893 0.5284 0.7388 0.95 2.5795 0.9496 0.3326 0.3747 0.463 0.745 1.1984 -0.0671 0.0671 NA NA 1 0.5407 -0.0545 0.0545 -0.0545 0.9455 1 0.7956 -0.077 0.077 -0.077 0.923 1 0.7748 0 0
30 180 1796 0 0 0 0 0 1.0054 0 0.9814 -0.6175 0.6175 0.6607 0.6667 1.4846 0.7542 -0.4835 0.7492 0.9297 0.81 2.567 0.8935 -0.6123 0.6123 0.7294 0.645 1.4493 0.3681 0.3681 NA NA 0 0.4169 0.1997 0.1997 0.1997 1.1997 1 1.0034 0.0173 0.0173 0.0173 1.0173 1 0.8056 0 0
30 181 1792 0 0 0 0 0 1.0053 0 0.9661 0.1092 0.1983 0.2373 1 1.3231 0.8474 0.1618 0.4542 0.6351 0.975 2.3285 0.9568 0.107 0.1832 0.2318 1 1.1485 -0.144 0.144 NA NA 1 0.4569 -0.1365 0.1365 -0.1365 0.8635 1 0.6519 -0.1662 0.1662 -0.1662 0.8338 1 0.6452 0 0
30 182 1605 0 0 0 0 0 1.0192 0 0.9794 0.0777 0.2638 0.3227 1 1.4494 0.8637 0.1664 0.4664 0.6276 0.95 2.3087 0.9387 0.0844 0.2286 0.2762 1 1.1171 -0.1343 0.1343 NA NA 1 0.5681 -0.2187 0.2187 -0.2187 0.7813 1 0.6391 -0.2499 0.2499 -0.2499 0.7501 1 0.6129 0 0
30 183 1603 0 0 0 0 0 1.0081 0 0.9672 -0.3324 0.3719 0.4308 0.9583 1.3966 0.8726 -0.3626 0.5253 0.6957 0.91 2.2996 0.9944 -0.2668 0.2668 0.2818 1 1.1036 -0.1989 0.1989 NA NA 1 0.4678 -0.2272 0.2272 -0.2272 0.7728 1 0.6257 -0.2694 0.2694 -0.2694 0.7306 1 0.5996 0 0
30 184 1498 0 0 0 0 0 1.0061 0 0.9711 0.0624 0.2846 0.3734 0.9583 1.4467 0.867 0.0972 0.4555 0.6114 0.975 2.6202 0.9767 -0.0195 0.1639 0.1908 1 1.2402 -0.0526 0.0526 NA NA 1 0.4725 0.0615 0.0615 0.0615 1.0615 1 0.8263 0.0431 0.0431 0.0431 1.0431 1 0.8172 0 0
30 185 2228 0 0 0 0 0 1.0027 0 0.9604 0.1657 0.2156 0.308 0.9583 1.3763 0.8467 0.2033 0.4777 0.6467 0.945 2.3525 0.9862 0.2609 0.2703 0.3082 1 1.2208 0.0839 0.0839 NA NA 1 0.4409 -0.1507 0.1507 -0.1507 0.8493 1 0.6837 -0.1683 0.1683 -0.1683 0.8317 1 0.6498 0 0
30 186 1283 0 0 0 0 0 1.0135 0 0.9608 -0.5146 0.5146 0.5809 0.75 1.4208 0.8403 -0.6319 0.7203 0.8975 0.84 2.5731 0.9822 -0.7522 0.7522 0.7641 0.15 1.2684 0.0154 0.0154 NA NA 1 0.5068 0.0205 0.0205 0.0205 1.0205 1 0.8103 0.0024 0.0024 0.0024 1.0024 1 0.7963 0 0
30 187 1659 0 0 0 0 0 1.0048 0 0.9767 -0.6421 0.6421 0.6865 0.5833 1.4272 0.8638 -0.5982 0.6959 0.8485 0.82 2.4046 0.9283 -0.6681 0.6681 0.7185 0.38 1.1962 0.0025 0.0025 NA NA 1 0.5167 -0.1644 0.1644 -0.1644 0.8356 1 0.6867 -0.1794 0.1794 -0.1794 0.8206 1 0.6708 0 0
30 188 1145 0 0 0 0 0 1.0044 0 0.9628 -0.3288 0.349 0.4395 0.9167 1.4257 0.7879 -0.3681 0.6436 0.853 0.92 2.5883 0.9923 -0.4463 0.4463 0.4706 0.815 1.2513 -0.0026 0.0026 NA NA 1 0.5635 -0.0349 0.0349 -0.0349 0.9651 1 0.7965 -0.0556 0.0556 -0.0556 0.9444 1 0.7707 0 0
30 189 1404 0 0 0 0 0 1.0084 0 0.9418 -0.2091 0.3233 0.4753 0.875 1.4746 0.799 -0.1391 0.5885 0.7563 0.91 2.5498 0.9187 -0.1478 0.2762 0.3436 0.865 1.226 0.1037 0.1037 NA NA 1 0.5368 -0.141 0.141 -0.141 0.859 1 0.7334 -0.1675 0.1675 -0.1675 0.8325 1 0.706 0 0
30 190 1141 0 0 0 0 0 1.005 0 0.9066 -0.2029 0.533 0.7736 0.7917 1.6197 0.8234 -0.1442 0.5329 0.712 0.93 2.3853 0.9596 -0.1487 0.2706 0.3279 0.89 1.1066 -0.1198 0.1198 NA NA 1 0.5951 -0.272 0.272 -0.272 0.728 1 0.6202 -0.3003 0.3003 -0.3003 0.6997 1 0.5993 0 0
30 191 1607 0 0 0 0 0 1.0029 0 0.9771 0.0997 0.2923 0.3532 1 1.4583 0.8088 0.1315 0.5213 0.6983 0.93 2.2223 0.9585 0.03 0.1837 0.2218 1 1.1208 0.0089 0.0089 NA NA 1 0.5019 -0.3694 0.3694 -0.3694 0.6306 0 0.5298 -0.3797 0.3797 -0.3797 0.6203 0 0.5167 0 0
30 192 1930 0 0 0 0 0 1.0073 0 0.9784 -0.561 0.561 0.6049 0.75 1.4271 0.8514 -0.4454 0.6451 0.821 0.895 2.7099 0.9668 -0.4921 0.4921 0.5252 0.885 1.3347 0.0243 0.0243 NA NA 1 0.4859 0.1695 0.1695 0.1695 1.1695 1 0.9067 0.1505 0.1505 0.1505 1.1505 1 0.8717 0 0
30 193 1491 0 0 0 0 0 1.0043 0 0.9645 -0.4681 0.5251 0.6686 0.7917 1.5208 0.8557 -0.45 0.6384 0.8027 0.875 2.3455 0.9889 -0.4331 0.4331 0.4583 0.745 1.1442 -0.1311 0.1311 NA NA 1 0.4883 -0.1768 0.1768 -0.1768 0.8232 1 0.6429 -0.2043 0.2043 -0.2043 0.7957 1 0.6386 0 0
30 194 1715 0 0 0 0 0 1.0086 0 0.9696 -0.2163 0.3807 0.4505 0.9167 1.4363 0.8774 -0.2118 0.4886 0.6416 0.92 2.2103 0.9633 -0.3517 0.3639 0.3999 0.81 1.1113 -0.0825 0.0825 NA NA 1 0.5446 -0.4126 0.4126 -0.4126 0.5874 0 0.4996 -0.4281 0.4281 -0.4281 0.5719 0 0.4927 0 0
30 195 1512 0 0 0 0 0 1.004 0 0.9547 -0.3914 0.3993 0.4865 0.8333 1.4037 0.8152 -0.3778 0.6116 0.8174 0.895 2.5553 0.9864 -0.1518 0.1721 0.1912 1 1.1829 -0.2228 0.2228 NA NA 1 0.4877 -0.018 0.018 -0.018 0.982 1 0.7717 -0.0833 0.0833 -0.0833 0.9167 1 0.7538 0 0
30 196 1551 0 0 0 0 0 1.0064 0 0.969 0.29 0.4294 0.549 0.875 1.5344 0.7914 0.2323 0.5769 0.7717 0.905 2.3558 0.9796 0.2815 0.2921 0.3494 1 1.254 0.2331 0.2331 NA NA 1 0.5168 -0.3018 0.3018 -0.3018 0.6982 1 0.6263 -0.3532 0.3532 -0.3532 0.6468 0 0.5879 0 0
30 197 1601 0 0 0 0 0 1.009 0 0.967 -0.3604 0.3788 0.4798 0.875 1.4772 0.8373 -0.3888 0.5639 0.7689 0.935 2.5492 0.9707 -0.3428 0.3428 0.4004 0.945 1.2854 0.063 0.063 NA NA 1 0.5041 0.0175 0.0175 0.0175 1.0175 1 0.8146 -0.0044 0.0044 -0.0044 0.9956 1 0.7758 0 0
30 198 1351 0 0 0 0 0 1.0172 0 0.9739 -0.0555 0.2532 0.3465 1 1.4487 0.8178 3e-04 0.5345 0.712 0.94 2.3698 0.9557 0.032 0.2836 0.3301 1 1.2341 0.1694 0.1694 NA NA 1 0.5147 -0.1972 0.1972 -0.1972 0.8028 1 0.6686 -0.2369 0.2369 -0.2369 0.7631 1 0.6154 0 0
30 199 1676 0 0 0 0 0 1.0103 0 0.9562 0.2965 0.3402 0.4191 0.9583 1.4149 0.7818 0.2824 0.6128 0.833 0.9 2.4763 0.932 0.2682 0.3322 0.3775 0.845 1.1906 -0.1517 0.1517 NA NA 1 0.5378 -0.1241 0.1241 -0.1241 0.8759 1 0.7162 -0.1616 0.1616 -0.1616 0.8384 1 0.6913 0 0
30 200 1381 0 0 0 0 0 1.0026 0 0.966 -0.0194 0.3746 0.5459 0.875 1.556 0.8552 -0.1211 0.5375 0.6972 0.93 2.2942 0.9862 -0.1076 0.1274 0.1593 1 1.1592 -0.0455 0.0455 NA NA 1 0.583 -0.3853 0.3853 -0.3853 0.6147 0 0.5511 -0.4008 0.4008 -0.4008 0.5992 0 0.5477 0 0
