cond r run.time ndiv nbfmi ntree nbulk ntail maxRhat nRhat alpha.cor alpha.bias alpha.abbias alpha.rmse alpha.CI beta.cor beta.bias beta.abbias beta.rmse beta.CI theta.cor theta.bias theta.abbias theta.rmse theta.CI lambda.bias lambda.abbias lambda.CI corrupt efficiency
26 1 497 5 0 0 0 0 1.001 0 0.2088 -0.504 0.504 0.5451 1.4424 0.989 -0.0489 0.9423 1.1601 10.4537 0.6046 -0.027 0.633 0.7861 4.2341 -0.1257 0.1257 0.9912 1 0
26 2 562 124 0 0 0 0 1.0022 0 0.902 -0.3384 0.3384 0.4344 1.8983 0.9607 -0.0393 0.3448 0.4599 5.1341 0.6037 0.2408 0.6752 0.8585 4.8041 0.3755 0.3755 0.8636 1 0
26 3 483 0 0 0 0 0 1.0009 0 0.1031 -0.1583 0.2754 0.2892 1.3749 0.986 -0.0347 0.1759 0.2783 3.6422 0.6785 0.0155 0.5906 0.7513 4.1867 0.0889 0.0889 0.6728 0 0
26 4 486 0 0 0 0 0 1.0002 0 0.7723 -0.1127 0.3142 0.3445 1.6131 0.9751 0.0034 0.2053 0.2574 3.8101 0.6973 -0.0339 0.5624 0.691 4.2217 -0.1918 0.1918 0.7128 0 0
26 5 474 0 0 0 0 0 1.0013 0 0.4507 -0.0549 0.2191 0.2692 2.2051 0.9734 0.2112 0.5128 0.7412 8.4689 0.5777 -0.0126 0.6172 0.7899 4.2541 0.0272 0.0272 0.7756 0 0
26 6 509 0 0 0 0 0 1.0005 0 0.2722 0.0183 0.2023 0.2276 1.707 0.9884 -0.0263 0.1652 0.1865 2.6337 0.6501 0.0307 0.5748 0.7425 4.066 0.0034 0.0034 0.6217 0 0
26 7 456 0 0 0 0 0 1.0006 0 0.4309 -0.1506 0.38 0.3809 1.7566 0.9879 0.2497 0.2942 0.429 5.1808 0.6992 -0.0464 0.5578 0.7152 4.1896 0.135 0.135 0.5751 0 0
26 8 499 311 0 0 0 0 1.0017 0 0.3639 -0.1684 0.2717 0.2897 1.5238 0.8804 0.2629 1.0948 1.6858 17.0047 0.4561 -0.1578 0.7105 0.9127 4.7447 -0.3629 0.3629 1.1121 1 0
26 9 483 0 0 0 0 0 1.0006 0 0.877 0.3793 0.3793 0.4646 1.6618 0.9825 -0.2591 0.2619 0.3365 1.8096 0.772 -0.0894 0.5108 0.6501 4.0151 0.0455 0.0455 0.4927 0 0
26 10 521 39 0 0 0 0 1.0015 0 0.2315 -0.2039 0.2125 0.3333 1.6249 0.9355 -0.6114 0.7645 1.3592 14.7615 0.5878 0.155 0.7228 0.8885 4.6731 0.2847 0.2847 0.9119 1 0
26 11 497 1 0 0 0 0 1.0011 0 -0.1196 -0.0188 0.077 0.0775 1.7306 0.9603 0.0376 0.2415 0.3302 5.2492 0.601 -0.015 0.6522 0.8135 4.1651 0.1908 0.1908 0.7648 1 0
26 12 511 0 0 0 0 0 1.0008 0 -0.0751 -0.1662 0.3666 0.4699 1.6092 0.9761 0.0738 0.5334 0.7702 6.5906 0.644 -0.1567 0.6653 0.8683 4.1515 0.0315 0.0315 0.6222 0 0
26 13 484 0 0 0 0 0 1.0021 0 0.7232 0.095 0.1463 0.1882 1.6903 0.977 -0.0767 0.321 0.3947 6.7318 0.6634 0.1303 0.594 0.7629 4.1789 0.1501 0.1501 0.6839 0 0
26 14 488 0 0 0 0 0 1.0014 0 0.9522 0.0927 0.4026 0.419 2.2215 0.92 -0.0063 0.3299 0.4536 4.0741 0.6269 -0.0182 0.6101 0.7684 4.1268 -0.187 0.187 0.5704 0 0
26 15 505 0 0 0 0 0 1.0006 0 -0.2144 -0.0806 0.254 0.31 1.4531 0.9579 -0.07 0.3768 0.4211 3.2347 0.6275 -0.1479 0.601 0.7849 4.1204 0.0279 0.0279 0.5596 0 0
26 16 493 66 0 0 0 0 1.0012 0 -0.9306 -0.2798 0.2798 0.325 1.3103 0.9436 -0.1752 0.6298 0.8427 8.183 0.5726 0.1163 0.6279 0.7897 4.5793 -0.1798 0.1798 1.1435 1 0
26 17 521 0 0 0 0 0 1.001 0 0.6918 0.228 0.2488 0.3166 2.372 0.9743 0.0451 0.2043 0.2577 4.4502 0.5319 0.0371 0.6569 0.8233 4.2811 -0.1647 0.1647 0.6806 0 0
26 18 457 0 0 0 0 0 1.0006 0 0.8495 -0.0328 0.2404 0.2655 2.2267 0.9971 -0.0659 0.1821 0.2403 5.3628 0.5901 0.0064 0.632 0.8005 4.0805 -0.0085 0.0085 0.5763 0 0
26 19 495 0 0 0 0 0 1.0004 0 -0.3426 -0.0377 0.4878 0.5056 2.3802 0.9403 -0.0378 0.3408 0.4537 5.1864 0.7018 -0.1191 0.6293 0.8033 4.1512 -0.142 0.142 0.5977 0 0
26 20 479 0 0 0 0 0 1.0022 0 -0.9526 -0.2432 0.394 0.4182 1.9099 0.9495 0.0347 0.9399 1.2689 12.6307 0.5626 0.0146 0.6277 0.7683 4.388 -0.084 0.084 1.0154 0 0
26 21 492 0 0 0 0 0 1.0013 0 -0.1225 0.0822 0.2931 0.3673 2.1866 0.9326 0.263 0.4482 0.6969 7.8531 0.5629 0.0014 0.7039 0.8686 4.1106 -0.2303 0.2303 0.594 0 0
26 22 493 0 0 0 0 0 1.0011 0 -0.5435 -0.1932 0.5425 0.6184 2.3984 0.9388 -0.658 0.7872 1.2584 11.262 0.4942 -0.0694 0.6926 0.8494 4.0641 -0.1237 0.1237 0.642 0 0
26 23 602 5 0 0 0 0 1.0021 0 -0.4971 -0.1135 0.6667 0.7079 3.2317 0.9791 -2.002 3.0082 4.2612 32.5073 0.3932 -0.1583 0.8049 0.9911 4.2995 0.3408 0.3408 0.7085 1 0
26 24 767 69 0 0 0 0 1.0032 0 0.6 -0.2768 0.2979 0.3557 2.5106 0.9546 -0.6462 1.2845 2.0839 20.2305 0.6009 -0.0499 0.6486 0.82 4.73 -0.0052 0.0052 1.1655 1 0
26 25 485 0 0 0 0 0 1.0011 0 0.9965 0.1043 0.1043 0.1258 2.147 0.996 -0.0129 0.0935 0.1367 3.0422 0.7177 0.039 0.5941 0.7404 4.1604 -0.1137 0.1137 0.617 0 0
26 26 496 0 0 0 0 0 1.0006 0 0.426 -0.093 0.093 0.117 1.6942 0.9985 -0.0085 0.1832 0.221 3.3656 0.6847 -0.0789 0.6477 0.8251 4.2474 -0.0485 0.0485 0.7686 0 0
26 27 494 9 0 0 0 0 1.0009 0 -0.402 -0.2901 0.4453 0.4706 1.9067 0.979 -0.5503 1.3072 1.8139 21.1061 0.5945 -0.0112 0.5994 0.7481 4.3628 0.1759 0.1759 0.9547 1 0
26 28 467 0 0 0 0 0 1.001 0 0.7259 0.1851 0.5168 0.587 3.2274 0.8799 -1.1836 1.3169 2.4887 25.8351 0.5713 0.0738 0.692 0.8721 4.1642 0.1401 0.1401 0.6751 0 0
26 29 481 0 0 0 0 0 1.0008 0 0.958 -0.062 0.1926 0.2431 2.1774 0.8832 0.398 0.4741 0.9925 10.5509 0.5312 0.0878 0.6981 0.889 4.176 -0.1782 0.1782 0.7248 0 0
26 30 515 0 0 0 0 0 1.0005 0 0.9282 -0.3519 0.3519 0.3652 1.45 0.9968 -0.2153 0.9202 1.0529 11.0636 0.6294 0.0337 0.5906 0.7444 4.2356 0.1066 0.1066 0.832 0 0
26 31 487 0 0 0 0 0 1.0007 0 0.8156 -0.0437 0.1613 0.1867 2.1801 0.9838 0.1896 0.2611 0.3383 4.5348 0.6257 0.0227 0.5939 0.7751 4.2495 0.1897 0.1897 0.6984 0 0
26 32 512 0 0 0 0 0 1.0011 0 0.4857 -0.2393 0.2393 0.3291 1.746 0.9757 0.3115 0.4287 0.6685 6.5848 0.7049 -0.0265 0.5583 0.7119 4.0997 0.0337 0.0337 0.7092 0 0
26 33 490 3 0 0 0 0 1.0004 0 0.7533 -0.1749 0.1749 0.1966 1.7014 0.9915 0.0659 0.2212 0.3123 2.8 0.5989 0.0734 0.5943 0.7618 4.6862 0.1371 0.1371 0.838 1 0
26 34 466 2 0 0 0 0 1.0033 0 -0.8023 -0.1654 0.2938 0.3109 1.8861 0.9796 -0.3822 0.5938 0.8317 8.6335 0.5733 0.0579 0.664 0.8457 4.1738 0.0924 0.0924 0.8352 1 0
26 35 506 0 0 0 0 0 1.0008 0 -0.4766 0.2359 0.4023 0.4259 1.7565 0.9386 -0.0783 0.2758 0.3791 3.727 0.6517 -0.0148 0.6461 0.7945 4.2333 0.0221 0.0221 0.6086 0 0
26 36 454 2 0 0 0 0 1.0008 0 0.8071 -0.4029 0.4029 0.4283 1.417 0.9941 -0.2255 0.843 1.0008 10.4707 0.5538 0.0597 0.5783 0.7431 4.4011 0.1179 0.1179 0.863 1 0
26 37 511 0 0 0 0 0 1.0005 0 0.0819 -0.459 0.459 0.4928 1.615 0.982 0.4214 0.9377 1.2579 13.8602 0.5245 -0.0304 0.5796 0.765 4.3154 -0.3005 0.3005 0.7993 0 0
26 38 510 0 0 0 0 0 1.0007 0 0.1062 -0.0371 0.2432 0.2789 1.8524 0.985 -0.1023 0.284 0.4168 4.8613 0.6569 0.0265 0.5673 0.709 4.1988 0.0156 0.0156 0.7398 0 0
26 39 489 0 0 0 0 0 1.0018 0 0.846 -0.1497 0.1601 0.2011 1.6837 0.9821 -0.3176 0.4901 0.6823 8.8164 0.6042 -0.0504 0.6022 0.7546 4.6124 0.0602 0.0602 0.8589 0 0
26 40 506 143 0 0 0 0 1.0032 0 0.7966 -0.273 0.273 0.333 1.4217 0.9946 -0.1014 0.1668 0.2197 3.9294 0.7039 0.114 0.571 0.7095 4.3904 0.2116 0.2116 0.7875 1 0
26 41 534 409 0 0 0 0 1.0017 0 0.8597 -0.4235 0.4235 0.4699 1.2924 0.9903 -0.6462 0.7566 0.9019 10.0885 0.6909 0.116 0.6012 0.7745 4.6278 -0.0592 0.0592 1.294 1 0
26 42 490 0 0 0 0 0 1.0013 0 0.4692 -0.0634 0.1729 0.2155 1.7162 0.959 0.2858 0.3523 0.438 3.4091 0.6895 0.0446 0.5341 0.671 4.0585 0.0194 0.0194 0.6395 0 0
26 43 512 15 0 0 0 0 1.002 0 -0.4773 -0.3448 0.3448 0.4735 1.9542 0.9191 0.3413 0.8793 1.1903 9.6858 0.5977 0.1018 0.5915 0.7489 4.662 -0.1493 0.1493 1.0806 1 0
26 44 488 0 0 0 0 0 1.0003 0 0.9684 0.015 0.0725 0.0854 1.6083 0.9892 -0.0802 0.1403 0.1643 2.6819 0.7017 0.0601 0.5429 0.6614 4.1132 -0.0077 0.0077 0.5612 0 0
26 45 516 0 0 0 0 0 1.001 0 0.7776 -0.1349 0.3215 0.3829 1.4358 0.9723 0.1912 0.2925 0.335 2.5708 0.7238 0.0689 0.5428 0.692 4.1214 -0.1131 0.1131 0.5986 0 0
26 46 506 0 0 0 0 0 1.0015 0 -0.3239 -0.0592 0.2041 0.2594 2.1022 0.9768 -0.0979 0.213 0.3448 4.1954 0.6746 0.0904 0.5897 0.7405 4.1327 -0.0371 0.0371 0.6079 0 0
26 47 613 11 0 0 0 0 1.0012 0 0.8031 -0.3542 0.3542 0.3749 1.4034 0.9746 0.462 0.7501 1.1401 13.0492 0.6049 0.0247 0.6184 0.808 4.7147 -0.4441 0.4441 0.8301 1 0
26 48 474 0 0 0 0 0 1.0012 0 0.7895 -0.0677 0.1676 0.1683 1.7544 0.9777 0.0551 0.2271 0.3308 4.9178 0.6043 0.0025 0.6326 0.7681 4.0991 0.1256 0.1256 0.6315 0 0
26 49 486 0 0 0 0 0 1.0013 0 0.222 -0.0118 0.272 0.2852 1.8631 0.9433 -0.374 0.5221 0.6518 6.0169 0.5325 -0.065 0.6336 0.796 4.2101 -0.071 0.071 0.7448 0 0
26 50 479 0 0 0 0 0 1.0012 0 0.9065 -0.1009 0.255 0.3283 2.5131 0.9414 0.6805 0.9057 1.5841 15.8504 0.5556 0.0668 0.6371 0.8056 4.2318 -0.0534 0.0534 0.7874 0 0
26 51 469 0 0 0 0 0 1.0009 0 0.9159 -0.031 0.2178 0.2552 1.5522 0.9828 0.1828 0.254 0.3214 2.9863 0.6302 -0.0138 0.5443 0.7016 4.2984 -0.0848 0.0848 0.7412 0 0
26 52 495 0 0 0 0 0 1.0006 0 -0.8746 -0.3007 0.3007 0.3939 1.4317 0.9864 0.1857 0.6341 0.7555 8.3376 0.5861 -0.0368 0.6138 0.7907 4.113 0.1698 0.1698 0.7431 0 0
26 53 483 3 0 0 0 0 1.0008 0 0.8904 -0.3738 0.3738 0.3826 1.4595 0.983 1.0219 1.0745 1.3075 12.6937 0.6058 -0.0666 0.6033 0.7689 4.2186 0.0155 0.0155 0.9681 1 0
26 54 489 0 0 0 0 0 1.001 0 0.3867 -0.1887 0.1887 0.2574 2.2346 0.9939 -0.5378 0.8061 1.1342 13.5723 0.5548 -0.0732 0.6786 0.8412 4.3496 -0.0822 0.0822 0.8806 0 0
26 55 485 12 0 0 0 0 1.0012 0 -0.9488 -0.2201 0.2201 0.236 1.5953 0.9889 0.3242 1.057 1.3769 16.2506 0.5236 0.1092 0.6703 0.8284 4.2356 -0.0309 0.0309 1.0666 1 0
26 56 474 0 0 0 0 0 1.0037 0 -0.8487 0.1265 0.3491 0.3543 2.8807 0.9554 0.1495 0.2752 0.4392 4.359 0.6004 0.0914 0.6757 0.8452 4.2349 -0.0016 0.0016 0.7218 0 0
26 57 519 3 0 0 0 0 1.0012 0 -0.4225 -0.1824 0.1824 0.2491 1.6676 0.9713 0.0375 0.5997 0.8022 8.9612 0.4793 0.1004 0.676 0.8739 4.6174 -0.2731 0.2731 0.9202 1 0
26 58 499 0 0 0 0 0 1.0008 0 0.9884 -0.2127 0.2127 0.2316 1.5443 0.9916 -0.3056 0.3968 0.5087 5.1996 0.6352 0.0087 0.566 0.7253 4.0896 -0.1235 0.1235 0.6453 0 0
26 59 484 2 0 0 0 0 1.0014 0 -0.6329 -0.5228 0.7817 0.8992 2.1146 0.9808 0.0733 0.9606 1.3893 10.5085 0.5318 -0.118 0.6602 0.8156 4.4279 -0.2261 0.2261 0.7518 1 0
26 60 490 4 0 0 0 0 1.0003 0 0.2332 -0.5813 0.5813 0.6342 1.2411 0.9916 -0.7289 1.6274 2.1819 17.3716 0.5588 -0.033 0.6087 0.7788 4.4937 -0.4424 0.4424 0.6929 1 0
26 61 488 2 0 0 0 0 1.0005 0 0.9989 -0.1508 0.1508 0.1611 1.6325 0.9879 0.1034 0.3139 0.4482 5.4875 0.575 -0.1038 0.621 0.7806 4.3994 0.1576 0.1576 0.8027 1 0
26 62 489 0 0 0 0 0 1.0011 0 0.4898 0.1633 0.4747 0.5963 3.0226 0.9545 0.1158 0.342 0.4244 3.9881 0.5536 0.0807 0.6662 0.8457 4.1132 -0.1297 0.1297 0.6404 0 0
26 63 741 5 0 0 0 0 1.004 0 -0.9996 -0.021 0.3782 0.4112 2.8776 0.9646 -0.1028 0.6248 0.943 13.1164 0.4873 -0.062 0.6431 0.8151 4.6491 -0.2676 0.2676 1.0749 1 0
26 64 477 0 0 0 0 0 1.001 0 -0.4187 -0.2488 0.2488 0.2675 1.453 0.9887 0.218 0.3093 0.4458 4.7198 0.6149 0.0597 0.6423 0.8131 4.18 0.2179 0.2179 0.6517 0 0
26 65 472 0 0 0 0 0 1.0003 0 0.7271 0.0519 0.3113 0.3444 1.9221 0.9698 -0.0077 0.2235 0.307 2.9725 0.6177 0.0425 0.6603 0.8392 4.0499 0.1027 0.1027 0.5337 0 0
26 66 475 0 0 0 0 0 1.0016 0 0.9586 0.0166 0.1758 0.1935 2.3137 0.9887 -0.0457 0.3889 0.5176 7.1767 0.591 0.1036 0.6162 0.7586 4.296 -0.1005 0.1005 0.7193 0 0
26 67 513 0 0 0 0 0 1.0015 0 0.8719 0.1772 0.2228 0.2855 1.7248 0.986 0.0941 0.1507 0.1858 1.9252 0.6464 0.0536 0.6243 0.7881 4.2362 -0.0083 0.0083 0.6584 0 0
26 68 525 1 0 0 0 0 1.0025 0 -0.5645 0.3087 0.715 0.9416 4.3306 0.9438 0.1418 0.3423 0.4465 4.2062 0.5886 -0.0081 0.6706 0.8712 4.3006 -0.0784 0.0784 0.7516 1 0
26 69 501 1 0 0 0 0 1.0015 0 0.9638 -0.2204 0.2204 0.2379 1.6832 0.9948 0.0488 0.3649 0.4819 6.7255 0.6418 0.019 0.5955 0.7558 4.3182 -0.216 0.216 0.9567 1 0
26 70 513 45 0 0 0 0 1.0013 0 0.4402 -0.2325 0.2325 0.2581 1.9028 0.9972 0.5633 1.0393 1.2491 14.2755 0.3265 0.0597 0.7888 0.9655 4.6578 0.2812 0.2812 0.9527 1 0
26 71 480 2 0 0 0 0 1.0016 0 -0.6666 0.0684 0.3087 0.3158 1.7465 0.9722 -0.0945 0.4024 0.6357 10.6639 0.4895 0.0383 0.6872 0.8552 4.2521 0.1956 0.1956 0.8214 1 0
26 72 508 0 0 0 0 0 1.0006 0 0.5549 -0.4346 0.4421 0.5979 2.3488 0.9825 -0.9164 1.1321 1.5371 16.9255 0.5846 0.0743 0.6377 0.8143 4.2418 0.2257 0.2257 0.6921 0 0
26 73 503 0 0 0 0 0 1.0015 0 0.9991 0.1566 0.3022 0.3086 1.7717 0.9621 0.0022 0.2323 0.2959 3.8524 0.661 0.004 0.6207 0.7947 4.1002 -7e-04 7e-04 0.6793 0 0
26 74 500 0 0 0 0 0 1.0003 0 -0.9747 -0.0481 0.3415 0.4102 1.7676 0.9545 0.8869 1.3203 2.0534 20.0939 0.4731 -0.1032 0.7144 0.9194 4.2664 0.385 0.385 0.6199 0 0
26 75 582 17 0 0 0 0 1.0014 0 0.2133 -0.1292 0.2527 0.3001 2.537 0.952 0.2073 0.5279 0.5811 7.301 0.5491 -0.0851 0.6689 0.8742 4.8971 -0.2599 0.2599 1.0298 1 0
26 76 515 14 0 0 0 0 1.0024 0 0.8481 -0.5094 0.5094 0.5982 1.2863 0.9786 0.6263 1.2497 1.5131 13.4185 0.6631 0.0183 0.6116 0.7673 4.3495 -0.0866 0.0866 1.0946 1 0
26 77 509 0 0 0 0 0 1.0011 0 -0.2558 0.2839 0.3218 0.4749 2.5548 0.9305 0.2466 0.3369 0.4375 3.7196 0.5872 -0.0402 0.6733 0.8527 4.1173 0.0266 0.0266 0.593 0 0
26 78 509 127 0 0 0 0 1.001 0 0.924 -0.4552 0.4552 0.4653 1.4863 0.982 0.9553 1.6377 2.2945 21.6607 0.6109 0.0689 0.6341 0.7944 4.5474 0.2715 0.2715 1.0262 1 0
26 79 486 0 0 0 0 0 1.0008 0 -0.3956 0.4232 0.5323 0.5951 1.7361 0.968 -0.2383 0.3349 0.3872 1.6744 0.6841 -0.0442 0.6401 0.7995 4.17 0.0587 0.0587 0.557 0 0
26 80 499 7 0 0 0 0 1.001 0 -0.2613 -0.2809 0.2809 0.3221 1.2106 0.9657 -0.1179 0.7486 0.9103 8.1281 0.4634 -0.0069 0.6845 0.8855 4.5379 0.4887 0.4887 0.6822 1 0
26 81 501 0 0 0 0 0 1.0009 0 1 -0.1524 0.1524 0.157 1.5316 0.989 -0.1144 0.3916 0.4725 4.5492 0.5839 -0.0358 0.6225 0.8366 4.2575 -0.108 0.108 0.7559 0 0
26 82 516 30 0 0 0 0 1.0014 0 0.2192 -0.2119 0.2587 0.291 1.883 0.9588 0.9604 1.0145 1.4434 14.4802 0.4976 -0.0024 0.6584 0.8096 4.4157 6e-04 6e-04 1.0958 1 0
26 83 493 0 0 0 0 0 1.0035 0 -0.0388 -0.0394 0.4018 0.4732 2.926 0.9689 -0.6174 0.7668 1.4419 14.2653 0.5835 -0.0269 0.6505 0.817 4.1341 0.0084 0.0084 0.8152 0 0
26 84 484 0 0 0 0 0 1.0019 0 -0.9889 0.0647 0.5406 0.5943 3.0308 0.9301 0.7179 0.8552 1.4198 14.116 0.5569 -0.0197 0.6386 0.8175 4.1868 0.018 0.018 0.6566 0 0
26 85 470 2 0 0 0 0 1.0012 0 -0.5791 0.1066 0.1697 0.2223 2.0333 0.9828 0.1464 0.2813 0.3268 5.791 0.563 0 0.6918 0.8621 4.3497 -0.03 0.03 1.0332 1 0
26 86 512 989 0 0 0 2 1.0062 0 -1e-04 -0.0533 0.2654 0.309 2.2942 0.9328 -0.3041 0.5149 0.9676 11.2052 0.5337 -0.0669 0.7433 0.9112 5.4485 -0.2046 0.2046 1.1993 1 1
26 87 562 0 0 0 0 0 1.0019 0 0.5497 -0.1985 0.3038 0.379 2.6425 0.9778 -1.6449 2.0466 3.3225 32.6307 0.4424 -0.0803 0.6699 0.8278 4.3271 -0.1133 0.1133 0.9746 0 0
26 88 500 0 0 0 0 0 1.0023 0 -0.136 -0.1669 0.1669 0.2319 2.1096 0.9976 -0.101 0.3851 0.5291 7.9044 0.6562 -0.0016 0.6266 0.8032 4.5575 0.1126 0.1126 0.835 0 0
26 89 487 0 0 0 0 0 1.0006 0 -0.2291 0.0939 0.3782 0.4483 1.9967 0.9699 -0.0784 0.251 0.2973 2.9827 0.6592 0.0914 0.5642 0.7116 4.1053 -0.0623 0.0623 0.5387 0 0
26 90 486 153 0 0 0 0 1.0025 0 -0.2226 -0.1568 0.4188 0.4203 2.1925 0.9439 -1.3523 1.3523 1.9507 20.4163 0.4711 0.0274 0.7161 0.909 4.4556 0.1485 0.1485 0.9848 1 0
26 91 472 2 0 0 0 0 1.0002 0 0.9784 0.1331 0.1457 0.1712 1.5111 0.9752 -0.4096 0.4096 0.4544 3.2807 0.5852 -0.1741 0.648 0.8046 4.0807 0.0374 0.0374 0.6674 1 0
26 92 477 0 0 0 0 0 1.0009 0 0.0055 -0.194 0.2868 0.3211 1.8751 0.994 -0.4085 0.7281 1.0147 12.8974 0.6611 -0.0047 0.609 0.7684 4.2242 0.1244 0.1244 0.9032 0 0
26 93 501 0 0 0 0 0 1.0006 0 0.3035 -0.0811 0.3427 0.3447 2.5042 0.9736 -0.0778 0.3465 0.4748 6.2724 0.613 -0.015 0.6223 0.8163 4.2988 0.0013 0.0013 0.7249 0 0
26 94 489 0 0 0 0 0 1.0025 0 -1 -0.0575 0.8686 0.9509 3.7797 0.9355 0.9974 1.1955 1.9621 14.4747 0.5362 -0.0576 0.6507 0.8217 4.2249 0.1649 0.1649 0.6647 0 0
26 95 464 0 0 0 0 0 1.0007 0 -0.3097 0.0634 0.2235 0.2685 2.0038 0.9865 -0.0319 0.3108 0.344 6.3459 0.4584 0.056 0.7024 0.8764 4.224 0.1662 0.1662 0.8038 0 0
26 96 506 45 0 0 0 0 1.0017 0 0.7104 -0.1658 0.258 0.2971 2.0748 0.9882 -0.1544 0.5222 0.748 9.138 0.5668 -0.0308 0.6262 0.7944 4.6787 0.2663 0.2663 0.9605 1 0
26 97 491 0 0 0 0 0 1.0008 0 0.5111 0.0582 0.3091 0.3192 2.144 0.9328 0.1924 0.3594 0.4792 4.3632 0.6591 0.1875 0.5581 0.7237 4.111 -0.0981 0.0981 0.5885 0 0
26 98 483 0 0 0 0 0 1.0019 0 0.7071 -0.0368 0.3075 0.3378 2.4311 0.9692 0.1948 0.7242 1.1172 12.7027 0.618 -0.0651 0.6124 0.7943 4.0964 0.0429 0.0429 0.6689 0 0
26 99 486 0 0 0 0 0 1.0006 0 -0.9677 0.084 0.3913 0.4708 2.4221 0.967 0.0361 0.2759 0.35 5.1424 0.5891 0.142 0.654 0.8236 4.0774 0.0864 0.0864 0.6356 0 0
26 100 482 0 0 0 0 0 1.0012 0 -0.9977 -0.1497 0.5603 0.5618 1.9091 0.993 0.1131 0.5547 0.7602 7.2752 0.574 0.0721 0.6699 0.8337 4.4417 0.3483 0.3483 0.6455 0 0
26 101 497 0 0 0 0 0 1.001 0 0.7552 -0.1168 0.1783 0.2603 2.0766 0.9885 -0.3571 0.3619 0.4403 4.5447 0.7272 -0.024 0.6151 0.7998 4.2762 -0.1307 0.1307 0.6539 0 0
26 102 609 312 0 0 0 0 1.0011 0 -0.4547 -0.3369 0.3385 0.4251 1.8042 0.9671 -1.6322 1.9028 2.5413 19.4858 0.4088 0.1075 0.655 0.8267 5.0745 -0.1879 0.1879 1.2605 1 0
26 103 491 0 0 0 0 0 1.0004 0 -0.2678 -0.2632 0.369 0.4026 1.9179 0.9709 0.1115 0.417 0.4905 4.8964 0.6629 0.1495 0.5839 0.7351 4.1093 0.134 0.134 0.636 0 0
26 104 488 0 0 0 0 0 1.0013 0 0.9997 -0.2428 0.2428 0.2576 2.3679 0.9835 0.1286 0.2182 0.378 6.3864 0.7599 0.1279 0.5514 0.713 4.2005 0.1068 0.1068 0.7022 0 0
26 105 627 1 0 0 0 0 1.0012 0 0.9688 0.0716 0.2195 0.2616 1.9694 0.9508 0.1462 0.4972 0.7063 7.7639 0.5653 -0.0158 0.671 0.8409 4.6108 -0.401 0.401 0.7841 1 0
26 106 508 0 0 0 0 0 1.0026 0 -0.9554 -0.0151 0.7612 0.8025 2.673 0.9632 0.3982 0.5581 0.7903 5.8924 0.5848 -0.0103 0.6208 0.8019 4.1275 -0.2689 0.2689 0.5823 0 0
26 107 495 0 0 0 0 0 1.0006 0 0.6142 -0.0345 0.2865 0.3406 2.208 0.9861 -0.2204 0.2981 0.4228 5.6602 0.6235 -0.0424 0.5621 0.7138 4.09 -0.0478 0.0478 0.6557 0 0
26 108 488 0 0 0 0 0 1.0009 0 0.2952 0.0321 0.1844 0.2282 1.9841 0.9912 -8e-04 0.1255 0.158 2.9001 0.6692 0.0785 0.5495 0.7171 4.1672 -0.0758 0.0758 0.6454 0 0
26 109 470 0 0 0 0 0 1.0005 0 0.999 -0.2396 0.3036 0.3379 1.3986 0.9943 -0.0127 0.1005 0.1313 2.6886 0.6375 0.0775 0.6053 0.7763 4.26 -0.2672 0.2672 0.5881 0 0
26 110 479 149 0 0 0 0 1.0007 0 0.9721 -0.1903 0.1903 0.1961 1.6108 0.9992 -0.3954 1.0259 1.2775 13.8944 0.4499 0.0182 0.6998 0.8928 4.6215 0.3036 0.3036 1.11 1 0
26 111 462 0 0 0 0 0 1.0017 0 -0.1903 -0.3032 0.3032 0.4389 2.5743 0.9831 0.2937 0.8432 1.285 12.2677 0.5608 -0.0274 0.6257 0.7826 4.2841 -0.0324 0.0324 0.8908 0 0
26 112 496 0 0 0 0 0 1.0017 0 0.3023 -0.1205 0.1573 0.242 1.8148 0.9925 -0.2145 0.2547 0.4181 6.7051 0.6207 0.1356 0.652 0.8131 4.2837 0.131 0.131 0.7953 0 0
26 113 493 0 0 0 0 0 1.0004 0 0.985 0.1672 0.1672 0.1816 1.6143 0.9922 -0.002 0.1475 0.1979 2.2976 0.7318 0.0536 0.6237 0.7994 4.0902 0.2025 0.2025 0.5889 0 0
26 114 497 10 0 0 0 0 1.0028 0 0.9697 -0.0803 0.2004 0.2131 2.4835 0.9818 -0.4989 0.6723 0.8372 10.3893 0.5509 -0.0178 0.6424 0.805 4.477 0.0039 0.0039 1.0864 1 0
26 115 479 23 0 0 0 0 1.0015 0 -0.3189 -0.1823 0.218 0.2484 1.4087 0.955 -0.3262 0.6792 0.8759 11.8375 0.5256 0.1072 0.697 0.868 4.4008 0.0054 0.0054 1.0523 1 0
26 116 513 0 0 0 0 0 1.0014 0 0.1021 -0.1858 0.4132 0.5259 1.518 0.9503 0.1446 0.3197 0.3922 2.9815 0.6405 0.1832 0.5877 0.7579 4.3353 0.3604 0.3604 0.5816 0 0
26 117 491 0 0 0 0 0 1.0004 0 0.5297 0.0194 0.1274 0.136 1.7147 0.9918 -0.3592 0.3592 0.3986 3.425 0.6433 -0.1335 0.6323 0.7897 4.3136 0.0564 0.0564 0.6495 0 0
26 118 497 0 0 0 0 0 1.0012 0 0.9305 0.0034 0.336 0.3656 1.7968 0.9723 -0.2649 0.3211 0.4538 4.0242 0.7575 -0.1467 0.5114 0.6454 4.2316 -0.0208 0.0208 0.5037 0 0
26 119 491 0 0 0 0 0 1.0011 0 0.5192 -0.0857 0.1884 0.2532 1.5606 0.9874 0.0266 0.1876 0.2623 4.1542 0.6526 0.1676 0.5918 0.7537 4.2105 0.3101 0.3101 0.5369 0 0
26 120 482 0 0 0 0 0 1.0019 0 0.9876 -0.0545 0.125 0.1308 2.2687 0.9229 -0.023 0.4701 0.7868 9.4371 0.6215 -0.0143 0.6044 0.7846 4.2147 0.184 0.184 0.813 0 0
26 121 510 0 0 0 0 0 1.0006 0 -0.0705 -0.2837 0.2924 0.3819 1.8879 0.9816 0.12 0.5824 0.8802 7.5096 0.7033 0.0214 0.5538 0.7048 4.428 -0.0281 0.0281 0.8092 0 0
26 122 484 77 0 0 0 0 1.0015 0 -0.1749 -0.2756 0.3488 0.3964 1.7344 0.9696 -1.0368 1.4386 2.0127 21.4754 0.5657 0.0828 0.6162 0.8106 4.6745 -0.0053 0.0053 1.1714 1 0
26 123 467 9061 0 0 217 217 45.5332 213 0.8547 -0.3162 0.3162 0.3748 2.2111 0.5522 5.6617 5.6711 8.0042 50.7542 0.2514 1.1094 1.4817 1.8798 13.4161 0.1216 0.1216 1.7691 1 1
26 124 513 1 0 0 0 0 1.001 0 0.9895 -0.2225 0.2225 0.2293 1.5281 0.9863 -0.0941 0.6097 0.7304 7.9612 0.5921 -0.0417 0.6217 0.7846 4.1328 -5e-04 5e-04 0.9083 1 0
26 125 508 0 0 0 0 0 1.0006 0 0.0096 -0.1038 0.2564 0.3135 1.9027 0.9604 -0.719 0.7248 1.0721 11.4524 0.5536 -0.0204 0.612 0.779 4.1332 -0.1941 0.1941 0.689 0 0
26 126 480 23 0 0 0 0 1.0004 0 0.1326 -0.2019 0.2019 0.2382 1.561 0.9876 0.1186 0.7443 0.8847 7.6677 0.5856 -0.0256 0.5912 0.7685 4.4766 0.0442 0.0442 1.0236 1 0
26 127 467 0 0 0 0 0 1.0004 0 0.9292 -0.171 0.171 0.2567 1.5031 0.9879 -0.1038 0.2641 0.3241 3.0936 0.6343 0.0127 0.5635 0.7089 4.3952 -0.0123 0.0123 0.7355 0 0
26 128 1767 6360 0 0 182 121 1.4586 171 0.4996 -0.4485 0.4485 0.4741 1.6855 0.9541 -1.3488 3.0709 4.5111 50.4898 0.3643 -0.39 0.8419 1.0464 9.156 0.4529 0.4529 1.416 1 1
26 129 466 6 0 0 0 0 1.0019 0 0.5169 0.0386 0.1815 0.2187 3.4566 0.9877 0.0655 0.5494 0.6511 8.536 0.3712 -0.187 0.8243 1.0052 4.3706 0.115 0.115 0.99 1 0
26 130 504 0 0 0 0 0 1.0011 0 0.7656 -0.1386 0.1386 0.201 1.7546 0.9943 0.3439 0.5003 0.6364 6.0594 0.5321 0.1082 0.6381 0.7694 4.0682 -0.0049 0.0049 0.7413 0 0
26 131 480 0 0 0 0 0 1.0006 0 0.5814 0.0961 0.2053 0.2722 2.4766 0.9787 -0.0745 0.2027 0.2308 3.2163 0.5775 0.0806 0.6935 0.8541 4.0687 -0.0321 0.0321 0.5583 0 0
26 132 644 995 0 0 0 0 1.0026 0 0.6085 -0.573 0.573 0.6214 1.2721 0.9904 -1.387 1.8427 2.2649 19.8728 0.566 0.0908 0.6638 0.8451 5.7113 0.2347 0.2347 1.2808 1 0
26 133 460 0 0 0 0 0 1.003 0 0.4007 -0.1729 0.4854 0.6149 2.4622 0.9418 0.2334 0.3522 0.4355 3.5367 0.6943 0.0754 0.6518 0.7942 4.3016 -0.0214 0.0214 0.7704 0 0
26 134 474 0 0 0 0 0 1.0027 0 -0.6754 0.2442 0.7786 0.9454 4.0283 0.9167 0.1319 0.5984 0.8525 8.2184 0.5097 0.0516 0.7304 0.9303 4.0645 0.0559 0.0559 0.6209 0 0
26 135 492 0 0 0 0 0 1.001 0 0.8258 -0.1946 0.1946 0.2255 1.7414 0.9889 0.1148 0.4539 0.5065 5.3157 0.6811 0.0098 0.5827 0.7234 4.1865 0.1035 0.1035 0.7891 0 0
26 136 487 0 0 0 0 0 1.0011 0 -0.3144 0.1721 0.5104 0.5107 1.8567 0.8509 -0.0719 0.5306 0.6036 4.3126 0.5625 0.0491 0.6438 0.7979 4.1169 0.1046 0.1046 0.6877 0 0
26 137 476 0 0 0 0 0 1.0016 0 0.4604 -0.2735 0.2735 0.3643 1.7196 0.966 0.2113 0.3399 0.4578 4.207 0.6066 0.0361 0.6439 0.8016 4.1412 0.0833 0.0833 0.6573 0 0
26 138 488 50 0 0 0 0 1.001 0 -0.9853 0.046 0.1075 0.1382 1.8555 0.9797 0.1342 0.2677 0.3026 6.9256 0.6144 0.0803 0.6433 0.7814 4.5426 0.0789 0.0789 1.1515 1 0
26 139 507 0 0 0 0 0 1.001 0 0.6425 0.122 0.2447 0.3064 1.9447 0.988 -0.1209 0.1743 0.2105 2.7733 0.6443 -0.0792 0.6284 0.8297 4.1452 0.242 0.242 0.5911 0 0
26 140 554 19 0 0 0 0 1.0071 0 0.436 -0.0783 0.346 0.3654 2.6769 0.9592 0.1017 0.5033 0.698 8.1309 0.569 0.0842 0.6477 0.8206 5.1611 -0.1926 0.1926 1.203 1 0
26 141 491 0 0 0 0 0 1.0003 0 -0.0888 0.0405 0.3344 0.3874 2.1124 0.9738 -0.2255 0.2738 0.3318 2.4252 0.5641 -0.1081 0.6582 0.8326 4.1369 -0.3658 0.3658 0.5072 0 0
26 142 491 5 0 0 0 0 1.0013 0 -0.7517 -0.3338 0.4228 0.5306 2.1842 0.9894 -0.5445 1.2718 1.8689 16.3543 0.4999 0.0696 0.6581 0.8154 4.4012 0.0586 0.0586 0.9837 1 0
26 143 480 0 0 0 0 0 1.0013 0 -0.7755 -0.2332 0.3968 0.4621 1.9905 0.9765 0.2043 0.4115 0.6179 7.5064 0.6466 -0.0238 0.6034 0.7765 4.0951 0.0229 0.0229 0.6729 0 0
26 144 490 0 0 0 0 0 1.0022 0 0.811 -0.3096 0.3096 0.3493 1.9095 0.983 -0.0606 0.4542 0.6052 7.0928 0.6753 0.1021 0.5806 0.7077 4.1452 -0.0681 0.0681 0.6379 0 0
26 145 485 0 0 0 0 0 1.0009 0 -0.9994 -0.0655 0.39 0.3963 2.8902 0.9762 0.1869 0.5311 0.7266 9.0892 0.4653 0.0575 0.712 0.9028 4.3609 -0.1081 0.1081 0.8073 0 0
26 146 542 42 0 0 0 0 1.004 0 0.9819 -0.0844 0.0844 0.1272 1.9302 0.9895 -0.5279 0.7176 0.9561 19.2144 0.5111 -0.0755 0.7237 0.9042 4.4651 0.0059 0.0059 1.3124 1 0
26 147 489 0 0 0 0 0 1.0016 0 0.9829 0.0054 0.1029 0.1112 1.8719 0.9425 -0.2204 0.563 0.8 8.6198 0.5559 -0.0075 0.6876 0.8542 4.2301 -0.1946 0.1946 0.6899 0 0
26 148 519 0 0 0 0 0 1.0011 0 -0.6888 0.016 0.352 0.4092 2.2054 0.9781 -0.1514 0.2901 0.3386 3.874 0.6206 -0.0883 0.6436 0.8029 4.2237 0.047 0.047 0.6951 0 0
26 149 482 0 0 0 0 0 1.0006 0 0.4903 0.2615 0.3193 0.3606 1.665 0.9912 -0.1965 0.2112 0.2575 1.8093 0.691 -0.1195 0.6117 0.773 4.1485 -0.0675 0.0675 0.5936 0 0
26 150 487 0 0 0 0 0 1.0019 0 -0.409 -0.0532 0.5364 0.5529 2.9024 0.9421 -0.207 1.0004 1.426 14.9995 0.495 -0.04 0.66 0.8179 4.2588 -0.15 0.15 0.8895 0 0
26 151 466 0 0 0 0 0 1.0002 0 0.8049 -0.3059 0.3059 0.3714 1.7548 0.9843 0.4629 0.5291 0.7261 9.5365 0.6845 -0.0214 0.6212 0.7778 4.159 0.0061 0.0061 0.6904 0 0
26 152 485 0 0 0 0 0 1.0017 0 0.1652 -0.0106 0.4039 0.4281 2.0998 0.9772 -0.2623 0.4298 0.5157 6.345 0.5711 -0.0287 0.6562 0.8354 4.1435 -0.0796 0.0796 0.6197 0 0
26 153 472 0 0 0 0 0 1.0017 0 0.1702 0.0857 0.1474 0.1916 2.005 0.981 -0.0775 0.3533 0.4125 6.0535 0.5986 0.018 0.5986 0.7675 4.17 -0.2058 0.2058 0.6805 0 0
26 154 502 0 0 0 0 0 1.0006 0 -0.9651 -0.0719 0.4093 0.4716 1.9302 0.9821 0.4579 0.619 0.9103 10.3665 0.6251 -0.026 0.6235 0.7814 4.0623 0.0856 0.0856 0.6587 0 0
26 155 504 0 0 0 0 0 1.0004 0 0.8928 0.1183 0.1511 0.1678 1.471 0.9821 0.1006 0.1618 0.1911 0.9624 0.7423 0.0664 0.5326 0.729 4.0842 0.011 0.011 0.5068 0 0
26 156 490 9 0 0 0 0 1.0012 0 -0.6786 -0.3351 0.3767 0.4384 2.3673 0.981 0.7689 2.261 3.2057 30.0796 0.4542 0.148 0.7199 0.9223 4.3708 -0.2118 0.2118 1.0376 1 0
26 157 512 4 0 0 0 0 1.0025 0 -0.3957 -0.3832 0.3832 0.5251 1.8021 0.9737 -0.0949 0.9275 1.1878 10.522 0.4946 0.0376 0.6306 0.7905 4.2691 0.0826 0.0826 0.9403 1 0
26 158 489 0 0 0 0 0 1.0013 0 0.4374 0.0306 0.2428 0.285 1.639 0.9224 0.2473 0.5026 0.7709 10.3654 0.6372 -0.0905 0.6537 0.8024 4.1364 -0.111 0.111 0.728 0 0
26 159 466 21 0 0 0 0 1.0005 0 -0.7158 -0.3403 0.3403 0.4351 1.4659 0.9422 0.0229 0.8563 1.2566 11.9215 0.535 -0.0133 0.6015 0.7693 4.4389 -0.2935 0.2935 0.955 1 0
26 160 494 3 0 0 0 0 1.0015 0 0.5658 -0.0678 0.0739 0.1123 1.6701 0.9443 -0.2386 0.4946 0.626 8.5141 0.4995 -0.0705 0.6989 0.8791 4.3471 0.1348 0.1348 0.9729 1 0
26 161 475 0 0 0 0 0 1.001 0 0.6999 0.2372 0.2672 0.318 1.4409 0.9907 0.0157 0.2646 0.3331 2.1296 0.6124 -0.0655 0.6023 0.7583 4.3366 -0.0596 0.0596 0.5623 0 0
26 162 500 0 0 0 0 0 1.0004 0 0.706 -0.3018 0.3018 0.3581 1.7882 0.9749 -0.2205 0.5625 0.7634 8.4976 0.5902 0.0799 0.6859 0.8391 4.1164 0.1682 0.1682 0.6857 0 0
26 163 514 0 0 0 0 0 1.0055 0 0.048 0.0991 0.3257 0.3324 2.318 0.9764 0.1465 0.2518 0.2954 4.6171 0.6511 0.0344 0.6133 0.765 4.0922 -0.1071 0.1071 0.7032 0 0
26 164 630 0 0 0 0 0 1.0013 0 -0.5045 -0.1176 0.6293 0.691 4.222 0.9612 -0.1797 0.9335 1.2644 12.933 0.4852 -0.0763 0.706 0.8869 4.2084 -0.1539 0.1539 0.9169 0 0
26 165 454 7 0 0 0 0 1.0008 0 -0.4009 -0.0151 0.1736 0.1805 1.62 0.9959 0.0351 0.1854 0.239 4.5728 0.6339 0.0346 0.6485 0.8129 4.515 -0.1357 0.1357 0.9135 1 0
26 166 490 0 0 0 0 0 1.0012 0 0.255 -0.2884 0.3261 0.3828 2.1743 0.9735 0.3287 0.7165 0.8932 9.7426 0.6666 -0.0644 0.6029 0.7619 4.1708 -0.0297 0.0297 0.7506 0 0
26 167 510 1 0 0 0 0 1.003 0 -0.6026 -0.019 0.6675 0.7038 2.8453 0.8489 0.0215 1.0372 1.4137 10.9232 0.5043 0.0447 0.6923 0.8568 4.2513 -0.1403 0.1403 0.7735 1 0
26 168 460 0 0 0 0 0 1.0018 0 -0.9998 -0.1363 0.4049 0.4178 1.9152 0.9587 0.1797 0.363 0.5198 4.5386 0.6663 -0.0042 0.5638 0.7196 4.1767 0.2108 0.2108 0.6534 0 0
26 169 486 0 0 0 0 0 1.0008 0 -0.6017 -0.0027 0.3799 0.4637 2.1962 0.9617 0.0372 0.2472 0.2962 2.9009 0.6667 -0.0926 0.6427 0.8057 4.2785 0.173 0.173 0.7046 0 0
26 170 504 1 0 0 0 0 1.0005 0 0.4553 -0.186 0.1986 0.2387 1.6345 0.9806 -0.426 0.6064 0.8355 10.3063 0.6002 -0.0014 0.6735 0.8447 4.1361 -0.1205 0.1205 0.7256 1 0
26 171 484 0 0 0 0 0 1.0017 0 0.887 -0.0266 0.199 0.2101 1.9519 0.9566 0.0419 0.3305 0.394 3.8427 0.6356 0.0494 0.5893 0.7564 4.1561 -0.1242 0.1242 0.6307 0 0
26 172 473 25 0 0 0 0 1.0008 0 0.2568 -0.1638 0.1692 0.2102 1.8567 0.9795 -0.1402 0.7317 0.8137 8.6273 0.5215 0.0747 0.6726 0.8714 4.5299 0.2712 0.2712 0.9722 1 0
26 173 516 2 0 0 0 0 1.0008 0 0.3868 -0.1601 0.1978 0.3073 1.6512 0.9582 -0.206 0.3552 0.561 5.0284 0.6558 -0.0523 0.5852 0.7383 4.3121 -0.224 0.224 0.7712 1 0
26 174 480 0 0 0 0 0 1.0004 0 -0.0671 0.1114 0.4504 0.5076 2.0125 0.9592 0.072 0.2475 0.3199 3.2192 0.5693 0.0617 0.6565 0.8309 4.1593 0.0554 0.0554 0.6489 0 0
26 175 484 5 0 0 0 0 1.0014 0 -0.7016 -0.0768 0.1624 0.1933 1.838 0.9972 -0.4769 0.5463 0.7256 10.7515 0.548 -0.1211 0.6485 0.8446 4.1701 -0.1031 0.1031 0.7784 1 0
26 176 541 4 0 0 0 0 1.0065 0 0.0822 0.107 0.1561 0.17 2.4947 0.9843 0.0082 0.222 0.2832 7.8769 0.4388 0.0489 0.6728 0.8539 4.6654 -0.0921 0.0921 1.094 1 0
26 177 485 0 0 0 0 0 1.0018 0 0.7403 -0.165 0.266 0.278 1.945 0.9917 -0.4114 0.5802 0.7936 8.3859 0.6152 0.0248 0.6376 0.8014 4.3759 -0.1975 0.1975 0.7556 0 0
26 178 495 0 0 0 0 0 1.0009 0 0.3215 -0.0136 0.3431 0.3694 1.9191 0.9788 -0.3182 0.3866 0.5288 6.1718 0.6279 0.0054 0.5991 0.7599 4.0837 0.0593 0.0593 0.6167 0 0
26 179 483 1 0 0 0 0 1.0007 0 -0.0991 -0.1194 0.3935 0.4094 2.5549 0.922 0.5976 1.2365 2.1627 22.2162 0.556 0.091 0.6933 0.8791 4.4116 -0.1296 0.1296 0.8759 1 0
26 180 488 0 0 0 0 0 1.0004 0 0.3768 -0.0274 0.1998 0.2272 2.1432 0.9776 0.5438 0.5526 0.7544 9.197 0.5591 0.1155 0.6917 0.8577 4.1475 0.1204 0.1204 0.8478 0 0
26 181 2857 4829 0 0 0 0 1.0005 0 0.8653 -0.5713 0.5713 0.6328 0.8711 0.9414 -0.7725 1.3221 1.5802 13.8209 0.2713 -3.803 3.803 4.0292 9.3423 0.9653 0.9653 0.0938 1 0
26 182 461 4 0 0 0 0 1.0009 0 -0.4023 -0.2575 0.2591 0.3251 1.5453 0.9904 0.0151 0.4353 0.5554 4.9852 0.6097 -0.2424 0.6543 0.8258 4.2795 0.1697 0.1697 0.723 1 0
26 183 465 0 0 0 0 0 1.0007 0 0.7926 -0.0823 0.2014 0.2563 1.53 0.9863 -0.1567 0.191 0.2466 3.6906 0.622 -0.0991 0.6358 0.7994 4.3534 0.1778 0.1778 0.7086 0 0
26 184 479 0 0 0 0 0 1.0003 0 0.8964 0.4464 0.4464 0.4699 1.7186 0.9961 -0.1507 0.2115 0.2861 1.2047 0.606 -0.0321 0.6694 0.8319 4.0396 0.1733 0.1733 0.4943 0 0
26 185 500 0 0 0 0 0 1.0005 0 -0.1362 -0.1477 0.1626 0.194 1.4218 0.972 0.0636 0.2332 0.2997 3.2943 0.664 0.1291 0.565 0.696 4.093 -0.1357 0.1357 0.5711 0 0
26 186 494 0 0 0 0 0 1.0006 0 -0.5678 -0.1101 0.3176 0.3855 1.8638 0.9498 -0.1526 0.4161 0.707 8.0561 0.6083 -0.0125 0.5908 0.7741 4.0997 0.0109 0.0109 0.7619 0 0
26 187 489 0 0 0 0 0 1.0003 0 0.9778 0.1134 0.1134 0.1349 1.5303 0.9907 0.04 0.1407 0.1622 2.8917 0.7496 0.0752 0.5632 0.7158 4.0638 -0.0047 0.0047 0.531 0 0
26 188 468 0 0 0 0 0 1.0011 0 -0.9131 0.154 0.326 0.3309 1.6992 0.9787 0.0315 0.2019 0.2769 4.7301 0.5936 0.0717 0.6335 0.7971 4.354 0.2047 0.2047 0.7453 0 0
26 189 470 0 0 0 0 0 1.0008 0 0.9961 -0.1905 0.1932 0.2478 1.8559 0.9736 -0.0586 0.1895 0.2999 4.6385 0.7169 0 0.603 0.7634 4.071 -0.0435 0.0435 0.7455 0 0
26 190 424 0 0 0 0 0 1.0003 0 0.9773 -0.2285 0.2285 0.2593 1.4215 0.9928 0.1425 0.2249 0.3271 6.2468 0.6446 0.0014 0.6329 0.8164 4.0884 -0.2613 0.2613 0.6187 0 0
26 191 483 0 0 0 0 0 1.0006 0 0.9554 0.0286 0.0655 0.0779 1.5402 0.9731 0.3092 0.4057 0.6199 8.1663 0.5544 -0.0658 0.6764 0.8566 4.2941 -0.26 0.26 0.7365 0 0
26 192 469 0 0 0 0 0 1.0005 0 0.9926 -0.0955 0.0955 0.0995 1.892 0.99 -0.1277 0.1434 0.2017 3.2089 0.673 -0.0247 0.649 0.8206 4.0912 0.0408 0.0408 0.6895 0 0
26 193 492 1 0 0 0 0 1.0003 0 0.6144 -0.1286 0.1868 0.2425 1.5038 0.9906 -0.159 0.3921 0.5327 9.2624 0.648 -0.0852 0.6081 0.7538 4.3477 -0.2272 0.2272 0.9771 1 0
26 194 495 18 0 0 0 0 1.0015 0 0.3643 -0.3047 0.3047 0.3561 1.1992 0.9725 0.1954 0.7538 0.9916 9.6468 0.3562 0.0074 0.7174 0.91 5.0106 0.5227 0.5227 0.7012 1 0
26 195 485 0 0 0 0 0 1.0003 0 -1 -0.0968 0.2735 0.3422 1.4805 0.9934 -0.2656 0.2662 0.3105 3.4877 0.6879 -0.1969 0.6317 0.8244 4.0459 0.121 0.121 0.6129 0 0
26 196 514 0 0 0 0 0 1.0005 0 -0.6526 -0.0202 0.4865 0.5235 1.9092 0.9902 0.1488 0.2836 0.4046 4.2845 0.6529 -0.0716 0.5985 0.7446 4.0811 -0.1568 0.1568 0.5652 0 0
26 197 518 0 0 0 0 0 1.0004 0 -0.5446 -0.1093 0.532 0.6257 1.882 0.9552 0.0758 0.3529 0.4595 4.0315 0.7429 -5e-04 0.5357 0.6547 4.224 0.1328 0.1328 0.5964 0 0
26 198 464 0 0 0 0 0 1.0004 0 -0.2019 0.0783 0.2693 0.2702 1.9444 0.9695 -0.1452 0.2407 0.2944 3.0308 0.6814 -0.157 0.6429 0.826 4.0842 0.2368 0.2368 0.5629 0 0
26 199 470 16 0 0 0 0 1.002 0 -0.7684 -0.2702 0.3406 0.4233 1.9821 0.9825 0.4174 0.5085 0.7528 7.801 0.5229 0.0392 0.683 0.853 4.4399 0.1884 0.1884 0.928 1 0
26 200 496 1 0 0 0 0 1.0012 0 0.3545 -0.1867 0.3281 0.3398 2.4319 0.9565 -0.3559 0.6398 0.9279 9.4923 0.5654 0.0296 0.6464 0.8067 4.3744 -0.103 0.103 0.8192 1 0
26 201 479 0 0 0 0 0 1.0022 0 0.9496 -0.0987 0.1855 0.1912 1.9719 0.9797 0.0405 0.3538 0.4685 7.9085 0.6011 -0.0674 0.6253 0.7861 4.1489 0.131 0.131 0.7475 0 0
26 202 479 0 0 0 0 0 1.0017 0 0.9692 0.1405 0.266 0.2763 1.9617 0.9493 -0.208 0.3559 0.4614 4.9835 0.613 -0.0857 0.6182 0.7656 4.0995 -0.026 0.026 0.6627 0 0
26 203 659 153 0 0 0 0 1.003 0 -0.7823 -0.4502 0.5456 0.662 1.9859 0.968 -1.3298 1.5657 2.1772 19.6032 0.5579 -0.008 0.6215 0.7914 4.8521 0.0487 0.0487 1.326 1 0
26 204 512 1 0 0 0 0 1.0021 0 0.4465 -0.1869 0.3151 0.337 1.922 0.9819 0.2753 0.4785 0.6414 6.6907 0.5454 0.1579 0.6891 0.8687 4.501 -0.4237 0.4237 0.6679 1 0
26 205 492 0 0 0 0 0 1.0007 0 -0.6812 -0.0993 0.564 0.6011 2.8971 0.9829 -0.1006 0.739 1.049 8.2518 0.5378 -0.0112 0.6915 0.8804 4.2029 -0.0834 0.0834 0.7812 0 0
26 206 479 2 0 0 0 0 1.0003 0 -0.4349 -0.1272 0.3779 0.3884 1.7339 0.9463 -0.3828 0.5122 0.6736 6.4237 0.6326 -0.1608 0.5957 0.7411 4.1908 0.1339 0.1339 0.7883 1 0
26 207 496 0 0 0 0 0 1.0007 0 0.3378 0.0419 0.3541 0.3936 2.163 0.98 0.0159 0.3729 0.516 6.3137 0.5974 -0.0014 0.6205 0.8174 4.2024 -0.0876 0.0876 0.6941 0 0
26 208 467 0 0 0 0 0 1.0025 0 -0.0178 -0.4345 0.4345 0.5636 2.1303 0.9753 -0.9762 1.4024 2.1903 22.973 0.623 -0.0833 0.6586 0.8254 4.3125 -0.0421 0.0421 0.9889 0 0
26 209 496 0 0 0 0 0 1.001 0 -0.9547 0.1085 0.3165 0.3306 1.5876 0.9801 0.1343 0.2147 0.2719 2.0454 0.6222 0.0671 0.6054 0.7633 4.0777 -0.0184 0.0184 0.5843 0 0
26 210 503 0 0 0 0 0 1.0008 0 -0.8841 0.1286 0.4123 0.4284 2.2468 0.954 0.2479 0.3774 0.4823 4.294 0.5816 0.0515 0.6841 0.854 4.2043 0.0698 0.0698 0.6206 0 0
26 211 502 1 0 0 0 0 1.0019 0 -0.6117 -0.1955 0.2763 0.3298 2.0001 0.959 -0.1271 0.5756 0.7813 7.875 0.4748 0.174 0.6679 0.8734 4.2755 0.1866 0.1866 0.8515 1 0
26 212 477 0 0 0 0 0 1.0008 0 0.2847 0.1851 0.3528 0.3691 1.8555 0.9828 0.259 0.282 0.3411 2.5989 0.5933 -0.0053 0.5926 0.7592 4.1353 -0.0377 0.0377 0.6201 0 0
26 213 487 0 0 0 0 0 1.0019 0 -0.7399 -0.3631 0.4785 0.5336 2.7952 0.9657 -0.4174 1.4052 2.1593 25.4035 0.5174 -0.0988 0.6331 0.7856 4.316 -0.0332 0.0332 1.1047 0 0
26 214 489 123 0 0 0 0 1.0074 0 0.2427 -0.4756 0.4756 0.6263 1.6114 0.988 -0.6768 1.569 1.9454 16.6447 0.5813 -0.0278 0.6335 0.8094 4.4431 0.1817 0.1817 1.1221 1 0
26 215 516 0 0 0 0 0 1.0016 0 0.5277 0.0315 0.2978 0.3425 1.9921 0.9821 -0.0284 0.3069 0.3353 6.5678 0.6379 -0.1048 0.6715 0.8355 4.3812 0.0574 0.0574 0.7697 0 0
26 216 500 6 0 0 0 0 1.0013 0 -0.9789 -0.345 0.6834 0.6975 2.7936 0.9499 0.795 1.1534 1.6092 16.0942 0.5671 -0.1608 0.6676 0.8256 4.5308 0.2462 0.2462 1.098 1 0
26 217 481 0 0 0 0 0 1.0009 0 0.9234 0.113 0.113 0.1436 1.8183 0.9912 -0.0551 0.1416 0.1656 3.0294 0.5878 0.0098 0.6527 0.8259 4.2716 -0.1364 0.1364 0.8094 0 0
26 218 494 0 0 0 0 0 1.0004 0 0.8238 -0.3287 0.3287 0.3432 1.4224 0.9911 -0.1235 0.4673 0.6525 6.48 0.6707 0.0216 0.5732 0.7435 4.2097 -0.1183 0.1183 0.7548 0 0
26 219 513 0 0 0 0 0 1.0005 0 -0.472 -0.1206 0.1432 0.183 1.5979 0.9935 -0.226 0.2487 0.3351 4.966 0.6704 -0.0737 0.5865 0.7323 4.1811 -0.0577 0.0577 0.8038 0 0
26 220 498 0 0 0 0 0 1.0006 0 -0.2897 0.0128 0.5124 0.5677 2.1913 0.9615 -0.2988 0.4764 0.6265 8.7078 0.5266 -0.0011 0.6518 0.8109 4.2943 -0.0226 0.0226 0.7149 0 0
26 221 481 0 0 0 0 0 1.0009 0 0.6793 -0.0578 0.207 0.2167 1.7959 0.9983 -0.0446 0.11 0.1241 4.9758 0.6564 -0.02 0.6328 0.7921 4.1809 0.172 0.172 0.7046 0 0
26 222 517 0 0 0 0 0 1.0011 0 -0.1908 -0.081 0.2112 0.2755 1.9315 0.9676 -0.1524 0.5285 0.7564 7.6296 0.6928 0.1124 0.5639 0.7437 4.1402 0.0355 0.0355 0.6911 0 0
26 223 480 0 0 0 0 0 1.001 0 -0.0861 -0.3001 0.5476 0.6412 2.478 0.97 -0.1558 1.0639 1.4034 14.9885 0.5378 0.1237 0.6258 0.8273 4.1569 0.0606 0.0606 0.7759 0 0
26 224 480 4 0 0 0 0 1.001 0 -0.926 -0.1632 0.3341 0.4126 2.2326 0.9788 0.6587 0.855 1.2837 14.5922 0.5213 -0.0167 0.6829 0.8393 4.2808 0.0431 0.0431 0.9345 1 0
26 225 481 84 0 0 0 0 1.0023 0 -0.9161 -0.2787 0.339 0.4762 1.6933 0.9415 0.8607 1.1885 1.9537 19.8885 0.5864 -0.1599 0.6713 0.8266 4.74 0.13 0.13 1.1906 1 0
26 226 475 0 0 0 0 0 1.0007 0 0.5033 0.265 0.7316 0.9121 4.3395 0.9632 0.5164 0.8092 1.3028 13.9316 0.4752 -0.0587 0.6966 0.8663 4.1287 0.2594 0.2594 0.571 0 0
26 227 488 0 0 0 0 0 1.0004 0 -0.9253 -0.209 0.5608 0.5644 1.9712 0.8806 -0.3534 0.734 0.8682 7.7851 0.5288 0.0709 0.675 0.8128 4.1829 0.1678 0.1678 0.7473 0 0
26 228 506 0 0 0 0 0 1.0009 0 0.8579 0.0213 0.1013 0.1206 1.4653 0.9773 -0.2438 0.3085 0.3527 2.7192 0.6881 -0.079 0.5522 0.719 4.1408 -0.1113 0.1113 0.6439 0 0
26 229 485 0 0 0 0 0 1.0005 0 0.5589 -0.0823 0.2231 0.2266 1.756 0.9728 -0.0562 0.2924 0.3517 4.883 0.6509 0.0981 0.6002 0.7812 4.1547 0.2335 0.2335 0.6059 0 0
26 230 507 53 0 0 0 0 1.0005 0 0.9271 -0.2294 0.2493 0.2937 2.1883 0.9538 0.5066 0.9328 1.1853 12.5951 0.5737 -0.0552 0.601 0.7449 4.4901 0.1705 0.1705 1.1437 1 0
26 231 547 15 0 0 0 0 1.0009 0 -0.966 -0.1795 0.7165 0.7205 3.0357 0.9865 -0.1617 3.2873 4.0839 31.7963 0.4383 0.027 0.7256 0.9103 4.1273 0.2358 0.2358 0.736 1 0
26 232 475 5 0 0 0 0 1.0006 0 0.6665 -0.2762 0.2762 0.3981 1.4979 0.986 0.2557 0.3902 0.555 5.6822 0.5999 -0.0845 0.6275 0.7879 4.3188 -0.1747 0.1747 0.853 1 0
26 233 451 472 0 0 0 0 1.0072 0 -0.9625 -0.478 0.5093 0.7209 1.6006 0.9324 1.5776 2.0199 3.0571 28.1509 0.5388 -0.1427 0.6909 0.8775 4.9364 0.068 0.068 1.3039 1 0
26 234 475 0 0 0 0 0 1.0018 0 -0.9183 -0.033 0.3563 0.4172 2.2402 0.9492 0.5318 0.6616 1.1175 15.0894 0.5036 -0.0748 0.7075 0.9129 4.1418 0.104 0.104 0.6805 0 0
26 235 508 0 0 0 0 0 1.0006 0 -0.8972 -0.2889 0.3233 0.3761 1.7597 0.9932 0.3205 0.5502 0.7892 7.7608 0.6422 0.1868 0.5858 0.7457 4.0489 0.0254 0.0254 0.7269 0 0
26 236 499 0 0 0 0 0 1.0007 0 0.2447 -0.0704 0.1507 0.1533 1.6475 0.9958 -0.0161 0.119 0.157 2.9795 0.6504 0.0817 0.6532 0.8239 4.1223 0.0842 0.0842 0.6412 0 0
26 237 511 21 0 0 0 0 1.0014 0 0.9985 -0.2362 0.2362 0.2366 1.6209 0.9937 0.1257 0.6458 0.7947 8.2344 0.6012 -0.012 0.6552 0.8126 4.5648 0.1991 0.1991 0.9879 1 0
26 238 495 0 0 0 0 0 1.0007 0 0.8383 -0.1455 0.1818 0.2048 1.4976 0.9948 0.0392 0.3781 0.4782 5.7453 0.6326 0.0292 0.553 0.6935 4.1173 0.0281 0.0281 0.6432 0 0
26 239 477 0 0 0 0 0 1.0006 0 0.108 -0.1562 0.4414 0.5094 1.9372 0.9536 0.1556 0.369 0.4776 3.7666 0.6686 0.0654 0.56 0.7221 4.0794 -0.0081 0.0081 0.6242 0 0
26 240 490 0 0 0 0 0 1.001 0 0.9553 -0.1039 0.1437 0.16 1.9277 0.9807 -0.1067 0.2833 0.3463 4.0998 0.6291 -0.1828 0.6041 0.7967 4.1693 -0.0155 0.0155 0.6304 0 0
26 241 472 7 0 0 0 0 1.0007 0 0.8339 -0.2345 0.2345 0.2822 1.5896 0.9809 0.3703 0.3967 0.6174 9.518 0.6126 -0.0393 0.6129 0.8225 4.2989 0.1758 0.1758 0.8497 1 0
26 242 446 1 0 0 0 0 1.0014 0 0.6216 -0.1748 0.2366 0.3013 2.6036 0.9914 -0.3943 0.5434 0.7339 11.5287 0.6112 0.0529 0.6119 0.7925 4.4078 0.1077 0.1077 0.8623 1 0
26 243 497 0 0 0 0 0 1.0011 0 0.1756 -0.1165 0.3263 0.4184 2.1884 0.9645 0.3825 0.4025 0.5763 5.001 0.6322 0.073 0.5905 0.7682 4.1393 -0.2414 0.2414 0.5882 0 0
26 244 461 0 0 0 0 0 1.0012 0 0.9993 -0.0417 0.1442 0.1813 2.6005 0.9768 0.0123 0.3187 0.449 8.1844 0.5581 -0.0047 0.6107 0.7958 4.1595 0.052 0.052 0.7156 0 0
26 245 483 0 0 0 0 0 1.0009 0 -0.935 0.034 0.261 0.287 1.7708 0.9599 0.2243 0.3102 0.3741 3.546 0.5591 0.1142 0.659 0.832 4.1621 -0.1899 0.1899 0.6756 0 0
26 246 493 3 0 0 0 0 1.0022 0 0.5066 -0.3322 0.3322 0.389 2.243 0.9766 -1.0242 1.1236 1.639 17.0283 0.6069 -0.0815 0.6053 0.7548 4.2841 -0.0776 0.0776 0.9889 1 0
26 247 496 0 0 0 0 0 1.0005 0 -0.9305 0.307 0.5004 0.6192 2.8642 0.9554 0.1666 0.2291 0.2985 2.2784 0.558 0.1171 0.7154 0.8967 4.1891 -0.1365 0.1365 0.584 0 0
26 248 490 0 0 0 0 0 1.0007 0 -0.6492 0.0819 0.6153 0.6291 2.29 0.9205 -0.1426 0.4232 0.5677 5.0339 0.6085 0.0793 0.6541 0.8255 4.0419 -0.125 0.125 0.4843 0 0
26 249 462 0 0 0 0 0 1.0007 0 0.1989 0.221 0.3615 0.3857 1.9194 0.9146 0.1046 0.3664 0.475 3.8318 0.4898 0.0656 0.6911 0.8624 4.0213 -0.1679 0.1679 0.5824 0 0
26 250 472 0 0 0 0 0 1.0004 0 0.9134 0.1705 0.1705 0.209 1.7466 0.9938 -0.0778 0.2429 0.2632 3.9548 0.6154 -0.0213 0.5958 0.7654 4.2579 0.184 0.184 0.6508 0 0
26 251 806 2290 0 0 0 0 1.0028 0 -0.928 -0.1073 0.2017 0.2754 1.4801 0.9498 -0.176 0.4206 0.7197 8.4875 0.4864 -0.0105 0.7007 0.9001 6.5815 -0.2462 0.2462 1.4201 1 0
26 252 467 0 0 0 0 0 1.0008 0 0.1942 -0.1523 0.2318 0.2477 1.7388 0.9931 -0.3923 0.6003 0.7883 11.3143 0.5373 0 0.6084 0.8031 4.2276 -0.0776 0.0776 0.9433 0 0
26 253 460 0 0 0 0 0 1.0004 0 0.53 0.2081 0.3092 0.4549 1.92 0.9677 -0.2144 0.2715 0.3649 3.3624 0.6628 -0.0677 0.6289 0.7896 4.2055 0.2382 0.2382 0.5188 0 0
26 254 476 0 0 0 0 0 1.0012 0 0.3105 -0.0291 0.286 0.3325 2.7566 0.9867 -0.1986 0.299 0.35 4.2728 0.5513 0.0264 0.6803 0.88 4.2261 -0.1383 0.1383 0.7634 0 0
26 255 472 0 0 0 0 0 1.0007 0 -0.657 0.3823 0.7721 1.0289 4.1941 0.861 -0.0631 0.6554 0.7864 5.5344 0.4215 -0.1068 0.7566 0.9662 4.2275 -0.2846 0.2846 0.5745 0 0
26 256 458 0 0 0 0 0 1.003 0 0.9071 0.0729 0.1251 0.1362 1.8302 0.9836 0.1109 0.1967 0.2432 4.1574 0.529 0.0375 0.6745 0.8289 4.1426 0.0945 0.0945 0.7618 0 0
26 257 509 0 0 0 0 0 1.0014 0 0.9284 -0.0059 0.1291 0.1351 1.5009 0.9869 0.0727 0.1782 0.2354 2.4051 0.6494 0.0088 0.5536 0.7121 4.1241 -0.0369 0.0369 0.5566 0 0
26 258 473 6 0 0 0 0 1.002 0 0.489 0.036 0.1842 0.2182 2.2655 0.9483 0.1377 0.3979 0.4515 5.4784 0.5132 0.0248 0.6952 0.8535 4.4229 -0.0891 0.0891 0.9496 1 0
26 259 453 0 0 0 0 0 1.0015 0 0.4776 0.0297 0.4738 0.514 2.8229 0.9769 0.0507 0.3062 0.4136 4.5971 0.6203 -0.0568 0.6116 0.8187 4.3984 -0.0512 0.0512 0.7058 0 0
26 260 508 0 0 0 0 0 1.0021 0 -0.3127 -0.034 0.3001 0.3621 2.0972 0.9488 -0.0961 0.3338 0.4693 4.4839 0.6148 -0.0484 0.566 0.7265 4.3047 -0.2195 0.2195 0.8946 0 0
26 261 497 9 0 0 0 0 1.0009 0 -0.1039 -0.2945 0.2945 0.3635 1.8964 0.9876 0.31 0.8403 1.0817 9.9555 0.5588 0.0345 0.6649 0.8248 4.6722 -0.3501 0.3501 1.009 1 0
26 262 507 1 0 0 0 0 1.0004 0 -0.6113 -0.2669 0.414 0.4362 2.0713 0.954 -0.7505 0.9605 1.3323 11.5519 0.4707 -0.0087 0.6805 0.8592 4.4084 -0.2187 0.2187 0.916 1 0
26 263 495 97 0 0 0 0 1.0011 0 0.7674 -0.1602 0.1602 0.1751 1.3826 0.9886 0.1952 0.3563 0.4174 5.2772 0.5534 -0.086 0.6464 0.8 4.3227 0.1204 0.1204 0.8856 1 0
26 264 491 0 0 0 0 0 1.0015 0 0.6377 -0.0577 0.1776 0.2202 1.7034 0.9712 0.1139 0.2327 0.2837 2.275 0.5789 0.0842 0.6922 0.8818 4.1997 0.001 0.001 0.6814 0 0
26 265 513 0 0 0 0 0 1.0059 0 0.8288 -0.0201 0.2428 0.2757 2.9083 0.9226 -0.0733 0.4772 0.784 7.0398 0.5628 -0.0621 0.6523 0.808 4.0773 -0.1307 0.1307 0.6899 0 0
26 266 485 0 0 0 0 0 1.001 0 0.8525 0.3679 0.3679 0.5241 2.5379 0.9945 -0.2129 0.2156 0.2421 2.0925 0.6957 -0.001 0.5567 0.7098 4.2619 -0.1361 0.1361 0.6144 0 0
26 267 503 0 0 0 0 0 1.0005 0 0.6775 -0.07 0.1916 0.2418 1.7713 0.9599 0.1335 0.318 0.5531 6.7539 0.613 -0.0272 0.576 0.7225 4.1526 0.138 0.138 0.6456 0 0
26 268 487 3 0 0 0 0 1.0016 0 0.3577 -0.0706 0.1929 0.2444 2.0399 0.9668 0.1345 0.4426 0.6388 9.6214 0.5433 0.0212 0.6271 0.7638 4.1979 0.1449 0.1449 0.9149 1 0
26 269 510 0 0 0 0 0 1.0003 0 0.0363 -0.0641 0.1673 0.1736 1.5901 0.9861 -0.0664 0.2341 0.288 3.1045 0.6436 0.0716 0.573 0.7459 4.385 0.0407 0.0407 0.7039 0 0
26 270 496 0 0 0 0 0 1.0009 0 -0.8296 0.1846 0.2424 0.2687 2.0345 0.9727 -0.0943 0.2124 0.2709 4.24 0.5597 0.0068 0.6814 0.8719 4.2487 -0.1455 0.1455 0.7608 0 0
26 271 491 0 0 0 0 0 1.0008 0 0.1685 0.2959 0.2959 0.323 1.7892 0.9861 0.073 0.213 0.2429 2.9746 0.6015 0.0254 0.703 0.8758 4.2884 -0.0847 0.0847 0.7271 0 0
26 272 475 0 0 0 0 0 1.0009 0 -0.5367 -0.045 0.2005 0.2208 2.1782 0.9831 -0.305 0.4418 0.615 6.4948 0.5865 -0.0984 0.6648 0.8393 4.2104 0.0405 0.0405 0.7446 0 0
26 273 471 0 0 0 0 0 1.0007 0 -0.9998 0.2465 0.5092 0.6778 3.2301 0.9773 0.179 0.5991 0.6756 7.1319 0.5702 0.0965 0.7089 0.8784 4.1333 0.1099 0.1099 0.6096 0 0
26 274 490 0 0 0 0 0 1.0007 0 0.8913 -0.1629 0.2055 0.2483 1.668 0.948 0.8775 0.9274 1.638 15.9277 0.6795 0.0699 0.5926 0.7352 4.1573 0.3066 0.3066 0.5884 0 0
26 275 511 7 0 0 0 0 1.0038 0 1 -0.276 0.3132 0.3693 1.975 0.9455 0.7011 0.9067 1.2441 11.1055 0.6223 -0.0962 0.579 0.717 4.2899 -0.0572 0.0572 0.9576 1 0
26 276 477 0 0 0 0 0 1.0005 0 -0.3474 -0.0828 0.4282 0.4944 1.6922 0.9284 -0.0924 0.3931 0.4855 4.0647 0.6177 -0.0843 0.6296 0.7821 4.2281 0.1354 0.1354 0.6872 0 0
26 277 480 1 0 0 0 0 1.0007 0 0.9286 -0.1172 0.1172 0.1491 1.7339 0.9733 -0.174 0.3265 0.4589 5.2702 0.6617 -0.0146 0.5789 0.7349 4.7072 -0.0234 0.0234 0.8766 1 0
26 278 481 0 0 0 0 0 1.0011 0 0.8994 -0.0089 0.1083 0.1263 1.7001 0.9586 0.5638 0.6115 0.78 7.8237 0.5163 0.1728 0.6821 0.8455 4.3125 -0.1817 0.1817 0.8029 0 0
26 279 495 10 0 0 0 0 1.0013 0 0.2576 0.0074 0.1678 0.1913 1.8125 0.9736 -0.1425 0.2768 0.3407 4.6712 0.5834 -0.0167 0.7206 0.8918 4.3842 -0.1483 0.1483 0.7947 1 0
26 280 503 0 0 0 0 0 1.002 0 0.2911 -0.045 0.282 0.3234 2.7532 0.9703 -0.1824 0.4003 0.5861 6.8657 0.5446 0.0399 0.6414 0.8212 4.3225 0.016 0.016 0.8545 0 0
26 281 491 2 0 0 0 0 1.0069 0 -0.3063 -0.0243 0.3375 0.358 2.9026 0.937 -0.0713 0.8202 1.1394 11.6712 0.3368 -0.0201 0.7251 0.9058 4.8224 0.0707 0.0707 1.098 1 0
26 282 489 0 0 0 0 0 1.0015 0 -0.745 0.0522 0.303 0.3601 2.2345 0.9857 -0.4039 0.5105 0.7625 9.5716 0.5713 -0.0989 0.6551 0.8268 4.293 0.0877 0.0877 0.7567 0 0
26 283 480 7 0 0 0 0 1.0011 0 -0.7365 -0.4282 0.8009 0.8722 2.2935 0.971 2.5717 2.6504 4.2004 35.6651 0.5552 0.1854 0.6193 0.7789 4.4039 0.1724 0.1724 1.0244 1 0
26 284 494 0 0 0 0 0 1.0012 0 0.9988 -0.1007 0.1636 0.1992 1.6186 0.9963 0.0187 0.1038 0.1291 2.6668 0.722 -0.0415 0.5785 0.7138 4.1517 0.0095 0.0095 0.6236 0 0
26 285 511 0 0 0 0 0 1.0004 0 0.9188 -0.0093 0.1069 0.1113 1.7412 0.9907 0.0331 0.1713 0.2425 4.3103 0.5631 -0.0341 0.6365 0.831 4.2547 0.1367 0.1367 0.6781 0 0
26 286 480 0 0 0 0 0 1.0006 0 0.9738 -0.2173 0.2173 0.2288 1.5211 0.9865 -0.148 0.2303 0.3076 4.1013 0.6338 -0.1191 0.5817 0.7392 4.295 -0.1638 0.1638 0.8009 0 0
26 287 485 1 0 0 0 0 1.0011 0 0.3325 -0.0595 0.1321 0.1464 1.9812 0.9702 0.0762 0.2466 0.3161 3.4064 0.6785 -0.0503 0.5888 0.7421 4.3803 0.0826 0.0826 0.9498 1 0
26 288 529 1 0 0 0 0 1.0009 0 -0.4111 0.0458 0.3662 0.4098 2.1257 0.9742 -0.1086 0.491 0.572 4.9437 0.5447 0.0438 0.6772 0.8592 4.3999 0.5595 0.5595 0.4939 1 0
26 289 474 0 0 0 0 0 1.0001 0 0.9504 0.3608 0.3608 0.3617 1.6865 0.9881 0.1117 0.1241 0.1668 1.8116 0.6333 0.0049 0.6564 0.8258 4.2357 -0.039 0.039 0.7016 0 0
26 290 483 2 0 0 0 0 1.0009 0 0.4863 -0.2558 0.3054 0.3465 1.6021 0.9528 0.2653 0.8517 1.1021 12.7741 0.5183 -0.1488 0.6742 0.875 4.3148 -0.0537 0.0537 0.9695 1 0
26 291 496 0 0 0 0 0 1.0016 0 -0.9269 0.0611 0.4567 0.4735 1.6827 0.9659 0.0683 0.2745 0.3753 5.283 0.5626 -0.0626 0.6681 0.8554 4.1406 -0.2135 0.2135 0.7123 0 0
26 292 490 1 0 0 0 0 1.002 0 0.9797 -0.0033 0.1764 0.1928 2.3048 0.9719 0.321 0.3774 0.6087 9.197 0.5787 -0.0744 0.6482 0.806 4.1787 0.0411 0.0411 0.8187 1 0
26 293 518 0 0 0 0 0 1.0007 0 0.3526 -0.1463 0.5316 0.5351 2.5928 0.9609 0.144 0.4635 0.6469 5.1591 0.6515 -0.0168 0.6044 0.74 4.0348 -0.0597 0.0597 0.5315 0 0
26 294 472 0 0 0 0 0 1.0012 0 0.7407 0.1002 0.3103 0.3794 2.5679 0.9864 -0.0987 0.3765 0.5904 6.7501 0.5353 -0.0646 0.6215 0.8009 4.1132 -0.0474 0.0474 0.6997 0 0
26 295 474 0 0 0 0 0 1.003 0 -0.9167 -0.0482 0.3352 0.3881 2.4447 0.9522 -0.6357 0.8349 1.2692 10.4522 0.4941 0.0155 0.6662 0.8237 4.1111 -0.0953 0.0953 0.7934 0 0
26 296 501 0 0 0 0 0 1.0016 0 -0.2469 0.1072 0.2782 0.2859 2.1137 0.9734 -0.1701 0.2958 0.38 5.2789 0.4891 -0.044 0.7087 0.888 4.1557 0.0331 0.0331 0.7947 0 0
26 297 458 0 0 0 0 0 1.0011 0 -0.6463 -0.019 0.2577 0.2888 2.3951 0.9497 -0.4931 0.6512 0.9377 10.6065 0.433 -0.1125 0.716 0.9128 4.2083 0.1363 0.1363 0.8326 0 0
26 298 472 1 0 0 0 0 1.0006 0 -0.4475 -0.2298 0.2298 0.2553 2.1026 0.9879 0.1769 0.9785 1.1373 13.1136 0.566 0.0851 0.6371 0.8243 4.2309 0.0164 0.0164 0.9858 1 0
26 299 499 0 0 0 0 0 1.0006 0 0.9825 -0.0165 0.104 0.1264 1.6273 0.9751 0.203 0.496 0.6903 10.8345 0.6473 -0.1591 0.6539 0.8173 4.1923 -0.2043 0.2043 0.6419 0 0
26 300 481 21 0 0 0 0 1.0005 0 0.9989 -0.4439 0.4439 0.4521 1.4014 0.9941 0.3478 1.3759 1.7164 15.3522 0.5844 0.0714 0.6423 0.8344 4.3188 -0.1376 0.1376 1.0926 1 0
26 301 507 0 0 0 0 0 1.0009 0 -0.9437 -0.0863 0.4486 0.4539 2.1772 0.9679 -0.3654 0.4491 0.5117 4.8398 0.6487 -0.0296 0.5697 0.7593 4.452 0.2007 0.2007 0.9139 0 0
26 302 435 0 0 0 0 0 1.0003 0 0.4781 -0.1714 0.3007 0.4198 1.755 0.872 0.1972 0.3916 0.6115 6.0567 0.6436 -0.0066 0.5839 0.7286 4.2025 -0.3341 0.3341 0.5825 0 0
26 303 485 0 0 0 0 0 1.0009 0 0.6863 0.0064 0.0796 0.0897 2.3023 0.9882 0.4048 0.4698 0.5726 6.9706 0.5471 0.0428 0.6608 0.8299 4.2071 0.1382 0.1382 0.8221 0 0
26 304 485 2 0 0 0 0 1.0006 0 0.4403 -0.3047 0.3047 0.3604 1.5006 0.9869 0.0013 0.5097 0.6525 6.6252 0.6338 -0.0498 0.6136 0.7691 4.4651 -0.1161 0.1161 0.976 1 0
26 305 489 1 0 0 0 0 1.0009 0 0.9866 -0.0626 0.1109 0.1531 1.4885 0.9884 -0.1149 0.2013 0.2306 2.9355 0.6468 -0.0098 0.5935 0.7484 4.2035 -0.2457 0.2457 0.7217 1 0
26 306 472 0 0 0 0 0 1.0011 0 0.9687 0.0489 0.1327 0.1418 1.5004 0.9812 0.1862 0.2292 0.2675 2.0855 0.6358 0.2195 0.6293 0.8018 4.1271 -0.3041 0.3041 0.5725 0 0
26 307 464 1 0 0 0 0 1.0027 0 0.8928 -0.1003 0.1991 0.2118 1.7089 0.9692 -0.846 1.0458 1.6304 16.7305 0.5487 0.0358 0.5811 0.7254 4.3709 0.1609 0.1609 0.8151 1 0
26 308 496 0 0 0 0 0 1.0008 0 0.6097 -0.2047 0.3173 0.343 1.3911 0.9823 -0.2955 0.4195 0.5292 5.6787 0.6092 -0.0723 0.5672 0.7552 4.1018 -0.08 0.08 0.6218 0 0
26 309 494 8 0 0 0 0 1.0009 0 0.7482 -0.2135 0.2135 0.2536 1.4833 0.9922 0.0591 0.2116 0.2649 4.9835 0.6482 0.0749 0.5974 0.7724 4.2069 -0.0934 0.0934 0.8457 1 0
26 310 497 0 0 0 0 0 1.0029 0 0.1522 0.1599 0.3348 0.4418 2.8832 0.9755 0.0618 0.2064 0.2382 3.7707 0.6199 0.1852 0.6549 0.8308 4.4986 -0.3459 0.3459 0.6804 0 0
26 311 452 0 0 0 0 0 1.0015 0 0.9814 0.1396 0.2406 0.2633 1.9275 0.9494 -0.0518 0.2793 0.3568 4.8963 0.6147 -0.0448 0.6169 0.797 4.3122 0.0419 0.0419 0.725 0 0
26 312 484 0 0 0 0 0 1.0006 0 -0.3566 0.0488 0.4452 0.5328 2.4784 0.9162 -0.1347 0.4372 0.65 5.406 0.5494 0.0477 0.6685 0.8149 4.2725 -0.217 0.217 0.6224 0 0
26 313 471 21 0 0 0 0 1.0008 0 -0.0691 -0.1521 0.3216 0.4255 2.097 0.9609 -0.2449 0.4076 0.7956 7.8737 0.5597 -1e-04 0.7404 0.8994 4.5154 0.0015 0.0015 0.9348 1 0
26 314 500 0 0 0 0 0 1.0006 0 0.1016 0.0825 0.3047 0.3103 2.1236 0.9863 -0.2191 0.2425 0.4132 6.3656 0.5973 0.0069 0.6187 0.7651 4.1471 -0.0829 0.0829 0.6289 0 0
26 315 528 0 0 0 0 0 1.0009 0 -0.5824 0.0588 0.2104 0.2194 1.5374 0.9807 -0.0157 0.2016 0.2267 2.1605 0.6824 -0.0324 0.5637 0.7216 4.0344 0.0141 0.0141 0.5611 0 0
26 316 507 0 0 0 0 0 1.0012 0 0.9717 -0.2216 0.2216 0.2412 1.6749 0.9353 -0.4088 0.8619 1.1986 12.7635 0.5132 8e-04 0.7226 0.907 4.1242 -0.0859 0.0859 0.8024 0 0
26 317 498 0 0 0 0 0 1.0012 0 -0.3798 -0.0056 0.5537 0.5856 3.2289 0.9572 -0.1098 0.3734 0.4891 3.8052 0.595 -0.0978 0.6776 0.8283 4.0413 0.0072 0.0072 0.5602 0 0
26 318 518 0 0 0 0 0 1.0005 0 0.6625 -0.0281 0.1403 0.1509 1.8341 0.9458 8e-04 0.319 0.3967 3.9401 0.6587 -0.0763 0.5714 0.7377 4.5834 0.0857 0.0857 0.9329 0 0
26 319 491 0 0 0 0 0 1.0006 0 0.0639 -0.1243 0.1856 0.2282 1.5417 0.9937 0.0019 0.3721 0.4483 4.7158 0.5611 0.0533 0.6226 0.78 4.0699 -0.0318 0.0318 0.7296 0 0
26 320 463 7 0 0 0 0 1.001 0 -0.4433 -0.3142 0.3142 0.3661 1.3689 0.975 0.2318 0.7072 0.9029 8.9495 0.5575 -0.0137 0.6235 0.7966 4.4985 -0.2392 0.2392 0.9572 1 0
26 321 461 1 0 0 0 0 1.0008 0 -0.2033 -0.2562 0.2562 0.2878 1.7289 0.9877 -0.1434 0.801 1.0125 9.69 0.5951 0.0199 0.6656 0.8484 4.4009 0.0388 0.0388 1.0346 1 0
26 322 522 0 0 0 0 0 1.001 0 -0.939 -0.0749 0.2524 0.2546 1.8643 0.9923 -0.0042 0.2194 0.2505 3.4695 0.611 0.0362 0.6015 0.7514 4.1384 0.0415 0.0415 0.5706 0 0
26 323 487 19 0 0 0 0 1.0017 0 0.7718 -0.3292 0.3292 0.3881 1.556 0.9875 -0.9742 1.3847 1.6815 14.464 0.6196 -0.0314 0.6499 0.7897 4.2529 -0.1325 0.1325 1.0392 1 0
26 324 517 0 0 0 0 0 1.002 0 0.9278 -0.2084 0.2103 0.2651 1.598 0.9678 0.2768 0.428 0.5772 4.8778 0.6509 0.0696 0.5623 0.6862 4.1437 0.0329 0.0329 0.7332 0 0
26 325 481 2 0 0 0 0 1.0024 0 -0.7858 -0.0362 0.5275 0.6258 2.8571 0.949 -0.3133 0.4342 0.6976 6.5519 0.5814 0.0308 0.6714 0.8156 4.4834 -0.322 0.322 0.7639 1 0
26 326 454 0 0 0 0 0 1.0005 0 0.6968 -0.0244 0.3689 0.3834 2.434 0.988 -0.1581 0.4224 0.5904 7.46 0.5731 -0.0444 0.6615 0.8263 4.3435 -0.2326 0.2326 0.7444 0 0
26 327 708 72 0 0 0 0 1.0022 0 0.356 -0.541 0.541 0.5727 1.6511 0.9959 -0.0996 1.4058 1.8788 18.4478 0.5789 0.0404 0.583 0.7218 4.8647 -0.1427 0.1427 1.2956 1 0
26 328 507 0 0 0 0 0 1.0005 0 0.066 -0.0108 0.3795 0.4175 1.5417 0.9729 -0.059 0.2355 0.3068 1.9793 0.7018 -0.0048 0.5424 0.6881 4.1091 0.2255 0.2255 0.5324 0 0
26 329 487 0 0 0 0 0 1.0013 0 0.898 -0.1145 0.1703 0.1818 2.062 0.9754 -0.2952 0.5324 0.8019 10.1835 0.6479 -0.0339 0.5961 0.765 4.1161 -0.1681 0.1681 0.6588 0 0
26 330 485 0 0 0 0 0 1.0008 0 -0.0362 0.2256 0.2516 0.3067 1.5894 0.9699 0.0714 0.2114 0.2792 1.9136 0.63 0.0167 0.6251 0.7967 4.2842 -0.1432 0.1432 0.607 0 0
26 331 479 0 0 0 0 0 1.0003 0 -0.3287 0.0669 0.2978 0.3461 2.032 0.9942 -0.2439 0.2914 0.4595 4.7458 0.6115 -0.0947 0.6313 0.8018 4.0897 -0.1784 0.1784 0.6009 0 0
26 332 479 0 0 0 0 0 1.0004 0 0.4284 -0.027 0.3441 0.4107 2.1788 0.987 0.0421 0.2365 0.3156 4.9758 0.696 -0.0879 0.5733 0.7275 4.234 0.1378 0.1378 0.6265 0 0
26 333 489 3 0 0 0 0 1.0011 0 -0.0232 -0.0211 0.3038 0.3175 2.6452 0.9472 -0.0902 0.4323 0.7246 9.0938 0.5651 0.0724 0.5854 0.7608 4.4634 0.125 0.125 0.9007 1 0
26 334 483 0 0 0 0 0 1.0004 0 -0.4641 0.2085 0.2538 0.3257 1.4526 0.967 -0.3665 0.3873 0.4398 2.1153 0.6408 -0.1194 0.6577 0.8342 4.1135 -0.1254 0.1254 0.5983 0 0
26 335 497 0 0 0 0 0 1.0009 0 0.8061 -0.1243 0.3172 0.318 1.8178 0.9369 -0.1899 0.456 0.5649 6.1611 0.6047 0.132 0.6276 0.8193 4.2319 -0.2364 0.2364 0.6639 0 0
26 336 506 4 0 0 0 0 1.0015 0 -0.3731 -0.1305 0.3218 0.3433 1.9097 0.9911 0.2086 0.3771 0.5651 6.8977 0.655 -0.0467 0.5498 0.6693 4.1233 0.1948 0.1948 0.7646 1 0
26 337 512 9004 0 0 216 217 17.2014 208 0.8744 -0.5125 0.5125 0.5295 1.4069 0.665 0.9201 2.357 2.6156 13.0198 0.3622 0.8194 1.191 1.4697 10.6392 0.4954 0.4954 1.1733 1 1
26 338 493 0 0 0 0 0 1.0004 0 0.6105 -0.414 0.414 0.4331 1.49 0.9859 -0.1781 0.4672 0.7157 6.8539 0.6541 0.0051 0.5704 0.7268 4.2403 0.1412 0.1412 0.7249 0 0
26 339 484 0 0 0 0 0 1.0006 0 -0.9847 -0.0302 0.2725 0.2957 1.8936 0.9789 -0.0428 0.1947 0.2884 2.9695 0.664 -0.0821 0.5964 0.7795 4.2343 8e-04 8e-04 0.7909 0 0
26 340 514 3 0 0 0 0 1.0009 0 -0.3203 -0.3069 0.3223 0.4533 1.7332 0.8519 0.7639 1.0502 1.9441 21.7951 0.6007 0.0136 0.6118 0.7811 4.3379 -0.3311 0.3311 0.8141 1 0
26 341 443 0 0 0 0 0 1.0004 0 0.2853 -0.1484 0.3505 0.3544 1.5538 0.9799 -0.097 0.2883 0.3404 3.3024 0.7208 -0.0122 0.6118 0.7934 4.1104 -0.0376 0.0376 0.5532 0 0
26 342 468 0 0 0 0 0 1.0004 0 -0.9999 0.2029 0.2797 0.3031 1.5163 0.9888 -0.096 0.1984 0.2465 2.0771 0.7005 0.0644 0.603 0.7637 4.0796 -0.0956 0.0956 0.5433 0 0
26 343 534 26 0 0 0 0 1.0017 0 0.7207 -0.0361 0.2268 0.2571 1.8554 0.9265 0.002 0.3369 0.5081 6.067 0.5717 -0.125 0.6886 0.875 4.478 0.4109 0.4109 0.7478 1 0
26 344 475 0 0 0 0 0 1.0016 0 0.2885 0.0878 0.2299 0.2889 2.3354 0.9721 -0.2295 0.3506 0.4764 6.5541 0.5892 -0.1783 0.6998 0.8711 4.2275 0.0785 0.0785 0.8009 0 0
26 345 502 0 0 0 0 0 1.0006 0 0.8809 -0.2179 0.2208 0.2941 1.8658 0.9662 0.1676 0.5273 0.7787 7.7279 0.616 0.1033 0.6714 0.8697 4.2254 0.1317 0.1317 0.7201 0 0
26 346 514 0 0 0 0 0 1.0006 0 -0.225 -0.0299 0.434 0.4525 1.9455 0.9906 -0.129 0.1661 0.2328 2.5665 0.7128 0.0437 0.5716 0.766 4.0509 -0.0155 0.0155 0.4913 0 0
26 347 500 0 0 0 0 0 1.0013 0 0.5987 0.3513 0.6286 0.7471 2.787 0.901 -0.3254 0.5214 0.6396 4.7504 0.5931 -0.1308 0.6335 0.8038 4.1003 -0.1488 0.1488 0.5534 0 0
26 348 477 0 0 0 0 0 1.0038 0 -0.9482 0.0135 0.47 0.5036 2.7689 0.9729 -0.3965 0.5915 0.7736 8.1677 0.4789 -0.1527 0.7152 0.8867 4.4547 -0.255 0.255 0.9206 0 0
26 349 497 0 0 0 0 0 1.0006 0 0.8318 -0.0907 0.2577 0.2579 1.7795 0.9646 -0.0283 0.2069 0.3344 3.5052 0.727 0.042 0.5204 0.6659 4.0543 0.0054 0.0054 0.5185 0 0
26 350 807 8325 0 0 217 205 2.5508 215 -0.9878 -0.5036 0.5036 0.512 1.6482 0.9117 -1.6476 2.3324 2.7351 20.6994 0.3173 0.8376 1.068 1.3041 12.9881 0.311 0.311 1.5164 1 1
26 351 506 0 0 0 0 0 1.0004 0 -0.1922 -0.0028 0.1413 0.1666 1.3117 0.9804 0.0845 0.2167 0.243 1.9314 0.5798 0.0031 0.6994 0.861 4.4407 0.513 0.513 0.4863 0 0
26 352 463 0 0 0 0 0 1.0005 0 0.4096 0.1144 0.2037 0.2266 1.4794 0.9764 -0.3739 0.3908 0.4395 1.6849 0.6822 -0.0526 0.5312 0.6594 4.1336 0.2519 0.2519 0.5623 0 0
26 353 502 0 0 0 0 0 1.0009 0 -0.9034 -0.1359 0.4605 0.4748 2.121 0.9074 -0.4191 0.5589 0.8792 7.432 0.5248 0.0224 0.6728 0.8404 4.1425 0.3084 0.3084 0.6052 0 0
26 354 485 0 0 0 0 0 1.0011 0 0.7579 0.0677 0.1553 0.1766 2.5931 0.9839 -0.2437 0.2803 0.3621 6.7982 0.6659 -0.0681 0.6071 0.7528 4.348 0.2063 0.2063 0.7159 0 0
26 355 490 0 0 0 0 0 1.001 0 0.8834 -0.0255 0.1062 0.1162 1.6654 0.9951 0.0137 0.2131 0.236 3.5518 0.6144 0.0808 0.6271 0.7699 4.0828 0.158 0.158 0.6372 0 0
26 356 503 0 0 0 0 0 1.0017 0 -0.5146 -0.0738 0.3709 0.381 2.4576 0.9458 -0.3744 0.7134 0.8188 6.0297 0.5681 -0.1334 0.6487 0.8094 4.189 0.2989 0.2989 0.6268 0 0
26 357 428 0 0 0 0 0 1.0012 0 0.8233 0.0769 0.1409 0.1444 1.6341 0.9916 0.0487 0.1105 0.1404 1.9153 0.6559 0.0919 0.6184 0.7834 4.1495 0.2284 0.2284 0.5708 0 0
26 358 516 0 0 0 0 0 1.0008 0 -0.0503 0.0094 0.2984 0.3394 1.5994 0.9899 0.0537 0.1241 0.1744 2.1809 0.71 -0.0155 0.5309 0.6911 4.0459 0.1457 0.1457 0.5179 0 0
26 359 512 10 0 0 0 0 1.0027 0 -0.9346 -0.2342 0.5858 0.5873 2.2287 0.9458 -0.9161 1.0776 1.3833 11.379 0.4682 0.0789 0.6941 0.8772 4.1344 0.1673 0.1673 0.6945 1 0
26 360 495 0 0 0 0 0 1.0015 0 0.5657 0.0403 0.2212 0.2308 1.9836 0.9481 0.2684 0.3689 0.5991 6.2431 0.6059 0.0817 0.651 0.8309 4.111 -0.0555 0.0555 0.6144 0 0
26 361 471 0 0 0 0 0 1.0005 0 0.5454 0.0159 0.4673 0.5028 3.1154 0.9576 -0.59 0.7579 1.0326 10.1169 0.567 0.0161 0.6348 0.8008 4.118 -0.0668 0.0668 0.708 0 0
26 362 483 0 0 0 0 0 1.0002 0 0.931 -0.118 0.118 0.1516 1.484 0.9963 -0.0679 0.2718 0.3243 5.0701 0.5788 -0.1833 0.6196 0.7875 4.0448 0.0086 0.0086 0.5455 0 0
26 363 507 0 0 0 0 0 1.0013 0 0.9734 0.2787 0.2787 0.2845 1.9555 0.9923 0.199 0.199 0.2292 1.8761 0.6819 0.07 0.6385 0.7936 4.2262 0.0982 0.0982 0.6418 0 0
26 364 499 0 0 0 0 0 1.0003 0 0.9816 0.0666 0.1552 0.1579 1.8376 0.9767 0.0398 0.1684 0.2284 3.013 0.676 -0.1248 0.6274 0.8118 4.0967 -0.0675 0.0675 0.5417 0 0
26 365 472 0 0 0 0 0 1.0017 0 -0.5012 0.0282 0.2754 0.3116 2.1484 0.9924 0.1227 0.2716 0.327 6.9602 0.5504 -0.0135 0.6514 0.84 4.1796 0.1461 0.1461 0.665 0 0
26 366 509 16 0 0 0 0 1.0008 0 -0.2115 -0.114 0.3231 0.4035 1.555 0.9475 -0.1383 0.2772 0.4044 4.3159 0.5643 0.1031 0.6791 0.84 4.3681 0.2759 0.2759 0.8521 1 0
26 367 452 0 0 0 0 0 1.0005 0 0.8881 -0.1558 0.1558 0.1814 1.545 0.9906 -0.1754 0.5162 0.6302 7.4165 0.4778 -0.0665 0.6425 0.8427 4.1488 0.0444 0.0444 0.7555 0 0
26 368 496 0 0 0 0 0 1.0004 0 0.9765 -0.155 0.155 0.1853 1.6544 0.9241 0.1871 0.3916 0.6035 7.0071 0.6857 0.0464 0.5826 0.7303 4.1062 -0.1783 0.1783 0.6685 0 0
26 369 504 0 0 0 0 0 1.0007 0 -0.4334 0.075 0.2547 0.3175 2.0586 0.9852 -0.1183 0.2024 0.2283 3.9897 0.6223 -0.0379 0.601 0.798 4.0521 -0.0289 0.0289 0.6113 0 0
26 370 508 5 0 0 0 0 1.0031 0 -0.795 -0.2347 0.2347 0.3283 2.1063 0.9366 -0.5919 0.8676 1.2004 14.5334 0.4845 0.1081 0.7 0.8687 4.2722 0.0915 0.0915 1.0635 1 0
26 371 488 0 0 0 0 0 1.0003 0 -0.6211 -0.1274 0.2288 0.2861 1.701 0.9752 0.2686 0.3258 0.451 4.1087 0.6093 0.1583 0.6085 0.7799 4.2659 0.3068 0.3068 0.5924 0 0
26 372 876 6409 0 0 217 217 2.284 216 0.9592 -0.5501 0.5501 0.5555 1.7639 0.9509 0.632 1.5975 1.8406 22.1492 0.4209 -1.7413 1.7699 1.996 11.2484 0.5165 0.5165 1.3668 1 1
26 373 492 14 0 0 0 0 1.0022 0 0.4572 -0.0293 0.054 0.0657 1.6124 0.9916 0.1638 0.3521 0.4335 6.2638 0.5179 0.0026 0.655 0.8069 4.6001 0.0968 0.0968 0.9965 1 0
26 374 486 0 0 0 0 0 1.0005 0 0.5749 0.2524 0.2524 0.2952 1.8005 0.9834 -0.122 0.1894 0.2175 1.6518 0.6427 0.0636 0.6312 0.7936 4.1165 -0.0596 0.0596 0.645 0 0
26 375 490 15 0 0 0 0 1.0007 0 0.7713 -0.2903 0.2903 0.293 1.4434 0.9979 0.0047 1.2233 1.3965 14.0579 0.6142 -0.0103 0.6559 0.8267 4.498 0.0546 0.0546 1.1561 1 0
26 376 497 0 0 0 0 0 1.0011 0 -0.7003 0.0442 0.506 0.6002 3.5608 0.9857 0.1627 0.6847 0.9788 10.4233 0.5471 -0.0241 0.7301 0.9469 4.3653 -0.1168 0.1168 0.8655 0 0
26 377 475 0 0 0 0 0 1.0019 0 -0.663 0.1271 0.4813 0.4838 2.1523 0.9613 0.1886 0.3063 0.4288 4.1955 0.6077 -0.0115 0.6004 0.7686 4.0578 -0.0114 0.0114 0.6289 0 0
26 378 466 0 0 0 0 0 1.0006 0 0.6811 -0.12 0.331 0.4059 1.6843 0.9888 -0.0407 0.2046 0.2737 3.2602 0.6678 0.0152 0.5672 0.7399 4.1236 -0.1262 0.1262 0.7174 0 0
26 379 526 3 0 0 0 0 1.0009 0 0.1125 -0.2315 0.2315 0.2948 1.5382 0.9868 -0.3447 0.4384 0.6422 6.0818 0.6143 -0.0015 0.6399 0.7729 4.3351 0.3334 0.3334 0.6634 1 0
26 380 523 0 0 0 0 0 1.0006 0 -0.7204 0.1943 0.3495 0.3668 1.4073 0.9858 0.0277 0.1784 0.2322 1.8578 0.7405 0.0264 0.5179 0.6541 4.0127 0.0741 0.0741 0.4091 0 0
26 381 497 0 0 0 0 0 1.002 0 0.5935 0.1842 0.6031 0.7287 2.9978 0.8905 -0.7427 1.1048 1.499 11.0123 0.4441 -0.0695 0.7343 0.9233 4.3268 -0.4316 0.4316 0.5859 0 0
26 382 480 0 0 0 0 0 1.0012 0 -0.1078 0.0531 0.1606 0.2051 2.3457 0.991 0.0953 0.2034 0.2393 3.7064 0.6797 0.0155 0.5809 0.7578 4.1882 -0.07 0.07 0.7302 0 0
26 383 500 0 0 0 0 0 1.0002 0 0.9528 0.2096 0.2096 0.2407 1.4021 0.9901 0.0607 0.1281 0.1562 1.8648 0.6433 -0.0097 0.6137 0.7633 4.021 0.1596 0.1596 0.5027 0 0
26 384 491 3 0 0 0 0 1.0002 0 -0.9982 -0.3092 0.3092 0.3578 1.2149 0.9782 0.0442 0.6177 0.7659 6.4565 0.6137 -0.123 0.6129 0.767 4.5429 0.4593 0.4593 0.6677 1 0
26 385 486 13 0 0 0 0 1.0008 0 0.666 -0.0187 0.225 0.2468 1.9374 0.889 -0.1219 0.4106 0.5633 6.8387 0.599 0.0509 0.673 0.8547 4.3586 0.0362 0.0362 0.9526 1 0
26 386 501 3 0 0 0 0 1.0006 0 0.8321 -0.2417 0.2417 0.2842 1.8224 0.9596 0.6426 0.7693 1.0267 11.4577 0.5206 -0.0496 0.6615 0.8319 4.3069 -0.1942 0.1942 0.7386 1 0
26 387 508 0 0 0 0 0 1.0004 0 0.9904 0.0164 0.0684 0.0834 1.6358 0.9902 -0.0611 0.1739 0.2487 4.0166 0.6145 0.0152 0.6079 0.7615 4.0752 -0.1537 0.1537 0.6421 0 0
26 388 491 0 0 0 0 0 1.0004 0 0.7973 0.155 0.2409 0.3469 2.1678 0.9803 -0.0079 0.1974 0.263 4.2165 0.5368 -0.0673 0.6752 0.8519 4.2767 0.2472 0.2472 0.6676 0 0
26 389 482 0 0 0 0 0 1.0008 0 0.6825 0.0782 0.0914 0.1471 1.5933 0.9979 0.036 0.0559 0.0711 1.6939 0.7093 0.0138 0.5366 0.6724 4.1795 0.0427 0.0427 0.6048 0 0
26 390 456 2 0 0 0 0 1.002 0 0.9622 -0.0793 0.2011 0.2613 3.0468 0.9353 0.5433 0.7439 1.2482 16.5685 0.4881 0.0297 0.6865 0.8843 4.3715 0.0647 0.0647 0.9719 1 0
26 391 459 12 0 0 0 0 1.0028 0 0.021 -0.4517 0.4517 0.518 2.056 0.9905 0.2896 1.1181 1.4121 14.4013 0.5825 -0.0685 0.6537 0.8043 4.3289 -0.0905 0.0905 1.109 1 0
26 392 508 0 0 0 0 0 1.0014 0 -0.6873 -0.2178 0.4227 0.4398 2.032 0.9665 0.3002 0.5296 0.7961 7.3464 0.5901 -0.024 0.6097 0.7694 4.3017 0.0521 0.0521 0.7729 0 0
26 393 497 0 0 0 0 0 1.0005 0 0.9996 -0.2477 0.2477 0.2491 1.399 0.9913 0.0032 0.6884 0.8279 9.7326 0.5685 -0.0244 0.643 0.805 4.345 -0.1967 0.1967 0.8149 0 0
26 394 456 15 0 0 0 0 1.0045 0 0.1223 -0.2776 0.2974 0.3569 2.5907 0.9917 -0.5541 1.5064 1.9769 23.2913 0.4938 0.1278 0.7329 0.9131 4.3822 -0.1079 0.1079 1.0185 1 0
26 395 496 0 0 0 0 0 1.0009 0 0.9788 -0.2328 0.2328 0.2806 2.0198 0.9955 0.2491 0.505 0.6639 7.4761 0.5944 0.0182 0.5729 0.7097 4.2596 0.1516 0.1516 0.7525 0 0
26 396 472 0 0 0 0 0 1.0006 0 -0.3558 -0.0233 0.3559 0.3781 2.3257 0.9936 0.3142 0.4148 0.6319 8.0738 0.5904 0.0434 0.6575 0.8449 4.1757 -0.1 0.1 0.6648 0 0
26 397 483 0 0 0 0 0 1.0009 0 0.8128 0.0357 0.1632 0.1974 1.806 0.9927 0.0176 0.1144 0.1365 1.8731 0.6563 -0.1 0.5942 0.7706 4.0288 0.1022 0.1022 0.523 0 0
26 398 448 92 0 0 0 0 1.0013 0 -0.9847 -0.2603 0.348 0.4773 1.6616 0.9322 -0.574 0.9697 1.5795 16.2975 0.5081 -0.0827 0.6055 0.796 4.6849 0.1039 0.1039 1.351 1 0
26 399 500 0 0 0 0 0 1.0008 0 0.8767 -0.2013 0.2013 0.2125 1.7421 0.9827 -0.3514 0.855 1.0442 11.0463 0.5893 -0.1227 0.6384 0.8125 4.1958 -0.1135 0.1135 0.8539 0 0
26 400 491 0 0 0 0 0 1.0004 0 -0.1767 -0.0366 0.4589 0.5119 1.5429 0.9761 0.0439 0.1998 0.2784 2.5565 0.6694 0.0244 0.6096 0.7778 4.134 0.0128 0.0128 0.6188 0 0
26 401 487 0 0 0 0 0 1.0018 0 0.5339 -0.0852 0.1632 0.195 1.707 0.9915 -0.2318 0.3189 0.4855 7.1458 0.6922 -0.0787 0.6072 0.7956 4.1305 -0.0813 0.0813 0.6891 0 0
26 402 477 1 0 0 0 0 1.0012 0 -0.3148 -0.0438 0.2572 0.285 1.8352 0.9684 0.0456 0.2775 0.3619 3.6957 0.5648 0.1291 0.6668 0.8269 4.2047 0.17 0.17 0.7771 1 0
26 403 488 1 0 0 0 0 1.0021 0 0.6163 -0.3631 0.3631 0.4607 1.5032 0.9948 -9e-04 0.2969 0.3608 4.0367 0.6904 -0.0428 0.5893 0.734 4.4225 0.0459 0.0459 0.9787 1 0
26 404 494 0 0 0 0 0 1.0004 0 -0.7162 -0.2772 0.2772 0.3966 1.369 0.9623 0.0139 0.365 0.5308 4.6436 0.645 -0.0586 0.5971 0.7329 4.1473 0.1875 0.1875 0.7081 0 0
26 405 478 0 0 0 0 0 1.0008 0 -0.982 -0.0894 0.1304 0.1424 1.4645 0.9815 -0.0549 0.3599 0.4834 5.7667 0.5457 -0.0239 0.6195 0.7782 4.1582 0.09 0.09 0.7853 0 0
26 406 488 0 0 0 0 0 1.0006 0 0.7388 0.107 0.2213 0.2267 1.6949 0.9442 0.0567 0.2773 0.3633 3.2772 0.67 0.0613 0.634 0.8046 4.0885 -0.1088 0.1088 0.6292 0 0
26 407 494 0 0 0 0 0 1.002 0 -0.0653 0.01 0.2554 0.2997 2.0109 0.9884 0.0221 0.2989 0.4037 6.4526 0.6031 0.0423 0.625 0.7747 4.142 0.1619 0.1619 0.6924 0 0
26 408 479 0 0 0 0 0 1.0002 0 -0.1577 -0.4618 0.7132 0.8407 1.8576 0.9259 -0.3333 0.5007 0.6419 4.7515 0.6681 -0.0353 0.5887 0.7292 4.0854 0.0201 0.0201 0.636 0 0
26 409 472 0 0 0 0 0 1.0007 0 0.9847 -0.3093 0.3093 0.3296 1.796 0.975 0.1831 0.7792 1.113 12.8523 0.5611 -0.0278 0.6406 0.8221 4.2946 -0.1113 0.1113 0.9239 0 0
26 410 496 0 0 0 0 0 1.0013 0 0.6639 -0.3331 0.3331 0.4186 1.9893 0.9354 -0.1745 0.8228 1.1015 8.995 0.5206 -0.0405 0.6653 0.8458 4.1931 -0.2702 0.2702 0.759 0 0
26 411 448 0 0 0 0 0 1.0003 0 0.3077 -0.2926 0.2926 0.3444 1.6033 0.9931 -0.0117 0.3138 0.3911 4.3094 0.6124 -0.1001 0.6429 0.8229 4.2077 -0.29 0.29 0.6058 0 0
26 412 494 6 0 0 0 0 1.0008 0 0.6569 -0.1251 0.1901 0.2218 1.4887 0.9703 -0.2535 0.3566 0.4742 6.4796 0.6442 -0.0047 0.6056 0.8036 4.9279 -0.1729 0.1729 1.0346 1 0
26 413 468 8 0 0 0 0 1.0019 0 0.3966 -0.2382 0.329 0.3582 2.1362 0.988 -0.9638 1.0737 1.5917 18.9855 0.5861 -0.0699 0.5334 0.692 4.4355 0.0255 0.0255 0.9898 1 0
26 414 476 0 0 0 0 0 1.0007 0 0.9044 -0.0569 0.1973 0.2386 1.9396 0.8835 -0.3771 0.6036 1.1777 12.7361 0.6443 0.1008 0.6397 0.8149 4.1125 -0.1083 0.1083 0.6684 0 0
26 415 480 0 0 0 0 0 1.0025 0 -0.3492 0.0953 0.1925 0.2573 2.5861 0.9849 -0.1066 0.2599 0.3036 5.7576 0.6025 -0.0173 0.6875 0.8678 4.1676 -0.1947 0.1947 0.7409 0 0
26 416 472 0 0 0 0 0 1.0017 0 0.8377 -0.0749 0.2071 0.2132 1.6713 0.9904 0.1956 0.3007 0.3454 3.7957 0.6899 0.1516 0.5505 0.7098 4.1337 0.1332 0.1332 0.5673 0 0
26 417 495 0 0 0 0 0 1.0018 0 -0.2018 0.0065 0.256 0.2768 1.5646 0.984 -0.0976 0.1448 0.2325 3.1797 0.6405 0.0258 0.5909 0.7612 4.1866 0.0517 0.0517 0.5676 0 0
26 418 474 7 0 0 0 0 1.0013 0 -0.5247 -0.2475 0.2887 0.3539 2.166 0.9869 1.2897 1.753 2.538 27.5937 0.5118 0.0111 0.6855 0.8703 4.3991 0.0988 0.0988 1.0795 1 0
26 419 481 0 0 0 0 0 1.0006 0 0.3013 0.1744 0.1814 0.3057 2.4086 0.9809 0.0558 0.1415 0.2061 4.0126 0.4917 0.0141 0.7352 0.9126 4.0949 -0.2442 0.2442 0.59 0 0
26 420 496 0 0 0 0 0 1.0033 0 -0.8439 -0.2057 0.2941 0.3408 2.1817 0.9606 -0.2886 0.8558 1.2836 15.018 0.5246 -0.0613 0.6427 0.8033 4.1524 -0.0478 0.0478 0.8612 0 0
26 421 488 0 0 0 0 0 1.0007 0 3e-04 -0.2335 0.407 0.4323 2.1892 0.9312 0.283 0.6854 1.0553 11.487 0.658 -0.008 0.6119 0.7633 4.3408 0.1066 0.1066 0.7944 0 0
26 422 471 0 0 0 0 0 1.0021 0 0.8163 0.1039 0.3942 0.4675 3.4374 0.9875 -0.0838 0.521 0.7031 6.9574 0.5782 -0.1075 0.6599 0.824 4.1951 -0.1123 0.1123 0.7302 0 0
26 423 518 6 0 0 0 0 1.0004 0 0.6373 -0.1957 0.1957 0.2263 1.3556 0.9878 0.3661 0.4672 0.5565 6.7038 0.639 -0.0397 0.6006 0.7681 4.1338 0.2606 0.2606 0.6441 1 0
26 424 492 0 0 0 0 0 1.0007 0 -0.9595 7e-04 0.3465 0.4136 2.4992 0.9777 0.5479 0.6908 1.0181 9.79 0.5229 0.0476 0.6866 0.8598 4.2379 -0.223 0.223 0.7111 0 0
26 425 468 0 0 0 0 0 1.0008 0 0.9302 -0.2885 0.4134 0.4939 1.6384 0.9713 0.0936 0.3305 0.4483 5.1142 0.6595 -0.0431 0.5972 0.7688 4.1142 0.0277 0.0277 0.7055 0 0
26 426 500 0 0 0 0 0 1.0012 0 0.321 -0.0171 0.1563 0.173 2.2917 0.9645 0.1737 0.3614 0.4794 7.2008 0.5756 0.0078 0.6951 0.8649 4.2164 -0.1487 0.1487 0.8033 0 0
26 427 499 0 0 0 0 0 1.002 0 0.9351 -0.2442 0.2442 0.2791 1.5062 0.9914 -0.1965 0.326 0.4043 3.2924 0.73 -0.0093 0.5691 0.7291 4.1448 -0.1269 0.1269 0.6785 0 0
26 428 527 2 0 0 0 0 1.0042 0 -0.5258 -0.2836 0.5115 0.5747 3.4202 0.976 -0.8627 0.9898 1.5365 16.353 0.4977 0.0359 0.7094 0.9088 4.231 -0.2064 0.2064 0.8749 1 0
26 429 484 0 0 0 0 0 1.0011 0 -0.3643 0.1008 0.4677 0.4714 2.2958 0.974 -0.5095 0.5126 0.889 9.9346 0.594 -0.0111 0.6503 0.8214 4.1276 0.2152 0.2152 0.6359 0 0
26 430 471 0 0 0 0 0 1.0004 0 -0.8107 0.0335 0.1784 0.2086 1.9817 0.9933 -0.102 0.1369 0.1568 2.2938 0.6278 -0.1055 0.615 0.7581 4.1161 0.0518 0.0518 0.5433 0 0
26 431 483 0 0 0 0 0 1.0002 0 0.8615 -0.0545 0.1723 0.178 1.8883 0.9934 0.1433 0.1787 0.1977 2.6085 0.6007 0.0263 0.5926 0.7591 4.1713 0.0817 0.0817 0.6173 0 0
26 432 477 0 0 0 0 0 1.0008 0 -0.6352 -0.0538 0.3434 0.4139 2.0383 0.993 0.303 0.3199 0.4275 6.9823 0.5098 0.0276 0.6969 0.8663 4.2994 -0.1234 0.1234 0.8443 0 0
26 433 511 0 0 0 0 0 1.0006 0 0.7413 -0.3553 0.3553 0.399 1.3956 0.9648 -0.2842 0.3447 0.5971 4.5747 0.6912 -0.0258 0.5812 0.7432 4.0819 0.2403 0.2403 0.5473 0 0
26 434 498 2 0 0 0 0 1.0026 0 0.9092 -0.2124 0.2124 0.2522 1.711 0.9752 -0.0865 0.5829 0.6884 6.2559 0.4017 -0.032 0.6983 0.8789 4.5384 0.2697 0.2697 1.031 1 0
26 435 572 4 0 0 0 0 1.0008 0 0.4162 -0.3542 0.3542 0.425 1.8598 0.9773 -0.8984 1.0023 1.2899 12.1148 0.6167 -0.03 0.6043 0.8112 4.1242 0.1821 0.1821 0.7363 1 0
26 436 489 0 0 0 0 0 1.001 0 -0.9962 0.2024 0.5718 0.5764 2.1559 0.8978 0.1194 0.4152 0.5821 4.8485 0.603 -0.0266 0.6443 0.8407 4.238 0.1285 0.1285 0.6283 0 0
26 437 654 64 0 0 0 0 1.0006 0 0.4228 -0.291 0.3049 0.4311 1.6018 0.9894 0.2462 0.7874 1.0632 13.2703 0.558 -0.1346 0.676 0.8611 4.9812 -0.3751 0.3751 1.1487 1 0
26 438 491 0 0 0 0 0 1.0007 0 0.4703 -0.1863 0.2205 0.2508 1.4526 0.9921 0.1639 0.4192 0.5161 5.2223 0.6721 0.0678 0.5899 0.7341 4.1001 -0.0726 0.0726 0.6653 0 0
26 439 468 0 0 0 0 0 1.0008 0 0.406 -0.0364 0.2566 0.2874 1.8387 0.9917 0.0958 0.1862 0.2111 3.4227 0.6362 -0.0806 0.6158 0.7885 4.1576 -0.1284 0.1284 0.6508 0 0
26 440 494 0 0 0 0 0 1.0005 0 0.0419 -0.1907 0.355 0.364 2.1694 0.9696 0.3959 0.6003 0.9026 10.53 0.5762 0.0696 0.6195 0.8121 4.1005 0.1309 0.1309 0.7089 0 0
26 441 464 0 0 0 0 0 1.0007 0 -0.7039 0.0541 0.5152 0.5639 2.1463 0.9216 -0.097 0.3471 0.4412 2.9832 0.6438 -0.1255 0.6385 0.8002 4.0808 -0.1507 0.1507 0.5445 0 0
26 442 482 0 0 0 0 0 1.0016 0 -0.9171 0.028 0.6022 0.659 2.6165 0.9054 0.3849 0.4426 0.7132 6.3935 0.5828 -0.0011 0.6149 0.7677 4.1107 -0.0123 0.0123 0.7027 0 0
26 443 489 0 0 0 0 0 1.0007 0 -0.8508 0.1698 0.3662 0.3702 1.6563 0.9672 -0.0918 0.2566 0.2989 2.0188 0.593 -0.0274 0.651 0.8367 4.2937 0.3019 0.3019 0.5777 0 0
26 444 479 0 0 0 0 0 1.0003 0 0.0359 -0.1666 0.4511 0.4758 1.8462 0.9768 0.2212 0.4681 0.6414 7.8464 0.6394 0.0862 0.5654 0.7035 4.2405 -0.0623 0.0623 0.7114 0 0
26 445 458 0 0 0 0 0 1.0004 0 -0.8721 0.1475 0.7095 0.8206 3.0847 0.9825 0.117 0.6995 0.8915 7.4594 0.5764 0.0811 0.6345 0.7939 4.1509 0.0782 0.0782 0.6595 0 0
26 446 504 49 0 0 0 0 1.0007 0 0.4405 -0.2388 0.2388 0.2735 1.4529 0.9842 0.6942 0.73 1.0357 11.0844 0.6028 -0.0424 0.6336 0.7879 4.4567 0.1986 0.1986 0.9707 1 0
26 447 502 4 0 0 0 0 1.0008 0 -0.8204 -0.1018 0.404 0.4066 2.4478 0.9447 0.1515 0.5665 0.7808 8.0668 0.5996 -0.0246 0.6787 0.8597 4.3413 -0.1226 0.1226 0.9881 1 0
26 448 505 0 0 0 0 0 1.0004 0 0.1122 -0.1218 0.3449 0.3644 1.8195 0.9724 -0.0656 0.5837 0.8528 6.9089 0.5854 -0.0771 0.5978 0.7615 4.2141 0.3371 0.3371 0.604 0 0
26 449 509 0 0 0 0 0 1.0005 0 -0.4794 0.1334 0.4782 0.4791 1.8653 0.9115 -0.1178 0.3046 0.4652 4.6379 0.6238 -0.0384 0.6507 0.8403 4.159 0.2848 0.2848 0.5536 0 0
26 450 501 0 0 0 0 0 1.0009 0 0.7011 -0.1591 0.2511 0.2997 1.6114 0.9925 -0.1013 0.3622 0.4555 5.188 0.605 -0.0078 0.6241 0.8002 4.1999 0.008 0.008 0.725 0 0
26 451 457 0 0 0 0 0 1.0005 0 -0.3022 0.0449 0.1595 0.1922 1.8189 0.9881 -0.0174 0.1456 0.1756 3.2195 0.6134 0.0401 0.6069 0.7602 4.1673 0.2481 0.2481 0.5854 0 0
26 452 457 32 0 0 0 0 1.0008 0 -0.4658 -0.2346 0.3188 0.372 1.8812 0.9546 -1.3384 1.4481 1.9564 18.4514 0.4955 0.0352 0.692 0.8614 4.2294 0.0588 0.0588 1.0208 1 0
26 453 491 0 0 0 0 0 1.0029 0 -0.2865 0.1579 0.3138 0.4252 2.8327 0.9583 0.0859 0.4191 0.5549 5.2531 0.56 -0.0899 0.6044 0.7668 4.1395 0.2519 0.2519 0.6241 0 0
26 454 480 0 0 0 0 0 1.0006 0 0.7858 -0.1971 0.1971 0.2727 1.813 0.9087 -0.1792 0.4767 0.7044 7.1438 0.5343 -0.0073 0.649 0.8227 4.2467 0.2632 0.2632 0.7333 0 0
26 455 493 0 0 0 0 0 1.0006 0 0.9851 -0.0815 0.1704 0.1724 1.5897 0.9808 0.0273 0.2135 0.2538 3.6903 0.5927 -0.0607 0.6138 0.7622 4.323 -0.3881 0.3881 0.6538 0 0
26 456 498 0 0 0 0 0 1.0011 0 0.8573 0.0162 0.2108 0.2287 1.6812 0.9583 -0.2068 0.3094 0.4122 3.7589 0.6693 -0.0463 0.5562 0.7111 4.2196 -0.2011 0.2011 0.6292 0 0
26 457 482 22 0 0 0 0 1.0004 0 -0.4054 -0.4833 0.4833 0.5415 1.4315 0.9914 -0.2427 1.14 1.473 14.2948 0.5858 0.1001 0.5478 0.6929 4.2816 0.1378 0.1378 1.0263 1 0
26 458 512 0 0 0 0 0 1.001 0 0.9997 -0.2418 0.2418 0.2926 1.7842 0.992 0.0482 0.223 0.2743 2.55 0.6713 0.0235 0.631 0.8031 4.0553 0.1596 0.1596 0.5843 0 0
26 459 466 0 0 0 0 0 1.0009 0 -0.8638 0.4599 0.5199 0.826 3.5386 0.9564 0.0475 0.2459 0.3142 3.2326 0.454 -0.039 0.7467 0.9124 4.1012 0.146 0.146 0.5537 0 0
26 460 469 18 0 0 0 0 1.0011 0 -0.918 -0.1512 0.2029 0.2412 1.569 0.9737 0.512 0.6713 0.7891 9.6685 0.5276 0.0496 0.6743 0.8836 4.3314 -0.222 0.222 0.9168 1 0
26 461 500 0 0 0 0 0 1.0006 0 0.6819 0.0546 0.2692 0.3015 2.0753 0.9512 0.2152 0.3407 0.5299 7.5753 0.5435 0.0748 0.6508 0.8405 4.0495 0.1141 0.1141 0.6229 0 0
26 462 472 0 0 0 0 0 1.0006 0 0.8438 -0.0049 0.1236 0.1331 2.5649 0.953 -0.1766 0.4039 0.5292 4.9125 0.5854 0.0513 0.5911 0.7404 4.0987 0.0233 0.0233 0.7079 0 0
26 463 702 100 0 0 0 0 1.0017 0 -0.3073 -0.3538 0.3538 0.4674 1.6315 0.9408 -0.4218 1.0983 1.6346 13.3696 0.5413 0.1743 0.6621 0.8174 4.9749 0.3635 0.3635 1.0145 1 0
26 464 512 87 0 0 0 0 1.0013 0 -0.9921 -0.1895 0.3102 0.3723 1.559 0.9083 -0.0626 0.5615 0.7682 8.2194 0.4235 -0.0973 0.7349 0.8998 4.443 0.404 0.404 0.7308 1 0
26 465 501 0 0 0 0 0 1.0003 0 0.1303 -0.2138 0.2138 0.2455 1.4188 0.9936 -0.0013 0.2371 0.2907 3.2788 0.6741 0.0516 0.5145 0.6731 4.2272 0.1955 0.1955 0.6212 0 0
26 466 483 358 0 0 0 0 1.0007 0 -0.8041 -0.2856 0.3051 0.3994 1.5579 0.9135 -0.9515 1.0138 1.5846 17.9069 0.5189 0.2149 0.7487 0.9571 4.9348 0.2696 0.2696 1.011 1 0
26 467 499 0 0 0 0 0 1.0014 0 0.038 -0.2087 0.4443 0.4736 2.2132 0.9827 0.0315 0.5928 0.7306 7.0752 0.638 0.0712 0.636 0.7983 4.2283 -0.2011 0.2011 0.7114 0 0
26 468 470 0 0 0 0 0 1.0022 0 -0.9966 -0.0444 0.303 0.344 1.8102 0.9354 0.3901 0.5339 0.9582 10.8273 0.5307 -0.0146 0.6598 0.8257 4.247 -0.214 0.214 0.7366 0 0
26 469 482 8 0 0 0 0 1.0006 0 0.4203 -0.0353 0.277 0.3062 2.2105 0.9852 0.0176 0.322 0.3869 8.2915 0.5924 -0.19 0.6821 0.8252 4.4401 0.0447 0.0447 0.9277 1 0
26 470 494 0 0 0 0 0 1.0007 0 0.0086 0.2756 0.3476 0.4001 1.8315 0.9631 -0.4235 0.4258 0.5402 3.1089 0.5913 -0.0653 0.5808 0.75 4.1205 -0.0131 0.0131 0.5921 0 0
26 471 485 6 0 0 0 0 1.0003 0 0.5715 -0.1605 0.2034 0.2263 1.5765 0.9694 0.4313 0.5115 0.811 9.9203 0.5415 0.029 0.6914 0.8662 4.4488 -0.2999 0.2999 0.8178 1 0
26 472 509 1 0 0 0 0 1.0011 0 0.5355 0.092 0.0937 0.129 1.581 0.9964 -0.148 0.1684 0.1964 3.6163 0.6146 0.0308 0.6224 0.8056 4.1087 -0.1182 0.1182 0.8047 1 0
26 473 500 0 0 0 0 0 1.0004 0 0.1588 0.1008 0.2367 0.2714 1.7891 0.9747 0.1695 0.2792 0.3592 6.4474 0.5321 -0.0923 0.684 0.8286 4.0594 -0.1098 0.1098 0.673 0 0
26 474 454 0 0 0 0 0 1.0016 0 0.8218 0.0038 0.1275 0.1402 1.6282 0.9886 -0.1725 0.1993 0.2416 2.3282 0.6205 -0.0479 0.6479 0.815 4.1386 0.0662 0.0662 0.5883 0 0
26 475 473 0 0 0 0 0 1.0009 0 -0.5297 -0.1982 0.4266 0.4817 2.1136 0.9612 -0.0524 0.459 0.6838 5.8131 0.6125 -0.0301 0.6196 0.8004 4.2466 0.0985 0.0985 0.785 0 0
26 476 493 0 0 0 0 0 1.0007 0 0.9687 -0.2259 0.2259 0.2765 1.5244 0.9931 0.0471 0.4096 0.5254 6.7421 0.6783 0.0587 0.5605 0.7032 4.2646 0.1727 0.1727 0.7847 0 0
26 477 520 4 0 0 0 0 1.0006 0 -0.6135 -0.159 0.3914 0.4405 2.0375 0.9363 0.1377 0.5112 0.646 9.6433 0.6458 -0.1935 0.6091 0.7684 4.2543 0.1629 0.1629 0.7281 1 0
26 478 516 0 0 0 0 0 1.0006 0 0.6121 -0.0346 0.0989 0.1225 1.5297 0.9936 0.1754 0.2321 0.3269 3.1725 0.6792 0.0287 0.593 0.75 4.09 0.075 0.075 0.5307 0 0
26 479 493 0 0 0 0 0 1.0007 0 0.3115 -0.2878 0.2878 0.3256 1.3963 0.9876 -0.045 0.2526 0.2918 3.2495 0.6895 -0.0521 0.5761 0.7201 4.1837 -0.0225 0.0225 0.6603 0 0
26 480 496 0 0 0 0 0 1.0008 0 0.8553 -0.0838 0.1796 0.2126 1.565 0.9609 0.0679 0.3113 0.4292 3.6906 0.4225 0.0113 0.8025 1.0089 4.4998 -0.5535 0.5535 0.4721 0 0
26 481 469 18 0 0 0 0 1.0018 0 -0.1729 -0.0805 0.3616 0.401 2.2918 0.9603 0.2193 0.6546 1.0774 11.0165 0.6397 -0.0329 0.6277 0.7903 4.7713 0.1974 0.1974 1.0244 1 0
26 482 496 6 0 0 0 0 1.0058 0 -0.6866 -0.2016 0.2016 0.253 2.2412 0.9952 0.075 0.5965 0.6936 11.2762 0.5846 -0.0954 0.624 0.7693 4.2817 0.111 0.111 0.9632 1 0
26 483 490 0 0 0 0 0 1.0006 0 -0.8375 0.0584 0.2539 0.3015 1.57 0.9895 0.1259 0.2072 0.2427 2.7878 0.7255 0.0302 0.5111 0.6742 4.0825 0.0233 0.0233 0.5086 0 0
26 484 498 18 0 0 0 0 1.0034 0 0.4315 -0.254 0.254 0.3426 1.8244 0.9881 0.0241 0.5844 0.7462 10.1175 0.6629 0.0119 0.6001 0.7468 4.4706 0.0626 0.0626 1.0215 1 0
26 485 490 0 0 0 0 0 1.0007 0 0.3696 0.0865 0.181 0.2106 2.0267 0.9777 0.1641 0.2167 0.2881 3.3852 0.6395 0.0738 0.6593 0.8153 4.0967 2e-04 2e-04 0.5715 0 0
26 486 486 62 0 0 0 0 1.0008 0 0.773 -0.329 0.329 0.3594 1.5022 0.9622 -0.1257 0.9683 1.4918 17.4634 0.5419 0.0179 0.6583 0.8299 4.3873 -0.2949 0.2949 0.9947 1 0
26 487 485 0 0 0 0 0 1.0031 0 -0.1554 -0.1414 0.4106 0.4239 3.0399 0.9514 -0.9556 0.9615 1.5662 16.8383 0.5443 0.0117 0.6676 0.8545 4.0896 0.0244 0.0244 0.7261 0 0
26 488 551 260 0 0 0 0 1.0026 0 -0.8889 -0.4587 0.5067 0.5928 2.0072 0.986 -0.6208 0.8507 1.0505 10.3864 0.5774 0.1037 0.6747 0.8574 4.8626 0.2315 0.2315 1.0939 1 0
26 489 470 4 0 0 0 0 1.0019 0 -0.9602 -0.2693 0.3232 0.3702 1.6471 0.9787 -1.0849 1.2722 1.7561 19.4877 0.4632 0.0327 0.6988 0.873 4.1159 -0.0353 0.0353 0.9216 1 0
26 490 462 0 0 0 0 0 1.0011 0 -0.3983 0.0662 0.6805 0.7581 3.038 0.9213 0.3661 0.6834 0.9557 8.7974 0.5714 -0.0476 0.6717 0.8393 4.1185 -0.1778 0.1778 0.6184 0 0
26 491 465 0 0 0 0 0 1.0012 0 -0.429 -0.0954 0.4377 0.449 2.5252 0.9767 0.5639 1.1509 1.6671 15.4972 0.4629 0.0639 0.6815 0.867 4.4104 -0.3267 0.3267 0.6849 0 0
26 492 484 0 0 0 0 0 1.0004 0 0.9582 -0.1253 0.2174 0.225 1.8492 0.9827 0.3037 0.4946 0.6388 7.331 0.5898 -0.0076 0.6423 0.7999 4.0446 0.0986 0.0986 0.6136 0 0
26 493 482 4 0 0 0 0 1.0006 0 -0.0331 -0.2914 0.2914 0.3175 1.5664 0.9539 -0.9933 1.1939 1.6736 17.7505 0.5702 -0.1343 0.6501 0.8156 4.2374 -0.0789 0.0789 0.8949 1 0
26 494 482 0 0 0 0 0 1.0012 0 0.9516 -0.1228 0.1802 0.1924 1.9179 0.9773 -0.0339 0.2964 0.4314 6.0531 0.6838 0.0372 0.5766 0.7371 4.3788 -0.089 0.089 0.7766 0 0
26 495 463 0 0 0 0 0 1.0011 0 -0.536 -0.0118 0.4518 0.4755 2.5567 0.9843 -0.076 0.184 0.2527 3.6607 0.6745 -0.1087 0.608 0.7539 4.3169 -0.173 0.173 0.6417 0 0
26 496 485 0 0 0 0 0 1.0006 0 0.7339 0.0376 0.2035 0.2359 1.7246 0.98 0.0691 0.2045 0.2595 4.4747 0.6642 -0.0159 0.6262 0.7966 4.0911 -0.1103 0.1103 0.6297 0 0
26 497 511 0 0 0 0 0 1.0006 0 0.2011 -0.0771 0.4164 0.4218 2.0891 0.9676 0.2862 0.3573 0.4867 6.8038 0.6408 0.0581 0.6586 0.8229 4.0616 0.0269 0.0269 0.6499 0 0
26 498 502 2 0 0 0 0 1.0012 0 -0.989 -0.3326 0.4153 0.5273 2.3646 0.8891 -1.7059 2.3774 3.5787 30.1972 0.4892 0.0351 0.6855 0.8591 4.1109 -0.1058 0.1058 0.8828 1 0
26 499 508 0 0 0 0 0 1.0017 0 0.7517 0.1139 0.161 0.1733 1.6385 0.9753 -0.0492 0.2457 0.3419 5.734 0.5967 -0.038 0.6299 0.8165 4.4166 -0.3348 0.3348 0.6479 0 0
26 500 507 0 0 0 0 0 1.0002 0 -0.0788 -0.1013 0.4379 0.528 1.6678 0.9576 -0.0578 0.2078 0.2603 1.4583 0.7091 0.007 0.5538 0.717 4.0779 -0.1762 0.1762 0.4982 0 0
