cond r run.time ndiv nbfmi ntree nbulk ntail maxRhat nRhat alpha.cor alpha.bias alpha.abbias alpha.rmse alpha.CI beta.cor beta.bias beta.abbias beta.rmse beta.CI theta.cor theta.bias theta.abbias theta.rmse theta.CI lambda.bias lambda.abbias lambda.CI corrupt efficiency
47 1 1722 0 0 0 0 0 1.0008 0 0.9761 0.0713 0.1086 0.1431 0.9422 0.9894 -0.0847 0.1626 0.2024 2.4358 0.7989 -0.0725 0.5586 0.7389 4.312 -0.0538 0.0538 0.2973 0 0
47 2 1710 0 0 0 0 0 1.0003 0 0.2914 0.143 0.2435 0.2857 0.9803 0.9808 0.1064 0.1899 0.2575 1.714 0.796 -0.0492 0.5483 0.7142 4.2208 -0.1483 0.1483 0.3525 0 0
47 3 1739 0 0 0 0 0 1.0006 0 0.9442 -0.0041 0.0684 0.0786 0.7353 0.9969 0.1052 0.1363 0.1599 3.6376 0.8116 -0.0322 0.5547 0.6968 4.1777 0.0133 0.0133 0.283 0 0
47 4 1749 0 0 0 0 0 1.0002 0 0.9662 -0.0083 0.1444 0.1663 0.9338 0.9761 -0.1214 0.227 0.2922 1.7708 0.7897 -0.0817 0.542 0.681 4.2943 -0.0081 0.0081 0.272 0 0
47 5 1940 0 0 0 0 0 1.0004 0 0.8853 -0.1703 0.1703 0.2141 0.8565 0.9911 0.1209 0.246 0.3242 2.5041 0.8177 0.1109 0.5495 0.7018 4.5304 0.0952 0.0952 0.2543 0 0
47 6 1999 0 0 0 0 0 1.0008 0 0.9514 -0.1009 0.1179 0.1516 0.8914 0.9816 0.2156 0.2944 0.3729 2.9854 0.7915 0.2473 0.5815 0.73 4.4538 0.0512 0.0512 0.3095 0 0
47 7 1747 0 0 0 0 0 1.001 0 0.8208 -0.1495 0.1737 0.2255 0.8942 0.9957 -0.0618 0.3187 0.3885 5.5203 0.7658 -0.1196 0.5918 0.7676 4.5034 0.0575 0.0575 0.3476 0 0
47 8 1703 0 0 0 0 0 1.0008 0 0.6548 -0.0225 0.1719 0.1934 0.9179 0.9907 -0.2183 0.2287 0.2907 3.0497 0.8014 -0.1513 0.5848 0.7279 4.1895 -0.0787 0.0787 0.3504 0 0
47 9 1697 0 0 0 0 0 1.0004 0 0.925 0.0721 0.098 0.123 0.9501 0.9915 -0.302 0.3029 0.3589 1.7581 0.817 -0.2028 0.5373 0.7025 4.2874 -0.0401 0.0401 0.2962 0 0
47 10 1690 0 0 0 0 0 1.0003 0 0.8313 -0.0937 0.1305 0.1642 0.8953 0.9758 0.0377 0.3193 0.4575 4.3328 0.7478 -0.0109 0.5632 0.699 4.1854 -0.0868 0.0868 0.3456 0 0
47 11 1783 0 0 0 0 0 1.0003 0 0.8153 0.1047 0.1804 0.2271 0.9584 0.9875 -0.1451 0.1645 0.213 1.6975 0.8101 -0.099 0.5282 0.6832 4.3529 -0.0413 0.0413 0.2639 0 0
47 12 1686 0 0 0 0 0 1.0009 0 0.7668 0.0102 0.1129 0.1394 0.8757 0.9911 -0.0328 0.1326 0.1713 1.786 0.8072 0.0471 0.5213 0.6852 4.393 -0.0505 0.0505 0.3 0 0
47 13 1669 0 0 0 0 0 1.0005 0 0.8184 0.0255 0.0926 0.112 0.9089 0.9957 -0.1141 0.1268 0.1614 2.3791 0.7884 -0.0841 0.5575 0.7359 4.2857 -0.0835 0.0835 0.3381 0 0
47 14 1841 0 0 0 0 0 1.0003 0 0.4033 -0.0075 0.1407 0.1429 0.6722 0.9926 -0.2593 0.2673 0.2973 1.4487 0.8407 -0.1727 0.5389 0.6797 4.5567 0.1241 0.1241 0.2351 0 0
47 15 1729 0 0 0 0 0 1.0005 0 0.4572 -0.0143 0.1336 0.1501 0.7429 0.9857 -0.0915 0.1613 0.2023 1.7415 0.8083 -0.0495 0.5503 0.6806 4.5101 -0.0218 0.0218 0.3072 0 0
47 16 1752 0 0 0 0 0 1.0002 0 0.9181 0.0268 0.1317 0.1774 1.1265 0.9932 0.166 0.1725 0.2044 1.711 0.8143 0.1423 0.5456 0.6824 4.2071 -0.0763 0.0763 0.3016 0 0
47 17 1698 0 0 0 0 0 1.0004 0 0.8603 0.0532 0.1678 0.1962 1.0533 0.9833 -0.223 0.2301 0.3511 4.1046 0.7676 -0.014 0.5756 0.7384 4.3598 -0.013 0.013 0.3158 0 0
47 18 1722 0 0 0 0 0 1.0005 0 0.3224 0.0481 0.1414 0.18 0.7419 0.9925 -0.0035 0.1019 0.1246 1.485 0.768 0.0339 0.6318 0.7982 4.3161 -0.0274 0.0274 0.3121 0 0
47 19 1717 0 0 0 0 0 1.0004 0 0.2741 -0.0669 0.2107 0.2607 0.9407 0.9919 -0.0766 0.1614 0.2106 2.7709 0.814 -0.116 0.5008 0.6548 4.2365 -0.1332 0.1332 0.3166 0 0
47 20 1772 0 0 0 0 0 1.0009 0 0.7616 -0.0842 0.1947 0.2325 0.9418 0.9812 0.2118 0.3547 0.4484 2.9456 0.8118 0.1385 0.5537 0.7081 4.4983 0.0887 0.0887 0.283 0 0
47 21 1772 0 0 0 0 0 1.0002 0 0.6049 0.0209 0.1467 0.17 0.8093 0.992 0.0137 0.1322 0.1648 1.4187 0.8318 0.047 0.5198 0.6742 4.2265 -0.0989 0.0989 0.3042 0 0
47 22 1732 0 0 0 0 0 1.0003 0 0.7602 -0.0828 0.1159 0.1518 0.8284 0.9864 0.1026 0.2258 0.292 2.1263 0.7884 0.1553 0.5187 0.6659 4.1144 -0.0445 0.0445 0.2996 0 0
47 23 1724 0 0 0 0 0 1.0005 0 0.6579 -0.1212 0.1665 0.1989 0.8695 0.9805 0.149 0.331 0.4383 2.8799 0.7748 0.1881 0.5959 0.762 4.7452 0.0928 0.0928 0.2946 0 0
47 24 1738 0 0 0 0 0 1.0004 0 0.36 -0.1719 0.1719 0.1975 0.7586 0.9911 0.0803 0.2794 0.3737 4.2074 0.7583 0.1487 0.527 0.6844 4.2725 -0.0702 0.0702 0.3669 0 0
47 25 1680 0 0 0 0 0 1.0004 0 0.1565 -0.1887 0.2538 0.3507 1.0926 0.9688 0.7424 0.9583 1.8942 22.1269 0.7215 0.0044 0.596 0.7615 4.1187 -0.2496 0.2496 0.4453 0 0
47 26 1729 0 0 0 0 0 1.0002 0 -0.0872 -0.0235 0.1056 0.1118 0.7137 0.9849 -0.0525 0.194 0.2599 2.69 0.7665 -0.0222 0.5757 0.7198 4.15 -0.0159 0.0159 0.3142 0 0
47 27 1776 0 0 0 0 0 1.0004 0 0.954 0.0084 0.075 0.0863 0.9796 0.9921 0.1244 0.182 0.218 2.3736 0.8278 0.1413 0.5283 0.6788 4.2058 0.0148 0.0148 0.2949 0 0
47 28 1678 0 0 0 0 0 1.0004 0 0.767 -0.1125 0.1892 0.2345 0.8441 0.9951 0.1478 0.1775 0.2131 2.3819 0.8283 0.114 0.5236 0.6614 4.1569 0.019 0.019 0.2639 0 0
47 29 1768 0 0 0 0 0 1.0006 0 0.9587 -0.1615 0.1615 0.1701 0.643 0.99 -0.0146 0.2739 0.3788 3.4056 0.8196 -0.0244 0.4799 0.6179 4.2229 0.0698 0.0698 0.282 0 0
47 30 2935 0 0 0 0 0 1.0002 0 0.9912 0.1255 0.1255 0.1391 0.8642 0.9956 0.2975 0.3057 0.342 1.8018 0.8375 0.3355 0.5931 0.785 4.4864 0.0928 0.0928 0.2359 0 0
47 31 1770 0 0 0 0 0 1.0009 0 0.307 0.047 0.1359 0.1744 0.7387 0.9626 0.1771 0.2328 0.3737 1.5782 0.8138 0.0836 0.5369 0.6752 4.1146 0.0094 0.0094 0.297 0 0
47 32 1732 0 0 0 0 0 1.0006 0 0.9539 -0.1102 0.111 0.1385 0.8859 0.9916 -0.0065 0.1481 0.1885 1.8492 0.8066 0.0149 0.4982 0.6556 4.2449 -0.1104 0.1104 0.3098 0 0
47 33 1767 0 0 0 0 0 1.0003 0 0.9927 -0.0696 0.0733 0.0907 0.7623 0.9779 -0.0436 0.2149 0.376 5.5119 0.809 0.1128 0.5193 0.6667 4.1388 0.0242 0.0242 0.2779 0 0
47 34 1833 0 0 0 0 0 1.0004 0 0.975 -0.0353 0.1422 0.175 1.1826 0.9942 0.08 0.1317 0.1572 1.6046 0.8534 0.1157 0.5186 0.6705 4.379 0.0649 0.0649 0.2479 0 0
47 35 1806 0 0 0 0 0 1.0005 0 0.4856 -0.207 0.239 0.3243 0.8701 0.9946 -0.1443 0.2934 0.3745 4.2734 0.8045 -0.2354 0.5703 0.7227 4.5685 0.0731 0.0731 0.2654 0 0
47 36 1715 0 0 0 0 0 1.0006 0 0.7389 0.0516 0.1338 0.1445 0.8013 0.9867 0.0895 0.1489 0.1825 1.5048 0.8186 0.0392 0.5287 0.6655 4.36 -0.0209 0.0209 0.2919 0 0
47 37 1713 0 0 0 0 0 1.0009 0 0.9248 0.0346 0.0939 0.1584 1.0372 0.9845 -0.0331 0.122 0.2003 2.3286 0.8115 0.0311 0.5076 0.6465 4.079 -0.0655 0.0655 0.3077 0 0
47 38 1787 0 0 0 0 0 1.0004 0 0.867 0.0507 0.1199 0.1462 0.8058 0.9839 -0.1419 0.2183 0.2975 1.4091 0.8321 -0.0845 0.4784 0.6187 4.1434 -0.1048 0.1048 0.2926 0 0
47 39 1759 0 0 0 0 0 1.0003 0 0.7888 0.035 0.1083 0.156 0.8517 0.9932 -0.0805 0.1707 0.2201 2.045 0.7924 -0.0116 0.5735 0.7207 4.1592 0.0441 0.0441 0.3025 0 0
47 40 1897 0 0 0 0 0 1.0011 0 0.8077 -0.1069 0.1491 0.1809 0.8874 0.979 0.1575 0.358 0.4808 3.3542 0.7856 0.0559 0.5768 0.7324 4.2357 0.1429 0.1429 0.2605 0 0
47 41 1663 0 0 0 0 0 1.0005 0 0.608 -0.0463 0.1873 0.223 0.9782 0.9755 0.1465 0.3449 0.6022 6.1751 0.7805 0.0305 0.5868 0.737 4.4019 -0.0384 0.0384 0.3218 0 0
47 42 1714 0 0 0 0 0 1.0003 0 0.4857 -0.0248 0.2035 0.2278 0.9997 0.9868 0.1209 0.2178 0.2875 2.4709 0.8198 0.0958 0.5201 0.6754 4.2623 -0.0721 0.0721 0.2924 0 0
47 43 1930 0 0 0 0 0 1.0003 0 0.7961 -0.0845 0.1049 0.1231 0.7473 0.9738 -0.2684 0.3405 0.3851 2.8534 0.7899 -0.4178 0.6403 0.813 4.5213 0.1032 0.1032 0.2779 0 0
47 44 1748 0 0 0 0 0 1.0005 0 0.7839 0.0868 0.1007 0.1281 0.8245 0.9899 -0.1115 0.1395 0.1782 1.5351 0.7546 -0.0124 0.5938 0.7686 4.0957 0.0153 0.0153 0.3089 0 0
47 45 1759 0 0 0 0 0 1.0002 0 0.9478 0.0476 0.0538 0.0705 0.7931 0.9957 0.1308 0.1602 0.1862 2.7719 0.7885 0.1174 0.6217 0.7751 4.2168 -0.0154 0.0154 0.306 0 0
47 46 1717 0 0 0 0 0 1.0003 0 0.9475 -0.1095 0.1329 0.1708 0.8237 0.9946 0.054 0.2115 0.2936 3.6973 0.76 -0.0077 0.5716 0.7418 4.2352 -0.1058 0.1058 0.3214 0 0
47 47 1727 0 0 0 0 0 1.0002 0 0.905 0.0533 0.1139 0.1287 0.8827 0.9867 0.0434 0.1316 0.1608 1.5694 0.7982 -0.0523 0.5291 0.678 4.0829 -0.0892 0.0892 0.3007 0 0
47 48 2457 0 0 0 0 0 1.0005 0 0.8112 0.0095 0.1913 0.2077 0.8554 0.9884 0.0094 0.1517 0.1939 1.8216 0.8145 0.0414 0.5181 0.656 4.455 0.0479 0.0479 0.2618 0 0
47 49 1752 0 0 0 0 0 1.0006 0 0.957 0.1206 0.1206 0.1545 0.9414 0.9905 -0.0412 0.1797 0.228 1.9875 0.814 -0.021 0.5396 0.6883 4.0928 -0.032 0.032 0.2828 0 0
47 50 1754 0 0 0 0 0 1.0002 0 0.7709 0.0323 0.1737 0.2004 0.9856 0.9822 -0.0145 0.2057 0.2634 3.1268 0.8116 -0.0688 0.4979 0.653 4.0925 0.0135 0.0135 0.2876 0 0
47 51 1710 0 0 0 0 0 1.0002 0 0.7983 -0.0102 0.0869 0.1029 0.7772 0.9908 -0.1252 0.1567 0.1847 1.4611 0.7889 -0.0017 0.5865 0.7358 4.4252 0.0461 0.0461 0.2754 0 0
47 52 1767 0 0 0 0 0 1.0004 0 0.4645 0.0489 0.12 0.133 0.7952 0.9823 -0.1199 0.1954 0.2329 1.9892 0.8097 -0.0858 0.5605 0.7007 4.1294 0.0419 0.0419 0.3015 0 0
47 53 1727 0 0 0 0 0 1.0002 0 0.5241 -0.0675 0.1425 0.1663 0.9117 0.9915 -0.0793 0.1964 0.2479 2.8269 0.7636 -0.1209 0.59 0.7533 4.5336 0.0042 0.0042 0.2818 0 0
47 54 1766 0 0 0 0 0 1.0008 0 0.8629 -0.0688 0.1139 0.1286 0.8751 0.9942 0.1729 0.2799 0.3078 3.8215 0.762 0.1743 0.5362 0.682 4.3099 -0.0818 0.0818 0.369 0 0
47 55 1702 0 0 0 0 0 1.0004 0 0.5955 -0.2238 0.2238 0.2815 0.7954 0.9897 -0.2251 0.413 0.5189 4.4966 0.7544 -0.2255 0.5796 0.7417 4.504 0.0432 0.0432 0.3462 0 0
47 56 1695 0 0 0 0 0 1.0004 0 0.3079 0.0614 0.183 0.2615 0.9951 0.9745 0.1612 0.2098 0.3002 1.5121 0.7801 0.1145 0.5272 0.6847 4.1051 -0.1307 0.1307 0.3361 0 0
47 57 1838 0 0 0 0 0 1.0005 0 0.6904 0.0446 0.1415 0.1756 0.785 0.9944 0.0401 0.1086 0.1409 1.4133 0.857 0.0214 0.4355 0.5556 4.0754 -0.1133 0.1133 0.2943 0 0
47 58 1733 0 0 0 0 0 1.0002 0 0.4036 0.0426 0.1912 0.2188 0.8203 0.9777 -0.163 0.2184 0.3367 4.1071 0.8054 -0.0392 0.5432 0.7118 4.154 -0.061 0.061 0.3373 0 0
47 59 1860 0 0 0 0 0 1.0004 0 0.873 -0.0233 0.1273 0.1377 0.8357 0.9798 -0.018 0.1578 0.2376 1.8728 0.8183 0.0459 0.4793 0.6392 4.0921 -0.0093 0.0093 0.2698 0 0
47 60 1705 0 0 0 0 0 1.0004 0 0.9691 0.0493 0.1305 0.1325 1.2932 0.9757 0.1447 0.248 0.3008 2.4989 0.8097 0.0675 0.5603 0.7195 4.3156 -0.0505 0.0505 0.3171 0 0
47 61 1729 0 0 0 0 0 1.0011 0 0.8471 -0.1492 0.1492 0.1854 0.7341 0.989 0.0211 0.1419 0.2128 1.7729 0.8197 -0.0113 0.4746 0.6185 4.3959 0.0328 0.0328 0.2886 0 0
47 62 2172 0 0 0 0 0 1.0004 0 0.7808 0.0672 0.1268 0.1609 0.7502 0.9904 -0.3156 0.3156 0.3545 1.6636 0.8301 -0.2848 0.5956 0.7493 4.4544 0.1463 0.1463 0.23 0 0
47 63 1666 0 0 0 0 0 1.0008 0 0.9815 0.054 0.1041 0.1096 0.8835 0.9922 -0.2565 0.26 0.2951 2.2361 0.793 -0.2143 0.6009 0.7789 4.4469 0.0717 0.0717 0.2737 0 0
47 64 2608 0 0 0 0 0 1.0003 0 0.9903 0.0518 0.0747 0.094 0.9523 0.9964 -0.0516 0.0944 0.1111 1.8347 0.8567 -0.0803 0.4895 0.638 3.9941 0.0399 0.0399 0.236 0 0
47 65 1756 0 0 0 0 0 1.0003 0 0.7616 0.0721 0.1694 0.2035 0.8067 0.9853 -0.1588 0.1897 0.2377 1.7616 0.8392 -0.097 0.51 0.6508 4.1913 -0.048 0.048 0.2658 0 0
47 66 1800 0 0 0 0 0 1.0007 0 0.8783 -0.2507 0.2534 0.3489 0.7883 0.987 -0.0074 0.3749 0.5236 4.129 0.7894 0.0757 0.5358 0.6902 4.6962 0.0829 0.0829 0.2667 0 0
47 67 1766 0 0 0 0 0 1.0007 0 0.855 0.0721 0.1125 0.1611 0.8832 0.9895 0.0443 0.1303 0.1734 1.6414 0.7981 0.0297 0.5027 0.6476 4.0688 -0.1652 0.1652 0.3319 0 0
47 68 1749 0 0 0 0 0 1.0008 0 0.7967 0.0634 0.2 0.2263 0.9555 0.9871 0.0165 0.1511 0.1923 1.6254 0.8179 0.0325 0.4998 0.6535 4.1098 -0.0667 0.0667 0.2966 0 0
47 69 1731 0 0 0 0 0 1.0004 0 0.9758 -0.065 0.1018 0.1102 0.9466 0.9933 0.2604 0.2729 0.3036 2.5436 0.8029 0.1962 0.545 0.6962 4.3481 -0.0365 0.0365 0.316 0 0
47 70 1707 0 0 0 0 0 1.0003 0 0.8333 -0.0237 0.1127 0.147 0.8068 0.9877 -0.1017 0.1938 0.2721 4.3577 0.7787 -0.0782 0.5623 0.7195 4.192 -0.0119 0.0119 0.3023 0 0
47 71 1805 0 0 0 0 0 1.0005 0 0.7688 0.0496 0.0873 0.1094 0.7654 0.9951 -0.0605 0.1328 0.1658 2.0326 0.8205 0.0048 0.5651 0.7006 4.1224 0.0364 0.0364 0.2872 0 0
47 72 1734 0 0 0 0 0 1.0012 0 0.7 -0.0522 0.1093 0.1312 0.7717 0.9844 -0.1376 0.2413 0.3142 2.8367 0.8046 -0.0362 0.5316 0.7018 4.3973 0.0098 0.0098 0.3063 0 0
47 73 2138 0 0 0 0 0 1.0003 0 0.9731 0.139 0.1534 0.1836 1.1645 0.9881 -0.3799 0.3807 0.4823 2.7246 0.8502 -0.3162 0.5392 0.6879 4.2892 0.0308 0.0308 0.3012 0 0
47 74 1736 0 0 0 0 0 1.0002 0 0.8783 -0.1647 0.175 0.2182 0.8069 0.9954 0.0256 0.1739 0.2234 2.1651 0.8374 0.0981 0.4395 0.5839 4.3894 0.0332 0.0332 0.2878 0 0
47 75 1812 0 0 0 0 0 1.0007 0 0.777 0.0616 0.1249 0.1354 0.7626 0.9913 -0.1962 0.2087 0.2516 1.163 0.8407 -0.1846 0.5298 0.6564 4.0207 -0.0622 0.0622 0.274 0 0
47 76 1839 0 0 0 0 0 1.0004 0 0.9732 0.0505 0.0624 0.0926 0.8483 0.9932 -0.0917 0.1252 0.1571 1.7765 0.8439 -0.0751 0.5008 0.6624 4.0632 0.0179 0.0179 0.2554 0 0
47 77 1744 0 0 0 0 0 1.0004 0 0.7101 -0.2227 0.2645 0.2751 0.8312 0.9974 -0.2254 0.2701 0.3252 3.8807 0.8473 -0.1145 0.4907 0.6389 4.4034 0.0141 0.0141 0.289 0 0
47 78 1733 0 0 0 0 0 1.0004 0 0.616 0.0072 0.1212 0.1566 0.8129 0.9785 0.3293 0.3744 0.4191 2.6889 0.7349 0.1851 0.5995 0.7644 4.1475 -0.1654 0.1654 0.3859 0 0
47 79 1670 0 0 0 0 0 1.0009 0 -0.721 0.0321 0.2458 0.2786 0.8227 0.9576 -0.2333 0.3684 0.5123 4.0986 0.7469 0.0248 0.5927 0.7475 4.3651 -0.0577 0.0577 0.318 0 0
47 80 1730 0 0 0 0 0 1.0004 0 0.9332 0.0031 0.125 0.1468 1.0653 0.9962 -0.1118 0.1492 0.1758 2.8611 0.8257 -0.1896 0.523 0.6772 4.3679 0.0324 0.0324 0.3002 0 0
47 81 1760 0 0 0 0 0 1.0004 0 0.9618 -0.0261 0.0634 0.0699 0.8981 0.9941 -0.2954 0.3039 0.3346 2.4882 0.8209 -0.2388 0.5715 0.7409 4.4424 0.0562 0.0562 0.3059 0 0
47 82 1780 0 0 0 0 0 1.0004 0 -0.0347 -0.1003 0.1332 0.1636 0.7483 0.9887 -0.058 0.1742 0.2673 3.0677 0.8051 0.01 0.5485 0.7076 4.3567 0.0233 0.0233 0.2823 0 0
47 83 1717 0 0 0 0 0 1.0007 0 0.931 -0.0648 0.0684 0.0937 0.8255 0.9924 0.0636 0.132 0.1902 2.3933 0.7808 0.1205 0.5269 0.6881 4.1871 -0.1678 0.1678 0.3295 0 0
47 84 1779 0 0 0 0 0 1.0003 0 0.9803 -0.0572 0.0691 0.0881 0.8578 0.9841 0.061 0.2159 0.2538 2.5241 0.8036 0.277 0.5781 0.7696 4.441 0.0601 0.0601 0.2946 0 0
47 85 1764 0 0 0 0 0 1.0002 0 0.2582 -0.018 0.1723 0.1949 0.7639 0.9734 -0.0114 0.2325 0.3579 2.907 0.7777 -0.0869 0.5816 0.7478 4.3665 0.0509 0.0509 0.2953 0 0
47 86 1817 0 0 0 0 0 1.0004 0 0.8798 -0.0595 0.0844 0.1085 0.7289 0.9963 0.0225 0.1618 0.1865 2.1208 0.8573 0.0073 0.4595 0.6017 4.4454 0.041 0.041 0.2685 0 0
47 87 1702 0 0 0 0 0 1.0006 0 0.8398 -0.0904 0.1356 0.1608 0.8647 0.9614 0.0786 0.2875 0.4829 5.4928 0.7808 -0.106 0.5632 0.7093 4.2099 -0.1028 0.1028 0.3998 0 0
47 88 1671 0 0 0 0 0 1.0006 0 0.939 0.0126 0.0762 0.096 0.9532 0.9898 0.3013 0.3064 0.3704 2.5371 0.8115 0.2184 0.5589 0.7237 4.1159 -0.0184 0.0184 0.2888 0 0
47 89 1814 0 0 0 0 0 1.0003 0 0.943 -0.0249 0.089 0.0958 0.833 0.9898 0.0317 0.1593 0.1949 2.7344 0.7962 9e-04 0.5319 0.7015 4.3951 0.0631 0.0631 0.2866 0 0
47 90 1756 0 0 0 0 0 1.0003 0 0.7694 -0.0428 0.1233 0.1379 0.849 0.9866 0.1066 0.1824 0.2176 1.8902 0.8173 0.0537 0.4922 0.6485 4.255 -0.0597 0.0597 0.3049 0 0
47 91 1812 0 0 0 0 0 1.0009 0 0.2575 -0.0616 0.1825 0.2286 0.8282 0.9858 0.233 0.2448 0.331 2.3391 0.7979 0.1548 0.5556 0.7042 4.3935 -0.0339 0.0339 0.3265 0 0
47 92 1706 0 0 0 0 0 1.0003 0 0.8722 0.0176 0.0733 0.0827 0.8637 0.9941 -0.0165 0.0983 0.1355 1.5207 0.7778 0.044 0.5345 0.7156 4.1432 -0.198 0.198 0.3506 0 0
47 93 1767 0 0 0 0 0 1.0004 0 -0.5422 0.0029 0.1331 0.1721 0.7702 0.9794 0.187 0.2133 0.3044 1.8613 0.8025 0.2292 0.5384 0.6877 4.2698 -0.0463 0.0463 0.3522 0 0
47 94 1693 0 0 0 0 0 1.0006 0 0.3406 0.0572 0.2218 0.2659 0.9725 0.9664 0.1485 0.2671 0.3296 2.5735 0.7646 0.1405 0.5854 0.7395 4.2631 -0.1051 0.1051 0.4001 0 0
47 95 1853 0 0 0 0 0 1.0008 0 0.6608 0.069 0.195 0.2246 0.9245 0.9915 0.2394 0.246 0.3029 1.9952 0.845 0.0853 0.4992 0.6564 4.0771 0.0144 0.0144 0.2679 0 0
47 96 1782 0 0 0 0 0 1.0003 0 0.9194 -0.0147 0.0808 0.1117 0.9297 0.9843 -0.1386 0.191 0.2606 1.5423 0.8047 -0.0383 0.5254 0.6749 4.144 0.0333 0.0333 0.2732 0 0
47 97 1691 0 0 0 0 0 1.0004 0 0.8525 0.0368 0.0833 0.0861 0.8659 0.9967 6e-04 0.082 0.1144 2.1684 0.7769 0.1314 0.5884 0.7327 4.0932 -0.11 0.11 0.3187 0 0
47 98 1748 0 0 0 0 0 1.0003 0 0.801 0.0712 0.1509 0.1672 0.8588 0.9895 0.03 0.1341 0.1887 1.3385 0.8298 0.0345 0.5008 0.6365 4.2638 -0.0717 0.0717 0.296 0 0
47 99 1736 0 0 0 0 0 1.0004 0 0.931 -0.0423 0.0978 0.1128 0.7937 0.9922 -0.1623 0.1728 0.2569 3.2094 0.8073 -0.1606 0.5679 0.7192 4.6137 0.1239 0.1239 0.2487 0 0
47 100 1935 0 0 0 0 0 1.0006 0 0.4736 -0.038 0.1307 0.1568 0.783 0.9909 -0.0672 0.2181 0.2986 3.7294 0.7505 -0.0092 0.5826 0.7668 4.9111 0.0962 0.0962 0.3232 0 0
47 101 1711 0 0 0 0 0 1.0004 0 0.3196 0.0149 0.2478 0.3038 1.0483 0.9644 -0.0727 0.3334 0.5786 5.8255 0.7602 0.0916 0.6205 0.7831 4.1725 -0.0877 0.0877 0.3698 0 0
47 102 1664 0 0 0 0 0 1.0002 0 0.9207 -0.1311 0.1311 0.1766 0.9233 0.9939 0.0255 0.2256 0.2774 2.586 0.7905 -0.0159 0.5379 0.6913 4.2431 -0.1206 0.1206 0.3716 0 0
47 103 1809 0 0 0 0 0 1.0004 0 0.333 -0.016 0.204 0.2381 0.8468 0.9812 -0.2029 0.2649 0.3162 1.3197 0.8275 -0.1121 0.4659 0.6104 4.077 -0.0755 0.0755 0.2921 0 0
47 104 1717 0 0 0 0 0 1.0004 0 0.256 -0.0814 0.2107 0.2998 0.8088 0.9398 1.1251 1.3973 3.0869 34.3773 0.7927 0.0429 0.5519 0.7082 4.3539 -0.0433 0.0433 0.3224 0 0
47 105 1624 0 0 0 0 0 1.0006 0 -0.5409 -0.079 0.211 0.2468 0.925 0.9728 -0.0857 0.3101 0.3649 3.4595 0.6949 -0.192 0.6532 0.8244 4.3834 0.0255 0.0255 0.3463 0 0
47 106 1779 0 0 0 0 0 1.0007 0 0.5074 0.0491 0.1685 0.2367 0.9515 0.9942 -0.0119 0.1136 0.1499 2.1653 0.7992 0.0778 0.544 0.6995 4.321 -0.0374 0.0374 0.2888 0 0
47 107 1802 0 0 0 0 0 1.0005 0 0.6214 -6e-04 0.2052 0.2484 0.936 0.985 -0.0126 0.2484 0.3061 3.472 0.8199 -0.0305 0.5611 0.7014 4.2931 0.1076 0.1076 0.2469 0 0
47 108 1709 0 0 0 0 0 1.0004 0 0.9461 -0.1263 0.1346 0.1561 0.7634 0.9917 0.1128 0.1926 0.2347 2.0894 0.7922 0.0121 0.5361 0.6837 4.3482 0.011 0.011 0.2969 0 0
47 109 1652 0 0 0 0 0 1.0003 0 0.3888 -0.001 0.1638 0.1852 0.8787 0.9757 0.1435 0.165 0.3207 3.857 0.7148 -0.0198 0.5545 0.7045 4.1921 -0.1848 0.1848 0.3709 0 0
47 110 1740 0 0 0 0 0 1.0003 0 0.5133 0.0304 0.136 0.1656 0.7726 0.9818 0.1294 0.2586 0.3061 3.0686 0.7694 0.1095 0.6106 0.7764 4.4148 0.0208 0.0208 0.2829 0 0
47 111 1730 0 0 0 0 0 1.001 0 0.733 -0.1131 0.1818 0.2161 0.7501 0.9546 0.0624 0.1977 0.3655 2.9641 0.8032 0.0629 0.5266 0.666 4.469 0.0498 0.0498 0.2749 0 0
47 112 1725 0 0 0 0 0 1.0003 0 0.9304 -0.115 0.115 0.1616 0.8551 0.9788 -0.1191 0.2282 0.3519 3.0022 0.8019 -0.0374 0.5084 0.6451 4.352 0.0076 0.0076 0.2696 0 0
47 113 1772 0 0 0 0 0 1.0002 0 0.3498 -0.0748 0.1876 0.212 0.7552 0.996 -9e-04 0.1369 0.1788 2.5179 0.8352 -0.0986 0.5147 0.6606 4.3487 0.0777 0.0777 0.2568 0 0
47 114 1731 0 0 0 0 0 1.0005 0 0.8469 0.0062 0.1286 0.1805 0.9423 0.9856 0.0169 0.1369 0.1705 1.8094 0.8223 2e-04 0.5044 0.6508 4.2169 -0.0832 0.0832 0.3008 0 0
47 115 1665 0 0 0 0 0 1.0007 0 0.4262 -0.0632 0.1423 0.1513 0.8335 0.9746 -0.1222 0.3452 0.4198 4.7138 0.7676 -0.2551 0.6515 0.8043 4.3541 0.0196 0.0196 0.3566 0 0
47 116 1840 0 0 0 0 0 1.0006 0 0.8104 -0.0705 0.1168 0.1279 0.7169 0.9866 0.1344 0.2331 0.3162 2.8451 0.8087 0.088 0.5355 0.6735 4.4698 0.1141 0.1141 0.2962 0 0
47 117 2152 0 0 0 0 0 1.0004 0 0.0588 0.006 0.1598 0.1799 0.6909 0.9919 -0.1877 0.2291 0.2902 2.7397 0.8312 -0.087 0.5242 0.6659 4.2642 0.0931 0.0931 0.2556 0 0
47 118 1801 0 0 0 0 0 1.0003 0 0.9303 0.0768 0.0935 0.122 0.8917 0.9923 0.1465 0.1779 0.2091 1.701 0.812 0.1501 0.5776 0.7266 4.0955 0.0646 0.0646 0.2594 0 0
47 119 1983 0 0 0 0 0 1.0003 0 0.9313 0.0188 0.1382 0.1493 0.8957 0.9871 0.1198 0.175 0.2394 2.4542 0.7952 0.0333 0.5557 0.7348 4.4588 0.0764 0.0764 0.2647 0 0
47 120 1729 0 0 0 0 0 1.0002 0 0.7536 -0.0192 0.1581 0.178 0.7995 0.9798 0.0463 0.1927 0.2716 2.3499 0.7575 -0.0367 0.5568 0.6957 4.1551 -0.0275 0.0275 0.3078 0 0
47 121 1709 0 0 0 0 0 1.0005 0 0.7967 0.0347 0.1411 0.173 1.0809 0.9954 -0.1761 0.1828 0.2659 4.2649 0.787 -0.0889 0.5547 0.6924 4.1686 -0.1254 0.1254 0.3542 0 0
47 122 1717 0 0 0 0 0 1.0003 0 0.627 0.0049 0.1069 0.1323 0.7882 0.9913 -0.0391 0.1512 0.1971 3.5201 0.808 -0.1021 0.569 0.7106 4.1489 -0.0045 0.0045 0.2908 0 0
47 123 1807 0 0 0 0 0 1.0005 0 0.5975 -0.0234 0.1707 0.2078 0.9024 0.9878 0.441 0.441 0.4942 2.1743 0.8038 0.2212 0.5774 0.712 4.1011 0.0089 0.0089 0.2776 0 0
47 124 1744 0 0 0 0 0 1.0005 0 0.9088 -0.1426 0.1828 0.2018 0.9862 0.9177 -0.2318 0.4886 0.8183 11.0574 0.6993 0.0938 0.6003 0.7854 4.3466 -0.0142 0.0142 0.3581 0 0
47 125 1811 0 0 0 0 0 1.0012 0 0.9554 -0.2816 0.2985 0.3813 0.8842 0.9848 -0.3047 0.4088 0.5246 2.6392 0.7785 -0.1249 0.5642 0.7029 4.5076 0.0846 0.0846 0.2871 0 0
47 126 1692 0 0 0 0 0 1.0007 0 0.9524 -0.0793 0.1019 0.1192 0.8433 0.9879 0.1282 0.1874 0.2121 1.7322 0.8282 0.1407 0.5126 0.6374 4.4251 -0.0206 0.0206 0.2922 0 0
47 127 1798 0 0 0 0 0 1.0006 0 0.7934 -0.1173 0.1746 0.1817 0.7957 0.9954 0.0421 0.1648 0.2036 2.2806 0.8163 -0.051 0.4904 0.6376 4.3871 0.0178 0.0178 0.2804 0 0
47 128 1829 0 0 0 0 0 1.0006 0 0.8268 -0.0091 0.101 0.1429 0.8368 0.9955 0.0045 0.1027 0.1263 1.8036 0.8184 -0.1485 0.5395 0.6863 4.3026 -0.0325 0.0325 0.2944 0 0
47 129 1743 0 0 0 0 0 1.0005 0 0.6443 -0.1164 0.1494 0.1798 0.856 0.9697 0.1217 0.3007 0.4191 4.2275 0.7532 0.0451 0.5465 0.7138 4.3303 -0.054 0.054 0.4381 0 0
47 130 1814 0 0 0 0 0 1.0004 0 0.8989 -0.1986 0.1986 0.2132 0.6671 0.9816 -0.1186 0.3513 0.4227 3.1917 0.7417 -0.0959 0.57 0.7414 4.6246 0.0911 0.0911 0.3208 0 0
47 131 1743 0 0 0 0 0 1.0005 0 0.8159 -0.0253 0.1069 0.1317 0.7225 0.9918 0.027 0.1708 0.2059 2.3463 0.7743 -0.0058 0.5531 0.7013 4.3794 0.0172 0.0172 0.2872 0 0
47 132 1736 0 0 0 0 0 1.0005 0 0.7313 0.0211 0.1368 0.174 0.9707 0.9782 -0.0505 0.2106 0.2388 1.6478 0.7755 -0.0867 0.5533 0.715 4.2334 0.0116 0.0116 0.3063 0 0
47 133 1684 0 0 0 0 0 1.0006 0 0.9706 0.0435 0.0878 0.1019 1.1159 0.9949 -0.0018 0.1013 0.125 2.0396 0.7506 0.0063 0.5419 0.7256 4.2398 -0.0857 0.0857 0.2979 0 0
47 134 1809 0 0 0 0 0 1.0004 0 0.7944 -0.0312 0.1255 0.1375 0.8162 0.9926 0.0321 0.1505 0.1759 2.1165 0.8275 -0.035 0.5559 0.6906 4.2169 0.0618 0.0618 0.2596 0 0
47 135 1771 0 0 0 0 0 1.0005 0 0.4589 0.0185 0.1399 0.153 0.7233 0.9697 0.2274 0.2625 0.3695 2.541 0.758 0.16 0.6067 0.7897 4.4047 0.0581 0.0581 0.3154 0 0
47 136 1762 0 0 0 0 0 1.0004 0 0.8329 -0.1271 0.1751 0.2059 0.7924 0.9758 0.0661 0.3544 0.6306 5.201 0.8135 0.017 0.5124 0.6544 4.0771 0.017 0.017 0.275 0 0
47 137 1746 0 0 0 0 0 1.0002 0 0.8793 -0.0185 0.1643 0.1742 0.9351 0.9718 0.3208 0.3576 0.4279 2.5934 0.8087 0.3552 0.5761 0.7158 4.308 -0.0547 0.0547 0.3161 0 0
47 138 1730 0 0 0 0 0 1.0003 0 0.5741 -0.1375 0.1641 0.2081 0.8243 0.9823 -0.3624 0.4771 0.8417 8.8272 0.7643 -0.0764 0.5906 0.7513 4.269 0.0042 0.0042 0.3268 0 0
47 139 2066 0 0 0 0 0 1.0005 0 0.9891 0.0694 0.0733 0.0977 1.151 0.9886 0.109 0.1466 0.1834 1.2258 0.8444 0.0725 0.478 0.627 4.1147 0.0326 0.0326 0.2576 0 0
47 140 2529 0 0 0 0 0 1.0005 0 0.7972 -0.0423 0.1063 0.1297 0.7743 0.9924 0.0586 0.1456 0.1942 2.6632 0.7872 0.0496 0.5822 0.751 4.6346 0.1284 0.1284 0.2618 0 0
47 141 1656 0 0 0 0 0 1.0006 0 0.3765 -0.1158 0.2327 0.268 1.1134 0.945 0.4582 0.631 1.1641 12.0566 0.7432 0.0418 0.5924 0.7433 4.3869 -0.0468 0.0468 0.3983 0 0
47 142 1767 0 0 0 0 0 1.0003 0 0.2396 -0.1204 0.2199 0.3135 0.8802 0.9918 0.1048 0.2826 0.3344 3.7279 0.8475 0.2598 0.5199 0.6602 4.3539 0.0025 0.0025 0.2662 0 0
47 143 1704 0 0 0 0 0 1.0005 0 0.9453 -0.0245 0.073 0.0877 0.8998 0.9909 -0.4324 0.4324 0.4829 4.108 0.7613 -0.1961 0.5994 0.7594 4.5294 0.0908 0.0908 0.2692 0 0
47 144 1697 0 0 0 0 0 1.0007 0 0.9413 -0.0256 0.1258 0.1434 0.9851 0.9906 -0.2948 0.3024 0.337 1.8438 0.8261 -0.2225 0.5671 0.7164 4.5977 0.0299 0.0299 0.2722 0 0
47 145 1718 0 0 0 0 0 1.0002 0 0.6246 -0.1343 0.2059 0.2385 0.7995 0.9931 0.239 0.339 0.4616 4.0209 0.7948 0.1269 0.5278 0.663 4.3258 0.0129 0.0129 0.3185 0 0
47 146 1761 0 0 0 0 0 1.0008 0 0.8562 -0.0606 0.1155 0.1313 0.8653 0.9764 -0.1138 0.3266 0.4294 4.1792 0.7536 -0.2199 0.6408 0.8114 4.6661 0.1038 0.1038 0.2848 0 0
47 147 1751 0 0 0 0 0 1.0003 0 0.7099 0.0485 0.0999 0.118 0.7528 0.9879 -0.0718 0.1634 0.2083 1.6417 0.8055 -0.0116 0.5209 0.6611 4.1116 -0.0616 0.0616 0.2923 0 0
47 148 1691 0 0 0 0 0 1.0004 0 0.735 -0.0106 0.1741 0.1964 0.9231 0.9812 -0.1745 0.2118 0.3106 2.4617 0.7916 -0.0268 0.5813 0.7315 4.1074 0.001 0.001 0.3061 0 0
47 149 1714 0 0 0 0 0 1.0008 0 0.8971 -0.0349 0.121 0.1373 0.9622 0.9881 -0.054 0.1517 0.1873 1.5007 0.8278 -0.0603 0.5247 0.6652 4.3975 -0.0502 0.0502 0.2974 0 0
47 150 1708 0 0 0 0 0 1.0005 0 0.8226 -0.0404 0.1244 0.1393 0.8744 0.9861 0.1168 0.2547 0.3422 2.9021 0.7124 0.093 0.577 0.7298 4.2832 -0.0648 0.0648 0.3515 0 0
47 151 1753 0 0 0 0 0 1.0004 0 0.2671 0.045 0.112 0.1345 0.7493 0.9919 0.0587 0.1517 0.1824 1.5764 0.7905 0.0497 0.5689 0.7359 4.2632 0.0522 0.0522 0.286 0 0
47 152 1624 0 0 0 0 0 1.0005 0 0.9178 -0.1303 0.1596 0.1654 0.921 0.9783 0.0546 0.4741 0.6764 5.8902 0.6939 0.1522 0.6058 0.7815 4.3173 -0.0322 0.0322 0.4049 0 0
47 153 1828 0 0 0 0 0 1.0006 0 0.7914 0.0096 0.1265 0.172 0.9169 0.9883 -0.0591 0.1906 0.2439 2.6065 0.7786 -0.0413 0.5665 0.7114 4.2078 0.073 0.073 0.2926 0 0
47 154 1749 0 0 0 0 0 1.0005 0 0.9562 -0.0311 0.0986 0.1099 1.0271 0.9909 -0.1029 0.2204 0.26 2.8519 0.7761 0.023 0.5312 0.7028 4.2923 -0.0682 0.0682 0.3567 0 0
47 155 1735 0 0 0 0 0 1.0003 0 0.6998 -0.0795 0.1946 0.2207 0.7793 0.9831 -0.2398 0.2866 0.3572 3.2454 0.7916 -0.1388 0.5703 0.7124 4.1542 -0.0119 0.0119 0.312 0 0
47 156 1795 0 0 0 0 0 1.0012 0 0.9191 0.0159 0.0829 0.0962 0.8357 0.9916 0.0838 0.1643 0.1907 1.952 0.792 0.1114 0.5016 0.6468 4.0559 -0.1158 0.1158 0.3115 0 0
47 157 2501 0 0 0 0 0 1.0005 0 0.9338 -0.1504 0.21 0.2625 0.7552 0.9939 0.1923 0.2016 0.2674 2.0088 0.8424 0.1768 0.5267 0.6657 4.4984 0.1165 0.1165 0.2561 0 0
47 158 1735 0 0 0 0 0 1.0005 0 0.8146 -0.0421 0.2489 0.2948 1.1955 0.9886 0.0118 0.2704 0.3389 5.9306 0.8012 -0.1635 0.5209 0.6602 4.3085 -0.1005 0.1005 0.3052 0 0
47 159 1890 0 0 0 0 0 1.0005 0 0.9265 -0.0284 0.077 0.0946 0.8309 0.9975 -0.1714 0.1819 0.2102 2.3625 0.8208 -0.0276 0.492 0.6345 4.2028 0.0487 0.0487 0.2829 0 0
47 160 1786 0 0 0 0 0 1.0006 0 0.5267 -0.0443 0.1516 0.1844 0.8119 0.9888 0.1141 0.227 0.2866 2.8429 0.8037 0.0686 0.5759 0.7217 4.3193 0.0944 0.0944 0.2947 0 0
47 161 1659 0 0 0 0 0 1.0004 0 0.9494 0.0525 0.1535 0.175 0.9414 0.9746 0.1683 0.2651 0.3551 4.0251 0.7842 0.1114 0.5914 0.7754 4.3242 -0.0211 0.0211 0.2987 0 0
47 162 1710 0 0 0 0 0 1.0007 0 0.389 -0.0517 0.1585 0.1918 0.8844 0.9845 0.0021 0.1844 0.2559 2.4832 0.7983 -0.022 0.5341 0.6802 4.3439 -0.0511 0.0511 0.3728 0 0
47 163 1795 0 0 0 0 0 1.0007 0 0.8696 -0.0385 0.1773 0.2532 0.8544 0.9953 0.082 0.1086 0.1468 1.2629 0.8355 0.0845 0.46 0.6395 4.1916 -0.1046 0.1046 0.2775 0 0
47 164 1663 0 0 0 0 0 1.0003 0 0.8971 -0.052 0.1878 0.2178 1.0295 0.962 0.0885 0.257 0.4485 4.3183 0.7793 0.0344 0.5341 0.7094 4.217 -0.114 0.114 0.3515 0 0
47 165 1719 0 0 0 0 0 1.0006 0 0.7123 -0.162 0.162 0.2275 0.776 0.9612 0.2319 0.6891 1.2064 10.4774 0.7432 -0.0197 0.6057 0.7621 4.4481 0.1138 0.1138 0.3169 0 0
47 166 1756 0 0 0 0 0 1.0004 0 0.4409 0.0417 0.1641 0.2058 0.8315 0.9819 0.1655 0.2127 0.2649 2.1775 0.8196 0.1085 0.4991 0.6594 4.0415 -0.1555 0.1555 0.317 0 0
47 167 2464 0 0 0 0 0 1.0006 0 0.1416 -0.1916 0.2488 0.339 0.8008 0.9898 0.1816 0.2536 0.3148 2.1101 0.8094 0.0926 0.5493 0.7045 4.6987 0.1148 0.1148 0.2908 0 0
47 168 1795 0 0 0 0 0 1.0007 0 0.3198 -0.0226 0.1346 0.169 0.7685 0.9863 -0.1061 0.1722 0.2264 2.052 0.8289 -0.152 0.5339 0.6859 4.2413 0.0671 0.0671 0.2916 0 0
47 169 1752 0 0 0 0 0 1.0002 0 0.9888 0.0866 0.1001 0.1063 0.7714 0.9858 0.0757 0.1775 0.2277 1.7134 0.7758 0.0082 0.6039 0.783 4.0775 -0.0088 0.0088 0.2912 0 0
47 170 1764 0 0 0 0 0 1.0004 0 0.8575 -0.116 0.1988 0.2414 0.7656 0.9878 0.0591 0.1472 0.2633 2.196 0.8291 -0.0098 0.4595 0.607 4.3191 -0.0213 0.0213 0.3019 0 0
47 171 1706 0 0 0 0 0 1.0006 0 0.9246 0.1414 0.1414 0.1628 0.8255 0.9873 -0.419 0.419 0.4607 1.4184 0.7932 -0.2638 0.6268 0.7932 4.1672 -0.0271 0.0271 0.3321 0 0
47 172 1886 0 0 0 0 0 1.0012 0 0.9089 -0.0394 0.0882 0.1062 0.8379 0.9744 0.0366 0.1775 0.2753 2.6376 0.8045 -0.0717 0.5252 0.675 4.4598 0.0324 0.0324 0.287 0 0
47 173 1730 0 0 0 0 0 1.0003 0 0.5404 0.0362 0.1582 0.1958 0.9066 0.992 -0.3047 0.3205 0.35 2.1969 0.7545 -0.2895 0.6168 0.7714 4.2397 -0.1346 0.1346 0.3181 0 0
47 174 1788 0 0 0 0 0 1.0004 0 0.6032 0.0611 0.1638 0.211 0.8396 0.9907 -0.2477 0.2734 0.2979 2.2816 0.8238 -0.1111 0.5806 0.7353 4.6078 0.0612 0.0612 0.272 0 0
47 175 1689 0 0 0 0 0 1.0003 0 0.665 0.1158 0.1782 0.2086 0.8688 0.9839 0.0107 0.1656 0.2011 2.0862 0.7682 0.0898 0.5764 0.7377 4.1575 -0.0988 0.0988 0.3495 0 0
47 176 1754 0 0 0 0 0 1.0002 0 0.6125 -0.0045 0.1301 0.173 0.844 0.9906 0.0555 0.1691 0.2113 3.1601 0.7738 0.0202 0.5443 0.6965 4.261 -0.0107 0.0107 0.3247 0 0
47 177 1650 0 0 0 0 0 1.0005 0 0.7798 -0.1569 0.2111 0.2552 0.8066 0.9893 0.1677 0.4594 0.5754 5.1249 0.6871 0.1336 0.6358 0.7988 4.4527 0.0182 0.0182 0.3769 0 0
47 178 1789 0 0 0 0 0 1.0003 0 0.9298 0.0765 0.0799 0.1235 0.8121 0.9957 0.0422 0.1585 0.2063 2.1687 0.8347 -0.0274 0.5049 0.6446 3.9662 -0.0425 0.0425 0.3083 0 0
47 179 1952 0 0 0 0 0 1.0002 0 0.3216 -0.0864 0.1942 0.2456 0.8053 0.9865 0.143 0.2398 0.3018 1.9728 0.8122 0.0881 0.5443 0.6794 4.2141 0.0957 0.0957 0.2709 0 0
47 180 1941 0 0 0 0 0 1.0007 0 0.8522 -0.0466 0.1266 0.1623 0.8724 0.9838 -0.0765 0.2529 0.4034 3.4744 0.8495 0.1603 0.513 0.6541 4.509 0.1308 0.1308 0.2363 0 0
47 181 2145 0 0 0 0 0 1.0004 0 0.9468 -0.1057 0.147 0.1838 1.0295 0.992 0.1663 0.2807 0.3516 3.8115 0.8371 0.1712 0.5397 0.7022 4.5424 0.1248 0.1248 0.2331 0 0
47 182 1730 0 0 0 0 0 1.0006 0 0.6292 0.0055 0.1559 0.2022 0.8383 0.992 0.5252 0.5252 0.5537 2.6239 0.7984 0.3843 0.6465 0.7967 4.1435 0.046 0.046 0.3166 0 0
47 183 1731 0 0 0 0 0 1.0004 0 0.7517 -0.0972 0.2311 0.3214 0.9328 0.9584 -0.358 0.4076 0.7188 6.7081 0.8132 -0.2409 0.5733 0.7447 4.5352 0.0316 0.0316 0.2815 0 0
47 184 1826 0 0 0 0 0 1.001 0 0.8291 -0.0387 0.2008 0.2318 1.0711 0.9876 -0.1039 0.1957 0.2501 2.1698 0.8118 0.0093 0.5467 0.7069 4.2007 0.0715 0.0715 0.257 0 0
47 185 1761 0 0 0 0 0 1.0003 0 0.8405 -0.0531 0.1228 0.1257 0.7895 0.9899 0.0233 0.1141 0.1421 1.6078 0.8424 -0.0311 0.4651 0.6223 4.4066 0.0416 0.0416 0.2567 0 0
47 186 1723 0 0 0 0 0 1.0005 0 0.8438 0.0202 0.1349 0.1538 0.8998 0.9662 0.1031 0.2274 0.298 2.6752 0.7897 0.1079 0.5551 0.7159 4.3785 0.0203 0.0203 0.2873 0 0
47 187 1790 0 0 0 0 0 1.0005 0 0.6759 0.0436 0.1598 0.1891 0.9862 0.9821 0.0825 0.1961 0.2306 1.9587 0.8234 -0.003 0.55 0.692 4.3227 0.0176 0.0176 0.2897 0 0
47 188 1753 0 0 0 0 0 1.0009 0 0.9899 -0.0266 0.0629 0.0725 0.9924 0.9921 -0.1776 0.2426 0.273 2.5822 0.7983 -0.2059 0.5517 0.6974 4.4291 0.0258 0.0258 0.3022 0 0
47 189 1778 0 0 0 0 0 1.0004 0 0.7995 -0.0738 0.1979 0.2133 0.9314 0.9956 0.0801 0.1207 0.1607 2.1619 0.8675 0.0184 0.4618 0.6036 4.0652 -0.0145 0.0145 0.2677 0 0
47 190 1769 0 0 0 0 0 1.0008 0 0.7754 -0.0122 0.2003 0.2411 0.9152 0.9589 -0.0479 0.3303 0.5265 5.6801 0.7773 -0.0053 0.5864 0.7431 4.3694 0.0283 0.0283 0.3213 0 0
47 191 1672 0 0 0 0 0 1.0011 0 0.8477 0.1481 0.1609 0.1997 0.8903 0.9831 3e-04 0.1375 0.1919 1.6414 0.8229 0.0436 0.5571 0.733 4.4834 -0.0052 0.0052 0.3005 0 0
47 192 1729 0 0 0 0 0 1.0005 0 0.9548 0.007 0.0835 0.0898 0.7707 0.9836 0.1134 0.178 0.2598 3.2486 0.828 0.0543 0.5093 0.6458 4.3231 0.0134 0.0134 0.2778 0 0
47 193 1749 0 0 0 0 0 1.0005 0 0.977 -0.0262 0.0743 0.0848 0.9377 0.996 -0.0147 0.089 0.1088 1.8873 0.8306 0.0152 0.5241 0.6685 4.0967 -7e-04 7e-04 0.2843 0 0
47 194 1698 0 0 0 0 0 1.0004 0 0.5527 -0.1226 0.1774 0.2112 0.7698 0.9974 0.1248 0.2356 0.2892 3.9965 0.8078 0.1968 0.5291 0.6706 4.453 -0.0211 0.0211 0.3135 0 0
47 195 1685 0 0 0 0 0 1.0005 0 0.8076 0.0775 0.1495 0.2143 0.9887 0.9876 -0.1179 0.2165 0.2569 1.7829 0.787 -0.058 0.5647 0.7242 4.1802 -0.1148 0.1148 0.336 0 0
47 196 1782 0 0 0 0 0 1.0012 0 0.5864 -0.0524 0.0941 0.1402 0.7871 0.9954 0.1877 0.2275 0.2547 2.9296 0.8051 0.2472 0.5775 0.7228 4.1556 0.0299 0.0299 0.2587 0 0
47 197 1706 0 0 0 0 0 1.0007 0 -0.0196 -0.1257 0.1459 0.2138 0.7014 0.9918 0.069 0.2121 0.3042 2.3994 0.8329 -0.0026 0.5131 0.6429 4.2434 0.051 0.051 0.2893 0 0
47 198 1780 0 0 0 0 0 1.0019 0 -0.1813 -0.0586 0.2252 0.2966 0.8612 0.9664 0.2032 0.3796 0.6626 5.9676 0.757 0.0357 0.5479 0.6945 4.2734 -0.0808 0.0808 0.3462 0 0
47 199 1704 0 0 0 0 0 1.0003 0 0.9868 -0.0348 0.0952 0.1078 0.9283 0.9974 -0.224 0.2283 0.2592 2.1854 0.8272 -0.1665 0.5227 0.683 4.2869 -0.0261 0.0261 0.2816 0 0
47 200 1762 0 0 0 0 0 1.0007 0 0.8152 -0.0297 0.115 0.1459 0.7617 0.9814 0.0053 0.1459 0.1981 1.523 0.8263 0.0333 0.5263 0.664 4.2391 -0.1165 0.1165 0.3249 0 0
47 201 1724 0 0 0 0 0 1.0005 0 0.883 -0.0881 0.1147 0.188 0.9811 0.9581 -0.1089 0.2863 0.5053 5.1928 0.8162 0.0729 0.4979 0.616 4.1772 -0.1135 0.1135 0.3491 0 0
47 202 1852 0 0 0 0 0 1.0002 0 0.9808 -0.0114 0.0839 0.1045 0.7961 0.9926 -0.0472 0.1215 0.1469 1.4845 0.7983 -0.1101 0.5439 0.6836 4.3584 -0.0117 0.0117 0.2902 0 0
47 203 1708 0 0 0 0 0 1.0006 0 0.878 -0.1088 0.1346 0.1558 0.808 0.9918 -0.0755 0.1849 0.2408 2.525 0.8009 -0.0228 0.5643 0.7458 4.3646 0.0948 0.0948 0.2622 0 0
47 204 1792 0 0 0 0 0 1.0004 0 0.9261 0.0277 0.1242 0.1479 1.0231 0.9862 -0.0025 0.1946 0.2561 2.9254 0.8017 -0.0472 0.5639 0.7387 4.6163 0.0515 0.0515 0.2769 0 0
47 205 2913 1 0 0 0 0 1.0008 0 0.9047 -0.1733 0.1733 0.2174 0.7934 0.9969 0.2777 0.3234 0.3839 2.8883 0.8524 0.2534 0.5471 0.6951 4.7758 0.1596 0.1596 0.2675 1 0
47 206 1769 0 0 0 0 0 1.0003 0 0.9165 0.0414 0.0791 0.0996 0.9024 0.9906 -0.0554 0.1126 0.1398 1.0698 0.8639 -0.0835 0.4618 0.6031 4.3875 -0.015 0.015 0.2619 0 0
47 207 1696 0 0 0 0 0 1.0005 0 0.4359 0.1247 0.2082 0.273 0.8536 0.9838 0.1612 0.1937 0.277 2.2126 0.807 0.0959 0.5141 0.6811 4.1409 -0.1684 0.1684 0.311 0 0
47 208 1782 0 0 0 0 0 1.0015 0 0.8582 0.035 0.1707 0.1892 0.9657 0.9934 -0.1524 0.1776 0.2166 1.9699 0.8549 -0.1523 0.4776 0.6045 4.0774 0.0218 0.0218 0.2645 0 0
47 209 1756 0 0 0 0 0 1.0007 0 0.8223 -0.0474 0.0958 0.1115 0.7687 0.9832 -0.0509 0.1747 0.2183 2.0692 0.7756 -0.0157 0.561 0.712 4.3412 0.0127 0.0127 0.3249 0 0
47 210 1740 0 0 0 0 0 1.0009 0 -0.2421 -0.154 0.1985 0.2785 0.7063 0.9826 -0.1673 0.4621 0.7808 6.7906 0.7772 -0.0695 0.5448 0.7093 4.508 0.0512 0.0512 0.3163 0 0
47 211 1695 0 0 0 0 0 1.0003 0 0.2192 -0.1559 0.183 0.2109 0.733 0.966 0.1557 0.272 0.3529 2.5657 0.785 0.0608 0.5693 0.7275 4.5825 -0.0079 0.0079 0.3498 0 0
47 212 1946 0 0 0 0 0 1.0003 0 0.0714 0.0174 0.1132 0.1449 0.6857 0.9815 0.0655 0.1677 0.2259 1.616 0.8246 0.0474 0.5174 0.6715 4.5069 0.0828 0.0828 0.254 0 0
47 213 2306 0 0 0 0 0 1.0007 0 0.9525 0.0571 0.0612 0.0755 0.7584 0.9951 -0.2775 0.2775 0.3036 1.4178 0.8366 -0.2288 0.5813 0.7606 4.6383 0.1021 0.1021 0.2605 0 0
47 214 1879 0 0 0 0 0 1.0007 0 0.8522 0.0363 0.0673 0.0787 0.6898 0.9957 -0.0472 0.0981 0.126 1.4343 0.8513 -0.1113 0.5224 0.6715 4.5347 0.1069 0.1069 0.2442 0 0
47 215 1748 0 0 0 0 0 1.0004 0 0.6043 -0.0804 0.2749 0.2905 1.1187 0.9682 0.3083 0.5191 0.6037 7.9068 0.7616 0.028 0.581 0.7525 4.3176 0.051 0.051 0.3097 0 0
47 216 1669 0 0 0 0 0 1.0004 0 0.8235 0.0636 0.1408 0.1588 0.9754 0.9818 -0.0252 0.1465 0.1926 1.208 0.7969 -0.0149 0.5397 0.7006 4.2176 -0.0829 0.0829 0.2932 0 0
47 217 1677 0 0 0 0 0 1.0003 0 -0.0785 -0.0778 0.1783 0.2596 0.8422 0.9763 -0.2521 0.3906 0.6841 7.7465 0.7576 0.0289 0.5736 0.7368 4.3419 -0.0223 0.0223 0.3037 0 0
47 218 1787 0 0 0 0 0 1.0006 0 0.81 -0.0022 0.134 0.1797 0.9327 0.9883 0.0404 0.2008 0.2765 2.8819 0.8015 0.1017 0.529 0.6947 4.4575 0.07 0.07 0.2812 0 0
47 219 2334 0 0 0 0 0 1.0004 0 0.9209 -0.0254 0.1213 0.156 0.9509 0.9925 0.0905 0.1099 0.1685 1.6787 0.8329 0.0546 0.5295 0.6773 4.3685 0.0622 0.0622 0.2399 0 0
47 220 1624 0 0 0 0 0 1.0004 0 0.9898 0.0145 0.1279 0.1447 1.1432 0.9697 0.1748 0.2365 0.3733 3.0355 0.8068 0.0836 0.5244 0.6711 4.2931 -0.0374 0.0374 0.2861 0 0
47 221 1729 0 0 0 0 0 1.0011 0 0.9387 0.0206 0.0937 0.1182 1.08 0.993 -0.1562 0.1806 0.2369 2.8513 0.7782 -0.0759 0.5752 0.7463 4.3216 -0.0482 0.0482 0.3214 0 0
47 222 1709 0 0 0 0 0 1.0004 0 0.6999 -0.0154 0.1201 0.1352 0.941 0.986 0.1534 0.2059 0.3068 3.1834 0.7638 0.0674 0.5561 0.7049 4.2465 -0.0944 0.0944 0.3581 0 0
47 223 1814 0 0 0 0 0 1.001 0 0.2076 0.0657 0.1178 0.1405 0.7108 0.9912 -0.1455 0.1864 0.2155 2.1823 0.7932 -0.1411 0.5675 0.7289 4.3846 0.0637 0.0637 0.2977 0 0
47 224 1735 0 0 0 0 0 1.0002 0 0.4467 -0.232 0.2479 0.2895 0.7291 0.9679 -0.1188 0.4744 0.7545 6.0711 0.7406 0.1068 0.531 0.6813 4.5353 0.0486 0.0486 0.3323 0 0
47 225 1799 0 0 0 0 0 1.0002 0 0.6657 -0.137 0.137 0.1709 0.6746 0.9904 0.0884 0.2148 0.2818 2.501 0.7825 0.0745 0.5594 0.7051 4.6123 0.1156 0.1156 0.2687 0 0
47 226 2126 0 0 0 0 0 1.0005 0 0.5792 -0.0019 0.1814 0.2097 0.8254 0.9945 0.2713 0.275 0.3147 2.2106 0.8259 0.2372 0.5632 0.7294 4.8091 0.1282 0.1282 0.2534 0 0
47 227 1811 0 0 0 0 0 1.0014 0 0.8844 -0.1009 0.1354 0.1732 0.9273 0.9843 -0.0205 0.1868 0.281 3.5312 0.8349 -0.0841 0.4822 0.6106 4.0558 0.0386 0.0386 0.252 0 0
47 228 1816 0 0 0 0 0 1.0005 0 0.7412 -0.1568 0.1869 0.2166 0.7786 0.9743 -0.173 0.3389 0.6145 6.1926 0.7415 -0.2251 0.6354 0.8122 4.7587 0.1679 0.1679 0.3133 0 0
47 229 1650 0 0 0 0 0 1.0004 0 0.3089 0.0329 0.1062 0.1423 0.7526 0.9761 0.1859 0.2578 0.3276 2.2254 0.7958 0.0601 0.5695 0.7175 4.2504 0.0045 0.0045 0.3462 0 0
47 230 1828 0 0 0 0 0 1.0003 0 0.3271 -0.1359 0.1534 0.1819 0.6824 0.9972 -0.1184 0.2122 0.2894 3.4576 0.8148 0.0232 0.5584 0.7073 4.166 0.0848 0.0848 0.2718 0 0
47 231 1673 0 0 0 0 0 1.0004 0 0.8568 -0.1314 0.1314 0.1735 0.9089 0.9901 0.1002 0.2389 0.3161 2.5816 0.7413 0.0489 0.6146 0.7673 4.5606 -0.0182 0.0182 0.3378 0 0
47 232 1788 0 0 0 0 0 1.0007 0 0.738 -0.0447 0.164 0.2081 0.778 0.9967 -0.0365 0.1247 0.1493 2.2134 0.8517 -0.0927 0.5028 0.6382 4.1726 0.0539 0.0539 0.2563 0 0
47 233 1779 0 0 0 0 0 1.0005 0 0.7513 0.0739 0.1756 0.2159 0.8687 0.988 0.008 0.141 0.1797 1.9152 0.8288 -0.0391 0.5547 0.7111 4.3577 0.0613 0.0613 0.2458 0 0
47 234 1743 0 0 0 0 0 1.0005 0 0.8061 -0.041 0.1351 0.1791 0.7557 0.9975 -0.2311 0.2429 0.2693 2.5895 0.8228 -0.1469 0.5351 0.6761 4.3924 0.0232 0.0232 0.3029 0 0
47 235 1704 0 0 0 0 0 1.0004 0 0.8743 0.0669 0.1501 0.1835 0.8938 0.987 0.1281 0.1714 0.2211 1.5569 0.7979 0.0998 0.5221 0.6651 4.321 -0.0805 0.0805 0.3048 0 0
47 236 1709 0 0 0 0 0 1.0002 0 0.9467 0.066 0.0833 0.1146 1.013 0.9943 -0.3011 0.3106 0.3907 2.0923 0.8326 -0.2677 0.5648 0.7153 4.2248 -0.067 0.067 0.2857 0 0
47 237 1725 0 0 0 0 0 1.0004 0 0.3649 -0.0672 0.1227 0.1384 0.7238 0.988 -0.1133 0.305 0.3938 4.0776 0.7394 -0.1531 0.5952 0.7704 4.2951 9e-04 9e-04 0.3214 0 0
47 238 1814 0 0 0 0 0 1.0004 0 0.8033 -0.2105 0.2378 0.304 0.7674 0.9945 -0.2149 0.3141 0.3661 2.8008 0.8089 -0.2628 0.5597 0.7152 4.3594 0.0708 0.0708 0.2756 0 0
47 239 1717 0 0 0 0 0 1.0005 0 0.9038 0.0551 0.1309 0.1417 0.9538 0.995 -0.0213 0.1314 0.1572 1.4852 0.8231 -0.001 0.5192 0.6604 4.389 -0.0316 0.0316 0.2822 0 0
47 240 1781 0 0 0 0 0 1.0008 0 0.8952 -0.2164 0.2914 0.4116 1.0291 0.983 -0.617 0.617 0.7157 4.0659 0.8432 -0.5008 0.6376 0.7621 4.1289 -0.0387 0.0387 0.2969 0 0
47 241 1831 0 0 0 0 0 1.0006 0 0.9846 -0.1463 0.1463 0.1564 0.7904 0.989 0.0313 0.2993 0.379 2.4336 0.7907 0.0707 0.5153 0.6723 4.4878 0.1081 0.1081 0.2857 0 0
47 242 1711 0 0 0 0 0 1.0002 0 0.5148 0.0924 0.122 0.2136 0.9295 0.9922 0.3222 0.3386 0.3902 2.1879 0.7969 0.3139 0.6386 0.7991 4.4565 -0.0026 0.0026 0.3162 0 0
47 243 1791 0 0 0 0 0 1.0007 0 0.9433 -0.0526 0.089 0.1157 0.8564 0.9904 -0.0576 0.1477 0.1812 1.9947 0.8299 -0.0368 0.4755 0.6087 4.0746 -0.0588 0.0588 0.2915 0 0
47 244 1719 0 0 0 0 0 1.0003 0 0.347 -0.0633 0.1004 0.1226 0.6368 0.9922 0.1088 0.2154 0.277 2.4577 0.7897 0.0354 0.565 0.7227 4.4344 0.1101 0.1101 0.2538 0 0
47 245 1744 0 0 0 0 0 1.0003 0 0.773 0.0203 0.0804 0.0883 0.7573 0.9836 0.1254 0.1539 0.1984 1.3157 0.7615 0.0402 0.5965 0.7876 4.3386 -0.0547 0.0547 0.3218 0 0
47 246 1857 0 0 0 0 0 1.0004 0 0.9619 -0.1219 0.1383 0.1558 1.004 0.9866 0.0671 0.1895 0.2289 1.866 0.8338 0.0531 0.5347 0.6712 4.3295 0.1177 0.1177 0.2585 0 0
47 247 1691 0 0 0 0 0 1.0005 0 0.8252 0.0198 0.091 0.1336 0.8547 0.9871 -0.1442 0.196 0.2317 2.1962 0.7397 -0.1426 0.6287 0.7927 4.1025 -0.1106 0.1106 0.3348 0 0
47 248 1829 0 0 0 0 0 1.0009 0 0.8972 -0.1197 0.1294 0.2422 0.8719 0.9924 0.1483 0.2133 0.2411 1.5838 0.8446 0.1456 0.5228 0.6591 4.4925 0.1167 0.1167 0.2649 0 0
47 249 2544 0 0 0 0 0 1.001 0 0.9011 -0.0629 0.1407 0.164 0.7988 0.9912 -0.0603 0.1136 0.176 1.9304 0.844 -0.0887 0.4948 0.6596 4.3691 0.0332 0.0332 0.2508 0 0
47 250 1703 0 0 0 0 0 1.0004 0 0.861 -0.0151 0.1189 0.1553 0.8387 0.99 -0.0465 0.1255 0.1749 2.4199 0.7901 -0.0108 0.5283 0.6896 4.4563 -0.0433 0.0433 0.3361 0 0
47 251 1791 0 0 0 0 0 1.0004 0 0.8171 0.1539 0.2548 0.3183 1.0451 0.9708 -0.355 0.4046 0.4761 2.4833 0.8321 -0.2561 0.5747 0.7444 4.3844 0.0143 0.0143 0.2922 0 0
47 252 1716 0 0 0 0 0 1.0011 0 0.8961 -0.1664 0.1681 0.2018 0.92 0.9896 -0.0727 0.1753 0.2542 2.0932 0.7662 -0.1692 0.559 0.6951 4.4374 -0.0211 0.0211 0.3367 0 0
47 253 1856 0 0 0 0 0 1.0003 0 0.6914 -0.1025 0.163 0.2008 0.7332 0.9947 0.1758 0.2092 0.2494 2.0382 0.7818 0.1582 0.5269 0.6927 4.2035 0.0423 0.0423 0.2793 0 0
47 254 1713 0 0 0 0 0 1.0004 0 0.8241 -0.0689 0.128 0.1816 0.8422 0.9937 -0.03 0.1171 0.1279 2.5096 0.8099 -3e-04 0.5055 0.6492 4.1454 -0.0413 0.0413 0.2936 0 0
47 255 1766 0 0 0 0 0 1.0007 0 0.8136 0.0371 0.0894 0.1106 0.7962 0.9947 0.2214 0.2296 0.2579 2.1705 0.8375 0.1919 0.5401 0.6802 4.5119 0.0463 0.0463 0.2727 0 0
47 256 1819 0 0 0 0 0 1.0007 0 0.8604 0.1207 0.1418 0.1752 0.9089 0.9977 0.0591 0.1334 0.1641 1.64 0.8124 0.0747 0.6091 0.7763 4.5309 0.1068 0.1068 0.2506 0 0
47 257 1783 0 0 0 0 0 1.0002 0 0.9394 -0.0178 0.0604 0.0798 0.7784 0.9927 0.2133 0.2156 0.2677 2.2534 0.8186 0.1233 0.502 0.6628 4.3773 0.0261 0.0261 0.2767 0 0
47 258 1730 0 0 0 0 0 1.0004 0 0.8594 0.0618 0.1349 0.1582 0.8668 0.9928 -0.0666 0.1535 0.215 1.6278 0.8515 -0.0885 0.5104 0.6455 4.322 -0.0232 0.0232 0.2847 0 0
47 259 1752 0 0 0 0 0 1.0004 0 0.3746 0.0102 0.1684 0.2245 0.9227 0.9904 -0.022 0.1302 0.1977 2.4287 0.8109 0.0546 0.5298 0.6774 4.0024 -0.1755 0.1755 0.3099 0 0
47 260 1777 0 0 0 0 0 1.0005 0 0.8093 -0.0911 0.1936 0.2415 0.7546 0.9911 0.1417 0.2111 0.2699 3.0824 0.7979 0.0889 0.5489 0.7018 4.3881 0.0629 0.0629 0.2748 0 0
47 261 1685 0 0 0 0 0 1.0002 0 0.9691 -0.1508 0.1508 0.1584 0.7758 0.9836 -0.1853 0.2928 0.4049 2.987 0.7456 -0.0148 0.6055 0.7678 4.4625 0.0562 0.0562 0.3029 0 0
47 262 1696 0 0 0 0 0 1.0018 0 0.0062 -0.1053 0.1793 0.2206 0.8658 0.9841 0.1429 0.4454 0.5841 5.1379 0.7365 -0.0644 0.628 0.7905 4.3896 0.0506 0.0506 0.3984 0 0
47 263 1735 0 0 0 0 0 1.0005 0 0.4177 0.0205 0.0672 0.1 0.7575 0.9907 -0.1214 0.1633 0.2126 2.7715 0.7429 -0.0335 0.5857 0.7492 4.2446 -0.1086 0.1086 0.337 0 0
47 264 1704 0 0 0 0 0 1.0003 0 0.662 -0.1126 0.1247 0.1574 0.8539 0.9971 -0.1344 0.1492 0.1775 2.2129 0.7925 -0.0584 0.5325 0.6855 4.4059 -0.0231 0.0231 0.306 0 0
47 265 1788 0 0 0 0 0 1.0005 0 0.7934 -0.0929 0.0929 0.1538 0.7914 0.988 -0.425 0.425 0.5393 4.4375 0.7564 -0.212 0.6017 0.7734 4.6447 0.0501 0.0501 0.3516 0 0
47 266 1695 0 0 0 0 0 1.0004 0 0.9196 0.0463 0.1602 0.1886 0.9647 0.9421 0.1263 0.2526 0.4397 6.2074 0.8129 0.0041 0.5746 0.7497 4.4296 -0.0481 0.0481 0.2838 0 0
47 267 1821 0 0 0 0 0 1.0006 0 0.9926 -0.0125 0.0658 0.0885 0.8232 0.9956 0.0787 0.1184 0.1403 2.1161 0.823 0.046 0.5387 0.681 4.1452 0.0199 0.0199 0.2768 0 0
47 268 1944 0 0 0 0 0 1.0003 0 0.9173 0.0431 0.1487 0.1563 0.7807 0.9964 0.0998 0.1166 0.148 1.512 0.8368 0.0953 0.4961 0.6338 4.2246 0.033 0.033 0.2739 0 0
47 269 2045 0 0 0 0 0 1.0003 0 0.968 -0.0691 0.0829 0.096 0.8161 0.9871 0.032 0.181 0.2366 2.1909 0.8399 0.0174 0.5073 0.6331 4.585 0.1347 0.1347 0.2484 0 0
47 270 1733 0 0 0 0 0 1.0002 0 0.9672 -0.0628 0.0834 0.0873 0.8684 0.9818 -0.0838 0.1665 0.2226 1.7639 0.8127 -0.0576 0.5264 0.6678 4.5364 0.0833 0.0833 0.2651 0 0
47 271 1735 0 0 0 0 0 1.0004 0 0.9622 0.0769 0.1201 0.1446 1.0532 0.9911 0.0904 0.2022 0.2478 2.3159 0.7839 -0.1054 0.5369 0.7083 4.0845 -0.0606 0.0606 0.2908 0 0
47 272 1867 0 0 0 0 0 1.001 0 0.8803 -0.0071 0.1079 0.1401 0.9332 0.997 -0.1768 0.1802 0.2041 1.7103 0.8524 -0.1167 0.4863 0.6319 4.0713 -0.0171 0.0171 0.2698 0 0
47 273 1765 0 0 0 0 0 1.0005 0 0.7382 -0.0602 0.1241 0.1413 0.8301 0.9936 0.1405 0.1622 0.1925 1.555 0.8309 0.1131 0.5639 0.7128 4.456 0.0682 0.0682 0.2424 0 0
47 274 1824 0 0 0 0 0 1.0011 0 0.99 0.0686 0.116 0.1489 0.9119 0.9921 0.2307 0.236 0.2701 2.3239 0.8187 0.1531 0.5367 0.6837 4.0427 0.0149 0.0149 0.2621 0 0
47 275 1776 0 0 0 0 0 1.0006 0 0.5215 -0.0444 0.1185 0.1442 0.7914 0.9889 0.089 0.2198 0.2806 1.8332 0.8052 0.0964 0.5354 0.6815 4.4249 0.0392 0.0392 0.3055 0 0
47 276 1719 0 0 0 0 0 1.0002 0 0.8153 -0.0284 0.06 0.0791 0.7352 0.9961 -0.0336 0.1086 0.1571 2.3799 0.8096 -0.0473 0.5361 0.694 4.3029 -0.0498 0.0498 0.3166 0 0
47 277 1678 0 0 0 0 0 1.0005 0 0.4533 -0.1262 0.238 0.2707 0.9971 0.9818 -0.3427 0.3707 0.557 6.3721 0.7536 -0.0922 0.5796 0.7334 4.4884 -0.0187 0.0187 0.3846 0 0
47 278 1845 0 0 0 0 0 1.0009 0 0.8972 -0.0448 0.1659 0.1855 0.9178 0.9801 0.2472 0.263 0.3917 3.7555 0.8137 0.2994 0.593 0.743 4.484 0.0362 0.0362 0.2924 0 0
47 279 2194 0 0 0 0 0 1.0004 0 0.8527 -0.079 0.1331 0.156 0.7452 0.9927 -0.073 0.1623 0.2047 1.9529 0.8183 -0.1422 0.5264 0.6844 4.1031 0.0726 0.0726 0.2488 0 0
47 280 1818 0 0 0 0 0 1.0006 0 0.7626 0.1016 0.1652 0.1887 0.9289 0.984 -0.0564 0.2294 0.263 2.1692 0.8153 -0.0719 0.5569 0.711 4.398 0.0141 0.0141 0.281 0 0
47 281 1721 0 0 0 0 0 1.0003 0 0.854 0.0204 0.0649 0.0764 0.8401 0.9947 -0.092 0.1706 0.1906 2.99 0.6998 0.061 0.6306 0.7907 4.2207 -0.1583 0.1583 0.3726 0 0
47 282 3471 0 0 0 0 0 1.0003 0 0.818 -0.1013 0.1523 0.1675 0.8154 0.9921 -0.2291 0.2436 0.2881 1.5857 0.8261 -0.3089 0.6079 0.7759 4.1383 0.1803 0.1803 0.2295 0 0
47 283 1784 0 0 0 0 0 1.0004 0 0.9204 0.0172 0.1445 0.1575 0.8754 0.9829 -0.0999 0.1915 0.2394 3.0489 0.8293 -0.074 0.4949 0.6309 4.3245 0.0067 0.0067 0.2608 0 0
47 284 1633 0 0 0 0 0 1.0006 0 0.7879 0.0295 0.1763 0.2214 1.1152 0.987 -0.0559 0.1677 0.1976 1.855 0.7956 -0.0744 0.5482 0.7178 4.4044 0.0272 0.0272 0.2683 0 0
47 285 1808 0 0 0 0 0 1.0003 0 0.3913 0.1012 0.1589 0.2084 0.8621 0.9933 -0.057 0.1164 0.1448 1.4615 0.8523 -0.0186 0.4885 0.6362 4.3935 0.0043 0.0043 0.2531 0 0
47 286 1696 0 0 0 0 0 1.0009 0 0.908 -0.0968 0.1589 0.189 0.7495 0.9902 0.0043 0.1477 0.2099 2.7365 0.744 0.0094 0.5448 0.7154 4.1182 -0.1775 0.1775 0.3717 0 0
47 287 1781 0 0 0 0 0 1.0004 0 0.9219 -0.1693 0.1693 0.1872 0.7376 0.9893 0.052 0.2412 0.2808 2.1592 0.7872 0.1208 0.5576 0.7116 4.7362 0.124 0.124 0.2753 0 0
47 288 1761 0 0 0 0 0 1.0005 0 0.9659 0.094 0.094 0.1085 0.8182 0.9977 0.2286 0.2312 0.253 1.6095 0.7993 0.1806 0.5682 0.7422 4.1909 -9e-04 9e-04 0.2903 0 0
47 289 1762 0 0 0 0 0 1.0004 0 0.6608 -0.1067 0.1353 0.1673 0.7111 0.9944 -0.1446 0.2232 0.2501 2.894 0.8048 -0.1636 0.5393 0.7056 4.3896 0.0315 0.0315 0.2721 0 0
47 290 1810 0 0 0 0 0 1.0003 0 0.8559 0.0506 0.1438 0.1688 0.8219 0.9729 0.1493 0.2604 0.3273 2.7866 0.7797 0.1277 0.5624 0.7149 4.113 -0.0014 0.0014 0.2873 0 0
47 291 1786 0 0 0 0 0 1.0005 0 0.8302 -0.1205 0.2028 0.2216 0.9449 0.9828 -0.1349 0.2363 0.3199 2.9801 0.818 -0.0178 0.5084 0.6489 4.2409 0.016 0.016 0.2836 0 0
47 292 1787 0 0 0 0 0 1.0003 0 0.9848 0.1631 0.1631 0.1718 0.8018 0.9956 -0.09 0.1211 0.1538 1.166 0.8076 -0.006 0.5247 0.665 4.1336 -0.023 0.023 0.2688 0 0
47 293 1755 0 0 0 0 0 1.0002 0 0.7379 -0.109 0.13 0.1657 0.7499 0.9813 0.1679 0.2845 0.3428 2.9083 0.7643 0.0183 0.5814 0.7241 4.2629 0.0336 0.0336 0.3228 0 0
47 294 1741 0 0 0 0 0 1.0002 0 0.7747 -0.1661 0.2098 0.2337 0.8977 0.989 -0.0709 0.2115 0.2724 2.0086 0.7804 -0.0313 0.5276 0.6994 4.173 -0.0283 0.0283 0.323 0 0
47 295 1771 0 0 0 0 0 1.0006 0 0.8795 -0.0047 0.1001 0.1165 0.7971 0.9801 0.0079 0.1776 0.226 2.6898 0.8244 0.1575 0.5244 0.6731 4.3477 -0.0128 0.0128 0.2833 0 0
47 296 2801 0 0 0 0 0 1.0002 0 0.9165 -0.0113 0.1641 0.1905 0.8431 0.9137 0.0658 0.6078 0.9244 12.1202 0.8273 -0.2992 0.5828 0.7501 4.4493 0.1573 0.1573 0.2436 0 0
47 297 1742 0 0 0 0 0 1.0006 0 0.4638 -0.0321 0.153 0.1772 0.8888 0.9932 0.0495 0.1526 0.1791 2.1991 0.8411 0.0353 0.4822 0.6196 4.2636 -0.0739 0.0739 0.3082 0 0
47 298 1751 0 0 0 0 0 1.0005 0 0.9579 0.0851 0.156 0.2009 1.108 0.9914 -0.123 0.1841 0.2221 3.2089 0.8338 -0.1414 0.5227 0.6649 4.1741 -0.0683 0.0683 0.2891 0 0
47 299 1839 0 0 0 0 0 1.0002 0 0.9727 -0.0194 0.0596 0.0771 0.7631 0.9926 -0.0065 0.1161 0.1362 1.7578 0.8232 0.0349 0.4967 0.647 4.0552 -0.0106 0.0106 0.267 0 0
47 300 1803 0 0 0 0 0 1.0004 0 0.9212 -0.0123 0.1241 0.1401 1.0461 0.9907 -0.0285 0.12 0.1513 1.5384 0.8374 0.033 0.5218 0.663 4.1178 0.0882 0.0882 0.2469 0 0
47 301 1691 0 0 0 0 0 1.0016 0 0.8814 0.0594 0.1222 0.1789 0.9176 0.9942 0.0833 0.139 0.1739 2.3229 0.8058 0.096 0.5329 0.6792 4.2403 -0.1043 0.1043 0.3183 0 0
47 302 2429 0 0 0 0 0 1.0004 0 0.9357 -0.2067 0.2067 0.2508 0.8452 0.9933 -0.1356 0.3061 0.4215 3.2561 0.8343 -0.0655 0.5196 0.671 4.766 0.1552 0.1552 0.2509 0 0
47 303 1771 0 0 0 0 0 1.0002 0 0.9201 0.0975 0.1074 0.1397 0.7577 0.9867 0.028 0.1407 0.1876 1.8626 0.8053 0.0278 0.5546 0.6932 4.1073 -0.0221 0.0221 0.3 0 0
47 304 1839 0 0 0 0 0 1.0005 0 0.9867 -0.1276 0.1276 0.134 0.7623 0.994 0.386 0.3913 0.42 1.7861 0.8154 0.378 0.6326 0.8065 4.7266 0.1226 0.1226 0.2433 0 0
47 305 1892 0 0 0 0 0 1.0006 0 0.8124 -0.0319 0.1265 0.1504 0.725 0.9896 -0.0354 0.1549 0.1934 1.7083 0.8262 -0.0404 0.5456 0.7143 4.5225 0.1177 0.1177 0.2704 0 0
47 306 1728 0 0 0 0 0 1.0004 0 0.4957 -0.1233 0.2079 0.2475 0.8061 0.991 0.0423 0.1481 0.2067 2.0541 0.8006 -0.014 0.513 0.6588 4.3104 -0.0348 0.0348 0.3038 0 0
47 307 1733 0 0 0 0 0 1.0004 0 0.9811 0.0781 0.1221 0.1687 1.105 0.9701 0.239 0.2864 0.3644 3.0789 0.8039 0.1537 0.5958 0.7487 4.4017 0.0325 0.0325 0.2748 0 0
47 308 1718 0 0 0 0 0 1.0006 0 0.9446 -0.0778 0.0817 0.1148 0.7716 0.9905 0.0607 0.2032 0.2641 3.1543 0.7807 0.1226 0.5446 0.6979 4.3292 -0.0483 0.0483 0.3083 0 0
47 309 1728 0 0 0 0 0 1.001 0 0.9237 -0.0553 0.1207 0.1412 0.9217 0.9925 0.0127 0.1557 0.2186 2.1237 0.8428 0.0378 0.4984 0.6423 4.4084 -0.0186 0.0186 0.2797 0 0
47 310 1662 0 0 0 0 0 1.0001 0 0.3027 -0.0491 0.1445 0.1763 0.7909 0.954 -0.266 0.3999 0.5646 6.8997 0.7471 -0.0322 0.585 0.7452 4.1879 -0.0872 0.0872 0.3665 0 0
47 311 1718 0 0 0 0 0 1.0005 0 0.7354 -0.0034 0.2008 0.223 0.9016 0.9848 0.0428 0.1691 0.2074 3.2095 0.7387 0.0396 0.5776 0.7327 4.3572 -0.0434 0.0434 0.3527 0 0
47 312 1762 0 0 0 0 0 1.0005 0 0.8363 -0.0997 0.1258 0.1574 0.8222 0.9933 -0.0954 0.1513 0.2177 1.7365 0.8176 -0.0301 0.5045 0.6557 4.4097 0.0382 0.0382 0.2697 0 0
47 313 1715 0 0 0 0 0 1.0005 0 0.8797 -0.0299 0.051 0.0733 0.7509 0.986 -0.019 0.1567 0.2377 2.9729 0.7485 0.0621 0.5894 0.7486 4.3431 -0.0081 0.0081 0.2997 0 0
47 314 1701 0 0 0 0 0 1.0003 0 0.8895 -0.0159 0.1424 0.1688 1.0331 0.9814 -0.0464 0.1661 0.2154 2.334 0.7295 -0.0149 0.6109 0.7703 4.2419 -0.1375 0.1375 0.3967 0 0
47 315 1802 0 0 0 0 0 1.0003 0 0.9175 -0.0187 0.1046 0.1184 0.8887 0.9814 0.1947 0.2897 0.3318 3.0563 0.7639 0.1395 0.5893 0.7466 4.4857 0.0287 0.0287 0.3183 0 0
47 316 1799 0 0 0 0 0 1.0009 0 0.9509 -0.0794 0.132 0.1408 0.8872 0.9904 -0.0111 0.1613 0.1836 2.286 0.8108 -0.0364 0.5371 0.6675 4.3507 -0.0224 0.0224 0.2927 0 0
47 317 1799 0 0 0 0 0 1.0007 0 0.7227 -0.0568 0.1363 0.1684 0.896 0.991 -0.0472 0.1985 0.3062 2.4397 0.7853 -0.0609 0.5693 0.732 4.1262 0.0289 0.0289 0.2752 0 0
47 318 1686 0 0 0 0 0 1.0005 0 0.6013 -0.0646 0.1935 0.2176 1.0511 0.9637 0.003 0.2811 0.4155 3.2327 0.7266 -0.0174 0.5684 0.7226 4.2619 -0.044 0.044 0.3598 0 0
47 319 1792 0 0 0 0 0 1.0003 0 0.8898 -0.1731 0.1898 0.22 0.8259 0.9733 -0.1784 0.3022 0.4264 2.7228 0.7693 -0.0322 0.5397 0.7111 4.3758 0.0315 0.0315 0.2874 0 0
47 320 1735 0 0 0 0 0 1.0004 0 0.899 -0.0716 0.1205 0.1267 0.869 0.9897 0.1216 0.1987 0.2746 2.0524 0.7813 0.1859 0.6259 0.7742 4.6224 0.0828 0.0828 0.308 0 0
47 321 1755 0 0 0 0 0 1.0006 0 0.8983 -0.0951 0.1108 0.1827 0.7268 0.9893 -0.1106 0.1839 0.2144 1.2755 0.8215 -0.0681 0.476 0.6294 4.3754 0.0176 0.0176 0.2601 0 0
47 322 1737 0 0 0 0 0 1.0005 0 0.8438 0.0707 0.0966 0.1166 0.8421 0.9924 0.1216 0.1408 0.1801 1.879 0.8103 0.1013 0.5394 0.7102 4.4007 0.0091 0.0091 0.3166 0 0
47 323 1781 0 0 0 0 0 1.0003 0 0.8818 -0.0957 0.1335 0.1675 0.8338 0.9595 0.0551 0.2598 0.4221 4.4299 0.8082 0.0715 0.5307 0.6627 4.3598 -0.0221 0.0221 0.327 0 0
47 324 1714 0 0 0 0 0 1.0011 0 0.5968 0.0931 0.133 0.1788 0.8083 0.9928 0.0564 0.1805 0.1975 1.824 0.8113 -0.0386 0.5591 0.7164 4.31 -0.0695 0.0695 0.3205 0 0
47 325 1759 0 0 0 0 0 1.0003 0 0.836 -0.1023 0.1137 0.148 0.7671 0.9881 -0.2493 0.3007 0.3578 2.1291 0.7859 -0.167 0.5675 0.7205 4.4006 0.0114 0.0114 0.2926 0 0
47 326 1684 0 0 0 0 0 1.0005 0 0.895 -0.0344 0.1017 0.1078 0.9381 0.9887 -0.1376 0.1652 0.2092 2.5886 0.7684 -0.0887 0.6038 0.7742 4.2539 -0.1068 0.1068 0.372 0 0
47 327 2108 0 0 0 0 0 1.0005 0 0.9829 -0.0176 0.0422 0.0581 0.8153 0.9875 -0.0791 0.1398 0.177 1.4304 0.8245 -0.0758 0.5513 0.6967 4.1777 0.0659 0.0659 0.256 0 0
47 328 1828 0 0 0 0 0 1.0003 0 0.9374 -0.0404 0.1226 0.1361 0.8766 0.9819 -0.2134 0.2613 0.3338 2.7447 0.8577 -0.146 0.458 0.6098 4.0627 -8e-04 8e-04 0.2686 0 0
47 329 2060 0 0 0 0 0 1.0007 0 0.9416 0.0295 0.1816 0.2092 1.2936 0.9887 -0.0187 0.1455 0.1835 1.8384 0.8124 0.06 0.5275 0.6748 4.4413 0.015 0.015 0.2756 0 0
47 330 1685 0 0 0 0 0 1.0005 0 0.6847 0.2116 0.2176 0.2622 0.8032 0.9939 0.2262 0.2592 0.3527 1.8631 0.83 0.063 0.5667 0.7139 4.4114 -0.0142 0.0142 0.2771 0 0
47 331 1699 0 0 0 0 0 1.0004 0 0.5347 -0.1122 0.176 0.2276 0.9231 0.9863 0.2281 0.2726 0.378 3.0833 0.8021 0.0735 0.5219 0.6564 4.4092 -0.0085 0.0085 0.2984 0 0
47 332 1723 0 0 0 0 0 1.0009 0 0.8182 0.091 0.1626 0.2175 0.9875 0.9781 0.0252 0.215 0.2871 1.4126 0.8521 0.025 0.5153 0.6559 4.3892 -0.0106 0.0106 0.284 0 0
47 333 1737 0 0 0 0 0 1.0002 0 -0.0552 -0.0834 0.2044 0.2405 0.7625 0.9776 0.276 0.3319 0.4654 3.9612 0.7668 0.1913 0.5516 0.7147 4.325 -0.0913 0.0913 0.3205 0 0
47 334 1737 0 0 0 0 0 1.0003 0 0.5452 -0.1317 0.2101 0.2433 0.7386 0.9932 0.0452 0.1451 0.1672 1.512 0.837 0.0873 0.4603 0.5904 4.3667 -0.0533 0.0533 0.3038 0 0
47 335 1668 0 0 0 0 0 1.0004 0 0.9561 0.0518 0.1577 0.2047 1.2788 0.9835 -0.1176 0.2296 0.3122 5.2936 0.7991 -0.0377 0.5272 0.6731 4.5272 -0.0049 0.0049 0.2833 0 0
47 336 1787 0 0 0 0 0 1.0003 0 0.9155 0.1824 0.1824 0.2003 0.8175 0.9926 0.1474 0.2124 0.2691 1.7159 0.8075 0.0387 0.5749 0.7156 4.3424 0.0566 0.0566 0.2533 0 0
47 337 1992 0 0 0 0 0 1.0005 0 0.8891 -0.1033 0.1483 0.1851 1.0014 0.989 0.1322 0.2043 0.2646 1.9881 0.8293 0.0148 0.4798 0.6317 4.4075 0.0392 0.0392 0.2558 0 0
47 338 1783 0 0 0 0 0 1.0002 0 0.8133 0.0284 0.1454 0.2172 1.027 0.9922 0.0705 0.13 0.1638 2.0848 0.8226 0.0787 0.5281 0.676 4.4693 0.0436 0.0436 0.2548 0 0
47 339 2157 0 0 0 0 0 1.0008 0 0.9212 -0.3254 0.3375 0.3804 0.8947 0.9903 -0.0582 0.4324 0.6072 4.5041 0.7997 0.0408 0.5228 0.6925 4.2637 0.1289 0.1289 0.2658 0 0
47 340 1819 0 0 0 0 0 1.0005 0 0.6328 0.0379 0.1215 0.1357 0.8206 0.9878 -0.2991 0.3001 0.3593 1.6945 0.8127 -0.1785 0.5937 0.7418 4.4063 0.0421 0.0421 0.2836 0 0
47 341 1765 0 0 0 0 0 1.0004 0 -0.1664 0.1556 0.1935 0.2114 0.8118 0.9961 -0.3401 0.3401 0.3892 1.346 0.8347 -0.1857 0.5611 0.711 4.4016 0.011 0.011 0.2782 0 0
47 342 1712 0 0 0 0 0 1.0002 0 0.9689 -0.0801 0.101 0.1112 0.9171 0.9948 0.028 0.1417 0.1827 3.6527 0.8098 0.084 0.5221 0.6673 4.2421 -0.035 0.035 0.3519 0 0
47 343 2414 0 0 0 0 0 1.0003 0 0.6967 -0.0318 0.1451 0.1687 0.7848 0.9868 0.0431 0.1842 0.2452 3.4797 0.815 0.1097 0.574 0.7416 4.6362 0.1321 0.1321 0.2652 0 0
47 344 1736 0 0 0 0 0 1.0004 0 0.5862 -0.2771 0.2771 0.3299 0.7339 0.9809 -0.3309 0.4861 0.6669 4.3419 0.7677 -0.0317 0.5734 0.7476 4.518 0.1166 0.1166 0.2808 0 0
47 345 1910 0 0 0 0 0 1.0002 0 0.7462 -0.099 0.2063 0.2646 1.0846 0.9906 0.3827 0.4053 0.4853 3.4663 0.8322 0.3113 0.5652 0.7053 4.6061 0.0883 0.0883 0.2863 0 0
47 346 1811 0 0 0 0 0 1.0006 0 0.6888 -0.0476 0.0584 0.0735 0.6442 0.9877 -0.0368 0.1554 0.1984 1.8248 0.8083 -0.0229 0.5845 0.742 4.6913 0.1587 0.1587 0.27 0 0
47 347 1773 0 0 0 0 0 1.0002 0 0.7628 0.0539 0.1653 0.1825 0.8166 0.975 0.4065 0.4249 0.5032 4.2879 0.8212 0.2069 0.5618 0.7179 4.1522 -0.1394 0.1394 0.3072 0 0
47 348 1913 0 0 0 0 0 1.0005 0 0.9482 -0.0108 0.1097 0.1273 0.9939 0.9903 0.089 0.169 0.2082 2.251 0.8279 0.0846 0.5074 0.6383 4.3474 -0.0343 0.0343 0.321 0 0
47 349 1814 0 0 0 0 0 1.001 0 0.884 0.0058 0.1105 0.144 0.7923 0.9933 -0.2337 0.2337 0.2632 1.4548 0.8208 -0.1727 0.5217 0.6529 4.2549 -0.0659 0.0659 0.3376 0 0
47 350 1787 0 0 0 0 0 1.0002 0 -0.0414 -0.0755 0.1467 0.1735 0.7162 0.9778 -0.0178 0.204 0.3006 3.3746 0.7265 0.062 0.5777 0.7295 4.2813 -0.0905 0.0905 0.3723 0 0
47 351 1852 0 0 0 0 0 1.0008 0 0.5925 -0.0794 0.1732 0.2052 0.7348 0.9941 -0.0865 0.1392 0.1728 1.5814 0.8302 -4e-04 0.5151 0.6467 4.4409 0.058 0.058 0.2458 0 0
47 352 1786 0 0 0 0 0 1.0006 0 0.5603 0.1423 0.1423 0.2115 0.8136 0.9702 0.1689 0.2486 0.3138 1.2903 0.8122 0.0901 0.5327 0.6736 4.1177 -0.0395 0.0395 0.2913 0 0
47 353 1787 0 0 0 0 0 1.001 0 0.8295 0.0597 0.0651 0.0755 0.7602 0.9951 0.2141 0.2308 0.2585 1.914 0.7822 0.1782 0.551 0.684 4.2512 -0.1062 0.1062 0.3102 0 0
47 354 1779 0 0 0 0 0 1.0008 0 0.7165 -0.0713 0.156 0.1943 0.8301 0.9825 0.041 0.2464 0.303 2.318 0.7917 0.0647 0.5176 0.6706 4.2465 0.0022 0.0022 0.3202 0 0
47 355 1665 0 0 0 0 0 1.0003 0 0.3478 0.1101 0.2336 0.2862 0.8434 0.9549 0.3705 0.4061 0.6332 6.5503 0.7829 0.0961 0.5882 0.7373 4.1428 -0.1133 0.1133 0.339 0 0
47 356 1695 0 0 0 0 0 1.0002 0 0.8516 -0.0351 0.1157 0.1239 0.7818 0.9942 0.0035 0.1146 0.1484 1.9071 0.7844 0.079 0.5165 0.6521 4.26 -0.0786 0.0786 0.3342 0 0
47 357 1715 0 0 0 0 0 1.0007 0 0.7513 0.0798 0.1647 0.2158 1.0046 0.9816 0.0504 0.17 0.2353 2.8405 0.7517 0.0065 0.6087 0.7961 4.091 -0.1385 0.1385 0.3824 0 0
47 358 1667 0 0 0 0 0 1.0003 0 0.8998 0.0574 0.0685 0.0938 0.7323 0.9904 0.1149 0.1567 0.2002 2.4366 0.7491 0.0939 0.633 0.8081 4.3505 0.0085 0.0085 0.2979 0 0
47 359 1784 0 0 0 0 0 1.0004 0 0.7978 -0.0576 0.1368 0.1747 0.8324 0.997 0.3813 0.3813 0.3971 2.0811 0.8129 0.4321 0.6587 0.8143 4.4513 0.068 0.068 0.3083 0 0
47 360 1821 0 0 0 0 0 1.0006 0 0.7269 0.0585 0.1169 0.147 0.7833 0.9892 -0.0431 0.1458 0.183 1.529 0.8305 0.0504 0.5211 0.6729 4.2435 0.1005 0.1005 0.2444 0 0
47 361 1845 0 0 0 0 0 1.0003 0 0.7778 0.0484 0.1447 0.1701 0.8569 0.989 0.263 0.2689 0.3035 1.1414 0.8758 0.2271 0.5083 0.6375 4.4297 0.0692 0.0692 0.2365 0 0
47 362 1703 0 0 0 0 0 1.0008 0 0.9888 -0.1157 0.1252 0.1628 1.0158 0.9948 0.0813 0.1386 0.1645 2.6661 0.8346 0.1106 0.503 0.6711 4.2665 -0.0523 0.0523 0.3253 0 0
47 363 1734 0 0 0 0 0 1.0003 0 0.442 -0.1334 0.2767 0.4007 0.8631 0.9838 0.1268 0.2661 0.3321 2.4839 0.7805 0.1488 0.5648 0.6957 4.4389 -0.0234 0.0234 0.2942 0 0
47 364 1759 0 0 0 0 0 1.0006 0 0.3768 -0.206 0.206 0.2321 0.7113 0.9961 0.0508 0.2116 0.2671 2.6271 0.7999 0.0631 0.5722 0.7241 4.1556 0.0915 0.0915 0.2574 0 0
47 365 1763 0 0 0 0 0 1.0006 0 0.928 -0.1209 0.1779 0.1957 1.1695 0.9949 0.1678 0.2535 0.3137 3.5768 0.7756 0.1646 0.5669 0.7333 4.3546 -0.0429 0.0429 0.327 0 0
47 366 1698 0 0 0 0 0 1.0009 0 0.7925 -0.2168 0.2168 0.2683 0.9194 0.9917 -0.2261 0.4303 0.6405 6.0157 0.771 -0.1194 0.5709 0.7292 4.3866 0.0491 0.0491 0.3261 0 0
47 367 2080 0 0 0 0 0 1.0014 0 0.8814 -0.0195 0.1412 0.1588 0.876 0.9697 0.0755 0.2122 0.2774 3.1915 0.8246 0.1076 0.4933 0.6413 4.1684 0.0244 0.0244 0.2931 0 0
47 368 1949 0 0 0 0 0 1.0004 0 0.2832 0.0969 0.1612 0.1893 0.8288 0.9896 0.1099 0.166 0.2096 2.03 0.8148 0.1281 0.544 0.7018 4.1081 -0.0052 0.0052 0.3106 0 0
47 369 1761 0 0 0 0 0 1.0006 0 0.9498 -0.0172 0.141 0.1527 0.8574 0.9905 0.3546 0.3547 0.4074 2.5282 0.8231 0.3402 0.582 0.7365 4.1068 -0.1519 0.1519 0.3321 0 0
47 370 1902 0 0 0 0 0 1.001 0 0.9195 -0.0584 0.1177 0.1341 0.8907 0.9783 -0.311 0.3119 0.5059 4.2783 0.8042 -0.1285 0.5342 0.6814 4.1166 -0.0016 0.0016 0.2888 0 0
47 371 1785 0 0 0 0 0 1.0005 0 0.9206 0.1144 0.1288 0.191 0.9879 0.9892 0.0665 0.1843 0.222 1.514 0.8483 0.1449 0.5354 0.6702 4.1688 -0.0651 0.0651 0.2648 0 0
47 372 1781 0 0 0 0 0 1.0004 0 0.741 0.0363 0.0898 0.1277 0.7396 0.9823 -0.0958 0.2396 0.301 3.1755 0.8206 -0.1304 0.5542 0.7043 4.2027 0.064 0.064 0.2532 0 0
47 373 1755 0 0 0 0 0 1.0002 0 0.6662 -0.1441 0.2421 0.2923 0.7934 0.9619 0.1954 0.3277 0.4264 2.5715 0.7893 0.1453 0.5874 0.7446 4.4328 0.0637 0.0637 0.3032 0 0
47 374 1776 0 0 0 0 0 1.0003 0 0.9398 -0.0176 0.0864 0.0923 0.8996 0.9926 0.1038 0.1443 0.1902 1.7979 0.8257 0.0632 0.5103 0.6666 4.3678 0.0612 0.0612 0.2506 0 0
47 375 1682 0 0 0 0 0 1.0003 0 0.8281 0.0751 0.1515 0.16 0.9267 0.989 -0.2905 0.2962 0.361 1.7214 0.8204 -0.1055 0.5834 0.7417 4.3962 0.007 0.007 0.2922 0 0
47 376 1857 0 0 0 0 0 1.0003 0 0.8356 0.0287 0.0769 0.0972 0.74 0.9923 0.0822 0.1409 0.1641 1.6655 0.8233 0.0335 0.5098 0.6485 4.0573 -0.0037 0.0037 0.2759 0 0
47 377 1780 0 0 0 0 0 1.0003 0 0.8827 -0.1503 0.2068 0.2438 0.7955 0.983 -0.2297 0.2823 0.3909 2.5851 0.8351 -0.148 0.4753 0.6218 4.3886 0.0236 0.0236 0.2689 0 0
47 378 1674 0 0 0 0 0 1.0004 0 0.9864 -0.1367 0.1367 0.1415 0.8006 0.9953 0.0504 0.1948 0.2742 3.5099 0.7849 -0.01 0.569 0.7332 4.2204 0.0496 0.0496 0.3052 0 0
47 379 1637 0 0 0 0 0 1.0006 0 0.8956 -0.0818 0.1318 0.1583 1.1885 0.979 -0.0785 0.3072 0.3905 3.9936 0.7754 -0.1036 0.5388 0.7135 4.4373 -0.0102 0.0102 0.3605 0 0
47 380 1793 0 0 0 0 0 1.0005 0 0.5881 0.0502 0.1009 0.1438 0.8147 0.9917 -0.147 0.1746 0.2373 1.5335 0.8314 -0.0201 0.5023 0.6418 4.0885 -0.0072 0.0072 0.2798 0 0
47 381 1769 0 0 0 0 0 1.0006 0 0.5894 0.1062 0.2077 0.2499 1.0496 0.9888 0.0311 0.1432 0.1815 1.3405 0.7706 0.0702 0.5459 0.7024 4.0625 -0.1373 0.1373 0.3376 0 0
47 382 1891 0 0 0 0 0 1.0007 0 0.9829 0.0224 0.0601 0.0737 0.798 0.9942 0.1507 0.1921 0.2401 2.5614 0.7976 0.1392 0.5463 0.694 4.5323 0.0399 0.0399 0.289 0 0
47 383 2430 0 0 0 0 0 1.0008 0 0.945 -0.0579 0.098 0.1052 0.8242 0.9987 0.0054 0.0541 0.0606 1.589 0.8254 -0.037 0.5134 0.6705 4.5706 0.1224 0.1224 0.241 0 0
47 384 2071 0 0 0 0 0 1.0005 0 0.9467 -0.0623 0.0986 0.1183 0.806 0.9872 -0.0756 0.1853 0.2949 3.883 0.8391 -0.083 0.4937 0.654 4.2106 0.082 0.082 0.2341 0 0
47 385 1733 0 0 0 0 0 1.0005 0 0.9155 0.1071 0.1417 0.1522 0.9125 0.9939 -0.1522 0.2166 0.3172 1.6177 0.8663 -0.0547 0.4953 0.6202 4.0635 -0.009 0.009 0.2687 0 0
47 386 1646 0 0 0 0 0 1.0002 0 0.9503 -0.1099 0.1341 0.1694 1.1193 0.9792 -0.0491 0.3649 0.5963 6.9228 0.7613 0.0579 0.5531 0.713 4.4656 -0.0235 0.0235 0.3233 0 0
47 387 1781 0 0 0 0 0 1.0003 0 0.642 -0.0948 0.1693 0.1773 0.7478 0.9923 -0.1776 0.2604 0.326 2.6488 0.8027 -0.241 0.5469 0.675 4.1429 0.0021 0.0021 0.2961 0 0
47 388 1716 0 0 0 0 0 1.0007 0 0.728 -0.1266 0.1892 0.2444 0.8921 0.9951 -0.0844 0.2088 0.2758 3.6297 0.8241 0.0326 0.5405 0.6918 4.6415 0.0721 0.0721 0.2678 0 0
47 389 1744 0 0 0 0 0 1.0005 0 0.8523 0.0525 0.133 0.1628 0.958 0.9584 0.0564 0.2632 0.3619 4.3095 0.7777 -0.0708 0.5671 0.7152 4.1939 -0.1285 0.1285 0.3655 0 0
47 390 3175 0 0 0 0 0 1.0007 0 0.8525 -0.0018 0.1164 0.1394 0.8957 0.9881 0.4748 0.4748 0.5019 1.5181 0.8251 0.4036 0.6564 0.825 4.2226 0.1432 0.1432 0.2713 0 0
47 391 1733 0 0 0 0 0 1.0002 0 0.3438 -0.1674 0.1674 0.2411 0.838 0.9771 0.1594 0.3008 0.5338 5.8571 0.7412 0.0189 0.5881 0.7402 4.2315 -0.1623 0.1623 0.3765 0 0
47 392 1749 0 0 0 0 0 1.0003 0 0.9024 -0.1032 0.1818 0.2163 0.8372 0.9904 -0.0014 0.1641 0.2136 1.6764 0.8462 -0.0133 0.4864 0.6297 4.0769 0.0142 0.0142 0.2534 0 0
47 393 1815 0 0 0 0 0 1.0015 0 0.9359 0.0546 0.0715 0.1044 0.8863 0.9938 0.1495 0.1614 0.196 1.4241 0.8332 0.1265 0.518 0.7036 4.198 -0.025 0.025 0.2801 0 0
47 394 1785 0 0 0 0 0 1.0005 0 0.8902 0.0558 0.1541 0.1616 0.8877 0.9797 -0.1288 0.2121 0.2655 3.3239 0.8147 -0.0664 0.5186 0.6591 4.3385 -0.0847 0.0847 0.3055 0 0
47 395 1632 0 0 0 0 0 1.0004 0 0.866 0.0839 0.1802 0.2136 1.0331 0.9912 -0.2094 0.2245 0.268 1.5268 0.7686 -0.1751 0.5568 0.7191 4.4632 -0.042 0.042 0.317 0 0
47 396 1798 0 0 0 0 0 1.0004 0 0.8151 0.058 0.106 0.1246 0.7916 0.9955 -0.0392 0.0739 0.092 0.9752 0.8459 0.0572 0.4711 0.5928 4.0265 -0.0908 0.0908 0.2763 0 0
47 397 1802 0 0 0 0 0 1.0008 0 0.9269 -0.1922 0.2127 0.2423 0.7964 0.991 0.0791 0.1907 0.2989 3.7473 0.8033 0.0546 0.5007 0.6447 4.1217 -0.0475 0.0475 0.2955 0 0
47 398 2214 0 0 0 0 0 1.0003 0 0.8852 0.0364 0.1137 0.1247 0.9079 0.9945 -0.1646 0.1736 0.1998 1.5539 0.832 -0.2143 0.5367 0.7118 4.1147 0.0851 0.0851 0.2509 0 0
47 399 1689 0 0 0 0 0 1.0004 0 0.6875 -0.1082 0.1617 0.1984 0.7614 0.9918 0.0064 0.2966 0.3927 5.626 0.8192 0.0495 0.5093 0.6521 4.0985 -0.0743 0.0743 0.3106 0 0
47 400 1671 0 0 0 0 0 1.0005 0 0.8897 0.0067 0.1382 0.1699 1.1786 0.9846 -0.2127 0.2945 0.3551 3.5384 0.7805 -0.1306 0.5624 0.7298 4.27 -0.0133 0.0133 0.2915 0 0
47 401 1722 0 0 0 0 0 1.0003 0 0.7907 6e-04 0.104 0.115 0.7538 0.993 -0.1535 0.1849 0.2292 2.0649 0.7941 -0.1516 0.5914 0.7549 4.4817 0.1014 0.1014 0.2614 0 0
47 402 1781 0 0 0 0 0 1.0005 0 0.9001 0.0056 0.1657 0.1895 0.9062 0.9796 0.067 0.1954 0.2386 1.4843 0.8279 0.075 0.4984 0.6535 4.305 -0.0254 0.0254 0.2726 0 0
47 403 1793 0 0 0 0 0 1.0003 0 0.7043 0.0157 0.1616 0.1871 0.8108 0.9795 -0.106 0.1774 0.2428 1.6418 0.8256 -1e-04 0.483 0.6062 4.2936 -0.0148 0.0148 0.2939 0 0
47 404 1767 0 0 0 0 0 1.0005 0 0.5948 -0.1651 0.198 0.2277 0.7268 0.9956 0.1007 0.2398 0.2973 3.3367 0.8118 0.1715 0.5165 0.6397 4.4011 -0.0259 0.0259 0.3297 0 0
47 405 1779 0 0 0 0 0 1.0012 0 0.8321 0.0234 0.1366 0.1721 0.8642 0.9912 -0.0211 0.1253 0.1568 1.9501 0.8195 8e-04 0.5098 0.656 4.1311 0.015 0.015 0.2845 0 0
47 406 1649 0 0 0 0 0 1.0002 0 0.5465 -0.1714 0.2093 0.3848 0.8055 0.9924 0.101 0.2128 0.3301 4.0531 0.7975 -0.0751 0.5145 0.6704 4.1647 -0.0851 0.0851 0.3512 0 0
47 407 1767 0 0 0 0 0 1.0005 0 0.983 0.0374 0.1086 0.1266 0.9865 0.9852 -0.1097 0.1757 0.1974 1.5344 0.8389 -0.2031 0.5276 0.6966 4.1117 0.025 0.025 0.2657 0 0
47 408 1717 0 0 0 0 0 1.0009 0 0.4854 -0.0484 0.1822 0.2146 0.8608 0.9812 0.08 0.209 0.3013 2.3927 0.8357 0.0421 0.4969 0.6388 4.0589 -0.0777 0.0777 0.3686 0 0
47 409 2159 0 0 0 0 0 1.0012 0 0.7717 0.0819 0.1549 0.2144 0.783 0.9907 -0.2435 0.2435 0.2819 1.5803 0.8576 -0.15 0.5377 0.673 4.4502 0.0945 0.0945 0.2469 0 0
47 410 1751 0 0 0 0 0 1.0008 0 0.9091 -0.0302 0.1221 0.1314 0.7702 0.9634 -0.0875 0.2419 0.3241 3.7191 0.8051 -0.1141 0.5268 0.6828 4.6016 0.0635 0.0635 0.2784 0 0
47 411 1921 0 0 0 0 0 1.0007 0 0.9291 -0.0818 0.1158 0.1242 0.8799 0.9838 0.0182 0.169 0.2238 1.5204 0.8479 -0.0382 0.4486 0.5674 4.0961 0.0192 0.0192 0.2723 0 0
47 412 1769 0 0 0 0 0 1.0003 0 0.8034 0.0249 0.1877 0.2395 1.022 0.9659 0.0084 0.2228 0.3334 1.8692 0.82 -0.0992 0.5143 0.6495 4.3562 -0.058 0.058 0.2925 0 0
47 413 1707 0 0 0 0 0 1.0003 0 0.6786 -0.1037 0.2068 0.2245 0.8033 0.9802 0.0949 0.2907 0.5236 4.0724 0.79 -0.0831 0.5331 0.6946 4.5575 0.0299 0.0299 0.2757 0 0
47 414 1718 0 0 0 0 0 1.0006 0 0.9098 0.0288 0.1337 0.1573 1.1229 0.9942 -0.1535 0.1852 0.2181 1.9502 0.8163 -0.1059 0.5157 0.6704 4.0943 -0.1563 0.1563 0.3059 0 0
47 415 1758 0 0 0 0 0 1.0004 0 0.5207 -0.0336 0.2261 0.3149 1.0691 0.9902 -0.0854 0.1597 0.1934 2.9092 0.8067 -0.1658 0.5731 0.7315 4.4191 -0.0108 0.0108 0.3447 0 0
47 416 1749 0 0 0 0 0 1.0002 0 0.9509 -0.0398 0.0633 0.1046 0.7614 0.9962 0.2722 0.2722 0.3008 2.6192 0.7975 0.1758 0.5251 0.6769 4.1745 -0.1035 0.1035 0.3051 0 0
47 417 1795 0 0 0 0 0 1.0003 0 0.3208 0.0652 0.1271 0.144 0.7903 0.9866 0.026 0.1308 0.1888 1.2219 0.8408 0.061 0.5437 0.6751 4.3742 0.0174 0.0174 0.2793 0 0
47 418 1926 0 0 0 0 0 1.0004 0 0.6117 -2e-04 0.1003 0.1189 0.7088 0.9926 0.2055 0.2147 0.2721 1.8881 0.8401 0.2558 0.5596 0.712 4.4915 0.1157 0.1157 0.2278 0 0
47 419 1670 0 0 0 0 0 1.0005 0 0.9342 0.1533 0.2305 0.3242 1.235 0.9683 -0.2361 0.2851 0.3694 3.979 0.776 -0.051 0.5692 0.7155 4.1717 -0.1583 0.1583 0.33 0 0
47 420 1758 0 0 0 0 0 1.0004 0 0.8615 -0.2051 0.2051 0.2192 0.7454 0.9926 0.0576 0.3463 0.4475 2.819 0.7863 0.0523 0.5579 0.7161 4.5168 0.101 0.101 0.2918 0 0
47 421 1751 0 0 0 0 0 1.0004 0 0.6729 0.1323 0.1678 0.221 0.7967 0.9778 0.1147 0.2295 0.2755 3.4447 0.8122 0.1872 0.5556 0.6877 4.233 -0.0423 0.0423 0.3181 0 0
47 422 1760 0 0 0 0 0 1.0002 0 0.8494 0.0296 0.0834 0.1087 0.801 0.9966 -0.0306 0.0996 0.1333 2.2284 0.7922 -0.0685 0.5271 0.6784 4.108 -0.0177 0.0177 0.2914 0 0
47 423 1773 0 0 0 0 0 1.0004 0 0.9033 0.0912 0.1276 0.1519 0.9567 0.9852 -0.2817 0.2868 0.3571 1.6009 0.8462 -0.2291 0.545 0.6745 4.383 -0.0196 0.0196 0.2645 0 0
47 424 1738 0 0 0 0 0 1.0004 0 0.8595 -0.0427 0.1424 0.1964 0.9669 0.9952 -0.0901 0.1591 0.1995 3.4377 0.8201 0.0029 0.5192 0.6641 4.1282 -0.0076 0.0076 0.2692 0 0
47 425 1741 0 0 0 0 0 1.0005 0 0.8898 -0.0959 0.1876 0.1976 1.0386 0.9869 -0.1628 0.2483 0.2896 2.7664 0.79 -0.1806 0.5494 0.7171 4.4288 0.055 0.055 0.2959 0 0
47 426 1748 0 0 0 0 0 1.0005 0 0.8851 0.1211 0.1637 0.1958 0.8683 0.9873 0.1003 0.1795 0.2112 1.5878 0.8043 0.0436 0.5297 0.6712 4.122 -0.0413 0.0413 0.3125 0 0
47 427 1683 0 0 0 0 0 1.0004 0 0.897 -0.0215 0.126 0.146 1.091 0.9898 -0.054 0.1384 0.1976 2.5099 0.8062 0.0548 0.5109 0.6528 4.3414 -0.0586 0.0586 0.3149 0 0
47 428 1752 0 0 0 0 0 1.0004 0 0.9633 0.0802 0.1402 0.1773 1.093 0.9838 0.0638 0.1773 0.2178 2.5753 0.7977 0.0715 0.511 0.6571 4.1677 -0.1773 0.1773 0.3059 0 0
47 429 1838 0 0 0 0 0 1.0005 0 0.9499 0.003 0.0766 0.1081 0.7881 0.9926 0.1873 0.2023 0.2366 2.3401 0.8525 0.1327 0.5065 0.6553 4.4208 0.0511 0.0511 0.2485 0 0
47 430 1703 0 0 0 0 0 1.0005 0 0.684 0.0745 0.1311 0.153 0.8913 0.9892 0.1348 0.1834 0.2107 1.4678 0.7806 0.1926 0.5493 0.7012 4.2062 -0.1185 0.1185 0.3503 0 0
47 431 1677 0 0 0 0 0 1.0006 0 0.9109 0.0712 0.1321 0.1683 0.8568 0.9946 0.1153 0.1705 0.2199 2.1069 0.8523 0.0381 0.5106 0.6441 4.0786 -0.1192 0.1192 0.3038 0 0
47 432 1747 0 0 0 0 0 1.0001 0 0.9574 -0.026 0.0834 0.0894 0.9391 0.9969 -0.2599 0.2624 0.2924 2.803 0.8256 -0.2551 0.5469 0.6859 4.1594 -0.0201 0.0201 0.2998 0 0
47 433 1659 0 0 0 0 0 1.0002 0 0.6082 -0.1172 0.2728 0.3146 1.0209 0.9808 -0.1544 0.4751 0.8063 10.203 0.7939 -0.009 0.5682 0.7221 4.3542 -0.0295 0.0295 0.3827 0 0
47 434 1870 0 0 0 0 0 1.0008 0 0.9763 -0.0771 0.0771 0.0922 0.805 0.9817 0.2896 0.3752 0.4217 2.9166 0.7752 0.3317 0.6214 0.7805 4.5368 0.0859 0.0859 0.3189 0 0
47 435 1802 0 0 0 0 0 1.0002 0 0.736 -0.2133 0.2133 0.2576 0.7181 0.9854 -0.0346 0.3297 0.4781 4.4404 0.7922 0.1947 0.531 0.676 4.5001 0.074 0.074 0.3194 0 0
47 436 1754 0 0 0 0 0 1.0005 0 0.8942 0.1116 0.1242 0.1374 0.7899 0.9894 -0.0062 0.1545 0.1926 2.3847 0.7723 0.0063 0.6349 0.8035 4.3296 -0.0617 0.0617 0.3315 0 0
47 437 1764 0 0 0 0 0 1.0005 0 0.9054 -0.1457 0.1648 0.186 0.9446 0.9878 -0.2483 0.3094 0.3688 2.8449 0.7782 -0.2231 0.5647 0.753 4.5508 0.1049 0.1049 0.2898 0 0
47 438 1766 0 0 0 0 0 1.0004 0 0.8455 -0.0397 0.1379 0.149 0.9432 0.9847 0.1379 0.2575 0.3331 2.1875 0.7836 0.0756 0.5337 0.6724 4.2892 -0.0683 0.0683 0.2937 0 0
47 439 1815 0 0 0 0 0 1.0008 0 0.9436 -0.0246 0.08 0.1038 0.7325 0.9892 -0.1239 0.1881 0.2353 2.674 0.772 -0.163 0.6185 0.7954 4.7321 0.1173 0.1173 0.2664 0 0
47 440 1779 0 0 0 0 0 1.0007 0 0.6323 0.0277 0.1329 0.1563 0.7919 0.9925 -0.0443 0.1634 0.2021 3.9797 0.8042 -0.0575 0.5357 0.6785 4.3673 0.0014 0.0014 0.2945 0 0
47 441 1853 0 0 0 0 0 1.0005 0 0.4153 0.0305 0.209 0.2313 0.7807 0.9852 -0.0851 0.1632 0.2257 1.8612 0.8336 -0.0479 0.5135 0.6521 4.4061 0.0539 0.0539 0.2592 0 0
47 442 1721 0 0 0 0 0 1.0002 0 0.8082 -0.0187 0.12 0.1451 0.7281 0.9909 0.0578 0.1456 0.192 2.8596 0.7931 0.0094 0.5463 0.7058 4.2984 -0.0353 0.0353 0.3156 0 0
47 443 1803 0 0 0 0 0 1.0004 0 0.8828 -0.2338 0.2338 0.3022 0.918 0.9851 0.0971 0.2299 0.3084 2.2469 0.7689 0.2843 0.5856 0.7809 4.4115 0.0958 0.0958 0.2812 0 0
47 444 1683 0 0 0 0 0 1.0003 0 0.6789 -0.0607 0.1489 0.1699 0.8707 0.9899 -0.0904 0.1827 0.2395 2.3702 0.8235 -0.0433 0.5007 0.6624 4.1302 0.0155 0.0155 0.2803 0 0
47 445 1802 0 0 0 0 0 1.0003 0 0.8077 -0.0701 0.1684 0.1738 0.7932 0.9862 0.1176 0.2863 0.4058 4.9425 0.7942 0.0741 0.5727 0.7308 4.2097 0.076 0.076 0.2734 0 0
47 446 1784 0 0 0 0 0 1.0004 0 0.8313 0.0032 0.0917 0.1045 0.7071 0.9937 -0.1579 0.1669 0.2177 2.2228 0.8074 -0.113 0.5552 0.708 4.0956 -8e-04 8e-04 0.2879 0 0
47 447 1906 0 0 0 0 0 1.0008 0 0.8301 0.2159 0.2159 0.2624 0.9137 0.9947 -0.5039 0.5039 0.5307 1.1672 0.8302 -0.3348 0.6332 0.7866 4.2656 -0.0234 0.0234 0.2848 0 0
47 448 1798 0 0 0 0 0 1.0008 0 0.4673 0.0062 0.0866 0.1212 0.7477 0.9845 0.0131 0.147 0.2084 1.8837 0.7873 0.0452 0.5634 0.7303 4.4003 0.0395 0.0395 0.2832 0 0
47 449 1744 0 0 0 0 0 1.0003 0 0.8269 -0.1146 0.1351 0.1528 0.7512 0.9798 -0.1572 0.2932 0.3732 3.8698 0.786 -0.1488 0.5171 0.6684 4.1806 -0.0763 0.0763 0.3542 0 0
47 450 1860 0 0 0 0 0 1.0003 0 0.97 -0.0206 0.0705 0.0839 0.9939 0.995 0.0539 0.1089 0.1295 1.6761 0.8211 0.0881 0.5129 0.6713 4.3554 0.004 0.004 0.2629 0 0
47 451 1613 0 0 0 0 0 1.0007 0 0.8801 -0.1286 0.147 0.1744 0.8508 0.9867 0.0598 0.1834 0.2658 2.4363 0.7788 -0.0448 0.5384 0.7002 4.3148 -0.0507 0.0507 0.3421 0 0
47 452 2147 0 0 0 0 0 1.0003 0 0.9362 -0.1752 0.1752 0.1934 0.6643 0.9922 0.0819 0.163 0.2012 1.493 0.8337 0.1759 0.5267 0.6748 4.5335 0.1611 0.1611 0.2347 0 0
47 453 1732 0 0 0 0 0 1.0006 0 0.9469 0.1345 0.1746 0.2189 1.0898 0.9957 -0.0184 0.1408 0.1603 3.6125 0.819 -0.1115 0.5214 0.6736 4.3755 -0.0215 0.0215 0.266 0 0
47 454 1726 0 0 0 0 0 1.0003 0 0.7467 -0.0335 0.1609 0.1976 0.9695 0.9963 -0.1907 0.1915 0.2287 2.1868 0.8419 -0.1204 0.4997 0.6515 4.3449 0.0312 0.0312 0.2822 0 0
47 455 1717 0 0 0 0 0 1.001 0 0.3718 -0.0104 0.213 0.2478 0.8353 0.9796 0.3502 0.383 0.4604 3.1442 0.7573 0.1672 0.5859 0.7327 4.3127 -0.0226 0.0226 0.3423 0 0
47 456 1766 0 0 0 0 0 1.0009 0 0.928 -0.0475 0.1008 0.1145 0.8834 0.9916 0.0721 0.2135 0.2789 3.3 0.79 0.0038 0.5223 0.6717 4.3994 0.0337 0.0337 0.3068 0 0
47 457 1934 0 0 0 0 0 1.0012 0 0.9184 -0.0496 0.1883 0.2065 0.8863 0.9889 -0.2939 0.3061 0.3553 1.6739 0.8657 -0.2091 0.4826 0.6072 4.0987 0.0155 0.0155 0.2509 0 0
47 458 1704 0 0 0 0 0 1.0005 0 0.9633 -0.0548 0.1013 0.1073 0.9551 0.987 -0.1076 0.3268 0.3932 5.0237 0.7812 -0.0376 0.5248 0.6871 4.2741 -0.0557 0.0557 0.3894 0 0
47 459 1813 0 0 0 0 0 1.0004 0 0.8425 -0.1226 0.1226 0.1618 0.7325 0.9964 -0.0115 0.1347 0.2061 2.5377 0.8413 0.0949 0.4891 0.6262 4.1041 0.0618 0.0618 0.2753 0 0
47 460 1720 0 0 0 0 0 1.0003 0 0.9587 -0.0479 0.0901 0.1108 0.93 0.9838 -0.0253 0.1913 0.2246 1.7393 0.8252 0.0394 0.5183 0.6685 4.17 -0.0124 0.0124 0.2888 0 0
47 461 1719 0 0 0 0 0 1.0002 0 0.3954 -0.1023 0.1807 0.2062 0.8246 0.9917 0.0247 0.2188 0.2701 2.7769 0.8188 0.1159 0.5304 0.685 4.5467 0.0653 0.0653 0.2837 0 0
47 462 1816 0 0 0 0 0 1.0002 0 0.7109 0.0139 0.0856 0.1021 0.7292 0.9949 -0.0354 0.1033 0.1264 1.4167 0.8026 -0.0171 0.528 0.67 4.4084 0.0462 0.0462 0.2715 0 0
47 463 1675 0 0 0 0 0 1.0002 0 0.7075 0.0044 0.186 0.2067 0.7899 0.9885 -0.1274 0.1818 0.2213 1.9597 0.8196 -0.1199 0.5303 0.6692 4.4175 0.0088 0.0088 0.2948 0 0
47 464 1751 0 0 0 0 0 1.0004 0 0.7521 -0.0038 0.1109 0.1434 0.8115 0.99 0.0842 0.174 0.2079 1.5388 0.8487 0.1553 0.5203 0.6546 4.4141 0.0696 0.0696 0.2457 0 0
47 465 2080 0 0 0 0 0 1.0003 0 0.7669 -0.1537 0.1537 0.2086 0.6522 0.9857 -0.1299 0.3696 0.5746 4.576 0.812 -0.1148 0.5449 0.688 4.329 0.1302 0.1302 0.2694 0 0
47 466 1759 0 0 0 0 0 1.0004 0 0.4604 0.1039 0.1746 0.2311 0.9429 0.9934 -0.2449 0.2874 0.3172 1.8691 0.813 -0.2963 0.6249 0.7838 4.361 0.0236 0.0236 0.3174 0 0
47 467 1707 0 0 0 0 0 1.0002 0 0.752 -0.0812 0.1415 0.201 0.8443 0.9827 0.1866 0.1924 0.2976 2.2017 0.8001 0.0919 0.4783 0.6282 4.1758 -0.1271 0.1271 0.3113 0 0
47 468 2662 0 0 0 0 0 1.0003 0 0.8964 -0.0569 0.1328 0.1675 1.0144 0.9924 -0.4291 0.4318 0.4606 1.9042 0.8528 -0.3659 0.5901 0.7664 4.1454 0.1419 0.1419 0.2674 0 0
47 469 1702 0 0 0 0 0 1.0009 0 0.7873 0.0455 0.106 0.1414 0.8421 0.9925 0.2378 0.2534 0.3194 3.5517 0.7944 0.2266 0.573 0.7179 4.317 -0.0504 0.0504 0.311 0 0
47 470 1678 0 0 0 0 0 1.0004 0 0.5059 -0.0422 0.2262 0.2414 0.8432 0.9814 0.1001 0.24 0.2851 2.9738 0.8158 0.076 0.5368 0.6767 4.239 -0.1443 0.1443 0.3506 0 0
47 471 1759 0 0 0 0 0 1.0005 0 0.3661 -0.0704 0.2892 0.3693 0.9074 0.9831 -0.2465 0.4329 0.7422 7.0679 0.7952 -0.0382 0.5962 0.7652 4.1982 0.0715 0.0715 0.2986 0 0
47 472 1739 0 0 0 0 0 1.0004 0 0.7163 -0.0549 0.1133 0.1459 0.7825 0.984 -0.011 0.1966 0.2526 2.1401 0.8082 -0.0662 0.517 0.6639 4.397 0.0328 0.0328 0.286 0 0
47 473 1773 0 0 0 0 0 1.0003 0 0.9731 -0.0652 0.0906 0.1198 1.0766 0.9602 -0.1797 0.5242 0.676 7.1028 0.814 -0.3349 0.605 0.7597 4.2916 0.0188 0.0188 0.2801 0 0
47 474 1698 0 0 0 0 0 1.0004 0 0.7102 -0.0258 0.1389 0.1579 0.8238 0.9926 -0.0105 0.1537 0.1824 2.1623 0.7975 -0.0278 0.5484 0.6982 4.4383 0.0343 0.0343 0.2859 0 0
47 475 1778 0 0 0 0 0 1.0011 0 0.917 -0.0519 0.1262 0.1785 0.7977 0.9923 0.1339 0.1923 0.2197 2.5132 0.7973 0.0378 0.524 0.6572 4.1647 -0.0079 0.0079 0.2941 0 0
47 476 1684 0 0 0 0 0 1.0003 0 0.8462 -0.035 0.1103 0.1267 0.9558 0.9968 -0.1179 0.1316 0.1762 2.5225 0.802 -0.1917 0.5324 0.6885 4.3827 -0.0271 0.0271 0.3014 0 0
47 477 1961 0 0 0 0 0 1.0002 0 0.8178 0.0572 0.1846 0.2468 1.1299 0.9866 -0.1227 0.1919 0.224 2.0402 0.8575 -0.0702 0.4863 0.6333 4.3891 0.0327 0.0327 0.2619 0 0
47 478 1769 0 0 0 0 0 1.0005 0 0.8619 -0.1069 0.1633 0.1754 0.7767 0.9846 0.0627 0.2058 0.2577 2.1786 0.7871 0.0997 0.5531 0.7218 4.3119 0.0693 0.0693 0.2973 0 0
47 479 1711 0 0 0 0 0 1.0006 0 0.8649 0.009 0.0674 0.1037 0.7965 0.9857 0.121 0.1631 0.2069 2.0256 0.7964 0.0884 0.5564 0.6888 4.3583 -0.0683 0.0683 0.3062 0 0
47 480 1765 0 0 0 0 0 1.0004 0 0.9441 -0.0987 0.1066 0.1177 0.7861 0.9926 0.0429 0.1581 0.2005 2.3135 0.7952 0.0749 0.5397 0.7001 4.344 0.0647 0.0647 0.2826 0 0
47 481 1769 0 0 0 0 0 1.001 0 0.3495 -0.0067 0.1664 0.2186 0.8801 0.9812 0.2315 0.304 0.3403 2.2784 0.8034 0.3786 0.6552 0.804 4.7023 0.0787 0.0787 0.29 0 0
47 482 1733 0 0 0 0 0 1.0015 0 0.6407 0.0708 0.1764 0.2146 0.8726 0.994 0.1099 0.1362 0.1741 1.065 0.8376 0.1209 0.4789 0.6274 4.3409 -0.0301 0.0301 0.2828 0 0
47 483 1702 0 0 0 0 0 1.0006 0 0.7979 0.0141 0.0926 0.1106 0.8914 0.9905 0.0721 0.1315 0.1783 1.9384 0.795 -0.0141 0.5282 0.6811 4.3682 -0.0129 0.0129 0.3054 0 0
47 484 1740 0 0 0 0 0 1.0007 0 0.3892 0.0277 0.1603 0.1921 0.8289 0.976 -0.2581 0.3301 0.3709 2.4988 0.8134 -0.1353 0.5736 0.7234 4.2323 -0.0946 0.0946 0.3227 0 0
47 485 1751 0 0 0 0 0 1.0005 0 0.9138 -0.1049 0.1508 0.1798 0.9367 0.9859 0.2102 0.2643 0.4556 5.5003 0.8117 0.0993 0.5193 0.6791 4.1454 0.0207 0.0207 0.2742 0 0
47 486 1656 0 0 0 0 0 1.0009 0 0.8408 0.0152 0.0896 0.115 0.975 0.9894 -0.1771 0.205 0.2494 1.7778 0.777 -0.153 0.578 0.73 4.4152 -0.0586 0.0586 0.3443 0 0
47 487 2052 0 0 0 0 0 1.0003 0 0.8731 0.0755 0.1594 0.1916 0.897 0.9784 0.0907 0.2006 0.2944 2.4594 0.8384 0.0396 0.4604 0.6008 4.3288 -0.0524 0.0524 0.2895 0 0
47 488 1723 0 0 0 0 0 1.0004 0 0.7811 -0.0149 0.0632 0.0846 0.7253 0.9908 0.1049 0.243 0.29 2.9899 0.7598 0.1334 0.5688 0.7337 4.3461 -0.0132 0.0132 0.3185 0 0
47 489 1702 0 0 0 0 0 1.0004 0 0.6123 -0.0055 0.1334 0.1455 0.8295 0.9745 -0.2066 0.2856 0.3508 5.1286 0.7696 -0.3073 0.6672 0.8276 4.4786 0.0288 0.0288 0.3466 0 0
47 490 1821 0 0 0 0 0 1.0003 0 0.9928 -0.1997 0.1997 0.2154 0.7871 0.9956 -0.2826 0.2919 0.3523 2.098 0.8121 -0.2212 0.517 0.7076 4.4904 0.0671 0.0671 0.3021 0 0
47 491 1703 0 0 0 0 0 1.0007 0 0.6141 -0.1126 0.2007 0.2089 1.0297 0.991 -0.236 0.2683 0.3167 3.6813 0.787 -0.1639 0.5665 0.7216 4.4312 0.0016 0.0016 0.3386 0 0
47 492 1753 0 0 0 0 0 1.0006 0 0.7159 -0.0417 0.1543 0.1735 0.8749 0.987 -0.1924 0.2388 0.3006 2.3346 0.7728 -0.0549 0.5593 0.7284 4.3876 -0.0173 0.0173 0.3301 0 0
47 493 1675 0 0 0 0 0 1.0003 0 0.8035 0.1852 0.2036 0.2433 0.9961 0.9846 0.0601 0.2139 0.2851 1.6665 0.793 -0.0825 0.5595 0.7064 4.3142 -0.0756 0.0756 0.3134 0 0
47 494 1760 0 0 0 0 0 1.0002 0 0.916 0.0848 0.1399 0.1769 0.966 0.99 0.0811 0.1598 0.1992 2.0631 0.8055 0.1463 0.557 0.7154 4.095 0.0281 0.0281 0.2646 0 0
47 495 1782 0 0 0 0 0 1.0008 0 0.4994 0.0279 0.1631 0.1942 0.8494 0.9703 -0.0062 0.1697 0.2622 2.244 0.7892 -0.1357 0.5595 0.7123 4.2742 0.0105 0.0105 0.3142 0 0
47 496 1738 0 0 0 0 0 1.0008 0 0.8725 -0.0183 0.1191 0.1522 0.8409 0.9901 -0.0782 0.1669 0.2193 2.5012 0.8338 -0.0163 0.5045 0.6341 4.4071 0.0088 0.0088 0.2996 0 0
47 497 2268 9 0 0 0 0 1.0004 0 0.8833 -0.0947 0.1327 0.1534 0.8131 0.995 0.097 0.137 0.172 2.613 0.8344 0.2228 0.5891 0.7389 4.898 0.1095 0.1095 0.3543 1 0
47 498 1891 0 0 0 0 0 1.0005 0 0.9894 -0.2147 0.2147 0.2358 0.9088 0.9934 0.0731 0.1885 0.2537 1.8962 0.852 0.0802 0.4829 0.619 4.1311 0.1074 0.1074 0.2541 0 0
47 499 1792 0 0 0 0 0 1.001 0 0.0288 -0.0739 0.1915 0.2251 0.8226 0.971 0.196 0.3186 0.3858 2.0679 0.8089 0.1992 0.5789 0.7352 4.2605 0.0447 0.0447 0.2887 0 0
47 500 1764 0 0 0 0 0 1.0002 0 0.7225 -0.0358 0.1378 0.1673 0.763 0.9882 0.2344 0.2472 0.3124 2.2428 0.7932 0.133 0.5782 0.7466 4.4555 0.0883 0.0883 0.2666 0 0
