cond r run.time ndiv nbfmi ntree nbulk ntail maxRhat nRhat beta.cor beta.bias beta.abbias beta.rmse beta.cover beta.CI theta.cor theta.bias theta.abbias theta.rmse theta.cover theta.CI attra.cor attra.bias attra.abbias attra.rmse attra.cover attra.CI lambda.bias lambda.abbias lambda.rbias lambda.rbias2 lambda.cover lambda.CI pvar.bias pvar.abbias pvar.rbias pvar.rbias2 pvar.cover pvar.CI sigma2.bias sigma2.abbias sigma2.rbias sigma2.rbias2 sigma2.cover sigma2.CI corrupt efficiency
31 1 2935 0 0 0 0 0 1.0105 0 0.9609 -0.6249 0.6374 0.7416 0.5 1.3108 0.8159 -0.5729 0.7555 0.9194 0.7433 2.2903 0.9532 -0.4948 0.4948 0.5486 0.5733 1.0879 0.1257 0.1257 NA NA 1 0.5419 -0.276 0.276 -0.276 0.724 1 0.4945 -0.3024 0.3024 -0.3024 0.6976 0 0.4621 0 0
31 2 2766 0 0 0 0 0 1.0072 0 0.9764 0.0953 0.2603 0.3748 1 1.3134 0.8105 0.0286 0.5442 0.7316 0.9133 2.4108 0.9666 0.047 0.2258 0.2682 1 1.0483 -0.1373 0.1373 NA NA 1 0.421 -0.1776 0.1776 -0.1776 0.8224 1 0.5414 -0.2026 0.2026 -0.2026 0.7974 1 0.5234 0 0
31 3 2957 0 0 0 0 0 1.0107 0 0.9594 -0.1003 0.3061 0.3897 1 1.3262 0.8038 -0.0578 0.5264 0.7486 0.93 2.3357 0.9803 -0.0948 0.1487 0.1716 1 1.0619 -0.0212 0.0212 NA NA 1 0.4026 -0.2364 0.2364 -0.2364 0.7636 1 0.5138 -0.2451 0.2451 -0.2451 0.7549 1 0.51 0 0
31 4 2808 0 0 0 0 0 1.0042 0 0.9643 -0.4699 0.486 0.5215 0.75 1.2578 0.8392 -0.5226 0.6365 0.8275 0.89 2.4509 0.9668 -0.4498 0.4498 0.4847 0.7333 1.1477 0.0625 0.0625 NA NA 1 0.4575 -0.1834 0.1834 -0.1834 0.8166 1 0.524 -0.1985 0.1985 -0.1985 0.8015 1 0.5088 0 0
31 5 3452 0 0 0 0 0 1.005 0 0.972 -0.3285 0.3397 0.4003 0.9167 1.2081 0.8144 -0.2492 0.5581 0.7207 0.9067 2.3706 0.9626 -0.131 0.1814 0.2325 0.9933 1.0661 -0.1295 0.1295 NA NA 1 0.3651 -0.1468 0.1468 -0.1468 0.8532 1 0.5377 -0.1684 0.1684 -0.1684 0.8316 1 0.5326 0 0
31 6 4110 0 0 0 0 0 1.0055 0 0.9344 -0.7751 0.7751 0.8473 0.3333 1.2951 0.8521 -0.7755 0.8731 1.0237 0.75 2.593 0.9646 -0.7343 0.7343 0.7607 0.2733 1.1901 0.0861 0.0861 NA NA 1 0.3775 0.0789 0.0789 0.0789 1.0789 1 0.6997 0.0605 0.0605 0.0605 1.0605 1 0.6718 0 0
31 7 2349 0 0 0 0 0 1.0053 0 0.9686 -0.1746 0.3105 0.3812 1 1.3326 0.8062 -0.1951 0.5065 0.7105 0.9467 2.4859 0.9887 -0.1807 0.1808 0.2235 0.98 1.0745 -0.1759 0.1759 NA NA 1 0.4807 -0.175 0.175 -0.175 0.825 1 0.5617 -0.2131 0.2131 -0.2131 0.7869 1 0.5574 0 0
31 8 2152 0 0 0 0 0 1.0019 0 0.9494 0.3339 0.4834 0.6777 0.875 1.4349 0.7846 0.3391 0.6188 0.7971 0.8733 2.3688 0.9747 0.3116 0.3398 0.3893 0.8033 1.0714 0.0769 0.0769 NA NA 1 0.4196 -0.2503 0.2503 -0.2503 0.7497 1 0.5006 -0.2638 0.2638 -0.2638 0.7362 1 0.4917 0 0
31 9 2845 0 0 0 0 0 1.0044 0 0.9874 0.6667 0.6667 0.7113 0.5417 1.3799 0.809 0.5485 0.7326 0.9057 0.7933 2.5462 0.9883 0.5427 0.5427 0.5533 0.5967 1.1354 0.0506 0.0506 NA NA 1 0.4167 -0.1724 0.1724 -0.1724 0.8276 1 0.5902 -0.1841 0.1841 -0.1841 0.8159 1 0.5762 0 0
31 10 3623 0 0 0 0 0 1.0162 0 0.9761 0.5918 0.5918 0.626 0.6667 1.269 0.819 0.5497 0.7365 0.9139 0.8133 2.5193 0.9887 0.4887 0.4887 0.5003 0.7633 1.2532 0.2445 0.2445 NA NA 0 0.4255 0.0426 0.0426 0.0426 1.0426 1 0.6764 -0.0338 0.0338 -0.0338 0.9662 1 0.6144 0 0
31 11 3167 0 0 0 0 0 1.0141 0 0.9627 -0.2488 0.3135 0.3801 0.875 1.2176 0.8415 -0.2591 0.5451 0.7538 0.9133 2.4889 0.9851 -0.2173 0.2248 0.2493 1 1.1321 0.0203 0.0203 NA NA 1 0.3811 0.0401 0.0401 0.0401 1.0401 1 0.6564 0.0294 0.0294 0.0294 1.0294 1 0.6444 0 0
31 12 3530 0 0 0 0 0 1.0093 0 0.9786 0.1717 0.2099 0.2954 1 1.2966 0.8512 0.1702 0.5186 0.6789 0.9533 2.4632 0.9663 0.1426 0.2147 0.2642 1 1.1542 0.1456 0.1456 NA NA 1 0.368 -0.0057 0.0057 -0.0057 0.9943 1 0.6399 -0.0364 0.0364 -0.0364 0.9636 1 0.617 0 0
31 13 2281 0 0 0 0 0 1.0048 0 0.9779 -0.0907 0.2624 0.3102 1 1.3397 0.8383 -0.1075 0.5224 0.7155 0.95 2.5782 0.9781 -0.202 0.2404 0.2884 1 1.1273 0.0585 0.0585 NA NA 1 0.4259 -0.073 0.073 -0.073 0.927 1 0.6351 -0.0878 0.0878 -0.0878 0.9122 1 0.6167 0 0
31 14 3873 0 0 0 0 0 1.0111 0 0.9586 -0.4867 0.5012 0.5737 0.7083 1.2631 0.8309 -0.5152 0.6806 0.8708 0.85 2.5518 0.9856 -0.5877 0.5877 0.5997 0.3933 1.107 -0.0972 0.0972 NA NA 1 0.3841 -0.0079 0.0079 -0.0079 0.9921 1 0.6302 -0.0273 0.0273 -0.0273 0.9727 1 0.6217 0 0
31 15 2626 0 0 0 0 0 1.0169 0 0.9695 0.5065 0.5082 0.5558 0.7917 1.262 0.8464 0.5315 0.7022 0.8602 0.8733 2.7353 0.9549 0.4496 0.4936 0.5179 0.5933 1.1405 -0.1141 0.1141 NA NA 1 0.3536 0.1758 0.1758 0.1758 1.1758 1 0.7723 0.1505 0.1505 0.1505 1.1505 1 0.7448 0 0
31 16 2886 0 0 0 0 0 1.0066 0 0.9745 0.2312 0.3372 0.4352 0.9167 1.3283 0.8126 0.2691 0.5783 0.7715 0.9233 2.4975 0.9755 0.2009 0.2565 0.3268 0.8867 1.157 0.2024 0.2024 NA NA 0 0.3846 -0.0745 0.0745 -0.0745 0.9255 1 0.6162 -0.1226 0.1226 -0.1226 0.8774 1 0.5803 0 0
31 17 2517 0 0 0 0 0 1.0069 0 0.9711 -0.4117 0.4821 0.651 0.7917 1.3689 0.849 -0.3366 0.5656 0.7265 0.8767 2.2335 0.9757 -0.3282 0.3416 0.4251 0.7 1.0262 0.0106 0.0106 NA NA 1 0.3721 -0.2915 0.2915 -0.2915 0.7085 0 0.4617 -0.2983 0.2983 -0.2983 0.7017 0 0.459 0 0
31 18 3197 0 0 0 0 0 1.0066 0 0.9721 0.5361 0.5361 0.5794 0.625 1.2455 0.8092 0.5679 0.7253 0.9067 0.82 2.479 0.9726 0.5198 0.5198 0.5786 0.5433 1.1168 0.081 0.081 NA NA 1 0.4266 -0.0585 0.0585 -0.0585 0.9415 1 0.6233 -0.0765 0.0765 -0.0765 0.9235 1 0.6006 0 0
31 19 3400 0 0 0 0 0 1.0026 0 0.9868 -0.2699 0.286 0.3245 0.9583 1.2375 0.8576 -0.2208 0.5125 0.6865 0.94 2.4557 0.992 -0.265 0.2683 0.3118 0.9567 1.1103 -0.0164 0.0164 NA NA 1 0.4131 -0.1419 0.1419 -0.1419 0.8581 1 0.5498 -0.1522 0.1522 -0.1522 0.8478 1 0.5454 0 0
31 20 3128 0 0 0 0 0 1.0048 0 0.9769 0.296 0.3215 0.4044 0.9583 1.2589 0.857 0.2251 0.4993 0.6657 0.9333 2.2984 0.991 0.1372 0.1655 0.1972 1 1.0659 0.0612 0.0612 NA NA 1 0.4196 -0.2004 0.2004 -0.2004 0.7996 1 0.5209 -0.213 0.213 -0.213 0.787 1 0.5101 0 0
31 21 3987 0 0 0 0 0 1.0057 0 0.9584 0.3361 0.3716 0.4777 0.875 1.2792 0.8154 0.2511 0.5364 0.7226 0.9333 2.4138 0.963 0.2624 0.2781 0.3376 0.8567 1.1301 0.1225 0.1225 NA NA 1 0.3893 -0.1951 0.1951 -0.1951 0.8049 1 0.545 -0.2158 0.2158 -0.2158 0.7842 1 0.5247 0 0
31 22 2100 0 0 0 0 0 1.0044 0 0.9758 0.2631 0.388 0.4304 0.9167 1.3628 0.8208 0.2573 0.5279 0.6963 0.93 2.3495 0.9825 0.2038 0.2466 0.2939 0.8933 1.0627 -0.0053 0.0053 NA NA 1 0.4878 -0.2775 0.2775 -0.2775 0.7225 0 0.4919 -0.2891 0.2891 -0.2891 0.7109 0 0.4842 0 0
31 23 3315 0 0 0 1 0 1.0185 0 0.9801 0.1045 0.2556 0.3115 1 1.3164 0.8351 0.04 0.4847 0.6715 0.9533 2.3714 0.9373 0.0494 0.2145 0.2592 1 1.1137 0.005 0.005 NA NA 1 0.5386 -0.2524 0.2524 -0.2524 0.7476 1 0.4908 -0.2675 0.2675 -0.2675 0.7325 1 0.4783 0 1
31 24 3310 0 0 0 0 0 1.0118 0 0.9661 0.2782 0.3592 0.4261 0.875 1.3066 0.8475 0.3148 0.5457 0.7085 0.9333 2.4479 0.9776 0.3852 0.3852 0.4274 0.7733 1.1875 0.2464 0.2464 NA NA 0 0.3717 -0.045 0.045 -0.045 0.955 1 0.619 -0.1132 0.1132 -0.1132 0.8868 1 0.5656 0 0
31 25 2729 0 0 0 0 0 1.007 0 0.9349 -1.0739 1.0739 1.1483 0.1667 1.3864 0.84 -0.9989 1.0735 1.205 0.5367 2.5622 0.9581 -1.0169 1.0169 1.0459 0.1 1.142 0.0388 0.0388 NA NA 1 0.3845 0.0208 0.0208 0.0208 1.0208 1 0.6676 0.0092 0.0092 0.0092 1.0092 1 0.6538 0 0
31 26 3551 0 0 0 0 0 1.011 0 0.9753 -0.3943 0.4028 0.5147 0.9583 1.3233 0.8342 -0.3748 0.5629 0.7607 0.9133 2.5745 0.9428 -0.4282 0.4282 0.511 0.6933 1.0946 -0.0778 0.0778 NA NA 1 0.3873 0.067 0.067 0.067 1.067 1 0.6731 0.0499 0.0499 0.0499 1.0499 1 0.6633 0 0
31 27 2808 0 0 0 0 0 1.0064 0 0.9342 -0.7029 0.7099 0.7763 0.3333 1.2895 0.8335 -0.799 0.8695 1.056 0.6967 2.5597 0.9555 -0.7917 0.7917 0.819 0.1267 1.1556 0.0229 0.0229 NA NA 1 0.3998 0.0533 0.0533 0.0533 1.0533 1 0.6671 0.0417 0.0417 0.0417 1.0417 1 0.6582 0 0
31 28 2909 0 0 0 0 0 1.0083 0 0.957 0.3076 0.3529 0.4688 0.875 1.2897 0.8207 0.3523 0.5797 0.7626 0.8767 2.2426 0.9619 0.4061 0.427 0.4999 0.7433 1.0975 0.18 0.18 NA NA 1 0.4163 -0.2355 0.2355 -0.2355 0.7645 1 0.498 -0.2697 0.2697 -0.2697 0.7303 0 0.4687 0 0
31 29 4408 0 0 0 0 0 1.0058 0 0.9692 -0.0435 0.2645 0.3661 1 1.3424 0.8207 -0.1148 0.563 0.7614 0.9167 2.3569 0.9784 -0.0675 0.13 0.1666 1 1.1124 0.1071 0.1071 NA NA 1 0.5024 -0.2434 0.2434 -0.2434 0.7566 1 0.5133 -0.2655 0.2655 -0.2655 0.7345 1 0.4989 0 0
31 30 3038 0 0 0 0 0 1.0016 0 0.9615 -0.1674 0.2907 0.3725 0.875 1.2551 0.8324 -0.1437 0.5121 0.6742 0.9467 2.4189 0.9715 -0.1713 0.2342 0.2945 0.98 1.1031 0.0149 0.0149 NA NA 1 0.3779 -0.0994 0.0994 -0.0994 0.9006 1 0.5674 -0.1082 0.1082 -0.1082 0.8918 1 0.5623 0 0
31 31 2927 0 0 0 0 0 1.0048 0 0.9794 -0.1708 0.2265 0.2643 1 1.2384 0.8475 -0.2946 0.5031 0.6772 0.9567 2.4592 0.9738 -0.2537 0.2537 0.3247 0.87 1.1212 -0.0269 0.0269 NA NA 1 0.4023 -0.0302 0.0302 -0.0302 0.9698 1 0.5869 -0.0414 0.0414 -0.0414 0.9586 1 0.5806 0 0
31 32 3110 0 0 0 0 0 1.0107 0 0.9691 -0.1658 0.2433 0.3108 0.9583 1.2355 0.8414 -0.1908 0.5211 0.7018 0.9433 2.4584 0.9274 -0.1766 0.1906 0.3463 0.93 1.0878 -0.0425 0.0425 NA NA 1 0.4528 -0.1541 0.1541 -0.1541 0.8459 1 0.5596 -0.167 0.167 -0.167 0.833 1 0.5503 0 0
31 33 3218 0 0 0 0 0 1.0092 0 0.9728 0.6191 0.6191 0.6529 0.4583 1.2563 0.8364 0.5774 0.7295 0.8948 0.8333 2.7129 0.9313 0.5901 0.5901 0.644 0.7167 1.2616 0.1883 0.1883 NA NA 1 0.3718 0.2353 0.2353 0.2353 1.2353 1 0.7956 0.179 0.179 0.179 1.179 1 0.7542 0 0
31 34 2897 0 0 0 0 0 1.0027 0 0.969 -0.0663 0.2396 0.3227 0.9583 1.2502 0.8291 -0.0487 0.494 0.6724 0.94 2.3207 0.9832 -0.0218 0.1485 0.1699 1 1.0603 0.0231 0.0231 NA NA 1 0.449 -0.2702 0.2702 -0.2702 0.7298 1 0.4893 -0.2806 0.2806 -0.2806 0.7194 0 0.4787 0 0
31 35 3195 0 0 0 0 0 1.0052 0 0.9831 0.026 0.1565 0.2056 1 1.2243 0.831 -0.1265 0.4958 0.6922 0.9667 2.4903 0.9859 -0.1507 0.187 0.2242 1 1.1093 0.063 0.063 NA NA 1 0.3986 -0.0122 0.0122 -0.0122 0.9878 1 0.6033 -0.027 0.027 -0.027 0.973 1 0.585 0 0
31 36 3600 0 0 0 0 0 1.004 0 0.9725 -0.5619 0.5619 0.6713 0.5417 1.3033 0.848 -0.4556 0.6632 0.8313 0.8167 2.2899 0.9453 -0.3714 0.41 0.4454 0.8133 1.0914 0.0622 0.0622 NA NA 1 0.4159 -0.1802 0.1802 -0.1802 0.8198 1 0.5334 -0.1931 0.1931 -0.1931 0.8069 1 0.5194 0 0
31 37 3442 0 0 0 0 0 1.0109 0 0.9544 0.0522 0.2564 0.3057 0.9583 1.2548 0.8321 0.0169 0.5109 0.6852 0.96 2.5967 0.9622 0.0167 0.1624 0.195 1 1.1172 -0.0178 0.0178 NA NA 1 0.4083 -0.0313 0.0313 -0.0313 0.9687 1 0.6194 -0.0424 0.0424 -0.0424 0.9576 1 0.6136 0 0
31 38 3530 0 0 0 0 0 1.0065 0 0.9834 -0.3674 0.3733 0.4307 0.875 1.2849 0.8643 -0.4123 0.5734 0.7454 0.91 2.3925 0.9747 -0.4159 0.4159 0.4475 0.8133 1.1108 0.0456 0.0456 NA NA 1 0.4155 -0.1466 0.1466 -0.1466 0.8534 1 0.5454 -0.1584 0.1584 -0.1584 0.8416 1 0.5345 0 0
31 39 3044 0 0 0 0 0 1.0067 0 0.9645 0.0926 0.2649 0.325 0.9583 1.2249 0.8531 0.1803 0.4903 0.6564 0.97 2.4137 0.9723 0.1084 0.1885 0.2294 1 1.106 0.0115 0.0115 NA NA 1 0.4163 -0.0398 0.0398 -0.0398 0.9602 1 0.593 -0.0508 0.0508 -0.0508 0.9492 1 0.5831 0 0
31 40 3745 0 0 0 0 0 1.0029 0 0.9811 0.3182 0.3522 0.4031 0.875 1.2533 0.8146 0.3225 0.5686 0.7608 0.9067 2.3738 0.9543 0.2906 0.31 0.3611 0.83 1.0748 -0.036 0.036 NA NA 1 0.4086 -0.1331 0.1331 -0.1331 0.8669 1 0.5336 -0.1438 0.1438 -0.1438 0.8562 1 0.5333 0 0
31 41 3895 0 0 0 0 0 1.0085 0 0.9772 0.4238 0.4238 0.4814 0.7917 1.2398 0.8226 0.3723 0.5572 0.7465 0.9033 2.2786 0.9596 0.405 0.4246 0.4746 0.6867 1.0274 -0.0676 0.0676 NA NA 1 0.3842 -0.2467 0.2467 -0.2467 0.7533 1 0.485 -0.2574 0.2574 -0.2574 0.7426 1 0.4765 0 0
31 42 2981 0 0 0 0 0 1.0071 0 0.9678 -0.6044 0.6044 0.6737 0.625 1.3263 0.8211 -0.6229 0.7699 0.9314 0.8167 2.5092 0.9709 -0.6341 0.6341 0.6569 0.4267 1.1598 0.0849 0.0849 NA NA 1 0.4769 -0.1239 0.1239 -0.1239 0.8761 1 0.5705 -0.1433 0.1433 -0.1433 0.8567 1 0.5645 0 0
31 43 3641 0 0 0 0 0 1.0081 0 0.9791 0.122 0.238 0.2851 1 1.2493 0.837 0.0886 0.5158 0.7055 0.9633 2.6385 0.9856 0.1123 0.1504 0.1875 1 1.1539 0.0384 0.0384 NA NA 1 0.3729 0.1186 0.1186 0.1186 1.1186 1 0.6995 0.1068 0.1068 0.1068 1.1068 1 0.6896 0 0
31 44 3055 0 0 0 0 0 1.0059 0 0.9763 -0.099 0.2037 0.2763 1 1.2728 0.8158 -0.0696 0.4935 0.6889 0.9567 2.5393 0.9721 0.0073 0.2033 0.2392 1 1.0759 -0.1179 0.1179 NA NA 1 0.4037 0.018 0.018 0.018 1.018 1 0.6537 -0.0074 0.0074 -0.0074 0.9926 1 0.6346 0 0
31 45 4081 0 0 0 0 0 1.0052 0 0.9776 0.1008 0.2161 0.2534 1 1.2371 0.838 0.1028 0.4755 0.6521 0.96 2.5707 0.9793 0.0701 0.2104 0.2577 1 1.1139 -0.0529 0.0529 NA NA 1 0.3317 0.1482 0.1482 0.1482 1.1482 1 0.6983 0.1364 0.1364 0.1364 1.1364 1 0.6919 0 0
31 46 3057 0 0 0 0 0 1.0103 0 0.9616 0.5734 0.5734 0.6454 0.6667 1.3054 0.8617 0.5311 0.7017 0.8606 0.8267 2.4446 0.9573 0.5505 0.5506 0.5952 0.44 1.1495 0.0674 0.0674 NA NA 1 0.4087 -0.1271 0.1271 -0.1271 0.8729 1 0.573 -0.1408 0.1408 -0.1408 0.8592 1 0.5578 0 0
31 47 2849 0 0 0 0 0 1.0031 0 0.9873 -0.1445 0.2533 0.2929 1 1.3568 0.8262 -0.095 0.5101 0.6852 0.9767 2.6635 0.9756 -0.0925 0.123 0.1826 1 1.1666 0.0567 0.0567 NA NA 1 0.3808 0.0142 0.0142 0.0142 1.0142 1 0.6628 0.0014 0.0014 0.0014 1.0014 1 0.6569 0 0
31 48 2385 0 0 0 0 0 1.0203 0 0.9362 -0.4367 0.4684 0.6434 0.7917 1.3388 0.8397 -0.4339 0.6256 0.7967 0.86 2.3008 0.9822 -0.4125 0.4125 0.434 0.7333 1.0077 -0.2041 0.2041 NA NA 1 0.4473 -0.2767 0.2767 -0.2767 0.7233 1 0.4992 -0.3166 0.3166 -0.3166 0.6834 0 0.4825 0 0
31 49 3037 0 0 0 0 0 1.0065 0 0.9811 -0.1841 0.3036 0.4116 0.9583 1.3216 0.8459 -0.1127 0.5208 0.6937 0.9467 2.4144 0.9607 -0.0102 0.1972 0.2227 1 1.0945 0.0489 0.0489 NA NA 1 0.4127 -0.2029 0.2029 -0.2029 0.7971 1 0.5186 -0.2138 0.2138 -0.2138 0.7862 1 0.5135 0 0
31 50 2901 0 0 0 0 0 1.0102 0 0.9652 -0.516 0.5356 0.6144 0.75 1.3407 0.8231 -0.4408 0.6799 0.8453 0.8867 2.6826 0.9838 -0.3765 0.382 0.398 1 1.1946 0.0542 0.0542 NA NA 1 0.4218 -0.0237 0.0237 -0.0237 0.9763 1 0.6547 -0.0389 0.0389 -0.0389 0.9611 1 0.6385 0 0
31 51 3655 0 0 0 0 0 1.0039 0 0.9773 -0.0387 0.2278 0.2826 1 1.2676 0.8374 -0.0845 0.4778 0.6603 0.9633 2.3841 0.9784 -0.0377 0.1274 0.1536 1 1.0964 -0.0016 0.0016 NA NA 1 0.393 -0.1341 0.1341 -0.1341 0.8659 1 0.5597 -0.1431 0.1431 -0.1431 0.8569 1 0.5506 0 0
31 52 2370 0 0 0 0 0 1.0042 0 0.9741 -0.3993 0.4077 0.4953 0.8333 1.3004 0.8513 -0.3213 0.559 0.7277 0.91 2.4521 0.9769 -0.3622 0.3622 0.3948 0.8633 1.1027 -0.0093 0.0093 NA NA 1 0.4213 -0.1966 0.1966 -0.1966 0.8034 1 0.5421 -0.206 0.206 -0.206 0.794 1 0.5343 0 0
31 53 3276 0 0 0 0 0 1.0053 0 0.9788 0.2092 0.295 0.3574 0.9583 1.3101 0.8249 0.0837 0.5327 0.7325 0.94 2.3871 0.9674 0.1067 0.178 0.2086 1 1.106 0.0178 0.0178 NA NA 1 0.4711 -0.302 0.302 -0.302 0.698 0 0.4945 -0.3122 0.3122 -0.3122 0.6878 0 0.4877 0 0
31 54 2597 0 0 0 0 0 1.0066 0 0.9637 -1.1383 1.1383 1.1808 0.0417 1.4099 0.7959 -1.1174 1.1816 1.3601 0.4767 2.6333 0.9549 -0.9898 0.9898 1.0122 0.03 1.2029 0.1628 0.1628 NA NA 1 0.4278 -0.0271 0.0271 -0.0271 0.9729 1 0.6551 -0.0652 0.0652 -0.0652 0.9348 1 0.6289 0 0
31 55 3866 0 0 0 0 0 1.0021 0 0.9722 -0.4135 0.4185 0.4702 0.75 1.2038 0.8173 -0.4555 0.6483 0.7986 0.8467 2.1667 0.9885 -0.4249 0.4249 0.4416 0.8267 1.0133 -0.1178 0.1178 NA NA 1 0.3681 -0.3704 0.3704 -0.3704 0.6296 0 0.4074 -0.385 0.385 -0.385 0.615 0 0.4056 0 0
31 56 3435 0 0 0 0 0 1.0101 0 0.9809 -0.0736 0.2076 0.2469 1 1.2583 0.8358 -0.0529 0.4846 0.6427 0.9733 2.507 0.9794 -0.0864 0.1688 0.215 1 1.1524 0.1498 0.1498 NA NA 1 0.4529 -0.0704 0.0704 -0.0704 0.9296 1 0.612 -0.1047 0.1047 -0.1047 0.8953 1 0.5819 0 0
31 57 3268 0 0 0 0 0 1.0061 0 0.9487 -0.0451 0.2557 0.3063 0.9583 1.2065 0.8129 -0.0223 0.5091 0.6961 0.96 2.4645 0.9534 -0.0147 0.1934 0.2275 1 1.1446 0.0872 0.0872 NA NA 1 0.4 -0.0204 0.0204 -0.0204 0.9796 1 0.6084 -0.0387 0.0387 -0.0387 0.9613 1 0.5855 0 0
31 58 2558 0 0 0 0 0 1.0048 0 0.9738 -0.266 0.3217 0.364 0.9583 1.2791 0.7863 -0.3242 0.5722 0.7456 0.91 2.3196 0.9089 -0.3292 0.3641 0.4508 0.6767 1.0334 -0.1387 0.1387 NA NA 1 0.4697 -0.3052 0.3052 -0.3052 0.6948 0 0.4625 -0.3286 0.3286 -0.3286 0.6714 0 0.4578 0 0
31 59 3176 0 0 0 0 0 1.0036 0 0.9532 -0.0769 0.3264 0.4604 0.9583 1.2939 0.8373 -0.1128 0.5129 0.669 0.91 2.2074 0.9635 -0.1694 0.2288 0.2665 1 1.042 -0.0432 0.0432 NA NA 1 0.3908 -0.3689 0.3689 -0.3689 0.6311 0 0.4235 -0.3765 0.3765 -0.3765 0.6235 0 0.4182 0 0
31 60 3450 0 0 0 0 0 1.0077 0 0.9619 0.2075 0.24 0.3232 0.9583 1.2537 0.842 0.2096 0.5345 0.7113 0.94 2.8349 0.9767 0.1291 0.1842 0.2067 1 1.2261 -0.0054 0.0054 NA NA 1 0.4098 0.3508 0.3508 0.3508 1.3508 1 0.8269 0.3349 0.3349 0.3349 1.3349 1 0.8143 0 0
31 61 4336 0 0 0 1 0 1.0126 0 0.9582 -0.1979 0.2883 0.3747 0.9167 1.223 0.8338 -0.1526 0.5082 0.7172 0.9533 2.4509 0.9644 -0.1426 0.2155 0.2451 1 1.1059 0.0808 0.0808 NA NA 1 0.4541 -0.1217 0.1217 -0.1217 0.8783 1 0.5524 -0.1394 0.1394 -0.1394 0.8606 1 0.5437 0 1
31 62 2400 0 0 0 0 0 1.0098 0 0.985 -0.2668 0.349 0.4075 0.875 1.3098 0.8233 -0.2998 0.595 0.7653 0.9033 2.498 0.9745 -0.2346 0.2346 0.3004 0.8567 1.1367 -0.0203 0.0203 NA NA 1 0.4391 -0.1909 0.1909 -0.1909 0.8091 1 0.5475 -0.202 0.202 -0.202 0.798 1 0.5391 0 0
31 63 3025 0 0 0 0 0 1.0027 0 0.9607 -0.7151 0.7151 0.7775 0.4167 1.3215 0.8341 -0.6989 0.7958 0.9571 0.7533 2.5357 0.9601 -0.7915 0.7915 0.8195 0.1733 1.1515 0.0639 0.0639 NA NA 1 0.4212 -0.0626 0.0626 -0.0626 0.9374 1 0.6013 -0.0783 0.0783 -0.0783 0.9217 1 0.5863 0 0
31 64 2643 0 0 0 0 0 1.0032 0 0.9343 -0.405 0.4334 0.5865 0.6667 1.2899 0.8328 -0.2999 0.5853 0.7769 0.9 2.5817 0.9914 -0.4041 0.4041 0.4197 0.82 1.108 -0.0743 0.0743 NA NA 1 0.3828 0.0321 0.0321 0.0321 1.0321 1 0.6557 0.0166 0.0166 0.0166 1.0166 1 0.6534 0 0
31 65 2756 0 0 0 0 0 1.015 0 0.9563 -0.2055 0.3041 0.3757 0.9583 1.2771 0.8422 -0.2648 0.561 0.7482 0.94 2.5055 0.9898 -0.1809 0.1907 0.221 1 1.145 0.1192 0.1192 NA NA 1 0.4339 -0.0862 0.0862 -0.0862 0.9138 1 0.6007 -0.1112 0.1112 -0.1112 0.8888 1 0.579 0 0
31 66 2565 0 0 0 0 0 1.0101 0 0.9615 -0.8176 0.8176 0.8605 0.2083 1.2724 0.8503 -0.7256 0.8481 0.9864 0.72 2.47 0.9845 -0.7719 0.7719 0.7922 0.08 1.0807 -0.1389 0.1389 NA NA 1 0.3912 -0.2064 0.2064 -0.2064 0.7936 1 0.544 -0.2302 0.2302 -0.2302 0.7698 1 0.5237 0 0
31 67 3488 0 0 0 0 0 1.0053 0 0.9652 -0.1122 0.3115 0.4279 0.875 1.2913 0.8501 -0.1124 0.4882 0.6363 0.9633 2.5156 0.991 -0.1306 0.2016 0.238 1 1.1298 0.0874 0.0874 NA NA 1 0.4348 -0.0261 0.0261 -0.0261 0.9739 1 0.6193 -0.0462 0.0462 -0.0462 0.9538 1 0.6017 0 0
31 68 3828 0 0 0 0 0 1.0031 0 0.9736 -0.0711 0.1865 0.2267 1 1.2284 0.8074 -0.1031 0.5398 0.755 0.9367 2.4973 0.9715 -0.0972 0.1857 0.2112 1 1.1551 0.136 0.136 NA NA 1 0.4121 -0.0729 0.0729 -0.0729 0.9271 1 0.5897 -0.101 0.101 -0.101 0.899 1 0.5671 0 0
31 69 3145 0 0 0 0 0 1.0126 0 0.9771 -0.0526 0.3103 0.4067 0.9583 1.3641 0.8371 -0.0348 0.469 0.6509 0.9467 2.4488 0.9902 -0.0972 0.1578 0.1794 1 1.089 0.022 0.022 NA NA 1 0.4416 -0.1297 0.1297 -0.1297 0.8703 1 0.5719 -0.1416 0.1416 -0.1416 0.8584 1 0.5569 0 0
31 70 3480 0 0 0 0 0 1.0113 0 0.9762 -0.1487 0.2005 0.2689 1 1.2198 0.8483 -0.17 0.4678 0.6528 0.97 2.6284 0.9876 -0.1268 0.1905 0.2198 1 1.1643 0.0055 0.0055 NA NA 1 0.3791 0.1791 0.1791 0.1791 1.1791 1 0.7067 0.1672 0.1672 0.1672 1.1672 1 0.6951 0 0
31 71 5041 0 0 0 0 0 1.0065 0 0.9832 0.025 0.1782 0.2193 1 1.2395 0.8611 0.1426 0.4887 0.6711 0.9567 2.4664 0.9805 0.0732 0.1494 0.1955 1 1.168 0.0857 0.0857 NA NA 1 0.3573 0.0099 0.0099 0.0099 1.0099 1 0.6423 -0.0062 0.0062 -0.0062 0.9938 1 0.6241 0 0
31 72 2979 0 0 0 0 0 1.0058 0 0.9791 -0.4265 0.492 0.5888 0.7917 1.3847 0.8074 -0.3588 0.6544 0.8634 0.8367 2.2946 0.9921 -0.3912 0.3912 0.4149 0.7933 1.0849 0.0897 0.0897 NA NA 1 0.3988 -0.328 0.328 -0.328 0.672 0 0.4639 -0.3405 0.3405 -0.3405 0.6595 0 0.4575 0 0
31 73 2802 0 0 0 0 0 1.0029 0 0.9422 -0.3109 0.3295 0.5739 0.7917 1.2766 0.8218 -0.2599 0.5716 0.7817 0.9167 2.2767 0.9755 -0.1661 0.2218 0.2519 1 1.0521 0.0202 0.0202 NA NA 1 0.4406 -0.2461 0.2461 -0.2461 0.7539 1 0.4932 -0.2563 0.2563 -0.2563 0.7437 1 0.4882 0 0
31 74 3084 0 0 0 0 0 1.0074 0 0.969 -0.2591 0.3418 0.4149 0.8333 1.26 0.8293 -0.1735 0.5316 0.6993 0.9333 2.3916 0.9908 -0.1217 0.1327 0.1662 1 1.0855 0.0163 0.0163 NA NA 1 0.3947 -0.2043 0.2043 -0.2043 0.7957 1 0.5205 -0.2126 0.2126 -0.2126 0.7874 1 0.5111 0 0
31 75 2410 0 0 0 0 0 1.0125 0 0.9834 0.3231 0.4354 0.5139 0.8333 1.3748 0.8153 0.1795 0.5884 0.806 0.9167 2.5555 0.9571 0.1716 0.2307 0.2807 0.9467 1.1036 0.0202 0.0202 NA NA 1 0.4079 -0.0807 0.0807 -0.0807 0.9193 1 0.6123 -0.0912 0.0912 -0.0912 0.9088 1 0.6036 0 0
31 76 3158 0 0 0 0 0 1.0075 0 0.9621 -0.0186 0.2391 0.3147 1 1.2834 0.8336 0.0162 0.4731 0.6341 0.96 2.2927 0.9806 0.1046 0.1259 0.1792 1 1.1803 0.2942 0.2942 NA NA 0 0.4134 -0.2081 0.2081 -0.2081 0.7919 1 0.5525 -0.2874 0.2874 -0.2874 0.7126 0 0.4886 0 0
31 77 2559 0 0 0 0 0 1.008 0 0.9617 0.1226 0.2704 0.3402 1 1.3047 0.7872 0.0867 0.5275 0.7237 0.9467 2.473 0.9768 0.1334 0.2251 0.2868 0.9867 1.1265 0.0689 0.0689 NA NA 1 0.4356 -0.1351 0.1351 -0.1351 0.8649 1 0.59 -0.1506 0.1506 -0.1506 0.8494 1 0.5706 0 0
31 78 2591 0 0 0 0 0 1.0021 0 0.9167 -0.8074 0.8074 0.8834 0.3333 1.3252 0.8342 -0.7821 0.8777 1.0581 0.66 2.3954 0.9631 -0.7722 0.7722 0.8006 0.1633 1.0845 -0.0466 0.0466 NA NA 1 0.4048 -0.2494 0.2494 -0.2494 0.7506 1 0.4973 -0.2594 0.2594 -0.2594 0.7406 1 0.4932 0 0
31 79 3522 0 0 0 0 0 1.0028 0 0.9781 0.2114 0.318 0.4813 0.875 1.3904 0.8098 0.2049 0.5256 0.7131 0.9067 2.2134 0.9537 0.2319 0.2819 0.3334 0.8533 1.0845 0.0343 0.0343 NA NA 1 0.4291 -0.3755 0.3755 -0.3755 0.6245 0 0.4227 -0.3839 0.3839 -0.3839 0.6161 0 0.4076 0 0
31 80 2889 0 0 0 0 0 1.0038 0 0.9653 0.3586 0.3962 0.4671 0.8333 1.2622 0.8475 0.3217 0.5817 0.7497 0.9133 2.5072 0.9818 0.3482 0.35 0.3761 1 1.1459 0.0367 0.0367 NA NA 1 0.3552 0.0265 0.0265 0.0265 1.0265 1 0.6396 0.0163 0.0163 0.0163 1.0163 1 0.6261 0 0
31 81 2596 0 0 0 0 0 1.003 0 0.9715 -0.3163 0.3406 0.3879 0.9583 1.2397 0.8439 -0.2907 0.537 0.6881 0.93 2.4268 0.9886 -0.3502 0.3502 0.366 0.97 1.0695 -0.1149 0.1149 NA NA 1 0.4175 -0.1044 0.1044 -0.1044 0.8956 1 0.5679 -0.1263 0.1263 -0.1263 0.8737 1 0.5521 0 0
31 82 3603 0 0 0 0 0 1.0057 0 0.9745 -0.9172 0.9172 0.9622 0.2083 1.3467 0.8035 -0.8448 0.9605 1.1046 0.6267 2.5317 0.96 -0.8532 0.8532 0.8825 0.19 1.1646 0.1545 0.1545 NA NA 1 0.3837 -0.0291 0.0291 -0.0291 0.9709 1 0.6219 -0.0623 0.0623 -0.0623 0.9377 1 0.5812 0 0
31 83 3887 0 0 0 0 0 1.0042 0 0.9535 0.726 0.726 0.7849 0.2917 1.2937 0.8361 0.6498 0.7957 0.9439 0.71 2.4001 0.9861 0.6609 0.6609 0.6714 0.16 1.101 0.0224 0.0224 NA NA 1 0.4698 -0.2547 0.2547 -0.2547 0.7453 1 0.5147 -0.2656 0.2656 -0.2656 0.7344 1 0.5076 0 0
31 84 2835 0 0 0 0 0 1.0072 0 0.9778 0.0142 0.336 0.4379 0.9583 1.3023 0.8077 -0.0665 0.5553 0.7291 0.9067 2.2367 0.9602 -0.1148 0.2081 0.2797 0.8533 1.0205 -0.0444 0.0444 NA NA 1 0.501 -0.3326 0.3326 -0.3326 0.6674 0 0.4354 -0.3453 0.3453 -0.3453 0.6547 0 0.4286 0 0
31 85 2654 0 0 0 0 0 1.0035 0 0.955 -0.4267 0.4275 0.5352 0.875 1.2839 0.8308 -0.4431 0.6166 0.8132 0.9067 2.5352 0.9756 -0.3636 0.3729 0.4429 0.6933 1.1413 0.024 0.024 NA NA 1 0.3771 0.0821 0.0821 0.0821 1.0821 1 0.7 0.0711 0.0711 0.0711 1.0711 1 0.6891 0 0
31 86 3194 0 0 0 0 0 1.0077 0 0.9699 -0.4702 0.4702 0.5132 0.75 1.1834 0.8584 -0.3803 0.5877 0.7596 0.8867 2.462 0.9505 -0.3933 0.3991 0.4511 0.86 1.1537 0.1173 0.1173 NA NA 1 0.3665 0.0502 0.0502 0.0502 1.0502 1 0.626 0.0256 0.0256 0.0256 1.0256 1 0.602 0 0
31 87 3007 0 0 0 0 0 1.0073 0 0.964 0.0926 0.2305 0.3144 0.9167 1.2236 0.8575 0.179 0.5034 0.6676 0.9467 2.283 0.9772 0.0361 0.1841 0.2279 1 1.0492 -0.0492 0.0492 NA NA 1 0.3935 -0.2537 0.2537 -0.2537 0.7463 1 0.4765 -0.263 0.263 -0.263 0.737 0 0.4678 0 0
31 88 3683 0 0 0 0 0 1.0101 0 0.9675 0.3092 0.3566 0.4208 0.875 1.2 0.8627 0.2713 0.4963 0.6583 0.9467 2.2428 0.934 0.2689 0.2794 0.3692 0.9267 1.04 -0.0976 0.0976 NA NA 1 0.3777 -0.1994 0.1994 -0.1994 0.8006 1 0.4901 -0.2147 0.2147 -0.2147 0.7853 1 0.4846 0 0
31 89 3021 0 0 0 0 0 1.0055 0 0.9727 0.4036 0.4323 0.5551 0.8333 1.3719 0.8542 0.2801 0.5534 0.7307 0.9233 2.606 0.9934 0.2852 0.2922 0.3352 1 1.1201 -0.0957 0.0957 NA NA 1 0.3988 0.023 0.023 0.023 1.023 1 0.654 0.0025 0.0025 0.0025 1.0025 1 0.6441 0 0
31 90 2677 0 0 0 0 0 1.0096 0 0.9756 0.2048 0.2453 0.3105 0.9583 1.2435 0.8516 0.194 0.4859 0.6777 0.9533 2.3836 0.9897 0.0848 0.1224 0.1448 1 1.0823 0.002 0.002 NA NA 1 0.4557 -0.2615 0.2615 -0.2615 0.7385 1 0.495 -0.272 0.272 -0.272 0.728 1 0.4894 0 0
31 91 3933 0 0 0 0 0 1.0047 0 0.9719 0.0199 0.2336 0.2751 1 1.2746 0.8292 -0.023 0.5024 0.6898 0.9533 2.4192 0.9667 -0.0871 0.1489 0.2024 0.9967 1.0809 -0.0834 0.0834 NA NA 1 0.4102 -0.2015 0.2015 -0.2015 0.7985 1 0.5414 -0.216 0.216 -0.216 0.784 1 0.5276 0 0
31 92 2554 0 0 0 0 0 1.0114 0 0.9784 0.0586 0.1853 0.2458 0.9583 1.2295 0.8327 -0.006 0.5148 0.6948 0.96 2.5011 0.9925 0.0358 0.0817 0.1091 1 1.0811 -0.0331 0.0331 NA NA 1 0.3947 -0.0504 0.0504 -0.0504 0.9496 1 0.5875 -0.0613 0.0613 -0.0613 0.9387 1 0.5849 0 0
31 93 2557 0 0 0 0 0 1.0047 0 0.9415 0.3551 0.3896 0.5466 0.8333 1.3181 0.8098 0.2944 0.607 0.7793 0.92 2.5778 0.9673 0.2731 0.3166 0.3624 0.85 1.1039 -0.0126 0.0126 NA NA 1 0.363 -0.0752 0.0752 -0.0752 0.9248 1 0.6052 -0.0838 0.0838 -0.0838 0.9162 1 0.6042 0 0
31 94 3145 0 0 0 0 0 1.0049 0 0.9639 0.4024 0.4038 0.489 0.7917 1.2572 0.83 0.3845 0.5761 0.7451 0.8933 2.431 0.9797 0.376 0.376 0.4358 0.7233 1.1069 0.0142 0.0142 NA NA 1 0.4437 -0.1623 0.1623 -0.1623 0.8377 1 0.5509 -0.1736 0.1736 -0.1736 0.8264 1 0.5393 0 0
31 95 3056 0 0 0 0 0 1.0127 0 0.9767 -0.1021 0.2485 0.3099 0.9583 1.273 0.8644 -0.1368 0.4841 0.6463 0.9533 2.3435 0.996 -0.1175 0.1247 0.1526 1 1.103 0.0527 0.0527 NA NA 1 0.4317 -0.202 0.202 -0.202 0.798 1 0.5112 -0.2143 0.2143 -0.2143 0.7857 1 0.4995 0 0
31 96 2287 0 0 0 0 0 1.0096 0 0.9788 -0.3329 0.3633 0.4355 0.8333 1.2679 0.8384 -0.3442 0.5719 0.7797 0.9067 2.4918 0.9891 -0.3785 0.3785 0.3953 0.92 1.0807 -0.0615 0.0615 NA NA 1 0.3857 -0.0633 0.0633 -0.0633 0.9367 1 0.6051 -0.0761 0.0761 -0.0761 0.9239 1 0.5973 0 0
31 97 3247 0 0 0 0 0 1.0077 0 0.9735 0.54 0.54 0.6178 0.625 1.3044 0.8387 0.4996 0.673 0.8552 0.83 2.3988 0.956 0.502 0.502 0.5432 0.7033 1.0847 -0.0694 0.0694 NA NA 1 0.3713 -0.1096 0.1096 -0.1096 0.8904 1 0.5604 -0.1218 0.1218 -0.1218 0.8782 1 0.555 0 0
31 98 2427 0 0 0 0 0 1.0088 0 0.973 0.4841 0.4998 0.5886 0.75 1.3482 0.8472 0.3676 0.5799 0.7607 0.9 2.4366 0.9604 0.328 0.353 0.3951 0.81 1.1104 0.0272 0.0272 NA NA 1 0.4103 -0.1698 0.1698 -0.1698 0.8302 1 0.5786 -0.1797 0.1797 -0.1797 0.8203 1 0.5709 0 0
31 99 3209 0 0 0 0 0 1.0031 0 0.9745 -0.6603 0.6603 0.7118 0.5 1.3137 0.8268 -0.7007 0.8145 0.9841 0.6933 2.3028 0.968 -0.7624 0.7624 0.7903 0.1867 1.056 -0.0603 0.0603 NA NA 1 0.4088 -0.2327 0.2327 -0.2327 0.7673 1 0.5056 -0.2437 0.2437 -0.2437 0.7563 1 0.5021 0 0
31 100 3889 0 0 0 0 0 1.0045 0 0.9745 -0.0085 0.1887 0.2271 1 1.2237 0.8573 0.0616 0.4712 0.6488 0.9367 2.2246 0.9719 0.1596 0.1838 0.2311 1 1.0534 -0.0167 0.0167 NA NA 1 0.4896 -0.3503 0.3503 -0.3503 0.6497 0 0.4374 -0.3606 0.3606 -0.3606 0.6394 0 0.4271 0 0
31 101 3233 0 0 0 0 0 1.0035 0 0.979 0.0562 0.239 0.2971 1 1.2738 0.8376 0.0109 0.5112 0.689 0.9433 2.3563 0.9826 -0.0092 0.1048 0.1345 1 1.1444 0.1353 0.1353 NA NA 1 0.406 -0.1523 0.1523 -0.1523 0.8477 1 0.5541 -0.1776 0.1776 -0.1776 0.8224 1 0.5256 0 0
31 102 3075 0 0 0 0 0 1.0064 0 0.9621 0.0189 0.2145 0.2628 1 1.2143 0.8269 -5e-04 0.5016 0.6677 0.9567 2.4034 0.9707 -0.0258 0.1132 0.1756 1 1.0685 -0.0682 0.0682 NA NA 1 0.415 -0.1955 0.1955 -0.1955 0.8045 1 0.5237 -0.2086 0.2086 -0.2086 0.7914 1 0.5186 0 0
31 103 2775 0 0 0 0 0 1.0048 0 0.9669 0.6273 0.6297 0.704 0.4167 1.3338 0.8688 0.6606 0.7461 0.8859 0.79 2.4728 0.9726 0.6268 0.6268 0.6558 0.4067 1.1483 0.0997 0.0997 NA NA 1 0.4312 -0.0779 0.0779 -0.0779 0.9221 1 0.58 -0.0986 0.0986 -0.0986 0.9014 1 0.5661 0 0
31 104 3915 0 0 0 0 0 1.0031 0 0.9728 0.3054 0.3075 0.3661 0.9583 1.2331 0.8087 0.366 0.5778 0.7768 0.9033 2.3546 0.9733 0.3771 0.3885 0.4488 0.7067 1.0771 0.0168 0.0168 NA NA 1 0.4087 -0.1834 0.1834 -0.1834 0.8166 1 0.5247 -0.1928 0.1928 -0.1928 0.8072 1 0.5113 0 0
31 105 2464 0 0 0 0 0 1.0057 0 0.9467 0.9382 0.9382 1.054 0.25 1.403 0.8495 0.904 0.9716 1.1172 0.6633 2.6388 0.978 0.8636 0.8636 0.8848 0.09 1.1769 0.025 0.025 NA NA 1 0.3903 0.0623 0.0623 0.0623 1.0623 1 0.6697 0.0505 0.0505 0.0505 1.0505 1 0.6594 0 0
31 106 2963 0 0 0 0 0 1.0125 0 0.9549 -0.1678 0.2551 0.3254 0.9583 1.2682 0.82 -0.1463 0.5453 0.7413 0.9033 2.4274 0.9497 -0.1931 0.2592 0.2966 1 1.1248 0.0941 0.0941 NA NA 1 0.4704 -0.2602 0.2602 -0.2602 0.7398 1 0.5091 -0.2781 0.2781 -0.2781 0.7219 0 0.4944 0 0
31 107 2779 0 0 0 0 0 1.006 0 0.9806 -0.0972 0.2331 0.2996 1 1.3307 0.8171 -0.2073 0.555 0.7318 0.9333 2.3996 0.9282 -0.252 0.3272 0.3933 0.83 1.1299 0.1667 0.1667 NA NA 1 0.3805 -0.137 0.137 -0.137 0.863 1 0.5511 -0.1699 0.1699 -0.1699 0.8301 1 0.5293 0 0
31 108 3539 0 0 0 0 0 1.0095 0 0.9763 -0.1008 0.2717 0.3722 0.9583 1.3291 0.8403 -0.0937 0.5111 0.6893 0.9567 2.4227 0.9603 -0.0738 0.1729 0.222 1 1.1231 -0.032 0.032 NA NA 1 0.3983 -0.0548 0.0548 -0.0548 0.9452 1 0.5885 -0.0656 0.0656 -0.0656 0.9344 1 0.5745 0 0
31 109 2974 0 0 0 0 0 1.0059 0 0.9671 0.5118 0.5118 0.5561 0.6667 1.2726 0.8074 0.5803 0.7228 0.9078 0.8267 2.6558 0.92 0.5937 0.5937 0.6552 0.39 1.1631 -0.025 0.025 NA NA 1 0.4175 0.1176 0.1176 0.1176 1.1176 1 0.7037 0.1038 0.1038 0.1038 1.1038 1 0.6952 0 0
31 110 4221 0 0 0 0 0 1.004 0 0.9779 0.4084 0.4098 0.4742 0.875 1.2799 0.8427 0.4762 0.6101 0.8038 0.9033 2.6087 0.9851 0.4669 0.4669 0.4843 0.8633 1.1844 0.0621 0.0621 NA NA 1 0.4116 0.1253 0.1253 0.1253 1.1253 1 0.723 0.1077 0.1077 0.1077 1.1077 1 0.7056 0 0
31 111 3031 0 0 0 0 0 1.0053 0 0.9825 -0.2135 0.2503 0.2888 1 1.2532 0.808 -0.2562 0.5328 0.7092 0.94 2.5226 0.9891 -0.1866 0.1877 0.2211 1 1.1094 -0.1165 0.1165 NA NA 1 0.4153 -0.1015 0.1015 -0.1015 0.8985 1 0.5907 -0.1239 0.1239 -0.1239 0.8761 1 0.5807 0 0
31 112 3206 0 0 0 0 0 1.0074 0 0.966 -0.1136 0.2495 0.3281 0.9167 1.2617 0.8703 -0.1202 0.4612 0.647 0.9633 2.4557 0.9655 -0.1147 0.2324 0.2731 1 1.1103 0.0713 0.0713 NA NA 1 0.3976 -0.1013 0.1013 -0.1013 0.8987 1 0.5777 -0.1156 0.1156 -0.1156 0.8844 1 0.5626 0 0
31 113 2225 0 0 0 0 0 1.0058 0 0.9771 -0.2262 0.3925 0.5606 0.9167 1.3653 0.873 -0.1656 0.4907 0.6542 0.9567 2.4514 0.9703 -0.1153 0.18 0.2137 1 1.0959 -0.0239 0.0239 NA NA 1 0.3846 -0.1617 0.1617 -0.1617 0.8383 1 0.5605 -0.1702 0.1702 -0.1702 0.8298 1 0.5518 0 0
31 114 3052 0 0 0 0 0 1.0039 0 0.9344 -0.829 0.8303 0.9334 0.3333 1.3538 0.8183 -0.8561 0.9474 1.1275 0.6767 2.6117 0.9846 -0.8679 0.8679 0.8823 0.02 1.1924 0.1422 0.1422 NA NA 1 0.4029 -0.0582 0.0582 -0.0582 0.9418 1 0.6509 -0.0881 0.0881 -0.0881 0.9119 1 0.6172 0 0
31 115 2784 0 0 0 0 0 1.0114 0 0.9631 -0.0831 0.2313 0.2911 1 1.2571 0.817 -0.0871 0.4968 0.6958 0.9567 2.7038 0.9886 -0.126 0.1394 0.1835 1 1.1861 0.0282 0.0282 NA NA 1 0.3615 0.1791 0.1791 0.1791 1.1791 1 0.7296 0.1675 0.1675 0.1675 1.1675 1 0.7192 0 0
31 116 2480 0 0 0 0 0 1.0116 0 0.9819 -0.0281 0.1654 0.2041 1 1.2524 0.8354 0.0036 0.4775 0.6535 0.9667 2.4946 0.9821 0.0098 0.1216 0.147 1 1.1062 -0.0399 0.0399 NA NA 1 0.4163 -0.0922 0.0922 -0.0922 0.9078 1 0.5698 -0.104 0.104 -0.104 0.896 1 0.571 0 0
31 117 3326 0 0 0 0 0 1.0102 0 0.9734 0.2866 0.3338 0.4314 0.9583 1.3422 0.8247 0.2307 0.5086 0.7141 0.9367 2.4982 0.989 0.3648 0.3648 0.3849 0.87 1.1413 0.0473 0.0473 NA NA 1 0.487 -0.1474 0.1474 -0.1474 0.8526 1 0.5838 -0.1629 0.1629 -0.1629 0.8371 1 0.5658 0 0
31 118 3297 0 0 0 0 0 1.0084 0 0.9428 -0.3888 0.4044 0.4967 0.625 1.2274 0.8622 -0.3965 0.5816 0.7352 0.92 2.4506 0.9712 -0.5211 0.5211 0.5489 0.6067 1.1173 0.0609 0.0609 NA NA 1 0.3714 0.0035 0.0035 0.0035 1.0035 1 0.6268 -0.0092 0.0092 -0.0092 0.9908 1 0.6179 0 0
31 119 2301 0 0 0 0 0 1.013 0 0.9779 0.037 0.2575 0.4301 0.9583 1.3698 0.8298 0.0351 0.5171 0.7017 0.9333 2.2415 0.9746 -0.0351 0.1196 0.1653 1 1.0047 -0.1473 0.1473 NA NA 1 0.4422 -0.3529 0.3529 -0.3529 0.6471 0 0.4469 -0.3752 0.3752 -0.3752 0.6248 0 0.4407 0 0
31 120 2518 0 0 0 0 0 1.0073 0 0.9785 -0.3157 0.3493 0.4384 0.875 1.3272 0.8324 -0.2966 0.5541 0.7445 0.9433 2.5599 0.9547 -0.3117 0.3321 0.4046 0.83 1.1228 -0.0768 0.0768 NA NA 1 0.3774 -0.0586 0.0586 -0.0586 0.9414 1 0.5878 -0.0731 0.0731 -0.0731 0.9269 1 0.5838 0 0
31 121 1959 0 0 0 0 0 1.0091 0 0.9687 0.3821 0.4642 0.5796 0.75 1.3349 0.8323 0.3239 0.596 0.775 0.8667 2.345 0.9831 0.2318 0.2703 0.3049 0.9467 1.0655 -0.1336 0.1336 NA NA 1 0.391 -0.2275 0.2275 -0.2275 0.7725 1 0.5189 -0.2497 0.2497 -0.2497 0.7503 1 0.4983 0 0
31 122 2862 0 0 0 0 0 1.0115 0 0.9465 0.0245 0.2996 0.4159 0.9167 1.2573 0.8251 0.0547 0.4877 0.6514 0.94 2.1935 0.9803 0.0683 0.1475 0.1821 1 1.0324 -0.0274 0.0274 NA NA 1 0.4223 -0.3638 0.3638 -0.3638 0.6362 0 0.4253 -0.3716 0.3716 -0.3716 0.6284 0 0.4228 0 0
31 123 2100 0 0 0 19 0 1.0115 0 0.9673 -0.1401 0.2179 0.267 1 1.2009 0.812 -0.1478 0.5406 0.7513 0.96 2.809 0.9331 -0.192 0.3337 0.3969 0.7967 1.1572 -0.048 0.048 NA NA 1 0.3973 0.4044 0.4044 0.4044 1.4044 0 0.8671 0.3864 0.3864 0.3864 1.3864 0 0.849 0 1
31 124 2850 0 0 0 0 0 1.0154 0 0.982 0.1344 0.2038 0.2398 1 1.2137 0.8249 0.1496 0.5103 0.688 0.9533 2.525 0.9602 0.2117 0.2418 0.2994 1 1.1028 0.0457 0.0457 NA NA 1 0.3931 -0.0475 0.0475 -0.0475 0.9525 1 0.5974 -0.0591 0.0591 -0.0591 0.9409 1 0.5857 0 0
31 125 2610 0 0 0 0 0 1.0053 0 0.99 -0.3437 0.3447 0.3902 0.9167 1.3251 0.8331 -0.3946 0.6209 0.8171 0.8833 2.5037 0.9849 -0.3746 0.3746 0.3945 1 1.1054 -0.0637 0.0637 NA NA 1 0.4244 -0.1456 0.1456 -0.1456 0.8544 1 0.5504 -0.1595 0.1595 -0.1595 0.8405 1 0.538 0 0
31 126 3460 0 0 0 0 0 1.0075 0 0.9817 -0.3321 0.3356 0.4006 0.9583 1.2659 0.8483 -0.318 0.5547 0.726 0.8867 2.4151 0.9748 -0.3401 0.3401 0.3754 0.8667 1.073 -0.0464 0.0464 NA NA 1 0.4107 -0.1183 0.1183 -0.1183 0.8817 1 0.5509 -0.1302 0.1302 -0.1302 0.8698 1 0.5411 0 0
31 127 2923 0 0 0 0 0 1.0047 0 0.987 -0.5584 0.5584 0.6087 0.8333 1.3508 0.8546 -0.4859 0.6791 0.8325 0.8533 2.5427 0.9753 -0.4993 0.4993 0.5231 0.71 1.1463 0.007 0.007 NA NA 1 0.3963 -0.0639 0.0639 -0.0639 0.9361 1 0.5921 -0.0738 0.0738 -0.0738 0.9262 1 0.5908 0 0
31 128 3207 0 0 0 0 0 1.0085 0 0.9636 -0.2622 0.3293 0.4071 0.875 1.2513 0.8236 -0.2128 0.5466 0.7309 0.9233 2.3834 0.9696 -0.1978 0.2629 0.3158 0.8967 1.0958 -0.0254 0.0254 NA NA 1 0.3941 -0.1582 0.1582 -0.1582 0.8418 1 0.5524 -0.1674 0.1674 -0.1674 0.8326 1 0.538 0 0
31 129 1778 0 0 0 0 0 1.0026 0 0.9596 -0.0704 0.3236 0.4921 0.9167 1.4481 0.755 -0.0135 0.5553 0.7808 0.93 2.3486 0.951 0.0099 0.2794 0.3239 0.93 0.9895 -0.3224 0.3224 NA NA 0 0.3803 -0.1666 0.1666 -0.1666 0.8334 1 0.5721 -0.2625 0.2625 -0.2625 0.7375 1 0.506 0 0
31 130 3008 0 0 0 0 0 1.0031 0 0.98 0.4875 0.6076 0.7711 0.7917 1.5748 0.8271 0.4505 0.6468 0.8224 0.9033 2.5633 0.9856 0.3574 0.3653 0.418 0.8167 1.1199 0.0625 0.0625 NA NA 1 0.4335 -0.1124 0.1124 -0.1124 0.8876 1 0.6026 -0.1272 0.1272 -0.1272 0.8728 1 0.5884 0 0
31 131 2711 0 0 0 0 0 1.0048 0 0.972 0.2879 0.3053 0.3757 0.8333 1.2648 0.8089 0.37 0.6172 0.794 0.8933 2.3736 0.9603 0.397 0.4019 0.4462 0.6667 1.057 -0.1665 0.1665 NA NA 1 0.4135 -0.1837 0.1837 -0.1837 0.8163 1 0.543 -0.2155 0.2155 -0.2155 0.7845 1 0.5293 0 0
31 132 3378 0 0 0 0 0 1.0027 0 0.9861 0.3191 0.3331 0.3665 1 1.2418 0.8594 0.2882 0.5401 0.6941 0.9033 2.4173 0.9844 0.2767 0.2767 0.3038 1 1.0735 -0.0849 0.0849 NA NA 1 0.4053 -0.0755 0.0755 -0.0755 0.9245 1 0.5919 -0.0923 0.0923 -0.0923 0.9077 1 0.5874 0 0
31 133 2874 0 0 0 0 0 1.0088 0 0.9614 0.3383 0.3745 0.4545 0.7917 1.2795 0.8359 0.2729 0.545 0.7097 0.9167 2.3131 0.9727 0.2218 0.2263 0.3181 0.92 1.0821 -0.061 0.061 NA NA 1 0.4586 -0.2577 0.2577 -0.2577 0.7423 1 0.4959 -0.2708 0.2708 -0.2708 0.7292 0 0.4887 0 0
31 134 2243 0 0 0 0 0 1.0046 0 0.963 -0.115 0.2822 0.396 0.9583 1.3316 0.8024 -0.1323 0.558 0.8035 0.8967 2.2846 0.9788 -0.2126 0.2191 0.2904 0.9333 1.0915 0.0581 0.0581 NA NA 1 0.4737 -0.3621 0.3621 -0.3621 0.6379 0 0.4329 -0.3739 0.3739 -0.3739 0.6261 0 0.4256 0 0
31 135 2893 0 0 0 0 0 1.0086 0 0.9625 0.0117 0.2148 0.2587 0.9583 1.227 0.8125 -0.0678 0.4847 0.6937 0.93 2.248 0.947 -0.0433 0.1839 0.2319 1 1.0724 0.0154 0.0154 NA NA 1 0.444 -0.3049 0.3049 -0.3049 0.6951 0 0.4597 -0.314 0.314 -0.314 0.686 0 0.4521 0 0
31 136 2823 0 0 0 0 0 1.0206 0 0.9742 -0.0516 0.219 0.3074 0.9583 1.2394 0.8474 0.0483 0.4947 0.6837 0.93 2.342 0.9561 0.0391 0.1662 0.2214 1 1.0759 -0.0067 0.0067 NA NA 1 0.422 -0.2502 0.2502 -0.2502 0.7498 1 0.5 -0.2595 0.2595 -0.2595 0.7405 1 0.4932 0 0
31 137 3796 0 0 0 0 0 1.0076 0 0.9703 -0.5931 0.6228 0.7092 0.5417 1.3463 0.8491 -0.4633 0.6871 0.8287 0.8133 2.3678 0.9901 -0.5076 0.5076 0.5219 0.5067 1.085 0.0058 0.0058 NA NA 1 0.3912 -0.2766 0.2766 -0.2766 0.7234 0 0.4907 -0.2839 0.2839 -0.2839 0.7161 0 0.4814 0 0
31 138 2999 0 0 0 0 0 1.007 0 0.9606 -0.6767 0.6767 0.779 0.5417 1.309 0.8283 -0.594 0.7317 0.8905 0.7833 2.3785 0.9967 -0.4654 0.4654 0.4724 0.7367 1.0971 0.0276 0.0276 NA NA 1 0.3986 -0.1534 0.1534 -0.1534 0.8466 1 0.5482 -0.1631 0.1631 -0.1631 0.8369 1 0.5345 0 0
31 139 3139 0 0 0 0 0 1.008 0 0.983 -0.2351 0.2923 0.3478 0.9583 1.2747 0.7975 -0.1925 0.545 0.7627 0.9133 2.3683 0.9707 -0.2841 0.3085 0.3448 0.92 1.1102 0.047 0.047 NA NA 1 0.4264 -0.2685 0.2685 -0.2685 0.7315 1 0.4984 -0.2794 0.2794 -0.2794 0.7206 0 0.4873 0 0
31 140 3323 0 0 0 0 0 1.01 0 0.9765 -0.5208 0.5208 0.6086 0.7083 1.3277 0.8759 -0.5477 0.6695 0.8291 0.8567 2.5511 0.9789 -0.606 0.606 0.6373 0.5033 1.1421 0.0175 0.0175 NA NA 1 0.4543 0.0288 0.0288 0.0288 1.0288 1 0.6688 0.0147 0.0147 0.0147 1.0147 1 0.6653 0 0
31 141 3043 0 0 0 0 0 1.0071 0 0.9394 -0.0238 0.227 0.2881 0.9583 1.2245 0.8011 -0.047 0.531 0.7682 0.9433 2.5032 0.9807 -0.1331 0.1669 0.2062 1 1.1255 0.0531 0.0531 NA NA 1 0.3895 -0.0188 0.0188 -0.0188 0.9812 1 0.6259 -0.0315 0.0315 -0.0315 0.9685 1 0.6101 0 0
31 142 3287 0 0 0 0 0 1.0152 0 0.9751 -0.0289 0.2826 0.3523 0.9583 1.2804 0.8307 0.015 0.5013 0.6681 0.94 2.3612 0.9867 0.1075 0.1762 0.2158 1 1.0999 0.0886 0.0886 NA NA 1 0.3999 -0.2155 0.2155 -0.2155 0.7845 1 0.5074 -0.23 0.23 -0.23 0.77 1 0.5001 0 0
31 143 3288 0 0 0 0 0 1.0067 0 0.9572 0.2474 0.3237 0.4334 0.875 1.2737 0.8512 0.1993 0.512 0.6912 0.9567 2.648 0.9693 0.2424 0.2716 0.3278 0.88 1.1197 -0.038 0.038 NA NA 1 0.4175 0.0169 0.0169 0.0169 1.0169 1 0.6771 0.0038 0.0038 0.0038 1.0038 1 0.6615 0 0
31 144 3394 0 0 0 0 0 1.0094 0 0.9784 0.15 0.1989 0.2412 1 1.1852 0.8852 0.0551 0.4392 0.5718 0.9633 2.4727 0.9681 -0.0168 0.1559 0.1847 1 1.1624 0.0567 0.0567 NA NA 1 0.369 0.123 0.123 0.123 1.123 1 0.6642 0.1094 0.1094 0.1094 1.1094 1 0.6513 0 0
31 145 2693 0 0 0 0 0 1.0065 0 0.9712 -0.8303 0.8303 0.8792 0.2917 1.3299 0.834 -0.7237 0.8349 0.97 0.67 2.3459 0.9583 -0.8092 0.8092 0.8416 0.1433 1.0535 0.0057 0.0057 NA NA 1 0.4329 -0.3154 0.3154 -0.3154 0.6846 0 0.4854 -0.3239 0.3239 -0.3239 0.6761 0 0.4817 0 0
31 146 3346 0 0 0 0 0 1.0108 0 0.9635 -0.3624 0.3741 0.4397 0.875 1.2107 0.791 -0.3958 0.6484 0.8391 0.8633 2.3741 0.9915 -0.3422 0.3422 0.3684 0.95 1.072 -0.0044 0.0044 NA NA 1 0.3924 -0.1881 0.1881 -0.1881 0.8119 1 0.5329 -0.1967 0.1967 -0.1967 0.8033 1 0.5232 0 0
31 147 3110 0 0 0 0 0 1.0072 0 0.9794 -0.4402 0.4402 0.4723 0.7917 1.2174 0.8522 -0.4673 0.6364 0.7867 0.8933 2.6228 0.9724 -0.4591 0.4591 0.4884 0.7867 1.1914 0.0803 0.0803 NA NA 1 0.4031 0.064 0.064 0.064 1.064 1 0.6848 0.0452 0.0452 0.0452 1.0452 1 0.6659 0 0
31 148 3226 0 0 0 0 0 1.0061 0 0.9837 0.17 0.269 0.3234 1 1.3172 0.8363 0.1925 0.5195 0.7156 0.9533 2.6027 0.9628 0.1486 0.2053 0.2505 1 1.2148 0.1433 0.1433 NA NA 1 0.4055 0.0525 0.0525 0.0525 1.0525 1 0.6944 0.0188 0.0188 0.0188 1.0188 1 0.6746 0 0
31 149 2851 0 0 0 0 0 1.0031 0 0.9549 -0.4283 0.4332 0.5068 0.875 1.2392 0.8402 -0.4318 0.6152 0.7865 0.89 2.6348 0.987 -0.4614 0.4653 0.4753 0.8667 1.1266 -0.1056 0.1056 NA NA 1 0.458 0.0251 0.0251 0.0251 1.0251 1 0.6556 -0.0011 0.0011 -0.0011 0.9989 1 0.6381 0 0
31 150 4894 0 0 0 0 0 1.0104 0 0.9689 0.8416 0.8416 0.8696 0.2083 1.2565 0.8385 0.8622 0.9473 1.124 0.6267 2.6424 0.956 0.8696 0.8696 0.894 0.1033 1.2125 0.1353 0.1353 NA NA 1 0.3869 0.1421 0.1421 0.1421 1.1421 1 0.7365 0.1088 0.1088 0.1088 1.1088 1 0.6964 0 0
31 151 3042 0 0 0 1 0 1.004 0 0.9653 -0.8078 0.8099 0.8773 0.2083 1.3836 0.8311 -0.7801 0.8749 1.0187 0.6967 2.3776 0.9818 -0.8008 0.8008 0.8135 0 1.0981 -0.0146 0.0146 NA NA 1 0.6111 -0.3039 0.3039 -0.3039 0.6961 0 0.481 -0.3221 0.3221 -0.3221 0.6779 0 0.4686 0 1
31 152 2764 0 0 0 0 0 1.0032 0 0.9746 0.1819 0.2024 0.2775 0.9583 1.2018 0.8581 0.1476 0.4652 0.6296 0.9467 2.4284 0.9631 0.1593 0.1853 0.2514 0.96 1.0924 -0.0737 0.0737 NA NA 1 0.3553 -0.0254 0.0254 -0.0254 0.9746 1 0.5827 -0.0389 0.0389 -0.0389 0.9611 1 0.5739 0 0
31 153 2810 0 0 0 0 0 1.0157 0 0.9582 0.1773 0.2718 0.3323 0.9583 1.2426 0.8231 0.0904 0.5121 0.7286 0.9367 2.5756 0.9641 0.1486 0.2046 0.2443 1 1.1946 0.1374 0.1374 NA NA 1 0.4293 0.059 0.059 0.059 1.059 1 0.659 0.025 0.025 0.025 1.025 1 0.6361 0 0
31 154 2827 0 0 0 0 0 1.0064 0 0.9815 -0.0328 0.1987 0.2589 1 1.276 0.8259 0.0424 0.4553 0.6382 0.9533 2.4243 0.9857 0.0013 0.1331 0.1639 1 1.084 -0.0261 0.0261 NA NA 1 0.4389 -0.1786 0.1786 -0.1786 0.8214 1 0.5422 -0.1891 0.1891 -0.1891 0.8109 1 0.5368 0 0
31 155 3033 0 0 0 0 0 1.0064 0 0.9764 -0.2411 0.2602 0.3276 0.9167 1.2309 0.8018 -0.1417 0.5326 0.7328 0.9267 2.5071 0.9576 -0.2096 0.2327 0.306 0.8933 1.0844 -0.0405 0.0405 NA NA 1 0.4307 -0.1132 0.1132 -0.1132 0.8868 1 0.5779 -0.1258 0.1258 -0.1258 0.8742 1 0.5707 0 0
31 156 2800 0 0 0 0 0 1.0047 0 0.9563 -0.5127 0.5209 0.6014 0.75 1.2899 0.846 -0.4955 0.6458 0.8263 0.88 2.6144 0.9844 -0.5183 0.5183 0.5332 0.5 1.1122 -0.127 0.127 NA NA 1 0.4026 0.1086 0.1086 0.1086 1.1086 1 0.6908 0.0786 0.0786 0.0786 1.0786 1 0.6721 0 0
31 157 2655 0 0 0 0 0 1.0051 0 0.9659 0.7373 0.7373 0.8058 0.4167 1.3422 0.8215 0.6628 0.7839 0.9683 0.7833 2.6383 0.9625 0.6584 0.6584 0.6917 0.2433 1.1324 0.0207 0.0207 NA NA 1 0.4257 -0.0319 0.0319 -0.0319 0.9681 1 0.6694 -0.0438 0.0438 -0.0438 0.9562 1 0.6604 0 0
31 158 3262 0 0 0 0 0 1.0109 0 0.9411 0.2843 0.3359 0.4789 0.9167 1.2737 0.8473 0.292 0.5386 0.7279 0.94 2.4823 0.9703 0.2477 0.2937 0.3336 1 1.1097 -0.0198 0.0198 NA NA 1 0.414 2e-04 2e-04 2e-04 1.0002 1 0.619 -0.0116 0.0116 -0.0116 0.9884 1 0.6192 0 0
31 159 4045 0 0 0 0 0 1.0066 0 0.9665 -0.111 0.2137 0.2618 0.9583 1.2285 0.8525 -0.156 0.5098 0.6945 0.9867 2.6796 0.985 -0.1156 0.1501 0.1684 1 1.2155 0.1052 0.1052 NA NA 1 0.3612 0.2955 0.2955 0.2955 1.2955 1 0.7899 0.2692 0.2692 0.2692 1.2692 1 0.7717 0 0
31 160 2935 0 0 0 0 0 1.0049 0 0.9737 0.2809 0.3027 0.3529 0.9583 1.231 0.8174 0.2854 0.5308 0.684 0.9133 2.3001 0.958 0.2826 0.3133 0.3735 0.8967 1.0314 -0.1217 0.1217 NA NA 1 0.3949 -0.3072 0.3072 -0.3072 0.6928 0 0.4616 -0.3245 0.3245 -0.3245 0.6755 0 0.4533 0 0
31 161 3859 0 0 0 0 0 1.0071 0 0.9751 0.1216 0.2237 0.2733 0.9583 1.2654 0.827 0.0716 0.5138 0.6905 0.9533 2.5502 0.9622 0.1196 0.1832 0.2412 1 1.1366 0.0511 0.0511 NA NA 1 0.3985 -0.0245 0.0245 -0.0245 0.9755 1 0.6164 -0.0377 0.0377 -0.0377 0.9623 1 0.6102 0 0
31 162 3168 0 0 0 1 0 1.0056 0 0.9769 0.5242 0.5242 0.5653 0.7083 1.3195 0.8442 0.5442 0.7145 0.9055 0.8767 2.7925 0.9921 0.6575 0.6575 0.6657 0.2767 1.2779 0.1707 0.1707 NA NA 1 0.4512 0.1558 0.1558 0.1558 1.1558 1 0.748 0.1057 0.1057 0.1057 1.1057 1 0.7275 0 1
31 163 3705 0 0 0 0 0 1.0065 0 0.9839 -0.1273 0.2298 0.277 1 1.2624 0.8511 -0.1393 0.4979 0.6564 0.9367 2.2357 0.981 -0.139 0.1917 0.214 1 1.039 -0.1175 0.1175 NA NA 1 0.3526 -0.2751 0.2751 -0.2751 0.7249 0 0.464 -0.2912 0.2912 -0.2912 0.7088 0 0.4593 0 0
31 164 3190 0 0 0 0 0 1.0093 0 0.9596 -0.165 0.2745 0.3448 0.9583 1.2742 0.8318 -0.1298 0.5395 0.694 0.9467 2.5275 0.992 -0.1685 0.1696 0.2037 1 1.1189 0.034 0.034 NA NA 1 0.4982 -0.0917 0.0917 -0.0917 0.9083 1 0.6044 -0.1079 0.1079 -0.1079 0.8921 1 0.5893 0 0
31 165 3503 0 0 0 0 0 1.0097 0 0.9786 0.2228 0.2877 0.3828 0.9167 1.3014 0.8273 0.1283 0.4943 0.6749 0.92 2.3966 0.9679 0.0602 0.1976 0.2251 1 1.0555 -0.1122 0.1122 NA NA 1 0.4062 -0.1583 0.1583 -0.1583 0.8417 1 0.5493 -0.178 0.178 -0.178 0.822 1 0.5339 0 0
31 166 3200 0 0 0 0 0 1.0095 0 0.9727 0.4036 0.4204 0.4859 0.8333 1.3033 0.8141 0.4378 0.6294 0.8199 0.8833 2.5077 0.9784 0.4606 0.4606 0.5011 0.5633 1.0913 0.0181 0.0181 NA NA 1 0.4147 -0.0378 0.0378 -0.0378 0.9622 1 0.6057 -0.0493 0.0493 -0.0493 0.9507 1 0.6002 0 0
31 167 2726 0 0 0 0 0 1.0057 0 0.9792 -0.0261 0.2059 0.2532 1 1.2689 0.7915 0.0088 0.5186 0.7446 0.9267 2.4094 0.9551 0.0548 0.1836 0.2247 1 1.028 -0.2334 0.2334 NA NA 0 0.3777 -0.1308 0.1308 -0.1308 0.8692 1 0.5751 -0.1873 0.1873 -0.1873 0.8127 1 0.5446 0 0
31 168 3157 0 0 0 0 0 1.0061 0 0.9727 0.9672 0.9672 1.034 0.1667 1.4321 0.8633 0.9521 1.0072 1.1528 0.6267 2.5982 0.9821 0.9602 0.9602 0.9733 0.0633 1.1995 0.1346 0.1346 NA NA 1 0.3982 0.0253 0.0253 0.0253 1.0253 1 0.674 -0.0053 0.0053 -0.0053 0.9947 1 0.6543 0 0
31 169 2601 0 0 0 0 0 1.0044 0 0.982 -0.4324 0.4659 0.5676 0.7083 1.3273 0.8371 -0.4105 0.6532 0.8399 0.82 2.2689 0.9863 -0.3031 0.3031 0.3274 1 1.0905 0.0383 0.0383 NA NA 1 0.4237 -0.3412 0.3412 -0.3412 0.6588 0 0.4404 -0.35 0.35 -0.35 0.65 0 0.4274 0 0
31 170 3035 0 0 0 0 0 1.0076 0 0.9729 0.0071 0.2105 0.2382 1 1.2193 0.8409 -0.0619 0.5037 0.7028 0.9533 2.411 0.9578 -0.0235 0.1835 0.2133 1 1.0352 -0.1989 0.1989 NA NA 1 0.4025 -0.0892 0.0892 -0.0892 0.9108 1 0.5629 -0.1348 0.1348 -0.1348 0.8652 1 0.5509 0 0
31 171 2476 0 0 0 0 0 1.004 0 0.958 -0.3876 0.4561 0.5303 0.7083 1.2938 0.825 -0.325 0.5539 0.7176 0.9 2.2598 0.9828 -0.2695 0.2695 0.2996 0.97 1.0229 -0.1997 0.1997 NA NA 1 0.3937 -0.2667 0.2667 -0.2667 0.7333 1 0.4823 -0.3036 0.3036 -0.3036 0.6964 0 0.4679 0 0
31 172 2471 0 0 0 0 0 1.0022 0 0.9745 0.1127 0.3527 0.5509 0.9167 1.4927 0.8333 0.0864 0.5428 0.7194 0.92 2.3624 0.9901 0.0779 0.0924 0.1365 1 1.0773 -0.0731 0.0731 NA NA 1 0.4543 -0.3155 0.3155 -0.3155 0.6845 0 0.4854 -0.3286 0.3286 -0.3286 0.6714 0 0.4708 0 0
31 173 2660 0 0 0 0 0 1.013 0 0.965 0.4662 0.4905 0.5699 0.7083 1.2804 0.831 0.4176 0.6097 0.7627 0.86 2.1734 0.9616 0.2688 0.3201 0.3783 0.7167 0.9974 -0.2772 0.2772 NA NA 0 0.4056 -0.3614 0.3614 -0.3614 0.6386 0 0.4405 -0.4178 0.4178 -0.4178 0.5822 0 0.4049 0 0
31 174 3075 0 0 0 0 0 1.0058 0 0.971 0.4928 0.5018 0.554 0.8333 1.2363 0.8054 0.4545 0.6516 0.8253 0.8433 2.3535 0.9907 0.364 0.3644 0.3899 0.9867 1.1461 0.1434 0.1434 NA NA 1 0.4295 -0.0684 0.0684 -0.0684 0.9316 1 0.5777 -0.1 0.1 -0.1 0.9 1 0.555 0 0
31 175 2924 0 0 0 0 0 1.0027 0 0.9632 0.6004 0.6657 0.7357 0.5417 1.337 0.8189 0.5856 0.7374 0.9157 0.77 2.3488 0.958 0.553 0.553 0.6137 0.5967 1.0902 0.1268 0.1268 NA NA 1 0.4539 -0.298 0.298 -0.298 0.702 0 0.4897 -0.3191 0.3191 -0.3191 0.6809 0 0.4733 0 0
31 176 2420 0 0 0 0 0 1.0042 0 0.9546 -0.7471 0.7471 0.8175 0.375 1.3056 0.8189 -0.7 0.8217 0.9754 0.7333 2.5266 0.9773 -0.6977 0.6977 0.716 0.1967 1.0965 -0.0054 0.0054 NA NA 1 0.4522 -0.1535 0.1535 -0.1535 0.8465 1 0.5909 -0.1651 0.1651 -0.1651 0.8349 1 0.5827 0 0
31 177 3541 0 0 0 0 0 1.0065 0 0.9542 0.129 0.3074 0.4266 0.9583 1.3663 0.7863 0.2448 0.5775 0.7566 0.9067 2.3668 0.9496 0.2264 0.2633 0.3396 0.8867 1.1238 0.1332 0.1332 NA NA 1 0.4237 -0.2341 0.2341 -0.2341 0.7659 1 0.5181 -0.2575 0.2575 -0.2575 0.7425 1 0.4945 0 0
31 178 3595 0 0 0 0 0 1.0123 0 0.9617 -0.1187 0.2854 0.3474 1 1.2807 0.8635 -0.0983 0.5006 0.6691 0.95 2.5769 0.9577 -0.1382 0.2769 0.3294 0.9067 1.1842 0.1731 0.1731 NA NA 1 0.4844 0.0296 0.0296 0.0296 1.0296 1 0.6909 -0.018 0.018 -0.018 0.982 1 0.658 0 0
31 179 4387 0 0 0 0 0 1.0045 0 0.9829 0.0662 0.1726 0.2167 1 1.243 0.8591 0.0666 0.4773 0.6548 0.95 2.3909 0.9942 0.0339 0.0724 0.1054 1 1.1145 0.0997 0.0997 NA NA 1 0.3476 -0.0902 0.0902 -0.0902 0.9098 1 0.5786 -0.1068 0.1068 -0.1068 0.8932 1 0.5678 0 0
31 180 3310 0 0 0 0 0 1.0054 0 0.9684 -0.5467 0.5476 0.6064 0.7083 1.2732 0.855 -0.5471 0.6976 0.8453 0.87 2.5906 0.9528 -0.4967 0.4995 0.5421 0.7167 1.2272 0.2201 0.2201 NA NA 0 0.4025 0.0985 0.0985 0.0985 1.0985 1 0.7183 0.032 0.032 0.032 1.032 1 0.6614 0 0
31 181 3163 0 0 0 0 0 1.0087 0 0.972 -0.0616 0.2452 0.3079 1 1.3069 0.8507 -0.0081 0.5076 0.6807 0.9767 2.4848 0.9868 -0.0553 0.0883 0.1271 1 1.1538 0.1089 0.1089 NA NA 1 0.4393 -0.1222 0.1222 -0.1222 0.8778 1 0.6021 -0.1446 0.1446 -0.1446 0.8554 1 0.5812 0 0
31 182 3027 0 0 0 0 0 1.0098 0 0.9713 0.359 0.3616 0.4397 0.8333 1.2522 0.8238 0.2881 0.5634 0.7455 0.9467 2.635 0.9929 0.2563 0.2601 0.2868 1 1.0981 -0.0653 0.0653 NA NA 1 0.4654 0.0899 0.0899 0.0899 1.0899 1 0.7009 0.0696 0.0696 0.0696 1.0696 1 0.6852 0 0
31 183 2856 0 0 0 0 0 1.0056 0 0.9498 0.6374 0.6374 0.697 0.5833 1.2792 0.7954 0.6432 0.8049 1.0087 0.81 2.652 0.9289 0.6424 0.6462 0.6961 0.3133 1.1264 -0.0809 0.0809 NA NA 1 0.3859 0.005 0.005 0.005 1.005 1 0.6593 -0.0113 0.0113 -0.0113 0.9887 1 0.6516 0 0
31 184 2796 0 0 0 0 0 1.0097 0 0.9649 0.1548 0.3257 0.4258 0.9167 1.3531 0.8565 0.1309 0.5086 0.7016 0.9333 2.5436 0.9809 0.0609 0.1389 0.1625 1 1.0909 -0.1396 0.1396 NA NA 1 0.4365 -0.0893 0.0893 -0.0893 0.9107 1 0.5978 -0.1188 0.1188 -0.1188 0.8812 1 0.5969 0 0
31 185 2835 0 0 0 0 0 1.0047 0 0.9514 0.8678 0.8678 0.9595 0.1667 1.308 0.8451 0.7078 0.8258 0.9853 0.6767 2.3769 0.9911 0.7703 0.7703 0.7816 0.07 1.0988 0.064 0.064 NA NA 1 0.428 -0.211 0.211 -0.211 0.789 1 0.5319 -0.224 0.224 -0.224 0.776 1 0.5219 0 0
31 186 2696 0 0 0 0 0 1.0058 0 0.9582 0.111 0.2354 0.3216 0.9583 1.2548 0.7868 0.102 0.5566 0.7769 0.9333 2.5186 0.9498 0.178 0.2094 0.2845 0.8867 1.1129 -0.1018 0.1018 NA NA 1 0.4079 -0.1039 0.1039 -0.1039 0.8961 1 0.5853 -0.1231 0.1231 -0.1231 0.8769 1 0.5795 0 0
31 187 2542 0 0 0 0 0 1.0078 0 0.9735 0.2228 0.3469 0.4132 0.9583 1.4029 0.81 0.1681 0.5896 0.7594 0.9367 2.6231 0.9901 0.2811 0.2811 0.2982 1 1.0996 -0.1255 0.1255 NA NA 1 0.4319 -0.0105 0.0105 -0.0105 0.9895 1 0.6673 -0.0385 0.0385 -0.0385 0.9615 1 0.6535 0 0
31 188 3197 0 0 0 0 0 1.0068 0 0.9757 -0.1084 0.2923 0.4141 0.9583 1.3613 0.8343 -0.1167 0.5147 0.7122 0.9233 2.3825 0.9867 0.0101 0.1364 0.1606 1 1.1137 0.037 0.037 NA NA 1 0.4098 -0.2104 0.2104 -0.2104 0.7896 1 0.5063 -0.2205 0.2205 -0.2205 0.7795 1 0.5024 0 0
31 189 3302 0 0 0 0 0 1.0077 0 0.9518 -0.2764 0.3384 0.3873 0.8333 1.2241 0.8451 -0.2533 0.5199 0.7233 0.9433 2.4783 0.9624 -0.2431 0.2598 0.3196 0.86 1.0739 -0.1333 0.1333 NA NA 1 0.4092 -0.0604 0.0604 -0.0604 0.9396 1 0.5964 -0.088 0.088 -0.088 0.912 1 0.5819 0 0
31 190 4067 0 0 0 0 0 1.0057 0 0.9774 -0.2711 0.2752 0.3507 0.9583 1.2109 0.8662 -0.283 0.5255 0.6732 0.9167 2.4431 0.9795 -0.2765 0.2766 0.3171 1 1.2102 0.2189 0.2189 NA NA 0 0.3845 0.0279 0.0279 0.0279 1.0279 1 0.6586 -0.0329 0.0329 -0.0329 0.9671 1 0.6055 0 0
31 191 3487 0 0 0 0 0 1.0038 0 0.9841 0.2744 0.3013 0.3652 0.9583 1.2694 0.843 0.245 0.5334 0.6955 0.9133 2.2952 0.969 0.2322 0.2448 0.2939 0.88 1.0771 -0.0021 0.0021 NA NA 1 0.3993 -0.2134 0.2134 -0.2134 0.7866 1 0.5102 -0.2216 0.2216 -0.2216 0.7784 1 0.5037 0 0
31 192 2963 0 0 0 0 0 1.0061 0 0.9901 0.217 0.2895 0.3418 1 1.3778 0.811 0.1994 0.5742 0.7536 0.9167 2.4597 0.9642 0.063 0.1746 0.21 1 1.1418 0.061 0.061 NA NA 1 0.4576 -0.2363 0.2363 -0.2363 0.7637 1 0.5168 -0.2499 0.2499 -0.2499 0.7501 1 0.5075 0 0
31 193 2951 0 0 0 0 0 1.0034 0 0.9789 0.2653 0.2909 0.3469 0.9167 1.2562 0.7986 0.2895 0.5701 0.8027 0.9033 2.4408 0.9141 0.2843 0.2861 0.4091 0.8167 1.0832 -0.022 0.022 NA NA 1 0.4223 -0.1868 0.1868 -0.1868 0.8132 1 0.5314 -0.197 0.197 -0.197 0.803 1 0.5274 0 0
31 194 3118 0 0 0 0 0 1.0015 0 0.9509 -1.2041 1.2041 1.3309 0.1667 1.4992 0.7945 -1.0706 1.1355 1.3352 0.47 2.3449 0.9738 -1.0392 1.0392 1.0551 0 1.1691 0.223 0.223 NA NA 0 0.4184 -0.3273 0.3273 -0.3273 0.6727 0 0.497 -0.369 0.369 -0.369 0.631 0 0.4676 0 0
31 195 2584 0 0 0 0 0 1.0088 0 0.978 0.4242 0.4301 0.4667 0.7917 1.2219 0.8052 0.5003 0.6872 0.9145 0.8533 2.6155 0.979 0.5225 0.5225 0.5433 0.5367 1.1534 -0.0333 0.0333 NA NA 1 0.3343 0.1471 0.1471 0.1471 1.1471 1 0.722 0.1372 0.1372 0.1372 1.1372 1 0.7142 0 0
31 196 3228 0 0 0 0 0 1.0034 0 0.965 0.1541 0.216 0.2781 0.9583 1.2244 0.8268 0.1674 0.5163 0.7153 0.9467 2.558 0.9766 0.2138 0.2226 0.2651 0.9467 1.1476 0.0437 0.0437 NA NA 1 0.3672 -0.0141 0.0141 -0.0141 0.9859 1 0.6399 -0.0254 0.0254 -0.0254 0.9746 1 0.6293 0 0
31 197 3438 0 0 0 0 0 1.0063 0 0.9697 -0.5236 0.5236 0.577 0.75 1.2621 0.8109 -0.4686 0.6532 0.8234 0.85 2.3609 0.9673 -0.5105 0.5105 0.5563 0.5067 1.0658 -0.023 0.023 NA NA 1 0.3817 -0.2011 0.2011 -0.2011 0.7989 1 0.533 -0.2095 0.2095 -0.2095 0.7905 1 0.5228 0 0
31 198 2943 0 0 0 0 0 1.0032 0 0.957 0.8034 0.8034 0.8699 0.3333 1.3328 0.8301 0.8075 0.8777 1.0351 0.66 2.3799 0.946 0.771 0.771 0.8233 0.2533 1.1072 -0.0211 0.0211 NA NA 1 0.3843 -0.1434 0.1434 -0.1434 0.8566 1 0.5541 -0.1522 0.1522 -0.1522 0.8478 1 0.5455 0 0
31 199 2136 0 0 0 0 0 1.0051 0 0.9197 -0.771 0.771 0.8478 0.3333 1.3059 0.7638 -0.7859 0.9015 1.0723 0.68 2.5721 0.7927 -0.7521 0.7521 0.8689 0.3533 1.0387 -0.2331 0.2331 NA NA 0 0.3901 -0.0077 0.0077 -0.0077 0.9923 1 0.6407 -0.0721 0.0721 -0.0721 0.9279 1 0.6175 0 0
31 200 4748 0 0 0 0 0 1.0089 0 0.9702 -0.1177 0.1771 0.2417 1 1.1931 0.8538 -0.1611 0.5047 0.6964 0.97 2.6945 0.9832 -0.1241 0.1592 0.1969 1 1.1495 -0.0207 0.0207 NA NA 1 0.3687 0.1691 0.1691 0.1691 1.1691 1 0.7346 0.158 0.158 0.158 1.158 1 0.7281 0 0
