cond r run.time ndiv nbfmi ntree nbulk ntail maxRhat nRhat beta.cor beta.bias beta.abbias beta.rmse beta.cover beta.CI theta.cor theta.bias theta.abbias theta.rmse theta.cover theta.CI attra.cor attra.bias attra.abbias attra.rmse attra.cover attra.CI lambda.bias lambda.abbias lambda.rbias lambda.rbias2 lambda.cover lambda.CI pvar.bias pvar.abbias pvar.rbias pvar.rbias2 pvar.cover pvar.CI sigma2.bias sigma2.abbias sigma2.rbias sigma2.rbias2 sigma2.cover sigma2.CI corrupt efficiency
40 1 6202 0 0 0 0 0 1.0033 0 0.993 -0.2012 0.203 0.2461 1 1.1325 0.8726 -0.1853 0.5204 0.677 0.934 2.4536 0.9672 -0.1572 0.1988 0.3087 0.906 1.0716 -0.1031 0.1031 -0.4124 0.5876 1 0.3041 -0.1727 0.1727 -0.1619 0.8381 1 0.4522 -0.1311 0.1311 -0.1311 0.8689 1 0.4349 0 0
40 2 8061 0 0 0 0 0 1.006 0 0.9879 -0.5801 0.5801 0.6091 0.375 1.1372 0.8735 -0.5646 0.7239 0.8972 0.824 2.4919 0.9786 -0.5795 0.5806 0.6136 0.318 1.075 -0.0388 0.0388 -0.1552 0.8448 1 0.2996 -0.1794 0.1794 -0.1682 0.8318 1 0.4784 -0.1581 0.1581 -0.1581 0.8419 1 0.448 0 0
40 3 8515 0 0 0 0 0 1.0065 0 0.9827 0.1977 0.2161 0.2706 0.9583 1.0994 0.8645 0.1812 0.5285 0.7109 0.962 2.56 0.9876 0.2065 0.2184 0.2561 1 1.1069 -0.0334 0.0334 -0.1337 0.8663 1 0.2934 -0.053 0.053 -0.0497 0.9503 1 0.513 -0.0404 0.0404 -0.0404 0.9596 1 0.476 0 0
40 4 5970 0 0 0 0 0 1.0035 0 0.9866 -0.0691 0.1518 0.1915 1 1.071 0.8761 -0.1001 0.4742 0.6384 0.954 2.2716 0.9809 -0.0236 0.2056 0.2287 1 1.0515 0.0591 0.0591 0.2365 1.2365 1 0.3034 -0.277 0.277 -0.2596 0.7404 0 0.4176 -0.2918 0.2918 -0.2918 0.7082 0 0.3682 0 0
40 5 7053 0 0 0 0 0 1.0067 0 0.9737 0.1254 0.1699 0.2256 0.9583 1.0825 0.8643 0.1634 0.5486 0.7503 0.936 2.5027 0.9758 0.1969 0.2649 0.3087 0.938 1.1152 0.0416 0.0416 0.1662 1.1662 1 0.2916 -0.0712 0.0712 -0.0668 0.9332 1 0.5108 -0.0957 0.0957 -0.0957 0.9043 1 0.4696 0 0
40 6 8362 0 0 0 0 0 1.011 0 0.9664 -0.3897 0.3947 0.4463 0.7917 1.0991 0.8778 -0.3537 0.5779 0.7677 0.9 2.4201 0.986 -0.4187 0.4324 0.4537 0.894 1.1482 0.1097 0.1097 0.4389 1.4389 1 0.2846 -0.1474 0.1474 -0.1382 0.8618 1 0.4934 -0.2066 0.2066 -0.2066 0.7934 1 0.4124 0 0
40 7 6615 0 0 0 0 0 1.0178 0 0.9832 -0.424 0.424 0.4684 0.875 1.1194 0.871 -0.4347 0.6147 0.7863 0.886 2.4728 0.975 -0.5275 0.5275 0.573 0.522 1.0994 -0.0375 0.0375 -0.1502 0.8498 1 0.2949 -0.1484 0.1484 -0.1391 0.8609 1 0.4621 -0.1292 0.1292 -0.1292 0.8708 1 0.4333 0 0
40 8 6886 0 0 0 0 0 1.0135 0 0.9741 0.6593 0.6593 0.6985 0.3333 1.1227 0.8761 0.5829 0.7107 0.8553 0.828 2.4693 0.9613 0.5255 0.5443 0.5885 0.468 1.1047 -0.0049 0.0049 -0.0197 0.9803 1 0.3023 -0.1441 0.1441 -0.1351 0.8649 1 0.4767 -0.1391 0.1391 -0.1391 0.8609 1 0.4367 0 0
40 9 10550 0 0 0 0 0 1.0075 0 0.9681 -0.1693 0.2209 0.2764 0.9583 1.0893 0.8569 -0.1191 0.5509 0.7652 0.944 2.5293 0.9839 -0.0043 0.1364 0.1691 1 1.0708 -0.0752 0.0752 -0.3007 0.6993 1 0.2996 -0.1004 0.1004 -0.0941 0.9059 1 0.4797 -0.0693 0.0693 -0.0693 0.9307 1 0.4573 0 0
40 10 5429 0 0 0 0 0 1.0103 0 0.9788 0.5153 0.5804 0.6831 0.4583 1.3042 0.8658 0.4817 0.6537 0.836 0.86 2.4755 0.9686 0.5864 0.6051 0.6424 0.37 1.0887 0.0094 0.0094 0.0377 1.0377 1 0.3238 -0.222 0.222 -0.2081 0.7919 1 0.4653 -0.2187 0.2187 -0.2187 0.7813 1 0.4389 0 0
40 11 7297 0 0 0 0 0 1.0064 0 0.9883 -0.0846 0.1604 0.1962 1 1.0823 0.8847 -0.1332 0.4991 0.6885 0.96 2.5031 0.9868 -0.0558 0.1357 0.1724 1 1.1223 0.0655 0.0655 0.2619 1.2619 1 0.2842 -0.0133 0.0133 -0.0124 0.9876 1 0.552 -0.0584 0.0584 -0.0584 0.9416 1 0.4874 0 0
40 12 6953 0 0 0 0 0 1.007 0 0.9783 0.3314 0.3555 0.4292 0.875 1.1523 0.8912 0.243 0.5345 0.6992 0.924 2.4093 0.9828 0.2117 0.2479 0.2765 1 1.1152 0.0683 0.0683 0.2731 1.2731 1 0.2761 -0.1248 0.1248 -0.117 0.883 1 0.4848 -0.1594 0.1594 -0.1594 0.8406 1 0.4373 0 0
40 13 7314 0 0 0 0 0 1.0145 0 0.9829 0.1355 0.2376 0.3417 0.9583 1.1518 0.8879 0.0895 0.4894 0.6713 0.928 2.3455 0.991 0.111 0.1426 0.1781 1 1.0876 0.0589 0.0589 0.2355 1.2355 1 0.2738 -0.1994 0.1994 -0.187 0.813 1 0.4531 -0.2205 0.2205 -0.2205 0.7795 1 0.4102 0 0
40 14 5778 0 0 0 0 0 1.0165 0 0.9891 -0.3136 0.3363 0.3913 0.875 1.1336 0.8662 -0.2859 0.5921 0.7718 0.884 2.3551 0.9868 -0.3024 0.3126 0.3723 0.804 1.0976 0.0398 0.0398 0.1592 1.1592 1 0.3054 -0.2523 0.2523 -0.2365 0.7635 0 0.4121 -0.2599 0.2599 -0.2599 0.7401 0 0.37 0 0
40 15 7532 0 0 0 0 0 1.0035 0 0.9875 -0.4434 0.4434 0.4917 0.7917 1.142 0.8613 -0.4535 0.6539 0.8581 0.86 2.4198 0.9805 -0.4186 0.4186 0.46 0.7 1.1489 0.1349 0.1349 0.5398 1.5398 1 0.2642 -0.108 0.108 -0.1012 0.8988 1 0.5152 -0.1891 0.1891 -0.1891 0.8109 1 0.4382 0 0
40 16 7042 0 0 0 0 0 1.0108 0 0.9805 -0.0809 0.2344 0.2849 0.9583 1.1261 0.8684 -0.0969 0.5037 0.6762 0.926 2.266 0.9913 -0.0472 0.1577 0.1948 1 1.0224 -0.0407 0.0407 -0.1627 0.8373 1 0.3099 -0.3335 0.3335 -0.3126 0.6874 0 0.3784 -0.3039 0.3039 -0.3039 0.6961 0 0.3618 0 0
40 17 7777 0 0 0 0 0 1.0113 0 0.9827 0.0204 0.1534 0.1896 1 1.0988 0.8594 -0.0159 0.5036 0.7028 0.946 2.5372 0.9866 0.0301 0.1804 0.2137 1 1.0812 -0.0749 0.0749 -0.2997 0.7003 1 0.2864 -0.0221 0.0221 -0.0207 0.9793 1 0.5165 0.0063 0.0063 0.0063 1.0063 1 0.4904 0 0
40 18 5384 0 0 0 0 0 1.0065 0 0.9693 -1.0068 1.0068 1.0413 0.0417 1.2114 0.8609 -0.92 1.0218 1.1696 0.604 2.8364 0.9946 -1.0252 1.0252 1.0352 0 1.1523 -0.0713 0.0713 -0.2852 0.7148 1 0.3326 0.0932 0.0932 0.0874 1.0874 1 0.6142 0.1137 0.1137 0.1137 1.1137 1 0.5928 0 0
40 19 9010 0 0 0 0 0 1.0073 0 0.9679 0.2454 0.3204 0.4462 0.9583 1.171 0.8684 0.2437 0.5462 0.7387 0.918 2.3382 0.9873 0.2762 0.3175 0.3696 0.81 1.0952 0.1204 0.1204 0.4817 1.4817 1 0.2565 -0.1427 0.1427 -0.1338 0.8662 1 0.4741 -0.208 0.208 -0.208 0.792 1 0.4097 0 0
40 20 7383 0 0 0 0 0 1.0058 0 0.9916 0.1806 0.1973 0.2514 0.9583 1.1392 0.885 0.2283 0.4967 0.652 0.944 2.3883 0.9893 0.2059 0.2267 0.27 0.93 1.0455 -0.0615 0.0615 -0.2461 0.7539 1 0.3061 -0.2164 0.2164 -0.2029 0.7971 1 0.4268 -0.1854 0.1854 -0.1854 0.8146 1 0.4117 0 0
40 21 7359 0 0 0 0 0 1.0031 0 0.978 -0.4137 0.4222 0.4891 0.7083 1.146 0.9046 -0.3941 0.5717 0.728 0.934 2.7438 0.9955 -0.4748 0.4748 0.4846 0.93 1.1702 -0.0131 0.0131 -0.0525 0.9475 1 0.2814 0.1792 0.1792 0.168 1.168 1 0.6499 0.1686 0.1686 0.1686 1.1686 1 0.6073 0 0
40 22 7971 0 0 0 0 0 1.0071 0 0.9734 0.203 0.2555 0.3079 0.9583 1.1291 0.8782 0.2232 0.5357 0.719 0.954 2.6394 0.9909 0.2674 0.2674 0.2967 1 1.1772 0.0905 0.0905 0.3618 1.3618 1 0.2918 0.0348 0.0348 0.0326 1.0326 1 0.5856 -0.0339 0.0339 -0.0339 0.9661 1 0.5159 0 0
40 23 9742 0 0 0 0 0 1.0044 0 0.993 -0.2951 0.3008 0.3468 0.9167 1.1357 0.8862 -0.3095 0.5479 0.7146 0.932 2.3946 0.9886 -0.357 0.357 0.3842 0.836 1.0379 -0.0515 0.0515 -0.2058 0.7942 1 0.3204 -0.2514 0.2514 -0.2357 0.7643 0 0.4318 -0.2228 0.2228 -0.2228 0.7772 1 0.4126 0 0
40 24 7941 0 0 0 0 0 1.0041 0 0.9792 0.2479 0.2644 0.3399 0.9167 1.1293 0.8876 0.2452 0.5224 0.6767 0.948 2.6732 0.9958 0.2407 0.2424 0.2606 1 1.1563 0.0123 0.0123 0.049 1.049 1 0.2993 0.0313 0.0313 0.0293 1.0293 1 0.5844 0.015 0.015 0.015 1.015 1 0.5309 0 0
40 25 6848 0 0 0 0 0 1.0212 0 0.9789 -0.1651 0.2228 0.2711 0.9583 1.0851 0.8804 -0.2151 0.5005 0.6833 0.968 2.5653 0.991 -0.2224 0.2224 0.2584 1 1.094 -0.0788 0.0788 -0.3153 0.6847 1 0.2883 0.0052 0.0052 0.0049 1.0049 1 0.5318 0.034 0.034 0.034 1.034 1 0.5018 0 0
40 26 7159 0 0 0 0 0 1.0193 0 0.9866 0.3043 0.313 0.3605 0.9167 1.1305 0.8726 0.2956 0.5784 0.7504 0.906 2.2846 0.9881 0.3329 0.3329 0.3655 0.972 1.0848 0.0785 0.0785 0.3139 1.3139 1 0.3134 -0.3329 0.3329 -0.3121 0.6879 0 0.3986 -0.3513 0.3513 -0.3513 0.6487 0 0.3501 0 0
40 27 7316 0 0 0 0 0 1.0073 0 0.9884 0.5691 0.5691 0.6077 0.4167 1.161 0.8715 0.5462 0.7053 0.8625 0.818 2.4492 0.9813 0.5746 0.575 0.6191 0.406 1.0842 0.0102 0.0102 0.0408 1.0408 1 0.302 -0.1768 0.1768 -0.1658 0.8342 1 0.4637 -0.1764 0.1764 -0.1764 0.8236 1 0.4384 0 0
40 28 8873 0 0 0 0 0 1.0059 0 0.9856 -0.2267 0.2944 0.3327 0.9167 1.1267 0.8899 -0.1717 0.5067 0.6806 0.938 2.4711 0.9973 -0.1669 0.1675 0.1909 1 1.1482 0.0764 0.0764 0.3055 1.3055 1 0.2777 0.0324 0.0324 0.0304 1.0304 1 0.5453 -0.0252 0.0252 -0.0252 0.9748 1 0.4679 0 0
40 29 7846 0 0 0 0 0 1.0109 0 0.9817 0.0754 0.1836 0.2509 0.9583 1.1225 0.8973 0.1025 0.467 0.6243 0.95 2.5302 0.9925 0.0654 0.1053 0.1409 1 1.1188 0.0068 0.0068 0.027 1.027 1 0.2804 0.009 0.009 0.0084 1.0084 1 0.5342 -0.0017 0.0017 -0.0017 0.9983 1 0.5001 0 0
40 30 8387 0 0 0 0 0 1.0044 0 0.9701 0.2958 0.3146 0.3846 0.9167 1.102 0.8895 0.3606 0.5723 0.7427 0.92 2.5263 0.9856 0.4248 0.4248 0.4538 0.8 1.1431 0.0767 0.0767 0.3066 1.3066 1 0.2573 -0.0108 0.0108 -0.0101 0.9899 1 0.5525 -0.0628 0.0628 -0.0628 0.9372 1 0.4826 0 0
40 31 6437 0 0 0 0 0 1.008 0 0.9892 -0.2509 0.252 0.3018 0.9583 1.0542 0.8711 -0.214 0.5348 0.7286 0.924 2.428 0.9897 -0.172 0.1953 0.2249 1 1.0469 -0.0375 0.0375 -0.1499 0.8501 1 0.2915 -0.0937 0.0937 -0.0879 0.9121 1 0.4893 -0.0768 0.0768 -0.0768 0.9232 1 0.4609 0 0
40 32 5975 0 0 0 0 0 1.0074 0 0.984 -0.3487 0.3556 0.3956 0.875 1.094 0.8788 -0.2574 0.5312 0.715 0.93 2.4543 0.9955 -0.2255 0.2307 0.2783 1 1.137 0.0687 0.0687 0.2748 1.2748 1 0.2716 -0.0325 0.0325 -0.0304 0.9696 1 0.5289 -0.0768 0.0768 -0.0768 0.9232 1 0.4693 0 0
40 33 7178 0 0 0 0 0 1.0127 0 0.9705 0.1594 0.2445 0.3029 0.875 1.1095 0.8882 0.1404 0.5014 0.6646 0.96 2.657 0.9924 0.0899 0.1393 0.1593 1 1.148 -0.0154 0.0154 -0.0618 0.9382 1 0.2964 0.0873 0.0873 0.0818 1.0818 1 0.5739 0.083 0.083 0.083 1.083 1 0.5258 0 0
40 34 6858 0 0 0 0 0 1.0067 0 0.9757 -0.1501 0.2351 0.3007 0.9583 1.0988 0.8687 -0.0383 0.5446 0.7381 0.912 2.2813 0.9718 -0.0531 0.2119 0.2354 1 1.0371 0.0319 0.0319 0.1275 1.1275 1 0.2989 -0.3253 0.3253 -0.305 0.695 0 0.3896 -0.3226 0.3226 -0.3226 0.6774 0 0.3577 0 0
40 35 8921 0 0 0 0 0 1.0075 0 0.9893 -0.6156 0.6156 0.6384 0.2917 1.1094 0.8807 -0.5843 0.7044 0.8672 0.826 2.3857 0.979 -0.4239 0.4239 0.4684 0.684 1.117 0.057 0.057 0.228 1.228 1 0.2994 -0.131 0.131 -0.1229 0.8771 1 0.4643 -0.1594 0.1594 -0.1594 0.8406 1 0.4118 0 0
40 36 6460 0 0 0 0 0 1.0073 0 0.9616 0.1999 0.2788 0.3422 0.875 1.0887 0.8923 0.1423 0.488 0.6595 0.964 2.5011 0.9884 0.1022 0.1192 0.1761 1 1.1436 0.0327 0.0327 0.131 1.131 1 0.2563 0.0535 0.0535 0.0501 1.0501 1 0.5527 0.0245 0.0245 0.0245 1.0245 1 0.5022 0 0
40 37 7216 0 0 0 0 0 1.0114 0 0.9788 0.3035 0.3233 0.4129 0.9167 1.1035 0.894 0.2339 0.528 0.6851 0.95 2.4162 0.9925 0.1639 0.1653 0.2043 1 1.1293 0.1016 0.1016 0.4064 1.4064 1 0.285 -0.0982 0.0982 -0.0921 0.9079 1 0.5081 -0.1579 0.1579 -0.1579 0.8421 1 0.4454 0 0
40 38 7034 0 0 0 0 0 1.007 0 0.9756 0.096 0.1905 0.2443 1 1.1052 0.8654 0.1183 0.4946 0.6696 0.972 2.4897 0.9908 0.0575 0.1702 0.2168 1 1.072 -0.0513 0.0513 -0.2054 0.7946 1 0.3041 -0.1127 0.1127 -0.1057 0.8943 1 0.4918 -0.09 0.09 -0.09 0.91 1 0.4729 0 0
40 39 11616 0 0 0 0 0 1.0049 0 0.9908 0.0086 0.1398 0.2029 1 1.1153 0.8859 -0.0278 0.4856 0.6669 0.948 2.4029 0.9844 -0.0687 0.1656 0.1977 1 1.1354 0.1111 0.1111 0.4443 1.4443 1 0.2623 -0.0202 0.0202 -0.0189 0.9811 1 0.518 -0.0959 0.0959 -0.0959 0.9041 1 0.4472 0 0
40 40 9068 0 0 0 0 0 1.0057 0 0.9814 0.0021 0.2036 0.2694 0.9167 1.1449 0.8704 -0.059 0.5052 0.6714 0.966 2.488 0.9821 -0.1038 0.1784 0.2153 1 1.0668 -0.0735 0.0735 -0.2939 0.7061 1 0.2646 -0.081 0.081 -0.0759 0.9241 1 0.5072 -0.0502 0.0502 -0.0502 0.9498 1 0.4778 0 0
40 41 9399 0 0 0 0 0 1.0028 0 0.9619 -0.4192 0.4247 0.4718 0.7083 1.0973 0.8815 -0.4319 0.6227 0.7957 0.914 2.6043 0.9896 -0.4614 0.4614 0.481 0.744 1.1429 -5e-04 5e-04 -0.0019 0.9981 1 0.2873 -0.0057 0.0057 -0.0054 0.9946 1 0.5448 -0.012 0.012 -0.012 0.988 1 0.5009 0 0
40 42 8282 0 0 0 0 0 1.0025 0 0.9813 -0.0913 0.1713 0.2175 1 1.1006 0.8543 -0.1106 0.5297 0.7399 0.936 2.5067 0.955 -0.1484 0.2957 0.3425 0.942 1.1007 -0.0615 0.0615 -0.246 0.754 1 0.3031 -0.1003 0.1003 -0.0941 0.9059 1 0.4974 -0.0744 0.0744 -0.0744 0.9256 1 0.474 0 0
40 43 8130 0 0 0 0 0 1.0042 0 0.9737 -0.4716 0.4716 0.5427 0.5833 1.1652 0.8617 -0.4327 0.6437 0.8355 0.894 2.5155 0.9938 -0.5364 0.5389 0.5466 0.51 1.1353 0.0601 0.0601 0.2404 1.2404 1 0.3001 -0.1525 0.1525 -0.143 0.857 1 0.4843 -0.1804 0.1804 -0.1804 0.8196 1 0.4409 0 0
40 44 7077 0 0 0 0 0 1.0062 0 0.9854 0.0978 0.1948 0.2444 1 1.1023 0.8846 0.0659 0.4743 0.6515 0.954 2.4068 0.9944 0.0089 0.0946 0.1124 1 1.0649 -0.0378 0.0378 -0.1511 0.8489 1 0.2926 -0.1999 0.1999 -0.1874 0.8126 1 0.4425 -0.1776 0.1776 -0.1776 0.8224 1 0.4162 0 0
40 45 7224 0 0 0 0 0 1.0054 0 0.9815 -0.1242 0.18 0.2238 1 1.0874 0.8889 -0.0927 0.493 0.6628 0.968 2.556 0.987 -0.0136 0.1313 0.1537 1 1.0955 -0.0054 0.0054 -0.0216 0.9784 1 0.3096 0.0189 0.0189 0.0177 1.0177 1 0.563 0.0128 0.0128 0.0128 1.0128 1 0.5077 0 0
40 46 7142 0 0 0 0 0 1.0077 0 0.9799 -0.2896 0.2921 0.348 0.9167 1.0973 0.8828 -0.2647 0.558 0.713 0.912 2.3682 0.9737 -0.2695 0.2754 0.3446 0.876 1.1355 0.1242 0.1242 0.4969 1.4969 1 0.257 -0.1938 0.1938 -0.1817 0.8183 1 0.4521 -0.2545 0.2545 -0.2545 0.7455 0 0.3761 0 0
40 47 7005 0 0 0 17 0 1.0143 0 0.9831 0.0689 0.1607 0.2083 1 1.1077 0.8654 0.0587 0.5102 0.6944 0.98 2.5426 0.974 0.0874 0.1978 0.236 1 1.1245 0.0313 0.0313 0.1254 1.1254 1 0.2696 0.0164 0.0164 0.0154 1.0154 1 0.5515 -0.0088 0.0088 -0.0088 0.9912 1 0.491 0 1
40 48 8752 0 0 0 0 0 1.0096 0 0.9752 -0.3004 0.3154 0.3673 0.875 1.1066 0.8714 -0.2505 0.5571 0.7387 0.928 2.708 0.9653 -0.3015 0.3199 0.3914 0.908 1.1377 -0.0377 0.0377 -0.1509 0.8491 1 0.3013 0.1362 0.1362 0.1276 1.1276 1 0.5932 0.1408 0.1408 0.1408 1.1408 1 0.5467 0 0
40 49 7993 0 0 0 0 0 1.0037 0 0.9829 0.0782 0.1675 0.2152 0.9583 1.0773 0.8747 0.0825 0.5094 0.7093 0.932 2.4327 0.9655 0.1015 0.2042 0.2688 0.936 1.1464 0.0927 0.0927 0.3706 1.3706 1 0.2637 -0.0676 0.0676 -0.0634 0.9366 1 0.4987 -0.1237 0.1237 -0.1237 0.8763 1 0.4479 0 0
40 50 9785 0 0 0 0 0 1.0093 0 0.9802 -0.4113 0.4252 0.4667 0.75 1.1075 0.8765 -0.3915 0.61 0.786 0.906 2.5759 0.9445 -0.5311 0.5311 0.6148 0.632 1.116 0.0292 0.0292 0.1167 1.1167 1 0.2933 0.0268 0.0268 0.0251 1.0251 1 0.5714 0.0013 0.0013 0.0013 1.0013 1 0.5272 0 0
40 51 6990 0 0 0 0 0 1.0069 0 0.9788 -0.4194 0.4196 0.4669 0.7083 1.1196 0.8895 -0.3757 0.5747 0.737 0.904 2.5382 0.9947 -0.3796 0.3834 0.3985 0.884 1.1121 -0.0483 0.0483 -0.1933 0.8067 1 0.3077 -0.0381 0.0381 -0.0357 0.9643 1 0.5078 -0.0203 0.0203 -0.0203 0.9797 1 0.49 0 0
40 52 8316 0 0 0 0 0 1.0063 0 0.9641 0.0993 0.2004 0.2579 0.9167 1.1037 0.8796 0.1057 0.4957 0.6855 0.952 2.5011 0.9844 0.1501 0.1912 0.2238 1 1.1418 0.0537 0.0537 0.2146 1.2146 1 0.3144 -0.0775 0.0775 -0.0726 0.9274 1 0.5208 -0.1097 0.1097 -0.1097 0.8903 1 0.4688 0 0
40 53 8502 0 0 0 0 0 1.0104 0 0.9885 -0.8097 0.8097 0.8569 0.1667 1.173 0.871 -0.6924 0.8203 0.9837 0.748 2.4878 0.9541 -0.7078 0.708 0.7696 0.39 1.1817 0.1205 0.1205 0.4822 1.4822 1 0.2702 -0.0434 0.0434 -0.0407 0.9593 1 0.5464 -0.124 0.124 -0.124 0.876 1 0.4602 0 0
40 54 5965 0 0 0 0 0 1.0228 0 0.9941 -0.0047 0.1152 0.1437 1 1.1654 0.8845 0.0336 0.4969 0.6726 0.958 2.5291 0.9748 0.0235 0.1665 0.2118 1 1.089 -0.0919 0.0919 -0.3676 0.6324 1 0.3222 -0.1179 0.1179 -0.1105 0.8895 1 0.4768 -0.0817 0.0817 -0.0817 0.9183 1 0.4591 0 0
40 55 6624 0 0 0 0 0 1.0057 0 0.9793 0.4706 0.4801 0.5412 0.6667 1.1613 0.8613 0.4295 0.6449 0.8193 0.858 2.5353 0.9874 0.3546 0.3706 0.4436 0.712 1.1468 0.0468 0.0468 0.1871 1.1871 1 0.3015 -0.0689 0.0689 -0.0646 0.9354 1 0.5314 -0.0972 0.0972 -0.0972 0.9028 1 0.4782 0 0
40 56 7355 0 0 0 0 0 1.0063 0 0.9789 0.0075 0.1763 0.2306 0.9583 1.0943 0.8771 0.0403 0.488 0.664 0.976 2.597 0.9896 0.0475 0.1215 0.1446 1 1.1657 0.036 0.036 0.1439 1.1439 1 0.2777 0.0867 0.0867 0.0813 1.0813 1 0.575 0.0521 0.0521 0.0521 1.0521 1 0.5241 0 0
40 57 7597 0 0 0 0 0 1.004 0 0.969 0.8163 0.8163 0.837 0.125 1.1455 0.8731 0.84 0.9147 1.0651 0.674 2.5539 0.99 0.8634 0.8634 0.8805 0.08 1.1269 -0.0396 0.0396 -0.1586 0.8414 1 0.2757 -0.0328 0.0328 -0.0307 0.9693 1 0.5361 -0.0177 0.0177 -0.0177 0.9823 1 0.5028 0 0
40 58 7061 0 0 0 0 0 1.0138 0 0.9841 -0.3495 0.3626 0.4066 0.875 1.1501 0.8691 -0.3578 0.6106 0.7966 0.924 2.6383 0.9845 -0.3467 0.3531 0.3909 0.904 1.1154 -0.0971 0.0971 -0.3884 0.6116 1 0.3509 -0.0469 0.0469 -0.044 0.956 1 0.535 -0.0123 0.0123 -0.0123 0.9877 1 0.5073 0 0
40 59 7071 0 0 0 0 0 1.0077 0 0.9839 -0.2548 0.2918 0.38 0.875 1.0974 0.8788 -0.1943 0.53 0.6933 0.908 2.3062 0.9889 -0.2431 0.2449 0.3242 0.848 1.0874 0.0834 0.0834 0.3336 1.3336 1 0.3052 -0.1912 0.1912 -0.1793 0.8207 1 0.464 -0.2291 0.2291 -0.2291 0.7709 0 0.3916 0 0
40 60 8987 0 0 0 0 0 1.01 0 0.9722 0.1955 0.2189 0.2653 1 1.0478 0.8814 0.2382 0.5043 0.6931 0.942 2.3159 0.9898 0.1893 0.2145 0.2474 1 1.0328 -0.0712 0.0712 -0.2846 0.7154 1 0.2966 -0.1869 0.1869 -0.1752 0.8248 1 0.4383 -0.1537 0.1537 -0.1537 0.8463 1 0.4206 0 0
40 61 6016 0 0 0 0 0 1.0069 0 0.9796 -0.0847 0.2073 0.2482 1 1.1004 0.8707 -0.0874 0.495 0.6835 0.95 2.4414 0.9884 -0.1239 0.1569 0.1925 1 1.0715 -0.035 0.035 -0.1399 0.8601 1 0.2978 -0.177 0.177 -0.166 0.834 1 0.4549 -0.1574 0.1574 -0.1574 0.8426 1 0.4327 0 0
40 62 6814 0 0 0 0 0 1.0139 0 0.9778 0.3064 0.3735 0.4803 0.875 1.225 0.8613 0.2867 0.599 0.7796 0.922 2.3994 0.9789 0.3028 0.3477 0.39 0.774 1.0813 0.0381 0.0381 0.1524 1.1524 1 0.3083 -0.2687 0.2687 -0.2519 0.7481 0 0.4459 -0.2739 0.2739 -0.2739 0.7261 0 0.4093 0 0
40 63 5911 0 0 0 0 0 1.0146 0 0.9916 0.0025 0.1419 0.1754 1 1.1655 0.8678 -0.0934 0.5381 0.7254 0.962 2.6495 0.9925 -0.1332 0.1644 0.1983 1 1.1692 0.0374 0.0374 0.1496 1.1496 1 0.3107 0.0678 0.0678 0.0636 1.0636 1 0.583 0.0323 0.0323 0.0323 1.0323 1 0.5337 0 0
40 64 9030 0 0 0 0 0 1.0048 0 0.9861 -0.2232 0.2331 0.2706 0.9583 1.0599 0.8751 -0.2653 0.5196 0.7026 0.928 2.4274 0.9723 -0.2789 0.2862 0.3685 0.848 1.0738 -0.0071 0.0071 -0.0284 0.9716 1 0.2769 -0.0882 0.0882 -0.0827 0.9173 1 0.485 -0.0849 0.0849 -0.0849 0.9151 1 0.4456 0 0
40 65 6847 0 0 0 0 0 1.0142 0 0.986 -0.1362 0.208 0.2635 1 1.1517 0.8851 -0.1663 0.5133 0.6863 0.974 2.7514 0.9842 -0.1837 0.2134 0.2934 1 1.1388 -0.0828 0.0828 -0.331 0.669 1 0.2851 0.0783 0.0783 0.0734 1.0734 1 0.5853 0.1063 0.1063 0.1063 1.1063 1 0.5658 0 0
40 66 7579 0 0 0 0 0 1.0194 0 0.9863 0.5349 0.5349 0.5655 0.5417 1.0655 0.8852 0.5035 0.6541 0.8177 0.87 2.4764 0.9663 0.6011 0.6046 0.653 0.3 1.0427 -0.1 0.1 -0.4 0.6 1 0.3004 -0.1132 0.1132 -0.1061 0.8939 1 0.4727 -0.0739 0.0739 -0.0739 0.9261 1 0.4576 0 0
40 67 5706 0 0 0 0 0 1.008 0 0.9886 -0.0827 0.131 0.1622 1 1.0802 0.8912 -0.0212 0.4972 0.6517 0.962 2.788 0.9913 0.0012 0.0987 0.13 1 1.1669 0.0109 0.0109 0.0436 1.0436 1 0.2899 0.2503 0.2503 0.2347 1.2347 1 0.6976 0.219 0.219 0.219 1.219 1 0.6252 0 0
40 68 9568 0 0 0 0 0 1.009 0 0.9785 0.2286 0.2508 0.3041 0.9167 1.1089 0.896 0.251 0.522 0.7078 0.956 2.5845 0.9771 0.2019 0.2486 0.2982 0.924 1.2487 0.1244 0.1244 0.4977 1.4977 0 0.2358 0.2197 0.2197 0.206 1.206 1 0.6586 0.0992 0.0992 0.0992 1.0992 1 0.5414 0 0
40 69 9017 0 0 0 0 0 1.0081 0 0.9861 0.2582 0.2645 0.3276 0.875 1.1345 0.884 0.3206 0.5623 0.7572 0.94 2.6654 0.9904 0.2928 0.2943 0.3584 0.956 1.1387 -0.0622 0.0622 -0.2487 0.7513 1 0.2779 0.0607 0.0607 0.0569 1.0569 1 0.5614 0.0813 0.0813 0.0813 1.0813 1 0.5363 0 0
40 70 6683 0 0 0 0 0 1.0055 0 0.9714 0.2551 0.3052 0.3498 0.875 1.1002 0.864 0.2364 0.5689 0.766 0.91 2.4206 0.9953 0.1635 0.1876 0.2358 1 1.0892 0.0271 0.0271 0.1085 1.1085 1 0.2945 -0.1888 0.1888 -0.177 0.823 1 0.4771 -0.1952 0.1952 -0.1952 0.8048 1 0.4431 0 0
40 71 8198 0 0 0 0 0 1.0074 0 0.9891 -0.1662 0.219 0.2767 0.9583 1.1398 0.8588 -0.1774 0.5471 0.7505 0.946 2.4579 0.9806 -0.113 0.1577 0.2166 1 1.1219 0.0448 0.0448 0.1793 1.1793 1 0.2988 -0.1272 0.1272 -0.1193 0.8807 1 0.4985 -0.149 0.149 -0.149 0.851 1 0.4431 0 0
40 72 6805 0 0 0 0 0 1.0095 0 0.9827 -0.4403 0.4433 0.5351 0.7083 1.2139 0.8751 -0.38 0.6322 0.8009 0.904 2.7486 0.9805 -0.3727 0.3727 0.4213 0.936 1.2027 0.0554 0.0554 0.2217 1.2217 1 0.2914 0.1727 0.1727 0.1619 1.1619 1 0.6381 0.1154 0.1154 0.1154 1.1154 1 0.5834 0 0
40 73 7940 0 0 0 0 0 1.0061 0 0.9797 -0.1395 0.2068 0.238 1 1.0964 0.8761 -0.0627 0.4997 0.6819 0.94 2.4147 0.9884 -0.0285 0.1381 0.1619 1 1.0893 0.0013 0.0013 0.0051 1.0051 1 0.3057 -0.2247 0.2247 -0.2106 0.7894 1 0.4368 -0.217 0.217 -0.217 0.783 0 0.3971 0 0
40 74 8172 0 0 0 0 0 1.0037 0 0.9828 0.303 0.3041 0.3867 0.875 1.1268 0.8605 0.3013 0.5645 0.7562 0.916 2.4882 0.9886 0.3438 0.3467 0.3831 0.898 1.1112 -0.0137 0.0137 -0.0548 0.9452 1 0.3227 -0.1323 0.1323 -0.1241 0.8759 1 0.4809 -0.1249 0.1249 -0.1249 0.8751 1 0.4488 0 0
40 75 8503 0 0 0 0 0 1.0071 0 0.988 -0.1117 0.1878 0.229 1 1.1158 0.875 -0.1612 0.516 0.7036 0.96 2.5407 0.9814 -0.033 0.1429 0.1849 1 1.1454 0.045 0.045 0.1801 1.1801 1 0.2767 0.0381 0.0381 0.0357 1.0357 1 0.5634 0.0022 0.0022 0.0022 1.0022 1 0.5139 0 0
40 76 7284 0 0 0 0 0 1.0084 0 0.9892 -0.2734 0.275 0.3346 0.9167 1.1489 0.8719 -0.1904 0.5243 0.7069 0.932 2.5784 0.9908 -0.2834 0.2865 0.3144 1 1.1571 0.0035 0.0035 0.0141 1.0141 1 0.2965 -0.0351 0.0351 -0.0329 0.9671 1 0.5392 -0.0412 0.0412 -0.0412 0.9588 1 0.499 0 0
40 77 10172 0 0 0 0 0 1.0039 0 0.9788 0.1753 0.2003 0.2725 0.9167 1.0962 0.8819 0.1754 0.5423 0.7251 0.946 2.4952 0.9889 0.2624 0.2626 0.2976 1 1.1381 0.086 0.086 0.3438 1.3438 1 0.2866 -0.0319 0.0319 -0.0299 0.9701 1 0.5415 -0.0889 0.0889 -0.0889 0.9111 1 0.4813 0 0
40 78 6868 0 0 0 0 0 1.0148 0 0.9834 -0.6917 0.6917 0.733 0.3333 1.1746 0.8617 -0.6964 0.8234 1.0206 0.774 2.5449 0.9696 -0.727 0.727 0.7629 0.262 1.0701 -0.1343 0.1343 -0.5372 0.4628 1 0.2991 -0.1662 0.1662 -0.1558 0.8442 1 0.4768 -0.117 0.117 -0.117 0.883 1 0.4692 0 0
40 79 6707 0 0 0 0 0 1.0069 0 0.9919 0.3043 0.3219 0.4013 0.9167 1.2158 0.888 0.2203 0.5252 0.6953 0.946 2.4811 0.9718 0.2467 0.2637 0.3348 0.838 1.1387 0.0052 0.0052 0.0208 1.0208 1 0.2811 -0.0597 0.0597 -0.0559 0.9441 1 0.5142 -0.0645 0.0645 -0.0645 0.9355 1 0.4838 0 0
40 80 8414 0 0 0 0 0 1.005 0 0.9877 0.0563 0.1892 0.241 0.9583 1.1422 0.8537 0.1255 0.5397 0.7457 0.958 2.7261 0.9662 0.0833 0.1974 0.257 1 1.208 0.0572 0.0572 0.2289 1.2289 1 0.2824 0.2111 0.2111 0.1979 1.1979 1 0.6395 0.1488 0.1488 0.1488 1.1488 1 0.5685 0 0
40 81 7440 0 0 0 0 0 1.0075 0 0.9784 -0.1228 0.2096 0.2894 0.9583 1.1233 0.8808 -0.1495 0.5159 0.7078 0.936 2.5584 0.9932 -0.1864 0.187 0.2181 1 1.1733 0.1106 0.1106 0.4425 1.4425 1 0.2614 0.0545 0.0545 0.0511 1.0511 1 0.5744 -0.0313 0.0313 -0.0313 0.9687 1 0.4936 0 0
40 82 5681 0 0 0 0 0 1.0028 0 0.9852 -0.7982 0.7982 0.8295 0.1667 1.2067 0.8582 -0.808 0.909 1.0709 0.638 2.3837 0.9875 -0.7792 0.7792 0.8031 0.092 1.0606 -0.0895 0.0895 -0.3579 0.6421 1 0.3097 -0.3147 0.3147 -0.295 0.705 0 0.4024 -0.2725 0.2725 -0.2725 0.7275 0 0.3944 0 0
40 83 6835 0 0 0 0 0 1.0128 0 0.9846 -0.3133 0.3186 0.3633 0.9583 1.103 0.8857 -0.3972 0.5848 0.7482 0.906 2.5628 0.9849 -0.3427 0.3427 0.4041 0.782 1.0853 -0.0841 0.0841 -0.3363 0.6637 1 0.2927 0.0478 0.0478 0.0449 1.0449 1 0.5477 0.0772 0.0772 0.0772 1.0772 1 0.5269 0 0
40 84 6140 0 0 0 0 0 1.0198 0 0.9841 0.5379 0.5379 0.6298 0.7083 1.2522 0.8574 0.4752 0.6265 0.8211 0.866 2.4842 0.982 0.471 0.471 0.5303 0.512 1.0928 -0.0291 0.0291 -0.1164 0.8836 1 0.3116 -0.1005 0.1005 -0.0942 0.9058 1 0.4802 -0.0879 0.0879 -0.0879 0.9121 1 0.4537 0 0
40 85 9206 0 0 0 0 0 1.0107 0 0.98 0.1056 0.2301 0.2666 0.9583 1.098 0.8872 0.1197 0.4883 0.6486 0.978 2.883 0.9772 0.08 0.1629 0.2203 1 1.1484 -0.0486 0.0486 -0.1943 0.8057 1 0.3064 0.354 0.354 0.3319 1.3319 0 0.7126 0.3536 0.3536 0.3536 1.3536 0 0.6821 0 0
40 86 8140 0 0 0 0 0 1.0074 0 0.97 -0.1663 0.2159 0.284 0.9167 1.0805 0.8972 -0.2234 0.4883 0.6554 0.946 2.365 0.9875 -0.2014 0.2189 0.2512 1 1.1676 0.1514 0.1514 0.6055 1.6055 0 0.2652 -0.0834 0.0834 -0.0782 0.9218 1 0.4926 -0.1818 0.1818 -0.1818 0.8182 1 0.4057 0 0
40 87 5826 0 0 0 0 0 1.0054 0 0.9864 -0.9091 0.9091 0.9255 0.0417 1.1605 0.8619 -0.8176 0.9281 1.0724 0.642 2.6699 0.9704 -0.8346 0.8346 0.882 0.246 1.1376 0.0284 0.0284 0.1136 1.1136 1 0.2857 0.0599 0.0599 0.0562 1.0562 1 0.5938 0.0322 0.0322 0.0322 1.0322 1 0.5352 0 0
40 88 7661 0 0 0 0 0 1.0061 0 0.9911 -0.1072 0.1679 0.2025 1 1.1143 0.8964 -0.082 0.4673 0.6258 0.952 2.43 0.9832 -0.1378 0.2134 0.2386 1 1.055 -0.0561 0.0561 -0.2244 0.7756 1 0.3132 -0.0931 0.0931 -0.0873 0.9127 1 0.4886 -0.0699 0.0699 -0.0699 0.9301 1 0.4633 0 0
40 89 7472 0 0 0 0 0 1.0049 0 0.9797 0.2734 0.305 0.3685 0.9167 1.1294 0.8726 0.2916 0.5537 0.7401 0.944 2.4652 0.977 0.3388 0.3398 0.3989 0.824 1.0875 -0.0064 0.0064 -0.0256 0.9744 1 0.3205 -0.1896 0.1896 -0.1777 0.8223 1 0.4591 -0.1818 0.1818 -0.1818 0.8182 1 0.4211 0 0
40 90 7303 0 0 0 0 0 1.0043 0 0.9823 0.2234 0.2738 0.3671 0.9583 1.1663 0.8614 0.2037 0.5291 0.726 0.922 2.3825 0.9904 0.296 0.2975 0.3394 0.936 1.0557 -0.0786 0.0786 -0.3145 0.6855 1 0.285 -0.2443 0.2443 -0.229 0.771 0 0.4121 -0.2064 0.2064 -0.2064 0.7936 1 0.3957 0 0
40 91 6610 0 0 0 0 0 1.0035 0 0.9778 -0.3159 0.4392 0.5251 0.7917 1.204 0.8733 -0.369 0.5993 0.7866 0.884 2.5049 0.9808 -0.2922 0.2922 0.3574 0.862 1.0383 -0.0968 0.0968 -0.3872 0.6128 1 0.3244 -0.2103 0.2103 -0.1972 0.8028 1 0.4358 -0.1701 0.1701 -0.1701 0.8299 1 0.4247 0 0
40 92 6927 0 0 0 0 0 1.0075 0 0.979 -0.6967 0.6967 0.724 0.125 1.0844 0.8571 -0.6056 0.7494 0.8984 0.77 2.5235 0.9932 -0.6362 0.6362 0.6586 0.33 1.0842 -0.0218 0.0218 -0.0871 0.9129 1 0.3313 -0.0877 0.0877 -0.0822 0.9178 1 0.4779 -0.0796 0.0796 -0.0796 0.9204 1 0.4597 0 0
40 93 7315 0 0 0 0 0 1.0045 0 0.9823 -0.6567 0.6567 0.6982 0.3333 1.1415 0.8834 -0.6061 0.7589 0.9223 0.798 2.4443 0.9944 -0.594 0.594 0.6026 0.232 1.0517 -0.0517 0.0517 -0.2068 0.7932 1 0.3126 -0.1683 0.1683 -0.1577 0.8423 1 0.4714 -0.1432 0.1432 -0.1432 0.8568 1 0.4504 0 0
40 94 7463 0 0 0 0 0 1.0085 0 0.9878 -0.2427 0.2675 0.3487 0.9583 1.1442 0.891 -0.2068 0.5078 0.6641 0.94 2.3874 0.9846 -0.3299 0.3322 0.3799 0.834 1.0734 0.0361 0.0361 0.1443 1.1443 1 0.2891 -0.1276 0.1276 -0.1196 0.8804 1 0.4639 -0.1437 0.1437 -0.1437 0.8563 1 0.4344 0 0
40 95 7838 0 0 0 0 0 1.0032 0 0.9843 -0.7912 0.7912 0.8457 0.2083 1.2105 0.8936 -0.7354 0.8352 0.9858 0.742 2.5558 0.9894 -0.7473 0.7473 0.7606 0.108 1.1689 0.0886 0.0886 0.3542 1.3542 1 0.2861 -0.0276 0.0276 -0.0259 0.9741 1 0.5676 -0.0871 0.0871 -0.0871 0.9129 1 0.4895 0 0
40 96 6376 0 0 0 0 0 1.0089 0 0.9836 -0.277 0.3029 0.3484 0.9167 1.1138 0.877 -0.3045 0.5826 0.7564 0.932 2.6374 0.9822 -0.3185 0.3308 0.3787 0.96 1.1929 0.0527 0.0527 0.211 1.211 1 0.3002 0.1352 0.1352 0.1267 1.1267 1 0.6169 0.0826 0.0826 0.0826 1.0826 1 0.5325 0 0
40 97 5925 0 0 0 0 0 1.0074 0 0.9922 -0.1731 0.2126 0.2535 1 1.1742 0.8492 -0.1501 0.5638 0.7636 0.938 2.5651 0.986 -0.1995 0.2285 0.2543 1 1.0085 -0.347 0.347 -1.3881 -0.3881 0 0.3335 -0.1446 0.1446 -0.1356 0.8644 1 0.4875 -0.0931 0.0931 -0.0931 0.9069 1 0.479 0 0
40 98 10970 0 0 0 0 0 1.0043 0 0.9836 -0.1225 0.1782 0.2187 0.9583 1.0477 0.8714 -0.1352 0.4929 0.6853 0.954 2.5181 0.9879 -0.1235 0.1728 0.2123 1 1.0614 -0.01 0.01 -0.0402 0.9598 1 0.3004 -0.0168 0.0168 -0.0157 0.9843 1 0.5181 -0.0176 0.0176 -0.0176 0.9824 1 0.483 0 0
40 99 8610 0 0 0 0 0 1.0073 0 0.9891 -0.0311 0.197 0.2314 1 1.1383 0.9094 -0.0047 0.4583 0.6218 0.96 2.4652 0.9884 -0.0195 0.1403 0.1785 1 1.1744 0.1372 0.1372 0.5488 1.5488 1 0.2757 -0.0392 0.0392 -0.0368 0.9632 1 0.5458 -0.1338 0.1338 -0.1338 0.8662 1 0.4434 0 0
40 100 6055 0 0 0 0 0 1.0165 0 0.9902 -0.3488 0.3488 0.392 0.875 1.092 0.8892 -0.3169 0.5504 0.7049 0.926 2.4058 0.9867 -0.3085 0.3085 0.3516 0.808 1.0806 0.065 0.065 0.26 1.26 1 0.2729 -0.0789 0.0789 -0.074 0.926 1 0.4882 -0.1161 0.1161 -0.1161 0.8839 1 0.4392 0 0
40 101 7659 0 0 0 0 0 1.0101 0 0.9827 -0.4151 0.4151 0.469 0.7917 1.124 0.8868 -0.3496 0.5967 0.7583 0.926 2.5881 0.972 -0.4661 0.4663 0.5181 0.642 1.1412 0.0414 0.0414 0.1656 1.1656 1 0.2965 -0.0458 0.0458 -0.0429 0.9571 1 0.5528 -0.0729 0.0729 -0.0729 0.9271 1 0.4912 0 0
40 102 8005 0 0 0 0 0 1.0135 0 0.9914 0.2592 0.2731 0.3269 1 1.1017 0.8826 0.2392 0.5441 0.706 0.924 2.3837 0.9919 0.157 0.1712 0.2042 1 1.0585 -0.0344 0.0344 -0.1374 0.8626 1 0.316 -0.2702 0.2702 -0.2533 0.7467 0 0.4124 -0.2463 0.2463 -0.2463 0.7537 0 0.3961 0 0
40 103 7001 0 0 0 0 0 1.0057 0 0.975 0.6106 0.6106 0.6309 0.2917 1.1183 0.8657 0.5803 0.7295 0.9042 0.786 2.4831 0.9875 0.6932 0.6932 0.709 0.164 1.0832 -0.0333 0.0333 -0.1331 0.8669 1 0.3177 -0.273 0.273 -0.2559 0.7441 0 0.4433 -0.2495 0.2495 -0.2495 0.7505 0 0.4167 0 0
40 104 7145 0 0 0 0 0 1.0048 0 0.9838 0.1868 0.223 0.2794 0.9583 1.1316 0.8818 0.2201 0.5097 0.6893 0.948 2.589 0.9941 0.2373 0.2418 0.2583 1 1.1047 -0.0417 0.0417 -0.167 0.833 1 0.3153 -0.0532 0.0532 -0.0499 0.9501 1 0.5277 -0.0378 0.0378 -0.0378 0.9622 1 0.4965 0 0
40 105 8186 0 0 0 0 0 1.0052 0 0.9794 -0.0722 0.1885 0.2413 1 1.1066 0.8635 -0.064 0.5122 0.7063 0.962 2.4873 0.9949 -0.0483 0.087 0.1072 1 1.0628 -0.029 0.029 -0.116 0.884 1 0.2695 -0.126 0.126 -0.1182 0.8818 1 0.4819 -0.1103 0.1103 -0.1103 0.8897 1 0.4598 0 0
40 106 7673 0 0 0 1 0 1.0095 0 0.9886 0.6656 0.6656 0.6897 0.2917 1.1059 0.8887 0.5927 0.745 0.8963 0.796 2.6318 0.9554 0.6442 0.6464 0.7018 0.334 1.1409 -0.0341 0.0341 -0.1366 0.8634 1 0.3148 0.1165 0.1165 0.1092 1.1092 1 0.6009 0.1194 0.1194 0.1194 1.1194 1 0.5535 0 1
40 107 6054 0 0 0 0 0 1.0074 0 0.9742 0.3177 0.3177 0.3742 0.8333 1.097 0.8717 0.2888 0.6051 0.7729 0.918 2.6734 0.991 0.3137 0.3171 0.3416 1 1.1679 4e-04 4e-04 0.0015 1.0015 1 0.2975 0.0919 0.0919 0.0862 1.0862 1 0.6112 0.0777 0.0777 0.0777 1.0777 1 0.5546 0 0
40 108 6134 0 0 0 0 0 1.0102 0 0.9869 -0.3401 0.3427 0.3832 0.9167 1.1042 0.8622 -0.3123 0.5746 0.7555 0.916 2.5715 0.9911 -0.4121 0.4121 0.4385 0.82 1.1336 0.0232 0.0232 0.0929 1.0929 1 0.2818 0.0774 0.0774 0.0725 1.0725 1 0.5689 0.0517 0.0517 0.0517 1.0517 1 0.5164 0 0
40 109 6554 0 0 0 0 0 1.0108 0 0.9743 -0.0228 0.1548 0.1859 1 1.0759 0.8909 0.0481 0.4818 0.6396 0.988 2.6109 0.9895 0.0585 0.119 0.1587 1 1.1443 0.0145 0.0145 0.0581 1.0581 1 0.2691 0.1038 0.1038 0.0973 1.0973 1 0.5886 0.0822 0.0822 0.0822 1.0822 1 0.5402 0 0
40 110 5964 0 0 0 0 0 1.0053 0 0.9605 0.2928 0.3346 0.3795 0.8333 1.0857 0.8437 0.3015 0.5518 0.7494 0.92 2.4951 0.9749 0.3745 0.4103 0.4792 0.656 1.1142 0.0277 0.0277 0.1107 1.1107 1 0.2799 -0.026 0.026 -0.0243 0.9757 1 0.5267 -0.0459 0.0459 -0.0459 0.9541 1 0.4824 0 0
40 111 6124 0 0 0 0 0 1.0144 0 0.9888 0.3182 0.3182 0.3439 0.9167 1.0369 0.8735 0.2897 0.5682 0.7349 0.936 2.5367 0.9575 0.3244 0.3785 0.4445 0.704 1.0951 0.0077 0.0077 0.0309 1.0309 1 0.288 0.1045 0.1045 0.098 1.098 1 0.5915 0.0861 0.0861 0.0861 1.0861 1 0.5377 0 0
40 112 5693 0 0 0 0 0 1.0072 0 0.985 0.2241 0.2342 0.2955 1 1.1345 0.8856 0.2431 0.5347 0.7003 0.94 2.5147 0.9822 0.1601 0.2086 0.2438 1 1.1209 -0.0395 0.0395 -0.158 0.842 1 0.293 -0.1318 0.1318 -0.1236 0.8764 1 0.4971 -0.1124 0.1124 -0.1124 0.8876 1 0.4631 0 0
40 113 5742 0 0 0 0 0 1.0135 0 0.9901 -0.2908 0.3465 0.4005 0.875 1.2062 0.8539 -0.3498 0.6137 0.8283 0.882 2.4655 0.9881 -0.4551 0.4551 0.4839 0.606 1.0469 -0.1077 0.1077 -0.431 0.569 1 0.3879 -0.2405 0.2405 -0.2255 0.7745 1 0.449 -0.1991 0.1991 -0.1991 0.8009 1 0.4385 0 0
40 114 6823 0 0 0 0 0 1.0136 0 0.9899 0.1002 0.153 0.1818 1 1.0814 0.8791 0.0588 0.4692 0.6302 0.972 2.6483 0.9863 0.0492 0.1342 0.1716 1 1.1006 -0.0572 0.0572 -0.2287 0.7713 1 0.287 0.1029 0.1029 0.0965 1.0965 1 0.5731 0.1188 0.1188 0.1188 1.1188 1 0.5403 0 0
40 115 7732 0 0 0 0 0 1.0043 0 0.9832 -0.6669 0.6669 0.7042 0.4167 1.1411 0.8744 -0.5581 0.7025 0.8608 0.82 2.5589 0.9866 -0.5725 0.5725 0.5984 0.554 1.1384 0.0521 0.0521 0.2082 1.2082 1 0.337 -0.1329 0.1329 -0.1246 0.8754 1 0.5119 -0.1595 0.1595 -0.1595 0.8405 1 0.4587 0 0
40 116 7603 0 0 0 0 0 1.0093 0 0.9843 -0.3422 0.3573 0.3958 0.9167 1.126 0.8939 -0.3563 0.5581 0.7284 0.93 2.5099 0.9895 -0.3523 0.3523 0.3779 0.908 1.1306 0.0413 0.0413 0.1652 1.1652 1 0.2782 -0.0121 0.0121 -0.0114 0.9886 1 0.5416 -0.041 0.041 -0.041 0.959 1 0.4963 0 0
40 117 5988 0 0 0 0 0 1.0097 0 0.987 -0.0321 0.2264 0.3087 1 1.1736 0.8719 -0.0759 0.5139 0.685 0.93 2.3855 0.9876 -0.1777 0.1852 0.2402 1 1.1167 0.1033 0.1033 0.413 1.413 1 0.283 -0.1807 0.1807 -0.1694 0.8306 1 0.4735 -0.2305 0.2305 -0.2305 0.7695 1 0.422 0 0
40 118 9545 0 0 0 0 0 1.0064 0 0.9801 -0.0608 0.1872 0.2292 1 1.0882 0.8886 -0.0642 0.4855 0.65 0.958 2.4423 0.9846 -0.0976 0.161 0.1976 1 1.1185 0.0344 0.0344 0.1374 1.1374 1 0.2965 -0.0803 0.0803 -0.0753 0.9247 1 0.5073 -0.1002 0.1002 -0.1002 0.8998 1 0.4502 0 0
40 119 8423 0 0 0 0 0 1.0176 0 0.9916 -0.1611 0.2088 0.2514 1 1.1308 0.8887 -0.1423 0.5073 0.677 0.966 2.5557 0.995 -0.1017 0.1183 0.1517 1 1.0776 -0.1038 0.1038 -0.4151 0.5849 1 0.3313 -0.0845 0.0845 -0.0792 0.9208 1 0.5018 -0.0462 0.0462 -0.0462 0.9538 1 0.4814 0 0
40 120 6065 0 0 0 0 0 1.0063 0 0.9724 0.2595 0.3265 0.4528 0.9167 1.1377 0.8374 0.1532 0.5379 0.7304 0.938 2.4525 0.9671 0.2357 0.3138 0.3492 0.888 1.0153 -0.1923 0.1923 -0.769 0.231 0 0.3542 -0.2618 0.2618 -0.2455 0.7545 0 0.4354 -0.2042 0.2042 -0.2042 0.7958 1 0.4249 0 0
40 121 6287 0 0 0 0 0 1.0072 0 0.9948 -0.3554 0.3789 0.4297 0.875 1.1876 0.8903 -0.2893 0.5357 0.7047 0.946 2.4867 0.9917 -0.2876 0.2899 0.3168 1 1.1618 0.0967 0.0967 0.387 1.387 1 0.287 -0.0168 0.0168 -0.0158 0.9842 1 0.5448 -0.0838 0.0838 -0.0838 0.9162 1 0.4724 0 0
40 122 5684 0 0 0 0 0 1.0192 0 0.9822 0.8268 0.8268 0.8587 0.125 1.1243 0.8815 0.7399 0.8447 1.0015 0.75 2.6973 0.9839 0.7153 0.7169 0.7371 0.112 1.1621 0.0496 0.0496 0.1985 1.1985 1 0.2818 0.0916 0.0916 0.0859 1.0859 1 0.5924 0.0468 0.0468 0.0468 1.0468 1 0.5383 0 0
40 123 7003 0 0 0 0 0 1.0104 0 0.9964 -0.641 0.641 0.6497 0.1667 1.1344 0.8502 -0.5993 0.7601 0.9254 0.802 2.5901 0.9907 -0.5543 0.5543 0.5839 0.392 1.0796 -0.1386 0.1386 -0.5544 0.4456 1 0.3344 -0.0598 0.0598 -0.0561 0.9439 1 0.5164 -0.0134 0.0134 -0.0134 0.9866 1 0.5028 0 0
40 124 7812 0 0 0 0 0 1.0084 0 0.9807 -0.2923 0.3021 0.3415 0.9583 1.0826 0.8463 -0.2838 0.5534 0.7549 0.912 2.38 0.9799 -0.2105 0.223 0.2929 0.88 1.1123 0.0523 0.0523 0.2093 1.2093 1 0.2912 -0.1802 0.1802 -0.1689 0.8311 1 0.4554 -0.2003 0.2003 -0.2003 0.7997 1 0.4148 0 0
40 125 7012 0 0 0 0 0 1.0078 0 0.9904 0.3057 0.3361 0.367 0.9583 1.1756 0.8799 0.3198 0.5866 0.7485 0.938 2.6175 0.993 0.3968 0.3968 0.4149 0.824 1.1312 -0.0015 0.0015 -0.0058 0.9942 1 0.2877 0.0062 0.0062 0.0058 1.0058 1 0.5388 1e-04 1e-04 1e-04 1.0001 1 0.5121 0 0
40 126 7310 0 0 0 0 0 1.0098 0 0.975 -0.1354 0.2077 0.2838 0.875 1.0857 0.8862 -0.0982 0.4924 0.6673 0.958 2.4215 0.9855 -0.1074 0.155 0.2004 1 1.0995 0.0395 0.0395 0.1581 1.1581 1 0.2585 -0.0752 0.0752 -0.0705 0.9295 1 0.4948 -0.0968 0.0968 -0.0968 0.9032 1 0.4522 0 0
40 127 9070 0 0 0 0 0 1.003 0 0.9805 -0.2399 0.2547 0.3001 0.9583 1.1183 0.8801 -0.2895 0.5441 0.7178 0.956 2.6554 0.9831 -0.3217 0.3217 0.3702 0.862 1.1802 0.0651 0.0651 0.2606 1.2606 1 0.3073 0.1085 0.1085 0.1017 1.1017 1 0.6047 0.0489 0.0489 0.0489 1.0489 1 0.5393 0 0
40 128 7438 0 0 0 0 0 1.0024 0 0.9948 0.2421 0.2439 0.273 1 1.0716 0.8809 0.301 0.5558 0.752 0.946 2.5263 0.9708 0.3614 0.4078 0.4318 0.82 1.1348 0.021 0.021 0.0838 1.0838 1 0.2734 0.0704 0.0704 0.066 1.066 1 0.5731 0.0469 0.0469 0.0469 1.0469 1 0.5127 0 0
40 129 7319 0 0 0 0 0 1.0097 0 0.9825 -0.4992 0.4992 0.5526 0.5417 1.1754 0.8778 -0.5263 0.6806 0.8583 0.86 2.6422 0.9649 -0.5005 0.5122 0.5612 0.556 1.1414 -0.0457 0.0457 -0.183 0.817 1 0.3036 -0.003 0.003 -0.0028 0.9972 1 0.5507 0.0118 0.0118 0.0118 1.0118 1 0.5229 0 0
40 130 7104 0 0 0 0 0 1.0121 0 0.9858 0.4385 0.4385 0.4703 0.7917 1.1138 0.8876 0.4439 0.6331 0.7923 0.898 2.6985 0.9879 0.3976 0.4026 0.4362 0.878 1.1636 0.002 0.002 0.008 1.008 1 0.2919 0.102 0.102 0.0956 1.0956 1 0.6064 0.0867 0.0867 0.0867 1.0867 1 0.5598 0 0
40 131 8232 0 0 0 0 0 1.0156 0 0.9839 0.6479 0.6479 0.6899 0.375 1.1663 0.881 0.615 0.7447 0.9138 0.838 2.6716 0.9838 0.5319 0.5319 0.5581 0.61 1.1009 -0.0908 0.0908 -0.3633 0.6367 1 0.2847 0.0058 0.0058 0.0054 1.0054 1 0.5343 0.0391 0.0391 0.0391 1.0391 1 0.5209 0 0
40 132 7060 0 0 0 0 0 1.0078 0 0.9803 0.3864 0.4213 0.4802 0.75 1.1733 0.8775 0.3132 0.5732 0.7467 0.894 2.3575 0.9807 0.3247 0.3332 0.4018 0.828 1.0867 0.0023 0.0023 0.0092 1.0092 1 0.2744 -0.2585 0.2585 -0.2423 0.7577 0 0.4249 -0.2477 0.2477 -0.2477 0.7523 0 0.3934 0 0
40 133 7732 0 0 0 0 0 1.0048 0 0.977 -0.6964 0.6964 0.7458 0.2917 1.1508 0.8608 -0.7565 0.8532 1.0352 0.716 2.3654 0.968 -0.6697 0.6697 0.7147 0.528 1.068 -0.0496 0.0496 -0.1985 0.8015 1 0.2944 -0.1944 0.1944 -0.1822 0.8178 1 0.4399 -0.1683 0.1683 -0.1683 0.8317 1 0.4142 0 0
40 134 8330 0 0 0 0 0 1.0022 0 0.9838 0.1145 0.1624 0.2238 0.9583 1.0723 0.8398 0.1589 0.5443 0.7424 0.944 2.511 0.9772 0.2251 0.2661 0.3022 0.912 1.0779 -0.0196 0.0196 -0.0784 0.9216 1 0.2826 -0.1049 0.1049 -0.0984 0.9016 1 0.5052 -0.0952 0.0952 -0.0952 0.9048 1 0.4621 0 0
40 135 7320 0 0 0 0 0 1.0124 0 0.9922 -0.7501 0.7501 0.7826 0.2083 1.1621 0.9004 -0.6951 0.7776 0.9086 0.776 2.4647 0.981 -0.7813 0.7813 0.8033 0.076 1.0311 -0.1013 0.1013 -0.405 0.595 1 0.3018 -0.1258 0.1258 -0.1179 0.8821 1 0.474 -0.0858 0.0858 -0.0858 0.9142 1 0.4656 0 0
40 136 8603 0 0 0 0 0 1.0061 0 0.9647 -0.2085 0.2709 0.3302 0.875 1.1233 0.8879 -0.2501 0.5255 0.7141 0.946 2.6032 0.9794 -0.2789 0.2796 0.3407 0.884 1.1705 0.044 0.044 0.1761 1.1761 1 0.2921 0.0848 0.0848 0.0795 1.0795 1 0.6241 0.0442 0.0442 0.0442 1.0442 1 0.5429 0 0
40 137 6557 0 0 0 0 0 1.0043 0 0.9698 -0.0751 0.2063 0.2507 1 1.0894 0.8633 -0.0804 0.5319 0.7406 0.944 2.601 0.9867 -0.0824 0.144 0.1834 1 1.0998 -0.0433 0.0433 -0.1732 0.8268 1 0.3082 -0.0375 0.0375 -0.0351 0.9649 1 0.5366 -0.0221 0.0221 -0.0221 0.9779 1 0.5075 0 0
40 138 7300 0 0 0 0 0 1.0196 0 0.9883 -0.0415 0.1473 0.2042 1 1.0999 0.8686 -0.0832 0.5291 0.7265 0.944 2.4719 0.9836 -0.004 0.1584 0.1887 1 1.1003 0.0332 0.0332 0.1329 1.1329 1 0.278 -0.0859 0.0859 -0.0806 0.9194 1 0.5094 -0.104 0.104 -0.104 0.896 1 0.4544 0 0
40 139 8473 0 0 0 0 0 1.008 0 0.9829 -0.3051 0.3194 0.3737 0.875 1.107 0.8799 -0.3301 0.5679 0.7463 0.912 2.5469 0.9655 -0.3372 0.3569 0.4171 0.91 1.1757 0.1034 0.1034 0.4137 1.4137 1 0.3076 0.1024 0.1024 0.096 1.096 1 0.5999 0.0135 0.0135 0.0135 1.0135 1 0.5179 0 0
40 140 7461 0 0 0 0 0 1.0047 0 0.98 -0.1297 0.2137 0.2746 0.9583 1.1539 0.861 -0.149 0.518 0.7267 0.952 2.3995 0.9965 -0.0895 0.1021 0.1237 1 1.1252 0.0258 0.0258 0.1033 1.1033 1 0.2963 -0.1784 0.1784 -0.1672 0.8328 1 0.484 -0.1855 0.1855 -0.1855 0.8145 1 0.4322 0 0
40 141 7211 0 0 0 0 0 1.004 0 0.9877 0.2931 0.345 0.4163 0.9583 1.1661 0.8743 0.3209 0.5616 0.7307 0.92 2.4049 0.9933 0.316 0.3191 0.3771 0.794 1.0345 -0.076 0.076 -0.3039 0.6961 1 0.2939 -0.2436 0.2436 -0.2284 0.7716 0 0.4223 -0.2066 0.2066 -0.2066 0.7934 1 0.4108 0 0
40 142 7779 0 0 0 0 0 1.0048 0 0.9939 -0.0168 0.1298 0.1877 1 1.1399 0.8883 0.0023 0.4704 0.6387 0.96 2.5025 0.9802 -0.0044 0.1497 0.1884 1 1.0844 -0.003 0.003 -0.012 0.988 1 0.2738 -0.0472 0.0472 -0.0443 0.9557 1 0.5188 -0.0484 0.0484 -0.0484 0.9516 1 0.4856 0 0
40 143 7119 0 0 0 0 0 1.0078 0 0.977 -0.4711 0.4711 0.5241 0.5417 1.1534 0.8729 -0.4443 0.6403 0.8289 0.898 2.6224 0.9771 -0.4721 0.4725 0.514 0.67 1.1646 0.058 0.058 0.2321 1.2321 1 0.2771 0.0631 0.0631 0.0592 1.0592 1 0.5871 0.0157 0.0157 0.0157 1.0157 1 0.5297 0 0
40 144 7616 0 0 0 0 0 1.0098 0 0.9901 -0.2418 0.2664 0.301 1 1.1376 0.8807 -0.2308 0.5312 0.7195 0.936 2.5592 0.9808 -0.2241 0.2405 0.2936 1 1.1373 0.0015 0.0015 0.0062 1.0062 1 0.2857 -0.008 0.008 -0.0075 0.9925 1 0.5363 -0.0146 0.0146 -0.0146 0.9854 1 0.5108 0 0
40 145 5590 0 0 0 0 0 1.0047 0 0.9913 0.369 0.4289 0.5109 0.75 1.2093 0.897 0.2704 0.5667 0.7391 0.912 2.4667 0.9779 0.2463 0.2614 0.3157 0.902 1.1452 0.0745 0.0745 0.2981 1.2981 1 0.294 -0.1489 0.1489 -0.1396 0.8604 1 0.5143 -0.1852 0.1852 -0.1852 0.8148 1 0.4673 0 0
40 146 8020 0 0 0 0 0 1.0028 0 0.9733 0.7619 0.7619 0.793 0.1667 1.1381 0.8803 0.7368 0.8291 0.9856 0.718 2.4598 0.9718 0.6711 0.6711 0.7074 0.384 1.1406 0.0912 0.0912 0.3649 1.3649 1 0.2589 -0.0708 0.0708 -0.0664 0.9336 1 0.528 -0.1256 0.1256 -0.1256 0.8744 1 0.4781 0 0
40 147 7662 0 0 0 0 0 1.0119 0 0.9893 0.1242 0.1849 0.2315 1 1.1804 0.8695 0.1909 0.5222 0.7239 0.93 2.4859 0.9975 0.2358 0.241 0.2603 1 1.1167 0.0351 0.0351 0.1404 1.1404 1 0.2754 -0.0967 0.0967 -0.0906 0.9094 1 0.4991 -0.1146 0.1146 -0.1146 0.8854 1 0.4463 0 0
40 148 6076 0 0 0 0 0 1.0141 0 0.9828 0.2362 0.2817 0.3272 0.9583 1.12 0.8865 0.268 0.5582 0.7249 0.954 2.7482 0.9817 0.3074 0.3097 0.3645 0.946 1.1582 -0.0342 0.0342 -0.1369 0.8631 1 0.2794 0.2321 0.2321 0.2176 1.2176 1 0.6342 0.2306 0.2306 0.2306 1.2306 1 0.6033 0 0
40 149 5514 0 0 0 0 0 1.0119 0 0.9843 -0.3921 0.3946 0.4432 0.8333 1.1545 0.8739 -0.4278 0.6325 0.8156 0.902 2.6509 0.9788 -0.4384 0.4384 0.4804 0.742 1.097 -0.0841 0.0841 -0.3364 0.6636 1 0.3249 -0.0987 0.0987 -0.0925 0.9075 1 0.5059 -0.0656 0.0656 -0.0656 0.9344 1 0.4946 0 0
40 150 8578 0 0 0 0 0 1.0077 0 0.9863 -0.449 0.449 0.486 0.6667 1.1129 0.8665 -0.4097 0.6456 0.8169 0.872 2.4759 0.9826 -0.4387 0.4387 0.4762 0.72 1.1653 0.0921 0.0921 0.3685 1.3685 1 0.2798 -0.0094 0.0094 -0.0088 0.9912 1 0.5402 -0.0735 0.0735 -0.0735 0.9265 1 0.4616 0 0
40 151 7015 0 0 0 0 0 1.0124 0 0.9899 -0.3574 0.3799 0.421 0.8333 1.1314 0.8857 -0.3575 0.6115 0.7822 0.89 2.5134 0.9687 -0.3982 0.4083 0.4666 0.818 1.0749 -0.0479 0.0479 -0.1917 0.8083 1 0.3036 -0.059 0.059 -0.0554 0.9446 1 0.5069 -0.0399 0.0399 -0.0399 0.9601 1 0.4867 0 0
40 152 5655 0 0 0 0 0 1.0169 0 0.9919 0.1678 0.2179 0.2575 1 1.1417 0.8656 0.125 0.513 0.6945 0.94 2.3929 0.9859 0.0993 0.155 0.2056 0.974 1.0516 -0.0682 0.0682 -0.2729 0.7271 1 0.3391 -0.2415 0.2415 -0.2264 0.7736 0 0.4265 -0.2085 0.2085 -0.2085 0.7915 1 0.4051 0 0
40 153 7974 0 0 0 0 0 1.0027 0 0.9809 0.6543 0.6543 0.7105 0.3333 1.144 0.9033 0.6015 0.7247 0.8706 0.816 2.4245 0.9974 0.604 0.604 0.6082 0.294 1.1544 0.082 0.082 0.3281 1.3281 1 0.2803 -0.0957 0.0957 -0.0897 0.9103 1 0.4998 -0.1426 0.1426 -0.1426 0.8574 1 0.4305 0 0
40 154 6935 0 0 0 0 0 1.0188 0 0.9788 -0.1273 0.2516 0.2886 0.9583 1.1258 0.8768 -0.0725 0.4973 0.6821 0.942 2.5016 0.9796 -0.0317 0.156 0.1956 1 1.1405 0.0753 0.0753 0.301 1.301 1 0.2824 -0.09 0.09 -0.0844 0.9156 1 0.511 -0.1333 0.1333 -0.1333 0.8667 1 0.4321 0 0
40 155 7803 0 0 0 0 0 1.0202 0 0.9858 0.4224 0.4379 0.516 0.7917 1.1539 0.8791 0.4502 0.6538 0.8295 0.892 2.6532 0.9828 0.3044 0.3086 0.3648 0.84 1.1671 0.0789 0.0789 0.3157 1.3157 1 0.309 0.1197 0.1197 0.1122 1.1122 1 0.616 0.0486 0.0486 0.0486 1.0486 1 0.5568 0 0
40 156 7141 0 0 0 0 0 1.0039 0 0.9628 -0.7779 0.7779 0.8426 0.2083 1.178 0.8529 -0.8271 0.9372 1.0965 0.68 2.689 0.9819 -0.851 0.851 0.8703 0.002 1.185 0.0429 0.0429 0.1717 1.1717 1 0.28 0.1673 0.1673 0.1569 1.1569 1 0.6114 0.1208 0.1208 0.1208 1.1208 1 0.5616 0 0
40 157 7170 0 0 0 0 0 1.0052 0 0.9947 -0.5969 0.6096 0.6373 0.2917 1.1836 0.8741 -0.5786 0.7818 0.9464 0.756 2.3861 0.9781 -0.6765 0.6837 0.7075 0.17 1.0926 0.0202 0.0202 0.0808 1.0808 1 0.3049 -0.2192 0.2192 -0.2055 0.7945 1 0.446 -0.2204 0.2204 -0.2204 0.7796 0 0.4052 0 0
40 158 7010 0 0 0 0 0 1.0196 0 0.9894 -0.2746 0.2809 0.3232 0.9167 1.1143 0.8767 -0.2898 0.5722 0.7541 0.934 2.688 0.9841 -0.268 0.268 0.3162 0.966 1.1111 -0.0688 0.0688 -0.2752 0.7248 1 0.3246 0.092 0.092 0.0862 1.0862 1 0.59 0.1119 0.1119 0.1119 1.1119 1 0.5614 0 0
40 159 5765 0 0 0 0 0 1.0084 0 0.9853 -0.6709 0.6709 0.7114 0.25 1.1681 0.8762 -0.6508 0.7647 0.9426 0.808 2.5734 0.9756 -0.6343 0.6344 0.6693 0.2 1.069 -0.1001 0.1001 -0.4006 0.5994 1 0.3236 -0.0573 0.0573 -0.0538 0.9462 1 0.5288 -0.0209 0.0209 -0.0209 0.9791 1 0.514 0 0
40 160 5381 0 0 0 0 0 1.0067 0 0.9822 0.3489 0.3607 0.3964 0.9167 1.1314 0.8712 0.3498 0.5685 0.7645 0.92 2.617 0.9723 0.2854 0.3177 0.365 0.932 1.1605 -6e-04 6e-04 -0.0024 0.9976 1 0.3004 -0.0518 0.0518 -0.0485 0.9515 1 0.5424 -0.0551 0.0551 -0.0551 0.9449 1 0.5041 0 0
40 161 6432 0 0 0 0 0 1.0032 0 0.9787 -0.1979 0.2492 0.3078 0.9583 1.1603 0.8714 -0.2791 0.5461 0.7301 0.96 2.7476 0.9887 -0.2271 0.2348 0.2886 0.942 1.163 -0.0186 0.0186 -0.0742 0.9258 1 0.299 0.0897 0.0897 0.0841 1.0841 1 0.6134 0.0866 0.0866 0.0866 1.0866 1 0.5612 0 0
40 162 9224 0 0 0 0 0 1.005 0 0.9879 0.333 0.3408 0.3932 0.9167 1.1291 0.8715 0.3496 0.5538 0.7489 0.922 2.5965 0.9839 0.2824 0.3024 0.3481 0.93 1.1548 0.095 0.095 0.3801 1.3801 1 0.2738 0.0854 0.0854 0.08 1.08 1 0.578 0.0076 0.0076 0.0076 1.0076 1 0.5002 0 0
40 163 7200 0 0 0 0 0 1.0072 0 0.9784 0.2294 0.2639 0.3303 0.875 1.108 0.8855 0.1722 0.5422 0.712 0.932 2.5 0.9772 0.1576 0.2073 0.2557 1 1.0966 0.0354 0.0354 0.1416 1.1416 1 0.2951 -0.0852 0.0852 -0.0799 0.9201 1 0.506 -0.105 0.105 -0.105 0.895 1 0.4722 0 0
40 164 7413 0 0 0 0 0 1.0136 0 0.977 -0.2465 0.2824 0.3516 0.9583 1.1438 0.8911 -0.211 0.5122 0.6746 0.944 2.6133 0.9838 -0.1344 0.1823 0.2161 1 1.0672 -0.1818 0.1818 -0.7274 0.2726 0 0.3245 -0.0391 0.0391 -0.0367 0.9633 1 0.5251 0.0156 0.0156 0.0156 1.0156 1 0.5156 0 0
40 165 6924 0 0 0 0 0 1.0062 0 0.9715 -0.6831 0.6831 0.7222 0.375 1.1212 0.8775 -0.653 0.7941 0.9494 0.798 2.6187 0.9872 -0.7111 0.7111 0.7274 0.02 1.1202 -0.0676 0.0676 -0.2702 0.7298 1 0.3037 -0.0403 0.0403 -0.0378 0.9622 1 0.5208 -0.0145 0.0145 -0.0145 0.9855 1 0.5108 0 0
40 166 8445 0 0 0 0 0 1.005 0 0.9938 0.1852 0.2278 0.289 1 1.1988 0.8721 0.1775 0.5307 0.6915 0.956 2.5405 0.9892 0.1613 0.1853 0.2423 1 1.128 0.0227 0.0227 0.0907 1.0907 1 0.2854 -0.0323 0.0323 -0.0303 0.9697 1 0.5363 -0.0489 0.0489 -0.0489 0.9511 1 0.4981 0 0
40 167 5715 0 0 0 0 0 1.0063 0 0.9822 0.447 0.4475 0.4812 0.7917 1.1107 0.8801 0.424 0.6519 0.8359 0.89 2.6709 0.9955 0.3785 0.3785 0.3977 0.884 1.178 0.0497 0.0497 0.1988 1.1988 1 0.2755 0.1245 0.1245 0.1167 1.1167 1 0.6133 0.0769 0.0769 0.0769 1.0769 1 0.5458 0 0
40 168 9594 0 0 0 0 0 1.0033 0 0.9848 -0.3506 0.3506 0.3941 0.875 1.0803 0.889 -0.338 0.5853 0.7527 0.92 2.5654 0.9878 -0.326 0.3285 0.3685 1 1.1578 0.0779 0.0779 0.3115 1.3115 1 0.2692 0.0047 0.0047 0.0044 1.0044 1 0.5387 -0.0503 0.0503 -0.0503 0.9497 1 0.4793 0 0
40 169 8745 0 0 0 0 0 1.0033 0 0.9814 0.6643 0.6643 0.7062 0.25 1.1458 0.8933 0.5886 0.7364 0.885 0.802 2.4053 0.9928 0.5813 0.5813 0.6034 0.46 1.1204 0.0342 0.0342 0.1367 1.1367 1 0.2854 -0.1516 0.1516 -0.1421 0.8579 1 0.4636 -0.1644 0.1644 -0.1644 0.8356 1 0.4364 0 0
40 170 7526 0 0 0 0 0 1.0058 0 0.9861 -0.1379 0.2079 0.2667 0.9583 1.1323 0.8824 -0.137 0.4934 0.6626 0.958 2.5854 0.99 -0.0947 0.1679 0.214 1 1.1429 0.0378 0.0378 0.1514 1.1514 1 0.2928 0.1369 0.1369 0.1284 1.1284 1 0.5968 0.0959 0.0959 0.0959 1.0959 1 0.549 0 0
40 171 7662 0 0 0 0 0 1.0137 0 0.9784 0.1663 0.2217 0.2903 0.9167 1.1107 0.8936 0.1772 0.5186 0.6819 0.962 2.5742 0.9818 0.1529 0.1964 0.2472 1 1.0932 -0.045 0.045 -0.1799 0.8201 1 0.2868 -0.0478 0.0478 -0.0449 0.9551 1 0.5193 -0.03 0.03 -0.03 0.97 1 0.4947 0 0
40 172 5416 0 0 0 0 0 1.0084 0 0.984 -0.5399 0.5399 0.5969 0.5 1.1511 0.8659 -0.4802 0.6748 0.8327 0.854 2.4743 0.9888 -0.5001 0.5001 0.5401 0.588 1.0547 -0.1094 0.1094 -0.4378 0.5622 1 0.317 -0.2281 0.2281 -0.2138 0.7862 1 0.4503 -0.1838 0.1838 -0.1838 0.8162 1 0.4397 0 0
40 173 7538 0 0 0 0 0 1.0123 0 0.9825 0.5301 0.5301 0.5756 0.5833 1.125 0.8739 0.4992 0.6623 0.8363 0.85 2.4306 0.9817 0.5597 0.5597 0.6047 0.422 1.0583 -0.0483 0.0483 -0.1931 0.8069 1 0.2891 -0.1013 0.1013 -0.0949 0.9051 1 0.478 -0.08 0.08 -0.08 0.92 1 0.4546 0 0
40 174 6405 0 0 0 0 0 1.0039 0 0.9747 0.3784 0.4009 0.4726 0.875 1.1827 0.8789 0.3644 0.5784 0.768 0.916 2.59 0.9887 0.4042 0.4042 0.439 0.876 1.1486 0.0551 0.0551 0.2203 1.2203 1 0.2788 -0.069 0.069 -0.0647 0.9353 1 0.5478 -0.1016 0.1016 -0.1016 0.8984 1 0.4913 0 0
40 175 7332 0 0 0 0 0 1.0095 0 0.9854 -0.6165 0.6165 0.6496 0.4167 1.1384 0.8627 -0.5886 0.7451 0.9214 0.838 2.6534 0.9802 -0.4559 0.4559 0.494 0.768 1.1165 -0.0493 0.0493 -0.1971 0.8029 1 0.3263 0.0114 0.0114 0.0107 1.0107 1 0.5742 0.0266 0.0266 0.0266 1.0266 1 0.5437 0 0
40 176 8133 0 0 0 0 0 1.0112 0 0.9779 -0.2815 0.2956 0.3505 0.875 1.1059 0.8705 -0.3236 0.5687 0.7383 0.914 2.5389 0.9915 -0.3484 0.3485 0.3728 0.902 1.1293 0.0269 0.0269 0.1074 1.1074 1 0.2747 -0.0301 0.0301 -0.0282 0.9718 1 0.5279 -0.049 0.049 -0.049 0.951 1 0.4706 0 0
40 177 6583 0 0 0 0 0 1.0057 0 0.9849 0.1417 0.3125 0.4002 0.9167 1.1904 0.8597 0.0486 0.5344 0.7451 0.92 2.3375 0.9714 0.0235 0.2239 0.2848 0.97 0.9957 -0.1465 0.1465 -0.5858 0.4142 1 0.323 -0.3715 0.3715 -0.3483 0.6517 0 0.3777 -0.3174 0.3174 -0.3174 0.6826 0 0.3695 0 0
40 178 6726 0 0 0 0 0 1.0086 0 0.9372 1.1555 1.1555 1.1916 0 1.1875 0.8565 1.1285 1.1868 1.3394 0.514 2.7035 0.9813 1.0917 1.0917 1.1078 0.03 1.1194 -0.0849 0.0849 -0.3397 0.6603 1 0.3388 -0.1535 0.1535 -0.1439 0.8561 1 0.5166 -0.1192 0.1192 -0.1192 0.8808 1 0.4972 0 0
40 179 7346 0 0 0 0 0 1.0097 0 0.9811 -0.4291 0.4291 0.465 0.7083 1.1085 0.88 -0.5077 0.6659 0.8473 0.874 2.5502 0.9842 -0.5646 0.5646 0.5901 0.518 1.1394 0.017 0.017 0.068 1.068 1 0.2912 -0.0218 0.0218 -0.0204 0.9796 1 0.5362 -0.0364 0.0364 -0.0364 0.9636 1 0.4892 0 0
40 180 6290 0 0 0 0 0 1.0069 0 0.971 -0.0037 0.1811 0.2379 1 1.1155 0.8778 -0.0775 0.4733 0.6581 0.96 2.4848 0.9815 -0.1024 0.1608 0.2314 0.936 1.1272 0.0478 0.0478 0.1914 1.1914 1 0.258 0.008 0.008 0.0075 1.0075 1 0.5374 -0.0265 0.0265 -0.0265 0.9735 1 0.4773 0 0
40 181 8660 0 0 0 0 0 1.0057 0 0.9867 0.1425 0.2049 0.2494 0.9583 1.1165 0.8603 0.1071 0.506 0.6963 0.958 2.4892 0.9866 0.1814 0.2048 0.2437 1 1.089 -0.0298 0.0298 -0.1191 0.8809 1 0.2922 -0.1019 0.1019 -0.0956 0.9044 1 0.4934 -0.0879 0.0879 -0.0879 0.9121 1 0.4685 0 0
40 182 6588 0 0 0 0 0 1.0089 0 0.9873 0.0762 0.1692 0.2014 1 1.1261 0.8906 0.0574 0.4912 0.6588 0.964 2.6069 0.9873 0.0298 0.125 0.1545 1 1.1458 0.0029 0.0029 0.0114 1.0114 1 0.2907 0.0268 0.0268 0.0251 1.0251 1 0.5486 0.0165 0.0165 0.0165 1.0165 1 0.5144 0 0
40 183 5878 0 0 0 0 0 1.005 0 0.9898 0.5252 0.5252 0.5559 0.5 1.1282 0.8954 0.4948 0.6409 0.7878 0.842 2.2832 0.9954 0.4073 0.4073 0.4331 0.696 1.0598 -0.0069 0.0069 -0.0277 0.9723 1 0.2825 -0.2798 0.2798 -0.2623 0.7377 0 0.4065 -0.2642 0.2642 -0.2642 0.7358 0 0.3907 0 0
40 184 7904 0 0 0 0 0 1.0091 0 0.9741 0.2035 0.2651 0.3334 0.9167 1.1153 0.8741 0.2089 0.5162 0.6841 0.948 2.5216 0.9951 0.2428 0.2472 0.2637 1 1.1191 0.0106 0.0106 0.0425 1.0425 1 0.3096 -0.0451 0.0451 -0.0423 0.9577 1 0.5174 -0.0554 0.0554 -0.0554 0.9446 1 0.4726 0 0
40 185 6117 0 0 0 0 0 1.028 0 0.9822 0.3787 0.3794 0.438 0.7917 1.1172 0.8643 0.3297 0.5933 0.7542 0.894 2.5171 0.9911 0.3246 0.3246 0.3545 1 1.1066 0.0219 0.0219 0.0874 1.0874 1 0.3094 -0.0576 0.0576 -0.054 0.946 1 0.5182 -0.0732 0.0732 -0.0732 0.9268 1 0.4761 0 0
40 186 6812 0 0 0 0 0 1.0039 0 0.9818 -0.4876 0.4984 0.6056 0.6667 1.1891 0.8621 -0.3727 0.6204 0.791 0.848 2.2536 0.976 -0.4185 0.4203 0.4749 0.622 1.0821 0.0688 0.0688 0.2751 1.2751 1 0.2972 -0.3842 0.3842 -0.3602 0.6398 0 0.3864 -0.3916 0.3916 -0.3916 0.6084 0 0.3417 0 0
40 187 7213 0 0 0 0 0 1.012 0 0.9769 0.3098 0.3296 0.373 0.8333 1.0932 0.8678 0.3613 0.5833 0.7695 0.902 2.541 0.9798 0.4004 0.4032 0.4528 0.682 1.0833 -0.0537 0.0537 -0.2148 0.7852 1 0.2994 -0.0678 0.0678 -0.0636 0.9364 1 0.5045 -0.0459 0.0459 -0.0459 0.9541 1 0.4729 0 0
40 188 7079 0 0 0 0 0 1.009 0 0.9851 0.1979 0.242 0.3387 0.9583 1.1433 0.8815 0.1626 0.5081 0.6746 0.958 2.4727 0.9963 0.1819 0.1862 0.2288 1 1.0979 0.0484 0.0484 0.1937 1.1937 1 0.2896 -0.0554 0.0554 -0.052 0.948 1 0.4945 -0.0851 0.0851 -0.0851 0.9149 1 0.4541 0 0
40 189 7146 0 0 0 0 0 1.0047 0 0.9789 0.0232 0.2049 0.2576 0.9583 1.1178 0.8744 -0.0857 0.5146 0.6955 0.964 2.5247 0.9956 -0.16 0.1691 0.208 1 1.0927 -0.0342 0.0342 -0.1369 0.8631 1 0.2869 -0.0784 0.0784 -0.0735 0.9265 1 0.5083 -0.0637 0.0637 -0.0637 0.9363 1 0.4749 0 0
40 190 6334 0 0 0 0 0 1.0077 0 0.986 0.1074 0.1863 0.2487 0.9583 1.0851 0.8784 0.0846 0.492 0.6624 0.96 2.4712 0.9746 0.0123 0.185 0.2256 1 1.0296 -0.1468 0.1468 -0.587 0.413 0 0.2884 -0.1046 0.1046 -0.0981 0.9019 1 0.4672 -0.0537 0.0537 -0.0537 0.9463 1 0.4582 0 0
40 191 8628 0 0 0 0 0 1.0046 0 0.9768 -0.4733 0.4733 0.5056 0.625 1.0695 0.8795 -0.5153 0.6533 0.8358 0.89 2.5165 0.991 -0.5041 0.5041 0.5286 0.766 1.1435 0.0846 0.0846 0.3385 1.3385 1 0.2808 -0.0396 0.0396 -0.0371 0.9629 1 0.5273 -0.0946 0.0946 -0.0946 0.9054 1 0.4588 0 0
40 192 10193 0 0 0 0 0 1.0093 0 0.9746 0.2772 0.3104 0.3548 0.875 1.1024 0.8855 0.3323 0.5529 0.733 0.948 2.598 0.9895 0.2316 0.24 0.2719 1 1.1635 0.0637 0.0637 0.2547 1.2547 1 0.275 0.1077 0.1077 0.1009 1.1009 1 0.587 0.0517 0.0517 0.0517 1.0517 1 0.5284 0 0
40 193 6528 0 0 0 0 0 1.0069 0 0.9849 -0.4194 0.4428 0.4783 0.5833 1.1238 0.8567 -0.4771 0.6725 0.8406 0.894 2.8268 0.9907 -0.466 0.466 0.5049 0.646 1.1843 0.0276 0.0276 0.1105 1.1105 1 0.28 0.3103 0.3103 0.2909 1.2909 0 0.697 0.2625 0.2625 0.2625 1.2625 1 0.6238 0 0
40 194 7025 0 0 0 0 0 1.0058 0 0.9905 0.0774 0.2093 0.2663 1 1.2222 0.8828 0.0243 0.4787 0.6348 0.954 2.4615 0.9809 0.0288 0.1823 0.2313 1 1.0895 -0.0089 0.0089 -0.0356 0.9644 1 0.2966 -0.1626 0.1626 -0.1524 0.8476 1 0.4826 -0.1542 0.1542 -0.1542 0.8458 1 0.436 0 0
40 195 6700 0 0 0 0 0 1.0117 0 0.9917 0.0818 0.1626 0.1922 1 1.1347 0.8462 -0.0072 0.5394 0.7456 0.942 2.5502 0.9867 -0.0532 0.1132 0.1727 1 1.0641 -0.0785 0.0785 -0.314 0.686 1 0.3226 -0.1293 0.1293 -0.1213 0.8787 1 0.4859 -0.0973 0.0973 -0.0973 0.9027 1 0.4737 0 0
40 196 6975 0 0 0 0 0 1.0088 0 0.9804 -0.0914 0.1829 0.226 1 1.1033 0.865 -0.0972 0.5279 0.7256 0.952 2.5411 0.9887 0.061 0.1197 0.1577 1 1.0905 -0.1112 0.1112 -0.445 0.555 1 0.3123 -0.1602 0.1602 -0.1502 0.8498 1 0.4505 -0.1175 0.1175 -0.1175 0.8825 1 0.4356 0 0
40 197 6782 0 0 0 0 0 1.0027 0 0.9766 -0.7475 0.7475 0.8222 0.2917 1.197 0.8706 -0.5716 0.7578 0.9278 0.794 2.5169 0.9852 -0.5732 0.5732 0.5979 0.36 1.0886 -0.0565 0.0565 -0.226 0.774 1 0.3221 -0.1967 0.1967 -0.1844 0.8156 1 0.4828 -0.1687 0.1687 -0.1687 0.8313 1 0.4674 0 0
40 198 8662 0 0 0 0 0 1.0052 0 0.9735 -0.2859 0.4126 0.4953 0.7917 1.2007 0.8641 -0.332 0.5942 0.7837 0.896 2.4856 0.9904 -0.2508 0.2609 0.2841 1 1.0846 -0.0615 0.0615 -0.246 0.754 1 0.2897 -0.1192 0.1192 -0.1117 0.8883 1 0.4734 -0.092 0.092 -0.092 0.908 1 0.4459 0 0
40 199 8368 0 0 0 0 0 1.0065 0 0.9842 0.1569 0.2047 0.268 0.9583 1.1123 0.8785 0.1708 0.5108 0.6812 0.956 2.6128 0.9886 0.253 0.2627 0.2984 0.976 1.0715 -0.1629 0.1629 -0.6516 0.3484 0 0.3227 -0.041 0.041 -0.0385 0.9615 1 0.5475 0.0104 0.0104 0.0104 1.0104 1 0.5323 0 0
40 200 7009 0 0 0 0 0 1.0055 0 0.9862 -0.3608 0.3633 0.4314 0.75 1.1254 0.8626 -0.2741 0.592 0.7684 0.938 2.8464 0.9796 -0.3219 0.3312 0.393 0.8 1.1159 -0.1336 0.1336 -0.5346 0.4654 1 0.3179 0.1533 0.1533 0.1437 1.1437 1 0.6411 0.1948 0.1948 0.1948 1.1948 1 0.6144 0 0
