cond r run.time ndiv nbfmi ntree nbulk ntail maxRhat nRhat beta.cor beta.bias beta.abbias beta.rmse beta.cover beta.CI theta.cor theta.bias theta.abbias theta.rmse theta.cover theta.CI attra.cor attra.bias attra.abbias attra.rmse attra.cover attra.CI lambda.bias lambda.abbias lambda.rbias lambda.rbias2 lambda.cover lambda.CI pvar.bias pvar.abbias pvar.rbias pvar.rbias2 pvar.cover pvar.CI sigma2.bias sigma2.abbias sigma2.rbias sigma2.rbias2 sigma2.cover sigma2.CI corrupt efficiency
5 1 739 0 0 0 0 0 1.003 0 0.9808 0.2459 0.2786 0.3714 1 1.5674 0.9221 0.2136 0.4084 0.505 0.94 1.7952 0.9901 0.2122 0.412 0.4844 0.75 1.2184 -0.0588 0.0588 NA NA 1 0.555 -0.1112 0.1112 -0.1112 0.8888 1 0.8615 -0.1323 0.1323 -0.1323 0.8677 1 0.836 0 0
5 2 1280 0 0 0 0 0 1.0041 0 0.9431 0.2968 0.3437 0.4649 0.9167 1.5789 0.9394 0.2428 0.3872 0.4868 0.96 1.9362 0.9659 0.3253 0.3254 0.3744 1 1.3954 -0.0353 0.0353 NA NA 1 0.541 0.082 0.082 0.082 1.082 1 1.026 0.0594 0.0594 0.0594 1.0594 1 0.9997 0 0
5 3 838 0 0 0 0 0 1.0041 0 0.9533 0.6279 0.6734 0.7988 0.7917 1.757 0.9078 0.5417 0.6479 0.7835 0.71 1.8499 0.9543 0.7286 0.7286 0.7724 0.33 1.2053 -0.1154 0.1154 NA NA 1 0.5819 -0.3509 0.3509 -0.3509 0.6491 1 0.6929 -0.3741 0.3741 -0.3741 0.6259 1 0.6677 0 0
5 4 1238 0 0 0 0 0 1.0093 0 0.9091 0.2721 0.3907 0.4862 0.8333 1.5847 0.9282 0.2695 0.4461 0.5515 0.94 2.0138 0.8442 0.3751 0.4026 0.5332 0.83 1.6397 0.1577 0.1577 NA NA 1 0.5145 0.4158 0.4158 0.4158 1.4158 1 1.3926 0.3502 0.3502 0.3502 1.3502 1 1.2456 0 0
5 5 1087 0 0 0 0 0 1.0042 0 0.9496 0.0303 0.332 0.442 0.9167 1.609 0.927 0.0784 0.3611 0.4524 0.97 1.8825 0.9703 0.032 0.3354 0.3729 1 1.3519 0.0261 0.0261 NA NA 1 0.5422 0.0689 0.0689 0.0689 1.0689 1 1.003 0.0475 0.0475 0.0475 1.0475 1 0.975 0 0
5 6 970 0 0 0 0 0 1.0051 0 0.9349 -0.207 0.3031 0.4201 0.9583 1.5921 0.948 -0.1534 0.3673 0.4546 0.99 1.9328 0.9823 0.0146 0.1117 0.1369 1 1.3636 -0.0637 0.0637 NA NA 1 0.5077 0.1044 0.1044 0.1044 1.1044 1 1.0498 0.0803 0.0803 0.0803 1.0803 1 1.0229 0 0
5 7 817 0 0 0 0 0 1.0018 0 0.972 -0.4015 0.4173 0.4987 0.875 1.6038 0.9322 -0.4466 0.5272 0.6488 0.82 1.7904 0.968 -0.2794 0.2889 0.3382 0.98 1.2258 -0.042 0.042 NA NA 1 0.5993 -0.3867 0.3867 -0.3867 0.6133 0 0.6384 -0.4025 0.4025 -0.4025 0.5975 0 0.6221 0 0
5 8 1182 0 0 0 0 0 1.0029 0 0.9841 0.0602 0.2041 0.2572 1 1.6461 0.9482 0.0608 0.3328 0.418 0.96 1.9981 0.9869 0.1828 0.2007 0.218 1 1.3302 -0.1502 0.1502 NA NA 1 0.531 0.1037 0.1037 0.1037 1.1037 1 1.0112 0.0573 0.0573 0.0573 1.0573 1 0.9754 0 0
5 9 1001 0 0 0 0 0 1.0033 0 0.8698 -0.0708 0.3105 0.4154 0.9167 1.5209 0.9255 -0.092 0.3333 0.4394 0.96 1.8254 0.8757 -0.251 0.4191 0.4988 0.76 1.3504 0.075 0.075 NA NA 1 0.515 0.0425 0.0425 0.0425 1.0425 1 0.9652 0.0164 0.0164 0.0164 1.0164 1 0.9159 0 0
5 10 727 0 0 0 0 0 1.0065 0 0.9123 -0.1109 0.3017 0.4047 0.9583 1.545 0.9207 -0.0986 0.3638 0.4597 0.95 1.8307 0.9132 -0.2339 0.3381 0.4238 0.78 1.2774 -0.0808 0.0808 NA NA 1 0.5291 -0.0488 0.0488 -0.0488 0.9512 1 0.906 -0.0734 0.0734 -0.0734 0.9266 1 0.8833 0 0
5 11 1123 0 0 0 0 0 1.0038 0 0.9421 0.143 0.3507 0.4443 0.9583 1.6047 0.9347 0.1237 0.354 0.4507 0.97 1.8178 0.9194 0.1305 0.2425 0.3115 0.93 1.2428 -0.0758 0.0758 NA NA 1 0.5509 -0.2009 0.2009 -0.2009 0.7991 1 0.768 -0.2223 0.2223 -0.2223 0.7777 1 0.7466 0 0
5 12 1010 0 0 0 0 0 1.0026 0 0.9458 0.1138 0.3649 0.5121 0.875 1.6131 0.9447 0.073 0.3996 0.4967 0.95 1.7606 0.9142 0.0076 0.1948 0.2876 0.96 1.3151 0.0722 0.0722 NA NA 1 0.5688 -0.3693 0.3693 -0.3693 0.6307 1 0.6587 -0.3872 0.3872 -0.3872 0.6128 0 0.6333 0 0
5 13 1119 0 0 0 0 0 1.0066 0 0.9739 0.2004 0.2219 0.2863 0.9583 1.5626 0.9461 0.2463 0.3936 0.4875 0.94 1.9468 0.9542 0.3917 0.3917 0.4464 0.9 1.6957 0.2433 0.2433 NA NA 1 0.5471 0.2263 0.2263 0.2263 1.2263 1 1.3213 0.1183 0.1183 0.1183 1.1183 1 1.0582 0 0
5 14 963 0 0 0 0 0 1.0039 0 0.9773 0.399 0.3996 0.4549 0.9583 1.5514 0.9261 0.2643 0.4494 0.555 0.88 1.7911 0.9375 0.3185 0.3195 0.4134 0.88 1.2878 0.0245 0.0245 NA NA 1 0.5786 -0.2855 0.2855 -0.2855 0.7145 1 0.7285 -0.3026 0.3026 -0.3026 0.6974 1 0.7037 0 0
5 15 918 0 0 0 0 0 1.0019 0 0.9158 -0.3892 0.4488 0.5806 0.875 1.5453 0.9249 -0.3569 0.4988 0.6124 0.83 1.7288 0.8895 -0.282 0.3834 0.4431 0.77 1.1392 -0.1695 0.1695 NA NA 1 0.5461 -0.3481 0.3481 -0.3481 0.6519 1 0.65 -0.3805 0.3805 -0.3805 0.6195 0 0.6246 0 0
5 16 1253 0 0 0 0 0 1.0098 0 0.9356 -0.1931 0.3762 0.4858 0.9583 1.5662 0.9291 -0.1405 0.3671 0.4605 0.95 1.7503 0.9483 -0.098 0.2663 0.3242 0.96 1.3982 0.1997 0.1997 NA NA 1 0.6176 -0.3051 0.3051 -0.3051 0.6949 1 0.7633 -0.3553 0.3553 -0.3553 0.6447 1 0.6463 0 0
5 17 904 0 0 0 0 0 1.0048 0 0.9221 -0.2333 0.3825 0.5404 0.9167 1.5644 0.927 -0.2209 0.4358 0.5263 0.92 1.7425 0.9439 -0.2062 0.3193 0.3734 0.82 1.1876 -0.0754 0.0754 NA NA 1 0.5734 -0.3499 0.3499 -0.3499 0.6501 1 0.663 -0.3681 0.3681 -0.3681 0.6319 1 0.6438 0 0
5 18 906 0 0 0 0 0 1.0044 0 0.9395 0.1692 0.3824 0.5171 0.9167 1.6671 0.9315 0.222 0.3927 0.5156 0.92 1.7619 0.9827 0.1113 0.1882 0.2255 1 1.2659 0.0439 0.0439 NA NA 1 0.607 -0.4023 0.4023 -0.4023 0.5977 0 0.6357 -0.419 0.419 -0.419 0.581 0 0.6033 0 0
5 19 912 0 0 0 0 0 1.0053 0 0.9469 0.2193 0.343 0.3999 0.9583 1.563 0.9306 0.2532 0.4096 0.5662 0.9 1.8129 0.9926 0.0819 0.1473 0.1703 1 1.3345 0.0641 0.0641 NA NA 1 0.5594 -0.1562 0.1562 -0.1562 0.8438 1 0.8612 -0.1797 0.1797 -0.1797 0.8203 1 0.7908 0 0
5 20 1151 0 0 0 0 0 1.0088 0 0.9519 -0.5497 0.5611 0.6087 0.8333 1.5778 0.9235 -0.5519 0.5887 0.7137 0.83 1.9858 0.898 -0.5314 0.5314 0.6282 0.75 1.482 0.0359 0.0359 NA NA 1 0.5213 0.2475 0.2475 0.2475 1.2475 1 1.1865 0.2208 0.2208 0.2208 1.2208 1 1.1248 0 0
5 21 784 0 0 0 0 0 1.0033 0 0.9526 -0.1889 0.3888 0.546 0.9583 1.565 0.9367 -0.1698 0.3722 0.5071 0.93 1.77 0.9516 -0.1771 0.2327 0.297 0.92 1.2024 -0.0613 0.0613 NA NA 1 0.5314 -0.3009 0.3009 -0.3009 0.6991 1 0.6661 -0.3167 0.3167 -0.3167 0.6833 1 0.6619 0 0
5 22 977 0 0 0 0 0 1.0047 0 0.9729 0.3849 0.3862 0.4338 0.9583 1.5281 0.9072 0.4217 0.5163 0.6193 0.88 1.8708 0.9465 0.403 0.436 0.5385 0.65 1.2328 -0.1709 0.1709 NA NA 1 0.5261 0.0222 0.0222 0.0222 1.0222 1 0.9466 -0.0273 0.0273 -0.0273 0.9727 1 0.9024 0 0
5 23 830 0 0 0 0 0 1.0042 0 0.9498 0.4453 0.5066 0.6841 0.9583 1.7404 0.9295 0.2548 0.4588 0.5507 0.91 1.9412 0.916 0.3769 0.4381 0.5047 0.74 1.3076 -0.0201 0.0201 NA NA 1 0.5448 -0.0445 0.0445 -0.0445 0.9555 1 0.9123 -0.064 0.064 -0.064 0.936 1 0.8821 0 0
5 24 1204 0 0 0 0 0 1.0092 0 0.9438 -0.1693 0.3238 0.347 1 1.5369 0.9429 -0.1582 0.3825 0.4576 0.97 1.9247 0.9341 -0.2272 0.2668 0.3436 1 1.407 -0.0088 0.0088 NA NA 1 0.5104 0.0576 0.0576 0.0576 1.0576 1 0.9807 0.0387 0.0387 0.0387 1.0387 1 0.965 0 0
5 25 811 0 0 0 0 0 1.0076 0 0.9667 0.4689 0.4941 0.5528 0.875 1.5466 0.9295 0.3951 0.5203 0.6412 0.8 1.759 0.9379 0.2989 0.3586 0.4036 0.78 1.1302 -0.205 0.205 NA NA 1 0.5254 -0.3284 0.3284 -0.3284 0.6716 1 0.6469 -0.3692 0.3692 -0.3692 0.6308 1 0.6325 0 0
5 26 1243 0 0 0 0 0 1.0078 0 0.9549 0.2502 0.3431 0.4548 0.9167 1.5712 0.9318 0.2063 0.4116 0.4852 0.97 1.9026 0.9473 0.0498 0.1889 0.2435 1 1.5098 0.1321 0.1321 NA NA 1 0.5512 0.0661 0.0661 0.0661 1.0661 1 1.0725 0.0222 0.0222 0.0222 1.0222 1 0.9717 0 0
5 27 930 0 0 0 0 0 1.0038 0 0.9402 0.0621 0.2918 0.339 1 1.5442 0.921 0.1301 0.3656 0.4633 0.94 1.851 0.9717 0.2294 0.2378 0.2877 1 1.2745 -0.0609 0.0609 NA NA 1 0.5106 -0.1337 0.1337 -0.1337 0.8663 1 0.841 -0.1522 0.1522 -0.1522 0.8478 1 0.8138 0 0
5 28 1080 0 0 0 0 0 1.0076 0 0.9013 -0.4695 0.514 0.6995 0.8333 1.6459 0.9317 -0.446 0.5293 0.6427 0.81 1.8748 0.9269 -0.5284 0.5284 0.6008 0.62 1.2899 -0.0287 0.0287 NA NA 1 0.5151 -0.1051 0.1051 -0.1051 0.8949 1 0.8744 -0.1225 0.1225 -0.1225 0.8775 1 0.8466 0 0
5 29 1150 0 0 0 0 0 1.0019 0 0.9529 -0.0738 0.2705 0.3627 0.9583 1.6036 0.9336 -0.0679 0.3621 0.4516 0.97 1.8809 0.976 -0.1424 0.171 0.2162 1 1.4295 0.0633 0.0633 NA NA 1 0.5391 -0.0597 0.0597 -0.0597 0.9403 1 0.9485 -0.0839 0.0839 -0.0839 0.9161 1 0.8916 0 0
5 30 963 0 0 0 0 0 1.003 0 0.941 0.4173 0.508 0.6444 0.8333 1.7271 0.9095 0.2984 0.4894 0.5979 0.92 1.7917 0.9232 0.3356 0.3917 0.4872 0.76 1.2852 0.0856 0.0856 NA NA 1 0.5584 -0.3529 0.3529 -0.3529 0.6471 1 0.6783 -0.3723 0.3723 -0.3723 0.6277 0 0.6341 0 0
5 31 912 0 0 0 0 0 1.0039 0 0.9553 -0.3948 0.4007 0.4976 0.875 1.5751 0.9324 -0.4878 0.5639 0.6669 0.81 1.9116 0.9814 -0.4147 0.4147 0.4396 0.9 1.3601 0.0067 0.0067 NA NA 1 0.5195 -0.0088 0.0088 -0.0088 0.9912 1 0.9505 -0.0266 0.0266 -0.0266 0.9734 1 0.9345 0 0
5 32 1255 0 0 0 0 0 1.0034 0 0.937 -0.5846 0.5846 0.7088 0.7917 1.6199 0.9013 -0.5109 0.5948 0.7054 0.74 1.8069 0.9661 -0.6734 0.6734 0.6978 0.54 1.3547 0.1678 0.1678 NA NA 1 0.5738 -0.4051 0.4051 -0.4051 0.5949 1 0.6787 -0.438 0.438 -0.438 0.562 0 0.5954 0 0
5 33 1177 0 0 0 0 0 1.005 0 0.9026 -0.0882 0.3709 0.4521 1 1.5692 0.9288 -0.1567 0.399 0.4966 0.95 1.8154 0.9497 -0.0838 0.2034 0.2367 1 1.2691 -0.0347 0.0347 NA NA 1 0.5511 -0.2607 0.2607 -0.2607 0.7393 1 0.7149 -0.2764 0.2764 -0.2764 0.7236 1 0.6955 0 0
5 34 1149 0 0 0 0 0 1.0056 0 0.9083 -0.8956 0.9065 1.0501 0.5 1.68 0.9507 -0.7608 0.7914 0.8814 0.63 1.9863 0.9799 -0.9216 0.9216 0.9364 0.14 1.401 0.0282 0.0282 NA NA 1 0.5563 -0.0381 0.0381 -0.0381 0.9619 1 0.9475 -0.0594 0.0594 -0.0594 0.9406 1 0.9126 0 0
5 35 1215 0 0 0 0 0 1.0098 0 0.9361 0.1896 0.2843 0.3889 0.9167 1.5691 0.9297 0.1656 0.3825 0.468 0.95 1.8811 0.8988 0.2809 0.4021 0.4834 0.9 1.5426 0.1837 0.1837 NA NA 1 0.5747 0.1406 0.1406 0.1406 1.1406 1 1.113 0.0718 0.0718 0.0718 1.0718 1 0.9963 0 0
5 36 1012 0 0 0 0 0 1.0094 0 0.9392 0.1591 0.3521 0.5359 0.8333 1.6021 0.9416 0.0964 0.4085 0.5127 0.92 1.8227 0.9824 0.2175 0.2318 0.2811 1 1.2693 -0.073 0.073 NA NA 1 0.5527 -0.1609 0.1609 -0.1609 0.8391 1 0.7911 -0.1822 0.1822 -0.1822 0.8178 1 0.7791 0 0
5 37 922 0 0 0 0 0 1.003 0 0.9032 -0.7462 0.7492 1.0628 0.7917 1.7718 0.9032 -0.5359 0.5892 0.7132 0.81 1.8212 0.9447 -0.5123 0.5349 0.6176 0.53 1.2458 0.0079 0.0079 NA NA 1 0.5949 -0.3338 0.3338 -0.3338 0.6662 1 0.6985 -0.35 0.35 -0.35 0.65 1 0.6715 0 0
5 38 752 0 0 0 0 0 1.006 0 0.9266 -0.1938 0.3335 0.4208 0.9583 1.5642 0.9404 -0.1877 0.3972 0.4842 0.95 1.7963 0.9382 -0.1212 0.2192 0.2756 1 1.1587 -0.2488 0.2488 NA NA 0 0.4847 -0.2236 0.2236 -0.2236 0.7764 1 0.7787 -0.2849 0.2849 -0.2849 0.7151 1 0.7227 0 0
5 39 1113 2 0 0 0 0 1.0063 0 0.9722 -0.0769 0.1854 0.2475 1 1.52 0.9262 -0.0257 0.3795 0.454 0.99 1.8044 0.8952 -0.0147 0.3628 0.4204 1 1.8289 0.502 0.502 NA NA 0 0.4664 0.1246 0.1246 0.1246 1.1246 1 1.307 -0.1973 0.1973 -0.1973 0.8027 1 0.7941 1 0
5 40 1245 0 0 0 0 0 1.0107 0 0.9278 -0.374 0.592 0.7552 0.7917 1.6412 0.9391 -0.2894 0.5213 0.6345 0.84 1.7897 0.9653 -0.2579 0.2599 0.3227 0.99 1.2175 -0.0835 0.0835 NA NA 1 0.566 -0.2856 0.2856 -0.2856 0.7144 1 0.7219 -0.3052 0.3052 -0.3052 0.6948 1 0.7154 0 0
5 41 1159 0 0 0 0 0 1.0057 0 0.9342 -0.052 0.4656 0.6214 0.875 1.6848 0.9431 -0.123 0.3644 0.4515 0.95 1.8262 0.9181 -0.0397 0.2497 0.3172 0.97 1.395 0.0702 0.0702 NA NA 1 0.5952 -0.1734 0.1734 -0.1734 0.8266 1 0.8434 -0.1978 0.1978 -0.1978 0.8022 1 0.7674 0 0
5 42 947 0 0 0 0 0 1.0041 0 0.934 -0.0233 0.3235 0.4074 0.9167 1.5495 0.9095 -0.12 0.3975 0.5425 0.97 1.8155 0.8878 -0.2004 0.2948 0.4133 0.81 1.2382 -0.1382 0.1382 NA NA 1 0.5414 -0.0692 0.0692 -0.0692 0.9308 1 0.8849 -0.1041 0.1041 -0.1041 0.8959 1 0.8616 0 0
5 43 1102 0 0 0 0 0 1.0043 0 0.9094 0.0688 0.3278 0.4311 0.9167 1.488 0.9299 3e-04 0.3893 0.5315 0.88 1.5412 0.9388 0.0969 0.2377 0.2737 1 1.0803 -0.0049 0.0049 NA NA 1 0.6539 -0.7099 0.7099 -0.7099 0.2901 0 0.3503 -0.7184 0.7184 -0.7184 0.2816 0 0.3344 0 0
5 44 934 0 0 0 0 0 1.0034 0 0.9534 -0.1593 0.3669 0.4753 0.9167 1.627 0.9358 -0.0503 0.3603 0.4931 0.93 1.857 0.9869 7e-04 0.171 0.2021 1 1.3257 -0.0282 0.0282 NA NA 1 0.5488 -0.1139 0.1139 -0.1139 0.8861 1 0.8522 -0.1324 0.1324 -0.1324 0.8676 1 0.8344 0 0
5 45 880 0 0 0 0 0 1.0035 0 0.925 0.6984 0.6984 0.7838 0.6667 1.5857 0.9092 0.5732 0.6486 0.7602 0.71 1.8632 0.9083 0.5797 0.6034 0.7311 0.51 1.2237 -0.0628 0.0628 NA NA 1 0.5557 -0.0942 0.0942 -0.0942 0.9058 1 0.8553 -0.1163 0.1163 -0.1163 0.8837 1 0.8399 0 0
5 46 994 0 0 0 0 0 1.0072 0 0.9506 0.1261 0.2932 0.3533 1 1.5457 0.9331 0.1174 0.3691 0.4556 0.94 1.812 0.9773 0.0952 0.2152 0.2579 1 1.4244 0.1518 0.1518 NA NA 1 0.5659 -0.1182 0.1182 -0.1182 0.8818 1 0.9126 -0.161 0.161 -0.161 0.839 1 0.8186 0 0
5 47 1370 0 0 0 0 0 1.0054 0 0.9607 0.034 0.3155 0.3801 0.9583 1.5377 0.9403 0.0446 0.3795 0.4787 0.94 1.7251 0.9522 -0.1865 0.2622 0.2964 1 1.1716 -0.0819 0.0819 NA NA 1 0.5303 -0.4174 0.4174 -0.4174 0.5826 0 0.5622 -0.4323 0.4323 -0.4323 0.5677 0 0.538 0 0
5 48 990 0 0 0 0 0 1.0049 0 0.9604 0.5289 0.5296 0.6344 0.875 1.6542 0.9191 0.4529 0.5523 0.6475 0.85 1.8611 0.945 0.5375 0.5375 0.594 0.73 1.3489 0.0857 0.0857 NA NA 1 0.5718 -0.2255 0.2255 -0.2255 0.7745 1 0.785 -0.2499 0.2499 -0.2499 0.7501 1 0.7362 0 0
5 49 907 0 0 0 0 0 1.0035 0 0.9538 -0.0967 0.2745 0.3589 1 1.5885 0.9254 -0.1231 0.3645 0.464 0.95 1.8766 0.9768 -0.06 0.1543 0.202 1 1.3224 -0.0307 0.0307 NA NA 1 0.5369 -0.1841 0.1841 -0.1841 0.8159 1 0.8403 -0.2011 0.2011 -0.2011 0.7989 1 0.8237 0 0
5 50 747 0 0 0 0 0 1.0058 0 0.9615 -0.8222 0.8222 0.8902 0.4583 1.6505 0.9126 -0.7576 0.82 0.9229 0.54 1.9062 0.9755 -0.7963 0.7963 0.828 0.29 1.2336 -0.156 0.156 NA NA 1 0.5424 -0.1588 0.1588 -0.1588 0.8412 1 0.8132 -0.1962 0.1962 -0.1962 0.8038 1 0.779 0 0
5 51 1218 0 0 0 0 0 1.003 0 0.8992 0.5263 0.5498 0.6583 0.7083 1.5431 0.9411 0.489 0.5621 0.6716 0.79 1.8965 0.9586 0.2754 0.2838 0.3431 0.91 1.3252 -0.0719 0.0719 NA NA 1 0.5395 0.0351 0.0351 0.0351 1.0351 1 0.9841 0.0107 0.0107 0.0107 1.0107 1 0.9522 0 0
5 52 856 0 0 0 0 0 1.0061 0 0.8835 0.1468 0.3141 0.3865 0.9167 1.5106 0.9134 0.2131 0.3869 0.5125 0.88 1.8176 0.9695 0.1398 0.268 0.3122 1 1.2724 -0.1175 0.1175 NA NA 1 0.511 -0.0907 0.0907 -0.0907 0.9093 1 0.8979 -0.1188 0.1188 -0.1188 0.8812 1 0.874 0 0
5 53 1139 0 0 0 0 0 1.0062 0 0.8882 -0.4588 0.472 0.5818 0.7917 1.5401 0.9306 -0.5119 0.5736 0.6852 0.81 1.9385 0.9213 -0.4929 0.5234 0.6237 0.62 1.3788 -0.0327 0.0327 NA NA 1 0.4908 0.2902 0.2902 0.2902 1.2902 1 1.2363 0.2667 0.2667 0.2667 1.2667 1 1.2065 0 0
5 54 927 0 0 0 0 0 1.0132 0 0.9096 -0.2052 0.3242 0.4974 0.8333 1.5711 0.941 -0.203 0.363 0.461 0.96 1.8811 0.9253 -0.0918 0.2336 0.2861 1 1.4355 0.0218 0.0218 NA NA 1 0.5392 0.0543 0.0543 0.0543 1.0543 1 1.0293 0.031 0.031 0.031 1.031 1 0.9795 0 0
5 55 845 0 0 0 0 0 1.0071 0 0.9078 -1.1084 1.1084 1.2124 0.25 1.7228 0.9076 -0.9658 0.9836 1.097 0.5 2.0325 0.9366 -1.0393 1.0393 1.0713 0.15 1.3112 -0.1053 0.1053 NA NA 1 0.5344 0.0025 0.0025 0.0025 1.0025 1 0.9912 -0.0281 0.0281 -0.0281 0.9719 1 0.9483 0 0
5 56 1336 0 0 0 0 0 1.003 0 0.9078 -0.3329 0.3839 0.4847 0.875 1.5263 0.949 -0.3211 0.3999 0.5149 0.91 1.8565 0.9868 -0.3038 0.311 0.3588 1 1.4244 0.0782 0.0782 NA NA 1 0.5395 0.0373 0.0373 0.0373 1.0373 1 1.0204 0.0085 0.0085 0.0085 1.0085 1 0.975 0 0
5 57 1256 0 0 0 0 0 1.0052 0 0.9345 0.0905 0.2982 0.4193 0.9167 1.6015 0.9424 0.0719 0.3368 0.4487 0.95 1.858 0.9189 0.1629 0.3018 0.3635 0.96 1.5229 0.1638 0.1638 NA NA 1 0.5899 -0.0275 0.0275 -0.0275 0.9725 1 1.069 -0.082 0.082 -0.082 0.918 1 0.903 0 0
5 58 1138 0 0 0 0 0 1.0087 0 0.9438 0.358 0.4695 0.5174 0.9583 1.6099 0.929 0.3126 0.4507 0.546 0.91 1.858 0.8783 0.2182 0.3518 0.4146 0.87 1.2591 -0.1262 0.1262 NA NA 1 0.5161 -0.073 0.073 -0.073 0.927 1 0.875 -0.1045 0.1045 -0.1045 0.8955 1 0.836 0 0
5 59 951 0 0 0 0 0 1.0068 0 0.9399 -0.8397 0.8397 0.9282 0.4583 1.6503 0.9256 -0.8416 0.8639 0.9641 0.59 1.9431 0.9555 -0.7316 0.7316 0.7635 0.37 1.2767 -0.0867 0.0867 NA NA 1 0.5452 -0.1186 0.1186 -0.1186 0.8814 1 0.8393 -0.1422 0.1422 -0.1422 0.8578 1 0.8272 0 0
5 60 920 0 0 0 0 0 1.0022 0 0.941 -0.0094 0.3012 0.4117 0.9583 1.5628 0.94 -0.0926 0.3117 0.3839 0.97 1.7826 0.9341 -0.1318 0.1945 0.3006 0.94 1.2662 -0.0191 0.0191 NA NA 1 0.575 -0.2417 0.2417 -0.2417 0.7583 1 0.7392 -0.2595 0.2595 -0.2595 0.7405 1 0.712 0 0
5 61 1047 0 0 0 0 0 1.0098 0 0.9575 -0.2413 0.3471 0.449 1 1.6174 0.934 -0.2115 0.3767 0.4772 0.96 1.8849 0.9738 -0.31 0.3115 0.3692 1 1.4026 0.0706 0.0706 NA NA 1 0.5607 -0.0432 0.0432 -0.0432 0.9568 1 0.9832 -0.07 0.07 -0.07 0.93 1 0.9167 0 0
5 62 969 0 0 0 0 0 1.01 0 0.9331 -0.6383 0.6383 0.7136 0.6667 1.5983 0.9339 -0.6424 0.6667 0.7714 0.75 1.9758 0.9111 -0.7611 0.7611 0.8361 0.46 1.5155 0.1445 0.1445 NA NA 1 0.5801 0.1821 0.1821 0.1821 1.1821 1 1.1341 0.1271 0.1271 0.1271 1.1271 1 1.0122 0 0
5 63 999 0 0 0 0 0 1.0078 0 0.9428 -0.1436 0.2842 0.4422 0.9583 1.6048 0.9319 -0.1226 0.3769 0.4899 0.96 1.9774 0.9518 -0.2621 0.2945 0.3427 1 1.3744 -0.0593 0.0593 NA NA 1 0.5019 0.2292 0.2292 0.2292 1.2292 1 1.1288 0.2034 0.2034 0.2034 1.2034 1 1.09 0 0
5 64 987 0 0 0 0 0 1.0066 0 0.9591 -0.2456 0.3789 0.4571 0.9583 1.6067 0.9432 -0.244 0.3719 0.4454 0.97 1.8495 0.9687 -0.3212 0.4369 0.5322 0.71 1.3098 -0.0167 0.0167 NA NA 1 0.5488 -0.0449 0.0449 -0.0449 0.9551 1 0.939 -0.0652 0.0652 -0.0652 0.9348 1 0.9141 0 0
5 65 961 0 0 0 0 0 1.0054 0 0.9195 -0.3592 0.4235 0.5425 0.9167 1.5361 0.932 -0.3022 0.4401 0.5385 0.9 1.8291 0.9798 -0.394 0.4004 0.4629 0.8 1.3202 0.0093 0.0093 NA NA 1 0.5545 -0.1053 0.1053 -0.1053 0.8947 1 0.899 -0.1243 0.1243 -0.1243 0.8757 1 0.8612 0 0
5 66 1304 0 0 0 0 0 1.0058 0 0.9323 0.4617 0.5298 0.6657 0.75 1.6694 0.9417 0.4292 0.4805 0.5903 0.91 1.9033 0.9572 0.3581 0.3782 0.4169 1 1.4342 0.0629 0.0629 NA NA 1 0.6012 -0.0947 0.0947 -0.0947 0.9053 1 0.8981 -0.123 0.123 -0.123 0.877 1 0.8286 0 0
5 67 951 0 0 0 0 0 1.0037 0 0.9397 -0.0636 0.3848 0.4763 0.875 1.5813 0.9314 -0.0825 0.3791 0.4908 0.93 1.8071 0.9785 -0.0209 0.2146 0.2503 1 1.3622 0.0852 0.0852 NA NA 1 0.5542 -0.1202 0.1202 -0.1202 0.8798 1 0.8697 -0.1462 0.1462 -0.1462 0.8538 1 0.8158 0 0
5 68 912 0 0 0 0 0 1.0115 0 0.9536 0.1215 0.3779 0.5554 0.9583 1.6307 0.9209 0.046 0.42 0.5193 0.92 1.7955 0.9459 0.0833 0.2384 0.2846 1 1.2995 0.0959 0.0959 NA NA 1 0.5226 -0.3125 0.3125 -0.3125 0.6875 1 0.6925 -0.3325 0.3325 -0.3325 0.6675 1 0.6574 0 0
5 69 821 0 0 0 0 0 1.0033 0 0.9617 0.4508 0.4726 0.5411 0.875 1.5654 0.894 0.3797 0.5516 0.674 0.86 1.7173 0.9497 0.2723 0.312 0.4079 0.75 1.127 -0.2116 0.2116 NA NA 1 0.5849 -0.4405 0.4405 -0.4405 0.5595 0 0.5952 -0.4782 0.4782 -0.4782 0.5218 0 0.5707 0 0
5 70 1029 0 0 0 0 0 1.008 0 0.9241 -0.0934 0.3323 0.4174 0.9583 1.5463 0.905 -0.1227 0.4783 0.6046 0.88 1.7465 0.9941 -0.2717 0.2717 0.285 1 1.2704 0.0668 0.0668 NA NA 1 0.5779 -0.3952 0.3952 -0.3952 0.6048 0 0.5981 -0.4119 0.4119 -0.4119 0.5881 0 0.5693 0 0
5 71 1071 0 0 0 0 0 1.0049 0 0.8959 0.0704 0.3282 0.4803 0.9167 1.5984 0.9398 0.1484 0.3526 0.4482 0.97 1.844 0.9824 0.2088 0.2972 0.3661 0.89 1.3674 0.0299 0.0299 NA NA 1 0.5523 -0.0367 0.0367 -0.0367 0.9633 1 0.963 -0.0575 0.0575 -0.0575 0.9425 1 0.9323 0 0
5 72 932 0 0 0 0 0 1.0058 0 0.965 0.1771 0.268 0.4276 0.9583 1.6157 0.923 0.1274 0.3822 0.4771 0.94 1.7654 0.9447 0.2757 0.3361 0.4042 0.79 1.1558 -0.1823 0.1823 NA NA 1 0.587 -0.3365 0.3365 -0.3365 0.6635 1 0.6955 -0.3734 0.3734 -0.3734 0.6266 1 0.6581 0 0
5 73 1233 0 0 0 0 0 1.0024 0 0.9591 -0.9018 0.9018 0.982 0.4167 1.6671 0.9246 -0.8207 0.8539 0.9961 0.63 1.9831 0.9866 -0.8589 0.8589 0.8767 0.33 1.5623 0.1926 0.1926 NA NA 1 0.553 0.0348 0.0348 0.0348 1.0348 1 1.0733 -0.0311 0.0311 -0.0311 0.9689 1 0.9404 0 0
5 74 1208 0 0 0 0 0 1.0124 0 0.9209 -0.4292 0.4673 0.6226 0.75 1.5751 0.9448 -0.4207 0.5016 0.5849 0.87 1.8841 0.8026 -0.4484 0.5069 0.6257 0.63 1.4217 0.0912 0.0912 NA NA 1 0.6157 0.0314 0.0314 0.0314 1.0314 1 1.0146 -0.007 0.007 -0.007 0.993 1 0.9431 0 0
5 75 946 0 0 0 0 0 1.0055 0 0.9361 0.2932 0.3381 0.4129 1 1.5389 0.9293 0.2269 0.4017 0.4885 0.93 1.7413 0.9576 0.4042 0.446 0.5232 0.76 1.3751 0.228 0.228 NA NA 1 0.5404 -0.2642 0.2642 -0.2642 0.7358 1 0.7641 -0.321 0.321 -0.321 0.679 1 0.6585 0 0
5 76 727 0 0 0 0 0 1.0103 0 0.9508 -0.0948 0.246 0.3122 0.9583 1.5502 0.9185 -0.0886 0.3735 0.4753 0.92 1.9009 0.968 -0.0112 0.3404 0.3805 1 1.3809 -0.0128 0.0128 NA NA 1 0.4958 0.2987 0.2987 0.2987 1.2987 1 1.1312 0.2774 0.2774 0.2774 1.2774 1 1.1187 0 0
5 77 977 0 0 0 0 0 1.0064 0 0.9062 -0.0293 0.3075 0.3878 0.9583 1.5337 0.9393 -0.0714 0.3726 0.491 0.94 1.8188 0.8956 -0.053 0.2666 0.3197 1 1.2392 -0.1103 0.1103 NA NA 1 0.5267 -0.1113 0.1113 -0.1113 0.8887 1 0.8397 -0.1385 0.1385 -0.1385 0.8615 1 0.8144 0 0
5 78 1099 0 0 0 0 0 1.0031 0 0.9366 0.9156 0.9156 1.0034 0.4167 1.6618 0.9264 0.7254 0.7847 0.8788 0.62 1.9005 0.9407 0.7114 0.7114 0.7777 0.49 1.4186 0.1227 0.1227 NA NA 1 0.5606 -0.0733 0.0733 -0.0733 0.9267 1 0.9201 -0.11 0.11 -0.11 0.89 1 0.8387 0 0
5 79 1391 0 0 0 0 0 1.0053 0 0.9575 0.1729 0.3796 0.4872 0.9583 1.6521 0.9488 0.1331 0.3892 0.4755 0.96 1.8981 0.9801 0.3747 0.3767 0.4002 1 1.5245 0.1802 0.1802 NA NA 1 0.5159 -0.0975 0.0975 -0.0975 0.9025 1 0.9267 -0.1473 0.1473 -0.1473 0.8527 1 0.8168 0 0
5 80 1436 0 0 0 0 0 1.0032 0 0.9446 -0.0286 0.2941 0.3401 1 1.5267 0.9208 -0.0227 0.3497 0.4578 0.95 1.7657 0.9531 0.1362 0.2238 0.2556 1 1.3123 0.1304 0.1304 NA NA 1 0.5571 -0.3339 0.3339 -0.3339 0.6661 1 0.668 -0.3612 0.3612 -0.3612 0.6388 0 0.6144 0 0
5 81 1257 0 0 0 0 0 1.0122 0 0.956 0.2935 0.3335 0.4093 0.9583 1.5472 0.908 0.2571 0.4598 0.5564 0.9 1.8032 0.9141 0.0365 0.177 0.2893 0.96 1.3181 0.0047 0.0047 NA NA 1 0.5693 -0.2467 0.2467 -0.2467 0.7533 1 0.751 -0.2634 0.2634 -0.2634 0.7366 1 0.7319 0 0
5 82 1506 0 0 0 0 0 1.0066 0 0.9442 0.6564 0.6638 0.849 0.75 1.6877 0.9015 0.5065 0.5809 0.7148 0.77 1.7784 0.9499 0.5016 0.5087 0.5903 0.77 1.5147 0.3373 0.3373 NA NA 0 0.5688 -0.3204 0.3204 -0.3204 0.6796 1 0.7708 -0.4203 0.4203 -0.4203 0.5797 0 0.5815 0 0
5 83 1434 0 0 0 0 0 1.0052 0 0.9558 -0.0486 0.3635 0.5152 0.9583 1.7427 0.9292 0.0831 0.396 0.4958 0.94 1.8615 0.9385 0.2718 0.3077 0.3714 0.89 1.4243 0.1536 0.1536 NA NA 1 0.6205 -0.2849 0.2849 -0.2849 0.7151 1 0.7425 -0.3226 0.3226 -0.3226 0.6774 1 0.6751 0 0
5 84 1078 0 0 0 0 0 1.0035 0 0.973 -0.4162 0.484 0.5756 0.8333 1.6557 0.9084 -0.3648 0.4873 0.5856 0.87 1.7094 0.9663 -0.3681 0.3685 0.4383 0.76 1.1996 0.0339 0.0339 NA NA 1 0.5926 -0.5655 0.5655 -0.5655 0.4345 0 0.4883 -0.5767 0.5767 -0.5767 0.4233 0 0.4714 0 0
5 85 907 0 0 0 0 0 1.0048 0 0.9356 0.1399 0.3821 0.4603 0.9583 1.6074 0.9292 0.1411 0.3956 0.5213 0.93 1.8053 0.9212 0.1698 0.3009 0.3376 0.99 1.2731 -0.0167 0.0167 NA NA 1 0.5087 -0.2295 0.2295 -0.2295 0.7705 1 0.7347 -0.2433 0.2433 -0.2433 0.7567 1 0.7229 0 0
5 86 864 0 0 0 0 0 1.0083 0 0.9534 -0.3015 0.4306 0.5271 0.9167 1.6174 0.9369 -0.2315 0.4183 0.5102 0.91 1.8476 0.9868 -0.2768 0.2773 0.317 1 1.2006 -0.2058 0.2058 NA NA 1 0.5289 -0.1825 0.1825 -0.1825 0.8175 1 0.7865 -0.2335 0.2335 -0.2335 0.7665 1 0.7395 0 0
5 87 1202 0 0 0 0 0 1.0076 0 0.8866 -5e-04 0.2612 0.38 0.9167 1.5847 0.9547 -0.018 0.3028 0.3762 0.99 1.9085 0.941 0.1283 0.232 0.2714 1 1.3038 -0.1586 0.1586 NA NA 1 0.5712 0.0362 0.0362 0.0362 1.0362 1 0.9836 -0.0135 0.0135 -0.0135 0.9865 1 0.9348 0 0
5 88 1133 0 0 0 0 0 1.0038 0 0.9583 0.025 0.2619 0.3379 1 1.5736 0.9423 -0.0149 0.3356 0.4461 0.95 1.8156 0.925 -0.053 0.2642 0.2956 1 1.4219 0.1095 0.1095 NA NA 1 0.5765 -0.1133 0.1133 -0.1133 0.8867 1 0.8775 -0.1462 0.1462 -0.1462 0.8538 1 0.8098 0 0
5 89 1222 0 0 0 0 0 1.0038 0 0.9357 -0.2557 0.3879 0.5372 0.9167 1.6346 0.9374 -0.1428 0.3709 0.4748 0.96 1.8627 0.9418 -0.0863 0.2113 0.2552 1 1.3274 -0.0144 0.0144 NA NA 1 0.5765 -0.2158 0.2158 -0.2158 0.7842 1 0.7677 -0.2338 0.2338 -0.2338 0.7662 1 0.743 0 0
5 90 1210 0 0 0 0 0 1.0045 0 0.9494 0.2256 0.3262 0.3898 0.9583 1.5362 0.9441 0.2305 0.3711 0.4881 0.97 1.9047 0.9504 0.0998 0.2292 0.2467 1 1.532 0.1589 0.1589 NA NA 1 0.5094 0.1219 0.1219 0.1219 1.1219 1 1.1211 0.0696 0.0696 0.0696 1.0696 1 1.0074 0 0
5 91 747 0 0 0 0 0 1.0145 0 0.9445 -0.5309 0.5814 0.7364 0.75 1.6402 0.9239 -0.4275 0.5318 0.6423 0.86 1.8771 0.8755 -0.322 0.3987 0.4805 0.74 1.2949 -0.0589 0.0589 NA NA 1 0.5205 -0.0142 0.0142 -0.0142 0.9858 1 0.9192 -0.036 0.036 -0.036 0.964 1 0.8961 0 0
5 92 1164 0 0 0 0 0 1.0133 0 0.9604 0.217 0.2747 0.3469 1 1.519 0.9273 0.1906 0.3688 0.4582 0.93 1.7818 0.9819 0.1893 0.1972 0.241 1 1.2852 0.0303 0.0303 NA NA 1 0.5596 -0.298 0.298 -0.298 0.702 1 0.6987 -0.3135 0.3135 -0.3135 0.6865 1 0.6672 0 0
5 93 1105 0 0 0 0 0 1.0048 0 0.8997 -0.3397 0.4268 0.5996 0.875 1.5624 0.9288 -0.3237 0.4694 0.5752 0.86 1.7679 0.9395 -0.2228 0.2861 0.3743 0.89 1.2138 -0.0638 0.0638 NA NA 1 0.5098 -0.2853 0.2853 -0.2853 0.7147 1 0.7006 -0.3012 0.3012 -0.3012 0.6988 1 0.6891 0 0
5 94 1010 0 0 0 0 0 1.0029 0 0.9407 -0.1183 0.4725 0.6023 0.875 1.711 0.9267 -0.0945 0.4846 0.6179 0.87 1.7334 0.9747 -0.1546 0.3365 0.3876 0.87 1.203 -0.007 0.007 NA NA 1 0.5718 -0.3936 0.3936 -0.3936 0.6064 0 0.632 -0.4078 0.4078 -0.4078 0.5922 0 0.6063 0 0
5 95 847 0 0 0 0 0 1.0036 0 0.9561 -0.6521 0.7708 0.9258 0.6667 1.7388 0.9027 -0.5183 0.6545 0.7695 0.76 1.8088 0.9092 -0.359 0.3717 0.4801 0.83 1.2947 0.1063 0.1063 NA NA 1 0.6133 -0.3908 0.3908 -0.3908 0.6092 0 0.6449 -0.4147 0.4147 -0.4147 0.5853 0 0.599 0 0
5 96 1372 0 0 0 0 0 1.0031 0 0.9133 0.3437 0.4144 0.574 0.875 1.6479 0.9234 0.3859 0.5288 0.6285 0.87 1.8525 0.9678 0.4539 0.4607 0.5057 0.87 1.4651 0.2235 0.2235 NA NA 1 0.5645 -0.3006 0.3006 -0.3006 0.6994 1 0.7912 -0.3546 0.3546 -0.3546 0.6454 1 0.6861 0 0
5 97 1192 0 0 0 0 0 1.0067 0 0.919 -0.79 0.79 0.9265 0.4583 1.6163 0.9275 -0.7391 0.7508 0.8785 0.71 1.9723 0.9756 -0.6068 0.6068 0.6397 0.77 1.6665 0.2067 0.2067 NA NA 1 0.5614 0.2454 0.2454 0.2454 1.2454 1 1.3051 0.155 0.155 0.155 1.155 1 1.0907 0 0
5 98 1405 0 0 0 0 0 1.0054 0 0.944 0.0115 0.2923 0.3667 1 1.5657 0.9458 -0.0432 0.313 0.3954 0.99 1.8773 0.9734 -0.1813 0.2137 0.2575 1 1.5419 0.1742 0.1742 NA NA 1 0.5585 0.0345 0.0345 0.0345 1.0345 1 1.0826 -0.0243 0.0243 -0.0243 0.9757 1 0.9495 0 0
5 99 1019 0 0 0 0 0 1.0043 0 0.9495 0.5389 0.5774 0.6747 0.75 1.6354 0.9348 0.5094 0.5998 0.696 0.77 1.8238 0.7555 0.2701 0.49 0.5738 0.77 1.3231 0.1498 0.1498 NA NA 1 0.5218 -0.1638 0.1638 -0.1638 0.8362 1 0.8497 -0.2007 0.2007 -0.2007 0.7993 1 0.7738 0 0
5 100 837 0 0 0 0 0 1.0041 0 0.9146 -0.2697 0.343 0.4587 0.8333 1.5867 0.9402 -0.3503 0.479 0.6044 0.9 1.97 0.9213 -0.4644 0.4644 0.5467 0.74 1.2932 -0.2033 0.2033 NA NA 1 0.5196 0.1049 0.1049 0.1049 1.1049 1 1.096 0.038 0.038 0.038 1.038 1 1.0185 0 0
5 101 1296 0 0 0 0 0 1.0037 0 0.9363 0.6599 0.7034 0.8787 0.5833 1.6991 0.9191 0.6465 0.6938 0.7907 0.67 1.8428 0.9473 0.5974 0.6009 0.6595 0.52 1.3384 0.0798 0.0798 NA NA 1 0.5766 -0.239 0.239 -0.239 0.761 1 0.8278 -0.263 0.263 -0.263 0.737 1 0.7644 0 0
5 102 712 0 0 0 0 0 1.0026 0 0.9614 0.5722 0.606 0.8087 0.7917 1.7872 0.9404 0.3934 0.54 0.6555 0.84 1.8677 0.9261 0.3908 0.4281 0.5328 0.63 1.2103 -0.0523 0.0523 NA NA 1 0.5852 -0.3032 0.3032 -0.3032 0.6968 1 0.7218 -0.321 0.321 -0.321 0.679 1 0.6949 0 0
5 103 966 0 0 0 0 0 1.0037 0 0.9467 0.3073 0.3637 0.5734 0.9167 1.5984 0.9348 0.1359 0.4107 0.5152 0.95 1.8408 0.9244 0.2642 0.3271 0.389 0.86 1.1733 -0.2297 0.2297 NA NA 1 0.4996 -0.168 0.168 -0.168 0.832 1 0.7907 -0.2273 0.2273 -0.2273 0.7727 1 0.7373 0 0
5 104 956 0 0 0 0 0 1.0029 0 0.9314 -0.5087 0.5643 0.656 0.75 1.605 0.9329 -0.4452 0.5506 0.6593 0.87 1.9081 0.9864 -0.4867 0.4867 0.5006 0.9 1.3579 -0.0163 0.0163 NA NA 1 0.5346 -0.1078 0.1078 -0.1078 0.8922 1 0.8596 -0.1249 0.1249 -0.1249 0.8751 1 0.838 0 0
5 105 1020 0 0 0 0 0 1.0054 0 0.936 -0.2751 0.3988 0.5331 0.9167 1.591 0.953 -0.2142 0.3451 0.425 0.97 1.9015 0.9913 -0.4235 0.4235 0.4551 0.81 1.2444 -0.1988 0.1988 NA NA 1 0.505 0.0687 0.0687 0.0687 1.0687 1 0.9767 0.0077 0.0077 0.0077 1.0077 1 0.9355 0 0
5 106 742 0 0 0 0 0 1.005 0 0.8915 0.0664 0.3625 0.5566 0.875 1.5759 0.9452 -0.0187 0.3388 0.4379 0.94 1.753 0.9343 0.0673 0.2346 0.2729 1 1.173 -0.1254 0.1254 NA NA 1 0.5881 -0.3659 0.3659 -0.3659 0.6341 0 0.6212 -0.3906 0.3906 -0.3906 0.6094 0 0.6045 0 0
5 107 1270 0 0 0 0 0 1.0049 0 0.938 0.7907 0.7932 0.8981 0.4583 1.6757 0.9147 0.7247 0.779 0.8816 0.59 1.965 0.9627 0.7814 0.7814 0.8459 0.41 1.3232 -0.0568 0.0568 NA NA 1 0.5457 0.0821 0.0821 0.0821 1.0821 1 1.0501 0.0566 0.0566 0.0566 1.0566 1 1.0223 0 0
5 108 1032 0 0 0 0 0 1.0067 0 0.9573 -0.0624 0.2096 0.2657 1 1.4861 0.9218 -0.1019 0.3452 0.436 0.98 1.7404 0.9511 -0.0387 0.2673 0.3065 1 1.2581 -0.0101 0.0101 NA NA 1 0.5799 -0.3116 0.3116 -0.3116 0.6884 1 0.6932 -0.3275 0.3275 -0.3275 0.6725 1 0.669 0 0
5 109 972 0 0 0 0 0 1.0021 0 0.9379 -0.3389 0.4068 0.5672 0.875 1.6052 0.9238 -0.2901 0.4529 0.5548 0.91 1.7842 0.9604 -0.2237 0.2907 0.3194 1 1.2318 -0.0032 0.0032 NA NA 1 0.5307 -0.3397 0.3397 -0.3397 0.6603 1 0.6413 -0.3525 0.3525 -0.3525 0.6475 1 0.6201 0 0
5 110 1247 0 0 0 0 0 1.0059 0 0.9363 -0.5582 0.6047 0.7195 0.75 1.6846 0.9095 -0.5397 0.5856 0.6855 0.8 1.8684 0.9915 -0.3568 0.3585 0.4113 1 1.3856 0.1145 0.1145 NA NA 1 0.5906 -0.1556 0.1556 -0.1556 0.8444 1 0.8872 -0.1892 0.1892 -0.1892 0.8108 1 0.8115 0 0
5 111 1197 0 0 0 0 0 1.0032 0 0.9113 0.1548 0.3859 0.4497 0.9583 1.5118 0.9285 0.1474 0.4138 0.5268 0.91 1.7009 0.963 -0.0094 0.2174 0.2565 1 1.2637 0.0856 0.0856 NA NA 1 0.5921 -0.3803 0.3803 -0.3803 0.6197 0 0.6186 -0.4005 0.4005 -0.4005 0.5995 0 0.5862 0 0
5 112 1367 0 0 0 0 0 1.0049 0 0.9474 -0.6223 0.6577 0.7597 0.625 1.6119 0.9298 -0.6096 0.676 0.7827 0.73 1.924 0.9856 -0.6792 0.6792 0.6898 0.71 1.587 0.2201 0.2201 NA NA 1 0.5599 -0.0501 0.0501 -0.0501 0.9499 1 1.0268 -0.1234 0.1234 -0.1234 0.8766 1 0.8583 0 0
5 113 1074 0 0 0 0 0 1.0064 0 0.9293 -0.4163 0.4586 0.5416 0.875 1.5722 0.9361 -0.3516 0.4752 0.5882 0.93 2.0605 0.9739 -0.4906 0.4906 0.5171 0.86 1.4638 -0.1463 0.1463 NA NA 1 0.5056 0.4968 0.4968 0.4968 1.4968 1 1.4073 0.4385 0.4385 0.4385 1.4385 1 1.3869 0 0
5 114 784 0 0 0 0 0 1.0058 0 0.9275 0.2467 0.3486 0.4817 0.9167 1.5462 0.9403 0.1915 0.3327 0.4049 0.98 1.8352 0.8962 0.1903 0.3396 0.4001 0.82 1.2296 -0.1232 0.1232 NA NA 1 0.533 -0.0405 0.0405 -0.0405 0.9595 1 0.858 -0.0733 0.0733 -0.0733 0.9267 1 0.834 0 0
5 115 1046 0 0 0 0 0 1.0075 0 0.9445 0.4211 0.476 0.5085 0.9583 1.5362 0.9394 0.4506 0.5142 0.6051 0.91 1.9449 0.9771 0.383 0.4012 0.4753 0.86 1.4817 0.1065 0.1065 NA NA 1 0.4943 0.267 0.267 0.267 1.267 1 1.1895 0.2293 0.2293 0.2293 1.2293 1 1.1194 0 0
5 116 1218 0 0 0 0 0 1.0051 0 0.9282 -0.0595 0.2956 0.3356 1 1.5497 0.932 -0.0792 0.3852 0.4773 0.98 1.9305 0.9584 -0.1156 0.1854 0.2351 1 1.3581 -0.0976 0.0976 NA NA 1 0.5129 0.122 0.122 0.122 1.122 1 1.0437 0.0913 0.0913 0.0913 1.0913 1 1.0087 0 0
5 117 900 0 0 0 0 0 1.0077 0 0.929 -0.4188 0.4296 0.5343 0.8333 1.5597 0.9349 -0.3861 0.4808 0.6068 0.84 1.8607 0.9707 -0.3928 0.3976 0.4299 0.93 1.2023 -0.2875 0.2875 NA NA 0 0.493 -0.086 0.086 -0.086 0.914 1 0.9381 -0.1797 0.1797 -0.1797 0.8203 1 0.8351 0 0
5 118 753 0 0 0 0 0 1.0089 0 0.9645 0.4148 0.428 0.5085 0.875 1.6137 0.9219 0.4445 0.5358 0.6408 0.84 1.955 0.9744 0.4603 0.4617 0.4923 0.76 1.3403 -0.1114 0.1114 NA NA 1 0.5083 0.1225 0.1225 0.1225 1.1225 1 1.0335 0.089 0.089 0.089 1.089 1 0.9931 0 0
5 119 763 0 0 0 0 0 1.0043 0 0.9142 -0.4987 0.566 0.6952 0.75 1.5912 0.942 -0.4203 0.4836 0.5995 0.83 1.7711 0.9752 -0.399 0.3995 0.453 0.73 1.1867 -0.1036 0.1036 NA NA 1 0.5373 -0.3488 0.3488 -0.3488 0.6512 1 0.6568 -0.3683 0.3683 -0.3683 0.6317 1 0.6422 0 0
5 120 803 0 0 0 0 0 1.0082 0 0.9229 0.241 0.3581 0.4659 0.875 1.5544 0.9406 0.2407 0.3654 0.4488 0.96 1.8423 0.9615 0.2173 0.2847 0.3522 1 1.3189 -0.0265 0.0265 NA NA 1 0.5292 -0.0241 0.0241 -0.0241 0.9759 1 0.8926 -0.0435 0.0435 -0.0435 0.9565 1 0.8698 0 0
5 121 1171 0 0 0 0 0 1.0074 0 0.9361 0.7575 0.7637 0.8504 0.5417 1.698 0.9355 0.6479 0.7065 0.8024 0.72 2.0472 0.9742 0.6949 0.6949 0.7287 0.64 1.6284 0.1095 0.1095 NA NA 1 0.5658 0.3726 0.3726 0.3726 1.3726 1 1.3608 0.3226 0.3226 0.3226 1.3226 1 1.2592 0 0
5 122 1146 0 0 0 0 0 1.0073 0 0.9667 0.0518 0.2529 0.3793 0.9583 1.573 0.8974 -0.0075 0.4085 0.5309 0.91 1.7686 0.9353 0.022 0.3051 0.3473 1 1.2709 0.0445 0.0445 NA NA 1 0.5679 -0.2723 0.2723 -0.2723 0.7277 1 0.7109 -0.2899 0.2899 -0.2899 0.7101 1 0.6805 0 0
5 123 988 0 0 0 0 0 1.0047 0 0.9071 -0.0762 0.3185 0.4126 0.9167 1.5298 0.9394 -0.0889 0.3618 0.4946 0.94 1.8175 0.9765 -0.0613 0.1319 0.1643 1 1.2705 -0.0391 0.0391 NA NA 1 0.5422 -0.1443 0.1443 -0.1443 0.8557 1 0.8187 -0.1628 0.1628 -0.1628 0.8372 1 0.7928 0 0
5 124 812 0 0 0 0 0 1.0091 0 0.9419 0.2585 0.3633 0.464 0.9167 1.5775 0.9293 0.2987 0.4481 0.5516 0.9 1.8789 0.956 0.1942 0.2355 0.2887 1 1.4321 0.0504 0.0504 NA NA 1 0.5345 0.0037 0.0037 0.0037 1.0037 1 1.011 -0.0199 0.0199 -0.0199 0.9801 1 0.9428 0 0
5 125 937 0 0 0 0 0 1.007 0 0.937 0.3566 0.4448 0.5595 0.875 1.6153 0.9332 0.3282 0.4554 0.584 0.88 1.7678 0.9955 0.3445 0.3991 0.4871 0.65 1.2316 -0.0377 0.0377 NA NA 1 0.5348 -0.2243 0.2243 -0.2243 0.7757 1 0.752 -0.2405 0.2405 -0.2405 0.7595 1 0.7338 0 0
5 126 1095 0 0 0 0 0 1.0042 0 0.9466 -0.0746 0.4241 0.618 0.8333 1.742 0.9263 -0.0566 0.4173 0.525 0.93 1.8051 0.986 -0.0536 0.1942 0.2295 1 1.209 -0.0392 0.0392 NA NA 1 0.5798 -0.3685 0.3685 -0.3685 0.6315 0 0.6234 -0.3836 0.3836 -0.3836 0.6164 0 0.6139 0 0
5 127 1051 0 0 0 0 0 1.0062 0 0.9264 0.1044 0.3524 0.4262 1 1.5944 0.929 0.1079 0.361 0.4788 0.97 1.8841 0.911 0.2734 0.3787 0.4229 1 1.3323 -0.0488 0.0488 NA NA 1 0.5213 0.0978 0.0978 0.0978 1.0978 1 1.0171 0.0747 0.0747 0.0747 1.0747 1 0.9814 0 0
5 128 925 0 0 0 0 0 1.0042 0 0.9521 0.1913 0.2796 0.3611 0.9583 1.5016 0.9207 0.1328 0.3655 0.4571 0.94 1.7209 0.9434 -0.0048 0.2152 0.267 0.94 1.1241 -0.2017 0.2017 NA NA 1 0.5317 -0.3806 0.3806 -0.3806 0.6194 0 0.625 -0.4178 0.4178 -0.4178 0.5822 0 0.5908 0 0
5 129 966 0 0 0 0 0 1.0031 0 0.9256 0.1004 0.4071 0.523 0.9167 1.5895 0.9315 0.1128 0.4 0.5264 0.95 1.7742 0.9317 0.1103 0.2534 0.3025 1 1.2374 -0.0331 0.0331 NA NA 1 0.5457 -0.2399 0.2399 -0.2399 0.7601 1 0.7174 -0.2564 0.2564 -0.2564 0.7436 1 0.6952 0 0
5 130 968 0 0 0 0 0 1.0037 0 0.9602 0.2493 0.5163 0.6453 0.9167 1.7776 0.9094 0.2806 0.5178 0.6566 0.88 1.7452 0.948 0.0969 0.2118 0.251 1 1.2202 0.0715 0.0715 NA NA 1 0.5844 -0.5185 0.5185 -0.5185 0.4815 0 0.5184 -0.5323 0.5323 -0.5323 0.4677 0 0.4961 0 0
5 131 1054 0 0 0 0 0 1.0027 0 0.9344 -0.1811 0.3521 0.4526 0.9583 1.5905 0.913 -0.1425 0.4179 0.5315 0.93 1.7719 0.9895 -0.2255 0.2259 0.2559 1 1.1971 -0.1075 0.1075 NA NA 1 0.5436 -0.3709 0.3709 -0.3709 0.6291 1 0.6483 -0.39 0.39 -0.39 0.61 0 0.6372 0 0
5 132 1184 0 0 0 0 0 1.0034 0 0.9591 0.0664 0.2751 0.3643 0.9583 1.5953 0.926 0.0961 0.3864 0.4789 0.93 1.8606 0.9807 0.1833 0.2443 0.2846 1 1.5533 0.2219 0.2219 NA NA 1 0.5549 -0.0257 0.0257 -0.0257 0.9743 1 1.013 -0.1003 0.1003 -0.1003 0.8997 1 0.8641 0 0
5 133 977 0 0 0 0 0 1.0116 0 0.9419 -0.1135 0.3232 0.3842 1 1.5654 0.9131 -0.1316 0.3597 0.4792 0.95 1.8664 0.9532 -0.2594 0.2983 0.378 0.89 1.2542 -0.0933 0.0933 NA NA 1 0.5332 -0.0684 0.0684 -0.0684 0.9316 1 0.9039 -0.0941 0.0941 -0.0941 0.9059 1 0.8833 0 0
5 134 1047 0 0 0 0 0 1.0058 0 0.9219 -0.6694 0.6713 0.7834 0.7083 1.6042 0.9325 -0.5595 0.6204 0.7338 0.79 1.9527 0.887 -0.5819 0.5819 0.6703 0.62 1.4643 0.0723 0.0723 NA NA 1 0.5192 0.0822 0.0822 0.0822 1.0822 1 1.0538 0.056 0.056 0.056 1.056 1 0.9921 0 0
5 135 1076 0 0 0 0 0 1.0041 0 0.9502 0.0769 0.3147 0.3904 1 1.5967 0.94 0.03 0.363 0.4509 0.96 1.8682 0.9538 0.1304 0.2421 0.3071 1 1.435 0.1125 0.1125 NA NA 1 0.5515 0.0294 0.0294 0.0294 1.0294 1 1.0057 -0.0065 0.0065 -0.0065 0.9935 1 0.9177 0 0
5 136 1245 0 0 0 0 0 1.0051 0 0.9314 0.3619 0.3747 0.4928 0.9167 1.5445 0.9316 0.4957 0.5621 0.6659 0.84 1.9312 0.9669 0.3487 0.3591 0.3957 1 1.5769 0.1623 0.1623 NA NA 1 0.5524 0.1102 0.1102 0.1102 1.1102 1 1.1158 0.054 0.054 0.054 1.054 1 0.9693 0 0
5 137 1056 0 0 0 0 0 1.004 0 0.9405 0.5637 0.5783 0.7054 0.7917 1.6136 0.9401 0.4598 0.5787 0.6824 0.84 1.8896 0.9764 0.3701 0.3784 0.454 0.85 1.427 0.0714 0.0714 NA NA 1 0.5106 0.0389 0.0389 0.0389 1.0389 1 0.9812 0.0137 0.0137 0.0137 1.0137 1 0.932 0 0
5 138 1113 0 0 0 0 0 1.0036 0 0.9487 0.242 0.4061 0.5735 0.875 1.607 0.9358 0.1649 0.3791 0.5105 0.91 1.7724 0.9796 0.1149 0.1502 0.1889 1 1.2065 -0.0777 0.0777 NA NA 1 0.5736 -0.4027 0.4027 -0.4027 0.5973 0 0.6122 -0.4195 0.4195 -0.4195 0.5805 0 0.6057 0 0
5 139 1393 0 0 0 0 0 1.0048 0 0.96 0.1592 0.282 0.3155 1 1.5054 0.9231 0.0502 0.3754 0.4942 0.92 1.8249 0.9708 0.1215 0.1693 0.2096 1 1.3097 -2e-04 2e-04 NA NA 1 0.6058 -0.2046 0.2046 -0.2046 0.7954 1 0.786 -0.2245 0.2245 -0.2245 0.7755 1 0.7429 0 0
5 140 998 0 0 0 0 0 1.0073 0 0.9428 0.5665 0.5753 0.6921 0.7083 1.6116 0.9366 0.4542 0.5398 0.6646 0.79 1.894 0.887 0.3946 0.4366 0.5554 0.71 1.2665 -0.1107 0.1107 NA NA 1 0.5063 0.1052 0.1052 0.1052 1.1052 1 1.0185 0.0729 0.0729 0.0729 1.0729 1 0.9941 0 0
5 141 1360 0 0 0 0 0 1.0036 0 0.9589 -0.2639 0.3712 0.4592 0.9583 1.58 0.952 -0.1871 0.3827 0.4786 0.95 1.8602 0.8915 -0.3019 0.3796 0.4462 0.82 1.3907 0.09 0.09 NA NA 1 0.525 -0.1504 0.1504 -0.1504 0.8496 1 0.8034 -0.1739 0.1739 -0.1739 0.8261 1 0.7656 0 0
5 142 711 0 0 0 0 0 1.0052 0 0.9736 -0.1378 0.3529 0.4292 1 1.5866 0.9322 -0.1144 0.3612 0.4599 0.95 1.822 0.7865 -0.2033 0.4657 0.5546 0.57 1.172 -0.1283 0.1283 NA NA 1 0.5056 -0.0657 0.0657 -0.0657 0.9343 1 0.8527 -0.0983 0.0983 -0.0983 0.9017 1 0.8142 0 0
5 143 942 0 0 0 0 0 1.0086 0 0.942 0.5571 0.5603 0.6484 0.6667 1.62 0.937 0.4944 0.5833 0.7064 0.76 1.9369 0.9532 0.5248 0.5314 0.5668 0.84 1.3782 -0.0703 0.0703 NA NA 1 0.5554 -0.0131 0.0131 -0.0131 0.9869 1 0.9898 -0.0399 0.0399 -0.0399 0.9601 1 0.934 0 0
5 144 892 0 0 0 0 0 1.0075 0 0.9483 -0.2487 0.3867 0.4827 0.9583 1.6569 0.9181 -0.1802 0.4151 0.5239 0.95 1.8471 0.8913 -0.2081 0.3381 0.4283 0.81 1.3 0.0128 0.0128 NA NA 1 0.5151 -0.1017 0.1017 -0.1017 0.8983 1 0.8666 -0.1179 0.1179 -0.1179 0.8821 1 0.8397 0 0
5 145 819 0 0 0 0 0 1.0065 0 0.9534 -0.7636 0.7636 0.8505 0.5417 1.6209 0.9081 -0.7098 0.7748 0.9077 0.67 1.8887 0.9942 -0.6299 0.6299 0.6362 0.46 1.2773 -0.0851 0.0851 NA NA 1 0.6063 -0.203 0.203 -0.203 0.797 1 0.7843 -0.2288 0.2288 -0.2288 0.7712 1 0.7586 0 0
5 146 1105 0 0 0 0 0 1.0085 0 0.9692 0.2116 0.3946 0.5398 0.875 1.6326 0.9358 0.2633 0.435 0.5494 0.91 1.868 0.9557 0.2988 0.3529 0.4485 0.84 1.5839 0.2744 0.2744 NA NA 0 0.5305 0.0363 0.0363 0.0363 1.0363 1 1.089 -0.069 0.069 -0.069 0.931 1 0.893 0 0
5 147 1422 0 0 0 0 0 1.0048 0 0.9276 0.4984 0.5665 0.7073 0.8333 1.659 0.9352 0.3754 0.5376 0.6783 0.84 1.8623 0.9416 0.3165 0.3165 0.4 0.84 1.3813 0.121 0.121 NA NA 1 0.5595 -0.1914 0.1914 -0.1914 0.8086 1 0.8223 -0.2223 0.2223 -0.2223 0.7777 1 0.7639 0 0
5 148 944 0 0 0 0 0 1.0027 0 0.9437 -0.4656 0.4836 0.6043 0.7083 1.5938 0.9215 -0.3949 0.5554 0.6605 0.87 1.8601 0.9566 -0.4735 0.4784 0.5394 0.61 1.2519 -0.1623 0.1623 NA NA 1 0.5333 -0.1047 0.1047 -0.1047 0.8953 1 0.8539 -0.1457 0.1457 -0.1457 0.8543 1 0.8195 0 0
5 149 1017 0 0 0 0 0 1.0046 0 0.9402 -0.9764 0.9764 1.0504 0.375 1.7253 0.8938 -0.9481 0.9624 1.0694 0.45 1.8783 0.9478 -0.9444 0.9444 1.0433 0.35 1.4796 0.312 0.312 NA NA 0 0.5684 -0.1718 0.1718 -0.1718 0.8282 1 0.9986 -0.2797 0.2797 -0.2797 0.7203 1 0.7766 0 0
5 150 901 0 0 0 0 0 1.0037 0 0.902 0.3429 0.4565 0.5605 0.9167 1.5545 0.916 0.223 0.4668 0.605 0.89 1.8376 0.9623 0.3457 0.3541 0.4203 0.93 1.1966 -0.2477 0.2477 NA NA 1 0.5052 -0.0796 0.0796 -0.0796 0.9204 1 0.8854 -0.1527 0.1527 -0.1527 0.8473 1 0.8283 0 0
5 151 1211 0 0 0 0 0 1.0134 0 0.9287 -0.1139 0.2996 0.4113 0.9583 1.5866 0.9357 -0.1839 0.3747 0.4671 0.96 1.8919 0.958 -0.3399 0.3701 0.4841 0.83 1.5285 0.1314 0.1314 NA NA 1 0.5334 0.1779 0.1779 0.1779 1.1779 1 1.1888 0.1303 0.1303 0.1303 1.1303 1 1.0961 0 0
5 152 1140 0 0 0 0 0 1.0072 0 0.8887 0.0748 0.348 0.4854 0.9167 1.5541 0.9423 0.0615 0.3697 0.4769 0.96 1.7372 0.989 0.1409 0.1846 0.225 1 1.2148 -0.0665 0.0665 NA NA 1 0.6101 -0.3289 0.3289 -0.3289 0.6711 1 0.6811 -0.3481 0.3481 -0.3481 0.6519 1 0.664 0 0
5 153 1105 0 0 0 0 0 1.006 0 0.948 -0.2379 0.3957 0.5047 0.9167 1.5736 0.9423 -0.1065 0.3772 0.4862 0.94 1.7605 0.9042 -0.0243 0.2856 0.3486 0.97 1.391 0.2077 0.2077 NA NA 1 0.6053 -0.2637 0.2637 -0.2637 0.7363 1 0.777 -0.3182 0.3182 -0.3182 0.6818 1 0.6685 0 0
5 154 1122 0 0 0 0 0 1.0062 0 0.9611 0.0977 0.2551 0.3361 1 1.5867 0.9443 0.02 0.3758 0.4744 0.96 1.831 0.9693 -0.0129 0.1299 0.1903 1 1.2223 -0.1471 0.1471 NA NA 1 0.5528 -0.1992 0.1992 -0.1992 0.8008 1 0.771 -0.2328 0.2328 -0.2328 0.7672 1 0.7615 0 0
5 155 896 0 0 0 0 0 1.0037 0 0.9244 -0.2083 0.3921 0.5175 0.9583 1.6643 0.9171 -0.0444 0.38 0.472 0.96 1.7449 0.9429 -0.1905 0.2735 0.324 0.9 1.1192 -0.2667 0.2667 NA NA 1 0.5145 -0.4083 0.4083 -0.4083 0.5917 0 0.5878 -0.4622 0.4622 -0.4622 0.5378 0 0.5382 0 0
5 156 977 0 0 0 0 0 1.0066 0 0.9291 -0.0476 0.3101 0.3838 1 1.4978 0.925 -0.0417 0.3725 0.4754 0.93 1.6859 0.9595 -0.0955 0.2152 0.2513 1 1.1249 -0.1365 0.1365 NA NA 1 0.5405 -0.4025 0.4025 -0.4025 0.5975 0 0.6099 -0.4255 0.4255 -0.4255 0.5745 0 0.5846 0 0
5 157 858 0 0 0 0 0 1.0086 0 0.929 -0.0673 0.3918 0.5109 0.9583 1.6687 0.908 -0.1571 0.3671 0.484 0.93 1.824 0.8858 0.1043 0.4109 0.4744 1 1.5162 0.2586 0.2586 NA NA 1 0.5445 -0.0836 0.0836 -0.0836 0.9164 1 0.984 -0.1719 0.1719 -0.1719 0.8281 1 0.8093 0 0
5 158 1134 0 0 0 0 0 1.006 0 0.9512 0.4109 0.474 0.5996 0.875 1.6285 0.9231 0.3224 0.454 0.5515 0.86 1.7289 0.9689 0.2875 0.3154 0.3501 1 1.2634 0.0504 0.0504 NA NA 1 0.5819 -0.4607 0.4607 -0.4607 0.5393 0 0.6206 -0.476 0.476 -0.476 0.524 0 0.5816 0 0
5 159 1370 0 0 0 0 0 1.0049 0 0.9707 -0.2552 0.3035 0.3566 1 1.5255 0.9315 -0.301 0.4244 0.5327 0.92 1.8894 0.9503 -0.2069 0.2279 0.3032 1 1.4421 0.0994 0.0994 NA NA 1 0.5643 -0.0232 0.0232 -0.0232 0.9768 1 0.9568 -0.0555 0.0555 -0.0555 0.9445 1 0.8806 0 0
5 160 1066 0 0 0 0 0 1.0075 0 0.9465 0.4887 0.5309 0.6622 0.75 1.6047 0.9288 0.3634 0.4894 0.6144 0.85 1.8318 0.8952 0.4149 0.4194 0.5224 0.7 1.3662 0.0355 0.0355 NA NA 1 0.6038 -0.166 0.166 -0.166 0.834 1 0.8454 -0.1888 0.1888 -0.1888 0.8112 1 0.8083 0 0
5 161 894 0 0 0 0 0 1.0044 0 0.9159 0.4305 0.5134 0.6419 0.8333 1.5795 0.9442 0.44 0.4952 0.6061 0.87 1.8328 0.983 0.2843 0.2854 0.3126 1 1.3112 0.0244 0.0244 NA NA 1 0.5191 -0.2346 0.2346 -0.2346 0.7654 1 0.7531 -0.2489 0.2489 -0.2489 0.7511 1 0.732 0 0
5 162 1377 0 0 0 0 0 1.0078 0 0.9539 -0.0485 0.212 0.2886 1 1.4937 0.9402 -0.1354 0.3883 0.4786 0.96 1.809 0.9492 0.0132 0.2082 0.2428 1 1.3359 0.0516 0.0516 NA NA 1 0.5303 -0.2178 0.2178 -0.2178 0.7822 1 0.7669 -0.235 0.235 -0.235 0.765 1 0.7513 0 0
5 163 1177 0 0 0 0 0 1.0062 0 0.9332 -0.0539 0.3007 0.3625 1 1.5193 0.9278 -0.0821 0.4078 0.5047 0.94 1.8359 0.8993 -0.0905 0.2448 0.3232 0.97 1.4036 0.1235 0.1235 NA NA 1 0.5278 -0.1165 0.1165 -0.1165 0.8835 1 0.8622 -0.1486 0.1486 -0.1486 0.8514 1 0.8147 0 0
5 164 935 0 0 0 0 0 1.0038 0 0.935 0.0836 0.352 0.498 0.9167 1.5637 0.9214 0.1402 0.4134 0.5303 0.91 1.7197 0.9211 0.107 0.3862 0.439 0.82 1.1502 -0.0389 0.0389 NA NA 1 0.5391 -0.3352 0.3352 -0.3352 0.6648 1 0.6404 -0.3495 0.3495 -0.3495 0.6505 1 0.6233 0 0
5 165 976 0 0 0 0 0 1.0056 0 0.9611 0.3676 0.3952 0.4991 0.9583 1.6099 0.9334 0.3657 0.4722 0.5746 0.92 1.9046 0.9356 0.3829 0.3949 0.4572 0.8 1.314 -0.0654 0.0654 NA NA 1 0.5202 -0.038 0.038 -0.038 0.962 1 0.8891 -0.0592 0.0592 -0.0592 0.9408 1 0.8794 0 0
5 166 1012 0 0 0 0 0 1.0077 0 0.9318 0.2549 0.3352 0.4759 0.875 1.5444 0.9423 0.1857 0.3817 0.4752 0.96 1.7463 0.9703 0.1701 0.2648 0.3034 1 1.2276 0.023 0.023 NA NA 1 0.5596 -0.2789 0.2789 -0.2789 0.7211 1 0.7071 -0.2954 0.2954 -0.2954 0.7046 1 0.674 0 0
5 167 1437 0 0 0 0 0 1.0067 0 0.9282 -0.4827 0.5253 0.5974 0.8333 1.5524 0.9393 -0.4767 0.5264 0.6399 0.87 1.9076 0.9745 -0.3794 0.3794 0.4314 0.89 1.4309 0.0526 0.0526 NA NA 1 0.5616 -0.1333 0.1333 -0.1333 0.8667 1 0.8622 -0.1551 0.1551 -0.1551 0.8449 1 0.8255 0 0
5 168 1126 0 0 0 0 0 1.01 0 0.9132 0.5177 0.5824 0.6968 0.7917 1.5175 0.9326 0.3722 0.5105 0.6292 0.86 1.7987 0.9412 0.2597 0.4331 0.5005 0.84 1.4102 0.1791 0.1791 NA NA 1 0.5883 -0.0317 0.0317 -0.0317 0.9683 1 0.9788 -0.0905 0.0905 -0.0905 0.9095 1 0.8677 0 0
5 169 1049 0 0 0 0 0 1.006 0 0.918 0.2135 0.3721 0.4362 0.9583 1.55 0.9313 0.187 0.4081 0.5279 0.93 1.8546 0.9343 0.1479 0.2603 0.2933 1 1.3129 -0.007 0.007 NA NA 1 0.4991 -0.1402 0.1402 -0.1402 0.8598 1 0.8304 -0.1544 0.1544 -0.1544 0.8456 1 0.8067 0 0
5 170 833 0 0 0 0 0 1.0042 0 0.9327 -0.5471 0.5981 0.7694 0.75 1.6497 0.9193 -0.3854 0.4896 0.6126 0.89 1.8267 0.9127 -0.4374 0.4374 0.5244 0.73 1.3499 0.0698 0.0698 NA NA 1 0.6463 -0.321 0.321 -0.321 0.679 1 0.6957 -0.3448 0.3448 -0.3448 0.6552 1 0.6566 0 0
5 171 1224 0 0 0 0 0 1.0074 0 0.9222 0.4939 0.5196 0.7462 0.9167 1.6239 0.9173 0.3839 0.5009 0.5923 0.88 1.7896 0.9675 0.3928 0.4382 0.5286 0.65 1.2527 2e-04 2e-04 NA NA 1 0.5382 -0.2695 0.2695 -0.2695 0.7305 1 0.7412 -0.2839 0.2839 -0.2839 0.7161 1 0.7155 0 0
5 172 982 0 0 0 0 0 1.0068 0 0.9631 0.2339 0.3167 0.4115 1 1.6695 0.9018 0.2597 0.4458 0.5484 0.92 1.8625 0.8521 0.4178 0.488 0.6048 0.66 1.3361 0.0489 0.0489 NA NA 1 0.5517 -0.136 0.136 -0.136 0.864 1 0.8716 -0.1564 0.1564 -0.1564 0.8436 1 0.8394 0 0
5 173 929 0 0 0 0 0 1.0061 0 0.9038 -0.5634 0.6401 0.8767 0.75 1.7341 0.9262 -0.5429 0.665 0.7819 0.71 1.8542 0.9007 -0.5263 0.5263 0.6387 0.65 1.2853 0.059 0.059 NA NA 1 0.5614 -0.1797 0.1797 -0.1797 0.8203 1 0.8455 -0.2008 0.2008 -0.2008 0.7992 1 0.8013 0 0
5 174 808 0 0 0 0 0 1.0042 0 0.9436 -0.692 0.7014 0.8395 0.625 1.7145 0.9359 -0.6033 0.6417 0.7774 0.73 1.7982 0.9382 -0.444 0.4526 0.5231 0.72 1.3718 0.1656 0.1656 NA NA 1 0.6059 -0.3866 0.3866 -0.3866 0.6134 1 0.6725 -0.4213 0.4213 -0.4213 0.5787 0 0.609 0 0
5 175 862 0 0 0 0 0 1.0055 0 0.9317 -0.0661 0.3011 0.3982 1 1.5747 0.9372 -0.0213 0.3175 0.408 0.96 1.8076 0.9421 0.0638 0.2361 0.2714 1 1.3674 0.1146 0.1146 NA NA 1 0.5443 -0.2324 0.2324 -0.2324 0.7676 1 0.7621 -0.2592 0.2592 -0.2592 0.7408 1 0.7133 0 0
5 176 757 0 0 0 0 0 1.0038 0 0.9394 0.7795 0.7874 0.8639 0.5 1.6098 0.9317 0.7866 0.8208 0.9464 0.57 1.9612 0.9579 0.7022 0.7022 0.7883 0.44 1.2568 -0.1494 0.1494 NA NA 1 0.5141 0.1955 0.1955 0.1955 1.1955 1 1.1707 0.1479 0.1479 0.1479 1.1479 1 1.1389 0 0
5 177 1244 0 0 0 0 0 1.0024 0 0.9194 0.0021 0.3305 0.4183 0.9167 1.5324 0.9248 0.0494 0.3769 0.4674 0.95 1.8361 0.8992 0.0092 0.2614 0.3094 1 1.2216 -0.2345 0.2345 NA NA 1 0.5233 -0.1488 0.1488 -0.1488 0.8512 1 0.8293 -0.2114 0.2114 -0.2114 0.7886 1 0.794 0 0
5 178 1096 0 0 0 0 0 1.0042 0 0.9398 0.1623 0.2891 0.3734 0.9583 1.5139 0.9364 0.1342 0.3555 0.445 0.95 1.8398 0.8647 0.1031 0.3207 0.3942 0.94 1.5058 0.212 0.212 NA NA 1 0.5502 0.0285 0.0285 0.0285 1.0285 1 1.0467 -0.044 0.044 -0.044 0.956 1 0.9116 0 0
5 179 944 0 0 0 0 0 1.0041 0 0.9584 -0.1665 0.3852 0.503 0.9583 1.6621 0.921 -0.2178 0.4253 0.5307 0.92 1.7886 0.912 -0.2866 0.3601 0.4477 0.83 1.2606 0.0485 0.0485 NA NA 1 0.5887 -0.3236 0.3236 -0.3236 0.6764 1 0.6766 -0.3419 0.3419 -0.3419 0.6581 1 0.6444 0 0
5 180 767 0 0 0 0 0 1.0048 0 0.9661 -0.4349 0.5888 0.7657 0.75 1.7099 0.9338 -0.2386 0.47 0.5645 0.89 1.8314 0.9723 -0.3333 0.3464 0.4113 0.78 1.1838 -0.082 0.082 NA NA 1 0.6039 -0.3745 0.3745 -0.3745 0.6255 0 0.621 -0.3933 0.3933 -0.3933 0.6067 0 0.6126 0 0
5 181 947 0 0 0 0 0 1.0068 0 0.9198 -0.6394 0.6408 0.7534 0.625 1.5706 0.9289 -0.6917 0.7244 0.8446 0.65 1.931 0.9723 -0.6449 0.6449 0.6682 0.37 1.3278 -0.0784 0.0784 NA NA 1 0.5344 0.0363 0.0363 0.0363 1.0363 1 0.9885 0.0101 0.0101 0.0101 1.0101 1 0.9543 0 0
5 182 1207 0 0 0 0 0 1.0064 0 0.9473 -0.385 0.4117 0.5193 0.875 1.564 0.9118 -0.3428 0.4757 0.5634 0.89 1.853 0.8518 -0.4048 0.4423 0.5507 0.67 1.4001 0.1238 0.1238 NA NA 1 0.571 -0.1159 0.1159 -0.1159 0.8841 1 0.887 -0.1517 0.1517 -0.1517 0.8483 1 0.8086 0 0
5 183 1256 0 0 0 0 0 1.0075 0 0.945 -4e-04 0.4333 0.6388 0.9167 1.7239 0.9366 0.087 0.3863 0.4753 0.96 1.9453 0.9179 0.0833 0.2379 0.3095 1 1.4579 0.0942 0.0942 NA NA 1 0.5662 0.0517 0.0517 0.0517 1.0517 1 1.0464 0.0162 0.0162 0.0162 1.0162 1 0.9487 0 0
5 184 940 0 0 0 0 0 1.0049 0 0.9539 0.1359 0.2733 0.3322 1 1.5679 0.9023 0.1118 0.4227 0.5464 0.93 1.7922 0.9642 -0.1928 0.2799 0.3066 1 1.2489 -0.074 0.074 NA NA 1 0.5391 -0.2387 0.2387 -0.2387 0.7613 1 0.7331 -0.2575 0.2575 -0.2575 0.7425 1 0.7167 0 0
5 185 1164 0 0 0 0 0 1.0022 0 0.9643 0.2405 0.3906 0.5428 0.9583 1.7421 0.9141 0.1752 0.4206 0.5171 0.93 1.8456 0.9529 0.3807 0.3913 0.4418 0.84 1.4081 0.1651 0.1651 NA NA 1 0.609 -0.3183 0.3183 -0.3183 0.6817 1 0.7314 -0.358 0.358 -0.358 0.642 1 0.644 0 0
5 186 1225 0 0 0 0 0 1.009 0 0.903 -0.6537 0.6673 0.7639 0.625 1.5812 0.9166 -0.5678 0.6803 0.7948 0.68 1.8383 0.8696 -0.5449 0.5449 0.6495 0.74 1.4403 0.1633 0.1633 NA NA 1 0.5918 -0.2484 0.2484 -0.2484 0.7516 1 0.8225 -0.2899 0.2899 -0.2899 0.7101 1 0.7343 0 0
5 187 1366 0 0 0 0 0 1.0027 0 0.9398 0.3748 0.4645 0.572 0.8333 1.6286 0.9245 0.3853 0.5165 0.6483 0.85 1.9036 0.9568 0.2667 0.3206 0.3372 1 1.479 0.0925 0.0925 NA NA 1 0.579 -0.0239 0.0239 -0.0239 0.9761 1 0.999 -0.0569 0.0569 -0.0569 0.9431 1 0.8972 0 0
5 188 761 0 0 0 0 0 1.0104 0 0.9331 -0.7396 0.7396 0.8522 0.5833 1.6002 0.9294 -0.6597 0.7257 0.8317 0.67 1.8626 0.9074 -0.5497 0.5497 0.6249 0.62 1.2714 -0.0815 0.0815 NA NA 1 0.5728 -0.2588 0.2588 -0.2588 0.7412 1 0.7649 -0.2805 0.2805 -0.2805 0.7195 1 0.727 0 0
5 189 1015 0 0 0 0 0 1.0097 0 0.9444 0.203 0.3612 0.4471 0.9583 1.5759 0.9437 0.2279 0.3875 0.4836 0.93 1.8099 0.9922 0.3199 0.3234 0.3319 1 1.2947 0.0085 0.0085 NA NA 1 0.5829 -0.2933 0.2933 -0.2933 0.7067 1 0.7113 -0.3101 0.3101 -0.3101 0.6899 1 0.6895 0 0
5 190 1125 0 0 0 0 0 1.0025 0 0.9441 0.0886 0.2605 0.3491 0.9583 1.6015 0.9411 0.1197 0.3877 0.4935 0.97 1.9193 0.9688 0.1881 0.264 0.312 1 1.4051 0.0063 0.0063 NA NA 1 0.5315 0.2068 0.2068 0.2068 1.2068 1 1.1398 0.1824 0.1824 0.1824 1.1824 1 1.0972 0 0
5 191 764 0 0 0 0 0 1.0024 0 0.9283 0.4314 0.5199 0.792 0.8333 1.7361 0.9392 0.3114 0.439 0.5523 0.89 1.8172 0.962 0.33 0.3826 0.4846 0.78 1.2747 0.0578 0.0578 NA NA 1 0.5528 -0.2622 0.2622 -0.2622 0.7378 1 0.7437 -0.281 0.281 -0.281 0.719 1 0.7002 0 0
5 192 1322 0 0 0 0 0 1.0046 0 0.899 -1.1334 1.1334 1.2096 0.2083 1.6911 0.9142 -1.013 1.0348 1.1407 0.36 1.8311 0.9749 -0.9422 0.9422 0.9553 0.09 1.3542 0.1885 0.1885 NA NA 1 0.6259 -0.4427 0.4427 -0.4427 0.5573 0 0.6361 -0.4798 0.4798 -0.4798 0.5202 0 0.5722 0 0
5 193 1013 0 0 0 0 0 1.0055 0 0.8868 -0.5467 0.5794 0.6832 0.6667 1.5777 0.9327 -0.5168 0.5875 0.6962 0.81 1.9056 0.9617 -0.6283 0.6283 0.6576 0.48 1.2556 -0.1722 0.1722 NA NA 1 0.5408 -0.1284 0.1284 -0.1284 0.8716 1 0.802 -0.1722 0.1722 -0.1722 0.8278 1 0.7677 0 0
5 194 728 0 0 0 0 0 1.0016 0 0.8963 1.153 1.153 1.3434 0.25 1.7663 0.9376 0.837 0.858 0.9601 0.51 1.8242 0.9863 0.7691 0.7691 0.7971 0.25 1.1366 -0.2194 0.2194 NA NA 1 0.563 -0.4228 0.4228 -0.4228 0.5772 0 0.6226 -0.463 0.463 -0.463 0.537 0 0.5789 0 0
5 195 956 0 0 0 0 0 1.0078 0 0.8945 -0.4569 0.5273 0.5984 0.8333 1.5421 0.9456 -0.3763 0.4686 0.5846 0.89 1.89 0.8952 -0.4076 0.4402 0.5167 0.84 1.3977 0.0512 0.0512 NA NA 1 0.5584 -0.0393 0.0393 -0.0393 0.9607 1 0.904 -0.0631 0.0631 -0.0631 0.9369 1 0.8648 0 0
5 196 1076 0 0 0 0 0 1.0055 0 0.9505 0.4614 0.4959 0.6119 0.7917 1.6614 0.9428 0.5285 0.5935 0.6913 0.79 1.8833 0.9837 0.5052 0.5052 0.5209 0.89 1.331 0.0328 0.0328 NA NA 1 0.538 -0.2434 0.2434 -0.2434 0.7566 1 0.761 -0.2595 0.2595 -0.2595 0.7405 1 0.731 0 0
5 197 938 0 0 0 0 0 1.0066 0 0.9731 -0.3209 0.3599 0.4315 1 1.5996 0.919 -0.2952 0.4373 0.5951 0.87 1.8905 0.9672 -0.203 0.203 0.2733 0.95 1.2761 -0.1428 0.1428 NA NA 1 0.5306 -0.0673 0.0673 -0.0673 0.9327 1 0.9054 -0.1035 0.1035 -0.1035 0.8965 1 0.8805 0 0
5 198 1008 0 0 0 0 0 1.0047 0 0.9489 -0.8114 0.8114 0.9128 0.5417 1.6294 0.9381 -0.6817 0.7401 0.8519 0.68 1.847 0.9366 -0.5086 0.5086 0.575 0.63 1.3052 0.0129 0.0129 NA NA 1 0.5569 -0.1963 0.1963 -0.1963 0.8037 1 0.783 -0.2132 0.2132 -0.2132 0.7868 1 0.7541 0 0
5 199 1188 0 0 0 0 0 1.0036 0 0.9059 0.4507 0.5227 0.7561 0.8333 1.654 0.9344 0.3975 0.4642 0.5833 0.88 1.7712 0.9508 0.3718 0.3718 0.4344 0.77 1.1988 -0.0633 0.0633 NA NA 1 0.5674 -0.3814 0.3814 -0.3814 0.6186 0 0.6323 -0.3969 0.3969 -0.3969 0.6031 0 0.6195 0 0
5 200 740 0 0 0 0 0 1.0023 0 0.9624 -0.4509 0.4867 0.5886 0.875 1.6053 0.9388 -0.4001 0.4939 0.585 0.88 1.8822 0.9665 -0.3447 0.3489 0.3979 0.85 1.3285 -0.0045 0.0045 NA NA 1 0.5617 -0.0772 0.0772 -0.0772 0.9228 1 0.9035 -0.0961 0.0961 -0.0961 0.9039 1 0.8872 0 0
