cond r run.time ndiv nbfmi ntree nbulk ntail maxRhat nRhat beta.cor beta.bias beta.abbias beta.rmse beta.CI theta.cor theta.bias theta.abbias theta.rmse theta.CI lambda.bias lambda.abbias lambda.CI corrupt efficiency
8 1 1812 0 0 0 0 0 1.0009 0 0.9721 -0.0579 0.2402 0.3449 2.1426 0.9068 -0.085 0.3601 0.4507 2.3726 -0.015 0.015 0.2185 0 0
8 2 2066 0 0 0 0 0 1.0004 0 0.9936 0.0702 0.1198 0.1536 1.4959 0.9167 0.0947 0.3308 0.4129 2.29 0.0263 0.0263 0.2112 0 0
8 3 2043 0 0 0 0 0 1.0001 0 0.9877 0.0619 0.1562 0.2638 2.1493 0.9018 0.0387 0.3415 0.4315 2.1811 0.0209 0.0209 0.2155 0 0
8 4 2069 0 0 0 0 0 1.0014 0 0.9897 -0.0064 0.118 0.1424 1.1908 0.9102 0.0265 0.3343 0.4271 2.3724 0.0379 0.0379 0.2088 0 0
8 5 2066 0 0 0 0 0 1.0002 0 0.9924 -0.0141 0.0882 0.118 0.983 0.9039 -0.002 0.3327 0.4278 2.3317 -0.0291 0.0291 0.2144 0 0
8 6 2105 0 0 0 0 0 1.0001 0 0.9848 0.051 0.1691 0.2058 1.0989 0.9149 0.0207 0.3154 0.3971 2.2876 -0.0217 0.0217 0.2228 0 0
8 7 2059 0 0 0 0 0 1.001 0 0.991 0.0284 0.1044 0.1446 1.155 0.9092 0.0136 0.3286 0.4214 2.3836 -0.0066 0.0066 0.2154 0 0
8 8 2063 0 0 0 0 0 1.0008 0 0.9929 0.0075 0.1019 0.1246 1.0805 0.916 0.0169 0.3245 0.4111 2.3121 -0.0105 0.0105 0.2092 0 0
8 9 2074 0 0 0 0 0 1.0003 0 0.9921 -0.0432 0.1251 0.1543 0.8537 0.9238 0.0123 0.3323 0.4199 2.384 -0.0272 0.0272 0.2056 0 0
8 10 2065 0 0 0 0 0 1.0001 0 0.9928 -0.073 0.1251 0.1638 1.6394 0.9007 -0.0689 0.3517 0.4413 2.3417 0.0916 0.0916 0.2149 0 0
8 11 2044 0 0 0 0 0 1.0001 0 0.9916 -0.0725 0.13 0.1623 1.1694 0.894 -0.0211 0.3214 0.4175 2.3636 0.0351 0.0351 0.2236 0 0
8 12 2075 0 0 0 0 0 1.0001 0 0.991 -0.0136 0.1173 0.139 1.4109 0.9083 -0.0127 0.3333 0.4221 2.4275 -0.0345 0.0345 0.2183 0 0
8 13 2076 0 0 0 0 0 1.0002 0 0.995 -0.123 0.1388 0.1668 1.2115 0.9192 -0.097 0.3386 0.4246 2.327 -0.0823 0.0823 0.2103 0 0
8 14 2036 0 0 0 0 0 1.0001 0 0.9926 0.0075 0.119 0.141 1.4572 0.8973 -0.0222 0.3396 0.4248 2.3683 -0.0369 0.0369 0.2179 0 0
8 15 2080 0 0 0 0 0 1.001 0 0.9713 -0.1039 0.2093 0.2728 1.2677 0.8944 -0.103 0.363 0.4524 2.5199 -0.0138 0.0138 0.2261 0 0
8 16 2039 0 0 0 0 0 1.001 0 0.9877 0.1008 0.1714 0.2008 1.1955 0.9268 0.0739 0.3099 0.3983 2.2918 -0.0818 0.0818 0.211 0 0
8 17 1860 0 0 0 0 0 1.0005 0 0.9888 0.0733 0.117 0.1619 0.8748 0.9103 0.0691 0.3347 0.4252 2.3364 0.0227 0.0227 0.215 0 0
8 18 2036 0 0 0 0 0 1.0001 0 0.9862 -0.1232 0.1918 0.2774 1.631 0.8964 -0.0718 0.3617 0.4563 2.2321 0.0047 0.0047 0.2197 0 0
8 19 2079 0 0 0 0 0 1.0001 0 0.9881 0.0728 0.1476 0.1746 1.8333 0.8912 0.0446 0.3605 0.4512 2.4475 -0.0265 0.0265 0.2146 0 0
8 20 2087 0 0 0 0 0 1.0003 0 0.9915 0.056 0.1034 0.1322 0.9135 0.9099 0.0285 0.3215 0.399 2.3368 0.0323 0.0323 0.2134 0 0
8 21 2100 0 0 0 0 0 1.0003 0 0.9938 -0.0674 0.12 0.1407 1.1917 0.9201 -0.0366 0.318 0.3969 2.3817 0.0543 0.0543 0.2147 0 0
8 22 2066 0 0 0 0 0 1.0003 0 0.9692 0.0349 0.1697 0.307 2.1477 0.8953 0.0107 0.3587 0.4547 2.4522 -0.0733 0.0733 0.2112 0 0
8 23 2072 0 0 0 0 0 1.0002 0 0.9841 0.0559 0.1612 0.1947 1.2189 0.8968 0.0457 0.347 0.4386 2.3824 0.0409 0.0409 0.212 0 0
8 24 1987 0 0 0 0 0 1.0003 0 0.9883 0.0154 0.1263 0.1551 1.196 0.9158 0.0072 0.3197 0.4076 2.31 -0.0486 0.0486 0.2086 0 0
8 25 2103 0 0 0 0 0 1.0004 0 0.9779 0.1097 0.1634 0.2169 1.269 0.9096 0.0831 0.3523 0.4385 2.3911 -0.0701 0.0701 0.2139 0 0
8 26 2062 0 0 0 0 0 1.0004 0 0.9901 0.0963 0.1587 0.2117 1.4652 0.9044 0.1125 0.3573 0.4565 2.344 0.0942 0.0942 0.2225 0 0
8 27 2071 0 0 0 0 0 1.0001 0 0.9853 -0.0836 0.1562 0.2085 1.9126 0.9126 -0.0833 0.3327 0.4113 2.328 -0.0679 0.0679 0.2134 0 0
8 28 2069 0 0 0 0 0 1.0003 0 0.9765 -0.0586 0.1986 0.345 1.5521 0.8934 -0.007 0.3436 0.4291 2.2869 0.0839 0.0839 0.2263 0 0
8 29 2062 0 0 0 0 0 1.0004 0 0.9879 -0.0358 0.1319 0.1575 0.9583 0.9201 -0.0494 0.3056 0.387 2.4389 0.0785 0.0785 0.2153 0 0
8 30 2054 0 0 0 0 0 1.0003 0 0.9935 0.046 0.1293 0.1634 1.791 0.9085 0.0618 0.3534 0.4448 2.3324 -0.0605 0.0605 0.2149 0 0
8 31 2035 0 0 0 0 0 1.0007 0 0.9921 -0.0141 0.1391 0.1675 1.7653 0.9124 0.0063 0.3315 0.4198 2.3758 -0.0755 0.0755 0.2175 0 0
8 32 2054 0 0 0 0 0 1.0001 0 0.9886 -0.0455 0.1758 0.2313 1.7107 0.9094 -0.0482 0.3398 0.4257 2.2192 -0.0754 0.0754 0.2168 0 0
8 33 2065 0 0 0 0 0 1.0004 0 0.9878 -0.0324 0.1084 0.1379 0.8582 0.9021 -0.049 0.3338 0.4255 2.3667 -0.114 0.114 0.2114 0 0
8 34 2052 0 0 0 0 0 1.0002 0 0.9874 -0.0361 0.167 0.2082 1.5012 0.8861 -0.0468 0.3483 0.4423 2.2041 -0.0372 0.0372 0.2159 0 0
8 35 2055 0 0 0 0 0 1.001 0 0.9911 0.0015 0.1127 0.1392 1.3276 0.8981 0.0123 0.3302 0.4165 2.3286 0.0297 0.0297 0.2154 0 0
8 36 2065 0 0 0 0 0 1.0002 0 0.9916 -0.0858 0.1391 0.172 1.2174 0.9039 -0.0415 0.333 0.4232 2.3625 -0.0545 0.0545 0.2192 0 0
8 37 2074 0 0 0 0 0 1.0002 0 0.9946 -0.0417 0.128 0.1658 1.8673 0.8967 -0.0397 0.3603 0.4496 2.2508 0.1207 0.1207 0.2182 0 0
8 38 2061 0 0 0 0 0 1.0004 0 0.9906 0.0285 0.1198 0.1589 1.1914 0.919 0.0299 0.3238 0.4077 2.3692 0.0105 0.0105 0.2159 0 0
8 39 2041 0 0 0 0 0 1.0001 0 0.9919 -0.0263 0.1584 0.2292 2.1831 0.9039 0.0119 0.3445 0.4296 2.2956 -0.0746 0.0746 0.2166 0 0
8 40 2070 0 0 0 0 0 1.0003 0 0.9855 -0.103 0.1689 0.2044 1.257 0.9052 -0.0132 0.3259 0.4111 2.384 0.0361 0.0361 0.216 0 0
8 41 2062 0 0 0 0 0 1.0005 0 0.9901 0.0095 0.16 0.1895 1.6811 0.907 -0.0107 0.3367 0.4263 2.3634 -0.0666 0.0666 0.2116 0 0
8 42 2041 0 0 0 0 0 1.0001 0 0.9885 -0.0131 0.1268 0.177 1.6462 0.9023 -0.0132 0.3378 0.4146 2.4137 -0.0052 0.0052 0.216 0 0
8 43 2070 0 0 0 0 0 1.0004 0 0.9886 -0.0612 0.1257 0.1537 1.3442 0.9109 -0.068 0.3386 0.4266 2.3622 0.011 0.011 0.2154 0 0
8 44 2075 0 0 0 0 0 1.0012 0 0.9864 -0.0966 0.1502 0.1904 1.0478 0.9091 -0.0933 0.3194 0.4048 2.3195 -0.0039 0.0039 0.2187 0 0
8 45 2082 0 0 0 0 0 1.0002 0 0.9851 0.0758 0.1707 0.2476 1.7012 0.8909 0.0695 0.3576 0.4515 2.3351 -0.0516 0.0516 0.2266 0 0
8 46 2071 0 0 0 0 0 1.0007 0 0.9917 -0.0277 0.0926 0.1264 1.0054 0.9051 -0.01 0.3328 0.4245 2.3794 -0.0225 0.0225 0.2174 0 0
8 47 2029 0 0 0 0 0 1.0003 0 0.9767 -0.0078 0.1785 0.2367 1.2002 0.9158 -0.0187 0.3114 0.398 2.2965 -0.0257 0.0257 0.2209 0 0
8 48 2048 0 0 0 0 0 1.0001 0 0.9726 -0.1075 0.1911 0.3056 1.5443 0.8888 -0.0966 0.3664 0.4702 2.4013 -0.0025 0.0025 0.219 0 0
8 49 2060 0 0 0 0 0 1.0003 0 0.9955 0.1072 0.1178 0.1586 1.6033 0.8995 0.1184 0.3545 0.4591 2.2977 0.0471 0.0471 0.2162 0 0
8 50 2079 0 0 0 0 0 1.0002 0 0.9804 0.0055 0.1504 0.2296 1.6753 0.9056 0.0399 0.3364 0.4245 2.3466 0.0088 0.0088 0.2117 0 0
8 51 2119 0 0 0 0 0 1.0001 0 0.9551 -0.0691 0.259 0.5211 2.6516 0.9049 -0.0237 0.365 0.4503 2.0865 -0.0255 0.0255 0.2205 0 0
8 52 2071 0 0 0 0 0 1.0003 0 0.9944 -0.0332 0.1248 0.1647 1.8054 0.9092 -0.052 0.3465 0.432 2.1975 -0.0151 0.0151 0.2218 0 0
8 53 2051 0 0 0 0 0 1.0003 0 0.9864 0.0106 0.1294 0.1848 1.1845 0.9115 0.0163 0.3149 0.4075 2.3051 0.0776 0.0776 0.2194 0 0
8 54 2046 0 0 0 0 0 1.0002 0 0.9853 0.1071 0.1696 0.2102 1.7837 0.9068 0.0583 0.3375 0.4272 2.353 -0.0117 0.0117 0.213 0 0
8 55 2055 0 0 0 0 0 1.0005 0 0.9915 0.065 0.1793 0.2309 1.772 0.8943 0.0365 0.3682 0.4592 2.3126 -0.0944 0.0944 0.2238 0 0
8 56 2053 0 0 0 0 0 1.0003 0 0.9896 0.023 0.1233 0.159 1.2124 0.8988 -0.0225 0.3462 0.4406 2.3176 -0.0637 0.0637 0.2095 0 0
8 57 2047 0 0 0 0 0 1.0005 0 0.9929 0.0084 0.1265 0.1501 1.7528 0.8998 -4e-04 0.3294 0.4074 2.3041 -0.1052 0.1052 0.2183 0 0
8 58 2064 0 0 0 0 0 1.0008 0 0.9889 -0.0634 0.1242 0.1725 0.9478 0.9137 -0.0567 0.327 0.4143 2.3259 -0.0674 0.0674 0.2132 0 0
8 59 2076 0 0 0 0 0 1.0001 0 0.9814 -0.0261 0.1616 0.2231 1.0791 0.8983 -0.0626 0.3357 0.4202 2.3426 -0.0541 0.0541 0.214 0 0
8 60 2065 0 0 0 0 0 1.0006 0 0.9812 0.0179 0.1681 0.2228 1.6542 0.9069 -0.0185 0.3195 0.4106 2.3595 -0.0637 0.0637 0.2234 0 0
8 61 2058 0 0 0 0 0 1.0006 0 0.9911 -0.0111 0.139 0.1749 1.5486 0.8933 -0.0451 0.3507 0.4377 2.2771 0.0179 0.0179 0.2209 0 0
8 62 2060 0 0 0 0 0 1.0004 0 0.9863 0.042 0.127 0.1615 0.8448 0.9019 0.0202 0.3381 0.4196 2.3519 0.0156 0.0156 0.2072 0 0
8 63 2082 0 0 0 0 0 1.0003 0 0.9892 -0.0226 0.1108 0.1488 1.0793 0.9074 0.0198 0.3365 0.4278 2.3216 0.0508 0.0508 0.2105 0 0
8 64 2057 0 0 0 0 0 1.0004 0 0.9905 0.0168 0.1033 0.1308 0.9226 0.9187 -0.0114 0.3291 0.417 2.3338 -0.0289 0.0289 0.211 0 0
8 65 2048 0 0 0 0 0 1.0005 0 0.9728 -0.0331 0.134 0.1804 1.1627 0.9087 -0.0057 0.3446 0.4286 2.5059 0.0323 0.0323 0.2115 0 0
8 66 2053 0 0 0 0 0 1.0002 0 0.9883 -0.0617 0.1349 0.1751 1.2576 0.9019 -0.0205 0.338 0.4232 2.3294 0.0624 0.0624 0.2192 0 0
8 67 2103 0 0 0 0 0 1.0006 0 0.9652 -0.0939 0.2003 0.4128 2.1899 0.9052 2e-04 0.3491 0.4375 2.3089 0.0538 0.0538 0.2192 0 0
8 68 2066 0 0 0 0 0 1.0003 0 0.9917 0.0656 0.1578 0.2112 2.0002 0.9082 0.0387 0.3356 0.4292 2.3412 -0.0378 0.0378 0.2149 0 0
8 69 2053 0 0 0 0 0 1.0005 0 0.9816 0.1274 0.1696 0.2239 1.0306 0.9061 0.1063 0.3511 0.4478 2.3884 -0.0105 0.0105 0.2132 0 0
8 70 2042 0 0 0 0 0 1.0003 0 0.9657 0.0413 0.1765 0.2792 1.9351 0.8991 0.0254 0.3457 0.4387 2.4888 -0.0376 0.0376 0.2186 0 0
8 71 2045 0 0 0 0 0 1.0003 0 0.9861 0.1689 0.1823 0.3085 2.2449 0.888 0.0854 0.3766 0.4769 2.3283 0.005 0.005 0.2206 0 0
8 72 2060 0 0 0 0 0 1.0005 0 0.9847 -0.0497 0.135 0.185 1.2341 0.9124 0.0073 0.3313 0.4111 2.4883 -0.0133 0.0133 0.2159 0 0
8 73 2047 0 0 0 0 0 1.0006 0 0.9962 -0.0444 0.0933 0.1246 1.6663 0.9091 -0.0189 0.3397 0.4156 2.3054 -0.0026 0.0026 0.2031 0 0
8 74 2065 0 0 0 0 0 1.0002 0 0.9945 -0.0788 0.1228 0.1555 1.1571 0.8942 -0.0828 0.3763 0.4667 2.2578 0.1105 0.1105 0.2137 0 0
8 75 2049 0 0 0 0 0 1.0002 0 0.9855 0.0241 0.1947 0.2558 1.8912 0.9123 0.0311 0.3323 0.4222 2.2944 -0.0226 0.0226 0.2167 0 0
8 76 2051 0 0 0 0 0 1.0003 0 0.9668 0.0142 0.2139 0.3478 2.0038 0.9002 -0.0294 0.338 0.4332 2.3828 -0.0151 0.0151 0.2196 0 0
8 77 2061 0 0 0 0 0 1.0005 0 0.9927 0.0848 0.1159 0.1493 1.2904 0.9176 0.0912 0.3368 0.4215 2.35 -0.0076 0.0076 0.2093 0 0
8 78 2064 0 0 0 0 0 1.0003 0 0.9865 0.04 0.1553 0.1955 1.5217 0.902 0.0685 0.3425 0.4214 2.3329 0.015 0.015 0.2202 0 0
8 79 2069 0 0 0 0 0 1.0004 0 0.9927 0.0179 0.1258 0.1548 1.2107 0.911 0.0241 0.3494 0.4335 2.2949 -0.0587 0.0587 0.2103 0 0
8 80 2064 0 0 0 0 0 1.0001 0 0.9864 -0.0211 0.1362 0.18 1.2297 0.9105 0.0127 0.3421 0.4347 2.3628 -0.0654 0.0654 0.2045 0 0
8 81 2047 0 0 0 0 0 1.0007 0 0.9889 0.0206 0.1042 0.1377 1.2226 0.9075 0.02 0.345 0.4343 2.464 0.0285 0.0285 0.2128 0 0
8 82 2074 0 0 0 0 0 1.0002 0 0.9838 0.0843 0.1758 0.2466 1.6847 0.9128 0.0856 0.3403 0.4241 2.3625 0.1174 0.1174 0.2187 0 0
8 83 2079 0 0 0 0 0 1.0007 0 0.9731 0.009 0.2265 0.4045 2.6485 0.889 0.0017 0.3612 0.4543 2.206 -0.0186 0.0186 0.2282 0 0
8 84 2042 0 0 0 0 0 1.0008 0 0.9903 -0.0533 0.1428 0.1828 2.0679 0.9095 -0.0362 0.3245 0.4085 2.2347 0.0437 0.0437 0.2215 0 0
8 85 2087 0 0 0 0 0 1.0001 0 0.9828 -0.0205 0.185 0.2068 1.6181 0.9008 -0.031 0.338 0.424 2.4572 0.0027 0.0027 0.2282 0 0
8 86 2041 0 0 0 0 0 1.0001 0 0.987 -0.0113 0.2082 0.2989 2.0546 0.9102 -0.0143 0.3302 0.4196 2.2269 -0.0721 0.0721 0.2219 0 0
8 87 2051 0 0 0 0 0 1.0002 0 0.9839 -0.022 0.142 0.1746 0.9838 0.9166 0.0135 0.3231 0.4113 2.3345 -0.0885 0.0885 0.1998 0 0
8 88 2068 0 0 0 0 0 1.0003 0 0.9917 0.0735 0.1339 0.1554 1.3936 0.9157 0.0293 0.3331 0.4123 2.3514 0.0105 0.0105 0.2129 0 0
8 89 2031 0 0 0 0 0 1.0001 0 0.9928 -0.0799 0.1422 0.1772 1.4559 0.9005 -0.0526 0.34 0.4311 2.2374 0.054 0.054 0.2173 0 0
8 90 2044 0 0 0 0 0 1 0 0.9817 -0.0301 0.2243 0.3394 1.4348 0.9177 -0.0476 0.3256 0.4168 2.2636 -0.0185 0.0185 0.2252 0 0
8 91 2065 0 0 0 0 0 1.0008 0 0.9749 -0.0127 0.1676 0.201 1.112 0.892 -0.0308 0.3528 0.4464 2.4584 -0.0885 0.0885 0.2215 0 0
8 92 2050 0 0 0 0 0 1.0002 0 0.9946 0.0243 0.0913 0.1163 0.977 0.9072 0.0451 0.3526 0.4441 2.2898 0.0286 0.0286 0.2092 0 0
8 93 2046 0 0 0 0 0 1.0001 0 0.9595 -0.1394 0.2738 0.5092 2.8219 0.8878 -0.0144 0.3673 0.4572 2.347 0.0329 0.0329 0.2307 0 0
8 94 2068 0 0 0 0 0 1.0003 0 0.9832 0.1405 0.183 0.2788 1.7491 0.8976 0.0969 0.3665 0.4642 2.4564 -0.0393 0.0393 0.2192 0 0
8 95 2038 0 0 0 0 0 1.0003 0 0.9906 0.039 0.1806 0.2341 1.8972 0.8893 -0.0146 0.3644 0.4543 2.1699 -0.0586 0.0586 0.2309 0 0
8 96 2054 0 0 0 0 0 1.0007 0 0.9919 -0.0609 0.1665 0.208 1.5978 0.9114 -0.0243 0.3516 0.4358 2.2206 0.0582 0.0582 0.2169 0 0
8 97 2082 0 0 0 0 0 1.0005 0 0.9905 0.0177 0.1258 0.1526 1.3903 0.9013 0.0185 0.3301 0.4211 2.3568 -0.0128 0.0128 0.2218 0 0
8 98 2084 0 0 0 0 0 1.0009 0 0.9915 -0.0323 0.1408 0.1736 1.3499 0.9115 -0.0031 0.3392 0.424 2.2683 0.0139 0.0139 0.214 0 0
8 99 2066 0 0 0 0 0 1.0009 0 0.9845 -0.1349 0.186 0.2289 1.1991 0.9096 -0.1064 0.334 0.4107 2.2614 0.1076 0.1076 0.2214 0 0
8 100 2035 0 0 0 0 0 1.0002 0 0.9943 0.1018 0.1235 0.1433 1.3123 0.9078 0.1162 0.3335 0.4207 2.4051 0.0783 0.0783 0.2199 0 0
8 101 2057 0 0 0 0 0 1.0011 0 0.994 0.0465 0.1464 0.1751 1.664 0.9093 -0.0114 0.3331 0.4289 2.2803 0.0532 0.0532 0.215 0 0
8 102 2095 0 0 0 0 0 1.0002 0 0.9851 -0.0145 0.1486 0.2024 1.3032 0.9064 -0.0087 0.323 0.4108 2.3012 -0.0306 0.0306 0.2193 0 0
8 103 2051 0 0 0 0 0 1.0006 0 0.9906 -0.0548 0.1445 0.2096 1.9544 0.9041 -0.0505 0.3345 0.4183 2.1366 -0.0527 0.0527 0.2175 0 0
8 104 2037 0 0 0 0 0 1.0001 0 0.9952 0.0269 0.1084 0.1227 1.3214 0.9104 -0.0077 0.3271 0.4105 2.2933 -0.0701 0.0701 0.2112 0 0
8 105 2065 0 0 0 0 0 1.0001 0 0.9766 0.0826 0.1446 0.2321 1.3891 0.9019 0.036 0.3195 0.4079 2.4047 0.074 0.074 0.2208 0 0
8 106 2067 0 0 0 0 0 1.0015 0 0.9506 -0.0567 0.2043 0.3606 2.2812 0.899 0.0074 0.3469 0.433 2.4397 -0.0652 0.0652 0.2197 0 0
8 107 2065 0 0 0 0 0 1.0005 0 0.9831 -0.0253 0.1282 0.198 1.3369 0.8996 0.0133 0.3433 0.4445 2.4737 0.0168 0.0168 0.2175 0 0
8 108 2049 0 0 0 0 0 1.0002 0 0.9766 0.1031 0.1614 0.2156 1.3698 0.8938 0.022 0.346 0.4377 2.5043 0.0626 0.0626 0.2273 0 0
8 109 2044 0 0 0 0 0 1.0005 0 0.9795 -0.0882 0.25 0.4157 2.0138 0.897 -0.0588 0.3613 0.4568 2.248 -0.0199 0.0199 0.2217 0 0
8 110 2059 0 0 0 0 0 1.0002 0 0.9817 0.1145 0.1583 0.248 1.2915 0.9121 0.0718 0.3473 0.4315 2.3389 0.0408 0.0408 0.2116 0 0
8 111 2052 0 0 0 0 0 1.0001 0 0.9941 0.0489 0.1324 0.1551 2.1994 0.9046 0.0897 0.3345 0.4276 2.3562 -0.037 0.037 0.2218 0 0
8 112 2058 0 0 0 0 0 1.0007 0 0.9861 -0.0099 0.1224 0.1756 1.2615 0.9022 2e-04 0.3183 0.4075 2.3649 0.0956 0.0956 0.222 0 0
8 113 2034 0 0 0 0 0 1.0003 0 0.9802 -0.0477 0.204 0.2905 1.5241 0.8867 -0.0345 0.3477 0.4392 2.3013 -0.0213 0.0213 0.2254 0 0
8 114 2054 0 0 0 0 0 1.0001 0 0.9898 -0.0229 0.129 0.1628 1.2248 0.8973 -0.0287 0.3557 0.4491 2.3674 0.0157 0.0157 0.2125 0 0
8 115 2057 0 0 0 0 0 1.0003 0 0.9848 0.0491 0.1681 0.201 1.3248 0.913 0.0535 0.3327 0.4204 2.3385 -0.0284 0.0284 0.2083 0 0
8 116 2078 0 0 0 0 0 1.0003 0 0.9881 0.0261 0.1265 0.1571 1.1464 0.9134 -0.0011 0.3311 0.4238 2.3573 0.0494 0.0494 0.2092 0 0
8 117 2079 0 0 0 0 0 1.0001 0 0.9921 -0.0467 0.1209 0.1505 1.4052 0.906 -0.037 0.3233 0.4009 2.2864 0.0684 0.0684 0.2253 0 0
8 118 2071 0 0 0 0 0 1.0003 0 0.9921 0.0334 0.137 0.1634 1.9971 0.8976 -0.0203 0.3522 0.4379 2.3978 -0.0493 0.0493 0.2157 0 0
8 119 2050 0 0 0 0 0 1.0001 0 0.9861 -0.0013 0.1667 0.2223 1.5296 0.9152 0.0197 0.342 0.427 2.3282 0.0197 0.0197 0.213 0 0
8 120 2064 0 0 0 0 0 1.0003 0 0.9847 -0.0106 0.1296 0.1542 1.0826 0.9232 -0.0077 0.3117 0.4024 2.3998 -0.002 0.002 0.213 0 0
8 121 2102 0 0 0 0 0 1.0001 0 0.9933 -0.0422 0.1046 0.1328 1.0572 0.9132 0.0146 0.3252 0.4105 2.4201 -0.0524 0.0524 0.2165 0 0
8 122 2051 0 0 0 0 0 1.0008 0 0.9833 0.0533 0.1281 0.1609 1.0264 0.9133 0.0475 0.3239 0.4081 2.4545 0.0274 0.0274 0.2108 0 0
8 123 2060 0 0 0 0 0 1.0001 0 0.9931 -0.0134 0.0864 0.1291 1.7106 0.9127 0.0141 0.326 0.4182 2.3484 -0.0263 0.0263 0.2135 0 0
8 124 2050 0 0 0 0 0 1.0002 0 0.9831 0.0995 0.1651 0.2339 1.5632 0.9027 0.0511 0.3413 0.4337 2.3472 -0.0192 0.0192 0.2181 0 0
8 125 2054 0 0 0 0 0 1.0002 0 0.9754 -0.0034 0.1382 0.1833 0.9297 0.9194 -0.0294 0.3223 0.4023 2.4181 -0.0141 0.0141 0.2041 0 0
8 126 2068 0 0 0 0 0 1.0011 0 0.991 0.0059 0.0879 0.1313 1.3044 0.9042 -0.0192 0.3222 0.4018 2.4246 0.106 0.106 0.217 0 0
8 127 2064 0 0 0 0 0 1.0003 0 0.9936 -0.1097 0.1846 0.227 1.9348 0.9014 -0.1185 0.3731 0.4687 2.11 -0.0338 0.0338 0.2198 0 0
8 128 2048 0 0 0 0 0 1.0003 0 0.995 0.0499 0.1194 0.1753 2.3387 0.9072 0.0394 0.3385 0.4256 2.2443 -0.0372 0.0372 0.2245 0 0
8 129 2042 0 0 0 0 0 1.0005 0 0.992 -0.0108 0.1184 0.1482 1.3193 0.8952 -0.0059 0.3283 0.4124 2.3741 -0.0538 0.0538 0.2245 0 0
8 130 2051 0 0 0 0 0 1.0004 0 0.9923 0.0134 0.0985 0.1335 1.1402 0.9141 -0.0047 0.3244 0.4082 2.3606 -0.0433 0.0433 0.2123 0 0
8 131 2060 0 0 0 0 0 1.0001 0 0.9825 0.0588 0.1604 0.2039 1.5833 0.9185 0.0107 0.3256 0.4046 2.3755 -0.0268 0.0268 0.2129 0 0
8 132 2044 0 0 0 0 0 1.0003 0 0.9862 -0.041 0.1366 0.1669 1.0745 0.9109 -0.0236 0.3314 0.424 2.3404 0.0762 0.0762 0.2076 0 0
8 133 2058 0 0 0 0 0 1.0003 0 0.9821 0.0919 0.1933 0.3004 2.2728 0.9011 0.0935 0.3535 0.443 2.3258 -0.0211 0.0211 0.2155 0 0
8 134 2050 0 0 0 0 0 1.0006 0 0.9856 0.088 0.1801 0.2412 1.7461 0.9012 0.0695 0.3187 0.4096 2.2762 -0.0525 0.0525 0.2198 0 0
8 135 1925 0 0 0 0 0 1.0001 0 0.988 0.0341 0.1171 0.1444 0.8432 0.9207 0.0129 0.3114 0.3965 2.3431 -0.0406 0.0406 0.2138 0 0
8 136 2043 0 0 0 0 0 1.0007 0 0.9814 0.0158 0.1581 0.2489 1.8442 0.8828 0.0192 0.344 0.4356 2.445 -0.0027 0.0027 0.228 0 0
8 137 2078 0 0 0 0 0 1.0002 0 0.9786 -0.0719 0.1388 0.2397 2.0369 0.89 -0.0236 0.348 0.4484 2.4989 0.0369 0.0369 0.2197 0 0
8 138 2078 0 0 0 0 0 1.0009 0 0.979 -0.0704 0.1461 0.1822 0.7908 0.9155 -0.0526 0.3393 0.437 2.3692 0.0624 0.0624 0.2112 0 0
8 139 2073 0 0 0 0 0 1.0004 0 0.9857 0.0692 0.1339 0.2099 1.7745 0.9178 0.0369 0.3112 0.4015 2.4003 -0.047 0.047 0.2133 0 0
8 140 2070 0 0 0 0 0 1.0002 0 0.9909 0.0237 0.105 0.1305 1.1089 0.9002 0.0243 0.3361 0.417 2.3225 0.0265 0.0265 0.2169 0 0
8 141 2054 0 0 0 0 0 1.0001 0 0.9758 -0.1581 0.2337 0.3961 2.1524 0.8906 -0.064 0.3623 0.4546 2.3438 -0.0148 0.0148 0.2117 0 0
8 142 2039 0 0 0 0 0 1.0004 0 0.9857 0.0516 0.1695 0.2172 1.8116 0.9138 -0.0076 0.3281 0.412 2.3696 -0.009 0.009 0.2237 0 0
8 143 2072 0 0 0 0 0 1.0001 0 0.9866 -0.0505 0.158 0.1971 1.5783 0.9011 -0.0353 0.3415 0.4291 2.2711 0.0814 0.0814 0.219 0 0
8 144 2066 0 0 0 0 0 1.0005 0 0.9886 -0.0215 0.1796 0.2317 1.7596 0.9056 -0.0025 0.3402 0.4349 2.3696 0.0267 0.0267 0.2159 0 0
8 145 2050 0 0 0 0 0 1.0002 0 0.9904 0.0411 0.1504 0.2218 2.0267 0.9076 -0.0063 0.3406 0.4329 2.3883 -0.0137 0.0137 0.2197 0 0
8 146 2079 0 0 0 0 0 1.0004 0 0.9897 0.0474 0.1131 0.1762 1.2941 0.9019 0.0303 0.3532 0.4375 2.3185 -0.0391 0.0391 0.2181 0 0
8 147 2076 0 0 0 0 0 1.0004 0 0.9631 0.1014 0.3154 0.5453 2.6899 0.8717 -0.079 0.4028 0.5062 2.3654 -0.0151 0.0151 0.2332 0 0
8 148 2052 0 0 0 0 0 1.0005 0 0.9834 0.0392 0.1463 0.176 1.0596 0.9157 0.0209 0.3032 0.3949 2.3463 0.0149 0.0149 0.2138 0 0
8 149 2057 0 0 0 0 0 1.0003 0 0.9888 0.0067 0.1384 0.1672 1.661 0.9126 0.0066 0.3349 0.4269 2.3367 0.0829 0.0829 0.2083 0 0
8 150 2077 0 0 0 0 0 1.0013 0 0.9856 -0.0026 0.1273 0.1596 1.1571 0.9032 -0.0054 0.3328 0.4267 2.3763 -0.0189 0.0189 0.2117 0 0
8 151 2048 0 0 0 0 0 1.0005 0 0.9856 0.0292 0.1315 0.1804 0.9775 0.9119 0.0235 0.3328 0.4133 2.3385 0.0429 0.0429 0.2165 0 0
8 152 2062 0 0 0 0 0 1.0001 0 0.9748 9e-04 0.1951 0.2624 1.7977 0.8899 -0.0282 0.3456 0.443 2.5139 0.0454 0.0454 0.2246 0 0
8 153 2043 0 0 0 0 0 1.0002 0 0.9675 -0.1394 0.21 0.2932 1.6349 0.8877 -0.0679 0.3958 0.5044 2.5919 0.04 0.04 0.2255 0 0
8 154 2053 0 0 0 0 0 1.0004 0 0.9928 -0.0149 0.1103 0.1468 1.4065 0.9003 0.0047 0.3414 0.4276 2.3465 0.0257 0.0257 0.2191 0 0
8 155 2058 0 0 0 0 0 1.0005 0 0.9958 -0.0667 0.0971 0.1217 1.584 0.9208 -0.0341 0.3288 0.4124 2.3602 0.004 0.004 0.2148 0 0
8 156 2071 0 0 0 0 0 1.0003 0 0.9915 -0.0138 0.155 0.193 1.8072 0.8945 -0.0387 0.3692 0.4721 2.3835 -0.0916 0.0916 0.2144 0 0
8 157 2054 0 0 0 0 0 1.0002 0 0.9668 -0.1216 0.2321 0.3796 2.4985 0.8981 -0.0761 0.3565 0.4467 2.3379 0.0147 0.0147 0.2161 0 0
8 158 2037 0 0 0 0 0 1.0003 0 0.9796 -0.0307 0.1303 0.1665 0.8328 0.9232 0.0128 0.3024 0.39 2.3172 -0.0073 0.0073 0.2171 0 0
8 159 2058 0 0 0 0 0 1.0003 0 0.9889 0.0497 0.1601 0.2179 1.5447 0.8988 0.016 0.3587 0.4583 2.278 -0.0455 0.0455 0.2199 0 0
8 160 2053 0 0 0 0 0 1.0006 0 0.9968 0.1097 0.1415 0.1658 1.8669 0.9 0.0989 0.3666 0.4541 2.4043 0.0364 0.0364 0.2186 0 0
8 161 2043 0 0 0 0 0 1.0001 0 0.952 0.132 0.2671 0.5358 2.7977 0.885 -0.0315 0.3569 0.452 2.3249 0.0747 0.0747 0.2277 0 0
8 162 2072 0 0 0 0 0 1.0004 0 0.9925 0.0201 0.0998 0.1247 1.0335 0.9065 0.0177 0.3321 0.4201 2.3206 0.0869 0.0869 0.2105 0 0
8 163 2048 0 0 0 0 0 1.0006 0 0.9793 -0.0779 0.2283 0.3541 2.3268 0.8974 -0.0202 0.3498 0.447 2.4108 0.0408 0.0408 0.2261 0 0
8 164 2060 0 0 0 0 0 1.0004 0 0.9771 -0.0998 0.1859 0.2657 2.0766 0.9025 -0.0509 0.3463 0.4352 2.4556 -0.0961 0.0961 0.2187 0 0
8 165 2059 0 0 0 0 0 1.0003 0 0.985 -0.0423 0.1216 0.159 0.9447 0.9206 -0.027 0.3139 0.3984 2.3767 0.0282 0.0282 0.2055 0 0
8 166 2050 0 0 0 0 0 1.0004 0 0.9807 0.0975 0.1895 0.249 1.8886 0.9044 0.0808 0.3229 0.4099 2.4013 0.002 0.002 0.2221 0 0
8 167 2097 0 0 0 0 0 1.0001 0 0.9812 -0.018 0.1335 0.169 0.8728 0.9179 -0.0124 0.3155 0.4147 2.4022 0.1017 0.1017 0.2041 0 0
8 168 2062 0 0 0 0 0 1.0008 0 0.9799 0.1044 0.2432 0.4079 2.1525 0.9055 0.0131 0.3599 0.4555 2.1911 -0.0054 0.0054 0.2125 0 0
8 169 2094 0 0 0 0 0 1.0002 0 0.9862 -0.0084 0.1261 0.1613 1.3649 0.9102 -0.0013 0.3371 0.423 2.3997 -0.0094 0.0094 0.2119 0 0
8 170 2101 0 0 0 0 0 1.0001 0 0.9867 -0.0685 0.157 0.2152 1.3758 0.9009 -0.0481 0.34 0.4299 2.3036 -0.065 0.065 0.217 0 0
8 171 2061 0 0 0 0 0 1.0002 0 0.9825 0.0369 0.1582 0.2288 1.6498 0.9036 0.007 0.3329 0.4208 2.3806 0.0337 0.0337 0.2141 0 0
8 172 2046 0 0 0 0 0 1.0005 0 0.9829 0.0202 0.1732 0.2736 2.5407 0.8884 -0.0052 0.3599 0.4622 2.3079 0.0601 0.0601 0.2208 0 0
8 173 2049 0 0 0 0 0 1.0002 0 0.9282 0.0965 0.219 0.5351 2.5438 0.8936 -3e-04 0.3505 0.4423 2.394 0.0587 0.0587 0.2202 0 0
8 174 1775 0 0 0 0 0 1.0004 0 0.9855 -0.0595 0.1527 0.2202 1.7728 0.8931 -0.0103 0.3461 0.4359 2.4217 0.0349 0.0349 0.2194 0 0
8 175 2063 0 0 0 0 0 1.0006 0 0.985 0.0042 0.1307 0.1876 1.1079 0.9094 -0.0127 0.3358 0.4294 2.3018 -0.0213 0.0213 0.2142 0 0
8 176 2057 0 0 0 0 0 1.0006 0 0.9858 0.072 0.1325 0.222 2.3445 0.9103 0.0437 0.3347 0.4212 2.4289 0.0601 0.0601 0.217 0 0
8 177 1933 0 0 0 0 0 1.0002 0 0.9879 0.0477 0.119 0.1794 1.2324 0.8874 0.0156 0.3276 0.4238 2.2879 0.0146 0.0146 0.2194 0 0
8 178 2030 0 0 0 0 0 1.0006 0 0.9899 0.0979 0.18 0.2246 1.73 0.893 0.0865 0.3539 0.4518 2.1855 0.0359 0.0359 0.2153 0 0
8 179 2051 0 0 0 0 0 1.0004 0 0.9935 -0.1067 0.1358 0.1565 1.2327 0.9056 -0.0988 0.3435 0.4316 2.3566 -0.0049 0.0049 0.2183 0 0
8 180 2056 0 0 0 0 0 1.0012 0 0.9957 -0.0612 0.0988 0.134 1.4393 0.913 -0.0455 0.3242 0.3992 2.3527 -0.0705 0.0705 0.2226 0 0
8 181 2048 0 0 0 0 0 1.0015 0 0.9559 0.1487 0.2332 0.383 1.8997 0.8978 0.0624 0.3544 0.4487 2.3801 -0.0277 0.0277 0.2285 0 0
8 182 2042 0 0 0 0 0 1.001 0 0.9914 0.0416 0.1433 0.1923 1.8131 0.9088 -0.0178 0.3431 0.4257 2.2949 -0.0278 0.0278 0.2173 0 0
8 183 2057 0 0 0 0 0 1.0004 0 0.9894 0.0108 0.1627 0.2361 1.6501 0.8933 0.0198 0.3727 0.4687 2.1946 0.0026 0.0026 0.2193 0 0
8 184 2069 0 0 0 0 0 1.0002 0 0.9779 -0.1316 0.195 0.311 1.9429 0.9086 -0.087 0.355 0.4447 2.3859 0.0777 0.0777 0.2065 0 0
8 185 1841 0 0 0 0 0 1.0009 0 0.9957 0.0482 0.1041 0.1294 1.5296 0.9008 0.0223 0.3358 0.4234 2.3812 0.0118 0.0118 0.2256 0 0
8 186 2046 0 0 0 0 0 1.0001 0 0.9667 0.1499 0.2332 0.3357 1.7383 0.8824 0.1492 0.3773 0.4758 2.4164 -0.0153 0.0153 0.2188 0 0
8 187 2071 0 0 0 0 0 1.0002 0 0.9882 -0.0299 0.1198 0.1432 1.0422 0.903 -0.0641 0.3579 0.4414 2.3907 0.0758 0.0758 0.2075 0 0
8 188 2102 0 0 0 0 0 1.0013 0 0.9843 -0.064 0.1393 0.1725 1.0538 0.9089 -0.0473 0.3476 0.4308 2.4017 0.0229 0.0229 0.2115 0 0
8 189 2062 0 0 0 0 0 1.0001 0 0.9853 -0.0409 0.1382 0.1845 1.2355 0.906 -0.0409 0.3355 0.438 2.3309 0.0319 0.0319 0.2095 0 0
8 190 2059 0 0 0 0 0 1.0004 0 0.9848 0.1288 0.1693 0.2024 1.1911 0.9006 0.1023 0.3517 0.4492 2.4444 -0.0079 0.0079 0.2224 0 0
8 191 2060 0 0 0 0 0 1.0011 0 0.98 -0.0938 0.1755 0.3825 2.677 0.8778 -0.0074 0.3664 0.4629 2.1155 -0.0401 0.0401 0.2272 0 0
8 192 2065 0 0 0 0 0 1.0004 0 0.9798 0.0755 0.2142 0.2774 2.0019 0.9079 0.0765 0.3348 0.4175 2.357 0.0583 0.0583 0.2298 0 0
8 193 2086 0 0 0 0 0 1.0004 0 0.9851 -0.0266 0.1364 0.1759 1.1115 0.9088 -0.0377 0.321 0.4109 2.3897 -0.0449 0.0449 0.2161 0 0
8 194 2070 0 0 0 0 0 1.0007 0 0.9908 -0.0371 0.1165 0.1549 1.1882 0.9144 -0.0087 0.3291 0.4125 2.387 -0.0269 0.0269 0.2213 0 0
8 195 2059 0 0 0 0 0 1.0005 0 0.9934 0.063 0.1409 0.1671 1.315 0.8987 0.0779 0.3455 0.4388 2.277 -0.0817 0.0817 0.2205 0 0
8 196 2070 0 0 0 0 0 1.0001 0 0.9881 0.0898 0.1621 0.2042 1.344 0.8868 0.0483 0.3499 0.4412 2.4033 0.0281 0.0281 0.2196 0 0
8 197 2033 0 0 0 0 0 1.0004 0 0.9847 0.0071 0.1829 0.2531 1.7832 0.9088 -0.0193 0.3339 0.4219 2.2646 0.0201 0.0201 0.2191 0 0
8 198 2077 0 0 0 0 0 1.0001 0 0.9859 -0.0551 0.124 0.1495 1.0563 0.9227 -0.0294 0.3125 0.394 2.3869 -0.0109 0.0109 0.2135 0 0
8 199 2072 0 0 0 0 0 1.0007 0 0.9891 0.0055 0.1405 0.1907 1.1283 0.9065 -0.0229 0.3307 0.4196 2.2892 -0.0087 0.0087 0.2103 0 0
8 200 2076 0 0 0 0 0 1.0016 0 0.9879 -0.0457 0.1414 0.2035 1.2549 0.9037 -0.009 0.3613 0.455 2.4013 -0.1061 0.1061 0.2113 0 0
8 201 2036 0 0 0 0 0 1.0005 0 0.9858 0.0187 0.1376 0.1948 1.1323 0.9058 0.0518 0.339 0.4277 2.3002 -0.0459 0.0459 0.2164 0 0
8 202 2092 0 0 0 0 0 1.0002 0 0.995 -0.0555 0.1353 0.1729 1.9866 0.8907 -0.014 0.3585 0.4555 2.207 -0.0706 0.0706 0.2201 0 0
8 203 2039 0 0 0 0 0 1.0002 0 0.988 -0.0461 0.1412 0.1761 1.6785 0.9073 -0.0303 0.3074 0.3907 2.412 -0.0054 0.0054 0.2245 0 0
8 204 2074 0 0 0 0 0 1.0002 0 0.9974 -0.0091 0.0884 0.1012 1.8642 0.9017 0.0079 0.353 0.4406 2.2934 0.0195 0.0195 0.2242 0 0
8 205 2042 0 0 0 0 0 1.0007 0 0.9728 0.0176 0.2004 0.2897 2.0394 0.905 0.0319 0.3519 0.4415 2.3887 -0.0479 0.0479 0.2095 0 0
8 206 2044 0 0 0 0 0 1.0004 0 0.9895 -0.0108 0.1285 0.1709 1.2275 0.9009 -0.0113 0.3298 0.4191 2.3633 0.0464 0.0464 0.2128 0 0
8 207 2080 0 0 0 0 0 1.0004 0 0.9822 -0.046 0.1357 0.1567 0.8614 0.9183 -0.011 0.3323 0.4255 2.419 -0.1182 0.1182 0.2046 0 0
8 208 2064 0 0 0 0 0 1.0004 0 0.9774 0.0037 0.1207 0.1723 0.9728 0.9174 0.004 0.3254 0.4108 2.3883 0.0728 0.0728 0.2066 0 0
8 209 2061 0 0 0 0 0 1.0002 0 0.9878 0.0543 0.118 0.1592 1.2171 0.9025 0.0254 0.354 0.4408 2.3439 -0.0596 0.0596 0.2099 0 0
8 210 2068 0 0 0 0 0 1.0002 0 0.988 0.0035 0.1343 0.2252 1.603 0.9088 -0.0127 0.3418 0.4271 2.2631 -0.0425 0.0425 0.217 0 0
8 211 2048 0 0 0 0 0 1.0004 0 0.9826 -0.0571 0.158 0.2173 2.1739 0.8754 -0.0024 0.3753 0.4678 2.5808 -0.0529 0.0529 0.2242 0 0
8 212 2077 0 0 0 0 0 1.0006 0 0.9778 -0.0291 0.1297 0.1643 0.8109 0.9108 -0.0181 0.3246 0.4105 2.3614 0.0017 0.0017 0.2168 0 0
8 213 2070 0 0 0 0 0 1.0001 0 0.9862 0.1159 0.2002 0.2604 2.0059 0.9045 0.0426 0.3402 0.4289 2.3812 0.008 0.008 0.2161 0 0
8 214 2061 0 0 0 0 0 1.0001 0 0.9808 0.0152 0.1215 0.1617 1.0479 0.905 0.0261 0.3489 0.4419 2.5382 0.032 0.032 0.2169 0 0
8 215 2071 0 0 0 0 0 1.0005 0 0.9958 0.0202 0.0881 0.1092 1.5018 0.9133 0.0219 0.32 0.4007 2.4098 -0.0791 0.0791 0.2145 0 0
8 216 2082 0 0 0 0 0 1.0007 0 0.9957 -0.0962 0.1229 0.1478 1.0852 0.8971 -0.0696 0.3424 0.4354 2.1317 4e-04 4e-04 0.2128 0 0
8 217 2066 0 0 0 0 0 1.0004 0 0.9734 0.0998 0.1845 0.2534 1.1256 0.8975 0.0038 0.3446 0.4408 2.4785 0.022 0.022 0.225 0 0
8 218 2074 0 0 0 0 0 1.0004 0 0.9858 -0.0702 0.1698 0.2078 1.8749 0.8805 -0.0485 0.3661 0.4673 2.5225 0.0835 0.0835 0.2218 0 0
8 219 2077 0 0 0 0 0 1.0004 0 0.9918 0.0553 0.1376 0.2016 1.8438 0.9003 0.0651 0.3433 0.4287 2.3537 0.0464 0.0464 0.2219 0 0
8 220 2045 0 0 0 0 0 1.0002 0 0.9848 0.0188 0.1339 0.1661 1.0189 0.9038 -0.0056 0.3261 0.4234 2.2842 0.0283 0.0283 0.2183 0 0
8 221 2053 0 0 0 0 0 1.001 0 0.9952 -0.0378 0.093 0.1264 1.1335 0.9053 -0.0171 0.351 0.4418 2.2128 0.0324 0.0324 0.2146 0 0
8 222 2051 0 0 0 0 0 1.0013 0 0.9507 -0.1371 0.2374 0.3896 2.1166 0.8977 -0.0868 0.3482 0.431 2.3788 -0.111 0.111 0.2177 0 0
8 223 2063 0 0 0 0 0 1.0009 0 0.9934 0.0166 0.1047 0.1265 1.9887 0.9234 0.0557 0.3112 0.3923 2.3712 0.0047 0.0047 0.2125 0 0
8 224 2068 0 0 0 0 0 1.0008 0 0.9841 -0.0049 0.1441 0.1982 1.2575 0.9066 0.0144 0.3298 0.408 2.3416 0.0601 0.0601 0.2117 0 0
8 225 2077 0 0 0 0 0 1.0004 0 0.9915 -0.0023 0.0961 0.1092 0.9244 0.9044 -0.0021 0.34 0.4385 2.383 -0.1237 0.1237 0.2134 0 0
8 226 2060 0 0 0 0 0 1.0002 0 0.9954 0.0585 0.088 0.1048 1.0122 0.9062 0.0413 0.3117 0.3948 2.2947 0.004 0.004 0.2195 0 0
8 227 2097 0 0 0 0 0 1.0001 0 0.9873 -0.0752 0.1648 0.2211 1.1828 0.9089 -0.0205 0.3321 0.4125 2.2596 -0.0589 0.0589 0.2152 0 0
8 228 2070 0 0 0 0 0 1.0001 0 0.9788 -0.0775 0.1819 0.2536 1.6115 0.8985 -0.0187 0.3389 0.4276 2.4024 -0.0658 0.0658 0.2276 0 0
8 229 2054 0 0 0 0 0 1.0004 0 0.9853 -0.0668 0.1384 0.2363 1.5064 0.9115 -0.0172 0.321 0.4093 2.2641 0.0172 0.0172 0.2143 0 0
8 230 2062 0 0 0 0 0 1.0004 0 0.9866 0.011 0.161 0.1992 1.4625 0.8998 -0.0132 0.332 0.4287 2.4102 0.1311 0.1311 0.2184 0 0
8 231 2068 0 0 0 0 0 1.0002 0 0.9879 0.0217 0.1552 0.1999 1.9511 0.9063 0.0385 0.3425 0.4298 2.3139 0.0245 0.0245 0.228 0 0
8 232 2072 0 0 0 0 0 1.0002 0 0.9894 0.0287 0.1201 0.1601 1.4267 0.9131 0.0035 0.3225 0.4181 2.3253 0.0214 0.0214 0.2157 0 0
8 233 1752 0 0 0 0 0 1.0003 0 0.9773 -7e-04 0.1724 0.2617 2.3906 0.9063 0.0123 0.3384 0.4333 2.3803 0.0215 0.0215 0.2202 0 0
8 234 2097 0 0 0 0 0 1.0002 0 0.9531 0.2047 0.2701 0.4617 2.3821 0.8894 0.1062 0.3639 0.4608 2.4213 0.0246 0.0246 0.2185 0 0
8 235 2042 0 0 0 0 0 1.0005 0 0.9882 0.0049 0.11 0.1627 0.9294 0.9244 0.0083 0.3126 0.3864 2.2905 -0.0115 0.0115 0.214 0 0
8 236 2081 0 0 0 0 0 1.0004 0 0.9885 -0.0101 0.1513 0.1817 1.7768 0.8989 -0.0406 0.3548 0.443 2.3146 -0.0379 0.0379 0.2175 0 0
8 237 2066 0 0 0 0 0 1.0002 0 0.9723 -0.0902 0.1899 0.3715 2.651 0.8943 -0.0281 0.3474 0.4404 2.322 -0.0051 0.0051 0.2234 0 0
8 238 2063 0 0 0 0 0 1.0004 0 0.9858 -0.0333 0.1458 0.1694 1.0762 0.9189 -0.0154 0.3132 0.3983 2.3253 -0.0012 0.0012 0.2173 0 0
8 239 2051 0 0 0 0 0 1.0005 0 0.9866 -0.135 0.2117 0.2683 1.3306 0.8978 -0.119 0.3536 0.4513 2.2233 -0.0713 0.0713 0.2204 0 0
8 240 2053 0 0 0 0 0 1.0003 0 0.9881 -0.1057 0.1519 0.1868 1.103 0.925 -0.0888 0.3029 0.3802 2.3867 -0.1288 0.1288 0.2274 0 0
8 241 2084 0 0 0 0 0 1.0001 0 0.9769 -0.1157 0.2573 0.4157 2.0311 0.8884 -0.0187 0.3664 0.4704 2.211 -0.0092 0.0092 0.2267 0 0
8 242 2058 0 0 0 0 0 1.0004 0 0.9927 -0.0068 0.1027 0.1318 1.4446 0.8949 0.0148 0.3504 0.4384 2.4539 -0.0464 0.0464 0.2249 0 0
8 243 2043 0 0 0 0 0 1.0006 0 0.9844 -0.0508 0.1682 0.2346 1.3912 0.8986 -0.069 0.3601 0.4533 2.1906 0.0031 0.0031 0.2051 0 0
8 244 2112 0 0 0 0 0 1.0001 0 0.9884 0.0503 0.135 0.1628 0.998 0.9203 0.0644 0.3322 0.4287 2.3172 0.0443 0.0443 0.2118 0 0
8 245 2060 0 0 0 0 0 1.0004 0 0.9951 0.0646 0.0891 0.1145 1.1463 0.9162 0.0415 0.328 0.4149 2.3926 0.0287 0.0287 0.2067 0 0
8 246 2071 0 0 0 0 0 1.0008 0 0.9876 0.0303 0.1054 0.1216 0.907 0.9165 0.0078 0.3216 0.4116 2.3769 0.0697 0.0697 0.2048 0 0
8 247 2087 0 0 0 0 0 1.0001 0 0.9819 -0.0553 0.1486 0.1971 0.9955 0.8997 -0.0297 0.3379 0.4237 2.3249 -0.0281 0.0281 0.2165 0 0
8 248 2106 0 0 0 0 0 1.0002 0 0.9938 0.0426 0.098 0.1281 1.6186 0.8894 0.0167 0.3527 0.4527 2.4072 -0.0491 0.0491 0.2193 0 0
8 249 2039 0 0 0 0 0 1.0005 0 0.9889 0.0513 0.1565 0.2075 1.661 0.8966 0.0111 0.3323 0.4128 2.2565 -0.0093 0.0093 0.2192 0 0
8 250 2104 0 0 0 0 0 1.0002 0 0.9942 0.0308 0.1164 0.1425 1.9185 0.9017 0.0172 0.345 0.4272 2.2823 -0.0254 0.0254 0.2178 0 0
8 251 2054 0 0 0 0 0 1.0001 0 0.9904 0.0108 0.1093 0.1366 0.9352 0.9093 0.0017 0.3252 0.4077 2.3392 -0.0755 0.0755 0.2123 0 0
8 252 2108 0 0 0 0 0 1.0004 0 0.9792 -0.0342 0.1834 0.2344 1.462 0.9144 -0.0014 0.3264 0.4106 2.2928 -0.0796 0.0796 0.2105 0 0
8 253 2100 0 0 0 0 0 1.0001 0 0.9896 0.0824 0.1639 0.2036 1.5657 0.8878 0.0493 0.3615 0.454 2.4712 -0.0319 0.0319 0.2259 0 0
8 254 2083 0 0 0 0 0 1.0005 0 0.9805 0.0078 0.2362 0.3154 1.8805 0.8797 -0.0645 0.362 0.4576 2.2723 -0.0809 0.0809 0.2267 0 0
8 255 2099 0 0 0 0 0 1.0009 0 0.9907 0.0422 0.1462 0.1747 1.2366 0.9094 0.053 0.3334 0.4194 2.3348 -0.0374 0.0374 0.2149 0 0
8 256 2110 0 0 0 0 0 1.0001 0 0.9769 -0.0935 0.1612 0.2026 0.9703 0.9113 -0.0986 0.3292 0.4147 2.3551 0.0171 0.0171 0.2127 0 0
8 257 2095 0 0 0 0 0 1.0008 0 0.9805 0.153 0.2288 0.3061 1.4898 0.9047 0.0979 0.3487 0.4361 2.2933 -0.0172 0.0172 0.2177 0 0
8 258 2083 0 0 0 0 0 1.0001 0 0.9776 -0.0239 0.1639 0.2062 1.3357 0.8581 -0.0305 0.3758 0.4797 2.5722 -0.0412 0.0412 0.2295 0 0
8 259 2058 0 0 0 0 0 1.0005 0 0.9897 0.0064 0.1161 0.1334 1.0859 0.9061 0.0415 0.3291 0.411 2.3975 0.041 0.041 0.2244 0 0
8 260 2094 0 0 0 0 0 1.0003 0 0.9834 0.0399 0.1704 0.2209 1.4197 0.8802 -7e-04 0.3636 0.4514 2.4289 0.0617 0.0617 0.2224 0 0
8 261 2120 0 0 0 0 0 1.0009 0 0.9876 -0.0363 0.1181 0.153 1.0203 0.9077 -0.0803 0.3456 0.4338 2.4001 -0.092 0.092 0.2142 0 0
8 262 2066 0 0 0 0 0 1.0007 0 0.9957 0.1377 0.1442 0.1783 1.4882 0.8978 0.1082 0.3612 0.4479 2.3347 0.0322 0.0322 0.216 0 0
8 263 2040 0 0 0 0 0 1.0001 0 0.9895 -0.0034 0.1234 0.1716 1.6116 0.8993 0.0185 0.3412 0.4263 2.1502 -0.036 0.036 0.2204 0 0
8 264 2102 0 0 0 0 0 1.0004 0 0.992 0.0248 0.1311 0.1732 2.0541 0.9153 0.0295 0.3168 0.4059 2.3267 -0.0426 0.0426 0.2095 0 0
8 265 2056 0 0 0 0 0 1.0001 0 0.9856 -0.0741 0.1924 0.261 2.0674 0.8976 -0.0279 0.3581 0.4546 2.4667 -0.0199 0.0199 0.2287 0 0
8 266 2074 0 0 0 0 0 1.0004 0 0.9851 0.0884 0.1794 0.2712 1.6682 0.9145 0.0115 0.3301 0.4199 2.2905 -0.1301 0.1301 0.2147 0 0
8 267 2066 0 0 0 0 0 1.0005 0 0.9757 -0.0185 0.1696 0.2381 1.3493 0.9142 -0.0298 0.3387 0.4183 2.3843 -0.0214 0.0214 0.2075 0 0
8 268 2059 0 0 0 0 0 1.0008 0 0.9885 0.0386 0.1295 0.1942 1.1499 0.898 0.0223 0.361 0.4445 2.3804 -0.0929 0.0929 0.2133 0 0
8 269 2097 0 0 0 0 0 1.0001 0 0.9917 0.0014 0.1026 0.1449 1.4516 0.9083 0.0049 0.3319 0.4176 2.3965 0.0282 0.0282 0.2098 0 0
8 270 2023 0 0 0 0 0 1.0003 0 0.9818 -0.0256 0.163 0.2742 2.011 0.9079 -0.0189 0.3314 0.4244 2.2508 0.0597 0.0597 0.2178 0 0
8 271 2098 0 0 0 0 0 1.0004 0 0.9876 0.0463 0.1202 0.1623 1.2946 0.9097 -0.0032 0.3368 0.4253 2.3151 -0.0427 0.0427 0.2056 0 0
8 272 2039 0 0 0 0 0 1.0005 0 0.9865 -0.0556 0.1352 0.2028 1.4245 0.9063 -0.0552 0.3514 0.4331 2.4045 0.1098 0.1098 0.2133 0 0
8 273 2077 0 0 0 0 0 1.0006 0 0.9932 -0.0648 0.1308 0.1677 1.599 0.8949 -0.0312 0.3463 0.4387 2.4251 0.0563 0.0563 0.2205 0 0
8 274 2086 0 0 0 0 0 1.0002 0 0.9884 0.0249 0.115 0.1639 1.6326 0.9001 0.0137 0.3273 0.4129 2.403 -0.0263 0.0263 0.2176 0 0
8 275 2029 0 0 0 0 0 1.0003 0 0.9889 0.0344 0.1388 0.1834 1.3799 0.9111 -0.0078 0.3232 0.4151 2.4263 -0.0793 0.0793 0.212 0 0
8 276 2098 0 0 0 0 0 1.0001 0 0.9821 0.0294 0.1143 0.1647 0.7794 0.9122 0.0397 0.3271 0.4125 2.3204 -0.0454 0.0454 0.2123 0 0
8 277 1798 0 0 0 0 0 1.0003 0 0.9863 0.013 0.1715 0.2297 1.7563 0.8972 0.0097 0.3307 0.4208 2.2762 0.0379 0.0379 0.2247 0 0
8 278 2105 0 0 0 0 0 1.0002 0 0.9899 -0.0549 0.1151 0.1349 1.0214 0.9165 -0.026 0.3228 0.4071 2.3262 0.0252 0.0252 0.2058 0 0
8 279 2100 0 0 0 0 0 1.0001 0 0.9907 0.037 0.0937 0.1256 1.0736 0.9117 0.0521 0.3251 0.4011 2.3458 -0.0777 0.0777 0.2065 0 0
8 280 2077 0 0 0 0 0 1.0001 0 0.9912 0.0521 0.1488 0.1931 2.2343 0.9105 0.019 0.3129 0.402 2.3546 0.0326 0.0326 0.2225 0 0
8 281 2113 0 0 0 0 0 1.0004 0 0.9924 -0.0309 0.188 0.2578 2.0565 0.8961 0.0201 0.3348 0.4261 2.2382 -7e-04 7e-04 0.228 0 0
8 282 2066 0 0 0 0 0 1.0001 0 0.9849 0.0348 0.1414 0.1817 1.3973 0.9107 -0.0085 0.3293 0.4156 2.3993 0.0472 0.0472 0.213 0 0
8 283 2048 0 0 0 0 0 1 0 0.9936 -0.0951 0.1272 0.1554 1.0496 0.9008 -0.0761 0.3547 0.453 2.3368 -0.051 0.051 0.2094 0 0
8 284 2145 0 0 0 0 0 1.0003 0 0.989 0.0088 0.1408 0.168 1.5656 0.9205 0.0189 0.3133 0.3962 2.4023 0.0064 0.0064 0.2073 0 0
8 285 2031 0 0 0 0 0 1.0001 0 0.9804 0.0241 0.2036 0.3066 1.6134 0.8835 0.0171 0.3807 0.4731 2.1075 0.0342 0.0342 0.2277 0 0
8 286 2093 0 0 0 0 0 1.0007 0 0.9874 0.0183 0.1433 0.1807 1.184 0.9137 0.0122 0.3373 0.4243 2.3658 0.178 0.178 0.2124 0 0
8 287 2054 0 0 0 0 0 1.0001 0 0.9946 -0.0967 0.1184 0.1475 1.6294 0.9054 -0.0841 0.3272 0.4075 2.3896 -0.0347 0.0347 0.2212 0 0
8 288 2095 0 0 0 0 0 1.0005 0 0.9846 -0.0108 0.1705 0.2306 1.3936 0.9024 -0.0105 0.3324 0.4254 2.3283 0.004 0.004 0.2156 0 0
8 289 2026 0 0 0 0 0 1.0002 0 0.9909 0.0329 0.1313 0.1712 1.6165 0.9091 0.0191 0.348 0.4357 2.3044 0.1219 0.1219 0.207 0 0
8 290 2049 0 0 0 0 0 1.0002 0 0.9826 0.0432 0.185 0.255 1.762 0.9001 0.0522 0.3385 0.4283 2.3703 -0.0689 0.0689 0.2225 0 0
8 291 2023 0 0 0 0 0 1.0002 0 0.977 -0.1012 0.2067 0.2837 1.6823 0.8915 -0.0352 0.3567 0.4504 2.4669 -0.0643 0.0643 0.2256 0 0
8 292 2035 0 0 0 0 0 1.0004 0 0.9763 0.1076 0.1774 0.2543 2.0081 0.8894 0.0987 0.3754 0.4695 2.5343 0.0093 0.0093 0.2274 0 0
8 293 2026 0 0 0 0 0 1.0005 0 0.988 -0.0692 0.1402 0.1819 1.5221 0.9134 -0.0947 0.3209 0.4098 2.3273 9e-04 9e-04 0.2162 0 0
8 294 2067 0 0 0 0 0 1.0002 0 0.9877 0.0631 0.1305 0.1623 0.9308 0.8964 0.0702 0.3625 0.4566 2.3183 -0.0743 0.0743 0.2112 0 0
8 295 2047 0 0 0 0 0 1.0003 0 0.9863 0.108 0.3026 0.4654 2.518 0.8691 0.0692 0.414 0.521 2.1532 -0.0622 0.0622 0.2358 0 0
8 296 2062 0 0 0 0 0 1.0002 0 0.9852 -0.1087 0.2245 0.304 1.8433 0.8804 -0.0523 0.376 0.4693 2.299 0.0228 0.0228 0.2233 0 0
8 297 2064 0 0 0 0 0 1.0002 0 0.9696 0.062 0.1994 0.3134 1.7957 0.8938 0.0674 0.352 0.4481 2.3628 0.0253 0.0253 0.2146 0 0
8 298 2023 0 0 0 0 0 1.0001 0 0.9911 0.033 0.0996 0.1254 1.0256 0.9142 0.0153 0.3214 0.408 2.3385 0.0087 0.0087 0.2097 0 0
8 299 2094 0 0 0 0 0 1.0001 0 0.9929 0.0092 0.1291 0.2064 1.8057 0.8769 0.0158 0.3783 0.4687 2.1778 0.0279 0.0279 0.2353 0 0
8 300 2046 0 0 0 0 0 1.0001 0 0.9936 0.0268 0.1302 0.1621 1.6011 0.9169 -0.0089 0.308 0.3878 2.329 0.0433 0.0433 0.2213 0 0
8 301 1964 0 0 0 0 0 1.0001 0 0.9922 0.0436 0.1702 0.2372 1.8257 0.8852 -0.0065 0.3506 0.4381 2.297 0.0239 0.0239 0.2277 0 0
8 302 2070 0 0 0 0 0 1.0002 0 0.9884 -0.0844 0.1487 0.2005 1.8054 0.9044 -0.0968 0.3512 0.4395 2.4312 0.0235 0.0235 0.2162 0 0
8 303 2028 0 0 0 0 0 1.0002 0 0.993 0.0961 0.1347 0.1799 1.9562 0.8951 0.0985 0.3654 0.4494 2.2985 -0.0138 0.0138 0.2198 0 0
8 304 2065 0 0 0 0 0 1.0004 0 0.9519 0.2047 0.2655 0.5651 2.9135 0.8994 0.0296 0.3428 0.4299 2.3238 -0.0185 0.0185 0.2266 0 0
8 305 2067 0 0 0 0 0 1.0007 0 0.9694 -0.0676 0.1994 0.2793 2.2231 0.8716 -0.0222 0.3704 0.4722 2.5196 0.03 0.03 0.2307 0 0
8 306 2069 0 0 0 0 0 1.0004 0 0.9809 0.0018 0.1461 0.1869 0.9591 0.9022 -0.034 0.3646 0.46 2.4076 -0.0435 0.0435 0.2145 0 0
8 307 2042 0 0 0 0 0 1.0001 0 0.9941 0.0658 0.1095 0.1488 1.3858 0.9015 0.0163 0.3289 0.4244 2.4012 -0.0538 0.0538 0.2106 0 0
8 308 2030 0 0 0 0 0 1.0007 0 0.9898 0.0033 0.1079 0.164 1.7197 0.9005 -0.0255 0.34 0.4314 2.3167 0.0128 0.0128 0.2099 0 0
8 309 2076 0 0 0 0 0 1.0004 0 0.9947 -0.0082 0.1085 0.1421 2.0094 0.9025 -0.0063 0.3565 0.4531 2.2969 -0.0219 0.0219 0.2177 0 0
8 310 2047 0 0 0 0 0 1.0003 0 0.9949 -0.0464 0.1333 0.1667 1.4832 0.8858 -0.0509 0.3791 0.4703 2.2311 -0.0195 0.0195 0.2209 0 0
8 311 2067 0 0 0 0 0 1.0001 0 0.9922 -0.0428 0.1172 0.1432 1.1912 0.9165 -0.0345 0.3212 0.4027 2.3438 -0.0642 0.0642 0.2155 0 0
8 312 2054 0 0 0 0 0 1.0001 0 0.9916 0.0582 0.1256 0.1551 1.3169 0.8979 0.0096 0.339 0.4293 2.4542 -0.0212 0.0212 0.2189 0 0
8 313 2056 0 0 0 0 0 1.0002 0 0.9772 0.0735 0.17 0.2383 1.7078 0.9061 0.0407 0.332 0.425 2.4148 0.0075 0.0075 0.2055 0 0
8 314 2036 0 0 0 0 0 1.0003 0 0.9891 0.0374 0.1313 0.185 1.1838 0.9007 0.0374 0.3438 0.4412 2.486 -0.0246 0.0246 0.2103 0 0
8 315 2030 0 0 0 0 0 1.0003 0 0.9913 -0.0307 0.1163 0.1417 1.1103 0.9004 -0.0302 0.3415 0.4384 2.3299 -0.0317 0.0317 0.2186 0 0
8 316 2035 0 0 0 0 0 1.0002 0 0.9879 0.0153 0.1441 0.1755 1.3678 0.9084 0.0057 0.3668 0.461 2.3218 -0.0041 0.0041 0.209 0 0
8 317 2041 0 0 0 0 0 1.0006 0 0.9891 0.0066 0.1063 0.1261 1.1567 0.9075 0.0178 0.3257 0.4214 2.4007 0.0368 0.0368 0.214 0 0
8 318 2068 0 0 0 0 0 1.0003 0 0.9836 0.0686 0.1843 0.2468 1.7524 0.8883 0.0432 0.361 0.459 2.2766 0.0915 0.0915 0.2208 0 0
8 319 1831 0 0 0 0 0 1.0007 0 0.9911 0.0041 0.1394 0.1684 1.4154 0.898 -0.0118 0.3497 0.4335 2.2649 -0.0432 0.0432 0.2231 0 0
8 320 2027 0 0 0 0 0 1.0006 0 0.973 0.0954 0.1728 0.2102 1.1608 0.8953 0.0452 0.3463 0.4469 2.4935 0.0368 0.0368 0.2244 0 0
8 321 2036 0 0 0 0 0 1.0003 0 0.9827 0.0213 0.1923 0.2406 1.5492 0.888 0.0215 0.3568 0.447 2.4015 0.0366 0.0366 0.2299 0 0
8 322 2032 0 0 0 0 0 1.0002 0 0.9889 -0.0416 0.1317 0.1649 1.1077 0.9105 -0.0157 0.3208 0.4032 2.3245 0.0166 0.0166 0.2172 0 0
8 323 2044 0 0 0 0 0 1.0004 0 0.9858 0.0069 0.1399 0.184 1.4455 0.9112 0.0341 0.3305 0.419 2.3626 -0.014 0.014 0.2161 0 0
8 324 2053 0 0 0 0 0 1.0001 0 0.9873 -0.0093 0.1464 0.1785 1.117 0.8871 -0.0173 0.3437 0.4344 2.273 -0.0253 0.0253 0.2193 0 0
8 325 2042 0 0 0 0 0 1 0 0.9921 -0.0976 0.1487 0.191 1.2238 0.9074 -0.0578 0.3287 0.4121 2.2642 0.0155 0.0155 0.2277 0 0
8 326 2055 0 0 0 0 0 1.0002 0 0.9889 0.0458 0.1496 0.2544 2.2583 0.9029 0.0499 0.3267 0.4122 2.3157 -0.0274 0.0274 0.2214 0 0
8 327 2065 0 0 0 0 0 1.0005 0 0.9893 0.0315 0.1586 0.2074 1.55 0.8962 0.0604 0.3505 0.4443 2.2865 0.0288 0.0288 0.2132 0 0
8 328 2016 0 0 0 0 0 1.0001 0 0.9566 0.1427 0.2231 0.4008 1.961 0.9016 0.0632 0.3413 0.4381 2.3923 0.1081 0.1081 0.2159 0 0
8 329 2041 0 0 0 0 0 1.0002 0 0.9497 0.0649 0.3467 0.5913 2.7927 0.889 0.1407 0.3825 0.4744 2.2025 0.0812 0.0812 0.231 0 0
8 330 2068 0 0 0 0 0 1.0008 0 0.9835 0.02 0.1433 0.2194 1.505 0.9043 0.0162 0.3263 0.4145 2.3043 -0.0213 0.0213 0.2202 0 0
8 331 2102 0 0 0 0 0 1.0002 0 0.9835 0.0499 0.1477 0.1788 1.0699 0.9114 0.0714 0.3294 0.4148 2.3849 0.0246 0.0246 0.2091 0 0
8 332 2014 0 0 0 0 0 1.0004 0 0.9852 0.0233 0.1966 0.2629 2.0518 0.879 0.0031 0.3742 0.4654 2.1759 0.0603 0.0603 0.228 0 0
8 333 2063 0 0 0 0 0 1.0001 0 0.9825 0.1119 0.2178 0.2976 1.7918 0.8896 0.1056 0.3686 0.4563 2.1954 -0.0243 0.0243 0.2287 0 0
8 334 2084 0 0 0 0 0 1.0002 0 0.9845 -0.0384 0.1745 0.2612 1.5539 0.8965 -0.061 0.3529 0.4461 2.3184 0.0588 0.0588 0.2232 0 0
8 335 2037 0 0 0 0 0 1.0005 0 0.9802 -0.101 0.1659 0.2102 1.1624 0.9111 -0.0786 0.3146 0.4061 2.4476 -0.0313 0.0313 0.2106 0 0
8 336 2067 0 0 0 0 0 1.0005 0 0.9806 0.0766 0.1674 0.1987 1.0543 0.9103 0.0158 0.3276 0.4191 2.417 -0.021 0.021 0.2082 0 0
8 337 2045 0 0 0 0 0 1.0001 0 0.9846 0.0051 0.1242 0.15 1.034 0.9028 0.017 0.3286 0.4037 2.4048 0.004 0.004 0.2124 0 0
8 338 1874 0 0 0 0 0 1.0002 0 0.984 -0.0239 0.1465 0.1757 0.9299 0.9154 0.0208 0.3183 0.4129 2.3244 0.0026 0.0026 0.2168 0 0
8 339 2068 0 0 0 0 0 1.0004 0 0.9865 -0.0959 0.1461 0.1879 1.2627 0.8963 -0.0287 0.3578 0.4543 2.5118 -0.0236 0.0236 0.2227 0 0
8 340 2011 0 0 0 0 0 1.0005 0 0.9901 -0.029 0.174 0.2341 1.7456 0.8962 -0.0268 0.3591 0.4549 2.2105 -0.0191 0.0191 0.2216 0 0
8 341 2059 0 0 0 0 0 1.0002 0 0.9893 0.0245 0.1367 0.163 1.2298 0.9029 0.032 0.3334 0.4195 2.3363 -0.0023 0.0023 0.2221 0 0
8 342 2017 0 0 0 0 0 1.0004 0 0.9895 -0.0697 0.1551 0.1894 1.3686 0.9055 -0.0901 0.3499 0.4347 2.2681 0.0047 0.0047 0.2113 0 0
8 343 2037 0 0 0 0 0 1.0001 0 0.987 -0.0507 0.1466 0.2057 1.5027 0.9094 -0.0181 0.3151 0.4011 2.33 -0.0327 0.0327 0.2146 0 0
8 344 2069 0 0 0 0 0 1 0 0.9933 -0.0315 0.1194 0.1558 1.254 0.9107 -0.0154 0.3315 0.4194 2.2181 0.0095 0.0095 0.2178 0 0
8 345 2022 0 0 0 0 0 1.0003 0 0.987 -0.0357 0.1427 0.209 1.7117 0.9102 -0.0291 0.3276 0.4206 2.3623 0.0468 0.0468 0.2178 0 0
8 346 2055 0 0 0 0 0 1.0004 0 0.9838 -0.0215 0.1749 0.2744 1.7195 0.9141 -0.0286 0.3267 0.4197 2.1735 0.1253 0.1253 0.2177 0 0
8 347 2049 0 0 0 0 0 1.0004 0 0.9818 0.0513 0.1352 0.1648 1.2637 0.9127 0.0322 0.3348 0.4162 2.4678 -0.0211 0.0211 0.2208 0 0
8 348 2051 0 0 0 0 0 1.0003 0 0.9925 0.0467 0.1117 0.1504 1.501 0.9046 0.0768 0.3434 0.426 2.3324 0.0801 0.0801 0.2199 0 0
8 349 2067 0 0 0 0 0 1.0007 0 0.9883 -0.0092 0.1297 0.1554 1.0516 0.9048 -0.0302 0.3428 0.4293 2.3199 -0.0954 0.0954 0.2036 0 0
8 350 2044 0 0 0 0 0 1.0003 0 0.9852 0.1466 0.1697 0.2453 1.4538 0.9066 0.0743 0.3345 0.4254 2.4109 0.0664 0.0664 0.2155 0 0
8 351 2052 0 0 0 0 0 1 0 0.9865 -0.0446 0.1093 0.154 0.8033 0.9204 -0.0262 0.3254 0.4033 2.3418 -0.0357 0.0357 0.2089 0 0
8 352 2051 0 0 0 0 0 1.0003 0 0.993 0.0289 0.1261 0.1578 1.4238 0.8949 0.0763 0.3755 0.4642 2.2847 -0.0546 0.0546 0.2144 0 0
8 353 2057 0 0 0 0 0 1.0001 0 0.9832 0.0034 0.1167 0.1458 0.817 0.9188 -0.0203 0.3075 0.385 2.3296 -0.0232 0.0232 0.2151 0 0
8 354 2063 0 0 0 0 0 1.0011 0 0.9922 -0.0356 0.092 0.1211 0.8242 0.9049 0.0098 0.3344 0.4198 2.3351 0.0705 0.0705 0.2124 0 0
8 355 2064 0 0 0 0 0 1.0001 0 0.9913 0.1025 0.1549 0.185 1.7124 0.8915 0.0537 0.3361 0.4374 2.4122 0.0166 0.0166 0.2268 0 0
8 356 2074 0 0 0 0 0 1.0001 0 0.9913 -0.0328 0.1 0.1266 1.0513 0.8972 -0.0188 0.3418 0.4341 2.3942 0.0774 0.0774 0.2156 0 0
8 357 2050 0 0 0 0 0 1.0001 0 0.9926 0.0789 0.1227 0.1476 1.1649 0.9052 0.0693 0.3343 0.4245 2.3184 -0.0193 0.0193 0.2146 0 0
8 358 2031 0 0 0 0 0 1.0003 0 0.9925 0.0678 0.111 0.1754 1.5137 0.902 0.0487 0.3418 0.4306 2.3663 0.0217 0.0217 0.215 0 0
8 359 2084 0 0 0 0 0 1.0005 0 0.9721 -0.0263 0.1802 0.2084 0.9443 0.9071 -6e-04 0.3336 0.4343 2.3649 0.0611 0.0611 0.2087 0 0
8 360 2053 0 0 0 0 0 1.0003 0 0.995 -0.0053 0.0913 0.1078 1.2669 0.9148 0.0035 0.3313 0.4094 2.3358 0.0832 0.0832 0.2087 0 0
8 361 2075 0 0 0 0 0 1.0001 0 0.9852 0.0014 0.1368 0.163 1.0394 0.9192 -0.0391 0.3059 0.3875 2.344 -0.0397 0.0397 0.2081 0 0
8 362 2064 0 0 0 0 0 1.0002 0 0.9801 0.0511 0.1792 0.2129 1.2054 0.917 0.0479 0.3238 0.4044 2.405 -0.0901 0.0901 0.2108 0 0
8 363 2044 0 0 0 0 0 1.0002 0 0.9589 -0.1086 0.3326 0.626 2.7737 0.9112 0.0657 0.3612 0.4538 2.3328 0.0334 0.0334 0.2282 0 0
8 364 1795 0 0 0 0 0 1.0007 0 0.9888 0.0365 0.1185 0.1455 0.9505 0.9164 -0.0131 0.3309 0.4183 2.344 0.0318 0.0318 0.2052 0 0
8 365 2055 0 0 0 0 0 1.0004 0 0.9761 -0.0988 0.1979 0.3034 1.6751 0.8928 -0.0245 0.3555 0.4457 2.3654 0.0416 0.0416 0.219 0 0
8 366 2030 0 0 0 0 0 1.0002 0 0.9753 0.002 0.2073 0.3454 2.3624 0.8892 -0.005 0.3525 0.4438 2.3043 0.0123 0.0123 0.219 0 0
8 367 2064 0 0 0 0 0 1.0003 0 0.9894 -0.0506 0.1846 0.2377 1.6068 0.9004 -0.0265 0.3567 0.4544 2.272 -0.0093 0.0093 0.2172 0 0
8 368 2061 0 0 0 0 0 1.0003 0 0.9574 -0.2608 0.2769 0.4829 2.5142 0.909 -0.1145 0.3635 0.4607 2.5281 -0.0404 0.0404 0.2258 0 0
8 369 2040 0 0 0 0 0 1.0005 0 0.9721 0.1 0.1789 0.2217 1.2304 0.9085 0.0462 0.3289 0.417 2.504 -0.0242 0.0242 0.2211 0 0
8 370 2067 0 0 0 0 0 1.0001 0 0.9692 0.0331 0.1908 0.281 1.8032 0.8973 0.0024 0.3567 0.4474 2.4857 -0.0864 0.0864 0.2227 0 0
8 371 2060 0 0 0 0 0 1.0002 0 0.9944 -0.0027 0.0833 0.1009 0.9965 0.9043 -0.0139 0.3379 0.4277 2.4031 -0.0191 0.0191 0.2105 0 0
8 372 2065 0 0 0 0 0 1.0002 0 0.9922 0.0216 0.114 0.1379 1.2553 0.9124 0.0252 0.3486 0.4409 2.4304 0.0467 0.0467 0.2081 0 0
8 373 2047 0 0 0 0 0 1.0004 0 0.9826 0.0314 0.1505 0.192 1.8714 0.8963 0.0648 0.3414 0.4371 2.5464 0.1246 0.1246 0.2169 0 0
8 374 2064 0 0 0 0 0 1.0003 0 0.9892 0.0125 0.1267 0.1673 0.9427 0.9116 -0.0028 0.3437 0.4375 2.3359 -0.0039 0.0039 0.2117 0 0
8 375 2050 0 0 0 0 0 1.0002 0 0.9749 0.0029 0.2474 0.3569 2.4641 0.8978 -0.0589 0.3529 0.4391 2.2451 -0.0733 0.0733 0.2192 0 0
8 376 2054 0 0 0 0 0 1.0004 0 0.9864 0.0075 0.1309 0.1753 0.881 0.9144 0.0155 0.3306 0.4123 2.3624 -0.0114 0.0114 0.2118 0 0
8 377 2065 0 0 0 0 0 1.0001 0 0.9893 -0.0206 0.1534 0.2042 1.8993 0.9027 -0.0407 0.3575 0.4428 2.2847 0.0103 0.0103 0.2098 0 0
8 378 2063 0 0 0 0 0 1.0002 0 0.9885 0.014 0.1207 0.1374 0.8707 0.9074 0.011 0.3308 0.4145 2.3414 0.049 0.049 0.2115 0 0
8 379 2052 0 0 0 0 0 1.0001 0 0.984 -0.1391 0.1798 0.2339 1.2619 0.913 -0.0947 0.3289 0.4134 2.3038 0.071 0.071 0.217 0 0
8 380 2047 0 0 0 0 0 1.0006 0 0.9873 -0.0261 0.176 0.2393 1.8374 0.8951 -0.0148 0.3561 0.4522 2.3419 -0.0425 0.0425 0.2293 0 0
8 381 2050 0 0 0 0 0 1.0004 0 0.9912 -0.016 0.1438 0.1828 2.0364 0.8912 0.0025 0.3418 0.4294 2.1909 0.0412 0.0412 0.2276 0 0
8 382 2058 0 0 0 0 0 1.0001 0 0.9917 0.0368 0.1148 0.1657 1.2994 0.9131 0.0455 0.3405 0.4375 2.321 0.0469 0.0469 0.2054 0 0
8 383 2075 0 0 0 0 0 1.0007 0 0.9895 -0.0285 0.1339 0.1664 1.3114 0.9143 6e-04 0.3203 0.3965 2.2538 0.0014 0.0014 0.2171 0 0
8 384 2053 0 0 0 0 0 1.0012 0 0.9891 0.0738 0.125 0.1598 1.1657 0.9029 0.0218 0.3249 0.4156 2.3564 0.0041 0.0041 0.2151 0 0
8 385 2090 0 0 0 0 0 1.0003 0 0.9829 -0.0631 0.1636 0.2616 1.545 0.9044 -0.0241 0.3478 0.4343 2.2757 0.0646 0.0646 0.2167 0 0
8 386 2047 0 0 0 0 0 1.0001 0 0.9924 0.0052 0.1366 0.1609 1.299 0.9033 -0.0175 0.3439 0.4321 2.3793 -0.0275 0.0275 0.2144 0 0
8 387 2076 0 0 0 0 0 1.0002 0 0.9921 -0.1117 0.1597 0.1851 1.8118 0.8927 -0.0474 0.3583 0.443 2.4705 0.0047 0.0047 0.2314 0 0
8 388 2049 0 0 0 0 0 1.0005 0 0.9782 0.0058 0.1683 0.2678 2.0982 0.8728 0.0364 0.3689 0.4693 2.4947 0.0789 0.0789 0.2337 0 0
8 389 2034 0 0 0 0 0 1.0004 0 0.9814 0.0886 0.1493 0.2229 1.3314 0.8862 0.0331 0.362 0.4533 2.4407 -0.0511 0.0511 0.2274 0 0
8 390 2050 0 0 0 0 0 1.0004 0 0.9838 0.0658 0.154 0.1813 0.838 0.9239 0.0388 0.3175 0.3988 2.3471 -0.0784 0.0784 0.2173 0 0
8 391 2053 0 0 0 0 0 1.0004 0 0.9909 -0.049 0.1534 0.1785 1.6742 0.9036 -0.0303 0.3505 0.4387 2.4464 0.154 0.154 0.2135 0 0
8 392 2042 0 0 0 0 0 1.001 0 0.986 -0.0112 0.1996 0.2661 1.8651 0.8996 -0.0019 0.3427 0.4381 2.2554 0 0 0.2182 0 0
8 393 2068 0 0 0 0 0 1.0001 0 0.971 0.0838 0.1649 0.3178 2.0939 0.8953 0.0379 0.3651 0.4625 2.4168 -0.0202 0.0202 0.2129 0 0
8 394 2053 0 0 0 0 0 1.0005 0 0.9421 0.131 0.2474 0.5613 2.6086 0.913 6e-04 0.3362 0.4231 2.3815 0.0641 0.0641 0.2123 0 0
8 395 2065 0 0 0 0 0 1.0006 0 0.9804 -0.0468 0.1536 0.1979 0.959 0.916 0.017 0.3442 0.4385 2.464 -0.0267 0.0267 0.2082 0 0
8 396 2060 0 0 0 0 0 1.0006 0 0.9858 -0.0752 0.1616 0.2259 1.582 0.9026 -0.0364 0.3326 0.4252 2.3125 -0.0585 0.0585 0.2135 0 0
8 397 2085 0 0 0 0 0 1.0006 0 0.9802 0.1087 0.1494 0.1941 1.0241 0.9158 0.107 0.345 0.4307 2.4521 0.0521 0.0521 0.2106 0 0
8 398 2076 0 0 0 0 0 1.0008 0 0.992 -0.044 0.1294 0.1694 1.2659 0.901 -0.0127 0.3335 0.4198 2.343 -0.0129 0.0129 0.2123 0 0
8 399 2052 0 0 0 0 0 1.0005 0 0.9853 -0.0638 0.1817 0.2057 1.3718 0.9094 -0.0607 0.3478 0.4373 2.3191 -0.0733 0.0733 0.2114 0 0
8 400 2056 0 0 0 0 0 1.0001 0 0.9854 0.0155 0.149 0.205 1.4353 0.9014 0.0308 0.3355 0.4221 2.4064 -0.0037 0.0037 0.2256 0 0
8 401 2065 0 0 0 0 0 1.0002 0 0.9889 0.0406 0.1366 0.1611 1.2089 0.9102 0.0126 0.3298 0.4123 2.3341 -0.0847 0.0847 0.2176 0 0
8 402 2049 0 0 0 0 0 1.0007 0 0.9857 0.0864 0.1774 0.2307 1.4761 0.9077 0.0371 0.3491 0.4429 2.3173 -0.0219 0.0219 0.2249 0 0
8 403 2045 0 0 0 0 0 1.0002 0 0.984 0.0167 0.1408 0.1853 1.0251 0.9043 0.0284 0.3263 0.4118 2.336 -0.0522 0.0522 0.2134 0 0
8 404 2058 0 0 0 0 0 1.0002 0 0.9854 0.0406 0.1531 0.1958 1.0502 0.9102 -0.0025 0.325 0.4032 2.3076 -0.1001 0.1001 0.2165 0 0
8 405 2044 0 0 0 0 0 1.0002 0 0.9872 -0.0103 0.1787 0.2232 1.5819 0.8916 0.0248 0.3344 0.4219 2.3155 0.0034 0.0034 0.2262 0 0
8 406 2031 0 0 0 0 0 1.0002 0 0.9848 0.0996 0.2336 0.3088 1.6061 0.8938 0.1007 0.3639 0.4648 2.1738 0.0109 0.0109 0.2323 0 0
8 407 2091 0 0 0 0 0 1.0004 0 0.9897 -0.0178 0.1351 0.1694 1.3867 0.9001 -0.0489 0.3404 0.4334 2.3935 -0.0158 0.0158 0.2271 0 0
8 408 2084 0 0 0 0 0 1.0006 0 0.9886 -0.0408 0.0907 0.1376 0.8895 0.9163 -0.0197 0.3243 0.4092 2.3094 0.0156 0.0156 0.2145 0 0
8 409 2098 0 0 0 0 0 1.0002 0 0.9921 -0.0515 0.1195 0.1528 0.9755 0.9065 -0.0415 0.332 0.4236 2.3397 -0.0091 0.0091 0.2081 0 0
8 410 2057 0 0 0 0 0 1.0008 0 0.9917 -0.0401 0.196 0.2605 1.6495 0.8982 0.0325 0.3552 0.4588 2.2634 0.0224 0.0224 0.2209 0 0
8 411 2058 0 0 0 0 0 1.0002 0 0.99 -0.1456 0.1763 0.2274 1.4374 0.9018 -0.1059 0.3444 0.4396 2.2062 -0.0377 0.0377 0.219 0 0
8 412 2052 0 0 0 0 0 1.0009 0 0.9863 -0.0312 0.1306 0.1604 0.8875 0.9207 -0.0252 0.3197 0.4022 2.3068 0.0328 0.0328 0.2052 0 0
8 413 2046 0 0 0 0 0 1.0002 0 0.9678 -0.0204 0.2231 0.3712 2.2085 0.9016 0.0423 0.3592 0.4526 2.4284 -0.089 0.089 0.2209 0 0
8 414 2040 0 0 0 0 0 1.0002 0 0.9663 -0.0985 0.1915 0.4023 2.5326 0.8939 -0.0415 0.3316 0.4267 2.1745 -0.034 0.034 0.2183 0 0
8 415 2082 0 0 0 0 0 1.0004 0 0.9813 -0.0163 0.1695 0.2242 1.5923 0.9113 -0.0435 0.3332 0.4216 2.2786 0.0038 0.0038 0.2149 0 0
8 416 2041 0 0 0 0 0 1.0003 0 0.9773 -0.0264 0.1943 0.2629 1.3772 0.9074 -0.0348 0.3262 0.4091 2.2878 -0.0124 0.0124 0.2215 0 0
8 417 2067 0 0 0 0 0 1.0009 0 0.9831 0.0168 0.1267 0.1527 0.9272 0.9146 0.0441 0.318 0.4009 2.33 -0.1211 0.1211 0.2114 0 0
8 418 2052 0 0 0 0 0 1.0005 0 0.9937 0.0075 0.1084 0.1256 1.1825 0.9 -0.0079 0.333 0.4267 2.263 -0.0178 0.0178 0.2187 0 0
8 419 2050 0 0 0 0 0 1.0006 0 0.9868 0.0903 0.1897 0.2997 2.2429 0.8984 0.0165 0.3525 0.4456 2.3037 -0.0026 0.0026 0.2142 0 0
8 420 2065 0 0 0 0 0 1.0001 0 0.9875 0.0016 0.1577 0.1976 1.4498 0.9146 0.0091 0.3387 0.4233 2.3137 -0.0196 0.0196 0.2118 0 0
8 421 2046 0 0 0 0 0 1.0002 0 0.993 -0.0048 0.1464 0.1848 1.6185 0.8965 0.0517 0.3673 0.4641 2.2827 0.0321 0.0321 0.2239 0 0
8 422 2058 0 0 0 0 0 1.0002 0 0.9876 0.0049 0.116 0.1674 1.1891 0.9185 -0.0252 0.3048 0.3883 2.374 0.039 0.039 0.2106 0 0
8 423 2066 0 0 0 0 0 1.0007 0 0.9822 -0.059 0.152 0.1842 1.0459 0.9016 -0.0543 0.3374 0.4212 2.3429 0.0144 0.0144 0.2167 0 0
8 424 2075 0 0 0 0 0 1.0002 0 0.9938 -0.0593 0.1495 0.1813 1.3018 0.9007 -0.064 0.3484 0.4469 2.4369 0.0105 0.0105 0.2249 0 0
8 425 2058 0 0 0 0 0 1.0005 0 0.9857 -0.0326 0.1604 0.1963 1.5621 0.9096 -0.072 0.3312 0.4134 2.3331 0.0475 0.0475 0.2185 0 0
8 426 2063 0 0 0 0 0 1.0004 0 0.9766 -0.0554 0.1966 0.3443 1.7731 0.8945 -0.0539 0.3638 0.4534 2.1949 2e-04 2e-04 0.2226 0 0
8 427 2065 0 0 0 0 0 1.0005 0 0.9794 0.0012 0.15 0.1977 0.9907 0.9034 0.0358 0.349 0.4311 2.3912 0.0143 0.0143 0.2159 0 0
8 428 2051 0 0 0 0 0 1.0005 0 0.9906 -0.0185 0.1139 0.146 1.0147 0.9236 -0.0067 0.3247 0.4174 2.346 -0.0732 0.0732 0.2029 0 0
8 429 2088 0 0 0 0 0 1.001 0 0.9905 0.0814 0.1424 0.1821 1.3355 0.9048 0.0635 0.3417 0.4362 2.3124 -0.0211 0.0211 0.2155 0 0
8 430 2053 0 0 0 0 0 1.0005 0 0.987 0.0916 0.1523 0.1866 1.0349 0.9097 0.0814 0.3303 0.4119 2.3296 -0.0211 0.0211 0.2162 0 0
8 431 2072 0 0 0 0 0 1.0006 0 0.9674 0.0516 0.2263 0.3384 1.9683 0.8933 -0.0433 0.3648 0.4636 2.4425 0.0524 0.0524 0.2214 0 0
8 432 2060 0 0 0 0 0 1.0006 0 0.9902 -0.0094 0.1192 0.1513 1.801 0.9027 -0.0035 0.3325 0.4159 2.4064 0.0258 0.0258 0.2267 0 0
8 433 2064 0 0 0 0 0 1.0001 0 0.9905 0.0144 0.1046 0.1324 1.1585 0.9187 -0.0036 0.313 0.3952 2.3 0.013 0.013 0.2089 0 0
8 434 2095 0 0 0 0 0 1.0001 0 0.9894 -0.022 0.1143 0.1455 1.2961 0.9171 7e-04 0.3187 0.4027 2.3365 -0.0421 0.0421 0.2081 0 0
8 435 2057 0 0 0 0 0 1.0003 0 0.9799 -0.0333 0.1625 0.2007 1.8479 0.8858 0.0423 0.3596 0.4618 2.5293 0.0342 0.0342 0.2303 0 0
8 436 2069 0 0 0 0 0 1.0002 0 0.9828 0.0541 0.2206 0.3462 2.4172 0.8968 0.0128 0.3589 0.4563 2.3362 -0.0183 0.0183 0.2174 0 0
8 437 2069 0 0 0 0 0 1.0009 0 0.9917 0.0128 0.092 0.113 0.8516 0.9144 -0.0031 0.3198 0.4082 2.408 0.1376 0.1376 0.2066 0 0
8 438 2045 0 0 0 0 0 1.0005 0 0.9796 0.0757 0.1971 0.2771 2.0548 0.8889 0.045 0.3529 0.4423 2.4318 -0.0192 0.0192 0.228 0 0
8 439 1997 0 0 0 0 0 1.0009 0 0.9904 0.0069 0.1573 0.2345 2.5036 0.8686 -0.002 0.3939 0.4915 2.3124 5e-04 5e-04 0.2328 0 0
8 440 2065 0 0 0 0 0 1.0001 0 0.9919 0.1144 0.1444 0.17 0.9977 0.9062 0.1328 0.3402 0.4324 2.303 -0.0805 0.0805 0.2105 0 0
8 441 2068 0 0 0 0 0 1.0002 0 0.9826 0.1166 0.1861 0.2229 1.223 0.9196 0.0678 0.3217 0.4079 2.3749 -0.0148 0.0148 0.2111 0 0
8 442 2073 0 0 0 0 0 1.0002 0 0.9868 -0.0394 0.1457 0.2077 1.6871 0.8945 -0.0392 0.3678 0.4554 2.3407 -0.0248 0.0248 0.2203 0 0
8 443 2044 0 0 0 0 0 1.0003 0 0.9877 0.0161 0.1532 0.2033 1.6818 0.8793 0.0506 0.3579 0.4602 2.2963 -0.0441 0.0441 0.2241 0 0
8 444 2063 0 0 0 0 0 1.0003 0 0.9933 -0.0497 0.1131 0.1429 1.4336 0.9071 -0.0555 0.3324 0.4115 2.3384 -0.0083 0.0083 0.2197 0 0
8 445 2076 0 0 0 0 0 1.0002 0 0.9803 -0.0419 0.1287 0.1659 0.9523 0.9116 -0.0334 0.328 0.435 2.4505 0.0093 0.0093 0.2177 0 0
8 446 2034 0 0 0 0 0 1 0 0.9508 -0.0843 0.2143 0.405 2.6372 0.8758 -0.0097 0.3777 0.4709 2.5455 -0.0026 0.0026 0.2233 0 0
8 447 2065 0 0 0 0 0 1.0007 0 0.989 0.0237 0.134 0.1844 1.5226 0.9061 0.0385 0.3292 0.4153 2.3781 -0.0582 0.0582 0.214 0 0
8 448 2065 0 0 0 0 0 1.0002 0 0.986 -0.0327 0.1673 0.2313 1.7318 0.9061 -0.0063 0.3411 0.4369 2.485 0.0398 0.0398 0.2243 0 0
8 449 1989 0 0 0 0 0 1.0002 0 0.9876 -0.0438 0.1654 0.2404 1.676 0.9038 -0.0913 0.3446 0.4333 2.4044 0.0799 0.0799 0.2214 0 0
8 450 2077 0 0 0 0 0 1.0001 0 0.9891 0.0522 0.1483 0.2064 1.9173 0.9189 -0.0201 0.3467 0.4464 2.4216 -0.0363 0.0363 0.2122 0 0
8 451 2038 0 0 0 0 0 1.0003 0 0.9794 -0.0527 0.1715 0.2468 1.6166 0.8996 -0.03 0.3336 0.4225 2.3643 0.0419 0.0419 0.2172 0 0
8 452 2037 0 0 0 0 0 1.0006 0 0.9944 -0.0164 0.0901 0.1284 0.9491 0.913 0.0409 0.3206 0.4091 2.3208 -0.0204 0.0204 0.2122 0 0
8 453 2070 0 0 0 0 0 1.0001 0 0.9932 -0.0184 0.0996 0.1258 1.537 0.9075 -0.0287 0.3356 0.4295 2.4203 -0.0635 0.0635 0.2163 0 0
8 454 2069 0 0 0 0 0 1.0005 0 0.9853 -0.2125 0.2125 0.2827 1.7696 0.879 -0.1641 0.4166 0.5177 2.5863 0.0353 0.0353 0.2271 0 0
8 455 2089 0 0 0 0 0 1.0001 0 0.9682 -0.0977 0.171 0.2377 1.3819 0.8847 -0.0341 0.3776 0.4771 2.6085 0.0438 0.0438 0.2355 0 0
8 456 2073 0 0 0 0 0 1.0003 0 0.987 -0.1057 0.1806 0.2359 1.0766 0.9203 -0.0666 0.3368 0.4255 2.356 0.0437 0.0437 0.2102 0 0
8 457 2047 0 0 0 0 0 1.0004 0 0.9875 -0.04 0.1504 0.1962 1.7461 0.9112 -0.0568 0.3312 0.4193 2.3747 0.0774 0.0774 0.2117 0 0
8 458 2098 0 0 0 0 0 1.0001 0 0.9878 -0.0159 0.1595 0.2244 2.1307 0.8935 0.052 0.3513 0.4428 2.3536 0.0689 0.0689 0.2162 0 0
8 459 2079 0 0 0 0 0 1.0004 0 0.984 0.0158 0.1262 0.1688 0.8509 0.9118 0.0219 0.345 0.4412 2.3659 -0.0067 0.0067 0.208 0 0
8 460 2046 0 0 0 0 0 1.0002 0 0.9912 -0.0603 0.1552 0.1975 1.999 0.9047 -0.0742 0.3506 0.4376 2.3213 -0.0058 0.0058 0.2155 0 0
8 461 2046 0 0 0 0 0 1.0003 0 0.9854 0.0565 0.1608 0.2406 1.0226 0.9155 -0.0149 0.3524 0.4483 2.2879 -0.0069 0.0069 0.2125 0 0
8 462 2045 0 0 0 0 0 1.0003 0 0.9922 -0.0116 0.1247 0.1613 1.6684 0.8973 0.0213 0.3422 0.4315 2.3803 -0.0145 0.0145 0.2176 0 0
8 463 2045 0 0 0 0 0 1.0003 0 0.9945 -0.0519 0.1322 0.1539 1.6896 0.9 -0.025 0.3681 0.4571 2.3553 -0.0606 0.0606 0.2216 0 0
8 464 2039 0 0 0 0 0 1.0002 0 0.9643 -0.0081 0.1841 0.3144 2.4698 0.9019 0.0266 0.3379 0.4321 2.4358 -0.0384 0.0384 0.2224 0 0
8 465 2056 0 0 0 0 0 1.0015 0 0.9627 0.0073 0.2138 0.4123 2.6976 0.9023 0.0223 0.3323 0.4238 2.2461 -0.0196 0.0196 0.2304 0 0
8 466 2055 0 0 0 0 0 1 0 0.9955 0.0051 0.111 0.1627 1.6366 0.8881 -0.0106 0.3596 0.4662 2.3442 0.003 0.003 0.2186 0 0
8 467 2046 0 0 0 0 0 1.0003 0 0.9045 -0.2476 0.312 0.6764 2.8578 0.8985 -0.0671 0.3365 0.4221 2.4758 0.0421 0.0421 0.2248 0 0
8 468 2049 0 0 0 0 0 1 0 0.9918 0.0334 0.1441 0.1873 2.0376 0.903 0.0567 0.3421 0.4339 2.286 -0.0256 0.0256 0.2211 0 0
8 469 2061 0 0 0 0 0 1.0008 0 0.9921 0.0653 0.116 0.1411 1.1387 0.8987 0.0473 0.3349 0.4223 2.3815 0.0681 0.0681 0.2168 0 0
8 470 2068 0 0 0 0 0 1.0005 0 0.9836 -0.0208 0.1375 0.1633 1.0085 0.9108 -0.0289 0.328 0.422 2.3811 0.0838 0.0838 0.2133 0 0
8 471 2044 0 0 0 0 0 1.0003 0 0.9884 -0.0477 0.1558 0.2667 2.0354 0.8977 -0.0071 0.3706 0.458 2.3055 0.0945 0.0945 0.214 0 0
8 472 2069 0 0 0 0 0 1.0006 0 0.9887 0.0935 0.1512 0.1807 1.8756 0.9131 0.0616 0.3349 0.4411 2.4747 0.0083 0.0083 0.2251 0 0
8 473 2048 0 0 0 0 0 1.0011 0 0.989 -0.0088 0.1767 0.2266 1.7796 0.9098 -0.0546 0.3496 0.4316 2.3243 -0.0684 0.0684 0.2126 0 0
8 474 2056 0 0 0 0 0 1.0004 0 0.9908 -0.0021 0.1433 0.194 1.3177 0.9114 0.0213 0.3418 0.4331 2.2793 0.076 0.076 0.2069 0 0
8 475 2039 0 0 0 0 0 1.0001 0 0.9866 0.1596 0.2329 0.318 2.2694 0.8893 0.0972 0.371 0.4672 2.3404 -0.0234 0.0234 0.2293 0 0
8 476 2046 0 0 0 0 0 1.0001 0 0.9755 0.0671 0.1638 0.2281 0.9181 0.9172 0.087 0.3363 0.416 2.3305 -0.0465 0.0465 0.2097 0 0
8 477 2044 0 0 0 0 0 1.0001 0 0.9828 0.003 0.1646 0.2275 1.5169 0.915 -0.0097 0.3232 0.4054 2.3908 0.058 0.058 0.2146 0 0
8 478 2054 0 0 0 0 0 1.0001 0 0.9821 -0.0586 0.152 0.1912 1.0302 0.9108 -0.0088 0.3515 0.4321 2.3667 -0.0378 0.0378 0.2144 0 0
8 479 2071 0 0 0 0 0 1.0007 0 0.9864 0.0246 0.1242 0.1551 1.0585 0.9138 -0.0017 0.3331 0.4309 2.4263 -0.0088 0.0088 0.2108 0 0
8 480 2083 0 0 0 0 0 1.0005 0 0.9926 0.0432 0.1408 0.1838 1.6902 0.9025 0.0643 0.3488 0.4354 2.2988 0.0286 0.0286 0.2171 0 0
8 481 2062 0 0 0 0 0 1.0017 0 0.9871 -0.0011 0.1011 0.1407 0.9658 0.9099 -0.0094 0.3411 0.4364 2.437 -0.0354 0.0354 0.2126 0 0
8 482 2097 0 0 0 0 0 1.0003 0 0.9525 -0.1062 0.2196 0.3479 2.2536 0.8869 -0.0674 0.3646 0.4655 2.5722 -0.0687 0.0687 0.2271 0 0
8 483 2046 0 0 0 0 0 1.0001 0 0.9897 -0.117 0.1429 0.173 1.0174 0.9034 -0.0834 0.3202 0.4092 2.4204 0.0067 0.0067 0.2187 0 0
8 484 2061 0 0 0 0 0 1.0002 0 0.9942 0.0032 0.105 0.1528 1.6266 0.8942 0.0028 0.3524 0.4428 2.3416 -0.0321 0.0321 0.2152 0 0
8 485 2045 0 0 0 0 0 1.0005 0 0.9914 -0.1057 0.1966 0.2473 1.5481 0.9102 -0.069 0.3527 0.4415 2.3308 -0.0117 0.0117 0.2187 0 0
8 486 2070 0 0 0 0 0 1.0005 0 0.9823 0.0372 0.1662 0.1939 1.402 0.9103 0.0359 0.3125 0.402 2.3607 -0.0156 0.0156 0.2198 0 0
8 487 2041 0 0 0 0 0 1.0004 0 0.9893 0.0975 0.1307 0.1762 1.6163 0.9096 0.0408 0.334 0.4219 2.3684 0.0588 0.0588 0.2157 0 0
8 488 2088 0 0 0 0 0 1.0001 0 0.9835 0.013 0.1645 0.2023 1.3747 0.8954 0.0372 0.3506 0.4598 2.5097 0.0508 0.0508 0.2249 0 0
8 489 2048 0 0 0 0 0 1.0003 0 0.9868 0.0224 0.1359 0.1646 1.6149 0.8997 0.0383 0.3272 0.4171 2.422 -0.0707 0.0707 0.2153 0 0
8 490 2049 0 0 0 0 0 1.0001 0 0.9644 -0.1403 0.2023 0.4155 2.224 0.8911 -0.0155 0.3577 0.4596 2.495 0.0717 0.0717 0.2263 0 0
8 491 2051 0 0 0 0 0 1.0006 0 0.9611 0.1966 0.3009 0.5218 2.6216 0.8928 0.0164 0.3546 0.4466 2.3583 0.0083 0.0083 0.2279 0 0
8 492 2042 0 0 0 0 0 1.0003 0 0.9826 -0.1304 0.1852 0.2395 1.5929 0.8962 -0.0717 0.3507 0.4419 2.3745 0.0277 0.0277 0.2214 0 0
8 493 2067 0 0 0 0 0 1.0005 0 0.9825 -0.0135 0.1359 0.1605 0.8525 0.9196 -0.0033 0.303 0.3893 2.3468 0.0245 0.0245 0.2139 0 0
8 494 2061 0 0 0 0 0 1.0001 0 0.9883 0.0248 0.1339 0.1639 1.2262 0.9096 0.0267 0.3246 0.408 2.3461 -0.0138 0.0138 0.217 0 0
8 495 2047 0 0 0 0 0 1.0004 0 0.9936 -0.0445 0.1092 0.1548 1.8289 0.9125 -0.0232 0.3362 0.414 2.3601 0.0418 0.0418 0.2149 0 0
8 496 2047 0 0 0 0 0 1.0006 0 0.9902 -0.0079 0.1092 0.1335 1.0689 0.9101 -0.0022 0.3208 0.403 2.3189 0.0311 0.0311 0.2187 0 0
8 497 2063 0 0 0 0 0 1.0003 0 0.985 -0.0084 0.1436 0.1686 1.1762 0.9184 0.0065 0.311 0.3904 2.3725 0.0604 0.0604 0.2084 0 0
8 498 2037 0 0 0 0 0 1.0016 0 0.9841 0.0726 0.173 0.2478 1.4076 0.9024 0.0577 0.338 0.4322 2.2986 0.0775 0.0775 0.2227 0 0
8 499 2031 0 0 0 0 0 1.0006 0 0.9879 0.0419 0.1482 0.201 2.2518 0.8952 0.0355 0.3374 0.4349 2.4051 0.0517 0.0517 0.2167 0 0
8 500 2072 0 0 0 0 0 1.0001 0 0.9906 0.0665 0.1355 0.1854 1.5388 0.9006 0.0744 0.3341 0.4219 2.3376 0.0688 0.0688 0.2136 0 0
