cond r run.time ndiv nbfmi ntree nbulk ntail maxRhat nRhat beta.cor beta.bias beta.abbias beta.rmse beta.CI theta.cor theta.bias theta.abbias theta.rmse theta.CI lambda.bias lambda.abbias lambda.CI corrupt efficiency
41 1 243 16 0 0 0 0 1.0005 0 0.9623 0.0651 0.1914 0.2288 2.1088 0.8674 0.0516 0.4384 0.5701 4.0094 -0.005 0.005 0.5267 1 0
41 2 202 3 0 0 0 0 1.0002 0 0.8056 0.2391 0.5053 0.5887 2.2889 0.839 0.1287 0.4806 0.6451 4.1153 0.033 0.033 0.4836 1 0
41 3 171 2 0 0 0 0 1.0001 0 0.9606 -0.3629 0.3703 0.4811 2.4777 0.829 -0.0594 0.4937 0.6234 4.2455 -0.1381 0.1381 0.5906 1 0
41 4 195 6 0 0 0 0 1.0004 0 0.9627 -0.0269 0.1753 0.209 2.0557 0.7977 0.0379 0.5191 0.6844 4.2003 -0.0749 0.0749 0.5752 1 0
41 5 185 4 0 0 0 0 1.0001 0 0.924 0.0635 0.278 0.3331 2.0064 0.858 -0.031 0.4452 0.5791 4.2849 -0.1566 0.1566 0.5989 1 0
41 6 152 0 0 0 0 0 1.0005 0 0.9307 -0.1068 0.4441 0.5189 2.6202 0.8442 -0.1983 0.5173 0.65 4.1546 -0.1766 0.1766 0.6338 0 0
41 7 393 408 0 0 0 0 1.0013 0 0.876 0.6908 0.726 1.0168 2.8499 0.8256 0.3993 0.6071 0.7708 5.0748 0.0694 0.0694 0.648 1 0
41 8 148 0 0 0 0 0 1.0003 0 0.9161 0.1267 0.508 0.5958 2.3128 0.7835 0.1778 0.563 0.7412 4.1828 -0.1436 0.1436 0.5459 0 0
41 9 175 2 0 0 0 0 1.0002 0 0.9516 -0.0968 0.3103 0.3974 1.8715 0.7984 -0.1094 0.5364 0.7125 4.181 -0.2321 0.2321 0.649 1 0
41 10 132 14 0 0 0 0 1.001 0 0.8363 -0.3533 0.4896 0.7929 2.7205 0.8246 -0.0529 0.5002 0.6358 4.2006 -0.1209 0.1209 0.6033 1 0
41 11 192 25 0 0 0 0 1.0004 0 0.9677 -0.1022 0.543 0.669 2.6346 0.8399 -0.189 0.5646 0.7058 4.1072 -0.0316 0.0316 0.565 1 0
41 12 189 4 0 0 0 0 1.0005 0 0.9461 0.2675 0.3119 0.4877 2.1626 0.797 0.3034 0.5335 0.668 4.1319 -0.0012 0.0012 0.5107 1 0
41 13 403 2201 0 0 0 0 1.0046 0 0.824 -1.0881 1.0881 1.3222 3.3762 0.7686 -0.6362 0.7706 0.9213 5.0072 0.0965 0.0965 0.7801 1 0
41 14 187 2 0 0 0 0 1.0004 0 0.8742 0.2079 0.4947 0.611 2.3101 0.8419 0.109 0.4982 0.6948 4.1222 -0.0134 0.0134 0.5335 1 0
41 15 318 30 0 0 0 0 1.0003 0 0.9586 -0.0446 0.2179 0.2713 2.0798 0.8507 0.1077 0.4972 0.6543 4.2448 0.1826 0.1826 0.4126 1 0
41 16 212 12 0 0 0 0 1.001 0 0.9241 -0.1214 0.3132 0.3898 1.9306 0.8576 -0.1756 0.4647 0.6038 4.4932 0.0794 0.0794 0.482 1 0
41 17 153 0 0 0 0 0 1.0003 0 0.9762 0.1028 0.4142 0.5275 2.6768 0.8509 0.0711 0.4459 0.5892 4.3494 -0.1682 0.1682 0.6804 0 0
41 18 183 5 0 0 0 0 1.0003 0 0.9862 -0.2241 0.2254 0.2841 2.0673 0.7832 -0.1644 0.5082 0.6503 4.4045 -0.0292 0.0292 0.5616 1 0
41 19 201 2 0 0 0 0 1.0002 0 0.9487 -0.1359 0.2498 0.2823 1.6804 0.8516 -0.1494 0.5436 0.6924 4.2412 -0.0696 0.0696 0.5046 1 0
41 20 161 0 0 0 0 0 1.001 0 0.9041 0.6644 0.6644 0.7668 2.0471 0.7908 0.4575 0.7579 0.9259 4.2194 -0.2527 0.2527 0.5981 0 0
41 21 188 5 0 0 0 0 1.0001 0 0.9113 0.1 0.3817 0.4582 1.8913 0.8513 -0.102 0.507 0.6485 4.1441 -0.0141 0.0141 0.4853 1 0
41 22 187 9003 1 0 113 114 7.3432 109 0.9232 -0.7385 0.9059 1.1476 4.6788 0.3608 -0.3058 1.0867 1.347 9.5387 0.1414 0.1414 0.8124 1 1
41 23 203 3 0 0 0 0 1.0003 0 0.9799 0.1646 0.2373 0.3175 2.2967 0.8449 0.0955 0.514 0.7036 4.2176 0.1075 0.1075 0.4255 1 0
41 24 193 165 0 0 0 0 1.0018 0 0.8821 0.3094 0.3912 0.4846 2.4907 0.816 0.2987 0.5133 0.6548 4.2577 -0.0242 0.0242 0.6448 1 0
41 25 155 0 0 0 0 0 1.0002 0 0.964 0.0477 0.2819 0.3289 2.1952 0.8001 -0.0256 0.4715 0.5981 4.2026 -0.2426 0.2426 0.6195 0 0
41 26 184 71 0 0 0 0 1.0008 0 0.8759 0.4334 0.5447 0.6287 2.5257 0.7798 0.1214 0.515 0.6854 4.3629 -0.0207 0.0207 0.5989 1 0
41 27 184 0 0 0 0 0 1.0002 0 0.9161 0.0196 0.3589 0.465 1.9873 0.796 -0.0644 0.4755 0.6451 4.1173 -0.0395 0.0395 0.4876 0 0
41 28 169 1 0 0 0 0 1.0002 0 0.9487 0.1927 0.4847 0.7101 2.781 0.7731 0.2225 0.5789 0.742 4.1485 -0.1536 0.1536 0.6118 1 0
41 29 200 2 0 0 0 0 1.0003 0 0.9631 -0.1752 0.3217 0.3862 2.0457 0.8615 -0.183 0.4887 0.6254 4.2884 0.0326 0.0326 0.4652 1 0
41 30 207 59 0 0 0 0 1.0005 0 0.9715 -0.3453 0.3511 0.3957 2.3668 0.7822 -0.2348 0.5431 0.6799 4.4317 -0.033 0.033 0.5927 1 0
41 31 196 2 0 0 0 0 1.0004 0 0.8976 -0.4028 0.4603 0.5859 1.8236 0.8619 -0.3055 0.5084 0.6467 4.0948 -0.0063 0.0063 0.4715 1 0
41 32 184 10 0 0 0 0 1.0006 0 0.9497 -0.1952 0.3412 0.421 1.9912 0.8691 -0.0987 0.5377 0.707 4.4843 0.0364 0.0364 0.5045 1 0
41 33 196 0 0 0 0 0 1.0002 0 0.7347 -0.4243 0.578 0.76 1.8157 0.8201 -0.1936 0.6257 0.8289 4.0531 0.0198 0.0198 0.4855 0 0
41 34 187 19 0 0 0 0 1.0003 0 0.9337 -0.324 0.4031 0.5118 2.5162 0.7891 -0.1597 0.4793 0.6386 4.349 -0.0782 0.0782 0.6025 1 0
41 35 192 13 0 0 0 0 1.0002 0 0.9449 0.0991 0.3573 0.3987 2.3891 0.8645 0.3107 0.4876 0.6491 4.2052 -0.1326 0.1326 0.6372 1 0
41 36 245 1230 0 0 34 15 1.0669 2 0.7944 0.5974 0.7226 0.9065 2.4564 0.7989 0.5265 0.7511 0.9221 4.807 0.1804 0.1804 0.5539 1 1
41 37 197 2 0 0 0 0 1.0005 0 0.9691 -0.0473 0.2467 0.2815 1.7329 0.8881 0.0366 0.4905 0.6006 4.0866 0.1 0.1 0.4138 1 0
41 38 195 5 0 0 0 0 1.0002 0 0.9091 0.406 0.5508 0.6308 2.6804 0.8326 0.289 0.5456 0.6822 4.058 0.0425 0.0425 0.463 1 0
41 39 173 2 0 0 0 0 1.0008 0 0.8871 0.1418 0.4745 0.5966 2.4712 0.7609 0.078 0.5405 0.694 4.1956 -0.0756 0.0756 0.5833 1 0
41 40 350 1281 0 0 26 46 1.0228 0 0.9217 -0.4848 0.5248 0.6041 2.5691 0.8259 -0.4624 0.662 0.806 5.2224 0.242 0.242 0.451 1 1
41 41 237 10 0 0 0 0 1.0003 0 0.9409 0.1484 0.2819 0.3565 2.0371 0.8929 0.1489 0.4926 0.6499 4.374 0.202 0.202 0.3463 1 0
41 42 188 10 0 0 0 0 1.0002 0 0.9423 0.019 0.3567 0.4068 2.4803 0.796 0.0031 0.5242 0.655 4.257 0.0128 0.0128 0.527 1 0
41 43 182 11 0 0 0 0 1.0004 0 0.864 -0.2531 0.5633 0.7639 2.2836 0.8789 -0.1138 0.4859 0.6022 4.3272 -0.061 0.061 0.557 1 0
41 44 185 1 0 0 0 0 1.0009 0 0.9566 0.2969 0.3212 0.3802 1.7141 0.8718 0.336 0.478 0.5956 4.231 -0.0376 0.0376 0.4859 1 0
41 45 206 21 0 0 0 0 1.0003 0 0.926 0.0249 0.2778 0.3276 2.1785 0.839 -0.0668 0.5185 0.6685 3.9198 0.0623 0.0623 0.4729 1 0
41 46 202 10 0 0 0 0 1.0002 0 0.8729 -0.1815 0.3311 0.5571 2.2162 0.87 0.0099 0.4668 0.6075 4.0091 0.0765 0.0765 0.4208 1 0
41 47 165 0 0 0 0 0 1.0004 0 0.9153 -0.1338 0.3101 0.3524 1.6499 0.7816 -0.2445 0.5728 0.7515 4.0432 -0.1613 0.1613 0.5451 0 0
41 48 187 13 0 0 0 0 1.0002 0 0.8761 0.0597 0.3367 0.4438 2.3335 0.7789 0.1377 0.5153 0.6552 4.3651 -0.186 0.186 0.7002 1 0
41 49 495 2108 0 0 18 25 1.0242 0 0.9105 -1.1081 1.1081 1.2264 2.9331 0.8442 -0.9108 0.9713 1.1315 4.8356 0.283 0.283 0.435 1 1
41 50 140 0 0 0 0 0 1.0005 0 0.9584 -0.0611 0.2409 0.3219 2.0238 0.7202 -0.0863 0.5219 0.6948 4.0579 -0.1935 0.1935 0.5704 0 0
41 51 192 12 0 0 0 0 1.0003 0 0.844 -0.3625 0.4801 0.5705 1.8324 0.8164 -0.3762 0.6285 0.8003 4.1927 0.1343 0.1343 0.4042 1 0
41 52 186 9 0 0 0 0 1.0003 0 0.8466 0.1106 0.4086 0.5279 2.2518 0.8083 -0.038 0.5441 0.6817 3.9404 -0.1368 0.1368 0.5632 1 0
41 53 297 28 0 0 0 0 1.0003 0 0.9769 -0.1098 0.2108 0.2575 2.3605 0.8217 -0.2053 0.5275 0.6849 4.4332 0.1548 0.1548 0.4401 1 0
41 54 170 21 0 0 0 0 1.0003 0 0.8971 0.0699 0.3471 0.4409 2.726 0.8137 -0.0957 0.5766 0.7058 4.3993 -0.1619 0.1619 0.6592 1 0
41 55 178 0 0 0 0 0 1.0006 0 0.9508 0.1196 0.276 0.3131 1.7619 0.8433 0.132 0.4825 0.6279 4.0415 -0.1467 0.1467 0.5551 0 0
41 56 180 0 0 0 0 0 1.0001 0 0.9162 -0.0315 0.4026 0.5911 2.6392 0.832 0.0357 0.4442 0.574 4.0281 -0.1075 0.1075 0.5569 0 0
41 57 254 7 0 0 0 0 1.0002 0 0.8523 -0.443 0.5054 0.6248 2.0862 0.8194 -0.3323 0.5701 0.7421 4.5774 0.0875 0.0875 0.4942 1 0
41 58 183 6 0 0 0 0 1.0004 0 0.9372 -0.0842 0.4133 0.4921 2.3028 0.8525 -0.0508 0.5226 0.6979 4.1432 0.0615 0.0615 0.4425 1 0
41 59 197 0 0 0 0 0 1.0011 0 0.9587 -0.0176 0.1875 0.257 2.0252 0.8416 0.0323 0.4585 0.5887 3.9727 -0.0681 0.0681 0.4761 0 0
41 60 183 5 0 0 0 0 1.0003 0 0.9429 0.0428 0.3164 0.3723 2.2333 0.8017 0.1085 0.4553 0.5891 4.1198 -0.0456 0.0456 0.5106 1 0
41 61 247 10 0 0 0 0 1.0003 0 0.9329 0.2284 0.2835 0.3518 2.0226 0.8142 0.1643 0.4589 0.5842 4.0941 0.0125 0.0125 0.5553 1 0
41 62 194 9 0 0 0 0 1.0002 0 0.9638 0.4575 0.4575 0.5395 2.0254 0.8634 0.3539 0.5534 0.7068 4.0098 0.0477 0.0477 0.4425 1 0
41 63 194 10 0 0 0 0 1.0004 0 0.956 -0.3602 0.4063 0.4819 2.7213 0.8274 -0.2497 0.4631 0.5717 4.2692 -0.1279 0.1279 0.6497 1 0
41 64 197 4 0 0 0 0 1.0006 0 0.9524 -0.0363 0.2303 0.3624 1.9837 0.8497 -0.0255 0.6015 0.7908 4.3647 0.0656 0.0656 0.4449 1 0
41 65 199 7 0 0 0 0 1.0006 0 0.9721 0.4435 0.4468 0.5735 2.2722 0.8783 0.4044 0.5681 0.676 4.4924 0.0388 0.0388 0.4689 1 0
41 66 353 6 0 0 0 0 1.0008 0 0.8954 -0.1962 0.4044 0.5381 2.243 0.9219 -0.2035 0.4675 0.5881 4.1516 0.1825 0.1825 0.3533 1 0
41 67 201 0 0 0 0 0 1.0001 0 0.9346 0.1522 0.2899 0.3646 1.9529 0.8971 0.0199 0.4228 0.5327 4.0873 -0.0224 0.0224 0.444 0 0
41 68 108 0 0 0 0 0 1.0016 0 0.9248 0.1204 0.3855 0.5596 2.5599 0.8157 0.1384 0.5218 0.6523 4.2572 -0.3316 0.3316 0.6512 0 0
41 69 162 0 0 0 0 0 1.0004 0 0.9756 -0.0307 0.1631 0.2144 1.8506 0.8739 0.0624 0.3706 0.4848 4.07 -0.1659 0.1659 0.5531 0 0
41 70 179 2 0 0 0 0 1.0003 0 0.9195 0.1678 0.3189 0.4447 2.3152 0.8352 0.1115 0.4454 0.5568 4.086 -0.0591 0.0591 0.5146 1 0
41 71 191 65 0 0 0 0 1.0009 0 0.9075 0.0417 0.3452 0.4049 2.3786 0.8152 0.0022 0.4611 0.568 4.2992 -0.0271 0.0271 0.6398 1 0
41 72 251 51 0 0 0 0 1.0006 0 0.9842 -0.0179 0.1369 0.1645 2.2102 0.8519 0.0734 0.4589 0.5493 4.0852 0.0314 0.0314 0.478 1 0
41 73 176 13 0 0 0 0 1.0005 0 0.8774 -0.2668 0.3588 0.584 2.3878 0.8162 -0.2054 0.4954 0.6393 4.2339 -0.0669 0.0669 0.6172 1 0
41 74 177 2 0 0 0 0 1.0001 0 0.9883 0.0406 0.3042 0.4269 2.4528 0.7939 0.1127 0.5082 0.6439 4.0231 -0.0489 0.0489 0.5848 1 0
41 75 189 118 0 0 0 0 1.0012 0 0.936 -0.2632 0.328 0.403 2.5487 0.8111 -0.2944 0.5759 0.7219 4.6039 0.0294 0.0294 0.6076 1 0
41 76 190 4 0 0 0 0 1.0004 0 0.8808 -0.0415 0.476 0.6187 2.4192 0.8611 0.0604 0.5385 0.7171 4.4078 -0.0628 0.0628 0.4967 1 0
41 77 180 12 0 0 0 0 1.0003 0 0.9547 -0.2265 0.2891 0.3561 2.1853 0.839 -0.1805 0.5931 0.7292 4.1752 -0.0122 0.0122 0.5162 1 0
41 78 190 2 0 0 0 0 1.0007 0 0.9029 0.2888 0.4637 0.5607 2.1939 0.8692 0.1609 0.4868 0.6058 4.4773 0.0139 0.0139 0.5345 1 0
41 79 163 1 0 0 0 0 1.0011 0 0.9453 0.0663 0.2628 0.2978 2.4049 0.7728 0.0718 0.4929 0.6979 4.2284 -0.2874 0.2874 0.6813 1 0
41 80 199 5 0 0 0 0 1.0003 0 0.975 0.2365 0.3322 0.3588 2.3698 0.8087 0.1933 0.5614 0.6943 4.436 -0.0091 0.0091 0.5157 1 0
41 81 167 22 0 0 0 0 1.0001 0 0.8359 -0.4153 0.6271 0.7675 2.7583 0.7785 -0.4429 0.7125 0.9317 4.4781 0.0244 0.0244 0.5079 1 0
41 82 295 220 0 0 0 0 1.0006 0 0.8956 -0.9828 0.9828 1.0697 2.0319 0.8606 -0.5666 0.7749 0.9124 4.6921 0.1045 0.1045 0.5222 1 0
41 83 160 1 0 0 0 0 1.0002 0 0.9255 -0.1711 0.4157 0.4988 2.3566 0.7654 -0.2858 0.5441 0.6784 3.9595 -0.1753 0.1753 0.5714 1 0
41 84 185 8 0 0 0 0 1.0019 0 0.9378 0.0613 0.2728 0.3915 2.7009 0.7122 -0.1331 0.547 0.6959 4.1011 -0.0773 0.0773 0.5669 1 0
41 85 269 1198 0 0 0 38 1.0193 0 0.7935 0.7933 0.8242 1.0477 2.7221 0.8167 0.3927 0.58 0.7215 5.331 0.0431 0.0431 0.7447 1 1
41 86 181 2 0 0 0 0 1.0001 0 0.9289 0.1587 0.4329 0.5148 2.239 0.8407 0.0845 0.5071 0.6706 3.9961 -0.0961 0.0961 0.5776 1 0
41 87 195 50 0 0 0 0 1.0005 0 0.8587 -0.0742 0.4274 0.567 2.1123 0.8234 -0.0586 0.4702 0.601 3.9849 -0.0161 0.0161 0.5196 1 0
41 88 338 464 0 0 0 0 1.0015 0 0.8886 -1.2356 1.2356 1.3754 2.8017 0.8186 -1.057 1.1061 1.2631 3.9988 0.2256 0.2256 0.4447 1 0
41 89 197 23 0 0 0 0 1.0002 0 0.867 -0.3075 0.4394 0.6741 2.6682 0.8654 -0.2932 0.5083 0.6396 4.1904 0.1006 0.1006 0.4415 1 0
41 90 210 6 0 0 0 0 1.0003 0 0.9431 0.0436 0.2614 0.298 1.7336 0.8392 -0.1036 0.5599 0.735 4.6631 0.1125 0.1125 0.4283 1 0
41 91 175 30 0 0 0 0 1.0003 0 0.8912 0.4391 0.4574 0.543 2.5055 0.826 0.3469 0.6444 0.7769 4.0308 -0.1419 0.1419 0.622 1 0
41 92 126 0 0 0 0 0 1.0003 0 0.9767 -0.0431 0.2203 0.3056 2.6927 0.7554 0.0279 0.4614 0.6031 3.9916 -0.2516 0.2516 0.6314 0 0
41 93 206 16 0 0 0 0 1.0002 0 0.9491 -0.2918 0.339 0.5028 2.5518 0.8293 -0.1036 0.4872 0.6077 4.0018 0.0397 0.0397 0.5175 1 0
41 94 190 201 0 0 0 0 1.0008 0 0.8823 -0.4047 0.4792 0.5673 2.098 0.8055 -0.5454 0.7296 0.8844 4.0623 0.1403 0.1403 0.432 1 0
41 95 181 2 0 0 0 0 1.0002 0 0.9127 0.0166 0.3112 0.3558 1.7281 0.7723 -0.0079 0.5227 0.6801 4.3279 -0.0117 0.0117 0.5169 1 0
41 96 185 2 0 0 0 0 1.0002 0 0.901 0.4103 0.452 0.5223 2.0352 0.9025 0.3822 0.5392 0.6585 4.27 0.1053 0.1053 0.4331 1 0
41 97 194 4 0 0 0 0 1.0006 0 0.8995 0.3046 0.5314 0.7247 2.5859 0.8485 0.0635 0.4836 0.5914 4.1079 -0.031 0.031 0.5313 1 0
41 98 184 14 0 0 0 0 1.0005 0 0.9411 0.3102 0.4054 0.4998 2.3653 0.8296 0.2358 0.5399 0.6836 4.5522 -0.0255 0.0255 0.5912 1 0
41 99 150 1 0 0 0 0 1.0007 0 0.9272 -0.1239 0.3186 0.3755 2.0419 0.7818 -0.1143 0.5407 0.7039 4.0536 -0.1485 0.1485 0.5627 1 0
41 100 294 332 0 0 0 0 1.0003 0 0.9323 -0.6202 0.6496 0.9384 3.0231 0.8619 -0.1552 0.5358 0.6746 4.4471 0.1446 0.1446 0.5379 1 0
41 101 134 0 0 0 0 0 1.0008 0 0.9197 -0.26 0.6282 0.8623 3.0518 0.7235 -0.1864 0.5546 0.7164 4.2593 -0.3496 0.3496 0.7271 0 0
41 102 142 0 0 0 0 0 1.0006 0 0.9497 -0.0452 0.3502 0.3966 2.3219 0.7933 0.0142 0.483 0.5925 4.0987 -0.2333 0.2333 0.5641 0 0
41 103 161 1 0 0 0 0 1.0001 0 0.894 0.0041 0.235 0.3989 2.1866 0.7623 -0.0125 0.491 0.7159 4.2562 -0.1714 0.1714 0.6133 1 0
41 104 196 2 0 0 0 0 1.0001 0 0.9197 0.2347 0.3181 0.4023 1.9524 0.872 0.255 0.4807 0.5942 3.7917 0.0478 0.0478 0.4399 1 0
41 105 186 4 0 0 0 0 1.0005 0 0.9476 -0.141 0.3129 0.3649 1.9983 0.8555 -0.0058 0.4585 0.5971 4.2028 0.0274 0.0274 0.4592 1 0
41 106 552 247 0 0 0 0 1.0008 0 0.8459 -0.728 0.728 0.8492 2.416 0.802 -0.5914 0.8694 1.0165 5.0804 0.2988 0.2988 0.3453 1 0
41 107 184 0 0 0 0 0 1.0001 0 0.9564 -0.0961 0.3534 0.5776 2.6588 0.7872 0.1265 0.5683 0.7137 4.3027 -0.0243 0.0243 0.5295 0 0
41 108 161 0 0 0 0 0 1.0003 0 0.9511 -0.2389 0.2439 0.3249 1.6312 0.886 -0.2418 0.43 0.5519 4.2105 -0.1323 0.1323 0.5282 0 0
41 109 156 16 0 0 0 0 1.0011 0 0.9047 -0.2631 0.3715 0.438 2.4919 0.7097 -0.1854 0.5504 0.7147 4.2036 -0.2064 0.2064 0.662 1 0
41 110 189 57 0 0 0 0 1.0004 0 0.9572 -0.2741 0.29 0.3976 2.057 0.8045 -0.1423 0.5037 0.6337 4.0039 3e-04 3e-04 0.4968 1 0
41 111 189 1 0 0 0 0 1.0003 0 0.8534 0.1448 0.5591 0.6943 2.4325 0.8288 -0.0141 0.4885 0.6591 4.085 -0.079 0.079 0.5317 1 0
41 112 138 0 0 0 0 0 1.0007 0 0.9651 0.2272 0.3049 0.3619 2.2536 0.7508 0.3374 0.5834 0.7234 4.1104 -0.3291 0.3291 0.6091 0 0
41 113 132 0 0 0 0 0 1.0005 0 0.9128 0.4899 0.5553 0.7183 2.8458 0.7693 0.3862 0.5826 0.7376 4.0914 -0.3568 0.3568 0.6623 0 0
41 114 154 1 0 0 0 0 1.0005 0 0.9495 -0.2474 0.3186 0.4112 1.8508 0.8797 -0.3161 0.4756 0.6211 4.0976 -0.1281 0.1281 0.5043 1 0
41 115 194 18 0 0 0 0 1.0001 0 0.9033 0.4503 0.5463 0.7657 2.383 0.8612 0.3184 0.5368 0.7006 4.4192 0.1078 0.1078 0.4227 1 0
41 116 172 4 0 0 0 0 1.0002 0 0.9065 0.1538 0.3628 0.4115 2.159 0.834 0.1253 0.5235 0.685 4.131 0.0321 0.0321 0.4783 1 0
41 117 193 2 0 0 0 0 1.0002 0 0.9327 0.0096 0.311 0.3623 1.9767 0.853 -0.0633 0.4868 0.6282 4.0697 -0.0544 0.0544 0.5118 1 0
41 118 157 3 0 0 0 0 1.0001 0 0.9094 0.0602 0.542 0.7633 2.4522 0.8215 0.1612 0.5495 0.7143 4.0112 -0.1541 0.1541 0.6174 1 0
41 119 175 5 0 0 0 0 1.0004 0 0.9166 -0.0702 0.3223 0.3967 2.1848 0.8189 -0.0528 0.5058 0.6322 4.1732 -0.0635 0.0635 0.5092 1 0
41 120 167 202 0 0 0 0 1.0049 0 0.8926 0.4204 0.5262 0.7673 3.1484 0.7515 0.0814 0.5039 0.669 4.0624 -0.0914 0.0914 0.6344 1 0
41 121 135 0 0 0 0 0 1.0004 0 0.9071 0.3508 0.5113 0.5747 2.2068 0.775 0.4619 0.6238 0.7709 4.1449 -0.4106 0.4106 0.6784 0 0
41 122 297 880 0 0 0 0 1.0033 0 0.8958 -0.532 0.5454 0.697 2.811 0.7809 -0.5387 0.6956 0.8694 4.6655 0.0927 0.0927 0.6042 1 0
41 123 174 28 0 0 0 0 1.0004 0 0.8906 0.0937 0.3657 0.4283 2.6052 0.7224 0.0885 0.5644 0.7151 4.1686 -0.0482 0.0482 0.548 1 0
41 124 186 2 0 0 0 0 1.0001 0 0.9798 -0.3254 0.3568 0.392 2.1886 0.7971 -0.3592 0.6419 0.8156 4.2241 -0.0636 0.0636 0.5563 1 0
41 125 195 0 0 0 0 0 1.001 0 0.9221 -0.0545 0.3593 0.4685 2.2242 0.8669 -0.0289 0.462 0.6217 4.0112 0.0794 0.0794 0.4258 0 0
41 126 180 5 0 0 0 0 1.0005 0 0.9154 -0.0492 0.3427 0.4213 2.3551 0.8298 0.0035 0.5114 0.6595 4.3098 -0.0445 0.0445 0.5292 1 0
41 127 170 0 0 0 0 0 1.0007 0 0.965 -0.027 0.3206 0.3968 1.873 0.8253 -0.0544 0.5889 0.7412 4.2816 -0.1132 0.1132 0.5635 0 0
41 128 181 6 0 0 0 0 1.0001 0 0.9469 -0.1162 0.3194 0.4767 2.832 0.7476 0.0707 0.5442 0.7415 4.2048 -0.0772 0.0772 0.5682 1 0
41 129 183 7 0 0 0 0 1.0003 0 0.9596 -0.4062 0.4062 0.4928 1.8322 0.8122 -0.2898 0.5396 0.6725 4.3296 -0.0048 0.0048 0.5128 1 0
41 130 181 3 0 0 0 0 1.0004 0 0.9203 -0.2749 0.3804 0.4308 1.7917 0.8593 -0.3606 0.5533 0.7047 4.2655 -0.1461 0.1461 0.6235 1 0
41 131 166 1 0 0 0 0 1.0006 0 0.8417 -0.0025 0.3281 0.4478 1.891 0.7699 -0.0575 0.4793 0.5965 4.0878 -0.138 0.138 0.5596 1 0
41 132 282 3 0 0 0 0 1.0003 0 0.9361 0.1193 0.2514 0.3342 1.6839 0.8236 0.0723 0.5444 0.6999 4.2965 0.1315 0.1315 0.4037 1 0
41 133 198 1 0 0 0 0 1.0002 0 0.9438 0.2963 0.3268 0.392 1.7407 0.8134 0.1899 0.5838 0.7504 4.0801 0.0289 0.0289 0.4091 1 0
41 134 496 652 0 0 0 0 1.0005 0 0.9038 -1.2841 1.2841 1.4621 2.9282 0.8299 -1.1271 1.1793 1.3509 4.1848 0.2614 0.2614 0.4019 1 0
41 135 194 54 0 0 0 0 1.0002 0 0.9587 -0.4566 0.4921 0.5737 2.1893 0.8102 -0.3621 0.5916 0.7346 4.37 -0.0195 0.0195 0.5715 1 0
41 136 118 0 0 0 0 0 1.0003 0 0.8384 0.455 0.5225 0.6575 1.9694 0.8371 0.3264 0.6098 0.7386 4.0832 -0.2674 0.2674 0.6048 0 0
41 137 155 36 0 0 0 0 1.0005 0 0.894 -0.5436 0.6551 0.8834 3.1566 0.7015 -0.2801 0.5901 0.7348 4.2782 -0.217 0.217 0.7152 1 0
41 138 161 22 0 0 0 0 1.0002 0 0.9397 0.3046 0.3201 0.4411 2.6196 0.8112 0.2075 0.4735 0.6092 4.1835 -0.1482 0.1482 0.6082 1 0
41 139 194 12 0 0 0 0 1.0003 0 0.9549 0.2199 0.246 0.3215 1.7587 0.8425 0.3272 0.5847 0.7184 4.2718 0.0752 0.0752 0.506 1 0
41 140 177 43 0 0 0 0 1.0007 0 0.9604 0.3927 0.4125 0.4748 2.4423 0.7437 0.2589 0.593 0.7654 4.4548 0.0418 0.0418 0.5124 1 0
41 141 206 2 0 0 0 0 1.0005 0 0.8521 -0.1493 0.4217 0.5604 2.2562 0.8625 0.0534 0.4551 0.5841 3.8492 0.088 0.088 0.4386 1 0
41 142 147 35 0 0 0 0 1.0018 0 0.9573 0.1568 0.2205 0.2891 1.9652 0.8386 0.1114 0.5205 0.6483 4.2409 -0.212 0.212 0.7125 1 0
41 143 192 12 0 0 0 0 1.0001 0 0.9225 -0.238 0.3073 0.4086 1.8047 0.8562 -0.2051 0.5095 0.6659 4.358 0.0837 0.0837 0.4514 1 0
41 144 202 7 0 0 0 0 1.0003 0 0.9587 0.1895 0.5293 0.667 2.4296 0.8745 0.0337 0.5568 0.7218 3.9928 0.1601 0.1601 0.3772 1 0
41 145 165 18 0 0 0 0 1.0004 0 0.9671 -0.0246 0.241 0.2751 2.3936 0.7274 0.0368 0.5175 0.6779 4.2716 -0.0615 0.0615 0.5721 1 0
41 146 199 24 0 0 0 0 1.0007 0 0.9098 0.0067 0.3154 0.3535 1.7574 0.8846 -0.0467 0.4076 0.5203 4.1647 0.0803 0.0803 0.4357 1 0
41 147 180 1 0 0 0 0 1.0002 0 0.9139 0.2309 0.4021 0.4587 1.8582 0.8172 0.1381 0.6294 0.7751 4.0841 -0.0438 0.0438 0.5033 1 0
41 148 295 2188 0 0 30 12 1.0321 0 0.886 0.8607 0.864 0.9992 3.0179 0.8084 0.7771 0.8508 1.0044 5.1366 0.0596 0.0596 0.8261 1 1
41 149 183 122 0 0 0 0 1.0003 0 0.8821 0.3474 0.4609 0.609 2.5727 0.8277 0.2269 0.5869 0.7015 4.3316 -0.0223 0.0223 0.5909 1 0
41 150 158 1 0 0 0 0 1.0006 0 0.9754 0.4473 0.4631 0.5218 2.2117 0.8742 0.2603 0.5015 0.6117 4.3481 -0.0551 0.0551 0.5134 1 0
41 151 226 5 0 0 0 0 1.0002 0 0.8656 0.1749 0.3902 0.5368 2.1238 0.9077 0.0946 0.484 0.6266 4.0176 0.1543 0.1543 0.387 1 0
41 152 170 1 0 0 0 0 1.0009 0 0.9767 0.1859 0.3301 0.3808 2.5791 0.7709 0.2637 0.555 0.6982 4.184 -0.137 0.137 0.6537 1 0
41 153 186 4 0 0 0 0 1.0005 0 0.9422 0.1501 0.3928 0.4515 2.3116 0.856 0.1434 0.5075 0.6294 4.1895 0.0123 0.0123 0.4831 1 0
41 154 187 7 0 0 0 0 1.0004 0 0.9713 0.3034 0.4276 0.5411 2.546 0.8595 0.19 0.5337 0.6767 4.0667 0.0135 0.0135 0.4747 1 0
41 155 152 3 0 0 0 0 1.0003 0 0.979 -0.127 0.3263 0.4419 2.624 0.7527 -0.2392 0.5764 0.7341 4.3615 -0.0788 0.0788 0.6027 1 0
41 156 162 5 0 0 0 0 1.0002 0 0.8778 0.19 0.3611 0.5148 2.0336 0.8208 0.1286 0.4355 0.578 4.0771 -0.0846 0.0846 0.5165 1 0
41 157 175 3 0 0 0 0 1.0007 0 0.9308 0.3023 0.3757 0.5479 2.341 0.7778 0.2934 0.5588 0.7259 4.3433 -0.1682 0.1682 0.6681 1 0
41 158 192 2 0 0 0 0 1.0008 0 0.9203 0.1192 0.281 0.3408 1.8892 0.8852 -0.0106 0.4722 0.5896 4.1222 0.107 0.107 0.4076 1 0
41 159 181 0 0 0 0 0 1.0001 0 0.9508 -0.041 0.4897 0.6447 2.3164 0.8004 -0.09 0.5237 0.6922 3.9965 -0.1491 0.1491 0.5583 0 0
41 160 195 3 0 0 0 0 1.0002 0 0.9218 0.3074 0.3631 0.442 1.7909 0.906 0.2756 0.4715 0.6116 4.5388 0.0719 0.0719 0.436 1 0
41 161 169 5 0 0 0 0 1.0004 0 0.9462 0.1307 0.3089 0.3553 2.0785 0.7856 0.2319 0.5515 0.7543 4.1533 -0.0275 0.0275 0.5681 1 0
41 162 178 13 0 0 0 0 1.0002 0 0.9072 0.1793 0.3655 0.5209 2.34 0.8617 0.1778 0.4926 0.6248 4.1682 0.0654 0.0654 0.4798 1 0
41 163 160 279 0 0 0 0 1.0007 0 0.8815 0.2698 0.3666 0.528 2.8566 0.7151 0.1074 0.5168 0.6602 4.4118 -0.1555 0.1555 0.8058 1 0
41 164 256 145 0 0 0 0 1.0004 0 0.9421 -0.2307 0.3471 0.4154 2.5606 0.8153 -0.2221 0.5322 0.6963 4.4103 0.1414 0.1414 0.4801 1 0
41 165 182 18 0 0 0 0 1.0002 0 0.8606 0.0708 0.4062 0.4787 2.1993 0.8364 0.1915 0.4786 0.6289 4.1217 -0.0865 0.0865 0.5524 1 0
41 166 127 4 0 0 0 0 1.0003 0 0.9689 0.1565 0.2876 0.326 2.6157 0.8218 0.1115 0.4561 0.6016 4.1844 -0.1651 0.1651 0.6506 1 0
41 167 347 1238 0 0 66 33 1.0631 1 0.9652 0.6784 0.6784 0.7793 2.867 0.8496 0.5851 0.6987 0.8481 4.1846 0.2106 0.2106 0.5159 1 1
41 168 195 7 0 0 0 0 1.0002 0 0.921 0.1523 0.2797 0.3301 1.8363 0.8375 0.2684 0.5675 0.7296 4.076 0.0895 0.0895 0.4337 1 0
41 169 181 41 0 0 0 0 1.0007 0 0.8219 -0.3116 0.4017 0.6362 2.3337 0.7661 -0.1778 0.5577 0.7014 4.1356 -0.0277 0.0277 0.5697 1 0
41 170 604 2834 0 0 105 84 1.0705 17 0.8449 1.2313 1.2313 1.3687 3.404 0.7966 1.0575 1.0766 1.209 5.8209 0.1877 0.1877 0.602 1 1
41 171 199 6 0 0 0 0 1.0003 0 0.9873 -0.0038 0.2856 0.3588 2.5827 0.8257 0.013 0.5542 0.6893 4.1343 0.0741 0.0741 0.4702 1 0
41 172 1467 935 0 0 0 0 1.003 0 0.8665 1.5938 1.5938 1.7225 3.4321 0.7335 1.5507 1.5679 1.7131 4.8687 0.3252 0.3252 0.4911 1 0
41 173 191 2 0 0 0 0 1.0003 0 0.9437 -0.088 0.2546 0.2808 1.7893 0.8688 -0.0973 0.5066 0.6705 4.0581 -0.0253 0.0253 0.5053 1 0
41 174 145 0 0 0 0 0 1.0003 0 0.9566 0.0391 0.412 0.596 2.9188 0.7829 0.1453 0.5383 0.7004 4.1081 -0.2212 0.2212 0.6659 0 0
41 175 196 98 0 0 0 0 1.0003 0 0.9156 0.5332 0.5388 0.66 2.2991 0.8309 0.6389 0.7216 0.9109 4.3425 0.1499 0.1499 0.4519 1 0
41 176 198 3 0 0 0 0 1.0003 0 0.9429 -0.2376 0.3897 0.4472 2.3995 0.8886 -0.3905 0.5585 0.6876 4.179 0.0495 0.0495 0.4601 1 0
41 177 294 248 0 0 0 0 1.0007 0 0.8605 -0.5161 0.5482 0.6474 2.3162 0.8447 -0.5272 0.7543 0.9068 4.2289 0.1982 0.1982 0.4145 1 0
41 178 198 47 0 0 0 0 1.0006 0 0.9248 -0.3439 0.3908 0.4745 1.6747 0.8791 -0.3482 0.5516 0.69 4.4855 0.0289 0.0289 0.492 1 0
41 179 207 18 0 0 0 0 1.0004 0 0.9334 -0.107 0.2916 0.3597 1.7773 0.8715 -0.1509 0.4975 0.6214 4.2771 0.1235 0.1235 0.4252 1 0
41 180 164 3 0 0 0 0 1.0005 0 0.9402 0.0406 0.3397 0.3864 2.1816 0.8252 -0.0427 0.5149 0.7047 4.2721 -0.1904 0.1904 0.6632 1 0
41 181 196 21 0 0 0 0 1.0007 0 0.9616 -0.132 0.3675 0.4278 2.0946 0.849 -0.1553 0.5915 0.7713 3.9619 0.1834 0.1834 0.3637 1 0
41 182 176 14 0 0 0 0 1.0001 0 0.9732 -0.1984 0.3542 0.3946 2.4435 0.8325 0.0207 0.54 0.7167 4.2557 -0.0993 0.0993 0.624 1 0
41 183 167 1 0 0 0 0 1.0002 0 0.9591 0.1993 0.4034 0.5074 2.6039 0.8677 0.0809 0.4582 0.5925 4.2632 -0.0655 0.0655 0.5091 1 0
41 184 183 21 0 0 0 0 1.0003 0 0.9344 -0.3783 0.4343 0.5383 2.3434 0.8552 -0.2774 0.5246 0.6529 4.3416 0.0312 0.0312 0.4891 1 0
41 185 172 6 0 0 0 0 1.0002 0 0.958 -0.3398 0.4115 0.5178 2.1809 0.7412 -0.2773 0.5794 0.7808 4.2973 -0.0761 0.0761 0.539 1 0
41 186 193 2 0 0 0 0 1.0002 0 0.9538 -0.1478 0.2387 0.2909 1.9979 0.8022 -0.1259 0.5263 0.6691 4.0916 -0.083 0.083 0.5682 1 0
41 187 135 0 0 0 0 0 1.0005 0 0.9528 0.4068 0.4161 0.4812 1.9754 0.8006 0.4427 0.6153 0.7758 4.1262 -0.2619 0.2619 0.5721 0 0
41 188 136 1 0 0 0 0 1.0002 0 0.9076 -0.3196 0.4321 0.54 2.1127 0.7927 -0.1101 0.5112 0.646 4.0822 -0.275 0.275 0.6309 1 0
41 189 271 148 0 0 0 0 1.0002 0 0.9381 -0.4011 0.4239 0.5217 2.3799 0.8589 -0.2974 0.5534 0.707 4.4742 0.1858 0.1858 0.429 1 0
41 190 201 3 0 0 0 0 1.0005 0 0.9202 -0.4363 0.5386 0.6257 2.4294 0.8506 -0.3876 0.5739 0.7323 4.079 -0.0044 0.0044 0.4928 1 0
41 191 412 538 0 0 0 0 1.0009 0 0.8933 -1.1511 1.1511 1.2136 2.522 0.8425 -0.953 1.0112 1.1751 4.6765 0.27 0.27 0.3836 1 0
41 192 150 1 0 0 0 0 1.0006 0 0.908 0.0696 0.3637 0.4742 2.6446 0.7778 0.1578 0.4913 0.624 3.9316 -0.2187 0.2187 0.5953 1 0
41 193 175 2 0 0 0 0 1.0005 0 0.8716 0.0424 0.3242 0.3886 1.9216 0.8783 -0.0977 0.4652 0.5852 3.9896 -0.1232 0.1232 0.5277 1 0
41 194 191 8 0 0 0 0 1.0001 0 0.9514 -0.1304 0.2782 0.3852 2.4915 0.8567 -0.0043 0.4479 0.5607 4.0164 -0.0044 0.0044 0.4952 1 0
41 195 150 0 0 0 0 0 1.0005 0 0.8602 -0.2021 0.4449 0.5714 2.2207 0.8481 -0.0307 0.4817 0.6041 4.1539 -0.1476 0.1476 0.571 0 0
41 196 192 1 0 0 0 0 1.0005 0 0.9017 0.3885 0.3936 0.5218 1.882 0.8843 0.384 0.584 0.7231 4.1191 0.0915 0.0915 0.4057 1 0
41 197 128 2 0 0 0 0 1.0002 0 0.9275 0.0961 0.2822 0.3549 1.9364 0.7941 -0.0532 0.5036 0.6456 4.1854 -0.2335 0.2335 0.6095 1 0
41 198 141 1 0 0 0 0 1.0002 0 0.9606 -0.0405 0.1779 0.2329 1.9071 0.7909 -0.0419 0.4709 0.6553 4.0743 -0.1574 0.1574 0.5512 1 0
41 199 252 7 0 0 0 0 1.0008 0 0.8635 -0.2661 0.376 0.5184 2.1449 0.8901 -0.0504 0.4617 0.5916 4.1916 0.1457 0.1457 0.3839 1 0
41 200 184 0 0 0 0 0 1.0003 0 0.9605 0.1399 0.3316 0.3876 1.9072 0.8223 0.0501 0.5514 0.7203 4.2868 -0.0426 0.0426 0.5087 0 0
41 201 304 69 0 0 0 0 1.0002 0 0.9713 -0.3622 0.4519 0.5528 2.6865 0.861 -0.2574 0.5704 0.7045 4.721 0.1381 0.1381 0.477 1 0
41 202 135 2 0 0 0 0 1.0007 0 0.9426 -0.2862 0.4196 0.4999 2.2518 0.7867 -0.239 0.5062 0.6524 4.1782 -0.2329 0.2329 0.6779 1 0
41 203 116 0 0 0 0 0 1.0008 0 0.9472 0.2536 0.3743 0.4296 2.2551 0.7676 0.1187 0.496 0.6244 4.1079 -0.2332 0.2332 0.5908 0 0
41 204 260 97 0 0 0 0 1.0004 0 0.9064 0.3307 0.4217 0.5474 2.6428 0.814 0.239 0.5647 0.7349 4.134 0.0844 0.0844 0.4875 1 0
41 205 297 41 0 0 0 0 1.0002 0 0.906 -0.5934 0.6445 0.7201 2.0145 0.8813 -0.4932 0.6049 0.7712 3.7113 0.1704 0.1704 0.4023 1 0
41 206 163 0 0 0 0 0 1.0002 0 0.9537 -0.0798 0.3609 0.4272 2.8519 0.7649 -0.0659 0.4827 0.6076 3.9528 -0.1592 0.1592 0.5731 0 0
41 207 192 2 0 0 0 0 1.0002 0 0.971 0.156 0.3448 0.4726 2.5409 0.8629 0.1064 0.429 0.5608 3.905 0.0023 0.0023 0.4775 1 0
41 208 496 46 0 0 0 0 1.0004 0 0.8772 0.4402 0.4971 0.6427 2.835 0.8676 0.3664 0.614 0.768 4.942 0.1651 0.1651 0.4878 1 0
41 209 195 6 0 0 0 0 1.0001 0 0.8887 0.0319 0.3232 0.3558 1.8041 0.8666 0.095 0.4978 0.6286 4.1121 -0.0413 0.0413 0.5814 1 0
41 210 121 2 0 0 0 0 1.0004 0 0.9459 0.088 0.3122 0.5284 2.9718 0.7214 -0.0444 0.5047 0.6474 4.0643 -0.2223 0.2223 0.6512 1 0
41 211 190 2 0 0 0 0 1.0002 0 0.9008 0.1145 0.2943 0.3548 1.8625 0.8687 0.0554 0.4421 0.5554 4.2225 -0.0161 0.0161 0.5274 1 0
41 212 169 2 0 0 0 0 1.0001 0 0.9265 -0.0631 0.304 0.3509 1.9132 0.8284 0.0467 0.4509 0.598 4.251 -0.1313 0.1313 0.6402 1 0
41 213 326 262 0 0 0 0 1.0005 0 0.8871 -0.0075 0.4004 0.4956 2.6227 0.7157 -0.035 0.5443 0.6921 4.3741 0.0733 0.0733 0.6074 1 0
41 214 200 2 0 0 0 0 1.0003 0 0.857 0.0999 0.3857 0.4283 1.7681 0.8559 0.008 0.4789 0.6005 4.0004 0.0956 0.0956 0.4112 1 0
41 215 184 63 0 0 0 0 1.0002 0 0.9826 0.1716 0.2135 0.271 2.2257 0.831 0.0471 0.4443 0.564 4.2731 0.0124 0.0124 0.5646 1 0
41 216 222 18 0 0 0 0 1.0003 0 0.9261 0.194 0.3974 0.4926 2.3645 0.8117 0.0669 0.5414 0.6777 4.0192 0.1949 0.1949 0.3665 1 0
41 217 161 20 0 0 0 0 1.0002 0 0.9518 0.1395 0.2445 0.2819 1.9741 0.7971 0.2083 0.5455 0.7087 4.3395 -0.0607 0.0607 0.5602 1 0
41 218 133 0 0 0 0 0 1.0005 0 0.9131 0.2848 0.5354 0.8311 3.0086 0.8223 -0.0083 0.4814 0.6037 3.9838 -0.2417 0.2417 0.6137 0 0
41 219 186 2 0 0 0 0 1.0002 0 0.8281 -0.0243 0.4003 0.4704 1.8647 0.8574 -0.0797 0.4734 0.6338 4.2222 -0.0719 0.0719 0.5085 1 0
41 220 838 414 0 0 0 0 1.0005 0 0.806 1.0207 1.0207 1.1361 2.9235 0.8195 0.9196 0.9738 1.1103 4.805 0.2893 0.2893 0.4068 1 0
41 221 169 18 0 0 0 0 1.0007 0 0.9408 -0.1539 0.3115 0.3806 2.2074 0.8251 -0.2262 0.582 0.7747 4.6186 -0.0808 0.0808 0.6421 1 0
41 222 192 2 0 0 0 0 1.0002 0 0.84 0.1957 0.4231 0.4805 1.7615 0.8136 0.1355 0.5252 0.7024 4.2364 -0.0917 0.0917 0.5826 1 0
41 223 174 7 0 0 0 0 1.0004 0 0.9193 -0.4162 0.4799 0.5542 2.0979 0.8552 -0.1804 0.4806 0.618 4.3675 -0.0351 0.0351 0.558 1 0
41 224 167 0 0 0 0 0 1.0006 0 0.7755 -0.1293 0.5052 0.6721 1.922 0.81 0.0091 0.536 0.6959 4.394 -0.0601 0.0601 0.4766 0 0
41 225 201 2 0 0 0 0 1.0003 0 0.9614 0.0197 0.2252 0.3016 2.1134 0.8977 -0.0135 0.4102 0.5165 4.0326 0.0899 0.0899 0.4122 1 0
41 226 311 374 0 0 0 0 1.0006 0 0.872 -1.1061 1.1114 1.3822 3.2246 0.8293 -0.5531 0.7014 0.828 4.1798 0.0671 0.0671 0.6386 1 0
41 227 145 1 0 0 0 0 1.0004 0 0.9616 0.096 0.1786 0.2665 1.7959 0.7885 -0.0087 0.4421 0.6051 4.2223 -0.2429 0.2429 0.697 1 0
41 228 196 11 0 0 0 0 1.0002 0 0.9598 0.0736 0.2716 0.3831 2.2116 0.9105 0.0894 0.3987 0.4879 4.5368 0.1311 0.1311 0.4114 1 0
41 229 186 9 0 0 0 0 1.0004 0 0.9323 -0.2303 0.4809 0.7547 3.0507 0.8222 -0.1659 0.5165 0.6523 4.6009 0.0516 0.0516 0.5165 1 0
41 230 199 31 0 0 0 0 1.0002 0 0.9532 0.0783 0.2752 0.3215 2.1363 0.8189 0.1031 0.5253 0.6409 4.7282 0.0876 0.0876 0.4669 1 0
41 231 174 5 0 0 0 0 1.0002 0 0.9576 0.2754 0.3132 0.3639 1.8542 0.7845 0.1896 0.524 0.7061 4.1761 -0.1633 0.1633 0.678 1 0
41 232 306 30 0 0 0 0 1.0004 0 0.9136 0.1824 0.3093 0.368 1.8674 0.8772 0.1884 0.4725 0.6051 4.0962 0.1882 0.1882 0.3846 1 0
41 233 196 29 0 0 0 0 1.0008 0 0.9088 -0.4499 0.6122 0.7297 2.7073 0.8049 -0.3551 0.6658 0.8176 4.2893 -0.0053 0.0053 0.5618 1 0
41 234 180 0 0 0 0 0 1.0001 0 0.9206 -0.2263 0.4493 0.5063 2.437 0.8364 -0.2971 0.5296 0.676 4.0398 -0.1433 0.1433 0.6094 0 0
41 235 191 0 0 0 0 0 1.0001 0 0.9287 -0.0829 0.3319 0.3788 1.7427 0.8848 -0.14 0.4713 0.6253 3.9894 -0.0857 0.0857 0.4888 0 0
41 236 172 11 0 0 0 0 1.0009 0 0.8777 -0.4807 0.6359 0.8272 2.7869 0.8085 -0.3512 0.651 0.8329 4.2563 -0.0949 0.0949 0.6267 1 0
41 237 188 0 0 0 0 0 1.0002 0 0.7829 0.0581 0.3698 0.4594 1.6108 0.8195 0.1435 0.4987 0.7383 3.9917 -0.0733 0.0733 0.4894 0 0
41 238 159 12 0 0 0 0 1.0002 0 0.9537 -0.0036 0.2707 0.364 2.0726 0.8449 0.034 0.4921 0.6132 4.3025 -0.0721 0.0721 0.5675 1 0
41 239 162 14 0 0 0 0 1.0013 0 0.9521 -3e-04 0.3387 0.4462 2.6179 0.7606 0.1929 0.4816 0.6443 4.0974 -0.2845 0.2845 0.7513 1 0
41 240 174 117 0 0 0 0 1.0002 0 0.9287 0.1943 0.3748 0.4905 2.5916 0.7903 0.07 0.5354 0.6901 4.3301 -0.1099 0.1099 0.6957 1 0
41 241 162 8 0 0 0 0 1.0001 0 0.8796 0.5178 0.5639 0.6547 2.2719 0.7955 0.3942 0.6141 0.7556 4.3028 -0.0982 0.0982 0.5279 1 0
41 242 186 0 0 0 0 0 1.0001 0 0.836 -0.3019 0.4477 0.5403 1.8705 0.893 -0.2376 0.5212 0.6519 4.0678 -0.1575 0.1575 0.6175 0 0
41 243 612 452 0 0 0 0 1.0011 0 0.7761 0.741 0.741 0.9118 2.8515 0.8583 0.6031 0.6978 0.8347 5.0398 0.2453 0.2453 0.4694 1 0
41 244 171 2 0 0 0 0 1.0007 0 0.8775 0.1818 0.4501 0.5084 2.3618 0.7576 0.2909 0.5385 0.7037 4.0428 -0.0743 0.0743 0.5423 1 0
41 245 213 41 0 0 0 0 1.0006 0 0.9262 0.052 0.3199 0.3746 2.2472 0.8894 -0.0822 0.4897 0.6302 3.792 0.1726 0.1726 0.3618 1 0
41 246 204 286 0 0 0 0 1.0003 0 0.9118 0.4049 0.4443 0.5284 2.5016 0.8469 0.4294 0.6352 0.7671 4.1364 0.1571 0.1571 0.4755 1 0
41 247 122 0 0 0 0 0 1.0002 0 0.9514 0.2173 0.3999 0.4864 2.3815 0.7801 0.1269 0.5451 0.7408 4.2604 -0.3745 0.3745 0.6516 0 0
41 248 193 451 0 0 0 0 1.0029 0 0.8333 -0.474 0.6612 0.9689 3.1788 0.8016 -0.1928 0.5881 0.7352 4.5966 0.0103 0.0103 0.6582 1 0
41 249 205 88 0 0 0 0 1.0005 0 0.9546 -0.3462 0.3478 0.4571 2.4298 0.8406 -0.2937 0.5478 0.6904 4.1923 0.1578 0.1578 0.4409 1 0
41 250 195 62 0 0 0 0 1.0004 0 0.8113 -0.1747 0.413 0.5044 2.0551 0.8288 0.0299 0.5042 0.6532 4.4422 0.043 0.043 0.5545 1 0
41 251 145 0 0 0 0 0 1.0009 0 0.9791 0.4627 0.4627 0.4966 1.8132 0.8543 0.393 0.5169 0.6448 4.2525 -0.1362 0.1362 0.5624 0 0
41 252 139 16 0 0 0 0 1.0006 0 0.8824 -0.3782 0.3812 0.5343 2.3216 0.7726 -0.1521 0.6074 0.7481 4.1562 -0.3667 0.3667 0.7864 1 0
41 253 190 11 0 0 0 0 1.0007 0 0.9434 -0.0208 0.2085 0.274 1.8631 0.8844 0.0219 0.4177 0.5732 4.5063 0.0404 0.0404 0.5063 1 0
41 254 176 1 0 0 0 0 1.0002 0 0.9232 -0.3825 0.4014 0.6071 2.3255 0.8621 -0.162 0.5227 0.6487 4.0498 -0.0981 0.0981 0.5412 1 0
41 255 209 3 0 0 0 0 1.0002 0 0.8981 -0.001 0.3189 0.4243 1.7511 0.8961 -0.0353 0.4259 0.5728 4.0623 -0.0236 0.0236 0.4865 1 0
41 256 183 0 0 0 0 0 1.0003 0 0.9037 -0.2884 0.4129 0.4817 1.6676 0.8396 -0.1674 0.5343 0.649 4.3731 -0.0806 0.0806 0.5345 0 0
41 257 163 23 0 0 0 0 1.0009 0 0.9446 -0.5016 0.5196 0.6777 2.3084 0.8408 -0.3011 0.5067 0.6541 4.2828 -0.2067 0.2067 0.7241 1 0
41 258 193 2 0 0 0 0 1.0003 0 0.9168 -0.2863 0.3733 0.4482 1.7614 0.8851 -0.308 0.5073 0.6627 4.2159 -0.0637 0.0637 0.5312 1 0
41 259 195 3 0 0 0 0 1.0001 0 0.973 0.249 0.3161 0.365 2.1628 0.8553 0.2526 0.5035 0.6421 4.1787 0.0721 0.0721 0.462 1 0
41 260 159 39 0 0 0 0 1.0008 0 0.9185 -0.3441 0.487 0.6043 2.8009 0.8047 -0.0713 0.5158 0.655 4.3407 -0.1186 0.1186 0.6697 1 0
41 261 152 0 0 0 0 0 1.0002 0 0.8992 -0.1923 0.6668 1.0006 3.0099 0.7119 0.1335 0.6161 0.7936 4.0414 -0.2319 0.2319 0.6008 0 0
41 262 182 83 0 0 0 0 1.0007 0 0.8604 -0.3738 0.4491 0.558 2.4502 0.8079 -0.3852 0.5699 0.705 4.1959 -0.0559 0.0559 0.6005 1 0
41 263 134 0 0 0 0 0 1.0004 0 0.9187 -0.1015 0.3922 0.4631 2.5487 0.8092 -0.0575 0.471 0.59 4.1695 -0.2676 0.2676 0.6092 0 0
41 264 259 27 0 0 0 0 1.0002 0 0.9813 -0.3005 0.3506 0.4096 2.311 0.8657 -0.2228 0.5166 0.6318 3.9881 0.1254 0.1254 0.4458 1 0
41 265 180 2 0 0 0 0 1.0003 0 0.9636 0.5467 0.5467 0.618 2.1312 0.7016 0.4191 0.7048 0.8825 4.4115 0.0405 0.0405 0.47 1 0
41 266 179 0 0 0 0 0 1.0002 0 0.9832 0.4334 0.4787 0.5293 2.4285 0.8466 0.3566 0.514 0.6231 4.1163 -0.0988 0.0988 0.5325 0 0
41 267 182 163 0 0 0 0 1.0008 0 0.9661 -0.1435 0.2729 0.3286 2.3757 0.8219 0.0627 0.426 0.5734 4.1783 -0.046 0.046 0.6133 1 0
41 268 191 7 0 0 0 0 1.0004 0 0.9889 -0.1331 0.1618 0.2027 2.2504 0.8586 -0.1283 0.481 0.6314 4.1675 0.0378 0.0378 0.4842 1 0
41 269 195 4 0 0 0 0 1.0005 0 0.9017 -0.1781 0.2819 0.3519 1.8699 0.8723 -0.2345 0.4688 0.6353 4.1977 0.0335 0.0335 0.4321 1 0
41 270 194 11 0 0 0 0 1.0001 0 0.8728 -0.162 0.4516 0.6311 2.727 0.7843 -0.1012 0.519 0.702 4.3018 0.0263 0.0263 0.4911 1 0
41 271 186 3 0 0 0 0 1.0009 0 0.9211 0.0629 0.2684 0.3157 1.8963 0.8736 0.1399 0.4654 0.6015 4.0657 0.0079 0.0079 0.47 1 0
41 272 225 142 0 0 0 0 1.0011 0 0.8647 -0.3683 0.4656 0.6188 2.6401 0.7448 -0.1732 0.6292 0.7674 4.5931 -0.1712 0.1712 0.7839 1 0
41 273 177 1 0 0 0 0 1.0003 0 0.942 -0.1008 0.2743 0.3412 1.9776 0.808 -0.0774 0.4293 0.5478 4.0811 -0.0617 0.0617 0.552 1 0
41 274 191 0 0 0 0 0 1.0002 0 0.942 0.0199 0.276 0.3511 1.9954 0.879 -0.0076 0.4516 0.5672 4.1197 -0.0068 0.0068 0.4877 0 0
41 275 164 3 0 0 0 0 1.0002 0 0.9361 -0.2058 0.3678 0.4074 2.0222 0.8178 -0.1663 0.4392 0.601 4.329 -0.1094 0.1094 0.558 1 0
41 276 193 0 0 0 0 0 1.0002 0 0.9539 0.1847 0.3188 0.5284 2.3075 0.8687 -0.0049 0.4687 0.5643 4.0619 -0.0754 0.0754 0.4887 0 0
41 277 164 0 0 0 0 0 1.0002 0 0.9687 -0.1065 0.2629 0.3149 2.2953 0.8346 -0.0438 0.5108 0.6454 3.9827 -0.2069 0.2069 0.5512 0 0
41 278 193 0 0 0 0 0 1.0003 0 0.9362 -0.0845 0.3832 0.477 2.2889 0.847 -0.0464 0.4556 0.5762 4.1901 -0.0992 0.0992 0.5174 0 0
41 279 200 3 0 0 0 0 1.0002 0 0.975 -0.3697 0.3804 0.4773 2.5975 0.8475 -0.3104 0.5212 0.6697 4.0834 -0.0174 0.0174 0.5372 1 0
41 280 114 0 0 0 0 0 1.0003 0 0.9587 -0.0402 0.4302 0.5968 2.836 0.7506 0.2033 0.5986 0.7925 4.128 -0.1833 0.1833 0.6349 0 0
41 281 202 260 0 0 0 0 1.0022 0 0.9739 -0.4473 0.4473 0.5387 2.3753 0.8136 -0.414 0.7002 0.8616 4.3076 0.1424 0.1424 0.4696 1 0
41 282 187 67 0 0 0 0 1.0009 0 0.9171 -0.1928 0.3911 0.5533 2.7498 0.8027 -0.1735 0.5719 0.6857 4.3265 -0.1108 0.1108 0.7269 1 0
41 283 181 19 0 0 0 0 1.0004 0 0.8135 -0.4115 0.5101 0.5839 2.034 0.838 -0.3098 0.5274 0.6859 4.5868 0.0104 0.0104 0.5493 1 0
41 284 183 2 0 0 0 0 1.0002 0 0.9377 -0.0343 0.2154 0.2759 1.8988 0.7762 0.0203 0.4469 0.5502 4.0435 -0.0866 0.0866 0.5296 1 0
41 285 167 2 0 0 0 0 1.0002 0 0.949 0.3867 0.5737 0.7359 2.5963 0.7977 0.2619 0.548 0.7202 4.1743 -0.2798 0.2798 0.6797 1 0
41 286 191 5 0 0 0 0 1.0002 0 0.9443 -0.1704 0.3313 0.457 2.2006 0.8578 -0.0244 0.4718 0.6154 4.2131 0.0456 0.0456 0.4892 1 0
41 287 172 1 0 0 0 0 1.0002 0 0.9567 0.0992 0.1669 0.2204 1.7616 0.7975 0.2226 0.5424 0.6938 4.4566 -0.0119 0.0119 0.4892 1 0
41 288 122 0 0 0 0 0 1.0014 0 0.9672 -0.0281 0.2294 0.3158 2.0215 0.7598 0.0761 0.4583 0.5931 4.0665 -0.3503 0.3503 0.6194 0 0
41 289 200 4 0 0 0 0 1.0004 0 0.949 0.1267 0.3105 0.3639 1.851 0.8775 0.0106 0.4701 0.6312 4.2416 0.0702 0.0702 0.4517 1 0
41 290 235 0 0 0 0 0 1.0004 0 0.902 0.0149 0.334 0.4028 1.9723 0.8511 0.0106 0.4329 0.5662 4.037 0.0144 0.0144 0.4902 0 0
41 291 164 2 0 0 0 0 1.0003 0 0.9458 0.2696 0.4308 0.4603 1.8974 0.8015 0.3022 0.5932 0.7909 4.2805 -0.0951 0.0951 0.5772 1 0
41 292 194 1622 0 0 46 13 1.0757 4 0.8616 -0.014 0.3612 0.4084 2.2618 0.8441 0.0688 0.469 0.58 4.4178 0.0897 0.0897 0.6645 1 1
41 293 205 11 0 0 0 0 1.0002 0 0.9618 0.3922 0.3932 0.4681 2.1566 0.8146 0.4048 0.5411 0.7435 3.9629 0.1064 0.1064 0.4453 1 0
41 294 129 5 0 0 0 0 1.0007 0 0.9331 -0.1905 0.5569 0.9091 2.947 0.8097 0.0765 0.5357 0.6868 4.1809 -0.2217 0.2217 0.6773 1 0
41 295 177 0 0 0 0 0 1.0003 0 0.9399 0.0165 0.2493 0.2927 1.7263 0.7916 0.1637 0.4775 0.6124 4.251 -0.0476 0.0476 0.5131 0 0
41 296 189 3 0 0 0 0 1.0002 0 0.9211 -0.1312 0.3884 0.6281 2.5261 0.8033 -0.1268 0.4546 0.6004 3.9804 0.0189 0.0189 0.4906 1 0
41 297 179 4 0 0 0 0 1.0008 0 0.7952 -0.3142 0.5007 0.5343 1.9336 0.7662 -0.3215 0.5418 0.7286 4.3375 -0.1335 0.1335 0.6325 1 0
41 298 171 54 0 0 0 0 1.0005 0 0.9401 0.5854 0.705 0.8512 2.9248 0.8247 0.315 0.6103 0.7791 4.2762 -0.0713 0.0713 0.6899 1 0
41 299 256 6 0 0 0 0 1.0005 0 0.9456 -0.1385 0.2874 0.3122 1.7564 0.8973 -0.2858 0.4742 0.6196 4.0029 0.1708 0.1708 0.3755 1 0
41 300 189 6 0 0 0 0 1.0002 0 0.9449 -0.1407 0.2202 0.3546 1.9946 0.8231 -0.0078 0.4976 0.6705 4.1999 0.0495 0.0495 0.4519 1 0
41 301 110 0 0 0 0 0 1.0007 0 0.925 -0.5173 0.6558 0.8514 2.7647 0.7364 -0.4435 0.6065 0.7573 4.2599 -0.4525 0.4525 0.7617 0 0
41 302 192 7 0 0 0 0 1.0003 0 0.959 0.041 0.399 0.487 2.4465 0.8354 -0.1071 0.5105 0.6297 4.5226 0.099 0.099 0.4613 1 0
41 303 401 1469 0 0 39 29 1.023 0 0.9244 0.6258 0.6258 0.8185 2.943 0.8106 0.5165 0.7172 0.8777 4.2242 0.2099 0.2099 0.5208 1 1
41 304 214 136 0 0 0 0 1.0003 0 0.9206 0.4614 0.5328 0.6431 2.7905 0.7087 0.3149 0.6562 0.8186 4.4397 -0.0464 0.0464 0.6224 1 0
41 305 179 1 0 0 0 0 1.0004 0 0.8797 -0.0954 0.2722 0.3986 1.7908 0.8317 -0.1635 0.5306 0.6708 4.385 0.0076 0.0076 0.4863 1 0
41 306 185 3 0 0 0 0 1.0002 0 0.9354 -0.1729 0.2359 0.3748 2.1497 0.8535 -0.2573 0.4852 0.6062 4.0508 0.0012 0.0012 0.4938 1 0
41 307 192 4 0 0 0 0 1.0001 0 0.8305 0.3217 0.4412 0.6162 1.9664 0.884 0.2999 0.5106 0.6147 4.2929 0.0185 0.0185 0.5232 1 0
41 308 171 30 0 0 0 0 1.0007 0 0.919 0.3251 0.4454 0.5184 2.573 0.7459 0.2911 0.53 0.6555 4.184 -0.045 0.045 0.5887 1 0
41 309 184 15 0 0 0 0 1.0002 0 0.932 0.2374 0.3926 0.5026 2.0858 0.8067 0.0825 0.4809 0.5979 4.1143 -0.0834 0.0834 0.5599 1 0
41 310 177 5 0 0 0 0 1.0007 0 0.8966 0.016 0.2656 0.4415 1.9182 0.8406 0.0597 0.4708 0.6068 4.0093 -0.03 0.03 0.4876 1 0
41 311 179 12 0 0 0 0 1.0003 0 0.8827 0.6523 0.6523 0.7738 2.0201 0.8227 0.5727 0.7374 0.8681 4.1264 -0.1131 0.1131 0.6081 1 0
41 312 164 0 0 0 0 0 1.0003 0 0.9482 -0.2742 0.3525 0.4564 1.8499 0.8355 -0.1515 0.5124 0.6639 4.0753 -0.1482 0.1482 0.5634 0 0
41 313 183 0 0 0 0 0 1.0005 0 0.9811 0.1493 0.208 0.266 2.5332 0.8171 0.1196 0.5045 0.6491 4.1486 -0.3249 0.3249 0.6306 0 0
41 314 149 0 0 0 0 0 1.0014 0 0.9415 0.0261 0.2762 0.3132 2.0576 0.7404 0.1118 0.5073 0.6663 4.1591 -0.195 0.195 0.6095 0 0
41 315 181 2 0 0 0 0 1.0004 0 0.9349 -0.1594 0.3322 0.3926 2.2601 0.8131 -0.1957 0.6035 0.8035 4.3859 0.0328 0.0328 0.4635 1 0
41 316 283 27 0 0 0 0 1.0002 0 0.8994 0.4398 0.4542 0.6895 2.9473 0.8007 0.2992 0.5518 0.7141 4.4137 0.091 0.091 0.5279 1 0
41 317 356 266 0 0 0 0 1.0006 0 0.8583 -0.689 0.7233 0.823 2.8218 0.7742 -0.3768 0.6601 0.7986 4.4741 0.1598 0.1598 0.5072 1 0
41 318 223 92 0 0 0 0 1.0005 0 0.9665 0.1669 0.2365 0.3064 2.0783 0.843 0.2478 0.5239 0.6591 4.4113 0.1262 0.1262 0.4003 1 0
41 319 174 0 0 0 0 0 1.0006 0 0.9436 -0.0654 0.3081 0.4391 2.2003 0.8111 -0.1226 0.4736 0.6351 4.2681 -0.095 0.095 0.5427 0 0
41 320 190 7 0 0 0 0 1.0002 0 0.9114 0.1524 0.3366 0.3986 1.9747 0.7889 0.1047 0.4836 0.6203 4.2301 0.019 0.019 0.4887 1 0
41 321 172 53 0 0 0 0 1.0002 0 0.9533 0.0265 0.4113 0.5112 2.7335 0.7653 -0.1505 0.5582 0.6893 4.4837 -0.1006 0.1006 0.7499 1 0
41 322 110 2 0 0 0 0 1.0002 0 0.9624 0.1346 0.3891 0.4844 2.865 0.7462 0.1804 0.5429 0.6931 4.0031 -0.2649 0.2649 0.6356 1 0
41 323 192 6 0 0 0 0 1.0003 0 0.9486 0.04 0.2306 0.2576 1.7353 0.8547 0.0895 0.494 0.6142 4.2604 0.05 0.05 0.4503 1 0
41 324 163 4 0 0 0 0 1.0004 0 0.9202 0.3385 0.4197 0.5268 2.1448 0.7937 0.2676 0.6031 0.7539 4.1869 -0.1105 0.1105 0.5934 1 0
41 325 157 1 0 0 0 0 1.0007 0 0.7734 -0.1103 0.5374 0.6091 1.9787 0.7771 -0.0987 0.4925 0.6254 4.2069 -0.1931 0.1931 0.6243 1 0
41 326 162 0 0 0 0 0 1.0002 0 0.9613 0.0358 0.2478 0.299 1.7691 0.8489 -0.0648 0.498 0.6371 4.2689 -0.1158 0.1158 0.5455 0 0
41 327 129 3 0 0 0 0 1.0011 0 0.9204 -0.3656 0.4692 0.6358 2.7585 0.7607 -0.2558 0.5204 0.6512 4.171 -0.179 0.179 0.6826 1 0
41 328 177 1 0 0 0 0 1.0002 0 0.9067 0.2664 0.274 0.4012 1.7064 0.7862 0.1852 0.5534 0.7596 4.1513 -0.1131 0.1131 0.5427 1 0
41 329 181 4 0 0 0 0 1.0005 0 0.9599 0.0316 0.236 0.2817 2.3149 0.8426 0.0451 0.4288 0.5507 4.3403 -0.0942 0.0942 0.5791 1 0
41 330 191 3 0 0 0 0 1.0004 0 0.9564 -0.0415 0.1899 0.2219 1.7192 0.8184 -0.0641 0.5392 0.6931 4.4384 0.0407 0.0407 0.4381 1 0
41 331 188 2 0 0 0 0 1.0005 0 0.9166 -0.0381 0.3537 0.3989 2.023 0.7876 0.0053 0.5305 0.6941 4.3532 0.0102 0.0102 0.4627 1 0
41 332 297 73 0 0 0 0 1.001 0 0.9581 0.0149 0.262 0.3364 2.4346 0.7805 -0.0503 0.5427 0.6866 4.2523 0.1822 0.1822 0.4197 1 0
41 333 151 5 0 0 0 0 1.0006 0 0.9788 0.1215 0.234 0.2996 2.4551 0.6765 0.242 0.6123 0.8491 4.3046 -0.1187 0.1187 0.6451 1 0
41 334 193 1 0 0 0 0 1.0006 0 0.9177 0.0555 0.315 0.4368 2.2764 0.8706 -0.0579 0.5044 0.6451 4.0155 0.078 0.078 0.4153 1 0
41 335 199 1 0 0 0 0 1.0002 0 0.9527 0.2994 0.4605 0.4947 2.0825 0.8188 0.2432 0.5969 0.7733 4.1647 -0.0388 0.0388 0.5215 1 0
41 336 183 1 0 0 0 0 1.0002 0 0.9286 0.1626 0.3098 0.3791 1.7486 0.8735 0.1963 0.5196 0.6691 4.0527 -0.0391 0.0391 0.4521 1 0
41 337 131 0 0 0 0 0 1.0002 0 0.897 -0.5456 0.8247 1.2988 3.1684 0.6776 0.068 0.5383 0.7185 4.254 -0.4161 0.4161 0.7051 0 0
41 338 253 11 0 0 0 0 1.0006 0 0.966 0.1887 0.2704 0.3287 2.4792 0.8524 0.3058 0.5379 0.6594 4.1028 0.115 0.115 0.4437 1 0
41 339 236 103 0 0 0 0 1.0025 0 0.9051 0.0013 0.3872 0.5213 2.787 0.825 0.0125 0.4587 0.6613 5.0281 0.0556 0.0556 0.5613 1 0
41 340 191 8 0 0 0 0 1.0004 0 0.915 -0.3674 0.4616 0.4952 1.7322 0.8449 -0.3529 0.5363 0.6962 4.3983 0.0079 0.0079 0.4896 1 0
41 341 170 1 0 0 0 0 1.0003 0 0.885 -0.072 0.4685 0.6246 2.4821 0.8112 0.1297 0.483 0.6671 4.129 -0.2099 0.2099 0.6455 1 0
41 342 231 40 0 0 0 0 1.0005 0 0.8667 -0.3283 0.4113 0.5463 1.9801 0.864 -0.3703 0.5739 0.6938 3.8841 0.1195 0.1195 0.451 1 0
41 343 230 8542 1 459 110 113 5.2945 102 0.9187 0.2868 0.4643 0.6318 3.1388 0.4215 -0.0287 0.8515 1.0704 8.5745 -0.655 0.655 1.5679 1 1
41 344 200 5 0 0 0 0 1.0003 0 0.9362 0.2414 0.32 0.3755 1.9634 0.8613 0.2567 0.4834 0.5896 4.1177 -0.0744 0.0744 0.5273 1 0
41 345 180 0 0 0 0 0 1.0004 0 0.949 -0.0102 0.2885 0.4719 2.7255 0.8086 0.1178 0.5029 0.6509 4.0782 -0.0293 0.0293 0.5509 0 0
41 346 191 0 0 0 0 0 1.0002 0 0.926 0.1904 0.3421 0.4872 2.012 0.826 0.2689 0.5397 0.6978 4.464 0.0093 0.0093 0.4571 0 0
41 347 187 191 0 0 0 0 1.001 0 0.8767 -0.4278 0.5344 0.7219 3.0208 0.7313 -0.105 0.5326 0.6921 4.4109 -0.0734 0.0734 0.7094 1 0
41 348 189 0 0 0 0 0 1.0003 0 0.9091 -0.1041 0.2535 0.3181 1.6803 0.885 -0.0713 0.4264 0.5634 4.3858 0.0615 0.0615 0.4439 0 0
41 349 185 1 0 0 0 0 1.0003 0 0.961 0.3181 0.3238 0.4155 2.0363 0.7982 0.2578 0.5614 0.7131 3.9857 -0.0902 0.0902 0.4962 1 0
41 350 103 0 0 0 0 0 1.0004 0 0.9272 -0.0425 0.4347 0.6007 3.0398 0.817 0.025 0.5338 0.6846 4.0128 -0.3452 0.3452 0.6166 0 0
41 351 202 116 0 0 0 0 1.0006 0 0.8581 -0.311 0.4198 0.6198 2.7831 0.7098 -0.0357 0.5729 0.7433 4.4468 -0.227 0.227 0.8245 1 0
41 352 188 0 0 0 0 0 1.0012 0 0.976 0.0223 0.1655 0.2016 1.8126 0.8739 -0.0254 0.4458 0.587 3.9829 -0.0284 0.0284 0.4745 0 0
41 353 119 4 0 0 0 0 1.0005 0 0.9117 0.0546 0.3572 0.5266 2.362 0.8386 0.1154 0.4115 0.5305 4.2671 -0.1083 0.1083 0.5791 1 0
41 354 184 50 0 0 0 0 1.0002 0 0.9136 0.1583 0.3485 0.4569 2.525 0.8328 0.1056 0.5375 0.672 5.1753 0.1503 0.1503 0.4322 1 0
41 355 200 5 0 0 0 0 1.0004 0 0.987 0.2459 0.2788 0.329 2.2185 0.845 0.3204 0.5918 0.7292 4.4128 0.0942 0.0942 0.4335 1 0
41 356 201 9 0 0 0 0 1.0003 0 0.9435 0.1186 0.4169 0.5375 2.8282 0.8267 0.1429 0.5605 0.709 4.4196 0.0531 0.0531 0.4849 1 0
41 357 202 11 0 0 0 0 1.0004 0 0.9475 -0.099 0.2978 0.3913 2.3294 0.7852 0.011 0.5362 0.6989 4.4304 0.1138 0.1138 0.4375 1 0
41 358 218 70 0 0 0 0 1.0017 0 0.9831 -0.5635 0.5707 0.6434 2.5458 0.8331 -0.3068 0.5911 0.7604 4.1633 0.1128 0.1128 0.4709 1 0
41 359 101 0 0 0 0 0 1.0014 0 0.9231 -0.079 0.3003 0.396 2.1877 0.7415 -0.0383 0.5261 0.721 4.2375 -0.4214 0.4214 0.6006 0 0
41 360 201 3 0 0 0 0 1.0001 0 0.9632 -0.2165 0.3943 0.5173 2.1262 0.8864 -0.1859 0.5079 0.6483 3.7838 0.0585 0.0585 0.471 1 0
41 361 188 14 0 0 0 0 1.001 0 0.898 -0.1283 0.5709 0.6509 2.2792 0.8789 -0.2153 0.5498 0.7395 4.4129 0.0664 0.0664 0.482 1 0
41 362 197 2 0 0 0 0 1.0003 0 0.8796 0.2153 0.3312 0.4467 1.7676 0.8249 0.1527 0.5146 0.6567 4.109 -0.1387 0.1387 0.5778 1 0
41 363 202 9 0 0 0 0 1.0003 0 0.9764 -0.1559 0.2502 0.2952 1.9681 0.7557 -0.1023 0.5871 0.8 4.2144 0.0455 0.0455 0.5025 1 0
41 364 185 36 0 0 0 0 1.0008 0 0.8729 -0.0857 0.3049 0.417 2.6801 0.7561 -0.1742 0.577 0.7495 4.2627 -0.1265 0.1265 0.6757 1 0
41 365 189 4 0 0 0 0 1.0002 0 0.9389 0.1791 0.4043 0.4322 2.0346 0.8302 0.0852 0.52 0.6324 4.0098 0.0845 0.0845 0.4219 1 0
41 366 187 14 0 0 0 0 1.0002 0 0.9555 -0.5821 0.5821 0.7118 2.5008 0.8414 -0.2626 0.5725 0.7476 4.1812 -0.0486 0.0486 0.5418 1 0
41 367 196 59 0 0 0 0 1.0014 0 0.9642 0.3083 0.3084 0.3957 2.1719 0.8624 0.2208 0.5542 0.673 4.265 0.0322 0.0322 0.5368 1 0
41 368 145 0 0 0 0 0 1.0002 0 0.8847 0.1356 0.4346 0.6144 2.3284 0.8292 0.1915 0.528 0.6834 4.1228 -0.2471 0.2471 0.6164 0 0
41 369 164 0 0 0 0 0 1.0002 0 0.9351 0.0198 0.272 0.3925 2.2587 0.8075 0.0619 0.46 0.6004 4.1231 -0.2758 0.2758 0.6192 0 0
41 370 214 7 0 0 0 0 1.0008 0 0.9749 0.0641 0.2478 0.2777 2.2888 0.7766 0.0285 0.5298 0.6656 4.1033 0.0387 0.0387 0.4859 1 0
41 371 194 0 0 0 0 0 1.0002 0 0.9757 -0.0969 0.2025 0.2271 1.8309 0.827 -0.1478 0.4861 0.6271 4.1182 -0.186 0.186 0.5718 0 0
41 372 161 2 0 0 0 0 1.0002 0 0.9601 -0.1304 0.2729 0.356 2.2938 0.8444 -0.037 0.5411 0.6716 4.085 -0.072 0.072 0.5452 1 0
41 373 173 0 0 0 0 0 1.0002 0 0.9745 -0.0473 0.1895 0.2048 1.7067 0.8236 -0.052 0.4462 0.5633 3.979 -0.2121 0.2121 0.5559 0 0
41 374 193 16 0 0 0 0 1.0002 0 0.9096 0.267 0.3663 0.4649 2.3152 0.8101 0.1909 0.4905 0.6606 4.4064 -0.0733 0.0733 0.6058 1 0
41 375 118 0 0 0 0 0 1.0003 0 0.9676 -0.1862 0.2465 0.2884 2.2362 0.7141 -0.0699 0.5165 0.66 4.0892 -0.3231 0.3231 0.668 0 0
41 376 246 5 0 0 0 0 1.0005 0 0.976 0.0053 0.1476 0.1845 1.8042 0.8996 -0.0407 0.4452 0.5691 4.0897 0.0786 0.0786 0.4163 1 0
41 377 212 1 0 0 0 0 1.0008 0 0.9686 -0.2952 0.3165 0.3732 2.1059 0.8219 -0.2235 0.5289 0.6616 4.1469 -0.0019 0.0019 0.4634 1 0
41 378 185 10 0 0 0 0 1.0005 0 0.9241 0.1488 0.3622 0.479 2.7023 0.7918 0.1019 0.5 0.6419 4.2355 -0.0542 0.0542 0.5831 1 0
41 379 181 0 0 0 0 0 1.0004 0 0.945 0.026 0.2559 0.3105 1.7804 0.8057 -0.0093 0.4309 0.536 4.2285 -0.1622 0.1622 0.5735 0 0
41 380 167 0 0 0 0 0 1.0006 0 0.9374 -0.0207 0.2155 0.2665 1.6999 0.7447 0.0711 0.4836 0.6042 4.0512 -0.2021 0.2021 0.5895 0 0
41 381 162 4 0 0 0 0 1.0003 0 0.8137 -0.1069 0.4749 0.6073 2.4829 0.8009 0.0951 0.4775 0.6397 4.2325 -0.1406 0.1406 0.5987 1 0
41 382 339 571 0 0 0 0 1.0008 0 0.7792 -0.605 0.6968 0.9517 2.7512 0.8009 -0.2179 0.6041 0.7776 4.7162 0.1317 0.1317 0.5932 1 0
41 383 270 39 0 0 0 0 1.0004 0 0.947 0.4841 0.4848 0.6572 2.8692 0.8245 0.4997 0.682 0.836 4.1163 0.1153 0.1153 0.4774 1 0
41 384 101 0 0 0 0 0 1.0002 0 0.9637 -0.074 0.2531 0.3066 2.5624 0.7991 0.091 0.4882 0.6462 4.001 -0.3973 0.3973 0.5754 0 0
41 385 190 2 0 0 0 0 1.0004 0 0.9659 -0.1293 0.2317 0.288 2.1368 0.8653 -0.2096 0.526 0.6673 3.8488 0.0199 0.0199 0.4669 1 0
41 386 150 0 0 0 0 0 1.0002 0 0.8857 0.2429 0.4031 0.4987 1.8947 0.8223 0.1833 0.4965 0.6598 4.1041 -0.2056 0.2056 0.5833 0 0
41 387 200 277 0 0 0 0 1.0017 0 0.9313 0.3577 0.4256 0.5677 3.0043 0.7527 0.1412 0.5384 0.6862 4.0673 -0.0037 0.0037 0.6427 1 0
41 388 209 4 0 0 0 0 1.0003 0 0.9296 0.3874 0.4162 0.4885 1.934 0.8192 0.2014 0.5382 0.6807 4.1928 0.1012 0.1012 0.4378 1 0
41 389 177 3 0 0 0 0 1.0002 0 0.9357 -0.2659 0.6224 0.8583 2.7858 0.8197 -0.0442 0.5485 0.726 4.2174 -0.0717 0.0717 0.5734 1 0
41 390 200 56 0 0 0 0 1.0003 0 0.9787 -0.1551 0.3414 0.4062 2.6849 0.8353 -0.0085 0.5165 0.6402 4.3242 -0.0566 0.0566 0.5839 1 0
41 391 130 1 0 0 0 0 1.0008 0 0.9169 0.0663 0.2399 0.2919 2.0636 0.8334 -0.0143 0.4719 0.64 4.1386 -0.359 0.359 0.6803 1 0
41 392 190 13 0 0 0 0 1.0003 0 0.9729 0.2501 0.2942 0.367 2.2215 0.8907 0.3301 0.5821 0.7191 4.7245 0.1296 0.1296 0.4636 1 0
41 393 187 23 0 0 0 0 1.0003 0 0.7182 -0.2991 0.514 0.6485 2.4967 0.8079 -0.3002 0.4874 0.6454 4.3005 -0.0187 0.0187 0.5903 1 0
41 394 137 3 0 0 0 0 1.0003 0 0.952 0.203 0.3456 0.4358 2.2646 0.7679 0.2995 0.592 0.8316 4.2624 -0.2815 0.2815 0.6614 1 0
41 395 203 67 0 0 0 0 1.0008 0 0.9484 0.8883 0.8883 1.004 2.3749 0.8189 0.5947 0.7709 0.9209 4.1576 -0.0182 0.0182 0.5581 1 0
41 396 172 1 0 0 0 0 1.0009 0 0.9403 -0.1653 0.2971 0.3459 1.8315 0.7996 0.0043 0.6005 0.817 4.2494 -0.0944 0.0944 0.6035 1 0
41 397 181 9 0 0 0 0 1.0006 0 0.9157 -0.7666 0.7666 0.9266 2.7256 0.8149 -0.4916 0.6684 0.8062 4.3255 -0.0211 0.0211 0.552 1 0
41 398 185 50 0 0 0 0 1.0002 0 0.9506 0.2167 0.3354 0.5233 2.922 0.8034 0.1665 0.5738 0.7396 4.2696 0.0644 0.0644 0.5144 1 0
41 399 233 7 0 0 0 0 1.0004 0 0.9451 0.3217 0.4819 0.5749 2.2736 0.7978 0.1062 0.5357 0.7221 4.4604 0.0499 0.0499 0.5561 1 0
41 400 330 16 0 0 0 0 1.0003 0 0.9857 0.5314 0.5323 0.6078 2.2801 0.8951 0.5567 0.6611 0.8152 4.2214 0.184 0.184 0.385 1 0
41 401 383 195 0 0 0 0 1.0004 0 0.9011 0.5738 0.6577 0.7833 2.6557 0.762 0.432 0.6887 0.9141 4.5587 0.2243 0.2243 0.4474 1 0
41 402 157 1 0 0 0 0 1.0001 0 0.8796 0.1125 0.3121 0.4053 1.7693 0.8586 0.1638 0.4277 0.5597 4.0248 -0.1649 0.1649 0.607 1 0
41 403 171 0 0 0 0 0 1.0006 0 0.9204 -0.4161 0.5442 0.8208 2.7727 0.8136 -0.2126 0.561 0.7167 3.9494 -0.1114 0.1114 0.5432 0 0
41 404 168 0 0 0 0 0 1.0004 0 0.8768 0.3338 0.5203 0.5929 1.7837 0.7923 0.4008 0.6151 0.7458 4.1018 -0.2771 0.2771 0.6458 0 0
41 405 164 6 0 0 0 0 1.0005 0 0.9349 -0.1025 0.4057 0.6864 2.7717 0.8033 -0.0062 0.4968 0.6459 4.086 -0.1443 0.1443 0.5947 1 0
41 406 167 4 0 0 0 0 1.0002 0 0.8973 0.505 0.5978 0.793 2.2474 0.7315 0.1921 0.6684 0.8461 4.0566 -0.106 0.106 0.541 1 0
41 407 197 12 0 0 0 0 1.0003 0 0.9651 -0.0057 0.2015 0.2252 1.6882 0.844 0.0465 0.4887 0.6142 4.1495 -0.0151 0.0151 0.4986 1 0
41 408 181 181 0 0 0 0 1.0021 0 0.7534 0.0651 0.3039 0.56 2.4557 0.789 0.0319 0.4523 0.5881 4.5757 -0.1103 0.1103 0.7164 1 0
41 409 202 14 0 0 0 0 1.001 0 0.9157 0.4789 0.5676 0.6673 2.3766 0.8301 0.4137 0.5553 0.7005 4.0424 0.0355 0.0355 0.4871 1 0
41 410 103 0 0 0 0 0 1.0003 0 0.9141 0.2642 0.4508 0.5495 2.6979 0.6528 0.0401 0.5465 0.7153 4.1499 -0.5768 0.5768 0.6613 0 0
41 411 194 54 0 0 0 0 1.0005 0 0.6993 -0.2911 0.5075 0.6388 2.3211 0.8188 -0.228 0.5302 0.678 4.4184 0.0129 0.0129 0.5636 1 0
41 412 231 45 0 0 0 0 1.0008 0 0.9285 -0.6895 0.6895 0.7532 2.071 0.8458 -0.703 0.7699 0.9353 3.8587 0.0804 0.0804 0.4886 1 0
41 413 186 106 0 0 0 0 1.0004 0 0.9462 -0.4898 0.5167 0.6992 2.9661 0.8324 -0.3265 0.581 0.7306 4.4866 0.0758 0.0758 0.495 1 0
41 414 187 6 0 0 0 0 1.0003 0 0.9736 -0.3111 0.4144 0.5524 2.822 0.8419 -0.2845 0.5924 0.7214 4.0647 -0.0149 0.0149 0.5261 1 0
41 415 486 809 0 0 0 0 1.0009 0 0.8603 -0.6098 0.6919 0.8463 3.0219 0.7437 -0.4233 0.6934 0.895 4.8217 0.2262 0.2262 0.5083 1 0
41 416 194 0 0 0 0 0 1.0012 0 0.9508 -0.3535 0.445 0.5176 2.1759 0.8699 -0.2926 0.478 0.6106 3.9396 0.0188 0.0188 0.4654 0 0
41 417 202 0 0 0 0 0 1.0008 0 0.9247 -0.2763 0.3423 0.4637 1.746 0.8589 -0.1585 0.509 0.6806 4.076 0.0057 0.0057 0.4519 0 0
41 418 298 25 0 0 0 0 1.0015 0 0.9671 -0.1276 0.2837 0.3647 2.6699 0.8335 -0.1422 0.5521 0.6932 4.2021 0.0097 0.0097 0.5782 1 0
41 419 190 18 0 0 0 0 1.0002 0 0.9119 -0.6324 0.6422 0.8785 3.0663 0.8303 -0.3068 0.5655 0.7139 4.1325 -0.0634 0.0634 0.5973 1 0
41 420 190 6 0 0 0 0 1.0003 0 0.9387 0.0978 0.2611 0.3323 2.2622 0.847 0.0881 0.4341 0.5658 4.337 0.0312 0.0312 0.5016 1 0
41 421 191 83 0 0 0 0 1.0012 0 0.8469 0.0407 0.4598 0.5953 2.5593 0.861 0.0351 0.4536 0.5701 4.4557 -0.011 0.011 0.5774 1 0
41 422 172 0 0 0 0 0 1.0002 0 0.956 0.1008 0.2928 0.3229 2.2098 0.8399 0.1459 0.4855 0.5905 4.1299 -0.0895 0.0895 0.553 0 0
41 423 185 12 0 0 0 0 1.0005 0 0.9508 -0.3896 0.4012 0.4636 2.5683 0.7735 -0.3619 0.6068 0.7292 4.1667 -0.2113 0.2113 0.707 1 0
41 424 169 0 0 0 0 0 1.0002 0 0.9585 -0.0712 0.3114 0.3594 2.3149 0.819 0.0606 0.4577 0.6019 4.0164 -0.1487 0.1487 0.531 0 0
41 425 244 7 0 0 0 0 1.0002 0 0.9335 -0.2466 0.3452 0.4278 2.2155 0.8629 -0.1337 0.4577 0.5765 4.1161 0.0093 0.0093 0.5205 1 0
41 426 196 4 0 0 0 0 1.0003 0 0.8963 -0.3681 0.4742 0.6837 2.4481 0.8331 -0.493 0.6382 0.7853 4.1678 0.0498 0.0498 0.4448 1 0
41 427 224 2 0 0 0 0 1.0004 0 0.7519 -0.0261 0.4009 0.5069 1.7551 0.9037 0.0089 0.4528 0.5827 4.0389 0.0937 0.0937 0.4229 1 0
41 428 170 0 0 0 0 0 1.0002 0 0.9517 -0.0468 0.2004 0.2808 1.6797 0.8148 -0.088 0.5047 0.6435 4.0365 -0.2279 0.2279 0.5578 0 0
41 429 367 1406 0 0 0 0 1.0007 0 0.9317 -0.4545 0.4545 0.6031 3.1506 0.7661 -0.3861 0.6656 0.8179 4.8762 0.2137 0.2137 0.4949 1 0
41 430 242 172 0 0 0 0 1.0004 0 0.8884 -0.2411 0.4213 0.5572 2.7046 0.8611 -0.2225 0.5099 0.6834 4.0358 0.1135 0.1135 0.4672 1 0
41 431 317 374 0 0 0 0 1.0009 0 0.9608 -0.244 0.3392 0.3878 2.4759 0.9102 -0.262 0.5506 0.6635 4.713 0.2414 0.2414 0.3763 1 0
41 432 175 96 0 0 0 0 1.0012 0 0.9768 0.4663 0.5383 0.6475 2.5064 0.8649 0.2297 0.5555 0.7191 4.0875 -0.0726 0.0726 0.5416 1 0
41 433 190 127 0 0 0 0 1.0013 0 0.9648 -0.4419 0.4419 0.5471 2.5315 0.7971 -0.3741 0.6292 0.8048 4.1457 -0.0378 0.0378 0.6162 1 0
41 434 245 171 0 0 0 0 1.0005 0 0.8998 -0.5309 0.5365 0.6419 2.0764 0.7522 -0.53 0.7247 0.9197 4.2273 0.1515 0.1515 0.4381 1 0
41 435 202 21 0 0 0 0 1.0012 0 0.9522 0.2805 0.3288 0.3852 2.3061 0.8234 0.1784 0.5068 0.6472 4.2911 -0.0101 0.0101 0.5479 1 0
41 436 184 4 0 0 0 0 1.0006 0 0.9492 -0.1411 0.264 0.3701 2.0659 0.8255 -0.1264 0.4828 0.6246 4.0994 -0.0871 0.0871 0.5611 1 0
41 437 174 19 0 0 0 0 1.0002 0 0.8641 -0.3415 0.5313 0.628 2.4142 0.7829 -0.3429 0.5804 0.7132 4.2788 0.0131 0.0131 0.5517 1 0
41 438 192 8 0 0 0 0 1.0004 0 0.9156 0.1917 0.3042 0.4021 1.7351 0.8448 0.252 0.5484 0.7127 4.8962 0.0832 0.0832 0.4363 1 0
41 439 193 1 0 0 0 0 1.0007 0 0.9638 -0.3088 0.456 0.5461 2.4891 0.832 -0.2996 0.5516 0.6631 4.041 -0.0371 0.0371 0.4881 1 0
41 440 188 8 0 0 0 0 1.0005 0 0.9338 -0.1079 0.4365 0.5541 2.835 0.7922 0.0303 0.5178 0.6799 4.1826 -0.0305 0.0305 0.5564 1 0
41 441 187 15 0 0 0 0 1.0005 0 0.9569 -0.0303 0.1831 0.2159 1.9172 0.8037 -0.1397 0.5507 0.7126 4.213 0.0781 0.0781 0.4797 1 0
41 442 197 1 0 0 0 0 1.0005 0 0.9596 -0.1597 0.3772 0.5251 2.7926 0.8303 -0.0295 0.4425 0.5778 3.9048 -0.0569 0.0569 0.5488 1 0
41 443 211 5 0 0 0 0 1.0003 0 0.964 0.1381 0.2495 0.3123 1.7491 0.8984 0.1117 0.4787 0.6079 4.0487 0.0887 0.0887 0.4107 1 0
41 444 185 7 0 0 0 0 1.0003 0 0.8636 -0.0943 0.3641 0.448 1.9759 0.7801 0.0574 0.5577 0.7446 4.0399 0.0375 0.0375 0.4686 1 0
41 445 176 1710 0 0 110 99 1.1232 49 0.8288 0.3676 0.5129 0.7093 2.7317 0.7703 0.2626 0.5807 0.7265 4.6559 -0.0796 0.0796 0.7636 1 1
41 446 130 0 0 0 0 0 1.0002 0 0.9491 0.0717 0.4661 0.5587 2.8779 0.8566 0.0497 0.475 0.6136 4.005 -0.1992 0.1992 0.5193 0 0
41 447 139 2 0 0 0 0 1.001 0 0.9317 -0.6741 0.6802 0.8052 2.3238 0.8461 -0.3921 0.6621 0.7994 4.317 -0.1497 0.1497 0.5777 1 0
41 448 194 19 0 0 0 0 1.0003 0 0.9128 0.0187 0.3783 0.4504 2.0408 0.7617 -0.0187 0.5138 0.6515 4.3667 -0.0107 0.0107 0.5385 1 0
41 449 116 0 0 0 0 0 1.0008 0 0.9435 0.149 0.3621 0.4134 2.2019 0.8427 0.1608 0.5147 0.6536 4.089 -0.4631 0.4631 0.5979 0 0
41 450 178 0 0 0 0 0 1.0004 0 0.8079 0.0851 0.412 0.5214 1.6595 0.8381 0.1315 0.4772 0.6352 4.365 -0.0787 0.0787 0.5046 0 0
41 451 185 7 0 0 0 0 1.0002 0 0.97 -0.2203 0.2582 0.3271 2.1202 0.8034 -0.1762 0.5232 0.6843 4.2485 0.005 0.005 0.4937 1 0
41 452 152 5 0 0 0 0 1.001 0 0.9762 -0.0509 0.1736 0.2255 2.2418 0.819 0.0345 0.5076 0.6668 4.3407 -0.1039 0.1039 0.5909 1 0
41 453 170 6 0 0 0 0 1.0002 0 0.9521 -0.0111 0.4384 0.4981 2.569 0.8018 -0.1321 0.5589 0.7215 4.1638 -0.1515 0.1515 0.6281 1 0
41 454 177 6 0 0 0 0 1.0008 0 0.9732 0.0908 0.3157 0.4731 2.5111 0.8584 -0.0133 0.4321 0.5938 4.0581 0.0389 0.0389 0.4696 1 0
41 455 223 81 0 0 0 0 1.0004 0 0.8569 0.3294 0.4984 0.6638 2.5151 0.8266 0.2234 0.5764 0.7359 4.3593 0.1405 0.1405 0.4525 1 0
41 456 192 1 0 0 0 0 1.0007 0 0.9563 -0.1771 0.3116 0.3782 2.1041 0.8623 -0.2636 0.5244 0.6414 4.1004 0.0043 0.0043 0.4703 1 0
41 457 169 4 0 0 0 0 1.0007 0 0.9572 0.2387 0.3812 0.5243 2.5498 0.8182 -0.0354 0.528 0.6639 4.4846 -0.2382 0.2382 0.7278 1 0
41 458 238 31 0 0 0 0 1.0006 0 0.9301 -0.2175 0.3572 0.4731 2.3167 0.8751 -0.2429 0.5154 0.6488 4.5213 0.1145 0.1145 0.4228 1 0
41 459 188 1 0 0 0 0 1.0005 0 0.8918 0.1726 0.4146 0.5033 1.7678 0.8552 0.316 0.5798 0.7589 3.9277 -0.0398 0.0398 0.501 1 0
41 460 287 363 0 0 0 0 1.0012 0 0.8826 0.8919 0.9268 1.0634 2.5329 0.8147 0.5636 0.7694 0.9038 4.6629 0.073 0.073 0.6291 1 0
41 461 238 0 0 0 0 0 1.0004 0 0.9807 0.1128 0.1945 0.2524 2.2347 0.8529 0.1195 0.4379 0.5555 4.0444 -0.014 0.014 0.5175 0 0
41 462 251 36 0 0 0 0 1.0004 0 0.8156 -0.0103 0.6223 0.7349 2.5512 0.8723 -0.0839 0.5421 0.6659 4.3651 0.0377 0.0377 0.567 1 0
41 463 186 0 0 0 0 0 1.0005 0 0.8312 0.0881 0.3032 0.4243 1.7848 0.8568 0.0916 0.4912 0.6143 4.1454 -5e-04 5e-04 0.5082 0 0
41 464 181 2 0 0 0 0 1.0004 0 0.7821 -0.3861 0.4691 0.5804 1.7451 0.8194 -0.2728 0.5452 0.6914 4.0075 -0.1608 0.1608 0.545 1 0
41 465 195 107 0 0 0 0 1.0003 0 0.8186 -0.1261 0.4209 0.4678 2.3282 0.8423 -0.0097 0.492 0.6195 4.4642 -0.0343 0.0343 0.6404 1 0
41 466 182 3 0 0 0 0 1.0003 0 0.937 -0.4043 0.446 0.5581 1.9621 0.8827 -0.3766 0.5365 0.674 4.2565 0.088 0.088 0.4532 1 0
41 467 173 4 0 0 0 0 1.0007 0 0.9427 -0.0596 0.2887 0.4046 2.0091 0.8511 0.007 0.5379 0.6782 4.2664 -0.1498 0.1498 0.5889 1 0
41 468 207 5 0 0 0 0 1.0004 0 0.9284 -0.037 0.3075 0.3992 2.1773 0.8388 -0.011 0.5388 0.6694 3.9277 0.0926 0.0926 0.4212 1 0
41 469 189 4 0 0 0 0 1.0002 0 0.9497 0.0282 0.5232 0.6853 2.8303 0.8688 0.3818 0.5348 0.656 4.1677 -0.0304 0.0304 0.5486 1 0
41 470 187 4 0 0 0 0 1.0003 0 0.9306 -0.0647 0.3579 0.4226 2.0607 0.8233 0.0488 0.4496 0.6136 4.3847 -0.0358 0.0358 0.5258 1 0
41 471 184 1 0 0 0 0 1.0001 0 0.9515 0.3277 0.3984 0.5246 2.0269 0.8462 0.3925 0.5998 0.729 3.9118 -0.0405 0.0405 0.5022 1 0
41 472 205 0 0 0 0 0 1.0001 0 0.7622 0.1024 0.4704 0.5528 1.8321 0.8044 0.1806 0.5876 0.7736 3.9531 0.0133 0.0133 0.4444 0 0
41 473 151 1 0 0 0 0 1.0002 0 0.9502 -0.3042 0.3602 0.4886 2.3808 0.7591 -0.1171 0.5418 0.7084 4.3685 -0.0867 0.0867 0.5499 1 0
41 474 184 55 0 0 0 0 1.0004 0 0.939 -0.2524 0.3384 0.4106 1.9743 0.8454 -0.2931 0.5864 0.7482 4.4167 0.0994 0.0994 0.4646 1 0
41 475 112 0 0 0 0 0 1.0013 0 0.7895 -0.3114 0.4923 0.5939 2.0869 0.7259 -0.2042 0.5178 0.7048 4.0313 -0.3831 0.3831 0.6573 0 0
41 476 186 0 0 0 0 0 1.0002 0 0.7807 -0.5843 0.7621 0.8447 1.7818 0.8889 -0.3447 0.5842 0.7356 4.4858 0.0118 0.0118 0.5029 0 0
41 477 144 0 0 0 0 0 1.0002 0 0.9404 -0.4523 0.5326 0.6264 2.5837 0.8021 -0.2858 0.5628 0.6941 4.0949 -0.3089 0.3089 0.6475 0 0
41 478 194 10 0 0 0 0 1.0001 0 0.9272 -0.0299 0.2976 0.3731 2.2734 0.8195 0.0022 0.521 0.6226 4.2464 0.0283 0.0283 0.4889 1 0
41 479 132 0 0 0 0 0 1.0005 0 0.9192 0.1853 0.3301 0.4627 2.2184 0.8421 -0.0428 0.4649 0.5637 4.1355 -0.3476 0.3476 0.6021 0 0
41 480 676 2611 0 0 2 7 1.0149 0 0.7521 -0.9449 0.9449 1.0722 2.9083 0.7231 -1.0325 1.096 1.2939 5.4096 0.2795 0.2795 0.4977 1 1
41 481 195 0 0 0 0 0 1.0002 0 0.9333 -0.1158 0.3376 0.3964 2.2376 0.8373 -0.0587 0.4208 0.5874 4.0843 -0.0182 0.0182 0.4742 0 0
41 482 143 1 0 0 0 0 1.0002 0 0.9714 -0.1664 0.2574 0.3246 2.028 0.8234 -0.1008 0.4923 0.6014 4.1849 -0.1593 0.1593 0.5841 1 0
41 483 965 745 0 0 0 0 1.0019 0 0.8731 -1.1993 1.1993 1.2884 3.1808 0.779 -1.127 1.1628 1.3237 4.3298 0.3236 0.3236 0.3875 1 0
41 484 145 0 0 0 0 0 1.0006 0 0.9425 -0.1213 0.3525 0.4459 2.0125 0.8693 -0.1594 0.4337 0.5658 4.184 -0.1897 0.1897 0.5974 0 0
41 485 154 1 0 0 0 0 1.0009 0 0.9194 -0.0828 0.3253 0.4439 1.9359 0.8661 -0.101 0.5205 0.6511 4.2385 -0.206 0.206 0.5979 1 0
41 486 144 0 0 0 0 0 1.0003 0 0.9208 0.0946 0.2468 0.3013 1.5726 0.7891 0.1011 0.5425 0.7038 4.1478 -0.1525 0.1525 0.5117 0 0
41 487 187 6 0 0 0 0 1.0002 0 0.9643 0.0128 0.4001 0.5138 2.5917 0.8701 0.1855 0.4869 0.6068 4.0626 -0.0822 0.0822 0.5734 1 0
41 488 228 45 0 0 0 0 1.0003 0 0.9097 -0.2908 0.4284 0.4873 2.4221 0.7627 -0.2395 0.559 0.7191 4.7417 0.0407 0.0407 0.5393 1 0
41 489 171 1 0 0 0 0 1.0004 0 0.9052 0.0842 0.4999 0.6068 2.43 0.8151 0.0825 0.4765 0.6301 4.0416 -0.0547 0.0547 0.5139 1 0
41 490 148 0 0 0 0 0 1.0002 0 0.8955 -0.4903 0.5182 0.6074 1.6569 0.7753 -0.4136 0.6065 0.742 4.1435 -0.2552 0.2552 0.5673 0 0
41 491 186 0 0 0 0 0 1.0004 0 0.9316 -0.1612 0.3049 0.4563 2.102 0.8257 -0.0914 0.5114 0.6824 4.2057 -0.0129 0.0129 0.4806 0 0
41 492 183 11 0 0 0 0 1.0003 0 0.9057 0.3504 0.374 0.5284 2.1918 0.7657 0.2954 0.6017 0.7534 4.2288 -0.0661 0.0661 0.5766 1 0
41 493 139 0 0 0 0 0 1.0002 0 0.8416 0.2818 0.413 0.4675 1.9187 0.8636 0.3537 0.5042 0.6729 4.1573 -0.1731 0.1731 0.5694 0 0
41 494 159 0 0 0 0 0 1.0003 0 0.9775 0.2622 0.3072 0.3861 2.5484 0.8325 8e-04 0.4559 0.6078 4.1664 -0.0244 0.0244 0.5198 0 0
41 495 145 0 0 0 0 0 1.0004 0 0.9204 0.0936 0.3076 0.4121 1.9021 0.8063 0.1449 0.4941 0.6364 3.9985 -0.1839 0.1839 0.5665 0 0
41 496 164 0 0 0 0 0 1.0007 0 0.9707 -0.1856 0.2682 0.3362 2.2084 0.7887 -0.1896 0.4854 0.6028 4.143 -0.2609 0.2609 0.6191 0 0
41 497 152 0 0 0 0 0 1.0002 0 0.9646 -0.3498 0.3791 0.4645 2.2551 0.798 -0.1408 0.6005 0.7538 4.0644 -0.1668 0.1668 0.5712 0 0
41 498 199 11 0 0 0 0 1.0002 0 0.8752 -0.0578 0.3699 0.5393 2.5576 0.8188 0.0131 0.4846 0.6497 4.6101 0.041 0.041 0.5031 1 0
41 499 195 30 0 0 0 0 1.0004 0 0.863 0.0065 0.3216 0.3634 2.349 0.7784 0.0999 0.4756 0.598 4.244 -0.1148 0.1148 0.6695 1 0
41 500 472 287 0 0 0 0 1.0003 0 0.8537 -0.3073 0.4475 0.5625 2.299 0.8772 -0.4775 0.6588 0.8394 5.0234 0.3084 0.3084 0.3234 1 0
